0 26
0 28
0 29
0 44
0 48
0 51
0 79
0 95
0 97
0 101
0 103
0 113
0 119
0 133
0 141
0 144
0 159
0 165
0 171
0 181
0 191
0 201
0 211
0 219
0 229
0 232
0 233
1 9
1 13
1 16
1 17
1 33
1 45
1 53
1 54
1 60
1 66
1 72
1 85
1 87
1 94
1 102
1 104
1 106
1 122
1 125
1 135
1 136
1 142
1 146
1 152
1 176
1 179
1 180
1 186
1 194
1 217
1 218
2 3
2 25
2 27
2 31
2 43
2 55
2 67
2 71
2 73
2 75
2 88
2 95
2 97
2 103
2 123
2 169
2 179
2 185
2 197
2 223
2 233
2 250
3 6
3 10
3 28
3 36
3 56
3 58
3 73
3 74
3 82
3 124
3 131
3 134
3 138
3 144
3 160
3 179
3 188
3 222
3 227
3 249
3 250
4 11
4 19
4 30
4 35
4 43
4 49
4 60
4 64
4 91
4 95
4 99
4 103
4 110
4 135
4 139
4 141
4 151
4 157
4 159
4 164
4 177
4 187
4 202
4 209
4 211
4 213
4 237
4 241
5 8
5 18
5 24
5 34
5 44
5 62
5 65
5 70
5 74
5 83
5 112
5 123
5 136
5 146
5 148
5 152
5 164
5 165
5 168
5 180
5 188
5 202
5 204
5 214
5 216
5 221
5 222
5 226
5 234
5 239
5 252
5 254
6 21
6 23
6 25
6 31
6 50
6 73
6 79
6 86
6 91
6 95
6 101
6 105
6 112
6 113
6 114
6 117
6 131
6 148
6 151
6 159
6 169
6 171
6 179
6 182
6 183
6 191
6 211
6 239
7 12
7 24
7 37
7 44
7 54
7 56
7 62
7 63
7 78
7 93
7 100
7 110
7 112
7 116
7 130
7 146
7 152
7 158
7 168
7 189
7 200
7 206
7 222
7 224
7 240
7 242
7 248
8 9
8 12
8 13
8 50
8 53
8 57
8 62
8 75
8 77
8 84
8 91
8 93
8 119
8 121
8 129
8 131
8 135
8 139
8 147
8 171
8 173
8 199
8 200
8 202
8 207
8 210
8 239
8 253
9 16
9 26
9 38
9 64
9 67
9 70
9 78
9 82
9 98
9 101
9 102
9 109
9 110
9 130
9 143
9 148
9 150
9 166
9 176
9 194
9 196
9 210
9 246
10 27
10 30
10 59
10 80
10 81
10 88
10 113
10 141
10 155
10 167
10 175
10 179
10 185
10 188
10 192
10 195
10 199
10 205
10 207
10 212
10 222
10 229
10 238
11 28
11 34
11 35
11 36
11 54
11 71
11 90
11 93
11 94
11 100
11 102
11 118
11 126
11 141
11 142
11 144
11 153
11 172
11 174
11 180
11 185
11 194
11 204
11 206
11 212
11 223
11 228
11 248
12 15
12 27
12 37
12 41
12 43
12 55
12 79
12 82
12 95
12 98
12 101
12 115
12 131
12 139
12 141
12 143
12 147
12 161
12 165
12 170
12 178
12 203
12 207
12 238
12 239
12 246
13 38
13 40
13 48
13 64
13 80
13 85
13 90
13 124
13 135
13 140
13 156
13 160
13 170
13 172
13 179
13 180
13 186
13 189
13 217
13 224
13 228
13 245
14 15
14 33
14 44
14 47
14 51
14 55
14 59
14 63
14 72
14 83
14 85
14 89
14 94
14 101
14 105
14 107
14 123
14 129
14 135
14 141
14 143
14 155
14 156
14 163
14 165
14 167
14 173
14 177
14 186
14 190
14 211
14 213
14 215
14 221
14 225
14 229
14 231
14 235
14 238
14 244
14 253
15 16
15 19
15 61
15 74
15 76
15 80
15 85
15 86
15 100
15 112
15 146
15 184
15 207
15 212
15 220
15 238
16 23
16 33
16 43
16 46
16 47
16 52
16 53
16 71
16 73
16 83
16 88
16 113
16 115
16 127
16 129
16 138
16 142
16 150
16 166
16 169
16 173
16 175
16 183
16 195
16 207
16 225
16 229
16 235
16 249
17 20
17 24
17 40
17 50
17 60
17 76
17 84
17 88
17 115
17 119
17 138
17 144
17 157
17 214
17 231
17 251
18 19
18 37
18 49
18 53
18 61
18 68
18 83
18 84
18 91
18 93
18 107
18 128
18 143
18 146
18 149
18 157
18 173
18 181
18 191
18 194
18 199
18 211
18 233
18 234
18 244
18 245
18 247
18 253
19 22
19 26
19 34
19 54
19 68
19 86
19 87
19 94
19 96
19 114
19 115
19 122
19 129
19 139
19 180
19 207
19 215
19 228
19 252
20 21
20 26
20 27
20 41
20 45
20 57
20 82
20 109
20 115
20 119
20 131
20 133
20 137
20 146
20 149
20 153
20 160
20 192
20 201
20 215
20 229
20 240
20 247
20 251
20 255
21 28
21 31
21 54
21 61
21 66
21 67
21 68
21 90
21 127
21 128
21 130
21 145
21 164
21 173
21 178
21 182
21 185
21 189
21 196
21 200
21 212
21 213
21 249
21 252
21 254
22 43
22 45
22 47
22 49
22 53
22 73
22 79
22 98
22 121
22 135
22 151
22 153
22 157
22 165
22 167
22 183
22 196
22 208
22 213
22 214
22 238
22 243
22 246
22 253
23 33
23 39
23 42
23 58
23 62
23 77
23 85
23 96
23 115
23 116
23 119
23 120
23 126
23 130
23 133
23 135
23 142
23 156
23 184
23 204
23 222
23 228
23 245
24 38
24 47
24 55
24 65
24 85
24 89
24 90
24 93
24 137
24 141
24 165
24 171
24 201
24 215
24 240
24 242
24 243
25 28
25 34
25 62
25 73
25 86
25 90
25 94
25 108
25 112
25 146
25 154
25 178
25 180
25 188
25 192
25 200
25 222
25 226
25 240
25 242
25 254
26 27
26 47
26 64
26 74
26 81
26 86
26 91
26 92
26 116
26 129
26 133
26 145
26 153
26 155
26 161
26 163
26 167
26 191
26 193
26 195
26 199
26 205
26 209
26 231
26 233
26 243
26 245
26 249
27 34
27 37
27 44
27 49
27 50
27 58
27 68
27 90
27 92
27 98
27 102
27 108
27 110
27 120
27 168
27 172
27 174
27 199
27 207
27 212
27 232
27 248
28 33
28 34
28 62
28 75
28 88
28 97
28 103
28 108
28 124
28 131
28 137
28 139
28 156
28 173
28 175
28 177
28 181
28 183
28 185
28 191
28 201
28 205
28 211
28 217
28 229
28 233
28 241
28 246
29 56
29 73
29 76
29 82
29 83
29 96
29 104
29 110
29 113
29 124
29 133
29 156
29 168
29 194
29 195
29 225
29 228
29 232
29 252
30 35
30 41
30 47
30 79
30 84
30 97
30 113
30 123
30 133
30 142
30 148
30 151
30 171
30 177
30 186
30 215
30 217
30 231
31 34
31 38
31 41
31 57
31 72
31 88
31 98
31 120
31 121
31 130
31 154
31 164
31 171
31 179
31 188
31 190
31 200
31 204
31 208
31 242
31 252
32 35
32 39
32 47
32 53
32 61
32 63
32 68
32 73
32 75
32 77
32 87
32 115
32 121
32 125
32 138
32 139
32 167
32 171
32 181
32 183
32 191
32 225
32 229
32 231
32 233
32 237
32 241
32 243
32 252
32 253
32 255
33 42
33 52
33 60
33 65
33 73
33 78
33 82
33 87
33 96
33 97
33 98
33 102
33 108
33 109
33 124
33 130
33 134
33 135
33 141
33 160
33 178
33 191
33 197
33 207
33 210
33 218
33 221
33 228
33 232
33 234
33 254
34 35
34 41
34 45
34 61
34 67
34 78
34 107
34 114
34 119
34 123
34 130
34 134
34 145
34 147
34 156
34 164
34 179
34 201
34 205
34 213
34 217
34 247
35 40
35 46
35 48
35 52
35 66
35 68
35 78
35 90
35 100
35 102
35 115
35 118
35 128
35 132
35 139
35 146
35 149
35 150
35 164
35 185
35 195
35 226
35 241
36 51
36 71
36 79
36 80
36 83
36 85
36 119
36 121
36 129
36 145
36 148
36 152
36 156
36 157
36 165
36 177
36 193
36 212
36 216
36 224
36 247
36 251
37 42
37 52
37 54
37 58
37 60
37 68
37 92
37 100
37 119
37 122
37 126
37 128
37 134
37 178
37 180
37 207
37 235
37 239
37 241
37 246
37 248
38 47
38 53
38 57
38 64
38 69
38 71
38 93
38 120
38 127
38 149
38 169
38 175
38 201
38 203
38 215
38 221
38 227
38 237
38 249
38 255
39 40
39 47
39 48
39 62
39 68
39 69
39 74
39 95
39 114
39 116
39 118
39 120
39 122
39 128
39 142
39 160
39 172
39 173
39 197
39 206
39 211
39 238
39 250
39 254
40 57
40 59
40 61
40 62
40 71
40 80
40 84
40 85
40 97
40 103
40 113
40 164
40 182
40 200
40 205
40 251
41 44
41 52
41 56
41 59
41 88
41 98
41 112
41 113
41 114
41 116
41 138
41 160
41 166
41 174
41 176
41 185
41 212
41 216
41 224
41 230
41 232
42 47
42 49
42 57
42 79
42 89
42 99
42 103
42 122
42 124
42 136
42 163
42 173
42 180
42 183
42 187
42 191
42 200
42 207
42 244
42 247
43 49
43 56
43 80
43 92
43 100
43 167
43 176
43 190
43 192
43 212
43 214
43 224
43 234
43 238
43 244
44 45
44 50
44 56
44 57
44 68
44 98
44 117
44 123
44 143
44 147
44 153
44 181
44 186
44 200
44 201
44 202
44 223
44 229
44 233
44 247
44 251
45 46
45 54
45 60
45 70
45 77
45 78
45 82
45 100
45 114
45 118
45 127
45 162
45 175
45 188
45 194
45 198
45 202
45 206
45 224
46 53
46 61
46 79
46 97
46 99
46 107
46 115
46 121
46 123
46 125
46 131
46 143
46 149
46 158
46 162
46 167
46 195
46 203
46 208
46 229
46 247
46 249
47 56
47 62
47 64
47 66
47 70
47 73
47 90
47 94
47 96
47 114
47 120
47 130
47 134
47 150
47 152
47 166
47 180
47 204
47 207
47 209
47 218
47 226
47 227
47 242
47 248
48 59
48 73
48 77
48 85
48 89
48 107
48 115
48 116
48 125
48 137
48 145
48 147
48 161
48 181
48 205
48 211
48 238
48 241
49 58
49 60
49 78
49 79
49 92
49 110
49 112
49 148
49 157
49 158
49 165
49 170
49 178
49 194
49 196
49 210
49 241
49 242
49 245
49 248
50 55
50 87
50 94
50 96
50 97
50 107
50 109
50 131
50 135
50 136
50 142
50 147
50 165
50 167
50 173
50 184
50 187
50 193
50 197
50 213
50 237
50 239
50 253
50 255
51 56
51 73
51 88
51 92
51 100
51 102
51 110
51 112
51 120
51 132
51 134
51 136
51 146
51 164
51 166
51 170
51 176
51 192
51 194
51 199
51 220
51 234
51 240
52 67
52 77
52 89
52 91
52 92
52 119
52 121
52 123
52 135
52 152
52 153
52 164
52 171
52 179
52 189
52 191
52 193
52 197
52 199
52 201
52 203
52 205
52 207
52 211
52 244
53 90
53 94
53 115
53 128
53 134
53 146
53 149
53 154
53 158
53 188
53 190
53 195
53 222
53 228
53 238
53 242
53 244
53 246
54 83
54 92
54 93
54 101
54 105
54 115
54 123
54 126
54 129
54 142
54 145
54 160
54 161
54 175
54 182
54 199
54 207
54 227
55 83
55 93
55 105
55 106
55 126
55 130
55 142
55 153
55 164
55 170
55 174
55 188
55 190
55 192
55 201
55 208
55 222
55 247
55 254
56 66
56 77
56 97
56 101
56 139
56 143
56 144
56 147
56 149
56 156
56 163
56 165
56 167
56 195
56 207
56 229
56 231
56 245
56 248
56 255
57 64
57 74
57 102
57 111
57 112
57 120
57 130
57 139
57 140
57 144
57 150
57 156
57 178
57 182
57 184
57 196
57 197
57 206
57 223
57 229
57 230
58 59
58 61
58 63
58 71
58 83
58 89
58 101
58 109
58 112
58 113
58 127
58 131
58 135
58 141
58 143
58 157
58 160
58 164
58 169
58 187
58 191
58 192
58 193
58 225
58 243
58 254
59 62
59 64
59 82
59 88
59 95
59 104
59 122
59 126
59 146
59 157
59 164
59 166
59 177
59 184
59 204
59 215
59 222
59 224
59 235
59 241
59 244
59 248
60 65
60 67
60 74
60 77
60 82
60 84
60 105
60 107
60 111
60 113
60 121
60 130
60 137
60 143
60 163
60 168
60 173
60 225
60 249
61 64
61 78
61 89
61 94
61 116
61 128
61 134
61 144
61 146
61 149
61 154
61 165
61 166
61 200
61 204
61 206
61 216
61 228
62 67
62 75
62 85
62 99
62 124
62 139
62 140
62 157
62 161
62 167
62 185
62 191
62 225
62 235
62 245
63 65
63 68
63 86
63 92
63 111
63 118
63 124
63 125
63 136
63 156
63 167
63 174
63 184
63 190
63 208
63 219
63 222
63 225
63 244
63 245
63 246
63 248
63 252
64 85
64 90
64 99
64 100
64 102
64 107
64 111
64 114
64 117
64 119
64 130
64 137
64 174
64 196
64 197
64 199
64 205
64 225
65 66
65 78
65 84
65 92
65 107
65 118
65 140
65 154
65 170
65 176
65 177
65 178
65 194
65 202
65 207
65 219
65 228
65 230
66 71
66 89
66 99
66 104
66 116
66 158
66 159
66 171
66 175
66 195
66 206
67 68
67 69
67 70
67 98
67 112
67 114
67 115
67 128
67 142
67 159
67 210
67 250
67 254
68 69
68 75
68 77
68 85
68 86
68 93
68 97
68 98
68 108
68 110
68 113
68 123
68 127
68 137
68 145
68 151
68 163
68 175
68 193
68 194
68 199
68 218
68 227
68 229
68 237
68 242
68 248
69 76
69 94
69 99
69 100
69 102
69 106
69 112
69 116
69 118
69 122
69 136
69 140
69 144
69 154
69 160
69 162
69 180
69 183
69 184
69 186
69 192
69 198
69 221
69 239
69 240
69 241
70 119
70 129
70 134
70 155
70 157
70 159
70 163
70 173
70 181
70 211
70 218
70 225
70 246
70 247
71 72
71 106
71 108
71 109
71 146
71 153
71 170
71 178
71 192
71 198
71 200
71 205
71 214
71 220
71 222
71 246
71 253
72 75
72 105
72 111
72 115
72 118
72 131
72 135
72 142
72 150
72 171
72 175
72 194
72 197
72 198
72 201
72 234
72 237
72 243
72 245
72 247
72 252
73 78
73 80
73 86
73 110
73 116
73 118
73 124
73 130
73 138
73 142
73 144
73 146
73 154
73 162
73 168
73 174
73 175
73 176
73 212
73 244
73 255
74 76
74 77
74 87
74 113
74 123
74 136
74 137
74 149
74 161
74 165
74 173
74 185
74 201
74 205
74 211
74 217
74 218
74 233
74 241
74 249
74 250
74 251
75 78
75 84
75 92
75 99
75 112
75 114
75 124
75 125
75 129
75 132
75 156
75 168
75 170
75 172
75 176
75 183
75 189
75 190
75 192
75 218
75 222
75 235
75 242
75 250
75 252
76 81
76 87
76 94
76 96
76 116
76 140
76 141
76 149
76 160
76 167
76 173
76 181
76 195
76 197
76 201
76 215
76 221
76 247
76 249
77 88
77 90
77 92
77 112
77 114
77 130
77 141
77 154
77 160
77 168
77 169
77 174
77 182
77 204
77 207
77 221
77 228
77 254
78 87
78 171
78 187
78 217
78 223
78 231
78 253
78 255
79 88
79 91
79 92
79 115
79 117
79 121
79 133
79 140
79 152
79 166
79 168
79 188
79 194
79 196
79 202
79 205
79 208
79 215
79 228
79 236
79 242
80 115
80 117
80 139
80 142
80 143
80 144
80 189
80 190
80 202
80 217
80 223
80 240
80 251
81 88
81 93
81 100
81 102
81 126
81 144
81 158
81 166
81 170
81 185
81 188
81 212
81 221
81 240
81 246
82 127
82 145
82 149
82 157
82 162
82 165
82 177
82 187
82 201
82 211
82 216
82 225
82 229
82 230
82 253
82 254
83 94
83 98
83 99
83 106
83 110
83 118
83 135
83 138
83 141
83 146
83 149
83 155
83 158
83 206
83 208
83 210
83 236
83 248
84 93
84 133
84 163
84 167
84 171
84 195
84 207
84 211
84 220
84 226
84 227
84 239
84 248
84 255
85 87
85 94
85 97
85 98
85 100
85 102
85 105
85 113
85 120
85 129
85 138
85 158
85 174
85 200
85 214
85 219
85 236
86 113
86 121
86 123
86 160
86 165
86 177
86 179
86 196
86 203
86 205
86 209
86 217
86 248
86 253
87 88
87 110
87 115
87 130
87 142
87 150
87 160
87 165
87 168
87 176
87 187
87 206
87 208
87 212
87 220
87 228
87 243
87 244
87 246
88 99
88 137
88 139
88 151
88 155
88 157
88 193
88 201
88 205
88 213
88 228
88 231
88 238
88 241
88 244
88 251
88 253
89 97
89 120
89 128
89 130
89 132
89 135
89 166
89 167
89 169
89 176
89 183
89 207
89 222
89 226
89 231
89 250
90 105
90 121
90 123
90 135
90 141
90 161
90 165
90 186
90 197
90 203
90 207
90 213
90 217
90 221
90 233
90 243
91 129
91 135
91 136
91 150
91 154
91 159
91 164
91 169
91 185
91 188
91 200
91 205
91 207
91 214
91 222
91 228
91 234
91 246
92 95
92 102
92 129
92 131
92 146
92 153
92 157
92 165
92 183
92 185
92 193
92 194
92 197
92 199
92 203
92 212
92 223
92 228
92 229
92 247
92 253
93 105
93 110
93 118
93 124
93 154
93 156
93 162
93 177
93 190
93 196
93 198
93 205
93 214
93 227
93 230
93 234
93 238
93 250
94 121
94 133
94 155
94 157
94 173
94 181
94 182
94 218
94 241
94 249
94 255
95 103
95 124
95 166
95 174
95 184
95 190
95 192
95 210
95 218
95 232
95 236
95 240
95 251
96 97
96 109
96 119
96 127
96 136
96 143
96 157
96 164
96 167
96 174
96 177
96 179
96 181
96 213
96 224
96 237
96 240
96 253
97 100
97 114
97 126
97 134
97 136
97 144
97 153
97 166
97 175
97 180
97 186
97 191
97 192
97 205
97 215
97 230
97 232
97 244
97 246
97 253
98 108
98 112
98 117
98 140
98 147
98 171
98 187
98 199
98 205
98 209
98 211
98 215
98 217
98 230
98 233
98 235
98 255
99 100
99 114
99 144
99 146
99 156
99 164
99 166
99 170
99 177
99 184
99 210
99 232
99 242
100 103
100 112
100 113
100 129
100 133
100 146
100 149
100 155
100 181
100 183
100 195
100 198
100 207
100 209
100 211
100 217
100 221
100 223
100 227
100 228
100 231
100 237
100 245
100 247
101 104
101 118
101 152
101 158
101 179
101 186
101 188
101 198
101 216
101 225
101 228
101 248
102 105
102 122
102 127
102 147
102 163
102 179
102 182
102 185
102 191
102 205
102 225
102 231
102 235
102 239
102 244
102 248
103 112
103 128
103 166
103 168
103 198
103 200
103 203
103 204
103 208
103 225
103 237
104 105
104 111
104 131
104 153
104 161
104 170
104 174
104 187
104 191
104 207
104 217
104 227
104 231
104 247
104 254
104 255
105 106
105 118
105 124
105 131
105 132
105 140
105 161
105 164
105 169
105 181
105 189
105 197
105 225
105 228
105 234
105 236
105 252
106 140
106 149
106 181
106 185
106 205
106 217
106 229
106 233
106 235
106 237
106 242
106 245
107 110
107 114
107 127
107 128
107 144
107 149
107 150
107 160
107 163
107 170
107 184
107 188
107 192
107 199
107 201
107 202
107 206
107 226
107 238
107 241
107 248
108 111
108 113
108 119
108 127
108 129
108 163
108 183
108 187
108 191
108 199
108 203
108 213
108 216
108 225
108 229
108 239
108 245
108 247
108 249
109 115
109 126
109 150
109 164
109 166
109 168
109 175
109 176
109 188
109 189
109 192
109 206
109 222
109 242
109 249
109 253
110 111
110 116
110 117
110 120
110 121
110 151
110 156
110 177
110 185
110 207
110 229
111 112
111 121
111 141
111 154
111 157
111 172
111 192
111 210
111 214
111 222
111 235
111 238
111 244
111 246
112 115
112 135
112 137
112 155
112 157
112 159
112 161
112 182
112 189
112 199
112 218
112 231
112 233
112 239
112 245
112 253
113 124
113 142
113 154
113 160
113 164
113 174
113 191
113 196
113 212
113 216
113 218
113 224
114 143
114 153
114 159
114 161
114 177
114 178
114 181
114 186
114 199
114 213
114 220
114 230
114 232
114 248
114 254
115 118
115 121
115 122
115 141
115 152
115 156
115 182
115 193
115 206
115 243
115 250
116 121
116 122
116 133
116 137
116 142
116 145
116 148
116 152
116 155
116 178
116 185
116 187
116 200
116 209
116 233
116 245
116 246
117 131
117 140
117 160
117 176
117 184
117 188
117 197
117 200
117 218
117 226
117 235
117 243
117 254
118 128
118 131
118 153
118 154
118 155
118 159
118 166
118 171
118 179
118 201
118 203
118 206
118 209
118 214
118 215
118 239
118 249
119 124
119 125
119 130
119 142
119 149
119 150
119 156
119 163
119 200
119 203
119 212
119 214
119 221
120 125
120 141
120 157
120 161
120 165
120 167
120 171
120 177
120 185
120 197
120 203
120 205
120 211
120 225
120 228
120 231
120 237
121 122
121 146
121 154
121 158
121 160
121 178
121 183
121 186
121 188
121 194
121 199
121 200
121 202
121 214
121 219
121 246
122 137
122 192
122 195
122 211
122 239
122 249
122 253
123 140
123 142
123 146
123 147
123 151
123 156
123 200
123 212
123 215
123 218
123 224
123 242
123 252
123 254
124 133
124 156
124 171
124 173
124 183
124 193
124 201
124 217
124 219
124 225
124 230
124 243
124 249
125 128
125 129
125 138
125 158
125 162
125 203
125 212
125 220
125 240
125 252
126 137
126 141
126 143
126 163
126 165
126 172
126 177
126 193
126 211
126 226
126 235
126 241
127 134
127 151
127 152
127 170
127 173
127 177
127 199
127 210
127 228
127 243
128 150
128 153
128 157
128 163
128 177
128 182
128 183
128 191
128 195
128 197
128 204
128 210
128 226
128 251
129 130
129 131
129 139
129 158
129 160
129 166
129 174
129 177
129 220
129 222
129 228
129 234
129 240
129 242
130 133
130 135
130 161
130 172
130 195
130 205
130 211
130 225
130 227
131 135
131 136
131 139
131 140
131 145
131 146
131 152
131 153
131 160
131 164
131 165
131 174
131 176
131 177
131 192
131 212
131 213
131 217
131 239
131 253
132 139
132 141
132 151
132 187
132 197
132 205
132 215
132 225
132 229
133 158
133 160
133 182
133 185
133 186
133 188
133 200
133 206
133 220
133 230
133 237
134 139
134 140
134 149
134 157
134 179
134 185
134 186
134 219
134 221
134 237
134 241
134 255
135 140
135 157
135 158
135 198
135 202
135 204
135 210
135 216
135 219
135 222
135 227
135 233
135 238
135 244
136 142
136 159
136 167
136 178
136 193
136 203
136 221
136 223
136 229
136 248
136 249
136 250
137 149
137 160
137 173
137 226
137 230
137 233
137 237
137 246
138 145
138 151
138 171
138 186
138 226
138 227
138 236
138 242
138 249
138 253
139 140
139 150
139 157
139 170
139 174
139 175
139 203
139 236
139 239
139 245
139 250
140 152
140 187
140 188
140 189
140 204
140 210
140 213
140 223
140 248
141 142
141 174
141 178
141 199
141 208
141 222
141 230
141 232
141 242
141 243
141 249
141 250
142 145
142 157
142 158
142 161
142 166
142 185
142 193
142 201
142 202
142 209
142 220
142 236
142 246
143 151
143 180
143 204
143 208
143 214
143 224
143 236
143 238
143 246
143 251
143 254
144 149
144 163
144 191
144 203
144 206
144 207
144 213
144 215
144 219
144 227
144 229
144 233
144 236
144 239
144 243
145 147
145 153
145 164
145 165
145 188
145 192
145 196
145 200
145 214
145 226
145 229
145 231
145 240
146 153
146 167
146 176
146 199
146 209
146 217
146 223
146 224
146 238
146 251
147 164
147 180
147 184
147 189
147 199
147 204
147 236
147 252
147 255
148 151
148 155
148 173
148 177
148 191
148 193
148 195
148 201
148 209
148 223
148 249
148 254
149 155
149 161
149 170
149 193
149 196
149 207
149 223
149 234
149 252
150 168
150 179
150 209
150 217
150 247
151 155
151 157
151 158
151 161
151 176
151 190
151 196
151 200
151 210
151 227
151 228
151 238
151 246
151 248
152 171
152 180
152 195
152 199
152 218
152 223
153 170
153 182
153 206
153 216
153 225
154 155
154 157
154 173
154 185
154 187
154 195
154 211
154 215
154 243
154 248
155 164
155 172
155 174
155 183
155 184
155 192
155 195
155 196
155 200
155 202
155 208
155 212
155 239
155 250
156 175
156 203
156 205
156 219
156 227
156 246
156 251
157 200
157 210
157 216
157 217
157 226
157 230
158 160
158 166
158 169
158 170
158 171
158 183
158 190
158 208
158 209
158 210
158 215
158 241
159 180
159 216
159 221
159 244
159 248
159 254
160 182
160 189
160 193
160 197
160 201
160 227
160 230
160 240
160 242
160 249
161 176
161 182
161 191
161 198
161 206
161 207
161 210
161 211
161 246
162 172
162 207
162 209
162 213
162 227
162 230
162 233
163 180
163 202
163 208
163 210
163 211
163 212
163 213
163 230
163 238
163 242
163 253
164 169
164 171
164 177
164 189
164 204
164 213
164 217
164 219
164 229
164 243
165 166
165 174
165 202
165 203
165 246
165 248
165 252
166 179
166 182
166 203
166 212
166 213
166 214
166 231
167 176
167 179
167 184
167 192
167 198
167 212
167 213
167 214
168 170
168 191
168 196
168 197
168 199
168 215
168 227
168 243
168 247
169 192
169 196
169 202
169 208
169 212
169 226
169 232
169 235
169 237
170 187
170 197
170 211
171 177
171 201
171 216
171 220
171 224
171 226
171 232
171 244
171 252
171 255
172 180
172 181
172 191
172 197
172 211
172 213
172 217
172 218
172 243
172 250
172 251
173 181
173 192
173 200
173 230
173 246
174 195
174 199
174 205
174 213
174 221
174 222
174 229
174 235
174 237
174 248
174 252
175 176
175 180
175 182
175 186
175 224
175 245
175 252
176 200
176 207
176 213
176 221
176 225
176 229
176 239
176 247
177 180
177 194
177 214
177 219
177 230
177 243
178 187
178 193
178 199
178 201
178 206
178 215
178 221
178 227
178 245
178 249
179 190
179 200
179 205
179 224
179 232
179 242
179 252
179 254
180 193
180 210
180 217
180 243
180 251
180 255
181 200
181 220
181 250
181 252
182 184
182 185
182 193
182 223
183 196
183 204
183 226
183 236
183 251
184 219
184 227
184 235
184 239
184 245
184 247
184 251
184 252
185 199
185 208
185 214
185 246
185 251
185 254
186 187
186 196
186 199
186 205
186 208
186 211
186 219
186 225
186 229
186 232
186 233
186 243
186 244
187 194
187 202
187 220
187 250
188 191
188 207
188 211
188 218
188 241
188 242
188 249
188 255
189 192
189 196
189 197
189 207
189 214
189 218
189 228
189 249
189 254
190 200
190 246
190 255
191 202
191 216
191 230
191 232
191 236
191 237
191 250
191 254
192 212
192 225
192 229
192 239
192 250
193 206
193 230
193 235
193 247
194 198
194 205
194 231
195 196
195 210
195 213
195 224
195 242
195 248
196 224
196 235
196 237
196 255
197 216
197 228
197 234
197 246
197 250
198 234
198 243
199 234
199 242
200 205
200 207
200 217
200 225
200 243
201 206
201 238
201 250
201 254
202 205
202 217
202 225
202 232
202 235
202 237
202 245
202 251
202 255
203 214
203 216
203 230
203 237
204 207
204 208
204 215
204 221
204 222
204 227
204 229
205 206
205 216
205 221
205 222
205 234
205 238
205 250
206 212
206 218
206 219
206 225
206 231
206 245
206 249
207 212
207 224
207 228
207 238
207 246
208 227
208 230
208 241
208 251
209 216
209 220
209 225
209 234
209 240
209 246
209 247
210 215
210 220
210 227
210 231
210 233
211 214
211 216
211 219
211 252
212 227
212 243
212 244
213 214
213 223
213 230
213 232
213 236
213 240
213 245
214 225
214 237
214 239
214 243
215 226
215 233
215 240
215 246
215 251
216 229
217 243
218 221
218 237
218 241
218 242
219 220
219 223
219 236
219 245
220 221
220 223
220 228
220 233
220 238
220 251
220 252
220 255
221 234
221 248
221 252
222 223
222 231
222 237
222 239
223 242
223 248
224 237
224 245
225 233
225 246
226 231
226 251
226 255
227 230
228 231
228 252
229 234
229 242
229 254
230 232
230 243
230 253
231 252
232 249
234 239
234 243
235 240
235 242
235 244
235 248
235 250
236 240
236 243
237 238
237 242
237 244
237 248
237 250
238 251
239 242
239 248
239 251
240 241
240 249
240 255
241 245
243 244
243 246
244 247
245 248
245 250
246 250
247 250
247 252
248 251
251 252
254 255
