0 9
0 13
0 25
0 26
0 39
0 47
0 77
0 81
0 105
0 107
0 134
0 137
0 141
0 155
0 160
0 171
0 179
0 201
0 209
0 213
0 215
0 219
0 225
0 239
0 249
1 3
1 10
1 13
1 16
1 19
1 22
1 24
1 34
1 38
1 41
1 52
1 54
1 66
1 74
1 75
1 78
1 87
1 92
1 98
1 106
1 145
1 162
1 169
1 192
1 213
1 221
1 236
2 6
2 35
2 41
2 61
2 73
2 79
2 87
2 90
2 94
2 111
2 115
2 128
2 141
2 143
2 149
2 151
2 159
2 171
2 174
2 193
2 201
2 231
2 244
2 248
3 14
3 22
3 26
3 34
3 40
3 58
3 69
3 80
3 102
3 115
3 117
3 132
3 137
3 142
3 148
3 180
3 182
3 210
3 214
3 216
3 218
4 9
4 13
4 31
4 69
4 97
4 112
4 117
4 120
4 127
4 149
4 153
4 174
4 181
4 183
4 221
5 11
5 25
5 30
5 36
5 40
5 68
5 70
5 85
5 116
5 119
5 128
5 140
5 154
5 158
5 163
5 182
5 184
5 192
5 196
5 212
5 214
5 219
5 236
5 238
5 240
6 11
6 13
6 37
6 44
6 57
6 77
6 78
6 79
6 87
6 95
6 99
6 109
6 119
6 127
6 145
6 159
6 168
6 175
6 177
6 178
6 187
6 195
6 214
6 218
6 222
6 225
6 231
6 236
6 237
6 242
6 249
7 12
7 22
7 26
7 30
7 52
7 78
7 80
7 86
7 90
7 92
7 96
7 101
7 108
7 110
7 112
7 116
7 136
7 142
7 151
7 164
7 200
7 211
7 217
7 220
7 241
7 242
7 244
7 246
8 10
8 23
8 27
8 33
8 41
8 47
8 80
8 90
8 105
8 107
8 109
8 127
8 137
8 139
8 155
8 159
8 161
8 163
8 197
8 217
8 221
8 229
8 240
8 245
8 255
9 18
9 41
9 50
9 54
9 80
9 86
9 92
9 96
9 118
9 144
9 150
9 151
9 162
9 170
9 182
9 184
9 200
9 206
9 208
9 211
9 214
9 222
9 244
9 250
9 254
10 20
10 37
10 39
10 43
10 45
10 51
10 58
10 60
10 63
10 71
10 74
10 84
10 93
10 99
10 111
10 131
10 152
10 163
10 185
10 193
10 195
10 198
10 201
10 203
10 213
10 215
10 221
10 234
10 236
10 247
11 18
11 19
11 20
11 22
11 29
11 36
11 38
11 40
11 72
11 78
11 88
11 92
11 96
11 98
11 100
11 108
11 128
11 140
11 166
11 172
11 188
11 194
11 227
11 238
12 15
12 19
12 33
12 37
12 41
12 53
12 65
12 68
12 75
12 79
12 95
12 121
12 125
12 127
12 139
12 141
12 176
12 190
12 200
12 205
12 210
12 211
12 213
12 215
12 221
12 222
12 237
12 239
13 14
13 17
13 20
13 26
13 31
13 50
13 52
13 56
13 98
13 110
13 122
13 125
13 128
13 130
13 137
13 140
13 146
13 160
13 172
13 180
13 184
13 198
13 200
13 214
13 224
13 229
13 230
13 240
13 246
14 73
14 77
14 89
14 103
14 109
14 115
14 121
14 130
14 135
14 141
14 149
14 153
14 162
14 185
14 195
14 203
14 215
14 217
14 247
14 255
15 30
15 43
15 51
15 53
15 54
15 68
15 74
15 80
15 96
15 131
15 143
15 144
15 150
15 156
15 161
15 186
15 194
15 196
15 225
15 245
15 250
16 31
16 32
16 47
16 49
16 57
16 60
16 64
16 75
16 81
16 98
16 99
16 115
16 121
16 135
16 136
16 137
16 143
16 157
16 166
16 173
16 189
16 195
16 200
16 204
16 225
16 227
16 231
16 233
16 235
16 237
16 241
16 245
17 22
17 50
17 56
17 64
17 76
17 94
17 100
17 111
17 125
17 128
17 148
17 158
17 181
17 186
17 194
17 200
17 210
17 213
17 214
17 226
17 232
18 25
18 27
18 33
18 37
18 38
18 52
18 56
18 57
18 73
18 81
18 85
18 87
18 98
18 100
18 118
18 119
18 129
18 133
18 138
18 140
18 145
18 157
18 165
18 180
18 182
18 191
18 207
18 209
18 251
19 48
19 58
19 60
19 64
19 75
19 98
19 102
19 112
19 126
19 136
19 148
19 162
19 166
19 173
19 178
19 186
19 189
19 190
19 202
19 206
19 228
19 236
19 244
19 246
20 33
20 47
20 49
20 59
20 89
20 93
20 98
20 101
20 109
20 134
20 139
20 159
20 173
20 179
20 200
20 219
20 223
20 253
21 32
21 40
21 44
21 48
21 52
21 54
21 56
21 73
21 79
21 84
21 113
21 118
21 126
21 130
21 148
21 150
21 156
21 157
21 159
21 168
21 172
21 176
21 184
21 200
21 203
21 227
21 230
21 245
21 252
22 37
22 52
22 74
22 79
22 81
22 105
22 116
22 139
22 144
22 161
22 172
22 175
22 182
22 201
22 218
22 223
22 235
22 250
22 251
22 255
23 28
23 36
23 42
23 48
23 70
23 72
23 80
23 82
23 114
23 122
23 136
23 148
23 160
23 174
23 182
23 192
23 200
23 214
23 215
23 218
23 230
23 236
23 242
24 43
24 69
24 89
24 99
24 106
24 109
24 111
24 127
24 147
24 153
24 156
24 159
24 173
24 183
24 199
24 205
24 210
24 214
24 222
24 229
24 230
24 235
24 249
25 36
25 38
25 48
25 50
25 54
25 66
25 85
25 106
25 107
25 126
25 128
25 135
25 143
25 150
25 154
25 158
25 163
25 166
25 170
25 171
25 178
25 191
25 204
25 206
25 229
25 232
25 254
26 32
26 52
26 53
26 63
26 73
26 75
26 89
26 106
26 114
26 157
26 161
26 163
26 207
26 211
26 244
26 247
26 253
27 32
27 33
27 34
27 36
27 65
27 97
27 98
27 100
27 117
27 119
27 120
27 130
27 134
27 158
27 164
27 178
27 190
27 194
27 196
27 213
27 228
27 230
27 236
27 240
27 248
28 45
28 49
28 76
28 97
28 111
28 123
28 128
28 135
28 144
28 149
28 163
28 167
28 175
28 201
28 219
28 223
28 228
28 231
28 239
28 241
28 249
29 37
29 50
29 59
29 71
29 78
29 83
29 104
29 110
29 111
29 124
29 127
29 132
29 138
29 163
29 175
29 185
29 187
29 198
29 200
29 216
29 219
29 220
29 222
29 224
29 234
29 247
30 31
30 43
30 47
30 75
30 93
30 95
30 101
30 105
30 113
30 115
30 118
30 125
30 138
30 157
30 171
30 177
30 192
30 207
30 214
30 216
30 220
30 239
30 251
30 252
30 255
31 58
31 60
31 68
31 74
31 86
31 90
31 104
31 108
31 109
31 112
31 124
31 126
31 133
31 160
31 181
31 188
31 198
31 202
31 220
31 226
31 232
31 236
31 244
31 250
32 41
32 53
32 61
32 63
32 65
32 67
32 70
32 73
32 89
32 106
32 107
32 117
32 124
32 125
32 141
32 143
32 155
32 165
32 172
32 177
32 184
32 207
32 219
32 235
32 239
32 245
32 251
33 38
33 78
33 80
33 86
33 102
33 112
33 117
33 118
33 123
33 126
33 133
33 134
33 141
33 142
33 156
33 162
33 166
33 168
33 170
33 174
33 188
33 190
33 191
33 194
33 216
33 218
33 232
33 238
33 242
33 250
34 50
34 67
34 72
34 75
34 81
34 83
34 91
34 99
34 108
34 131
34 153
34 155
34 163
34 167
34 173
34 179
34 181
34 183
34 201
34 208
34 217
34 253
35 42
35 47
35 58
35 81
35 96
35 100
35 110
35 111
35 114
35 131
35 168
35 206
35 212
35 214
35 228
35 242
35 245
36 45
36 49
36 55
36 68
36 96
36 99
36 133
36 161
36 181
36 183
36 186
36 191
36 197
36 201
36 205
36 219
36 223
36 229
36 235
36 247
37 40
37 55
37 72
37 73
37 76
37 92
37 93
37 94
37 100
37 108
37 118
37 124
37 127
37 150
37 172
37 176
37 180
37 183
37 184
37 202
37 210
37 222
37 223
37 225
37 231
37 241
38 45
38 49
38 55
38 58
38 64
38 77
38 81
38 99
38 101
38 107
38 111
38 139
38 147
38 148
38 151
38 156
38 157
38 172
38 179
38 185
38 193
38 197
38 199
38 203
38 219
38 241
38 255
39 74
39 76
39 82
39 114
39 126
39 131
39 133
39 143
39 148
39 154
39 168
39 185
39 192
39 198
39 203
39 208
39 210
39 217
39 224
39 226
39 232
39 235
39 238
40 41
40 59
40 60
40 64
40 75
40 77
40 79
40 85
40 87
40 92
40 95
40 99
40 117
40 133
40 145
40 157
40 161
40 165
40 170
40 174
40 191
40 194
40 220
40 225
40 253
40 255
41 52
41 57
41 58
41 60
41 63
41 66
41 67
41 79
41 80
41 138
41 142
41 147
41 152
41 158
41 168
41 184
41 186
41 212
41 216
41 234
41 242
42 59
42 61
42 69
42 75
42 79
42 91
42 97
42 103
42 106
42 111
42 121
42 123
42 129
42 133
42 149
42 150
42 154
42 159
42 165
42 177
42 189
42 192
42 197
42 199
42 203
42 207
42 216
42 217
42 231
42 233
42 235
43 48
43 50
43 55
43 57
43 62
43 79
43 94
43 104
43 112
43 116
43 125
43 126
43 130
43 138
43 146
43 156
43 178
43 182
43 186
43 210
43 250
44 47
44 63
44 67
44 73
44 81
44 94
44 106
44 125
44 149
44 153
44 165
44 193
44 197
44 223
44 228
44 233
44 243
44 251
45 46
45 51
45 80
45 85
45 90
45 98
45 102
45 113
45 120
45 126
45 174
45 180
45 188
45 190
45 191
45 192
45 194
45 196
45 206
45 210
45 215
45 252
46 67
46 73
46 115
46 117
46 127
46 130
46 138
46 151
46 159
46 169
46 181
46 189
46 191
46 193
46 202
46 219
46 225
46 226
46 227
46 235
46 245
47 48
47 55
47 57
47 65
47 66
47 72
47 74
47 80
47 82
47 88
47 97
47 108
47 130
47 136
47 146
47 148
47 150
47 152
47 154
47 190
47 202
47 208
47 210
47 213
47 225
47 238
47 242
47 251
48 52
48 59
48 79
48 101
48 111
48 133
48 147
48 149
48 157
48 159
48 171
48 177
48 185
48 191
48 195
48 205
48 206
48 212
48 224
48 231
48 233
48 247
49 56
49 90
49 93
49 96
49 99
49 108
49 122
49 123
49 125
49 179
49 185
49 192
49 215
49 219
49 235
49 236
49 253
50 53
50 68
50 81
50 89
50 103
50 109
50 115
50 120
50 138
50 169
50 173
50 182
50 205
50 216
50 219
50 233
50 251
51 66
51 68
51 105
51 108
51 119
51 121
51 124
51 134
51 136
51 142
51 144
51 156
51 164
51 166
51 169
51 172
51 174
51 187
51 191
51 195
51 224
51 231
51 232
51 233
51 237
51 240
51 244
52 53
52 55
52 59
52 62
52 66
52 87
52 103
52 107
52 110
52 114
52 128
52 134
52 143
52 149
52 151
52 155
52 172
52 192
52 229
52 233
52 234
52 241
53 78
53 89
53 96
53 123
53 134
53 137
53 141
53 142
53 148
53 154
53 156
53 164
53 176
53 182
53 184
53 192
53 202
53 218
53 244
53 254
54 66
54 75
54 83
54 101
54 105
54 107
54 115
54 125
54 127
54 128
54 133
54 135
54 146
54 167
54 178
54 188
54 189
54 207
54 213
54 220
54 222
55 60
55 69
55 82
55 116
55 126
55 130
55 144
55 148
55 158
55 174
55 180
55 206
55 208
55 218
55 222
55 224
55 227
55 234
55 237
55 249
55 252
56 57
56 58
56 59
56 61
56 80
56 85
56 88
56 115
56 117
56 119
56 121
56 125
56 169
56 195
56 203
56 204
56 209
56 213
56 246
57 64
57 74
57 76
57 87
57 98
57 130
57 136
57 152
57 160
57 164
57 170
57 180
57 183
57 186
57 192
57 203
57 207
57 212
57 221
57 245
58 73
58 83
58 89
58 105
58 110
58 127
58 129
58 133
58 139
58 157
58 163
58 189
58 215
58 230
58 237
58 247
59 92
59 110
59 128
59 139
59 140
59 192
59 206
59 210
59 230
59 232
59 247
59 248
60 75
60 77
60 79
60 81
60 92
60 113
60 133
60 138
60 151
60 171
60 184
60 189
60 193
60 199
60 204
60 211
60 213
60 239
60 240
60 243
60 251
60 255
61 90
61 100
61 106
61 112
61 120
61 128
61 138
61 153
61 164
61 167
61 174
61 180
61 185
61 196
61 230
61 234
61 242
61 250
62 90
62 112
62 115
62 117
62 136
62 151
62 169
62 172
62 197
62 205
62 209
62 215
62 229
62 231
62 251
63 74
63 87
63 91
63 92
63 98
63 117
63 125
63 128
63 130
63 172
63 174
63 184
63 212
63 218
63 233
63 237
63 238
64 80
64 91
64 102
64 103
64 109
64 117
64 120
64 130
64 132
64 139
64 143
64 147
64 155
64 167
64 175
64 189
64 192
64 209
64 217
64 223
64 243
64 244
64 255
65 67
65 76
65 94
65 120
65 130
65 138
65 140
65 156
65 160
65 162
65 206
65 210
65 214
65 218
65 220
65 224
65 227
65 230
65 250
66 67
66 95
66 97
66 116
66 128
66 156
66 161
66 164
66 199
66 205
66 211
66 215
66 235
66 251
66 255
67 74
67 85
67 92
67 96
67 100
67 105
67 116
67 134
67 146
67 160
67 162
67 172
67 185
67 192
67 198
67 232
67 242
67 244
67 247
68 103
68 105
68 110
68 117
68 128
68 160
68 161
68 167
68 189
68 199
68 202
68 215
68 216
68 223
68 227
68 249
68 251
69 88
69 116
69 119
69 120
69 130
69 150
69 152
69 158
69 179
69 192
69 200
69 231
69 252
69 254
70 81
70 89
70 98
70 107
70 108
70 112
70 113
70 121
70 136
70 139
70 141
70 159
70 160
70 187
70 189
70 211
70 241
70 243
70 255
71 92
71 109
71 129
71 133
71 154
71 171
71 172
71 190
71 207
71 210
71 213
71 222
71 229
71 234
71 254
72 75
72 93
72 98
72 131
72 137
72 143
72 153
72 156
72 171
72 180
72 184
72 189
72 195
72 211
72 217
72 224
72 228
72 233
72 241
72 243
72 251
72 253
73 82
73 86
73 90
73 96
73 98
73 106
73 108
73 122
73 124
73 128
73 136
73 150
73 158
73 160
73 170
73 198
73 215
73 222
73 234
73 236
73 238
73 243
73 249
74 75
74 79
74 81
74 84
74 115
74 127
74 149
74 153
74 167
74 177
74 195
74 205
74 214
74 225
74 230
74 241
74 247
74 249
74 254
75 83
75 102
75 108
75 122
75 131
75 134
75 176
75 180
75 182
75 202
75 214
75 220
75 234
75 244
75 245
76 81
76 87
76 91
76 93
76 107
76 128
76 135
76 139
76 143
76 144
76 154
76 163
76 170
76 179
76 181
76 191
76 196
76 198
76 201
76 211
76 245
76 251
77 89
77 94
77 100
77 104
77 112
77 114
77 126
77 148
77 156
77 161
77 166
77 168
77 169
77 187
77 192
77 194
77 196
77 198
77 212
77 220
77 230
77 244
77 254
78 87
78 99
78 101
78 127
78 130
78 131
78 143
78 145
78 157
78 163
78 167
78 187
78 199
78 200
78 207
78 216
78 221
78 229
78 244
78 253
78 255
79 83
79 88
79 90
79 114
79 116
79 118
79 120
79 138
79 158
79 163
79 192
79 210
79 212
79 220
79 226
79 240
79 241
79 244
79 254
80 83
80 91
80 92
80 103
80 115
80 134
80 145
80 151
80 159
80 160
80 161
80 163
80 167
80 179
80 180
80 195
80 207
80 223
80 232
80 253
80 255
81 92
81 93
81 125
81 126
81 156
81 166
81 173
81 186
81 214
81 220
81 230
81 248
81 250
82 92
82 99
82 115
82 127
82 139
82 153
82 161
82 175
82 177
82 179
82 187
82 189
82 199
82 205
82 215
82 217
82 224
82 230
82 233
82 239
82 245
82 249
83 98
83 115
83 119
83 122
83 134
83 138
83 155
83 162
83 176
83 190
83 213
83 220
83 222
83 225
83 234
84 103
84 104
84 169
84 175
84 177
84 182
84 183
84 197
84 199
84 211
84 218
84 221
84 227
84 233
85 88
85 94
85 101
85 104
85 108
85 113
85 118
85 127
85 162
85 164
85 189
85 191
85 194
85 206
85 208
85 214
85 218
85 224
85 228
85 243
85 244
85 248
86 90
86 99
86 102
86 111
86 129
86 131
86 135
86 143
86 154
86 165
86 167
86 171
86 187
86 189
86 191
86 196
86 198
86 207
86 212
86 213
86 221
86 223
86 225
86 229
86 243
86 251
87 94
87 107
87 116
87 118
87 138
87 150
87 164
87 167
87 190
87 192
87 200
87 203
87 220
87 224
87 241
87 250
87 255
88 104
88 116
88 123
88 125
88 132
88 147
88 161
88 172
88 179
88 188
88 199
88 205
88 213
88 215
88 218
88 219
88 224
88 234
88 243
89 108
89 118
89 122
89 146
89 152
89 166
89 173
89 178
89 185
89 196
89 207
89 216
89 222
89 234
89 238
89 243
89 244
90 91
90 92
90 121
90 139
90 151
90 157
90 169
90 173
90 187
90 202
90 204
90 209
90 213
90 222
90 233
90 245
90 248
90 254
91 92
91 94
91 99
91 102
91 103
91 109
91 137
91 142
91 143
91 162
91 172
91 196
91 220
91 233
91 238
91 250
92 93
92 101
92 108
92 113
92 123
92 131
92 134
92 145
92 154
92 169
92 181
92 189
92 191
92 223
92 231
93 98
93 116
93 125
93 126
93 132
93 145
93 186
93 204
93 221
93 228
93 232
93 244
94 100
94 128
94 145
94 149
94 155
94 165
94 167
94 179
94 184
94 185
94 189
94 199
94 212
94 219
94 229
94 231
94 241
95 98
95 106
95 108
95 123
95 130
95 138
95 144
95 150
95 156
95 162
95 166
95 172
95 174
95 180
95 198
95 200
95 228
96 109
96 116
96 119
96 125
96 129
96 131
96 139
96 147
96 151
96 170
96 181
96 185
96 203
96 211
96 234
96 247
97 99
97 104
97 108
97 109
97 148
97 153
97 164
97 188
97 190
97 202
97 228
97 246
97 248
97 252
98 101
98 137
98 142
98 159
98 173
98 216
98 219
98 225
98 234
98 251
98 252
99 104
99 113
99 122
99 128
99 140
99 158
99 160
99 170
99 172
99 174
99 195
99 214
99 218
99 232
100 130
100 155
100 158
100 161
100 171
100 179
100 199
100 201
100 203
100 226
100 242
101 135
101 152
101 163
101 164
101 171
101 178
101 185
101 190
101 192
101 214
101 229
101 230
101 240
101 246
101 254
102 107
102 109
102 115
102 153
102 159
102 163
102 169
102 171
102 177
102 183
102 187
102 194
102 248
102 251
103 109
103 120
103 125
103 129
103 144
103 151
103 154
103 157
103 161
103 178
103 186
103 210
103 226
103 244
103 248
104 107
104 111
104 114
104 119
104 125
104 133
104 134
104 139
104 143
104 154
104 169
104 171
104 174
104 194
104 201
104 204
104 207
104 217
104 240
105 112
105 122
105 130
105 132
105 134
105 136
105 142
105 144
105 156
105 161
105 163
105 172
105 177
105 186
105 190
105 198
105 200
105 206
105 226
105 232
105 233
105 236
105 242
106 151
106 159
106 173
106 181
106 187
106 201
106 215
106 229
106 231
106 235
106 241
106 255
107 120
107 136
107 162
107 170
107 180
107 184
107 186
107 188
107 230
107 250
108 129
108 143
108 144
108 151
108 159
108 179
108 183
108 187
108 193
108 220
108 223
109 115
109 117
109 120
109 126
109 170
109 194
109 199
109 202
109 219
109 222
109 226
109 240
109 244
109 250
109 254
110 111
110 114
110 116
110 121
110 131
110 135
110 147
110 155
110 157
110 160
110 168
110 169
110 174
110 177
110 185
110 191
110 193
110 199
110 211
110 217
110 225
110 238
110 246
110 251
111 126
111 132
111 138
111 146
111 148
111 154
111 161
111 166
111 170
111 177
111 186
111 189
111 196
111 201
111 210
111 214
111 234
111 235
111 242
111 248
111 251
111 253
112 146
112 151
112 167
112 179
112 181
112 185
112 195
112 215
112 245
112 250
112 251
112 255
113 114
113 132
113 139
113 142
113 154
113 155
113 156
113 158
113 173
113 184
113 186
113 190
113 202
113 208
113 211
113 214
113 218
113 223
113 234
113 238
113 248
113 254
114 116
114 119
114 123
114 129
114 131
114 152
114 159
114 165
114 166
114 170
114 188
114 195
114 196
114 198
114 199
114 207
114 227
114 243
114 247
114 251
115 118
115 130
115 142
115 182
115 194
115 204
115 211
115 225
115 252
116 117
116 121
116 131
116 135
116 137
116 155
116 181
116 199
116 206
116 208
116 215
116 223
116 225
116 233
116 234
116 237
116 238
116 244
117 121
117 128
117 150
117 158
117 164
117 172
117 184
117 196
117 206
117 232
117 241
117 251
118 121
118 122
118 127
118 129
118 144
118 149
118 157
118 164
118 171
118 179
118 183
118 197
118 211
118 219
118 229
118 236
118 253
119 124
119 131
119 140
119 162
119 166
119 180
119 188
119 189
119 200
119 254
120 155
120 158
120 161
120 173
120 185
120 200
120 221
120 227
120 234
120 243
120 245
120 247
121 128
121 148
121 155
121 162
121 180
121 186
121 190
121 192
121 205
121 214
121 219
121 220
122 123
122 125
122 137
122 139
122 149
122 151
122 153
122 154
122 170
122 172
122 181
122 182
122 193
122 205
122 217
122 233
122 242
122 246
123 130
123 133
123 134
123 142
123 144
123 153
123 156
123 164
123 177
123 178
123 184
123 201
123 204
123 216
123 223
123 224
123 236
123 238
123 248
124 143
124 151
124 153
124 156
124 167
124 169
124 171
124 173
124 189
124 198
124 205
124 207
124 255
125 130
125 136
125 144
125 163
125 173
125 176
125 178
125 190
125 198
125 200
125 226
125 234
125 248
125 250
126 129
126 131
126 140
126 146
126 153
126 157
126 163
126 177
126 205
126 209
126 211
126 221
126 226
126 239
126 242
126 249
127 130
127 138
127 147
127 168
127 170
127 173
127 176
127 184
127 214
127 220
127 224
127 232
127 234
127 240
127 246
127 252
128 141
128 149
128 167
128 172
128 191
128 203
128 207
128 218
128 227
128 235
128 245
129 130
129 148
129 156
129 158
129 162
129 182
129 188
129 204
129 214
129 218
129 230
129 242
129 247
130 131
130 142
130 145
130 151
130 163
130 165
130 167
130 189
130 207
130 208
130 211
130 215
130 217
130 219
130 221
130 237
130 251
131 135
131 159
131 166
131 178
131 198
131 201
131 224
132 138
132 143
132 146
132 165
132 175
132 178
132 179
132 199
132 211
132 224
132 243
132 248
132 252
132 254
133 143
133 146
133 154
133 168
133 174
133 175
133 200
133 206
133 227
133 228
133 239
133 245
134 135
134 141
134 142
134 153
134 170
134 178
134 181
134 185
134 197
134 207
134 220
134 233
134 235
135 143
135 170
135 177
135 180
135 181
135 224
135 229
135 230
135 236
135 251
136 147
136 156
136 159
136 163
136 181
136 195
136 201
136 203
136 207
136 209
136 217
136 227
136 230
136 233
136 235
136 248
137 147
137 199
137 206
137 207
137 212
137 214
137 231
137 233
137 241
137 252
137 254
138 166
138 182
138 187
138 205
138 218
138 220
138 221
139 142
139 144
139 146
139 154
139 155
139 156
139 158
139 172
139 180
139 182
139 188
139 190
139 192
139 202
139 222
139 226
139 234
139 246
140 152
140 174
140 177
140 182
140 183
140 185
140 195
140 211
140 218
140 223
140 232
140 245
141 150
141 152
141 164
141 176
141 194
141 208
141 220
141 222
141 240
141 248
142 146
142 151
142 162
142 167
142 197
142 221
142 233
142 237
143 144
143 148
143 156
143 166
143 178
143 189
143 192
143 194
143 222
143 228
143 229
143 232
143 240
143 243
144 171
144 179
144 206
144 217
144 225
144 243
144 246
145 151
145 154
145 180
145 181
145 205
145 240
145 244
146 169
146 176
146 179
146 184
146 186
146 189
146 191
146 192
146 200
146 210
146 217
146 225
146 229
146 245
146 253
147 170
147 186
147 198
147 202
147 206
147 219
147 229
147 234
147 237
147 244
148 149
148 155
148 156
148 157
148 171
148 179
148 181
148 193
148 201
148 245
148 247
149 152
149 154
149 155
149 166
149 178
149 186
149 187
149 190
149 208
149 222
149 223
149 225
149 226
149 228
149 236
149 242
149 255
150 155
150 160
150 161
150 163
150 175
150 190
150 191
150 196
150 200
150 211
150 215
150 243
150 245
150 249
151 156
151 160
151 170
151 174
151 180
151 184
151 190
151 193
151 216
151 225
151 226
151 237
151 253
152 156
152 177
152 187
152 195
152 203
152 217
152 226
152 240
152 245
152 255
153 157
153 167
153 172
153 178
153 179
153 192
153 202
153 203
153 208
153 210
153 221
153 229
153 252
153 254
154 157
154 166
154 169
154 173
154 191
154 193
154 221
154 225
154 231
154 236
154 239
154 247
154 249
154 253
155 204
155 228
155 236
155 240
155 244
155 250
155 251
156 171
156 181
156 183
156 185
156 186
156 189
156 207
156 209
156 211
156 217
156 219
156 221
156 235
156 240
156 244
156 253
157 164
157 193
157 194
157 198
157 209
157 214
157 216
157 227
157 230
157 237
157 243
158 169
158 181
158 186
158 193
158 217
158 247
158 249
159 164
159 184
159 190
159 193
159 229
159 230
159 243
160 167
160 176
160 201
160 202
160 213
160 227
160 241
160 243
160 248
161 171
161 176
161 194
161 202
161 211
161 216
161 219
161 224
161 228
161 233
161 236
161 240
161 252
161 254
162 173
162 181
162 183
162 189
162 191
162 193
162 206
162 213
162 224
162 243
162 246
162 251
162 255
163 172
163 190
163 213
163 250
163 251
163 253
164 165
164 171
164 191
164 200
164 203
164 209
164 219
164 221
164 232
164 235
165 171
165 175
165 196
165 210
165 223
165 235
165 238
165 240
165 243
165 252
166 172
166 189
166 193
166 195
166 203
166 209
166 223
166 249
167 177
167 178
167 202
167 204
167 210
167 216
167 218
167 232
167 233
168 205
168 221
168 233
169 197
169 198
169 210
169 218
169 220
169 224
169 226
169 230
169 232
170 177
170 182
170 203
170 206
170 232
170 241
170 245
170 252
171 178
171 188
171 194
171 198
171 200
171 207
171 210
171 217
171 219
171 220
171 224
171 235
171 242
171 243
171 247
172 173
172 179
172 196
172 197
172 198
172 215
172 216
172 253
173 188
173 205
173 206
173 218
173 228
173 232
173 246
173 254
174 179
174 187
174 197
174 199
174 207
174 218
174 225
174 230
174 231
174 247
175 180
175 184
175 189
175 190
175 193
175 194
175 197
175 200
175 205
175 208
175 224
175 230
175 238
175 248
175 252
176 185
176 193
176 212
176 227
176 229
177 196
177 212
177 231
177 238
177 245
178 179
178 193
178 251
179 199
179 208
179 213
179 214
179 222
179 242
179 248
179 254
180 187
180 205
180 219
180 221
180 243
180 244
180 247
180 248
181 188
181 198
181 203
181 221
181 224
181 238
181 240
182 183
182 197
182 199
182 203
182 206
182 215
182 229
182 235
182 249
183 184
183 202
183 238
183 246
183 250
184 189
184 193
184 207
184 210
184 219
184 233
184 237
184 243
184 251
185 188
185 202
185 220
185 232
185 242
185 250
186 195
186 209
186 215
186 220
186 227
186 233
186 255
187 192
187 217
187 218
187 220
187 224
187 229
187 238
187 251
188 191
188 207
188 225
188 233
188 236
188 243
189 198
189 207
189 212
189 228
189 254
190 215
190 221
190 225
190 228
190 229
190 231
190 235
190 239
190 241
191 195
191 204
191 210
191 234
191 239
192 199
192 213
192 217
192 224
192 229
192 251
193 204
193 226
193 230
193 235
193 236
193 239
193 240
194 195
194 197
194 201
194 208
194 217
194 235
194 236
194 242
195 208
195 235
195 251
196 197
196 207
196 221
196 223
196 248
196 250
196 251
197 200
197 213
197 228
197 232
197 250
197 254
198 201
198 206
198 222
198 231
198 235
198 237
198 246
198 255
199 212
199 218
199 226
199 234
199 244
199 250
200 225
200 229
200 231
200 232
200 236
200 251
201 228
201 234
201 236
202 215
202 220
202 224
202 226
203 204
203 210
203 214
203 224
203 240
203 247
204 207
204 210
204 229
205 206
205 215
205 232
205 234
205 236
205 244
205 250
205 252
205 253
206 237
206 251
207 216
207 220
207 242
208 215
208 219
208 225
208 249
208 253
209 224
209 225
209 228
209 230
209 235
209 236
209 238
209 252
209 255
210 212
210 215
210 217
210 218
210 229
210 241
210 247
210 251
211 216
211 245
212 225
212 239
212 247
212 251
212 255
213 234
213 242
214 219
214 225
214 235
215 225
215 226
215 228
215 242
215 246
215 252
216 220
216 227
216 237
216 251
216 253
217 218
217 222
217 232
217 234
217 238
217 246
218 221
218 226
218 237
218 254
219 230
219 234
219 242
219 249
220 227
220 232
220 249
221 228
221 238
221 251
221 252
222 223
222 226
222 235
222 241
222 243
222 249
223 225
223 226
223 238
224 242
224 243
225 250
225 254
226 239
226 248
227 250
228 241
228 242
228 251
229 254
230 239
230 253
230 254
230 255
231 234
231 248
232 251
233 244
233 248
233 254
234 246
235 238
235 242
235 248
235 251
235 252
236 237
236 246
236 253
237 241
237 252
238 255
239 244
239 252
240 247
240 251
241 249
242 243
243 247
243 252
246 251
247 248
247 252
248 251
249 252
250 255
251 255
