0 1
0 11
0 29
0 31
0 39
0 43
1 12
1 16
1 22
1 28
1 30
1 40
1 46
2 3
2 8
2 10
2 15
2 45
2 47
2 49
2 60
3 6
3 18
3 19
3 20
3 22
3 28
3 33
3 44
3 60
4 12
4 31
4 41
4 43
4 62
5 42
5 62
6 26
6 36
7 18
7 26
7 37
7 56
7 58
7 60
8 11
8 55
8 56
9 21
9 22
9 37
9 56
9 58
10 17
10 34
10 38
10 39
10 47
10 51
10 55
11 28
11 32
11 40
12 13
12 15
12 28
12 38
12 39
12 59
12 61
13 50
13 55
14 19
14 32
14 34
14 35
14 48
14 61
15 25
15 28
15 32
15 36
15 39
16 28
16 35
16 37
16 63
17 34
18 39
18 61
19 22
19 23
19 28
19 30
19 31
19 36
19 38
19 46
19 63
20 23
20 25
20 33
20 39
20 43
20 53
21 35
21 36
21 41
22 51
22 54
22 57
22 60
22 63
23 30
23 34
23 35
23 38
23 40
23 48
23 51
23 56
24 33
24 37
24 44
24 46
24 49
24 55
24 63
25 56
26 58
26 61
27 40
27 43
27 46
27 53
28 46
28 49
28 53
28 60
28 61
29 32
29 38
29 42
30 31
30 39
30 45
30 55
31 62
32 37
32 61
32 63
33 46
33 59
33 60
34 49
34 55
34 57
34 60
34 61
34 62
34 63
35 38
35 54
36 45
36 51
36 61
36 63
39 59
40 59
40 62
41 52
42 45
43 53
43 56
44 53
44 55
44 57
45 46
45 52
45 58
46 49
47 49
47 52
48 49
48 55
48 59
49 50
49 56
51 58
51 63
53 54
54 58
55 61
55 62
56 61
62 63
