0 25
0 35
0 38
0 43
0 45
0 52
0 63
1 14
1 22
1 26
1 30
1 54
1 58
1 60
2 14
2 35
2 47
2 53
2 62
2 63
3 4
3 10
3 11
3 27
3 30
3 40
3 44
4 25
4 29
4 37
4 57
5 12
5 15
5 20
5 22
5 32
5 38
5 44
5 56
6 21
6 39
6 44
6 51
6 56
6 59
7 14
7 24
7 34
7 36
7 46
7 54
8 23
8 34
8 40
8 46
9 31
9 38
9 40
9 54
9 60
9 62
10 13
10 17
10 27
10 35
10 39
10 53
11 16
11 18
11 28
11 42
11 56
12 16
12 21
12 59
13 22
13 30
13 36
13 38
13 52
14 15
14 19
14 24
14 53
14 55
14 58
15 22
15 24
15 30
15 36
15 40
15 42
15 57
16 33
16 48
17 28
17 40
17 63
18 33
18 55
19 20
19 26
19 30
19 42
19 43
19 47
19 58
20 21
20 44
20 57
20 61
21 28
21 54
21 56
21 57
21 63
22 25
22 34
22 41
22 43
22 46
22 63
23 30
23 41
23 50
24 25
24 27
24 28
24 29
25 36
25 37
25 42
25 47
25 58
26 55
26 57
26 62
27 32
27 36
27 46
27 52
27 62
28 45
28 49
28 57
29 32
29 34
29 44
29 62
30 63
31 38
31 42
31 52
31 58
32 41
32 43
32 45
33 41
33 58
34 36
34 47
34 49
34 63
35 36
35 39
36 39
36 45
36 51
36 55
36 57
36 63
37 50
37 51
37 62
38 44
39 48
39 52
39 59
41 44
42 44
42 46
42 54
42 59
42 62
43 44
43 48
43 60
43 62
44 45
44 47
45 63
47 49
47 54
47 56
48 49
48 51
49 54
50 57
50 59
51 52
51 53
51 55
52 55
52 61
53 60
56 59
60 61
60 63
