0 22
0 23
0 27
0 31
0 39
0 45
0 49
0 50
0 61
1 4
1 14
1 20
1 22
1 28
1 34
1 56
1 58
1 60
2 6
2 27
2 39
2 41
2 51
2 56
2 59
2 61
3 26
3 47
3 58
3 60
3 61
4 9
4 15
4 19
4 53
4 57
5 8
5 12
5 21
5 34
5 38
5 46
6 17
6 33
6 45
6 49
6 55
6 57
6 61
6 63
7 8
7 13
7 16
7 26
7 28
7 32
7 34
7 46
8 11
8 12
8 15
8 16
8 20
8 25
9 10
9 18
9 24
9 30
9 42
9 52
10 18
10 21
10 29
10 39
10 41
10 43
10 44
10 57
11 17
11 24
11 35
11 36
11 40
11 48
12 15
12 19
12 33
12 37
12 51
12 57
13 26
13 32
13 39
13 42
13 48
13 56
13 57
13 60
14 29
14 33
14 37
14 51
14 57
14 59
14 60
15 32
15 40
15 42
15 48
15 49
15 60
16 35
16 43
16 50
16 55
16 57
17 28
17 34
17 38
17 39
17 42
17 44
18 23
18 38
18 43
18 45
18 57
18 59
19 50
19 54
20 37
20 38
20 41
20 42
20 53
20 56
21 24
21 51
21 56
21 58
22 54
23 32
23 44
24 33
24 37
24 45
24 49
24 55
24 57
25 43
25 50
25 62
26 27
26 36
26 39
26 50
27 30
27 31
27 38
27 44
27 54
27 62
28 31
28 47
28 61
29 30
29 42
29 54
29 56
30 43
31 33
31 34
31 40
32 40
32 42
33 38
33 47
33 52
33 56
34 39
34 49
34 57
34 63
35 39
36 49
36 53
36 57
36 61
37 39
37 44
37 52
37 61
37 62
38 45
38 47
38 49
38 51
38 57
39 58
40 45
40 47
41 42
41 47
41 60
43 45
43 58
44 48
44 62
47 58
47 60
47 62
48 61
50 58
51 52
51 56
51 58
52 53
53 54
55 56
60 62
