0 1
0 2
0 3
0 4
0 5
0 6
0 7
0 8
0 9
0 10
0 11
0 12
0 13
0 14
0 15
2 16
2 20
2 4
2 30
2 33
2 36
2 40
2 41
2 44
2 45
2 47
3 16
3 22
3 4
3 30
3 47
3 38
3 46
4 16
4 18
4 9
4 20
4 13
4 24
4 28
4 32
4 33
4 6
4 36
4 42
4 15
4 50
5 16
5 18
5 19
5 12
5 24
5 27
5 7
5 38
5 14
5 15
5 47
5 48
6 16
6 22
6 12
6 8
6 10
6 49
6 33
6 36
6 41
6 38
6 46
6 32
6 25
6 7
6 14
6 15
6 48
7 16
7 17
7 20
7 26
7 31
7 11
7 30
7 32
7 42
8 16
8 9
8 24
8 26
8 27
8 29
8 35
8 41
8 11
8 48
9 16
9 30
9 33
9 34
9 35
9 36
9 21
9 44
9 50
10 16
10 22
10 13
10 24
10 31
10 32
10 33
10 34
10 14
10 44
10 45
10 47
10 48
11 16
11 17
11 23
11 24
11 39
11 27
11 30
11 33
11 38
11 43
11 44
11 46
12 16
12 22
12 28
12 32
12 33
12 37
12 43
12 13
12 45
12 46
12 48
12 49
13 16
13 17
13 26
13 32
13 37
13 39
13 14
13 45
13 48
14 16
14 17
14 19
14 20
14 22
14 23
14 26
14 31
14 44
14 28
14 50
14 37
15 16
15 17
15 26
15 49
15 30
15 41
15 44
15 45
15 46
15 27
16 17
16 16
16 18
16 19
16 20
16 21
16 22
16 23
16 24
16 25
16 26
16 27
16 28
16 29
16 30
16 31
16 32
16 33
16 34
16 35
16 36
16 37
16 38
16 39
16 40
16 41
16 42
16 43
16 44
16 45
16 46
16 47
17 25
17 26
17 28
17 30
17 37
17 21
17 41
17 44
17 46
17 48
17 23
18 31
18 32
18 36
18 39
18 20
18 41
18 43
18 49
19 25
19 27
19 28
19 29
19 37
19 40
19 48
19 23
20 41
20 43
20 46
20 47
20 50
21 25
21 34
21 22
21 41
21 43
21 45
21 46
21 48
21 50
21 23
22 32
22 35
22 36
22 37
22 38
22 39
22 44
22 47
23 25
23 33
23 34
23 35
23 36
23 39
23 47
24 26
24 31
24 39
24 49
25 39
25 36
25 45
25 38
25 32
25 42
25 50
25 29
26 28
26 31
26 46
26 50
27 40
27 45
27 38
27 28
28 39
28 41
28 44
28 38
29 30
29 40
29 46
30 49
30 35
30 37
30 46
30 48
30 50
31 32
31 33
31 34
31 37
31 39
31 40
31 50
31 49
32 39
32 41
32 45
32 47
32 38
32 50
33 39
33 34
33 36
33 48
34 49
34 41
34 48
34 37
34 35
35 49
35 38
35 46
35 50
35 37
36 37
36 38
36 42
36 43
36 44
36 47
37 40
37 44
38 49
38 41
39 44
39 48
40 44
40 45
40 46
40 48
41 44
42 49
42 44
42 47
42 46
43 46
43 50
44 47
45 48
46 48
47 49
47 48
