0 7
0 17
0 19
0 23
0 27
0 39
0 45
0 59
0 78
0 85
0 93
0 94
0 103
0 105
0 107
0 127
1 6
1 8
1 24
1 26
1 50
1 66
1 72
1 78
1 84
1 87
1 88
1 96
1 112
1 118
1 120
2 21
2 23
2 24
2 55
2 57
2 75
2 84
2 89
2 95
2 98
2 116
3 22
3 24
3 37
3 38
3 42
3 58
3 62
3 72
3 106
4 13
4 15
4 16
4 29
4 31
4 35
4 39
4 41
4 43
4 59
4 63
4 73
4 76
4 108
4 113
4 115
5 7
5 18
5 22
5 23
5 26
5 40
5 44
5 50
5 52
5 72
5 74
5 76
5 82
5 98
5 105
5 122
5 127
6 33
6 56
6 59
6 61
6 63
6 67
6 69
6 70
6 87
6 91
6 93
6 105
6 115
6 117
7 16
7 19
7 28
7 40
7 42
7 66
7 83
7 85
7 92
7 124
8 10
8 13
8 21
8 30
8 38
8 40
8 51
8 64
8 65
8 95
8 111
8 112
9 23
9 29
9 33
9 41
9 49
9 52
9 64
9 66
9 82
9 92
9 97
9 98
9 99
9 103
9 120
9 124
10 35
10 81
10 97
10 103
10 117
10 120
10 122
10 125
11 22
11 30
11 32
11 33
11 44
11 46
11 47
11 50
11 51
11 57
11 66
11 78
11 82
11 102
11 110
11 113
11 124
11 126
12 17
12 21
12 31
12 36
12 52
12 55
12 56
12 66
12 68
12 69
12 89
12 98
12 103
12 109
12 113
12 117
13 20
13 34
13 55
13 72
13 85
13 102
13 106
13 118
14 18
14 28
14 48
14 59
14 64
14 81
14 103
14 111
14 118
15 24
15 25
15 34
15 40
15 42
15 54
15 66
15 87
15 93
15 104
15 106
15 122
16 37
16 41
16 46
16 51
16 69
16 73
16 78
16 87
16 97
16 111
16 115
16 119
16 120
16 123
17 22
17 38
17 42
17 54
17 56
17 70
17 82
17 84
17 112
18 39
18 41
18 63
18 64
18 74
18 87
18 107
19 29
19 36
19 51
19 56
19 58
19 63
19 72
19 89
19 94
19 101
19 104
19 122
19 124
20 21
20 34
20 39
20 56
20 78
20 97
20 101
20 112
20 123
21 38
21 46
21 48
21 69
21 70
21 74
21 80
21 94
21 96
21 100
21 106
21 110
21 122
21 123
22 39
22 41
22 42
22 43
22 53
22 63
22 73
22 95
22 103
22 115
23 46
23 54
23 59
23 64
23 98
23 100
23 104
23 115
23 120
24 29
24 35
24 37
24 63
24 65
24 79
24 94
24 97
24 102
24 113
24 119
24 125
25 66
25 72
25 82
25 83
25 86
25 107
25 116
25 123
25 124
26 30
26 35
26 43
26 69
26 83
26 89
26 97
26 115
26 121
27 36
27 38
27 42
27 48
27 51
27 58
27 66
27 75
27 85
27 109
27 111
27 117
27 119
28 50
28 58
28 59
28 61
28 70
28 77
28 97
28 101
28 109
28 122
28 123
29 35
29 44
29 54
29 58
29 63
29 81
29 88
29 97
29 100
29 120
29 123
29 127
30 37
30 54
30 77
30 83
30 86
30 104
30 108
30 109
30 121
30 126
31 36
31 66
31 69
31 81
31 93
31 108
31 122
32 35
32 39
32 78
32 87
32 103
32 115
32 120
32 121
32 127
33 42
33 60
33 68
33 73
33 96
33 101
33 117
33 124
34 54
34 55
34 59
34 77
34 111
34 113
34 121
34 125
35 42
35 44
35 45
35 66
35 68
35 76
35 106
35 110
35 118
35 121
35 126
36 45
36 47
36 63
36 64
36 67
36 72
36 73
36 79
36 117
37 52
37 70
37 72
37 79
37 83
37 95
37 97
37 98
37 100
37 105
37 108
38 39
38 42
38 51
38 61
38 65
38 71
38 83
38 87
38 94
38 97
38 99
38 105
38 107
39 64
39 72
39 78
39 98
39 116
39 119
39 121
40 55
40 69
40 85
40 113
40 119
41 58
41 62
41 66
41 74
41 77
41 78
41 86
41 118
41 124
42 69
42 71
42 95
42 101
42 113
42 125
43 45
43 48
43 58
43 90
43 94
43 96
43 98
43 105
43 118
43 122
43 124
44 49
44 52
44 53
44 73
44 81
44 83
44 91
44 92
44 94
44 102
44 119
44 127
45 56
45 57
45 59
45 64
45 66
45 81
45 94
45 95
45 112
45 122
45 126
46 63
46 67
46 71
46 73
46 89
46 94
46 95
46 111
46 114
46 123
47 48
47 52
47 59
47 66
47 85
47 91
47 94
47 106
47 109
47 112
47 118
48 53
48 54
48 62
48 69
48 71
48 77
48 78
48 93
48 105
48 113
48 117
48 119
48 121
48 123
48 124
49 61
49 73
49 96
49 108
49 110
49 114
49 118
49 121
49 124
50 63
50 75
50 126
51 63
51 66
51 72
51 96
51 105
51 116
51 122
52 57
52 63
52 111
52 116
53 56
53 73
53 74
53 81
53 84
53 92
53 119
54 62
54 63
54 71
54 113
55 79
55 83
55 88
55 90
55 96
55 124
56 73
56 74
56 85
56 87
56 101
57 61
57 62
57 64
57 69
57 80
57 86
57 90
57 92
57 93
57 100
57 101
57 112
57 122
57 126
58 62
58 71
58 72
58 82
58 83
58 86
58 102
58 103
58 119
58 125
59 61
59 66
59 70
59 82
59 83
59 92
59 102
59 112
59 116
59 127
60 69
60 109
60 114
60 119
61 62
61 70
61 72
61 76
61 80
61 87
61 89
61 90
61 124
62 65
62 67
62 75
62 98
62 105
62 116
62 117
62 123
62 127
63 64
63 70
63 78
63 80
63 94
63 102
63 107
63 125
64 75
64 83
64 87
64 89
64 91
64 98
64 115
64 119
65 100
65 102
65 122
66 68
66 83
66 91
66 101
66 103
66 107
66 114
66 115
66 117
66 125
67 72
67 74
67 76
67 92
67 116
67 122
68 69
68 75
68 79
68 85
68 107
68 124
68 125
68 126
68 127
69 81
69 98
69 118
70 75
70 99
71 72
71 80
71 83
71 86
71 87
71 89
71 90
71 96
71 120
72 74
72 83
72 91
72 103
72 113
73 76
73 78
73 81
73 94
73 98
73 115
73 117
73 122
74 85
74 87
74 94
74 115
74 119
75 78
75 107
75 116
75 126
76 93
76 96
76 117
76 125
77 82
77 98
77 105
78 79
78 89
78 109
78 119
78 125
79 80
79 86
79 90
79 96
79 98
79 114
79 124
80 83
80 98
80 107
80 113
80 123
81 103
81 104
81 126
82 83
82 87
82 94
82 109
82 121
83 95
83 124
84 95
84 101
84 110
85 90
85 96
85 111
85 124
86 93
86 115
87 96
87 99
87 107
87 116
87 123
88 98
88 101
88 104
88 117
89 90
89 101
89 103
89 104
89 108
89 110
89 120
90 93
90 98
90 101
90 104
91 96
91 108
91 118
91 120
92 95
92 105
92 113
93 107
94 95
94 101
94 122
95 99
95 106
95 120
96 99
96 113
97 102
97 118
97 122
98 119
99 100
99 102
100 101
100 114
101 108
101 126
102 111
102 113
102 114
102 119
102 124
103 106
103 107
103 108
103 110
103 122
103 127
104 113
105 106
105 112
105 115
105 116
106 117
106 118
106 119
106 123
107 108
107 112
108 109
108 115
108 124
108 127
109 118
109 126
110 122
111 114
111 127
114 115
114 117
114 119
114 121
116 121
116 123
116 124
116 125
116 126
117 120
117 122
117 124
118 121
119 120
120 121
123 124
123 126
123 127
124 126
