0 4
0 21
0 33
0 47
0 49
0 81
0 89
0 110
0 112
0 117
0 125
1 16
1 18
1 23
1 34
1 38
1 48
1 62
1 64
1 83
1 85
1 94
1 102
2 45
2 51
2 67
2 87
2 105
3 8
3 19
3 33
3 56
3 62
3 63
3 74
3 84
3 90
3 94
3 111
3 126
4 7
4 15
4 19
4 52
4 60
4 69
4 75
4 87
4 101
4 111
4 116
4 119
5 16
5 25
5 27
5 33
5 34
5 46
5 52
5 64
5 70
5 72
5 76
5 81
5 87
5 90
5 92
5 112
5 121
5 126
6 17
6 18
6 51
6 69
6 78
6 81
6 84
6 97
6 101
6 106
6 112
6 119
7 14
7 20
7 21
7 38
7 46
7 54
7 55
7 58
7 67
7 96
7 100
7 113
8 21
8 30
8 51
8 75
8 83
8 87
8 88
8 105
9 18
9 28
9 46
9 51
9 57
9 72
9 93
9 94
9 112
9 116
10 17
10 19
10 36
10 43
10 53
10 59
10 69
10 75
10 93
10 95
10 113
10 121
10 125
11 14
11 30
11 40
11 45
11 60
11 62
11 72
11 92
11 96
11 110
11 124
12 20
12 30
12 31
12 39
12 51
12 60
12 61
12 99
12 108
12 113
13 16
13 18
13 24
13 29
13 47
13 90
13 92
13 106
14 27
14 31
14 36
14 41
14 63
14 71
14 77
14 87
14 105
14 108
15 26
15 28
15 40
15 43
15 49
15 78
15 82
15 95
15 98
15 112
15 120
16 47
16 49
16 58
16 65
16 77
16 114
17 24
17 25
17 52
17 57
17 58
17 70
17 71
17 76
17 104
17 105
17 126
18 24
18 26
18 43
18 44
18 63
18 83
18 85
18 87
18 89
18 94
18 101
18 102
18 103
18 115
18 123
19 23
19 25
19 30
19 35
19 37
19 38
19 39
19 46
19 48
19 55
19 59
19 74
19 94
19 112
19 115
19 121
20 27
20 53
20 56
20 93
20 100
20 105
20 111
20 114
20 122
21 34
21 38
21 40
21 44
21 49
21 52
21 54
21 62
21 64
21 67
21 78
21 84
21 88
21 92
21 96
21 101
21 118
22 29
22 33
22 50
22 83
22 89
22 92
22 97
23 32
23 34
23 37
23 38
23 61
23 66
23 68
23 92
23 118
24 31
24 33
24 39
24 42
24 46
24 57
24 65
24 75
24 77
24 83
24 85
24 87
24 102
24 104
24 107
24 113
24 117
25 28
25 54
25 71
25 75
25 79
25 94
25 102
25 108
25 110
25 115
25 119
26 34
26 40
26 52
26 61
26 71
26 81
26 84
26 85
26 100
26 103
26 109
27 32
27 46
27 48
27 59
27 69
27 82
27 87
27 88
28 33
28 38
28 55
28 69
28 71
28 75
28 77
28 95
28 108
28 123
29 44
29 96
29 112
29 126
30 31
30 35
30 45
30 53
30 61
30 81
30 86
30 99
30 103
30 108
30 119
31 34
31 51
31 62
31 64
31 70
31 72
31 80
31 84
31 117
31 123
31 124
32 54
32 70
32 71
32 84
32 86
32 89
32 101
32 121
33 38
33 40
33 42
33 44
33 46
33 60
33 75
33 90
33 96
33 106
34 43
34 47
34 49
34 65
34 77
34 78
35 46
35 50
35 58
35 70
35 74
35 100
35 112
35 118
36 40
36 47
36 51
36 81
36 83
36 100
36 103
36 110
36 113
36 121
36 123
37 44
37 51
37 58
37 74
37 75
37 76
37 78
37 96
37 115
37 126
38 43
38 53
38 63
38 72
38 80
38 83
38 99
38 103
38 105
38 111
39 41
39 52
39 54
39 61
39 66
39 76
39 82
39 103
39 104
39 124
39 126
40 49
40 52
40 77
40 93
40 99
40 101
40 105
40 107
40 113
40 115
40 127
41 62
41 76
41 80
41 88
41 92
41 100
41 104
41 114
41 123
42 47
42 51
42 55
42 67
42 71
42 81
42 90
42 99
42 121
43 68
43 74
43 85
43 88
43 89
43 116
43 118
43 120
43 123
44 65
44 68
44 127
45 49
45 70
45 79
45 87
45 88
45 92
45 95
45 106
45 118
46 55
46 60
46 67
46 85
46 91
46 93
46 113
46 115
46 117
46 119
46 121
46 125
47 84
47 92
47 100
47 105
47 106
47 110
47 120
48 53
48 60
48 63
48 67
48 81
48 83
48 93
48 105
48 118
48 126
49 54
49 68
49 74
50 53
50 65
50 69
50 71
50 75
50 83
50 84
50 91
50 109
50 113
50 125
51 66
51 73
51 74
51 76
51 85
51 96
51 102
51 105
51 106
51 109
51 110
51 120
52 69
52 72
52 83
52 87
52 93
52 99
52 113
52 116
52 117
52 123
53 59
53 70
53 79
53 82
53 94
53 98
53 105
53 110
54 77
54 87
54 93
54 112
54 116
54 123
55 58
55 70
55 82
55 116
55 122
56 59
56 86
56 105
56 107
56 113
57 59
57 62
57 63
57 96
57 120
57 122
58 65
58 99
58 105
58 111
58 113
58 119
58 127
59 80
59 84
59 99
59 102
59 108
59 122
60 71
60 87
60 94
60 99
60 125
61 62
61 70
61 88
61 92
61 98
61 101
61 116
61 122
62 67
62 87
62 105
62 111
62 112
62 127
63 66
63 95
63 106
64 65
64 73
64 76
64 85
64 92
64 95
64 119
64 127
65 68
65 70
65 76
65 92
65 101
65 104
66 69
66 75
66 83
66 85
66 89
66 95
67 70
67 90
67 96
67 100
67 106
67 118
67 126
68 69
68 71
68 85
68 99
68 103
69 82
69 88
69 106
69 112
70 91
70 95
70 101
70 123
70 127
71 72
71 86
71 93
71 96
71 102
72 77
72 83
72 85
72 117
73 98
73 116
73 126
74 88
74 95
74 104
74 117
74 120
75 84
75 89
75 102
75 116
75 126
76 105
76 126
77 112
77 116
77 124
78 103
78 121
79 90
79 102
79 106
79 122
79 123
80 95
80 105
80 111
80 120
80 125
80 126
81 92
81 93
81 118
82 83
82 95
82 108
82 109
82 111
82 115
83 87
83 88
83 94
83 116
83 122
84 85
84 91
84 95
84 127
85 94
85 107
85 114
85 126
86 105
86 115
87 88
87 102
87 116
88 107
88 111
88 113
89 90
89 93
89 96
89 116
90 92
90 101
90 111
90 112
91 94
91 125
93 94
93 102
94 99
94 104
94 107
94 127
95 104
95 105
95 107
95 116
96 101
96 109
96 111
96 115
96 123
97 110
97 114
97 124
98 103
98 109
99 104
99 112
99 114
100 109
100 125
101 110
102 120
103 110
103 126
104 105
104 111
104 115
105 112
106 115
106 123
106 125
107 126
108 121
110 113
110 119
110 121
111 117
112 115
114 115
114 119
117 120
120 121
123 125
