0 1
0 2
1 59
1 17
2 3
2 64
3 4
4 21
4 66
5 6
5 7
6 64
6 21
7 14
7 68
8 9
8 10
9 59
9 40
11 12
11 13
12 68
12 28
13 18
13 70
14 15
15 28
15 72
16 17
17 62
18 19
19 32
19 73
20 21
22 23
23 62
23 67
24 25
24 26
25 74
25 69
26 34
26 76
27 28
29 30
30 70
30 32
30 71
31 32
31 33
33 57
33 81
34 35
35 48
35 77
36 37
36 38
37 76
37 48
38 45
38 79
39 40
40 42
41 42
42 51
43 44
44 67
44 74
45 46
46 53
46 80
47 48
47 49
49 58
49 82
50 51
51 78
52 53
52 54
53 56
55 56
56 79
59 60
60 61
61 62
61 63
63 65
65 67
65 69
74 75
