0 1
1 2
1 3
1 4
2 5
3 6
4 7
5 65
6 71
7 77
8 9
9 10
9 11
10 63
10 80
11 81
12 13
13 14
13 15
14 69
14 82
15 83
16 17
17 18
17 19
18 75
18 84
19 85
20 21
20 22
21 23
21 24
22 25
23 64
23 80
24 25
24 38
26 27
26 28
27 29
27 30
28 31
29 70
29 82
30 31
30 39
32 33
32 34
33 35
33 36
34 37
35 76
35 84
36 37
36 40
38 86
39 87
40 88
41 42
41 43
42 44
42 45
43 46
44 67
45 46
45 59
47 48
47 49
48 50
48 51
49 52
50 73
51 52
51 60
53 54
53 55
54 56
54 57
55 58
56 79
57 58
57 61
59 81
60 83
61 85
62 63
62 64
62 65
62 66
63 67
67 81
68 69
68 70
68 71
68 72
69 73
73 83
74 75
74 76
74 77
74 78
75 79
79 85
80 86
82 87
84 88
