0 1
0 2
1 60
1 64
1 65
2 69
3 4
4 69
4 62
5 6
5 7
6 78
6 83
7 10
7 13
8 9
9 79
10 11
11 18
12 13
12 14
13 16
14 20
14 25
15 16
16 18
17 18
17 19
19 22
19 29
20 21
21 32
21 37
22 23
23 39
23 41
24 25
25 27
26 27
27 32
28 29
28 30
29 34
30 42
30 47
31 32
33 34
33 35
34 39
35 44
35 49
36 37
38 39
40 41
42 43
43 53
44 45
45 57
45 59
46 47
47 51
48 49
49 55
50 51
51 53
52 53
54 55
55 57
56 57
58 59
60 61
60 62
60 63
61 66
61 67
61 68
64 69
64 70
65 72
66 71
66 72
67 77
69 73
70 79
71 74
71 75
71 76
73 80
74 77
74 78
75 83
78 81
78 82
79 80
79 84
