0 1
0 2
1 3
1 4
2 5
3 6
4 22
4 29
5 25
5 33
6 7
6 8
9 10
9 11
10 12
10 13
11 14
13 23
13 56
13 57
14 36
14 43
15 16
15 17
16 18
16 19
17 20
19 26
19 59
19 60
20 39
20 47
21 22
22 23
23 55
24 25
25 26
26 58
27 28
28 29
28 30
29 61
30 40
30 63
31 32
32 33
32 34
33 62
34 37
34 64
35 36
36 37
38 39
39 40
41 42
42 43
42 44
44 50
44 65
45 46
46 47
46 48
48 53
48 69
49 50
50 51
51 67
52 53
53 54
54 71
56 57
56 73
59 60
59 74
65 66
66 67
66 68
67 75
68 77
69 70
70 71
70 72
71 76
72 78
75 79
76 80
77 79
78 80
