0 1
0 2
1 78
1 94
2 79
3 4
3 5
4 80
4 79
5 81
6 7
6 8
7 17
7 10
8 12
8 24
9 10
9 11
10 14
11 19
11 28
12 13
13 26
13 30
14 15
15 53
15 55
16 17
17 19
18 19
20 21
20 22
21 24
21 26
22 33
22 64
23 24
25 26
27 28
29 30
31 32
32 57
32 53
34 35
35 58
35 89
36 37
37 52
37 67
38 39
39 59
39 88
40 41
41 70
41 89
42 43
43 75
43 73
44 45
45 71
45 93
46 47
47 76
47 71
48 49
49 82
49 81
50 51
51 86
51 95
52 53
54 55
54 56
55 63
56 62
57 58
58 87
59 60
59 61
60 88
60 66
61 73
62 63
65 66
65 67
66 68
67 91
68 69
69 74
69 91
70 71
72 73
76 77
77 94
78 79
80 81
82 83
83 85
84 85
84 86
89 90
91 92
