0 1
0 14
0 23
0 34
0 51
0 76
0 105
0 121
0 159
0 65
0 5
0 126
0 84
0 123
0 97
0 4
0 77
0 184
0 38
0 196
0 66
0 71
0 119
0 16
0 15
0 187
0 189
0 163
0 91
0 113
0 125
0 92
0 145
0 13
0 215
0 112
0 75
0 136
0 26
0 152
0 120
0 137
0 64
0 96
0 59
0 9
0 45
0 33
0 102
1 0
1 121
1 135
1 151
1 38
1 14
2 3
2 64
2 45
2 173
2 180
2 102
2 87
2 100
2 14
2 9
2 34
3 2
3 35
3 26
3 136
3 31
3 44
3 133
3 137
3 16
3 45
3 126
3 86
3 12
3 96
3 28
3 109
3 196
3 40
3 24
3 62
3 17
3 132
3 48
3 59
3 18
3 145
3 122
3 154
3 111
3 72
3 94
3 85
3 46
3 32
3 112
3 76
3 121
3 33
3 102
3 95
3 113
3 55
3 71
3 14
3 181
3 66
3 38
3 163
3 9
3 104
3 157
3 79
3 54
3 74
3 123
3 97
3 25
3 34
3 130
3 64
3 84
3 159
3 92
3 119
4 0
4 5
4 123
4 16
4 102
4 121
4 197
4 76
4 147
4 126
4 61
4 12
4 136
4 17
4 74
4 118
4 187
4 59
4 71
4 34
4 142
4 132
4 72
4 18
4 38
4 95
4 185
4 33
4 151
4 62
4 145
4 14
4 200
5 0
5 4
5 161
5 14
5 118
5 121
5 159
5 9
5 76
5 74
5 71
5 132
5 205
5 24
5 151
5 102
5 16
5 200
5 89
5 186
6 7
6 123
6 22
6 118
6 149
6 34
6 209
6 100
6 181
6 48
6 39
6 13
6 19
6 47
6 21
6 42
6 82
6 60
6 46
6 173
6 56
6 24
6 196
6 126
6 133
6 45
6 50
6 41
6 99
6 145
6 97
7 6
7 45
7 48
7 120
7 82
7 10
7 42
7 22
7 150
7 128
7 62
7 119
7 103
7 126
7 99
7 26
7 118
7 111
8 9
8 181
8 71
8 14
8 196
8 210
8 30
8 13
9 0
9 2
9 3
9 5
9 8
9 43
9 15
9 147
9 86
9 109
9 154
9 146
9 36
9 153
9 40
9 45
9 113
9 127
9 94
9 31
9 54
9 108
9 61
9 44
9 107
9 157
9 87
9 17
9 48
9 182
9 18
9 79
9 16
9 131
9 55
9 164
9 101
9 176
9 118
9 76
9 26
9 105
9 85
9 190
9 32
9 51
9 70
10 7
10 11
10 75
10 166
10 66
10 84
10 92
10 136
10 62
10 102
10 109
10 200
10 46
10 173
10 86
10 38
10 33
10 134
10 111
10 28
10 13
11 10
11 12
11 84
11 38
11 111
11 61
11 119
11 179
12 3
12 4
12 11
12 13
12 38
12 97
12 112
12 45
12 84
12 39
12 16
12 181
12 157
12 164
12 46
12 111
12 132
12 205
12 34
12 17
12 102
12 40
12 118
12 109
12 74
12 89
12 99
12 108
12 167
12 148
12 24
12 59
12 163
12 166
12 18
12 136
12 119
12 151
12 71
12 179
12 81
12 122
12 104
12 91
12 133
12 26
13 0
13 6
13 8
13 10
13 12
13 24
13 120
13 181
13 61
13 40
13 34
13 38
13 97
13 95
13 96
13 131
13 122
13 110
13 66
13 219
13 209
13 71
13 136
13 112
13 132
13 18
13 46
13 119
13 62
13 187
13 75
14 0
14 1
14 2
14 3
14 4
14 5
14 8
14 20
14 110
14 135
14 41
14 89
14 171
14 24
14 172
14 143
14 120
14 113
14 175
14 43
14 83
14 65
14 176
14 157
14 179
14 204
14 62
14 17
14 165
14 152
14 211
14 16
14 164
14 115
14 112
14 25
14 215
14 104
14 131
14 148
14 35
14 44
14 121
14 80
14 56
14 93
14 101
14 78
14 185
14 103
14 150
14 154
14 205
14 81
14 203
14 219
14 200
14 76
14 192
14 48
14 63
14 221
14 23
14 142
14 27
14 202
14 94
14 166
14 199
14 74
14 88
14 224
14 167
14 26
14 174
14 193
14 61
14 151
14 58
15 0
15 9
15 16
15 42
15 156
15 180
15 75
15 48
15 121
15 163
15 84
15 140
15 117
15 92
15 26
15 51
15 139
15 125
15 56
15 168
15 62
15 145
15 24
15 188
15 95
15 159
15 34
15 32
15 45
15 59
15 109
15 86
15 66
15 102
15 151
15 21
15 164
15 72
15 77
16 0
16 3
16 4
16 5
16 9
16 12
16 14
16 15
16 46
16 125
16 97
16 76
16 92
16 137
16 51
16 121
16 112
16 34
16 18
16 58
16 163
16 64
16 152
16 151
16 123
16 75
16 96
16 71
16 45
16 72
16 142
16 190
16 84
16 187
16 38
16 35
16 136
16 102
16 132
16 159
16 66
16 33
16 77
16 95
16 122
16 145
16 181
17 3
17 4
17 9
17 12
17 14
17 18
17 66
17 136
17 55
17 70
17 21
17 180
17 59
17 113
17 44
17 154
17 34
17 77
17 64
17 94
17 50
17 84
17 75
17 36
17 79
17 111
17 86
17 33
17 166
17 92
17 133
17 127
17 71
17 151
17 123
17 108
17 46
17 105
17 188
17 187
17 96
17 135
17 87
17 28
17 129
17 173
17 139
17 201
17 186
17 116
17 42
17 109
17 40
17 38
17 32
17 45
17 102
17 181
17 54
18 3
18 4
18 9
18 12
18 13
18 16
18 17
18 79
18 132
18 135
18 59
18 113
18 34
18 120
18 102
18 64
18 189
18 58
18 154
18 54
18 96
18 85
18 25
18 128
18 107
18 24
18 157
18 74
18 86
18 133
18 104
18 119
18 103
18 87
18 42
18 109
18 95
18 136
18 182
18 118
18 148
18 100
18 76
18 45
18 27
18 41
18 146
18 32
18 33
18 62
18 36
18 38
18 101
18 112
18 61
18 137
18 26
18 46
18 172
18 145
18 167
18 147
18 127
18 84
18 163
18 152
19 6
19 20
19 56
19 108
19 126
19 117
19 47
19 42
19 134
19 118
19 22
19 200
19 45
19 82
19 60
19 21
19 99
19 133
19 50
19 58
20 14
20 19
20 82
20 134
20 60
20 86
20 42
20 173
20 118
20 50
20 33
20 99
20 36
20 44
20 115
20 116
20 133
20 136
20 21
20 45
20 56
20 70
20 34
20 102
20 109
20 107
20 213
20 65
20 58
20 87
21 6
21 15
21 17
21 19
21 20
21 22
21 24
21 47
21 107
21 42
21 45
21 213
21 56
21 82
21 118
21 115
21 134
21 114
21 133
21 58
21 99
21 126
21 81
21 84
21 60
21 173
21 50
21 189
21 117
22 6
22 7
22 19
22 21
22 50
22 60
22 108
22 123
22 42
22 186
22 45
22 136
22 173
22 46
22 82
22 44
22 100
22 47
23 0
23 14
23 83
23 65
23 174
23 113
23 167
23 166
23 27
23 200
23 204
23 206
23 35
24 3
24 5
24 6
24 12
24 13
24 14
24 15
24 18
24 21
24 45
24 64
24 34
24 108
24 26
24 109
24 136
24 40
24 102
24 38
24 46
24 28
24 84
24 123
24 35
24 42
24 132
24 173
24 95
24 50
24 33
24 180
25 3
25 14
25 18
25 26
25 33
25 46
25 86
25 59
25 122
25 196
25 102
25 42
25 45
25 96
25 87
25 34
25 136
25 208
25 163
25 50
25 123
25 38
25 64
26 0
26 3
26 7
26 9
26 12
26 14
26 15
26 18
26 24
26 25
26 51
26 81
26 66
26 54
26 35
26 72
26 117
26 163
26 159
26 90
26 40
26 119
26 109
26 196
26 50
26 64
26 38
26 102
26 28
26 59
26 86
26 133
26 56
26 95
26 123
26 42
26 108
26 48
26 97
26 87
26 75
26 84
26 112
26 46
26 136
26 122
26 189
26 92
26 173
26 129
26 33
26 74
26 34
26 45
27 14
27 18
27 23
27 28
27 166
27 181
27 165
27 38
27 109
27 224
27 163
27 121
27 122
27 205
27 34
27 71
27 167
27 142
27 40
28 3
28 10
28 17
28 24
28 26
28 27
28 121
28 32
28 188
28 135
28 163
28 72
28 112
28 136
28 62
28 166
28 40
28 109
28 123
28 54
28 157
28 84
28 35
28 95
28 48
28 197
28 92
28 110
28 59
28 45
28 113
28 102
28 98
28 228
28 133
28 125
28 111
29 30
29 106
29 170
29 54
29 210
29 52
30 8
30 29
30 170
30 57
30 200
30 79
30 216
30 94
30 162
30 86
30 62
30 210
30 59
30 194
30 52
30 32
31 3
31 9
31 32
31 94
31 183
31 84
31 127
31 105
31 177
31 55
31 68
31 85
31 113
31 80
31 86
31 101
31 34
31 73
31 67
31 154
31 57
31 79
31 114
31 54
31 87
31 146
31 131
32 3
32 9
32 15
32 17
32 18
32 28
32 30
32 31
32 80
32 164
32 146
32 113
32 79
32 131
32 58
32 59
32 43
32 101
32 68
32 87
32 162
32 67
32 105
32 84
32 153
32 124
32 85
32 98
32 44
32 73
32 55
32 37
32 108
32 36
32 107
32 152
32 154
32 183
32 35
32 127
32 86
32 94
32 39
32 168
32 157
32 34
33 0
33 3
33 4
33 10
33 16
33 17
33 18
33 20
33 24
33 25
33 26
33 117
33 98
33 48
33 97
33 99
33 120
33 133
33 66
33 179
33 55
33 184
33 74
33 122
33 193
33 134
33 112
33 178
33 164
33 75
33 188
33 46
33 136
33 163
33 121
33 47
33 118
33 86
33 185
33 212
33 126
33 123
33 78
33 190
33 61
33 217
33 209
33 143
33 41
33 220
33 195
33 115
33 189
33 157
33 57
33 111
33 160
33 65
33 130
33 182
33 110
33 49
33 79
33 221
33 125
33 62
33 166
33 91
33 71
33 145
33 146
33 135
33 60
33 90
33 45
33 119
33 113
33 104
33 77
33 96
33 128
33 38
33 84
33 196
33 87
33 103
33 167
33 63
33 197
34 0
34 2
34 3
34 4
34 6
34 12
34 13
34 15
34 16
34 17
34 18
34 20
34 24
34 25
34 26
34 27
34 31
34 32
34 65
34 57
34 42
34 102
34 111
34 38
34 137
34 64
34 92
34 88
34 85
34 95
34 178
34 118
34 103
34 136
34 54
34 182
34 122
34 79
34 112
34 177
34 121
34 181
34 158
34 159
34 146
34 91
34 138
34 66
34 80
34 89
34 100
34 168
34 75
34 45
34 43
34 157
34 183
34 131
34 129
34 113
34 94
34 125
34 55
34 126
34 74
34 149
34 173
34 77
34 86
34 73
34 71
34 196
34 84
34 148
34 128
34 110
34 107
34 36
34 44
34 96
34 152
34 87
34 209
34 127
34 39
34 190
34 154
34 46
34 98
34 142
34 104
34 101
34 62
34 48
34 123
34 163
34 130
34 120
34 167
34 99
34 47
34 115
34 133
34 63
34 135
34 176
34 70
34 40
34 203
34 105
34 124
34 189
34 61
34 41
34 228
34 134
34 185
34 150
34 76
34 212
34 145
35 3
35 14
35 16
35 23
35 24
35 26
35 28
35 32
35 109
35 77
35 84
35 66
35 46
35 133
35 75
35 48
35 121
35 163
35 92
35 62
35 125
35 95
35 123
35 140
35 56
35 102
35 90
35 137
35 58
35 117
35 188
35 45
35 44
35 136
36 9
36 17
36 18
36 20
36 32
36 34
36 37
36 44
36 73
36 113
36 65
36 80
36 91
36 127
36 101
36 146
36 39
36 154
36 87
36 68
36 115
36 96
36 131
36 136
36 79
36 164
36 67
36 118
36 55
36 168
36 183
36 107
36 137
36 54
36 212
36 109
36 187
36 45
36 85
36 99
36 197
36 120
36 94
36 153
36 128
36 64
36 86
36 69
36 77
37 32
37 36
37 168
37 113
37 68
37 127
37 54
37 39
37 80
37 44
38 0
38 1
38 3
38 4
38 10
38 11
38 12
38 13
38 16
38 17
38 18
38 24
38 25
38 26
38 27
38 33
38 34
38 145
38 45
38 123
38 143
38 41
38 195
38 64
38 84
38 77
38 40
38 196
38 97
38 71
38 181
38 182
38 205
38 111
38 136
38 135
38 122
38 112
38 89
38 118
38 119
38 151
38 132
38 61
38 109
38 78
38 159
38 113
38 133
38 91
38 164
38 148
38 121
38 95
38 102
38 157
38 75
38 165
38 104
38 81
39 6
39 12
39 32
39 34
39 36
39 37
39 40
39 87
39 119
39 42
39 137
39 107
39 86
39 82
39 62
39 47
39 96
39 70
39 54
39 97
39 58
39 46
39 115
39 120
39 201
39 77
39 147
39 187
39 90
39 132
39 122
39 164
39 61
39 173
40 3
40 9
40 12
40 13
40 17
40 24
40 26
40 27
40 28
40 34
40 38
40 39
40 190
40 46
40 86
40 75
40 77
40 215
40 71
40 96
40 148
40 209
40 59
40 74
40 119
40 81
40 112
40 109
40 91
40 181
40 76
40 178
40 61
40 66
40 133
41 6
41 14
41 18
41 33
41 34
41 38
41 42
41 112
41 50
41 158
41 196
41 46
41 122
41 123
41 45
41 92
41 59
41 102
41 111
41 173
41 87
41 189
41 44
42 6
42 7
42 15
42 17
42 18
42 19
42 20
42 21
42 22
42 24
42 25
42 26
42 34
42 39
42 41
42 128
42 90
42 45
42 142
42 49
42 82
42 60
42 145
42 61
42 112
42 115
42 133
42 136
42 137
42 70
42 108
42 99
42 48
42 86
42 134
42 79
42 126
42 62
42 98
42 56
42 123
42 100
42 200
42 118
42 87
42 189
42 95
42 65
42 47
42 46
42 173
42 76
42 130
42 91
42 120
42 92
42 74
42 50
42 213
42 149
42 116
42 117
42 165
42 103
42 109
42 104
42 119
42 164
42 84
42 147
42 187
43 9
43 14
43 32
43 34
43 176
43 113
43 67
43 105
43 177
43 199
43 75
43 164
43 203
43 144
43 101
43 129
43 44
44 3
44 9
44 14
44 17
44 20
44 22
44 32
44 34
44 35
44 36
44 37
44 41
44 43
44 57
44 124
44 141
44 84
44 152
44 157
44 129
44 67
44 154
44 176
44 168
44 79
44 109
44 113
44 108
44 80
44 169
44 78
44 127
44 153
44 107
44 183
44 94
44 85
44 86
44 55
44 146
44 63
44 150
44 68
44 54
44 126
44 73
44 118
44 105
44 131
44 199
44 87
44 101
45 0
45 2
45 3
45 6
45 7
45 9
45 12
45 15
45 16
45 17
45 18
45 19
45 20
45 21
45 22
45 24
45 25
45 26
45 28
45 33
45 34
45 35
45 36
45 38
45 41
45 42
45 65
45 136
45 117
45 149
45 103
45 86
45 78
45 109
45 191
45 82
45 74
45 148
45 123
45 95
45 147
45 56
45 113
45 61
45 163
45 119
45 79
45 178
45 173
45 157
45 104
45 164
45 184
45 90
45 111
45 60
45 47
45 62
45 89
45 130
45 122
45 142
45 101
45 182
45 186
45 84
45 120
45 115
45 99
45 189
45 100
45 58
45 196
45 133
45 64
45 212
45 140
45 112
45 128
45 77
45 48
45 108
45 59
45 217
45 87
45 125
45 121
45 118
45 50
45 66
45 145
45 96
45 134
45 55
45 202
45 102
45 200
46 3
46 6
46 10
46 12
46 13
46 16
46 17
46 18
46 22
46 24
46 25
46 26
46 33
46 34
46 35
46 39
46 40
46 41
46 42
46 84
46 103
46 111
46 66
46 64
46 74
46 181
46 149
46 59
46 112
46 92
46 63
46 91
46 100
46 102
46 189
46 133
46 97
46 120
46 115
46 47
46 173
46 209
46 123
46 145
46 86
46 56
46 79
46 96
46 109
46 98
46 196
46 62
46 140
46 185
46 126
46 61
46 60
46 118
46 119
47 6
47 19
47 21
47 22
47 33
47 34
47 39
47 42
47 45
47 46
47 48
47 100
47 103
47 87
47 99
47 133
47 173
47 123
47 86
47 92
47 62
47 145
47 61
47 149
47 59
47 128
47 134
47 120
47 64
47 60
47 213
47 187
48 3
48 6
48 7
48 9
48 14
48 15
48 26
48 28
48 33
48 34
48 35
48 42
48 45
48 47
48 60
48 62
48 109
48 173
48 186
48 97
48 100
48 133
48 112
48 149
48 118
48 99
48 167
48 207
48 86
48 91
48 145
48 66
48 56
48 140
48 87
48 82
48 64
48 65
48 74
48 117
48 102
48 103
49 33
49 42
49 50
49 220
49 56
50 6
50 17
50 19
50 20
50 21
50 22
50 24
50 25
50 26
50 41
50 42
50 45
50 49
50 120
50 130
50 62
50 118
50 58
50 149
50 182
50 186
50 115
50 66
50 117
50 165
50 77
50 61
50 200
50 56
50 148
50 147
50 104
50 133
50 84
50 99
50 65
50 74
50 78
50 134
50 191
50 81
51 0
51 9
51 15
51 16
51 26
51 121
51 76
51 151
51 75
51 159
52 29
52 30
52 53
52 170
52 210
53 52
54 3
54 9
54 17
54 18
54 26
54 28
54 29
54 31
54 34
54 36
54 37
54 39
54 44
54 55
54 84
54 114
54 67
54 129
54 86
54 94
54 131
54 127
54 63
54 187
54 146
54 80
54 113
54 85
54 183
54 105
54 111
54 164
54 101
54 168
54 181
54 153
54 157
54 61
54 79
54 87
55 3
55 9
55 17
55 31
55 32
55 33
55 34
55 36
55 44
55 45
55 54
55 85
55 127
55 94
55 109
55 139
55 113
55 153
55 76
55 152
55 131
55 79
55 129
55 73
55 105
55 86
55 146
55 63
55 157
55 156
56 6
56 14
56 15
56 19
56 20
56 21
56 26
56 35
56 42
56 45
56 46
56 48
56 49
56 50
56 95
56 140
56 149
56 167
56 118
56 117
56 133
56 84
56 92
56 136
56 123
56 188
56 196
57 30
57 31
57 33
57 34
57 44
57 85
57 80
57 168
57 156
57 113
57 146
57 127
57 131
57 94
57 162
57 79
57 183
57 218
57 73
57 153
57 114
57 124
58 14
58 16
58 18
58 19
58 20
58 21
58 32
58 35
58 39
58 45
58 50
58 59
58 92
58 136
58 137
58 71
58 154
58 115
58 168
58 65
58 213
58 133
58 89
58 87
58 82
58 102
58 108
58 196
59 0
59 3
59 4
59 12
59 15
59 17
59 18
59 25
59 26
59 28
59 30
59 32
59 40
59 41
59 45
59 46
59 47
59 58
59 66
59 133
59 96
59 86
59 111
59 209
59 109
59 62
59 132
59 101
59 125
59 74
59 76
59 102
59 117
59 64
59 84
59 165
59 118
59 61
60 6
60 19
60 20
60 21
60 22
60 33
60 42
60 45
60 46
60 47
60 48
60 99
60 115
60 82
60 149
60 213
60 100
60 87
60 173
60 102
60 123
60 136
61 4
61 9
61 11
61 13
61 14
61 18
61 33
61 34
61 38
61 39
61 40
61 42
61 45
61 46
61 47
61 50
61 54
61 59
61 62
61 90
61 65
61 66
61 108
61 96
61 64
61 120
61 158
61 163
61 86
61 82
61 123
61 181
61 107
61 136
61 209
61 128
61 109
61 102
61 173
61 111
61 77
61 139
61 87
62 3
62 4
62 7
62 10
62 13
62 14
62 15
62 18
62 28
62 30
62 33
62 34
62 35
62 39
62 42
62 45
62 46
62 47
62 48
62 50
62 59
62 61
62 84
62 157
62 82
62 123
62 112
62 64
62 66
62 133
62 74
62 152
62 109
62 145
62 173
62 92
62 108
62 94
62 120
62 190
62 90
62 77
62 128
62 86
62 102
62 146
62 100
62 136
62 85
62 65
62 113
62 107
62 87
62 96
62 149
63 14
63 33
63 34
63 44
63 46
63 54
63 55
63 64
63 86
63 102
63 109
63 94
63 111
63 173
63 85
63 183
63 131
63 87
63 80
63 146
63 105
63 113
64 0
64 2
64 3
64 16
64 17
64 18
64 24
64 25
64 26
64 34
64 36
64 38
64 45
64 46
64 47
64 48
64 59
64 61
64 62
64 63
64 96
64 123
64 92
64 113
64 145
64 94
64 133
64 79
64 86
64 136
64 87
64 146
64 142
64 112
64 172
64 121
64 163
64 84
64 196
64 74
64 102
64 66
64 76
64 85
64 71
64 109
64 104
64 120
65 0
65 14
65 20
65 23
65 33
65 34
65 36
65 42
65 45
65 48
65 50
65 58
65 61
65 62
65 66
65 116
65 82
65 115
65 70
65 90
65 166
65 142
65 173
65 128
65 120
65 108
65 158
65 118
65 147
65 157
65 87
65 154
65 107
65 110
65 102
65 134
66 0
66 3
66 10
66 13
66 15
66 16
66 17
66 26
66 33
66 34
66 35
66 40
66 45
66 46
66 48
66 50
66 59
66 61
66 62
66 64
66 65
66 74
66 173
66 163
66 90
66 77
66 161
66 181
66 136
66 190
66 156
66 139
66 95
66 87
66 128
66 118
66 84
66 98
66 101
66 102
66 123
66 86
66 148
66 85
66 133
66 75
66 92
67 31
67 32
67 36
67 43
67 44
67 54
67 68
67 131
67 79
67 85
67 157
67 87
67 164
67 94
67 129
67 146
67 168
67 84
67 127
67 124
67 69
67 153
67 126
67 113
67 105
67 101
68 31
68 32
68 36
68 37
68 44
68 67
68 129
68 101
68 105
68 94
68 157
69 36
69 67
69 70
69 108
69 105
69 111
69 102
69 87
69 84
69 72
70 9
70 17
70 20
70 34
70 39
70 42
70 65
70 69
70 107
70 206
70 164
70 115
70 134
70 82
70 116
70 109
70 147
70 118
70 219
70 139
70 95
71 0
71 3
71 4
71 5
71 8
71 12
71 13
71 16
71 17
71 27
71 33
71 34
71 38
71 40
71 58
71 64
71 72
71 78
71 81
71 143
71 98
71 77
71 97
71 202
71 102
71 163
71 155
71 132
71 149
71 86
71 181
71 112
71 154
71 190
71 125
71 76
71 122
71 89
71 197
71 92
71 111
71 136
71 165
71 164
71 121
71 195
72 3
72 4
72 15
72 16
72 26
72 28
72 69
72 71
72 121
72 85
72 102
72 132
72 172
72 123
72 84
72 151
72 93
72 76
72 119
72 159
73 31
73 32
73 34
73 36
73 44
73 55
73 57
73 79
73 168
73 129
73 85
73 180
73 113
73 86
73 94
73 146
73 153
74 3
74 4
74 5
74 12
74 14
74 18
74 26
74 33
74 34
74 40
74 42
74 45
74 46
74 48
74 50
74 59
74 62
74 64
74 66
74 75
74 96
74 144
74 173
74 112
74 97
74 102
74 154
74 93
74 133
74 147
74 152
74 86
74 156
74 87
74 77
74 92
74 108
74 195
74 95
74 136
74 120
74 98
74 109
74 210
74 111
74 123
74 181
74 190
74 122
75 0
75 10
75 13
75 15
75 16
75 17
75 26
75 33
75 34
75 35
75 38
75 40
75 43
75 51
75 66
75 74
75 97
75 151
75 123
75 125
75 84
75 102
75 118
75 136
75 77
75 155
75 92
75 121
75 95
75 89
75 190
75 119
75 76
75 147
75 101
75 104
75 91
75 133
75 115
75 112
75 165
76 0
76 3
76 4
76 5
76 9
76 14
76 16
76 18
76 34
76 40
76 42
76 51
76 55
76 59
76 64
76 71
76 72
76 75
76 77
76 151
76 205
76 112
76 86
76 87
76 123
76 159
76 92
76 163
76 180
76 98
76 97
76 136
77 0
77 15
77 16
77 17
77 33
77 34
77 35
77 36
77 38
77 39
77 40
77 45
77 50
77 61
77 62
77 66
77 71
77 74
77 75
77 76
77 123
77 136
77 155
77 115
77 185
77 112
77 81
77 92
77 135
77 91
77 108
77 212
77 130
77 173
77 97
77 152
77 95
77 84
77 102
77 195
77 133
77 104
77 190
77 118
77 181
77 121
78 14
78 33
78 38
78 44
78 45
78 50
78 71
78 144
78 109
78 154
79 3
79 9
79 17
79 18
79 30
79 31
79 32
79 33
79 34
79 36
79 42
79 44
79 45
79 46
79 54
79 55
79 57
79 64
79 67
79 73
79 80
79 131
79 105
79 127
79 146
79 113
79 168
79 129
79 136
79 197
79 163
79 137
79 153
79 138
79 114
79 85
79 183
79 109
79 86
79 94
79 87
79 101
79 154
80 14
80 31
80 32
80 34
80 36
80 37
80 44
80 54
80 57
80 63
80 79
80 114
80 183
80 94
80 113
80 101
80 127
80 168
80 85
80 157
81 12
81 14
81 21
81 26
81 38
81 40
81 50
81 71
81 77
81 109
81 181
81 193
81 151
81 104
81 198
81 148
82 6
82 7
82 19
82 20
82 21
82 22
82 39
82 42
82 45
82 48
82 58
82 60
82 61
82 62
82 65
82 70
82 118
82 87
82 134
82 99
82 108
82 133
82 107
82 187
83 14
83 23
84 0
84 3
84 10
84 11
84 12
84 15
84 16
84 17
84 18
84 21
84 24
84 26
84 28
84 31
84 32
84 33
84 34
84 35
84 38
84 42
84 44
84 45
84 46
84 50
84 54
84 56
84 59
84 62
84 64
84 66
84 67
84 69
84 72
84 75
84 77
84 90
84 94
84 102
84 140
84 125
84 113
84 197
84 165
84 133
84 188
84 164
84 108
84 111
84 145
84 205
84 159
84 163
84 98
84 95
84 123
84 167
84 109
84 196
84 117
84 136
85 3
85 9
85 18
85 31
85 32
85 34
85 36
85 44
85 54
85 55
85 57
85 62
85 63
85 64
85 66
85 67
85 72
85 73
85 79
85 80
85 86
85 94
85 123
85 133
85 87
85 124
85 105
85 153
85 92
85 127
85 176
85 157
85 113
85 112
85 164
85 101
85 146
85 129
85 131
85 152
85 120
85 126
86 3
86 9
86 10
86 15
86 17
86 18
86 20
86 25
86 26
86 30
86 31
86 32
86 33
86 34
86 36
86 39
86 40
86 42
86 44
86 45
86 46
86 47
86 48
86 54
86 55
86 59
86 61
86 62
86 63
86 64
86 66
86 71
86 73
86 74
86 76
86 79
86 85
86 162
86 119
86 96
86 131
86 181
86 146
86 94
86 110
86 125
86 113
86 116
86 164
86 152
86 189
86 129
86 115
86 105
86 87
86 209
86 154
86 112
86 118
86 123
86 133
86 92
86 102
86 132
86 145
86 101
86 166
86 136
86 120
86 218
87 2
87 9
87 17
87 18
87 20
87 25
87 26
87 31
87 32
87 33
87 34
87 36
87 39
87 41
87 42
87 44
87 45
87 47
87 48
87 54
87 58
87 60
87 61
87 62
87 63
87 64
87 65
87 66
87 67
87 69
87 74
87 76
87 79
87 82
87 85
87 86
87 92
87 113
87 133
87 134
87 165
87 173
87 107
87 91
87 120
87 101
87 115
87 99
87 157
87 128
87 109
87 221
87 110
87 118
87 207
87 145
87 130
87 187
87 147
87 123
87 108
87 103
87 137
87 189
87 127
87 112
87 164
87 209
87 199
87 105
87 136
87 102
87 104
87 98
88 14
88 34
88 89
89 5
89 12
89 14
89 34
89 38
89 45
89 58
89 71
89 75
89 88
89 93
89 143
89 121
89 109
89 144
89 151
89 132
89 180
89 163
89 92
89 190
90 26
90 33
90 35
90 39
90 42
90 45
90 61
90 62
90 65
90 66
90 84
90 120
90 134
90 213
90 128
90 92
91 0
91 12
91 33
91 34
91 36
91 38
91 40
91 42
91 46
91 48
91 75
91 77
91 87
91 92
91 136
91 121
91 111
91 173
91 123
91 109
91 96
91 137
91 97
91 188
91 102
91 163
92 0
92 3
92 10
92 15
92 16
92 17
92 26
92 28
92 34
92 35
92 41
92 42
92 46
92 47
92 56
92 58
92 62
92 64
92 66
92 71
92 74
92 75
92 76
92 77
92 85
92 86
92 87
92 89
92 90
92 91
92 104
92 148
92 157
92 118
92 121
92 164
92 167
92 185
92 140
92 158
92 112
92 182
92 197
92 160
92 123
92 95
92 97
92 119
92 117
92 165
92 120
92 101
92 133
92 130
92 102
93 14
93 72
93 74
93 89
93 104
93 190
93 132
93 135
93 121
94 3
94 9
94 14
94 17
94 30
94 31
94 32
94 34
94 36
94 44
94 54
94 55
94 57
94 62
94 63
94 64
94 67
94 68
94 73
94 79
94 80
94 84
94 85
94 86
94 154
94 168
94 129
94 157
94 131
94 163
94 146
94 124
94 127
94 111
94 113
94 140
94 177
94 105
94 101
94 114
94 183
94 153
94 162
95 3
95 4
95 13
95 15
95 16
95 18
95 24
95 26
95 28
95 34
95 35
95 38
95 42
95 45
95 56
95 66
95 70
95 74
95 75
95 77
95 84
95 92
95 125
95 118
95 164
95 112
95 140
95 110
95 133
95 123
95 108
95 102
95 136
95 157
96 0
96 3
96 13
96 16
96 17
96 18
96 25
96 33
96 34
96 36
96 39
96 40
96 45
96 46
96 59
96 61
96 62
96 64
96 74
96 86
96 91
96 120
96 109
96 145
96 99
96 133
96 132
96 112
96 123
96 111
96 102
96 121
96 164
97 0
97 3
97 6
97 12
97 13
97 16
97 26
97 33
97 38
97 39
97 46
97 48
97 71
97 74
97 75
97 76
97 77
97 91
97 92
97 98
97 181
97 159
97 112
97 119
97 121
97 160
97 120
97 196
97 118
97 133
98 28
98 32
98 33
98 34
98 42
98 46
98 66
98 71
98 74
98 76
98 84
98 87
98 97
98 130
98 102
98 154
98 133
98 184
98 123
98 190
99 6
99 7
99 12
99 19
99 20
99 21
99 33
99 34
99 36
99 42
99 45
99 47
99 48
99 50
99 60
99 82
99 87
99 96
99 100
99 173
99 186
99 109
99 189
99 108
99 152
99 149
99 115
99 213
99 136
100 2
100 6
100 18
100 22
100 34
100 42
100 45
100 46
100 47
100 48
100 60
100 62
100 99
100 111
100 118
100 103
100 102
100 149
100 210
100 133
100 226
100 126
100 134
101 9
101 14
101 18
101 31
101 32
101 34
101 36
101 43
101 44
101 45
101 54
101 59
101 66
101 67
101 68
101 75
101 79
101 80
101 85
101 86
101 87
101 92
101 94
101 102
101 146
101 127
101 199
101 108
101 154
101 183
101 201
101 210
101 113
101 177
101 170
101 136
101 153
101 129
101 126
101 105
101 109
101 116
101 168
101 163
101 180
101 176
102 0
102 2
102 3
102 4
102 5
102 10
102 12
102 15
102 16
102 17
102 18
102 20
102 24
102 25
102 26
102 28
102 34
102 35
102 38
102 41
102 45
102 46
102 48
102 58
102 59
102 60
102 61
102 62
102 63
102 64
102 65
102 66
102 69
102 71
102 72
102 74
102 75
102 77
102 84
102 86
102 87
102 91
102 92
102 95
102 96
102 98
102 100
102 101
102 148
102 118
102 189
102 185
102 121
102 147
102 138
102 163
102 217
102 125
102 115
102 181
102 103
102 133
102 130
102 221
102 122
102 160
102 123
102 119
102 104
102 166
102 172
102 164
102 209
102 128
102 117
102 158
102 190
102 145
102 120
102 155
102 167
102 196
102 212
102 165
102 137
102 136
102 213
102 112
102 135
102 219
102 200
103 7
103 14
103 18
103 33
103 34
103 42
103 45
103 46
103 47
103 48
103 87
103 100
103 102
103 154
103 120
103 173
103 109
103 136
103 181
104 3
104 12
104 14
104 18
104 33
104 34
104 38
104 42
104 45
104 50
104 64
104 75
104 77
104 81
104 87
104 92
104 93
104 102
104 138
104 163
104 188
104 137
104 152
104 109
104 144
104 135
104 186
104 159
104 136
104 122
104 112
104 120
104 202
105 0
105 9
105 17
105 31
105 32
105 34
105 43
105 44
105 54
105 55
105 63
105 67
105 68
105 69
105 79
105 85
105 86
105 87
105 94
105 101
105 182
105 162
105 108
105 153
105 113
105 183
105 164
105 129
105 157
105 146
105 154
105 127
105 152
105 180
105 168
105 116
105 163
106 29
106 141
106 169
107 9
107 18
107 20
107 21
107 32
107 34
107 36
107 39
107 44
107 61
107 62
107 65
107 70
107 82
107 87
107 108
107 115
107 154
107 113
107 116
107 134
107 147
107 128
107 120
107 187
108 9
108 12
108 17
108 19
108 22
108 24
108 26
108 32
108 42
108 44
108 45
108 58
108 61
108 62
108 65
108 69
108 74
108 77
108 82
108 84
108 87
108 95
108 99
108 101
108 105
108 107
108 118
108 127
108 165
108 133
108 115
108 139
108 164
108 110
108 134
108 116
108 154
108 128
108 219
108 120
108 206
108 173
108 187
109 3
109 9
109 10
109 12
109 15
109 17
109 18
109 20
109 24
109 26
109 27
109 28
109 35
109 36
109 38
109 40
109 42
109 44
109 45
109 46
109 48
109 55
109 59
109 61
109 62
109 63
109 64
109 70
109 74
109 78
109 79
109 81
109 84
109 87
109 89
109 91
109 96
109 99
109 101
109 103
109 104
109 137
109 145
109 147
109 118
109 132
109 154
109 112
109 173
109 200
109 157
109 165
109 126
109 163
109 158
109 179
109 111
109 119
109 219
109 176
109 115
109 113
109 160
110 13
110 14
110 28
110 33
110 34
110 65
110 86
110 87
110 95
110 108
110 120
110 180
110 181
110 192
110 136
110 123
110 144
111 3
111 7
111 10
111 11
111 12
111 17
111 28
111 33
111 34
111 38
111 41
111 45
111 46
111 54
111 59
111 61
111 63
111 69
111 71
111 74
111 84
111 91
111 94
111 96
111 100
111 109
111 119
111 179
111 118
111 188
111 132
111 209
111 164
112 0
112 3
112 12
112 13
112 14
112 16
112 18
112 26
112 28
112 33
112 34
112 38
112 40
112 41
112 42
112 45
112 46
112 48
112 62
112 64
112 71
112 74
112 75
112 76
112 77
112 85
112 86
112 87
112 92
112 95
112 96
112 97
112 102
112 104
112 109
112 125
112 185
112 173
112 159
112 209
112 133
112 145
112 135
112 123
112 119
112 181
112 165
112 120
112 122
112 136
112 196
112 121
113 0
113 3
113 9
113 14
113 17
113 18
113 23
113 28
113 31
113 32
113 33
113 34
113 36
113 37
113 38
113 43
113 44
113 45
113 54
113 55
113 57
113 62
113 63
113 64
113 67
113 73
113 79
113 80
113 84
113 85
113 86
113 87
113 94
113 101
113 105
113 107
113 109
113 124
113 177
113 129
113 180
113 154
113 131
113 163
113 162
113 152
113 201
113 127
113 136
113 212
113 146
113 168
113 120
113 153
113 157
113 156
114 21
114 31
114 54
114 57
114 79
114 80
114 94
114 168
114 183
115 14
115 20
115 21
115 33
115 34
115 36
115 39
115 42
115 45
115 46
115 50
115 58
115 60
115 65
115 70
115 75
115 77
115 86
115 87
115 99
115 102
115 107
115 108
115 109
115 116
115 136
115 154
115 190
115 206
115 213
115 134
115 173
115 139
115 147
116 17
116 20
116 42
116 65
116 70
116 86
116 101
116 105
116 107
116 108
116 115
116 146
116 127
116 134
117 15
117 19
117 21
117 26
117 33
117 35
117 42
117 45
117 48
117 50
117 56
117 59
117 84
117 92
117 102
117 140
117 123
117 133
117 188
118 4
118 5
118 6
118 7
118 9
118 12
118 18
118 19
118 20
118 21
118 33
118 34
118 36
118 38
118 42
118 44
118 45
118 46
118 48
118 50
118 56
118 59
118 65
118 66
118 70
118 75
118 77
118 82
118 86
118 87
118 92
118 95
118 97
118 100
118 102
118 108
118 109
118 111
118 134
118 192
118 173
118 144
118 129
118 136
118 122
118 123
118 213
118 154
119 0
119 3
119 7
119 11
119 12
119 13
119 18
119 26
119 33
119 38
119 39
119 40
119 42
119 45
119 46
119 72
119 75
119 86
119 92
119 97
119 102
119 109
119 111
119 112
119 163
119 138
119 122
119 136
119 181
120 0
120 7
120 13
120 14
120 18
120 33
120 34
120 36
120 39
120 42
120 45
120 46
120 47
120 50
120 61
120 62
120 64
120 65
120 74
120 85
120 86
120 87
120 90
120 92
120 96
120 97
120 102
120 103
120 104
120 107
120 108
120 110
120 112
120 113
120 136
120 145
120 207
120 128
120 147
120 148
120 213
120 200
120 123
120 158
120 206
120 139
120 195
120 173
120 165
120 122
121 0
121 1
121 3
121 4
121 5
121 14
121 15
121 16
121 27
121 28
121 33
121 34
121 35
121 38
121 45
121 51
121 64
121 71
121 72
121 75
121 77
121 89
121 91
121 92
121 93
121 96
121 97
121 102
121 112
121 122
121 156
121 151
121 135
121 136
121 142
121 138
121 132
121 159
121 157
121 123
121 188
121 125
122 3
122 12
122 13
122 16
122 25
122 26
122 27
122 33
122 34
122 38
122 39
122 41
122 45
122 71
122 74
122 102
122 104
122 112
122 118
122 119
122 120
122 121
122 123
122 145
122 138
122 181
122 157
123 0
123 3
123 4
123 6
123 16
123 17
123 22
123 24
123 25
123 26
123 28
123 33
123 34
123 35
123 38
123 41
123 42
123 45
123 46
123 47
123 56
123 60
123 61
123 62
123 64
123 66
123 72
123 74
123 75
123 76
123 77
123 84
123 85
123 86
123 87
123 91
123 92
123 95
123 96
123 98
123 102
123 110
123 112
123 117
123 118
123 120
123 121
123 122
123 182
123 133
123 142
123 172
123 145
123 196
123 136
123 157
123 165
123 212
123 197
123 178
123 181
123 166
123 189
123 153
123 125
123 209
123 164
123 130
123 140
124 32
124 34
124 44
124 57
124 67
124 85
124 94
124 113
124 168
124 154
124 146
124 139
125 0
125 15
125 16
125 28
125 33
125 34
125 35
125 45
125 59
125 71
125 75
125 84
125 86
125 95
125 102
125 112
125 121
125 123
125 145
125 133
125 136
125 188
125 207
126 0
126 3
126 4
126 6
126 7
126 19
126 21
126 33
126 34
126 42
126 44
126 46
126 67
126 85
126 100
126 101
126 109
126 127
126 150
126 149
126 131
127 9
127 17
127 18
127 31
127 32
127 34
127 36
127 37
127 44
127 54
127 55
127 57
127 67
127 79
127 80
127 85
127 87
127 94
127 101
127 105
127 108
127 113
127 116
127 126
127 146
127 129
127 154
127 164
127 168
127 153
128 7
128 18
128 33
128 34
128 36
128 42
128 45
128 47
128 61
128 62
128 65
128 66
128 87
128 90
128 102
128 107
128 108
128 120
128 158
128 173
129 17
129 26
129 34
129 43
129 44
129 54
129 55
129 67
129 68
129 73
129 79
129 85
129 86
129 94
129 101
129 105
129 113
129 118
129 127
129 154
129 152
129 131
129 146
129 207
129 153
129 176
129 143
129 157
130 3
130 33
130 34
130 42
130 45
130 50
130 77
130 87
130 92
130 98
130 102
130 123
130 184
131 9
131 13
131 14
131 31
131 32
131 34
131 36
131 44
131 54
131 55
131 57
131 63
131 67
131 79
131 85
131 86
131 94
131 113
131 126
131 129
131 152
131 146
131 153
132 3
132 4
132 5
132 12
132 13
132 16
132 18
132 24
132 38
132 39
132 59
132 71
132 72
132 86
132 89
132 93
132 96
132 109
132 111
132 121
132 136
132 157
132 181
132 154
132 142
132 200
133 3
133 6
133 12
133 17
133 18
133 19
133 20
133 21
133 26
133 28
133 33
133 34
133 35
133 38
133 40
133 42
133 45
133 46
133 47
133 48
133 50
133 56
133 58
133 59
133 62
133 64
133 66
133 74
133 75
133 77
133 82
133 84
133 85
133 86
133 87
133 92
133 95
133 96
133 97
133 98
133 100
133 102
133 108
133 112
133 117
133 123
133 125
133 139
133 149
133 145
133 207
133 140
133 190
133 173
133 188
133 196
133 159
133 136
134 10
134 19
134 20
134 21
134 33
134 34
134 42
134 45
134 47
134 50
134 65
134 70
134 82
134 87
134 90
134 100
134 107
134 108
134 115
134 116
134 118
134 187
134 213
134 136
134 149
134 173
135 1
135 14
135 17
135 18
135 28
135 33
135 34
135 38
135 77
135 93
135 102
135 104
135 112
135 121
135 163
135 144
135 201
135 190
135 138
135 136
135 219
135 157
135 152
135 215
135 180
135 212
135 165
136 0
136 3
136 4
136 10
136 12
136 13
136 16
136 17
136 18
136 20
136 22
136 24
136 25
136 26
136 28
136 33
136 34
136 35
136 36
136 38
136 42
136 45
136 56
136 58
136 60
136 61
136 62
136 64
136 66
136 71
136 74
136 75
136 76
136 77
136 79
136 84
136 86
136 87
136 91
136 95
136 99
136 101
136 102
136 103
136 104
136 110
136 112
136 113
136 115
136 118
136 119
136 120
136 121
136 123
136 125
136 132
136 133
136 134
136 135
136 182
136 196
136 189
136 160
136 143
136 212
136 217
136 148
136 163
136 185
136 140
136 157
136 165
136 154
136 142
136 147
136 164
136 181
137 0
137 3
137 16
137 18
137 34
137 35
137 36
137 39
137 42
137 58
137 79
137 87
137 91
137 102
137 104
137 109
137 173
137 181
137 175
137 154
138 34
138 79
138 102
138 104
138 119
138 121
138 122
138 135
138 143
138 157
139 15
139 17
139 55
139 61
139 66
139 70
139 108
139 115
139 120
139 124
139 133
139 182
139 146
139 214
139 216
139 164
139 208
139 157
139 227
139 160
139 213
139 229
140 15
140 35
140 45
140 46
140 48
140 56
140 84
140 92
140 94
140 95
140 117
140 123
140 133
140 136
140 183
140 210
140 188
141 44
141 106
141 178
141 169
142 4
142 14
142 16
142 27
142 34
142 42
142 45
142 64
142 65
142 121
142 123
142 132
142 136
142 200
142 205
142 192
142 167
142 166
142 163
142 173
143 14
143 33
143 38
143 71
143 89
143 129
143 136
143 138
143 151
143 181
143 180
144 43
144 74
144 78
144 89
144 104
144 110
144 118
144 135
144 160
144 219
144 200
144 171
144 192
144 182
144 176
145 0
145 3
145 4
145 6
145 15
145 16
145 18
145 33
145 34
145 38
145 42
145 45
145 46
145 47
145 48
145 62
145 64
145 84
145 86
145 87
145 96
145 102
145 109
145 112
145 120
145 122
145 123
145 125
145 133
145 173
145 163
146 9
146 18
146 31
146 32
146 33
146 34
146 36
146 44
146 54
146 55
146 57
146 62
146 63
146 64
146 67
146 73
146 79
146 85
146 86
146 94
146 101
146 105
146 113
146 116
146 124
146 127
146 129
146 131
146 139
146 152
146 153
146 168
146 157
147 4
147 9
147 18
147 39
147 42
147 45
147 50
147 65
147 70
147 74
147 75
147 87
147 102
147 107
147 109
147 115
147 120
147 136
148 12
148 14
148 18
148 34
148 38
148 40
148 45
148 50
148 66
148 81
148 92
148 102
148 120
148 136
148 172
148 151
148 185
148 207
148 163
149 6
149 34
149 42
149 45
149 46
149 47
149 48
149 50
149 56
149 60
149 62
149 71
149 99
149 100
149 126
149 133
149 134
150 7
150 14
150 34
150 44
150 126
151 1
151 4
151 5
151 12
151 14
151 15
151 16
151 17
151 38
151 51
151 72
151 75
151 76
151 81
151 89
151 121
151 143
151 148
151 185
151 159
152 0
152 14
152 16
152 18
152 32
152 34
152 44
152 55
152 62
152 74
152 77
152 85
152 86
152 99
152 104
152 105
152 113
152 129
152 131
152 135
152 146
152 153
152 201
152 154
153 9
153 32
153 36
153 44
153 54
153 55
153 57
153 67
153 73
153 79
153 85
153 94
153 101
153 105
153 113
153 123
153 127
153 129
153 131
153 146
153 152
153 154
153 157
153 168
154 3
154 9
154 14
154 17
154 18
154 31
154 32
154 34
154 36
154 44
154 58
154 65
154 71
154 74
154 78
154 79
154 86
154 94
154 98
154 101
154 103
154 105
154 107
154 108
154 109
154 113
154 115
154 118
154 124
154 127
154 129
154 132
154 136
154 137
154 152
154 153
154 168
154 175
154 157
154 165
155 71
155 75
155 77
155 102
155 190
156 15
156 55
156 57
156 66
156 74
156 113
156 121
156 222
156 190
156 159
156 227
157 3
157 9
157 12
157 14
157 18
157 28
157 32
157 33
157 34
157 38
157 44
157 45
157 54
157 55
157 62
157 65
157 67
157 68
157 80
157 85
157 87
157 92
157 94
157 95
157 105
157 109
157 113
157 121
157 122
157 123
157 129
157 132
157 135
157 136
157 138
157 139
157 146
157 153
157 154
157 208
157 159
157 181
157 206
158 34
158 41
158 61
158 65
158 92
158 102
158 109
158 120
158 128
159 0
159 3
159 5
159 15
159 16
159 26
159 34
159 38
159 51
159 72
159 76
159 84
159 97
159 104
159 112
159 121
159 133
159 151
159 156
159 157
159 204
159 172
160 33
160 92
160 97
160 102
160 109
160 136
160 139
160 144
161 5
161 66
162 30
162 32
162 57
162 86
162 94
162 105
162 113
162 170
163 0
163 3
163 12
163 15
163 16
163 18
163 25
163 26
163 27
163 28
163 33
163 34
163 35
163 45
163 61
163 64
163 66
163 71
163 76
163 79
163 84
163 89
163 91
163 94
163 101
163 102
163 104
163 105
163 109
163 113
163 119
163 135
163 136
163 142
163 145
163 148
163 165
163 212
163 182
163 178
164 9
164 12
164 14
164 15
164 32
164 33
164 36
164 38
164 39
164 42
164 43
164 45
164 54
164 67
164 70
164 71
164 84
164 85
164 86
164 87
164 92
164 95
164 96
164 102
164 105
164 108
164 111
164 123
164 127
164 136
164 139
165 14
165 27
165 38
165 42
165 50
165 59
165 71
165 75
165 84
165 87
165 92
165 102
165 108
165 109
165 112
165 120
165 123
165 135
165 136
165 154
165 163
165 181
165 215
166 10
166 12
166 14
166 17
166 23
166 27
166 28
166 33
166 65
166 86
166 102
166 123
166 142
166 167
166 188
166 200
166 205
167 12
167 14
167 18
167 23
167 27
167 33
167 34
167 48
167 56
167 84
167 92
167 102
167 142
167 166
167 200
167 181
168 15
168 32
168 34
168 36
168 37
168 44
168 54
168 57
168 58
168 67
168 73
168 79
168 80
168 94
168 101
168 105
168 113
168 114
168 124
168 127
168 146
168 153
168 154
168 177
168 203
169 44
169 106
169 141
169 170
169 198
169 178
170 29
170 30
170 52
170 101
170 162
170 169
170 194
171 14
171 144
171 200
171 174
171 192
172 14
172 18
172 64
172 72
172 102
172 123
172 148
172 159
173 2
173 6
173 10
173 17
173 20
173 21
173 22
173 24
173 26
173 34
173 39
173 41
173 42
173 45
173 46
173 47
173 48
173 60
173 61
173 62
173 63
173 65
173 66
173 74
173 77
173 87
173 91
173 99
173 103
173 108
173 109
173 112
173 115
173 118
173 120
173 128
173 133
173 134
173 137
173 142
173 145
173 189
173 187
174 14
174 23
174 171
174 202
175 14
175 137
175 154
175 181
176 9
176 14
176 34
176 43
176 44
176 85
176 101
176 109
176 129
176 144
176 203
176 199
177 31
177 34
177 43
177 94
177 101
177 113
177 168
177 199
178 33
178 34
178 40
178 45
178 123
178 141
178 163
178 169
178 180
179 11
179 12
179 14
179 33
179 109
179 111
180 2
180 15
180 17
180 24
180 73
180 76
180 89
180 101
180 105
180 110
180 113
180 135
180 143
180 178
180 203
180 225
181 3
181 6
181 8
181 12
181 13
181 16
181 17
181 27
181 34
181 38
181 40
181 46
181 54
181 61
181 66
181 71
181 74
181 77
181 81
181 86
181 97
181 102
181 103
181 110
181 112
181 119
181 122
181 123
181 132
181 136
181 137
181 143
181 157
181 165
181 167
181 175
182 9
182 18
182 33
182 34
182 38
182 45
182 50
182 92
182 105
182 123
182 136
182 139
182 144
182 163
183 31
183 32
183 34
183 36
183 44
183 54
183 57
183 63
183 79
183 80
183 94
183 101
183 105
183 114
183 140
184 0
184 33
184 45
184 98
184 130
184 200
185 4
185 14
185 33
185 34
185 46
185 77
185 92
185 102
185 112
185 136
185 148
185 151
185 196
186 5
186 17
186 22
186 45
186 48
186 50
186 99
186 104
187 0
187 4
187 13
187 16
187 17
187 36
187 39
187 42
187 47
187 54
187 82
187 87
187 107
187 108
187 134
187 173
188 15
188 17
188 28
188 33
188 35
188 56
188 84
188 91
188 104
188 111
188 117
188 121
188 125
188 133
188 140
188 166
189 0
189 18
189 21
189 26
189 33
189 34
189 41
189 42
189 45
189 46
189 86
189 87
189 99
189 102
189 123
189 136
189 173
190 9
190 16
190 33
190 34
190 40
190 62
190 66
190 71
190 74
190 75
190 77
190 89
190 93
190 98
190 102
190 115
190 133
190 135
190 155
190 156
190 195
191 45
191 50
192 14
192 110
192 118
192 142
192 144
192 171
193 14
193 33
193 81
194 30
194 170
195 33
195 38
195 71
195 74
195 77
195 120
195 190
196 0
196 3
196 6
196 8
196 25
196 26
196 33
196 34
196 38
196 41
196 45
196 46
196 56
196 58
196 64
196 84
196 97
196 102
196 112
196 123
196 133
196 136
196 185
197 4
197 28
197 33
197 36
197 71
197 79
197 84
197 92
197 123
198 81
198 169
199 14
199 43
199 44
199 87
199 101
199 176
199 177
199 203
200 4
200 5
200 10
200 14
200 19
200 23
200 30
200 42
200 45
200 50
200 102
200 109
200 120
200 132
200 142
200 144
200 166
200 167
200 171
200 184
200 223
201 17
201 39
201 101
201 113
201 135
201 152
201 203
202 14
202 45
202 71
202 104
202 174
203 14
203 34
203 43
203 168
203 176
203 180
203 199
203 201
204 14
204 23
204 159
205 5
205 12
205 14
205 27
205 38
205 76
205 84
205 142
205 166
206 23
206 70
206 108
206 115
206 120
206 157
207 48
207 87
207 120
207 125
207 129
207 133
207 148
208 25
208 139
208 157
209 6
209 13
209 33
209 34
209 40
209 46
209 59
209 61
209 86
209 87
209 102
209 111
209 112
209 123
210 8
210 29
210 30
210 52
210 74
210 100
210 101
210 140
210 218
211 14
211 223
212 33
212 34
212 36
212 45
212 77
212 102
212 113
212 123
212 135
212 136
212 163
213 20
213 21
213 42
213 47
213 58
213 60
213 90
213 99
213 102
213 115
213 118
213 120
213 134
213 139
214 139
215 0
215 14
215 40
215 135
215 165
216 30
216 139
216 218
217 33
217 45
217 102
217 136
218 57
218 86
218 210
218 216
218 226
219 13
219 14
219 70
219 102
219 108
219 109
219 135
219 144
220 33
220 49
221 14
221 33
221 87
221 102
222 156
223 200
223 211
224 14
224 27
225 180
226 100
226 218
227 139
227 156
228 28
228 34
229 139
