0 1
0 6
0 47
0 19
0 56
0 3
0 31
0 20
0 4
0 40
0 13
0 50
0 28
0 70
0 43
0 57
0 42
0 7
0 82
0 41
0 75
0 10
0 14
0 61
0 23
0 72
0 76
0 38
0 22
0 21
0 67
0 27
0 39
0 36
0 26
0 2
0 32
0 45
0 17
0 9
0 71
0 91
0 59
0 52
1 0
1 40
1 50
1 52
1 43
1 20
1 75
1 23
1 71
1 41
1 73
1 28
1 13
1 35
1 45
1 2
1 22
1 19
1 39
1 34
1 4
1 72
1 78
1 57
1 21
1 32
1 47
1 29
1 3
1 31
1 38
2 0
2 1
2 3
2 12
2 34
2 70
2 28
2 38
2 82
2 71
2 21
2 23
2 20
2 32
2 57
2 33
2 13
2 66
2 31
2 69
2 78
2 81
2 58
2 43
2 50
2 11
2 19
2 72
2 54
2 15
2 14
2 22
2 37
2 47
2 27
2 61
2 4
2 75
2 56
2 39
2 36
3 0
3 1
3 2
3 27
3 7
3 75
3 36
3 82
3 76
3 50
3 47
3 40
3 42
3 11
3 64
3 69
3 52
3 39
3 21
3 10
3 58
3 43
3 45
3 4
3 6
3 9
3 19
3 67
3 23
3 91
3 17
4 0
4 1
4 2
4 3
4 5
4 47
4 41
4 40
4 20
4 73
4 43
4 22
4 82
4 39
4 7
4 59
4 17
4 69
4 9
4 15
4 14
4 65
4 34
4 31
4 21
4 27
4 33
4 36
4 26
4 75
4 61
4 8
4 11
4 42
4 45
4 28
4 50
5 4
5 21
5 40
5 27
5 43
5 47
5 39
5 8
5 69
5 36
5 45
5 61
5 73
6 0
6 3
6 7
6 56
6 17
6 40
6 69
6 90
6 58
6 27
6 50
6 26
6 36
6 54
6 80
6 92
6 73
6 8
6 68
6 24
6 52
6 91
6 9
6 43
6 11
6 47
6 61
6 42
7 0
7 3
7 4
7 6
7 43
7 26
7 59
7 45
7 36
7 27
7 10
7 42
7 76
7 28
7 40
7 69
7 75
7 52
7 17
7 91
7 21
7 67
7 47
8 4
8 5
8 6
8 9
8 11
8 21
8 17
8 65
8 80
8 50
8 76
8 43
8 61
8 45
8 73
9 0
9 3
9 4
9 6
9 8
9 39
9 31
9 22
9 17
9 45
9 54
9 73
9 50
9 11
9 43
9 47
9 27
9 52
9 65
9 36
9 61
9 67
9 21
10 0
10 3
10 7
10 11
10 36
10 43
10 42
10 27
10 17
10 91
10 26
10 40
10 69
10 76
10 13
11 2
11 3
11 4
11 6
11 8
11 9
11 10
11 43
11 46
11 60
11 33
11 30
11 52
11 38
11 58
11 32
11 51
11 34
11 62
11 13
11 74
11 29
11 23
11 83
11 76
11 81
11 67
11 93
11 40
11 36
11 55
11 87
11 22
11 79
11 56
11 65
11 39
11 49
11 31
11 90
11 15
11 86
11 19
11 12
11 45
11 48
11 54
11 16
11 44
11 77
11 35
11 21
11 14
12 2
12 11
12 58
12 81
12 29
12 56
12 38
12 23
12 15
12 39
13 0
13 1
13 2
13 10
13 11
13 14
13 21
13 70
13 53
13 43
13 63
13 23
13 54
13 38
13 20
13 72
13 58
13 75
13 82
13 31
13 39
13 56
13 71
13 28
13 17
13 78
13 57
13 15
13 29
13 19
13 76
13 22
13 45
13 40
13 34
13 69
13 35
14 0
14 2
14 4
14 11
14 13
14 26
14 32
14 58
14 20
14 47
14 19
14 15
14 40
14 35
14 41
14 21
14 57
14 72
14 59
14 56
14 23
14 28
14 22
14 75
14 78
14 17
14 39
14 34
14 29
14 71
14 38
14 73
14 43
14 45
14 69
14 54
15 2
15 4
15 11
15 12
15 13
15 14
15 16
15 25
15 35
15 62
15 66
15 81
15 69
15 51
15 75
15 61
15 56
15 23
15 38
15 82
15 46
15 71
15 54
15 58
15 20
15 47
15 30
15 53
15 22
15 24
15 34
15 32
15 19
15 77
15 57
15 29
15 37
15 60
15 80
15 72
15 70
15 26
16 11
16 15
16 33
16 48
16 79
16 74
16 86
16 46
16 60
16 49
16 87
16 51
16 29
16 83
16 21
16 30
16 62
16 55
16 77
16 44
16 54
16 22
17 0
17 3
17 4
17 6
17 7
17 8
17 9
17 10
17 13
17 14
17 18
17 26
17 65
17 69
17 50
17 24
17 54
17 21
17 67
17 40
17 82
17 91
17 92
17 45
17 59
17 70
17 68
17 39
17 42
17 52
17 72
17 73
17 76
17 36
17 75
17 27
17 80
17 47
17 61
18 17
18 36
18 84
18 76
18 40
19 0
19 1
19 2
19 3
19 11
19 13
19 14
19 15
19 20
19 54
19 77
19 80
19 23
19 58
19 26
19 57
19 72
19 21
19 56
19 34
19 71
19 69
19 70
19 66
19 82
19 38
19 75
19 35
20 0
20 1
20 2
20 4
20 13
20 14
20 15
20 19
20 22
20 61
20 38
20 70
20 57
20 47
20 28
20 60
20 34
20 39
20 82
20 72
20 35
20 40
20 42
20 32
20 71
20 65
20 41
20 45
20 75
20 23
20 58
20 50
20 43
20 21
20 31
21 0
21 1
21 2
21 3
21 4
21 5
21 7
21 8
21 9
21 11
21 13
21 14
21 16
21 17
21 19
21 20
21 28
21 56
21 27
21 65
21 45
21 57
21 80
21 40
21 22
21 39
21 73
21 31
21 92
21 42
21 59
21 70
21 91
21 61
21 75
21 94
21 82
21 35
21 36
21 66
21 47
21 69
21 52
21 26
21 81
21 33
21 43
21 68
22 0
22 1
22 2
22 4
22 9
22 11
22 13
22 14
22 15
22 16
22 20
22 21
22 36
22 35
22 61
22 31
22 66
22 42
22 44
22 47
22 34
22 72
22 57
22 32
22 27
22 28
22 23
22 45
22 87
22 84
22 70
22 88
22 68
22 26
22 62
22 24
22 43
22 75
22 60
22 38
22 73
22 40
22 58
22 41
22 65
22 77
22 69
22 71
22 59
22 82
23 0
23 1
23 2
23 3
23 11
23 12
23 13
23 14
23 15
23 19
23 20
23 22
23 24
23 28
23 58
23 34
23 32
23 71
23 70
23 82
23 72
23 42
23 69
23 57
23 78
23 26
23 38
23 35
23 75
23 68
23 56
23 27
23 47
23 37
23 66
23 31
23 88
24 6
24 15
24 17
24 22
24 23
24 43
24 40
24 91
24 28
25 15
25 43
25 38
25 53
25 91
26 0
26 4
26 6
26 7
26 10
26 14
26 15
26 17
26 19
26 21
26 22
26 23
26 42
26 27
26 52
26 58
26 39
26 56
26 67
26 75
26 76
26 40
26 59
26 31
26 28
26 45
26 54
26 50
26 61
26 91
26 36
26 43
27 0
27 2
27 3
27 4
27 5
27 6
27 7
27 9
27 10
27 17
27 21
27 22
27 23
27 26
27 59
27 36
27 50
27 68
27 52
27 91
27 69
27 76
27 73
27 47
27 45
27 40
27 67
27 72
27 75
27 61
27 43
27 41
27 42
28 0
28 1
28 2
28 4
28 7
28 13
28 14
28 20
28 21
28 22
28 23
28 24
28 26
28 42
28 31
28 72
28 82
28 78
28 84
28 58
28 75
28 41
28 80
28 35
28 38
28 29
28 88
28 70
28 47
28 68
28 40
28 57
28 32
28 34
28 92
28 73
28 89
28 69
28 52
29 1
29 11
29 12
29 13
29 14
29 15
29 16
29 28
29 30
29 35
29 32
29 57
29 70
29 34
29 81
29 46
29 93
29 33
29 39
29 75
29 58
29 62
29 86
29 69
29 60
29 49
29 54
29 38
29 82
29 74
30 11
30 15
30 16
30 29
30 46
30 71
30 48
30 39
30 51
30 54
30 44
30 60
30 62
30 77
30 79
30 86
30 33
30 87
30 55
30 74
31 0
31 1
31 2
31 4
31 9
31 11
31 13
31 20
31 21
31 22
31 23
31 26
31 28
31 32
31 41
31 37
31 72
31 69
31 39
31 70
31 34
31 71
31 40
31 47
31 78
31 58
31 75
31 42
31 43
32 0
32 1
32 2
32 11
32 14
32 15
32 20
32 22
32 23
32 28
32 29
32 31
32 57
32 78
32 75
32 38
32 82
32 70
32 35
32 71
32 47
32 68
33 2
33 4
33 11
33 16
33 21
33 29
33 30
33 44
33 62
33 74
33 81
33 87
33 46
33 36
33 51
33 49
33 79
33 39
33 77
33 93
33 67
33 69
33 76
33 60
33 86
33 55
33 48
33 43
34 1
34 2
34 4
34 11
34 13
34 14
34 15
34 19
34 20
34 22
34 23
34 28
34 29
34 31
34 35
34 58
34 75
34 37
34 71
34 39
34 60
34 81
34 47
34 54
35 1
35 11
35 13
35 14
35 15
35 19
35 20
35 21
35 22
35 23
35 28
35 29
35 32
35 34
35 75
35 82
35 38
35 57
35 58
35 71
35 47
36 0
36 2
36 3
36 4
36 5
36 6
36 7
36 9
36 10
36 11
36 17
36 18
36 21
36 22
36 26
36 27
36 33
36 42
36 50
36 76
36 67
36 40
36 45
36 65
36 39
36 91
36 43
36 47
36 56
36 52
36 73
36 69
36 61
37 2
37 15
37 23
37 31
37 34
37 38
37 58
37 66
37 68
37 80
37 39
37 47
37 75
37 56
38 0
38 1
38 2
38 11
38 12
38 13
38 14
38 15
38 19
38 20
38 22
38 23
38 25
38 28
38 29
38 32
38 35
38 37
38 58
38 71
38 39
38 88
38 75
38 72
38 57
38 56
38 60
38 66
38 69
38 78
39 0
39 1
39 2
39 3
39 4
39 5
39 9
39 11
39 12
39 13
39 14
39 17
39 20
39 21
39 26
39 29
39 30
39 31
39 33
39 34
39 36
39 37
39 38
39 49
39 40
39 45
39 58
39 86
39 51
39 87
39 61
39 59
39 65
39 82
39 93
39 81
39 60
39 43
39 42
39 70
39 75
39 73
39 67
39 50
39 69
40 0
40 1
40 3
40 4
40 5
40 6
40 7
40 10
40 11
40 13
40 14
40 17
40 18
40 20
40 21
40 22
40 24
40 26
40 27
40 28
40 31
40 36
40 39
40 58
40 47
40 73
40 43
40 75
40 89
40 85
40 76
40 61
40 52
40 91
40 80
40 54
40 60
40 87
40 82
40 69
40 92
40 59
40 41
40 42
40 45
40 68
40 56
41 0
41 1
41 4
41 14
41 20
41 22
41 27
41 28
41 31
41 40
41 85
41 59
41 75
41 47
41 43
42 0
42 3
42 4
42 6
42 7
42 10
42 17
42 20
42 21
42 22
42 23
42 26
42 27
42 28
42 31
42 36
42 39
42 40
42 52
42 59
42 69
42 50
42 45
42 43
42 92
42 91
42 76
42 68
42 71
42 67
42 75
42 47
43 0
43 1
43 2
43 3
43 4
43 5
43 6
43 7
43 8
43 9
43 10
43 11
43 13
43 14
43 20
43 21
43 22
43 24
43 25
43 26
43 27
43 31
43 33
43 36
43 39
43 40
43 41
43 42
43 45
43 67
43 75
43 65
43 47
43 70
43 54
43 80
43 72
43 53
43 76
43 52
43 68
43 69
43 59
43 56
43 91
44 11
44 16
44 22
44 30
44 33
44 48
44 87
44 79
44 58
44 60
44 54
45 0
45 1
45 3
45 4
45 5
45 7
45 8
45 9
45 11
45 13
45 14
45 17
45 20
45 21
45 22
45 26
45 27
45 36
45 39
45 40
45 42
45 43
45 52
45 69
45 61
45 91
45 75
45 50
45 73
45 67
45 65
45 59
45 57
45 47
46 11
46 15
46 16
46 29
46 30
46 33
46 56
46 83
46 60
46 81
46 48
47 0
47 1
47 2
47 3
47 4
47 5
47 6
47 7
47 9
47 14
47 15
47 17
47 20
47 21
47 22
47 23
47 27
47 28
47 31
47 32
47 34
47 35
47 36
47 37
47 40
47 41
47 42
47 43
47 45
47 59
47 56
47 61
47 67
47 71
47 75
47 82
47 52
47 50
47 70
47 69
47 57
48 11
48 16
48 30
48 33
48 44
48 46
48 51
48 79
48 60
48 55
48 54
48 87
48 86
48 77
48 62
48 74
49 11
49 16
49 29
49 33
49 39
49 53
50 0
50 1
50 2
50 3
50 4
50 6
50 8
50 9
50 17
50 20
50 26
50 27
50 36
50 39
50 42
50 45
50 47
50 65
50 69
50 59
50 67
50 82
51 11
51 15
51 16
51 30
51 33
51 39
51 48
51 60
51 81
51 93
52 0
52 1
52 3
52 6
52 7
52 9
52 11
52 17
52 21
52 26
52 27
52 28
52 36
52 40
52 42
52 43
52 45
52 47
52 61
52 88
52 84
52 59
52 60
52 91
52 69
52 56
52 73
52 66
53 13
53 15
53 25
53 43
53 49
53 81
53 58
53 93
53 79
54 2
54 6
54 9
54 11
54 13
54 14
54 15
54 16
54 17
54 19
54 26
54 29
54 30
54 34
54 40
54 43
54 44
54 48
54 55
54 61
54 71
54 81
54 75
54 78
54 60
54 63
54 65
54 86
54 77
54 82
54 74
54 70
54 87
54 62
55 11
55 16
55 30
55 33
55 48
55 54
55 60
56 0
56 2
56 6
56 11
56 12
56 13
56 14
56 15
56 19
56 21
56 23
56 26
56 36
56 37
56 38
56 40
56 43
56 46
56 47
56 52
56 58
56 71
56 81
56 83
57 0
57 1
57 2
57 13
57 14
57 15
57 19
57 20
57 21
57 22
57 23
57 28
57 29
57 32
57 35
57 38
57 45
57 47
57 58
57 70
57 82
57 75
57 78
58 2
58 3
58 6
58 11
58 12
58 13
58 14
58 15
58 19
58 20
58 22
58 23
58 26
58 28
58 29
58 31
58 34
58 35
58 37
58 38
58 39
58 40
58 44
58 53
58 56
58 57
58 68
58 67
58 87
58 61
58 75
58 81
58 92
58 71
58 66
58 63
58 72
58 80
58 73
58 69
58 70
59 0
59 4
59 7
59 14
59 17
59 21
59 22
59 26
59 27
59 39
59 40
59 41
59 42
59 43
59 45
59 47
59 50
59 52
59 69
59 85
59 91
60 11
60 15
60 16
60 20
60 22
60 29
60 30
60 33
60 34
60 38
60 39
60 40
60 44
60 46
60 48
60 51
60 52
60 54
60 55
60 77
60 87
60 70
60 81
60 74
60 83
60 79
60 86
60 71
60 62
61 0
61 2
61 4
61 5
61 6
61 8
61 9
61 15
61 17
61 20
61 21
61 22
61 26
61 27
61 36
61 39
61 40
61 45
61 47
61 52
61 54
61 58
61 76
61 69
61 73
61 67
61 65
61 75
61 82
61 71
62 11
62 15
62 16
62 22
62 29
62 30
62 33
62 48
62 54
62 60
62 87
62 71
63 13
63 54
63 58
63 64
64 3
64 63
65 4
65 8
65 9
65 11
65 17
65 20
65 21
65 22
65 36
65 39
65 43
65 45
65 50
65 54
65 61
65 71
65 73
65 67
66 2
66 15
66 19
66 21
66 22
66 23
66 37
66 38
66 52
66 58
66 75
67 0
67 3
67 7
67 9
67 11
67 17
67 26
67 27
67 33
67 36
67 39
67 42
67 43
67 45
67 47
67 50
67 58
67 61
67 65
67 69
67 75
67 73
67 91
67 78
68 6
68 17
68 21
68 22
68 23
68 27
68 28
68 32
68 37
68 40
68 42
68 43
68 58
68 88
68 69
68 91
68 75
69 2
69 3
69 4
69 5
69 6
69 7
69 10
69 13
69 14
69 15
69 17
69 19
69 21
69 22
69 23
69 27
69 28
69 29
69 31
69 33
69 36
69 38
69 39
69 40
69 42
69 43
69 45
69 47
69 50
69 52
69 58
69 59
69 61
69 67
69 68
69 84
69 75
69 76
69 92
69 91
69 70
69 71
69 72
70 0
70 2
70 13
70 15
70 17
70 19
70 20
70 21
70 22
70 23
70 28
70 29
70 31
70 32
70 39
70 43
70 47
70 54
70 57
70 58
70 60
70 69
70 71
70 75
70 72
71 0
71 1
71 2
71 13
71 14
71 15
71 19
71 20
71 22
71 23
71 30
71 31
71 32
71 34
71 35
71 38
71 42
71 47
71 54
71 56
71 58
71 60
71 61
71 62
71 65
71 69
71 70
71 72
71 75
72 0
72 1
72 2
72 13
72 14
72 15
72 17
72 19
72 20
72 22
72 23
72 27
72 28
72 31
72 38
72 43
72 58
72 69
72 70
72 71
72 75
73 1
73 4
73 5
73 6
73 8
73 9
73 14
73 17
73 21
73 22
73 27
73 28
73 36
73 39
73 40
73 45
73 52
73 58
73 61
73 65
73 67
73 91
73 82
73 75
74 11
74 16
74 29
74 30
74 33
74 48
74 54
74 60
75 0
75 1
75 2
75 3
75 4
75 7
75 13
75 14
75 15
75 17
75 19
75 20
75 21
75 22
75 23
75 26
75 27
75 28
75 29
75 31
75 32
75 34
75 35
75 37
75 38
75 39
75 40
75 41
75 42
75 43
75 45
75 47
75 54
75 57
75 58
75 61
75 66
75 67
75 68
75 69
75 70
75 71
75 72
75 73
75 76
75 78
76 0
76 3
76 7
76 8
76 10
76 11
76 13
76 17
76 18
76 26
76 27
76 33
76 36
76 40
76 42
76 43
76 61
76 69
76 75
76 91
77 11
77 15
77 16
77 19
77 22
77 30
77 33
77 48
77 54
77 60
77 87
78 1
78 2
78 13
78 14
78 23
78 28
78 31
78 32
78 38
78 54
78 57
78 67
78 75
78 82
79 11
79 16
79 30
79 33
79 44
79 48
79 53
79 60
80 6
80 8
80 15
80 17
80 19
80 21
80 28
80 37
80 40
80 43
80 58
80 91
81 2
81 11
81 12
81 15
81 21
81 29
81 33
81 34
81 39
81 46
81 51
81 53
81 54
81 56
81 58
81 60
81 83
82 0
82 2
82 3
82 4
82 13
82 15
82 17
82 19
82 20
82 21
82 22
82 23
82 28
82 29
82 32
82 35
82 39
82 40
82 47
82 50
82 54
82 57
82 61
82 73
82 78
83 11
83 16
83 46
83 56
83 60
83 81
83 86
84 18
84 22
84 28
84 52
84 69
85 40
85 41
85 59
86 11
86 16
86 29
86 30
86 33
86 39
86 48
86 54
86 60
86 83
87 11
87 16
87 22
87 30
87 33
87 39
87 40
87 44
87 48
87 54
87 58
87 60
87 62
87 77
88 22
88 23
88 28
88 38
88 52
88 68
89 28
89 40
90 6
90 11
91 0
91 3
91 6
91 7
91 10
91 17
91 21
91 24
91 25
91 26
91 27
91 36
91 40
91 42
91 43
91 45
91 52
91 59
91 67
91 68
91 69
91 73
91 76
91 80
92 6
92 17
92 21
92 28
92 40
92 42
92 58
92 69
93 11
93 29
93 33
93 39
93 51
93 53
94 21
