0 1
0 96
0 35
0 132
0 151
0 174
0 53
0 47
0 104
0 86
0 6
0 100
0 133
0 63
0 129
0 54
0 88
0 20
0 10
0 143
0 209
0 145
0 58
0 190
0 66
0 90
0 62
0 161
1 0
1 71
1 139
1 168
1 149
1 116
1 48
1 86
1 161
1 25
1 58
1 60
1 54
1 90
1 145
1 62
1 190
1 98
1 49
1 191
1 174
1 35
1 37
1 20
1 70
1 43
1 134
1 96
1 143
1 4
1 132
2 3
2 87
2 39
2 109
2 142
2 21
2 197
2 199
2 153
2 207
2 64
2 115
2 79
2 26
2 152
2 188
2 212
2 55
2 164
2 47
2 214
2 50
2 51
2 56
2 217
2 194
2 107
2 186
2 169
2 210
2 126
2 157
2 129
2 80
2 108
2 90
2 209
2 100
2 218
3 2
3 107
3 129
3 104
3 60
3 82
3 80
3 90
3 5
3 27
3 66
3 142
4 1
4 5
4 42
4 46
4 106
4 45
4 101
4 88
4 31
4 143
4 61
4 121
4 84
4 114
4 131
4 105
4 85
4 75
4 32
4 25
4 57
4 166
4 68
4 142
4 44
4 59
4 71
4 81
4 16
4 19
4 141
4 67
4 43
4 118
4 129
4 69
4 74
4 17
4 29
4 93
4 36
4 76
4 18
4 60
4 34
4 97
4 108
4 12
4 15
4 7
4 58
4 35
4 98
4 102
4 28
4 66
4 122
4 33
4 11
4 144
4 30
4 147
4 37
4 82
4 78
4 9
4 77
4 134
4 8
5 3
5 4
5 69
5 82
5 85
5 44
5 74
5 45
5 34
5 76
5 16
5 31
5 101
5 121
5 81
5 33
5 8
5 129
5 58
5 49
5 19
5 143
5 42
5 25
5 46
5 78
5 73
5 28
5 114
5 67
5 105
5 18
5 84
5 113
5 60
5 15
5 7
5 32
5 68
5 12
5 134
5 97
5 122
5 61
5 29
5 117
5 38
5 77
5 17
5 108
5 43
5 11
5 59
5 102
5 93
5 37
5 131
5 118
5 145
5 30
5 88
5 166
5 98
5 104
5 9
5 144
6 0
6 7
6 28
6 9
6 37
6 155
6 71
6 101
6 76
6 82
6 144
6 133
6 102
6 116
7 4
7 5
7 6
7 17
7 68
7 69
7 46
7 9
7 145
7 32
7 42
7 101
7 81
7 44
7 25
7 166
7 28
7 88
7 76
7 74
7 67
7 78
7 60
7 45
7 34
7 93
7 113
7 61
7 122
7 37
7 144
7 143
7 43
7 58
7 84
7 15
7 102
7 19
7 30
7 118
7 31
7 82
7 98
8 4
8 5
8 9
8 77
8 84
8 144
8 43
8 29
8 98
8 11
8 74
8 44
8 19
8 17
8 85
8 67
8 32
8 25
8 71
8 76
8 60
8 38
8 82
8 42
8 78
8 15
8 97
8 59
8 69
8 101
8 34
8 31
9 4
9 5
9 6
9 7
9 8
9 10
9 45
9 19
9 143
9 93
9 46
9 113
9 133
9 144
9 122
9 34
9 11
9 85
9 166
9 15
9 82
9 25
9 18
9 134
9 58
9 42
9 101
9 68
9 78
9 74
9 29
9 81
9 97
9 69
9 43
9 59
9 67
9 28
9 17
9 60
9 77
9 61
9 131
9 98
10 0
10 9
10 20
10 90
10 88
10 132
10 133
10 134
10 190
10 68
10 149
10 86
10 161
10 151
10 85
10 25
10 211
10 63
10 67
10 58
10 143
10 174
10 98
10 48
10 117
10 168
10 62
10 35
10 145
10 54
10 70
10 191
10 173
11 4
11 5
11 8
11 9
11 12
11 32
11 78
11 81
11 85
11 101
11 37
11 69
11 76
11 44
11 121
11 93
11 31
11 38
11 58
11 77
11 74
11 15
11 97
11 166
11 75
11 29
11 18
11 28
11 43
11 105
11 144
11 30
11 17
11 57
11 16
11 88
11 45
11 33
11 118
11 42
11 67
11 114
11 46
11 25
11 122
11 34
11 19
11 60
11 68
12 4
12 5
12 11
12 25
12 37
12 42
12 133
12 67
12 122
12 60
12 69
12 43
12 97
12 101
12 68
12 46
12 166
12 162
12 18
12 19
12 61
12 44
12 81
12 16
12 76
12 71
12 15
12 45
12 93
12 113
12 104
12 98
12 167
12 102
12 118
12 58
12 129
12 144
12 125
12 34
12 74
12 17
12 28
13 14
13 55
13 164
13 158
13 179
13 89
13 159
13 172
13 66
13 126
13 95
13 157
13 79
13 153
14 13
14 83
14 119
14 135
14 65
14 55
14 159
14 175
14 179
14 95
14 89
14 170
14 153
14 126
14 157
14 100
14 180
14 187
15 4
15 5
15 7
15 8
15 9
15 11
15 12
15 16
15 19
15 67
15 44
15 58
15 88
15 81
15 77
15 114
15 78
15 25
15 32
15 28
15 18
15 69
15 43
15 33
15 59
15 76
15 74
15 166
15 45
15 97
15 82
15 46
15 17
15 60
15 101
15 102
15 29
15 75
15 34
15 122
15 42
15 144
15 37
15 85
15 31
15 93
15 49
15 174
15 98
16 4
16 5
16 11
16 12
16 15
16 61
16 25
16 30
16 122
16 45
16 78
16 85
16 37
16 67
16 74
16 43
16 166
16 29
16 121
16 102
16 69
16 17
16 76
16 19
16 88
16 46
16 77
16 68
16 118
16 184
16 32
16 42
16 31
16 28
16 44
16 114
16 93
16 60
16 105
16 101
16 98
17 4
17 5
17 7
17 8
17 9
17 11
17 12
17 15
17 16
17 18
17 76
17 84
17 114
17 122
17 25
17 97
17 118
17 93
17 28
17 88
17 29
17 19
17 31
17 46
17 61
17 77
17 33
17 102
17 49
17 45
17 69
17 131
17 44
17 81
17 42
17 78
17 166
17 43
17 105
17 85
17 58
17 60
17 34
17 74
17 68
17 59
17 113
17 67
17 101
17 206
17 30
17 98
17 32
17 75
17 37
17 82
17 144
18 4
18 5
18 9
18 11
18 12
18 15
18 17
18 69
18 97
18 78
18 166
18 33
18 122
18 45
18 32
18 88
18 118
18 60
18 34
18 43
18 42
18 81
18 61
18 93
18 101
18 28
18 74
18 19
18 44
18 85
18 67
18 76
18 37
18 29
18 46
18 144
18 25
18 58
18 59
19 4
19 5
19 7
19 8
19 9
19 11
19 12
19 15
19 16
19 17
19 18
19 68
19 46
19 114
19 74
19 59
19 82
19 34
19 32
19 142
19 31
19 30
19 88
19 60
19 77
19 122
19 69
19 36
19 58
19 33
19 28
19 93
19 25
19 75
19 118
19 37
19 166
19 35
19 145
19 143
19 84
19 144
19 147
19 76
19 131
19 45
19 29
19 42
19 134
19 101
19 81
19 85
19 44
19 90
19 67
19 121
19 43
19 78
19 97
19 102
19 61
20 0
20 1
20 10
20 53
20 47
20 108
20 173
20 145
20 34
20 25
20 161
20 174
20 63
20 98
20 151
20 133
20 86
20 162
20 141
20 71
21 2
21 22
21 52
21 110
21 148
21 51
21 175
21 65
21 95
22 21
22 79
22 115
22 64
22 89
22 51
22 148
22 126
22 110
22 65
22 208
22 146
22 180
22 23
22 179
22 124
22 160
22 80
22 119
23 22
23 24
23 107
23 94
23 110
23 90
23 79
23 158
23 180
23 83
23 51
23 198
23 64
23 126
23 56
23 95
23 196
23 66
23 80
23 164
23 65
23 148
23 108
23 170
23 119
23 135
23 210
24 23
24 177
25 1
25 4
25 5
25 7
25 8
25 9
25 10
25 11
25 12
25 15
25 16
25 17
25 18
25 19
25 20
25 42
25 36
25 114
25 60
25 105
25 102
25 49
25 63
25 44
25 46
25 34
25 71
25 33
25 101
25 121
25 85
25 45
25 84
25 32
25 166
25 118
25 58
25 31
25 59
25 78
25 61
25 98
25 131
25 43
25 97
25 162
25 67
25 147
25 88
25 37
25 74
25 29
25 69
25 82
25 28
25 77
25 144
25 141
25 93
25 81
25 75
25 68
25 76
26 2
26 27
26 100
26 90
26 80
26 129
26 210
26 107
27 3
27 26
27 108
27 107
27 142
27 90
27 100
27 66
27 129
27 104
28 4
28 5
28 6
28 7
28 9
28 11
28 12
28 15
28 16
28 17
28 18
28 19
28 25
28 29
28 93
28 43
28 38
28 122
28 60
28 82
28 42
28 33
28 76
28 85
28 143
28 118
28 97
28 114
28 67
28 121
28 75
28 69
28 88
28 37
28 144
28 72
28 113
28 45
28 84
28 74
28 32
28 77
28 131
28 101
28 167
28 166
28 73
28 44
28 68
28 78
28 58
28 34
28 46
28 145
28 61
28 98
28 81
29 4
29 5
29 8
29 9
29 11
29 15
29 16
29 17
29 18
29 19
29 25
29 28
29 81
29 58
29 32
29 98
29 42
29 166
29 77
29 74
29 31
29 67
29 76
29 82
29 68
29 30
29 45
29 43
29 34
29 69
29 93
29 206
29 113
29 37
29 105
29 122
29 44
29 61
29 85
29 97
29 101
29 102
29 60
29 144
29 114
30 4
30 5
30 7
30 11
30 16
30 17
30 19
30 29
30 31
30 60
30 49
30 32
30 93
30 78
30 46
30 37
30 84
30 71
30 114
30 45
30 161
30 134
30 98
30 67
30 74
30 69
30 121
30 34
30 61
30 43
30 42
30 97
30 76
30 144
30 102
30 58
30 44
30 77
30 116
30 68
31 4
31 5
31 7
31 8
31 11
31 15
31 16
31 17
31 19
31 25
31 29
31 30
31 60
31 38
31 88
31 34
31 114
31 43
31 118
31 85
31 78
31 93
31 42
31 45
31 84
31 101
31 61
31 58
31 59
31 75
31 105
31 33
31 32
31 74
31 69
31 121
31 44
31 73
31 77
31 36
31 37
31 76
31 131
31 67
31 97
31 144
31 143
32 4
32 5
32 7
32 8
32 11
32 15
32 16
32 17
32 18
32 19
32 25
32 28
32 29
32 30
32 31
32 33
32 60
32 78
32 67
32 101
32 105
32 88
32 74
32 42
32 37
32 121
32 58
32 61
32 118
32 57
32 166
32 36
32 122
32 34
32 69
32 44
32 76
32 97
32 84
32 77
32 114
32 59
32 75
32 144
32 93
32 82
32 68
32 45
32 43
33 4
33 5
33 11
33 15
33 17
33 18
33 19
33 25
33 28
33 31
33 32
33 76
33 84
33 69
33 114
33 184
33 122
33 35
33 121
33 44
33 74
33 42
33 166
33 67
33 77
33 75
33 162
33 105
33 43
33 66
33 45
33 116
34 4
34 5
34 7
34 8
34 9
34 11
34 12
34 15
34 17
34 18
34 19
34 20
34 25
34 28
34 29
34 30
34 31
34 32
34 35
34 58
34 42
34 118
34 49
34 74
34 76
34 45
34 105
34 82
34 81
34 84
34 97
34 61
34 90
34 122
34 46
34 71
34 134
34 67
34 44
34 37
34 59
34 114
34 106
34 43
34 78
34 73
34 93
34 145
34 85
34 166
34 69
34 38
34 75
34 161
34 36
34 131
34 60
34 141
34 143
35 0
35 1
35 4
35 10
35 19
35 33
35 34
35 133
35 53
35 145
35 67
35 58
35 43
35 47
35 74
35 98
35 71
35 54
35 96
36 4
36 19
36 25
36 31
36 32
36 34
36 37
36 57
36 131
36 74
36 81
36 76
36 72
36 101
36 114
36 93
36 58
36 71
36 84
36 61
36 43
36 75
36 45
36 98
36 67
36 77
36 38
36 116
36 106
37 1
37 4
37 5
37 6
37 7
37 11
37 12
37 15
37 16
37 17
37 18
37 19
37 25
37 28
37 29
37 30
37 31
37 32
37 34
37 36
37 101
37 118
37 61
37 44
37 77
37 76
37 59
37 42
37 46
37 166
37 43
37 113
37 45
37 145
37 58
37 69
37 67
37 84
37 74
37 60
37 82
37 93
37 144
37 143
37 78
37 98
37 68
37 97
37 122
37 88
37 71
38 5
38 8
38 11
38 28
38 31
38 34
38 36
38 39
38 75
38 105
38 73
38 97
38 76
38 84
38 81
38 44
38 69
39 2
39 38
39 66
39 121
39 178
39 138
39 193
39 127
39 201
39 136
39 41
39 112
39 99
39 40
39 137
39 128
39 116
39 111
39 100
39 129
39 189
39 108
39 91
40 39
40 41
40 91
40 163
40 189
40 112
40 140
40 111
40 136
40 137
41 39
41 40
41 92
41 123
41 189
41 140
41 66
42 4
42 5
42 7
42 8
42 9
42 11
42 12
42 15
42 16
42 17
42 18
42 19
42 25
42 28
42 29
42 30
42 31
42 32
42 33
42 34
42 37
42 71
42 121
42 67
42 46
42 144
42 75
42 114
42 45
42 78
42 122
42 143
42 43
42 58
42 74
42 93
42 84
42 166
42 82
42 59
42 68
42 81
42 88
42 118
42 76
42 73
42 44
42 102
42 69
42 97
42 101
42 60
42 105
42 98
42 131
42 108
42 77
42 113
42 162
43 1
43 4
43 5
43 7
43 8
43 9
43 11
43 12
43 15
43 16
43 17
43 18
43 19
43 25
43 28
43 29
43 30
43 31
43 32
43 33
43 34
43 35
43 36
43 37
43 42
43 44
43 77
43 76
43 93
43 145
43 61
43 106
43 68
43 134
43 166
43 114
43 118
43 59
43 101
43 84
43 74
43 81
43 131
43 82
43 85
43 45
43 46
43 88
43 60
43 147
43 144
43 105
43 75
43 97
43 143
43 67
43 113
43 121
43 98
43 122
43 78
43 102
43 142
43 69
43 58
44 4
44 5
44 7
44 8
44 11
44 12
44 15
44 16
44 17
44 18
44 19
44 25
44 28
44 29
44 30
44 31
44 32
44 33
44 34
44 37
44 38
44 42
44 43
44 77
44 114
44 78
44 76
44 93
44 81
44 105
44 74
44 61
44 206
44 69
44 88
44 144
44 73
44 166
44 101
44 68
44 118
44 82
44 183
44 67
44 121
44 75
44 106
44 84
44 97
44 60
45 4
45 5
45 7
45 9
45 11
45 12
45 15
45 16
45 17
45 18
45 19
45 25
45 28
45 29
45 30
45 31
45 32
45 33
45 34
45 36
45 37
45 42
45 43
45 61
45 67
45 78
45 58
45 102
45 68
45 118
45 93
45 75
45 113
45 105
45 60
45 59
45 122
45 144
45 206
45 101
45 74
45 97
45 121
45 81
45 143
45 76
45 46
45 98
45 184
45 166
45 88
45 71
45 82
45 141
45 134
45 69
45 47
45 114
45 162
46 4
46 5
46 7
46 9
46 11
46 12
46 15
46 16
46 17
46 18
46 19
46 25
46 28
46 30
46 34
46 37
46 42
46 43
46 45
46 47
46 74
46 68
46 71
46 58
46 76
46 81
46 77
46 102
46 101
46 85
46 59
46 61
46 122
46 88
46 60
46 166
46 114
46 98
46 97
46 93
46 78
46 118
46 69
47 0
47 2
47 20
47 35
47 45
47 46
47 63
47 90
47 168
47 139
47 62
47 191
47 86
47 190
47 96
47 81
47 133
47 49
47 145
47 143
47 54
47 98
47 161
47 132
47 58
48 1
48 10
48 49
48 141
48 96
48 86
48 63
48 70
48 181
48 174
48 190
48 53
48 71
48 133
48 98
48 90
48 62
48 173
49 1
49 5
49 15
49 17
49 25
49 30
49 34
49 47
49 48
49 96
49 62
49 93
49 149
49 161
49 63
49 58
49 191
49 71
50 2
50 51
50 142
50 64
50 175
51 2
51 21
51 22
51 23
51 50
51 94
51 115
51 83
51 187
51 95
51 170
51 55
51 89
51 56
51 198
51 66
51 164
51 126
51 79
51 100
51 180
51 158
51 119
52 21
52 64
52 126
52 128
52 172
52 180
52 80
52 95
52 89
52 187
53 0
53 20
53 35
53 48
53 54
53 63
53 90
53 190
53 161
53 145
53 133
53 132
53 151
53 142
53 86
53 78
53 62
54 0
54 1
54 10
54 35
54 47
54 53
54 167
54 116
54 90
54 66
54 71
54 86
54 174
54 98
54 161
54 100
54 133
55 2
55 13
55 14
55 51
55 56
55 79
55 172
55 89
55 177
55 180
55 126
55 186
55 64
55 187
55 95
55 157
55 175
55 170
55 159
55 83
55 119
56 2
56 23
56 51
56 55
56 115
56 90
56 169
56 153
56 152
57 4
57 11
57 32
57 36
57 183
57 77
57 126
57 98
57 72
57 114
57 102
58 0
58 1
58 4
58 5
58 7
58 9
58 10
58 11
58 12
58 15
58 17
58 18
58 19
58 25
58 28
58 29
58 30
58 31
58 32
58 34
58 35
58 36
58 37
58 42
58 43
58 45
58 46
58 47
58 49
58 59
58 121
58 129
58 134
58 81
58 78
58 74
58 98
58 133
58 85
58 131
58 84
58 97
58 174
58 61
58 104
58 118
58 60
58 161
58 144
58 114
58 113
58 76
58 68
58 88
58 77
58 162
58 69
58 125
58 82
58 93
58 100
58 67
58 101
59 4
59 5
59 8
59 9
59 15
59 17
59 18
59 19
59 25
59 31
59 32
59 34
59 37
59 42
59 43
59 45
59 46
59 58
59 84
59 69
59 85
59 78
59 102
59 97
59 74
59 93
59 76
59 101
59 122
59 67
59 77
59 82
59 144
59 68
59 98
60 1
60 3
60 4
60 5
60 7
60 8
60 9
60 11
60 12
60 15
60 16
60 17
60 18
60 19
60 25
60 28
60 29
60 30
60 31
60 32
60 34
60 37
60 42
60 43
60 44
60 45
60 46
60 58
60 81
60 78
60 113
60 108
60 118
60 98
60 104
60 102
60 166
60 75
60 114
60 121
60 122
60 71
60 129
60 88
60 93
60 77
60 97
60 67
60 69
60 82
60 68
60 101
60 76
60 85
60 144
60 74
60 105
60 162
61 4
61 5
61 7
61 9
61 12
61 16
61 17
61 18
61 19
61 25
61 28
61 29
61 30
61 31
61 32
61 34
61 36
61 37
61 43
61 44
61 45
61 46
61 58
61 75
61 69
61 88
61 122
61 74
61 68
61 78
61 76
61 67
61 77
61 93
61 98
61 84
61 113
61 166
62 0
62 1
62 10
62 47
62 48
62 49
62 53
62 63
62 141
62 116
62 162
62 86
62 133
62 190
62 168
62 98
62 102
62 108
62 174
62 161
62 71
62 129
62 96
62 151
62 171
62 173
63 0
63 10
63 20
63 25
63 47
63 48
63 49
63 53
63 62
63 162
63 141
63 181
63 173
63 161
63 190
63 70
63 86
63 116
63 133
63 90
63 174
63 98
63 168
63 96
63 171
63 151
63 147
63 71
63 117
64 2
64 22
64 23
64 50
64 52
64 55
64 65
64 95
64 79
64 176
64 175
64 153
64 83
64 172
64 126
64 80
64 90
64 148
64 146
64 187
64 135
64 120
64 119
64 94
65 14
65 21
65 22
65 23
65 64
65 80
65 160
65 119
65 169
65 177
65 203
65 164
65 148
65 175
65 120
65 196
66 0
66 3
66 4
66 13
66 23
66 27
66 33
66 39
66 41
66 51
66 54
66 77
66 125
66 90
66 138
66 104
66 204
66 192
66 80
66 143
66 129
66 82
66 123
66 120
66 107
66 165
66 85
66 222
67 4
67 5
67 7
67 8
67 9
67 10
67 11
67 12
67 15
67 16
67 17
67 18
67 19
67 25
67 28
67 29
67 30
67 31
67 32
67 33
67 34
67 35
67 36
67 37
67 42
67 43
67 44
67 45
67 58
67 59
67 60
67 61
67 97
67 121
67 118
67 142
67 81
67 84
67 101
67 77
67 166
67 76
67 74
67 147
67 98
67 85
67 122
67 69
67 93
67 88
67 75
67 105
67 71
67 133
67 102
67 82
68 4
68 5
68 7
68 9
68 10
68 11
68 12
68 16
68 17
68 19
68 25
68 28
68 29
68 30
68 32
68 37
68 42
68 43
68 44
68 45
68 46
68 58
68 59
68 60
68 61
68 102
68 85
68 78
68 93
68 131
68 82
68 74
68 122
68 101
68 69
68 77
68 76
68 97
68 166
68 143
68 105
68 84
68 113
68 118
68 88
68 81
69 4
69 5
69 7
69 8
69 9
69 11
69 12
69 15
69 16
69 17
69 18
69 19
69 25
69 28
69 29
69 30
69 31
69 32
69 33
69 34
69 37
69 38
69 42
69 43
69 44
69 45
69 46
69 58
69 59
69 60
69 61
69 67
69 68
69 144
69 77
69 88
69 101
69 93
69 78
69 121
69 76
69 71
69 85
69 122
69 114
69 84
69 147
69 105
69 162
69 73
69 81
69 166
69 74
69 97
69 75
69 141
69 118
70 1
70 10
70 48
70 63
70 71
70 86
70 168
70 98
70 190
70 161
70 173
70 133
71 1
71 4
71 6
71 8
71 12
71 20
71 25
71 30
71 34
71 35
71 36
71 37
71 42
71 45
71 46
71 48
71 49
71 54
71 60
71 62
71 63
71 67
71 69
71 70
71 151
71 161
71 98
71 102
71 174
71 76
71 190
71 141
71 173
71 191
71 149
71 88
71 132
71 93
71 96
71 133
71 162
71 145
71 139
71 90
71 134
71 78
71 143
71 81
71 211
72 28
72 36
72 57
72 73
72 183
72 77
72 98
73 5
73 28
73 31
73 34
73 38
73 42
73 44
73 69
73 72
73 77
73 76
73 81
73 85
74 4
74 5
74 7
74 8
74 9
74 11
74 12
74 15
74 16
74 17
74 18
74 19
74 25
74 28
74 29
74 30
74 31
74 32
74 33
74 34
74 35
74 36
74 37
74 42
74 43
74 44
74 45
74 46
74 58
74 59
74 60
74 61
74 67
74 68
74 69
74 75
74 77
74 147
74 82
74 118
74 93
74 166
74 144
74 78
74 81
74 114
74 101
74 121
74 76
74 131
74 143
74 134
74 122
74 85
74 97
74 84
75 4
75 11
75 15
75 17
75 19
75 25
75 28
75 31
75 32
75 33
75 34
75 36
75 38
75 42
75 43
75 44
75 45
75 60
75 61
75 67
75 69
75 74
75 77
75 105
75 93
75 118
75 81
75 97
75 88
75 106
75 121
75 85
75 166
76 4
76 5
76 6
76 7
76 8
76 11
76 12
76 15
76 16
76 17
76 18
76 19
76 25
76 28
76 29
76 30
76 31
76 32
76 33
76 34
76 36
76 37
76 38
76 42
76 43
76 44
76 45
76 46
76 58
76 59
76 60
76 61
76 67
76 68
76 69
76 71
76 73
76 74
76 81
76 131
76 82
76 113
76 144
76 84
76 184
76 166
76 78
76 85
76 105
76 101
76 88
76 122
76 97
76 121
76 77
76 145
76 114
76 93
76 98
77 4
77 5
77 8
77 9
77 11
77 15
77 16
77 17
77 19
77 25
77 28
77 29
77 30
77 31
77 32
77 33
77 36
77 37
77 42
77 43
77 44
77 46
77 57
77 58
77 59
77 60
77 61
77 66
77 67
77 68
77 69
77 72
77 73
77 74
77 75
77 76
77 105
77 93
77 101
77 122
77 106
77 84
77 102
77 131
77 85
77 97
77 166
77 78
77 88
77 108
77 81
77 114
77 144
78 4
78 5
78 7
78 8
78 9
78 11
78 15
78 16
78 17
78 18
78 19
78 25
78 28
78 30
78 31
78 32
78 34
78 37
78 42
78 43
78 44
78 45
78 46
78 53
78 58
78 59
78 60
78 61
78 68
78 69
78 71
78 74
78 76
78 77
78 105
78 81
78 93
78 118
78 85
78 101
78 144
78 84
78 131
78 97
78 113
78 166
78 145
78 143
78 98
78 82
78 122
79 2
79 13
79 22
79 23
79 51
79 55
79 64
79 80
79 146
79 188
79 175
79 115
79 180
79 186
79 90
79 165
79 95
79 170
79 119
79 126
79 158
80 2
80 3
80 22
80 23
80 26
80 52
80 64
80 65
80 66
80 79
80 126
80 107
80 146
80 175
80 90
80 100
80 110
80 130
80 210
80 108
80 95
80 179
80 148
80 158
80 115
80 129
80 83
80 153
80 196
80 109
80 104
80 219
80 186
81 4
81 5
81 7
81 9
81 11
81 12
81 15
81 17
81 18
81 19
81 25
81 28
81 29
81 34
81 36
81 38
81 42
81 43
81 44
81 45
81 46
81 47
81 58
81 60
81 67
81 68
81 69
81 71
81 73
81 74
81 75
81 76
81 77
81 78
81 101
81 85
81 102
81 147
81 113
81 93
81 166
81 143
81 114
81 97
81 131
82 3
82 4
82 5
82 6
82 7
82 8
82 9
82 15
82 17
82 19
82 25
82 28
82 29
82 32
82 34
82 37
82 42
82 43
82 44
82 45
82 58
82 59
82 60
82 66
82 67
82 68
82 74
82 76
82 78
82 144
82 145
82 84
82 104
82 98
82 166
82 142
82 122
82 118
82 129
82 101
82 143
82 97
83 14
83 23
83 51
83 55
83 64
83 80
83 126
83 159
83 89
83 175
84 4
84 5
84 7
84 8
84 17
84 19
84 25
84 28
84 30
84 31
84 32
84 33
84 34
84 36
84 37
84 38
84 42
84 43
84 44
84 58
84 59
84 61
84 67
84 68
84 69
84 74
84 76
84 77
84 78
84 82
84 166
84 106
84 145
84 105
84 122
84 101
84 114
84 144
84 97
84 93
85 4
85 5
85 8
85 9
85 10
85 11
85 15
85 16
85 17
85 18
85 19
85 25
85 28
85 29
85 31
85 34
85 43
85 46
85 58
85 59
85 60
85 66
85 67
85 68
85 69
85 73
85 74
85 75
85 76
85 77
85 78
85 81
85 105
85 122
85 113
85 97
85 101
85 100
85 162
85 141
85 114
85 93
85 102
85 98
86 0
86 1
86 10
86 20
86 47
86 48
86 53
86 54
86 62
86 63
86 70
86 133
86 161
86 134
86 190
86 90
86 145
87 2
87 194
87 142
87 112
87 205
87 126
88 0
88 4
88 5
88 7
88 10
88 11
88 15
88 16
88 17
88 18
88 19
88 25
88 28
88 31
88 32
88 37
88 42
88 43
88 44
88 45
88 46
88 58
88 60
88 61
88 67
88 68
88 69
88 71
88 75
88 76
88 77
88 98
88 121
88 97
88 93
88 166
88 134
88 118
89 13
89 14
89 22
89 51
89 52
89 55
89 83
89 90
89 175
89 176
89 172
89 159
89 146
89 196
89 187
89 126
89 218
89 119
89 115
89 179
89 153
90 0
90 1
90 2
90 3
90 10
90 19
90 23
90 26
90 27
90 34
90 47
90 48
90 53
90 54
90 56
90 63
90 64
90 66
90 71
90 79
90 80
90 86
90 89
90 109
90 115
90 142
90 156
90 141
90 129
90 152
90 104
90 100
90 209
90 107
90 213
90 130
90 133
90 167
90 116
90 218
90 210
90 174
90 219
90 153
90 155
90 169
90 161
90 108
90 98
90 186
91 39
91 40
91 92
91 99
91 121
91 178
91 140
91 193
91 127
91 111
91 189
91 138
91 112
91 123
91 163
91 100
92 41
92 91
92 137
92 202
92 123
92 154
92 140
92 128
93 4
93 5
93 7
93 9
93 11
93 12
93 15
93 16
93 17
93 18
93 19
93 25
93 28
93 29
93 30
93 31
93 32
93 34
93 36
93 37
93 42
93 43
93 44
93 45
93 46
93 49
93 58
93 59
93 60
93 61
93 67
93 68
93 69
93 71
93 74
93 75
93 76
93 77
93 78
93 81
93 84
93 85
93 88
93 105
93 131
93 166
93 101
93 113
93 134
93 114
93 144
93 97
93 145
93 118
93 102
93 98
93 122
93 206
94 23
94 51
94 64
94 159
94 175
94 170
95 13
95 14
95 21
95 23
95 51
95 52
95 55
95 64
95 79
95 80
95 185
95 146
95 119
95 115
95 159
96 0
96 1
96 35
96 47
96 48
96 49
96 62
96 63
96 71
96 161
96 171
96 98
96 145
96 151
97 4
97 5
97 8
97 9
97 11
97 12
97 15
97 17
97 18
97 19
97 25
97 28
97 29
97 30
97 31
97 32
97 34
97 37
97 38
97 42
97 43
97 44
97 45
97 46
97 58
97 59
97 60
97 67
97 68
97 69
97 74
97 75
97 76
97 77
97 78
97 81
97 82
97 84
97 85
97 88
97 93
97 118
97 101
97 114
97 166
97 122
97 144
97 105
98 1
98 4
98 5
98 7
98 8
98 9
98 10
98 12
98 15
98 16
98 17
98 20
98 25
98 28
98 29
98 30
98 35
98 36
98 37
98 42
98 43
98 45
98 46
98 47
98 48
98 54
98 57
98 58
98 59
98 60
98 61
98 62
98 63
98 67
98 70
98 71
98 72
98 76
98 78
98 82
98 85
98 88
98 90
98 93
98 96
98 149
98 191
98 181
98 141
98 162
98 151
98 134
98 139
98 143
98 133
98 161
98 102
98 211
98 108
98 145
98 174
98 190
98 168
99 39
99 91
99 100
99 127
99 178
99 182
99 138
99 154
99 121
99 111
100 0
100 2
100 14
100 26
100 27
100 39
100 51
100 54
100 58
100 80
100 85
100 90
100 91
100 99
100 133
100 142
100 146
100 138
100 221
100 107
100 120
100 104
101 4
101 5
101 6
101 7
101 8
101 9
101 11
101 12
101 15
101 16
101 17
101 18
101 19
101 25
101 28
101 29
101 31
101 32
101 36
101 37
101 42
101 43
101 44
101 45
101 46
101 58
101 59
101 60
101 67
101 68
101 69
101 74
101 76
101 77
101 78
101 81
101 82
101 84
101 85
101 93
101 97
101 102
101 105
101 134
101 131
101 113
101 166
101 114
101 122
101 143
102 4
102 5
102 6
102 7
102 12
102 15
102 16
102 17
102 19
102 25
102 29
102 30
102 42
102 43
102 45
102 46
102 57
102 59
102 60
102 62
102 67
102 68
102 71
102 77
102 81
102 85
102 93
102 98
102 101
102 161
102 162
102 166
102 143
102 147
102 149
102 183
102 141
102 114
102 145
103 104
103 129
104 0
104 3
104 5
104 12
104 27
104 58
104 60
104 66
104 80
104 82
104 90
104 100
104 103
104 108
104 129
104 125
104 192
104 204
105 4
105 5
105 11
105 16
105 17
105 25
105 29
105 31
105 32
105 33
105 34
105 38
105 42
105 43
105 44
105 45
105 60
105 67
105 68
105 69
105 75
105 76
105 77
105 78
105 84
105 85
105 93
105 97
105 101
105 114
105 121
106 4
106 34
106 36
106 43
106 44
106 75
106 77
106 84
107 2
107 3
107 23
107 26
107 27
107 66
107 80
107 90
107 100
107 203
107 115
107 210
107 209
107 219
107 129
107 142
107 223
107 204
108 2
108 4
108 5
108 20
108 23
108 27
108 39
108 42
108 60
108 62
108 77
108 80
108 90
108 98
108 104
108 146
108 129
108 125
108 123
108 192
108 216
108 207
108 133
108 111
108 211
108 142
108 121
108 202
108 126
108 148
108 201
108 120
109 2
109 80
109 90
109 196
109 115
109 126
109 130
109 198
109 148
109 186
110 21
110 22
110 23
110 80
110 119
110 148
110 146
111 39
111 40
111 91
111 99
111 108
111 112
111 138
111 154
111 121
111 136
111 127
111 123
112 39
112 40
112 87
112 91
112 111
112 136
112 137
112 121
112 182
113 5
113 7
113 9
113 12
113 17
113 28
113 29
113 37
113 42
113 43
113 45
113 58
113 60
113 61
113 68
113 76
113 78
113 81
113 85
113 93
113 101
113 144
113 134
113 145
114 4
114 5
114 11
114 15
114 16
114 17
114 19
114 25
114 28
114 29
114 30
114 31
114 32
114 33
114 34
114 36
114 42
114 43
114 44
114 45
114 46
114 57
114 58
114 60
114 69
114 74
114 76
114 77
114 81
114 84
114 85
114 93
114 97
114 101
114 102
114 105
114 166
114 118
114 121
114 144
115 2
115 22
115 51
115 56
115 79
115 80
115 89
115 90
115 95
115 107
115 109
115 130
115 180
115 186
115 179
115 153
115 152
115 159
115 146
115 196
115 185
115 148
115 169
116 1
116 6
116 30
116 33
116 36
116 39
116 54
116 62
116 63
116 90
116 117
116 211
116 145
116 161
116 133
117 5
117 10
117 63
117 116
117 191
117 174
117 161
118 4
118 5
118 7
118 11
118 12
118 16
118 17
118 18
118 19
118 25
118 28
118 31
118 32
118 34
118 37
118 42
118 43
118 44
118 45
118 46
118 58
118 60
118 67
118 68
118 69
118 74
118 75
118 78
118 82
118 88
118 93
118 97
118 114
118 184
118 147
118 166
119 14
119 22
119 23
119 51
119 55
119 64
119 65
119 79
119 89
119 95
119 110
119 120
119 150
119 165
119 179
119 126
119 175
119 146
120 64
120 65
120 66
120 100
120 108
120 119
120 135
120 175
120 198
121 4
121 5
121 11
121 16
121 19
121 25
121 28
121 30
121 31
121 32
121 33
121 39
121 42
121 43
121 44
121 45
121 58
121 60
121 67
121 69
121 74
121 75
121 76
121 88
121 91
121 99
121 105
121 108
121 111
121 112
121 114
121 136
121 200
121 178
121 154
121 127
121 138
121 166
121 144
122 4
122 5
122 7
122 9
122 11
122 12
122 15
122 16
122 17
122 18
122 19
122 28
122 29
122 32
122 33
122 34
122 37
122 42
122 43
122 45
122 46
122 59
122 60
122 61
122 67
122 68
122 69
122 74
122 76
122 77
122 78
122 82
122 84
122 85
122 93
122 97
122 101
122 143
122 131
122 144
122 166
123 41
123 66
123 91
123 92
123 108
123 111
123 124
123 128
123 195
123 140
123 125
123 137
124 22
124 123
124 172
124 126
124 160
125 12
125 58
125 66
125 104
125 108
125 123
125 129
126 2
126 13
126 14
126 22
126 23
126 51
126 52
126 55
126 57
126 64
126 79
126 80
126 83
126 87
126 89
126 108
126 109
126 119
126 124
126 127
126 188
126 180
126 176
126 161
126 172
126 215
126 158
126 175
126 187
126 159
126 211
126 170
127 39
127 91
127 99
127 111
127 121
127 126
127 154
127 178
127 182
128 39
128 52
128 92
128 123
128 195
129 0
129 2
129 3
129 4
129 5
129 12
129 26
129 27
129 39
129 58
129 60
129 62
129 66
129 80
129 82
129 90
129 103
129 104
129 107
129 108
129 125
129 140
129 192
129 133
129 143
129 142
130 80
130 90
130 109
130 115
130 152
131 4
131 5
131 9
131 17
131 19
131 25
131 28
131 31
131 34
131 36
131 42
131 43
131 58
131 68
131 74
131 76
131 77
131 78
131 81
131 93
131 101
131 122
131 144
132 0
132 1
132 10
132 47
132 53
132 71
132 133
132 141
132 161
132 191
133 0
133 6
133 9
133 10
133 12
133 20
133 35
133 47
133 48
133 53
133 54
133 58
133 62
133 63
133 67
133 70
133 71
133 86
133 90
133 98
133 100
133 108
133 116
133 129
133 132
133 141
133 168
133 134
133 161
133 143
133 162
133 191
133 174
133 173
133 190
133 181
133 151
134 1
134 4
134 5
134 9
134 10
134 19
134 30
134 34
134 43
134 45
134 58
134 71
134 74
134 86
134 88
134 93
134 98
134 101
134 113
134 133
134 141
134 161
134 174
135 14
135 23
135 64
135 120
135 159
135 177
135 175
135 185
136 39
136 40
136 111
136 112
136 121
136 137
137 39
137 40
137 92
137 112
137 123
137 136
137 140
138 39
138 66
138 91
138 99
138 100
138 111
138 121
138 163
138 178
138 193
139 1
139 47
139 71
139 98
140 40
140 41
140 91
140 92
140 123
140 129
140 137
140 154
140 189
141 4
141 20
141 25
141 34
141 45
141 48
141 62
141 63
141 69
141 71
141 85
141 90
141 98
141 102
141 132
141 133
141 134
141 149
141 162
141 174
141 161
141 145
141 190
142 2
142 3
142 4
142 19
142 27
142 43
142 50
142 53
142 67
142 82
142 87
142 90
142 100
142 107
142 108
142 129
142 205
143 0
143 1
143 4
143 5
143 7
143 9
143 10
143 19
143 28
143 31
143 34
143 37
143 42
143 43
143 45
143 47
143 66
143 68
143 71
143 74
143 78
143 81
143 82
143 98
143 101
143 102
143 122
143 129
143 133
143 162
143 174
143 161
144 4
144 5
144 6
144 7
144 8
144 9
144 11
144 12
144 15
144 17
144 18
144 19
144 25
144 28
144 29
144 30
144 31
144 32
144 37
144 42
144 43
144 44
144 45
144 58
144 59
144 60
144 69
144 74
144 76
144 77
144 78
144 82
144 84
144 93
144 97
144 113
144 114
144 121
144 122
144 131
144 166
144 206
145 0
145 1
145 5
145 7
145 10
145 19
145 20
145 28
145 34
145 35
145 37
145 43
145 47
145 53
145 71
145 76
145 78
145 82
145 84
145 86
145 93
145 96
145 98
145 102
145 113
145 116
145 141
145 173
146 22
146 64
146 79
146 80
146 89
146 95
146 100
146 108
146 110
146 115
146 119
146 159
146 175
146 213
146 148
146 153
146 180
146 176
147 4
147 19
147 25
147 43
147 63
147 67
147 69
147 74
147 81
147 102
147 118
148 21
148 22
148 23
148 64
148 65
148 80
148 108
148 109
148 110
148 115
148 146
148 213
148 207
148 196
149 1
149 10
149 49
149 71
149 98
149 102
149 141
149 161
149 162
150 119
150 165
151 0
151 10
151 20
151 53
151 62
151 63
151 71
151 96
151 98
151 133
151 173
151 190
151 161
151 174
152 2
152 56
152 90
152 115
152 130
152 153
152 218
153 2
153 13
153 14
153 56
153 64
153 80
153 89
153 90
153 115
153 146
153 152
153 177
153 159
154 92
154 99
154 111
154 121
154 127
154 140
155 6
155 90
155 156
156 90
156 155
157 2
157 13
157 14
157 55
157 158
158 13
158 23
158 51
158 79
158 80
158 126
158 157
158 186
159 13
159 14
159 55
159 83
159 89
159 94
159 95
159 115
159 126
159 135
159 146
159 153
159 160
159 180
159 179
159 196
159 213
159 177
159 187
159 170
160 22
160 65
160 124
160 159
161 0
161 1
161 10
161 20
161 30
161 34
161 47
161 49
161 53
161 54
161 58
161 62
161 63
161 70
161 71
161 86
161 90
161 96
161 98
161 102
161 116
161 117
161 126
161 132
161 133
161 134
161 141
161 143
161 149
161 151
161 174
161 191
161 162
161 190
162 12
162 20
162 25
162 33
162 42
162 45
162 58
162 60
162 62
162 63
162 69
162 71
162 85
162 98
162 102
162 133
162 141
162 143
162 149
162 161
163 40
163 91
163 138
163 195
164 2
164 13
164 23
164 51
164 65
164 175
165 66
165 79
165 119
165 150
165 200
166 4
166 5
166 7
166 9
166 11
166 12
166 15
166 16
166 17
166 18
166 19
166 25
166 28
166 29
166 32
166 33
166 34
166 37
166 42
166 43
166 44
166 45
166 46
166 60
166 61
166 67
166 68
166 69
166 74
166 75
166 76
166 77
166 78
166 81
166 82
166 84
166 88
166 93
166 97
166 101
166 102
166 114
166 118
166 121
166 122
166 144
167 12
167 28
167 54
167 90
167 220
168 1
168 10
168 47
168 62
168 63
168 70
168 98
168 133
168 173
168 171
168 190
169 2
169 56
169 65
169 90
169 115
169 170
169 175
170 14
170 23
170 51
170 55
170 79
170 94
170 126
170 159
170 169
170 196
170 177
171 62
171 63
171 96
171 168
171 174
172 13
172 52
172 55
172 64
172 89
172 124
172 126
172 176
172 180
173 10
173 20
173 48
173 62
173 63
173 70
173 71
173 133
173 145
173 151
173 168
173 174
173 190
173 191
174 0
174 1
174 10
174 15
174 20
174 48
174 54
174 58
174 62
174 63
174 71
174 90
174 98
174 117
174 133
174 134
174 141
174 143
174 151
174 161
174 171
174 173
174 191
174 190
175 14
175 21
175 50
175 55
175 64
175 65
175 79
175 80
175 83
175 89
175 94
175 119
175 120
175 126
175 135
175 146
175 164
175 169
175 177
175 176
175 179
175 180
175 196
175 213
176 64
176 89
176 126
176 146
176 172
176 175
176 185
177 24
177 55
177 65
177 135
177 153
177 159
177 170
177 175
178 39
178 91
178 99
178 121
178 127
178 138
178 189
179 13
179 14
179 22
179 80
179 89
179 115
179 119
179 159
179 175
179 188
180 14
180 22
180 23
180 51
180 52
180 55
180 79
180 115
180 126
180 146
180 159
180 172
180 175
180 185
181 48
181 63
181 98
181 133
182 99
182 112
182 127
183 44
183 57
183 72
183 102
184 16
184 33
184 45
184 76
184 118
185 95
185 115
185 135
185 176
185 180
185 187
186 2
186 55
186 79
186 80
186 90
186 109
186 115
186 158
187 14
187 51
187 52
187 55
187 64
187 89
187 126
187 159
187 185
188 2
188 79
188 126
188 179
189 39
189 40
189 41
189 91
189 140
189 178
190 0
190 1
190 10
190 47
190 48
190 53
190 62
190 63
190 70
190 71
190 86
190 98
190 133
190 141
190 151
190 161
190 168
190 173
190 174
191 1
191 10
191 47
191 49
191 71
191 98
191 117
191 132
191 133
191 161
191 173
191 174
192 66
192 104
192 108
192 129
193 39
193 91
193 138
194 2
194 87
195 123
195 128
195 163
196 23
196 65
196 80
196 89
196 109
196 115
196 148
196 159
196 170
196 175
196 198
197 2
198 23
198 51
198 109
198 120
198 196
199 2
200 121
200 165
201 39
201 108
202 92
202 108
203 65
203 107
204 66
204 104
204 107
205 87
205 142
206 17
206 29
206 44
206 45
206 93
206 144
207 2
207 108
207 148
208 22
209 0
209 2
209 90
209 107
210 2
210 23
210 26
210 80
210 90
210 107
211 10
211 71
211 98
211 108
211 116
211 126
212 2
213 90
213 146
213 148
213 159
213 175
214 2
215 126
216 108
217 2
218 2
218 89
218 90
218 152
219 80
219 90
219 107
220 167
221 100
222 66
223 107
