0 1
0 62
0 59
0 94
0 43
0 12
0 10
0 7
0 54
0 66
0 39
0 87
0 29
0 17
0 11
0 50
0 21
0 68
0 25
0 2
0 6
0 35
1 0
1 18
1 29
1 41
1 67
1 11
1 12
1 6
1 36
1 19
1 62
1 57
1 106
1 37
1 10
1 45
1 78
1 33
1 60
1 21
1 2
1 66
1 39
1 25
1 68
1 97
1 96
1 44
1 90
1 31
1 59
1 17
1 48
1 30
1 46
1 35
1 64
1 47
1 82
1 55
1 32
1 38
1 111
1 20
1 110
1 50
1 83
1 87
1 65
1 93
2 0
2 1
2 3
2 61
2 57
2 44
2 39
2 31
2 12
2 52
2 23
2 42
2 25
2 34
2 83
2 32
2 110
2 22
2 10
2 107
2 104
2 63
2 58
2 24
2 30
2 78
2 35
2 53
2 116
2 17
2 93
2 50
2 49
2 14
2 4
2 73
2 6
2 91
2 7
2 88
2 86
2 75
2 33
2 8
2 108
2 99
2 95
2 62
2 27
2 55
2 48
2 13
2 19
2 43
2 74
2 40
2 51
2 11
2 41
2 77
2 70
2 46
2 28
2 16
2 112
3 2
3 18
3 36
3 51
3 42
3 43
3 35
3 39
3 62
3 6
3 74
3 85
3 4
3 50
3 26
3 95
4 2
4 3
4 5
4 6
4 43
4 80
4 31
4 79
4 78
4 30
4 74
4 17
4 11
4 27
4 52
4 58
4 12
4 35
4 49
4 41
4 16
4 63
4 57
4 69
4 48
4 44
4 39
4 51
4 22
4 14
4 104
4 24
4 7
4 53
4 81
4 87
4 85
4 75
4 98
4 66
4 10
4 40
4 93
4 34
5 4
5 6
5 95
5 50
5 11
5 35
5 12
5 32
5 13
5 51
6 0
6 1
6 2
6 3
6 4
6 5
6 7
6 10
6 33
6 40
6 11
6 42
6 43
6 57
6 61
6 93
6 17
6 13
6 50
6 12
6 87
6 35
6 62
6 74
6 66
6 27
6 48
6 59
6 65
6 85
6 26
6 77
6 52
6 107
6 51
6 41
6 39
6 44
6 30
6 75
6 24
6 99
6 68
6 25
6 31
6 103
6 34
6 53
6 49
7 0
7 2
7 4
7 6
7 52
7 79
7 31
7 8
7 27
7 24
7 93
7 30
7 16
7 68
7 61
7 39
7 51
7 88
7 14
7 72
7 103
7 107
7 57
7 112
7 63
7 9
7 74
7 25
7 110
7 49
7 104
7 70
7 77
7 44
7 10
7 62
7 95
7 23
7 32
7 34
7 83
7 116
7 12
7 53
7 13
7 17
7 11
7 76
7 64
7 48
7 50
7 22
7 21
7 55
7 108
7 86
7 41
7 28
8 2
8 7
8 9
8 30
8 87
8 96
8 28
8 29
8 35
8 78
8 41
8 32
9 7
9 8
9 35
9 50
9 57
9 93
9 53
9 78
9 30
9 31
9 22
9 41
9 58
9 69
9 43
9 28
9 24
9 15
10 0
10 1
10 2
10 4
10 6
10 7
10 25
10 62
10 30
10 93
10 43
10 48
10 87
10 53
10 66
10 49
10 27
10 103
10 31
10 51
10 65
10 75
10 68
10 17
10 61
10 83
10 59
10 50
10 12
10 32
10 11
10 107
10 95
10 74
10 52
10 13
10 44
10 14
10 57
10 99
10 21
10 34
10 39
10 85
10 24
10 77
10 29
11 0
11 1
11 2
11 4
11 5
11 6
11 7
11 10
11 12
11 13
11 24
11 54
11 35
11 59
11 18
11 29
11 44
11 42
11 39
11 17
11 32
11 16
11 48
11 74
11 27
11 88
11 47
11 21
11 96
11 84
11 79
11 76
11 53
11 15
11 51
11 22
11 31
11 69
11 52
11 30
11 97
11 41
11 87
11 14
11 57
11 23
11 93
11 62
11 61
11 73
11 65
11 86
11 43
11 80
11 67
11 78
11 68
11 25
11 50
11 91
11 66
12 0
12 1
12 2
12 4
12 5
12 6
12 7
12 10
12 11
12 38
12 17
12 77
12 23
12 44
12 25
12 53
12 97
12 21
12 66
12 28
12 46
12 74
12 51
12 49
12 24
12 95
12 57
12 65
12 91
12 59
12 68
12 73
12 30
12 48
12 87
12 31
12 15
12 82
12 93
12 58
12 35
12 64
12 60
12 94
12 16
12 62
12 45
12 32
12 76
12 50
12 22
12 43
12 78
12 39
12 83
12 96
12 75
12 14
12 18
12 29
12 19
12 67
12 86
12 47
12 36
12 41
12 80
12 52
12 27
12 54
12 79
12 20
13 2
13 5
13 6
13 7
13 10
13 11
13 30
13 53
13 48
13 79
13 87
13 78
13 35
13 17
13 93
13 23
13 32
13 41
13 50
13 43
13 73
13 98
14 2
14 4
14 7
14 10
14 11
14 12
14 15
14 49
14 35
14 39
14 76
14 23
14 53
14 30
14 67
14 79
14 24
14 17
14 42
14 93
14 27
14 69
14 22
14 25
14 74
14 51
14 43
14 62
14 21
14 57
14 48
14 94
14 50
14 54
14 73
14 52
14 80
14 68
15 9
15 11
15 12
15 14
15 51
15 49
15 34
15 75
15 67
15 24
15 17
15 22
15 73
15 43
15 77
15 48
15 93
16 2
16 4
16 7
16 11
16 12
16 17
16 27
16 51
16 62
16 48
16 59
16 22
16 76
16 86
16 43
16 78
16 52
16 84
16 39
16 29
16 79
16 41
16 54
16 88
16 97
16 28
16 87
16 93
16 50
16 31
16 68
16 35
16 57
16 32
16 53
16 24
16 30
16 46
17 0
17 1
17 2
17 4
17 6
17 7
17 10
17 11
17 12
17 13
17 14
17 15
17 16
17 21
17 49
17 22
17 50
17 72
17 18
17 89
17 44
17 69
17 48
17 39
17 101
17 32
17 57
17 52
17 38
17 42
17 30
17 41
17 36
17 54
17 61
17 24
17 19
17 66
17 27
17 78
17 43
17 31
17 51
17 95
17 62
17 76
17 74
17 83
17 58
17 73
17 94
17 85
17 23
17 65
17 53
17 75
17 64
17 77
17 67
17 79
17 46
17 68
17 26
17 80
17 25
17 93
17 87
17 104
17 34
17 35
17 70
18 1
18 3
18 11
18 12
18 17
18 43
18 96
18 52
18 93
18 44
18 48
18 35
18 29
18 30
18 39
18 57
18 59
18 41
18 68
19 1
19 2
19 12
19 17
19 20
19 48
19 46
19 82
19 55
19 39
19 44
19 60
19 36
19 59
19 45
19 93
19 90
19 31
19 50
19 111
20 1
20 12
20 19
20 60
20 90
20 39
20 37
20 46
20 38
20 33
20 59
20 36
20 93
20 45
20 105
20 82
20 48
20 111
20 44
20 35
21 0
21 1
21 7
21 10
21 11
21 12
21 14
21 17
21 76
21 39
21 96
21 79
21 68
21 23
21 94
21 48
21 67
21 25
21 62
21 51
21 66
21 52
22 2
22 4
22 7
22 9
22 11
22 12
22 14
22 15
22 16
22 17
22 23
22 27
22 57
22 62
22 87
22 48
22 93
22 86
22 41
22 51
22 52
22 28
22 53
22 30
22 69
22 35
22 24
22 50
22 32
22 31
22 73
22 43
22 64
22 88
22 97
22 78
22 79
23 2
23 7
23 11
23 12
23 13
23 14
23 17
23 21
23 22
23 50
23 70
23 27
23 74
23 39
23 53
23 48
23 24
23 98
23 49
23 32
23 31
23 51
23 69
23 54
23 30
23 96
23 73
23 62
23 91
23 57
23 41
23 44
23 93
24 2
24 4
24 6
24 7
24 9
24 10
24 11
24 12
24 14
24 15
24 16
24 17
24 22
24 23
24 59
24 70
24 62
24 30
24 69
24 39
24 79
24 74
24 54
24 73
24 41
24 95
24 28
24 48
24 32
24 49
24 104
24 57
24 77
24 53
24 25
24 76
24 50
24 52
24 108
24 43
24 29
24 93
24 87
24 35
24 51
24 84
24 91
24 31
24 55
24 27
24 78
24 44
25 0
25 1
25 2
25 6
25 7
25 10
25 11
25 12
25 14
25 17
25 21
25 24
25 26
25 32
25 87
25 85
25 35
25 39
25 92
25 68
25 30
25 50
25 77
25 83
25 62
25 94
25 55
25 96
25 40
25 48
25 52
25 74
25 57
25 49
26 3
26 6
26 17
26 25
26 56
26 33
26 60
26 62
26 67
26 39
26 66
26 85
26 42
26 80
26 68
27 2
27 4
27 6
27 7
27 10
27 11
27 12
27 14
27 16
27 17
27 22
27 23
27 24
27 28
27 52
27 69
27 30
27 41
27 97
27 48
27 93
27 84
27 86
27 57
27 73
27 78
27 51
27 64
27 65
27 80
27 88
27 79
27 32
27 50
27 29
27 68
27 53
27 87
27 47
27 35
28 2
28 7
28 8
28 9
28 12
28 16
28 22
28 24
28 27
28 30
28 74
28 32
28 51
28 86
28 79
28 95
28 48
28 84
28 57
28 49
28 78
28 41
28 77
28 35
28 81
28 87
28 113
28 31
28 39
28 59
28 93
28 88
28 108
29 0
29 1
29 8
29 10
29 11
29 12
29 16
29 18
29 24
29 27
29 44
29 39
29 78
29 49
29 66
29 48
29 51
29 96
29 62
29 31
29 75
29 59
29 84
29 35
29 74
29 68
30 1
30 2
30 4
30 6
30 7
30 8
30 9
30 10
30 11
30 12
30 13
30 14
30 16
30 17
30 18
30 22
30 23
30 24
30 25
30 27
30 28
30 71
30 73
30 75
30 62
30 99
30 79
30 41
30 104
30 81
30 44
30 58
30 109
30 65
30 35
30 57
30 95
30 112
30 103
30 70
30 108
30 114
30 63
30 88
30 52
30 53
30 96
30 48
30 31
30 34
30 93
30 43
30 107
30 66
30 74
30 49
30 83
30 32
30 51
30 69
30 78
30 54
31 1
31 2
31 4
31 6
31 7
31 9
31 10
31 11
31 12
31 16
31 17
31 19
31 22
31 23
31 24
31 28
31 29
31 30
31 32
31 86
31 93
31 78
31 79
31 80
31 58
31 88
31 39
31 97
31 57
31 74
31 77
31 66
31 50
31 76
31 53
31 52
31 43
31 73
31 41
31 48
31 87
31 51
31 59
31 35
31 61
31 91
32 1
32 2
32 5
32 7
32 8
32 10
32 11
32 12
32 13
32 16
32 17
32 22
32 23
32 24
32 25
32 27
32 28
32 30
32 31
32 49
32 48
32 64
32 93
32 41
32 78
32 39
32 68
32 71
32 74
32 70
32 83
32 95
32 104
32 63
32 34
32 58
32 52
32 46
32 107
32 35
32 77
32 113
32 43
32 44
32 53
32 51
32 86
32 57
32 62
32 108
32 88
33 1
33 2
33 6
33 20
33 26
33 39
33 105
33 111
33 48
33 44
33 82
33 40
33 87
33 100
33 46
34 2
34 4
34 6
34 7
34 10
34 15
34 17
34 30
34 32
34 35
34 57
34 78
34 53
34 41
34 93
34 87
35 0
35 1
35 2
35 3
35 4
35 5
35 6
35 8
35 9
35 11
35 12
35 13
35 14
35 16
35 17
35 18
35 20
35 22
35 24
35 25
35 27
35 28
35 29
35 30
35 31
35 32
35 34
35 78
35 81
35 49
35 50
35 57
35 77
35 65
35 86
35 89
35 51
35 95
35 39
35 59
35 108
35 80
35 73
35 88
35 44
35 84
35 52
35 74
35 70
35 85
35 67
35 72
35 116
35 61
35 48
35 83
35 98
35 99
35 41
35 75
35 96
35 68
35 62
35 46
35 107
35 63
35 36
35 93
36 1
36 3
36 12
36 17
36 19
36 20
36 35
36 37
36 46
36 83
36 92
36 48
36 39
36 90
36 59
36 111
36 44
36 60
36 82
36 45
37 1
37 20
37 36
37 39
37 83
37 40
37 44
37 48
38 1
38 12
38 17
38 20
38 46
38 63
38 39
38 45
38 48
38 68
38 100
38 44
38 90
39 0
39 1
39 2
39 3
39 4
39 6
39 7
39 10
39 11
39 12
39 14
39 16
39 17
39 18
39 19
39 20
39 21
39 23
39 24
39 25
39 26
39 28
39 29
39 31
39 32
39 33
39 35
39 36
39 37
39 38
39 40
39 50
39 56
39 90
39 82
39 94
39 72
39 44
39 84
39 78
39 75
39 46
39 83
39 111
39 51
39 68
39 59
39 87
39 93
39 45
39 69
39 60
39 67
39 53
39 52
39 54
39 80
39 117
39 97
39 55
39 62
39 92
39 100
39 102
39 79
39 77
39 41
39 96
39 48
39 65
40 2
40 4
40 6
40 25
40 33
40 37
40 39
40 45
40 83
40 62
40 85
40 95
40 42
40 51
40 68
40 58
40 67
40 61
40 41
40 98
40 57
40 64
41 1
41 2
41 4
41 6
41 7
41 8
41 9
41 11
41 12
41 13
41 16
41 17
41 18
41 22
41 23
41 24
41 27
41 28
41 30
41 31
41 32
41 34
41 35
41 39
41 40
41 58
41 43
41 73
41 57
41 54
41 93
41 96
41 49
41 74
41 52
41 48
41 70
41 87
41 77
41 53
41 44
41 79
41 51
41 98
41 75
41 95
41 69
41 78
41 64
41 61
41 83
41 108
41 104
41 62
41 88
41 80
41 66
41 103
41 68
42 2
42 3
42 6
42 11
42 14
42 17
42 26
42 40
42 43
42 62
42 58
42 83
43 0
43 2
43 3
43 4
43 6
43 9
43 10
43 11
43 12
43 13
43 14
43 15
43 16
43 17
43 18
43 22
43 24
43 30
43 31
43 32
43 41
43 42
43 53
43 50
43 69
43 57
43 73
43 62
43 51
43 68
43 87
43 61
43 93
43 65
43 49
43 95
43 74
43 44
43 77
43 99
43 75
43 48
43 52
44 1
44 2
44 4
44 6
44 7
44 10
44 11
44 12
44 17
44 18
44 19
44 20
44 23
44 24
44 29
44 30
44 32
44 33
44 35
44 36
44 37
44 38
44 39
44 41
44 43
44 45
44 74
44 97
44 47
44 93
44 46
44 60
44 87
44 91
44 59
44 79
44 111
44 64
44 51
44 53
44 76
44 50
44 52
44 66
44 82
44 56
44 57
45 1
45 12
45 19
45 20
45 36
45 38
45 39
45 40
45 44
45 59
45 50
45 48
45 46
45 111
45 90
45 60
46 1
46 2
46 12
46 16
46 17
46 19
46 20
46 32
46 33
46 35
46 36
46 38
46 39
46 44
46 45
46 47
46 82
46 59
46 62
46 48
46 60
46 66
46 87
46 52
46 111
46 49
46 93
47 1
47 11
47 12
47 27
47 44
47 46
47 78
47 93
47 51
47 53
48 1
48 2
48 4
48 6
48 7
48 10
48 11
48 12
48 13
48 14
48 15
48 16
48 17
48 18
48 19
48 20
48 21
48 22
48 23
48 24
48 25
48 27
48 28
48 29
48 30
48 31
48 32
48 33
48 35
48 36
48 37
48 38
48 39
48 41
48 43
48 45
48 46
48 51
48 65
48 66
48 57
48 88
48 97
48 101
48 61
48 74
48 79
48 91
48 53
48 62
48 73
48 52
48 80
48 70
48 64
48 67
48 54
48 60
48 93
48 69
48 59
48 78
48 96
48 84
48 76
48 86
48 68
48 82
48 111
48 58
48 87
49 2
49 4
49 6
49 7
49 10
49 12
49 14
49 15
49 17
49 23
49 24
49 25
49 28
49 29
49 30
49 32
49 35
49 41
49 43
49 46
49 69
49 50
49 58
49 78
49 62
49 57
49 73
49 87
49 53
49 79
49 80
49 93
49 64
49 76
50 0
50 1
50 2
50 3
50 5
50 6
50 7
50 9
50 10
50 11
50 12
50 13
50 14
50 16
50 17
50 19
50 22
50 23
50 24
50 25
50 27
50 31
50 35
50 39
50 43
50 44
50 45
50 49
50 80
50 63
50 79
50 62
50 74
50 69
50 109
50 87
50 72
50 73
50 95
50 83
50 97
50 51
50 53
50 88
50 57
50 70
50 52
50 108
50 85
50 77
50 93
51 2
51 3
51 4
51 5
51 6
51 7
51 10
51 11
51 12
51 14
51 15
51 16
51 17
51 21
51 22
51 23
51 24
51 27
51 28
51 29
51 30
51 31
51 32
51 35
51 39
51 40
51 41
51 43
51 44
51 47
51 48
51 50
51 86
51 93
51 65
51 53
51 62
51 57
51 87
51 88
51 98
51 78
51 84
51 96
51 73
51 70
51 58
51 69
51 52
51 79
51 64
51 66
51 80
51 97
51 68
52 2
52 4
52 6
52 7
52 10
52 11
52 12
52 14
52 16
52 17
52 18
52 21
52 22
52 24
52 25
52 27
52 30
52 31
52 32
52 35
52 39
52 41
52 43
52 44
52 46
52 48
52 50
52 51
52 73
52 53
52 74
52 69
52 79
52 57
52 93
52 62
52 87
52 78
52 83
52 91
52 70
52 96
52 113
52 65
52 66
52 77
53 2
53 4
53 6
53 7
53 9
53 10
53 11
53 12
53 13
53 14
53 16
53 17
53 22
53 23
53 24
53 27
53 30
53 31
53 32
53 34
53 39
53 41
53 43
53 44
53 47
53 48
53 49
53 50
53 51
53 52
53 57
53 69
53 74
53 70
53 66
53 73
53 98
53 104
53 93
53 65
53 87
53 79
53 58
53 64
53 62
53 91
54 0
54 11
54 12
54 14
54 16
54 17
54 23
54 24
54 30
54 39
54 41
54 48
54 67
54 68
54 94
55 1
55 2
55 7
55 19
55 24
55 25
55 39
55 56
55 82
55 93
55 59
55 111
56 26
56 39
56 44
56 55
56 60
56 82
56 105
56 106
57 1
57 2
57 4
57 6
57 7
57 9
57 10
57 11
57 12
57 14
57 16
57 17
57 18
57 22
57 23
57 24
57 25
57 27
57 28
57 30
57 31
57 32
57 34
57 35
57 40
57 41
57 43
57 44
57 48
57 49
57 50
57 51
57 52
57 53
57 78
57 80
57 88
57 69
57 84
57 97
57 74
57 70
57 58
57 93
57 73
57 66
57 75
57 87
57 79
57 91
57 62
57 86
58 2
58 4
58 9
58 12
58 17
58 30
58 31
58 32
58 40
58 41
58 42
58 48
58 49
58 51
58 53
58 57
58 63
59 0
59 1
59 6
59 10
59 11
59 12
59 16
59 18
59 19
59 20
59 24
59 28
59 29
59 31
59 35
59 36
59 39
59 44
59 45
59 46
59 48
59 55
59 60
59 84
59 95
59 111
59 68
59 100
59 78
59 90
60 1
60 12
60 19
60 20
60 26
60 36
60 39
60 44
60 45
60 46
60 48
60 56
60 59
60 90
60 105
60 111
60 100
61 2
61 6
61 7
61 10
61 11
61 17
61 31
61 35
61 40
61 41
61 43
61 48
61 87
61 93
61 66
61 98
62 0
62 1
62 2
62 3
62 6
62 7
62 10
62 11
62 12
62 14
62 16
62 17
62 21
62 22
62 23
62 24
62 25
62 26
62 29
62 30
62 32
62 35
62 39
62 40
62 41
62 42
62 43
62 46
62 48
62 49
62 50
62 51
62 52
62 53
62 57
62 77
62 98
62 104
62 94
62 79
62 96
62 68
62 95
62 73
62 67
62 85
62 87
62 93
62 76
62 70
62 63
62 74
62 65
62 80
63 2
63 4
63 7
63 30
63 32
63 35
63 38
63 50
63 58
63 62
63 64
63 65
63 79
63 93
63 66
63 82
64 1
64 7
64 12
64 17
64 22
64 27
64 32
64 40
64 41
64 44
64 48
64 49
64 51
64 53
64 63
64 66
64 83
64 87
65 1
65 6
65 10
65 11
65 12
65 17
65 27
65 30
65 35
65 39
65 43
65 48
65 51
65 52
65 53
65 62
65 63
65 75
65 83
65 87
65 74
65 68
65 93
66 0
66 1
66 4
66 6
66 10
66 11
66 12
66 17
66 21
66 26
66 29
66 30
66 31
66 41
66 44
66 46
66 48
66 51
66 52
66 53
66 57
66 61
66 63
66 64
66 100
66 102
66 107
66 93
66 95
66 68
67 1
67 11
67 12
67 14
67 15
67 17
67 21
67 26
67 35
67 39
67 40
67 48
67 54
67 62
67 68
67 79
68 0
68 1
68 6
68 7
68 10
68 11
68 12
68 14
68 16
68 17
68 18
68 21
68 25
68 26
68 27
68 29
68 32
68 35
68 38
68 39
68 40
68 41
68 43
68 48
68 51
68 54
68 59
68 62
68 65
68 66
68 67
68 79
68 93
68 85
68 96
68 94
68 87
68 80
68 69
68 78
69 4
69 9
69 11
69 14
69 17
69 22
69 23
69 24
69 27
69 30
69 39
69 41
69 43
69 48
69 49
69 50
69 51
69 52
69 53
69 57
69 68
69 84
69 70
69 73
69 74
69 93
69 87
70 2
70 7
70 17
70 23
70 24
70 30
70 32
70 35
70 41
70 48
70 50
70 51
70 52
70 53
70 57
70 62
70 69
70 74
70 73
70 93
70 83
70 91
71 30
71 32
71 91
72 7
72 17
72 35
72 39
72 50
72 87
73 2
73 11
73 12
73 13
73 14
73 15
73 17
73 22
73 23
73 24
73 27
73 30
73 31
73 35
73 41
73 43
73 48
73 49
73 50
73 51
73 52
73 53
73 57
73 62
73 69
73 70
73 74
73 104
73 78
73 93
73 79
73 87
73 77
73 96
74 2
74 3
74 4
74 6
74 7
74 10
74 11
74 12
74 14
74 17
74 23
74 24
74 25
74 28
74 29
74 30
74 31
74 32
74 35
74 41
74 43
74 44
74 48
74 50
74 52
74 53
74 57
74 62
74 65
74 69
74 70
74 73
74 96
74 75
74 93
74 113
74 97
74 87
74 80
74 78
75 2
75 4
75 6
75 10
75 12
75 15
75 17
75 29
75 30
75 35
75 39
75 41
75 43
75 57
75 65
75 74
75 93
75 78
75 87
76 7
76 11
76 12
76 14
76 16
76 17
76 21
76 24
76 31
76 44
76 48
76 49
76 62
76 93
76 79
76 77
77 2
77 6
77 7
77 10
77 12
77 15
77 17
77 24
77 25
77 28
77 31
77 32
77 35
77 39
77 41
77 43
77 50
77 52
77 62
77 73
77 76
77 78
77 93
77 79
78 1
78 2
78 4
78 8
78 9
78 11
78 12
78 13
78 16
78 17
78 22
78 24
78 27
78 28
78 29
78 30
78 31
78 32
78 34
78 35
78 39
78 41
78 47
78 48
78 49
78 51
78 52
78 57
78 59
78 68
78 73
78 74
78 75
78 77
78 79
78 81
78 103
78 108
78 96
78 95
78 86
78 113
78 93
78 88
78 84
78 99
79 4
79 7
79 11
79 12
79 13
79 14
79 16
79 17
79 21
79 22
79 24
79 27
79 28
79 30
79 31
79 39
79 41
79 44
79 48
79 49
79 50
79 51
79 52
79 53
79 57
79 62
79 63
79 67
79 68
79 73
79 76
79 77
79 78
79 95
79 104
79 97
79 88
79 94
80 4
80 11
80 12
80 14
80 17
80 26
80 27
80 31
80 35
80 39
80 41
80 48
80 49
80 50
80 51
80 57
80 62
80 68
80 74
80 85
80 89
80 83
81 4
81 28
81 30
81 35
81 78
82 1
82 12
82 19
82 20
82 33
82 36
82 39
82 44
82 46
82 48
82 55
82 56
82 63
82 105
82 111
82 106
83 1
83 2
83 7
83 10
83 12
83 17
83 25
83 30
83 32
83 35
83 36
83 37
83 39
83 40
83 41
83 42
83 50
83 52
83 64
83 65
83 70
83 80
83 90
83 96
83 89
83 98
83 93
83 85
83 87
83 92
84 11
84 16
84 24
84 27
84 28
84 29
84 35
84 39
84 48
84 51
84 57
84 59
84 69
84 78
84 88
84 86
85 3
85 4
85 6
85 10
85 17
85 25
85 26
85 35
85 40
85 50
85 62
85 68
85 80
85 83
85 87
85 98
86 2
86 7
86 11
86 12
86 16
86 22
86 27
86 28
86 31
86 32
86 35
86 48
86 51
86 57
86 78
86 84
86 87
86 110
86 88
86 93
87 0
87 1
87 4
87 6
87 8
87 10
87 11
87 12
87 13
87 16
87 17
87 22
87 24
87 25
87 27
87 28
87 31
87 33
87 34
87 39
87 41
87 43
87 44
87 46
87 48
87 49
87 50
87 51
87 52
87 53
87 57
87 61
87 62
87 64
87 65
87 68
87 69
87 72
87 73
87 74
87 75
87 83
87 85
87 86
87 93
87 95
87 88
87 107
87 99
88 2
88 7
88 11
88 16
88 22
88 27
88 28
88 30
88 31
88 32
88 35
88 41
88 48
88 50
88 51
88 57
88 78
88 79
88 84
88 86
88 87
88 93
89 17
89 35
89 80
89 83
90 1
90 19
90 20
90 36
90 38
90 39
90 45
90 59
90 60
90 83
90 92
90 111
91 2
91 11
91 12
91 23
91 24
91 31
91 44
91 48
91 52
91 53
91 57
91 70
91 71
91 113
91 93
92 25
92 36
92 39
92 83
92 90
93 1
93 2
93 4
93 6
93 7
93 9
93 10
93 11
93 12
93 13
93 14
93 15
93 16
93 17
93 18
93 19
93 20
93 22
93 23
93 24
93 27
93 28
93 30
93 31
93 32
93 34
93 35
93 39
93 41
93 43
93 44
93 46
93 47
93 48
93 49
93 50
93 51
93 52
93 53
93 55
93 57
93 61
93 62
93 63
93 65
93 66
93 68
93 69
93 70
93 73
93 74
93 75
93 76
93 77
93 78
93 83
93 86
93 87
93 88
93 91
93 98
93 104
93 99
93 108
93 95
93 110
93 107
93 97
94 0
94 12
94 14
94 17
94 21
94 25
94 39
94 54
94 62
94 68
94 79
95 2
95 3
95 5
95 7
95 10
95 12
95 17
95 24
95 28
95 30
95 32
95 35
95 40
95 41
95 43
95 50
95 59
95 62
95 66
95 78
95 79
95 87
95 93
96 1
96 8
96 11
96 12
96 18
96 21
96 23
96 25
96 29
96 30
96 35
96 39
96 41
96 48
96 51
96 52
96 62
96 68
96 73
96 74
96 78
96 83
97 1
97 11
97 12
97 16
97 22
97 27
97 31
97 39
97 44
97 48
97 50
97 51
97 57
97 74
97 79
97 93
98 4
98 13
98 23
98 35
98 40
98 41
98 51
98 53
98 61
98 62
98 83
98 85
98 93
99 2
99 6
99 10
99 30
99 35
99 43
99 78
99 87
99 93
100 33
100 38
100 39
100 59
100 60
100 66
101 17
101 48
102 39
102 66
103 6
103 7
103 10
103 30
103 41
103 78
104 2
104 4
104 7
104 17
104 24
104 30
104 32
104 41
104 53
104 62
104 73
104 79
104 93
105 20
105 33
105 56
105 60
105 82
105 106
106 1
106 56
106 82
106 105
107 2
107 6
107 7
107 10
107 30
107 32
107 35
107 66
107 87
107 93
108 2
108 7
108 24
108 28
108 30
108 32
108 35
108 41
108 50
108 78
108 93
109 30
109 50
110 1
110 2
110 7
110 86
110 93
111 1
111 19
111 20
111 33
111 36
111 39
111 44
111 45
111 46
111 48
111 55
111 59
111 60
111 82
111 90
111 115
112 2
112 7
112 30
113 28
113 32
113 52
113 74
113 78
113 91
114 30
115 111
116 2
116 7
116 35
117 39
