0 1
0 19
0 28
0 3
0 8
0 38
0 33
0 24
0 10
0 6
0 29
0 35
0 2
0 7
0 5
0 31
0 13
0 4
0 16
0 43
0 14
0 45
0 37
0 26
0 18
1 0
1 8
1 5
1 15
1 29
1 43
1 18
1 36
1 16
1 13
1 10
1 24
1 50
1 2
1 9
1 4
1 30
1 3
1 11
1 26
1 19
1 35
1 6
1 45
1 25
1 32
1 34
1 14
1 38
2 0
2 1
2 3
2 8
2 24
2 32
2 29
2 37
2 41
2 26
2 40
2 18
2 33
2 4
2 34
2 6
2 16
2 12
2 19
2 43
2 35
2 7
2 13
2 31
2 36
2 30
2 17
3 0
3 1
3 2
3 4
3 34
3 21
3 9
3 16
3 35
3 18
3 20
3 33
3 6
3 38
3 26
3 45
3 39
4 0
4 1
4 2
4 3
4 5
4 16
4 27
4 26
4 24
4 37
4 33
4 35
4 29
4 7
4 18
4 6
4 31
4 19
4 14
4 30
4 8
4 32
4 34
4 25
4 40
5 0
5 1
5 4
5 16
5 31
5 38
5 25
5 34
5 27
5 26
5 21
5 33
5 14
5 6
5 24
5 29
5 12
5 9
5 30
5 8
5 41
5 13
6 0
6 1
6 2
6 3
6 4
6 5
6 7
6 27
6 41
6 32
6 37
6 33
6 8
6 29
6 46
6 34
6 22
6 20
6 12
6 16
6 28
6 19
6 9
6 15
6 25
6 14
6 40
6 11
6 35
6 36
6 49
6 24
6 21
6 48
6 23
6 31
6 38
6 39
6 43
6 17
6 10
6 26
6 42
6 30
6 13
6 44
7 0
7 2
7 4
7 6
7 35
7 10
7 16
7 33
7 37
7 26
7 29
7 19
8 0
8 1
8 2
8 4
8 5
8 6
8 26
8 24
8 31
8 42
8 35
8 30
8 43
8 16
8 27
8 14
8 44
8 25
8 47
8 37
8 18
8 29
8 32
8 13
8 10
8 19
8 34
9 1
9 3
9 5
9 6
9 10
9 23
9 31
9 26
9 39
9 20
9 48
9 38
9 49
9 14
9 28
9 40
9 16
9 21
9 18
10 0
10 1
10 6
10 7
10 8
10 9
10 11
10 18
10 28
10 14
10 22
10 44
10 25
10 17
10 29
10 34
10 21
10 23
10 16
10 40
10 38
10 19
10 49
11 1
11 6
11 10
11 29
11 17
11 38
11 14
11 26
11 16
12 2
12 5
12 6
12 13
12 29
12 24
12 34
12 19
12 45
12 33
12 16
13 0
13 1
13 2
13 5
13 6
13 8
13 12
13 25
13 34
13 24
13 16
13 38
13 45
13 33
13 29
13 26
13 19
14 0
14 1
14 4
14 5
14 6
14 8
14 9
14 10
14 11
14 15
14 26
14 40
14 25
14 17
14 28
14 16
14 18
14 22
14 30
14 24
14 47
14 27
14 38
14 31
14 44
14 29
15 1
15 6
15 14
15 21
15 38
15 28
15 22
15 23
16 0
16 1
16 2
16 3
16 4
16 5
16 6
16 7
16 8
16 9
16 10
16 11
16 12
16 13
16 14
16 17
16 25
16 32
16 26
16 18
16 30
16 29
16 36
16 44
16 38
16 43
16 35
16 37
16 39
16 28
16 41
16 24
16 48
16 19
16 34
16 50
16 22
16 33
16 31
16 47
16 27
16 42
16 20
17 2
17 6
17 10
17 11
17 14
17 16
17 29
17 38
18 0
18 1
18 2
18 3
18 4
18 8
18 9
18 10
18 14
18 16
18 19
18 40
18 35
18 33
18 26
18 29
19 0
19 1
19 2
19 4
19 6
19 7
19 8
19 10
19 12
19 13
19 16
19 18
19 26
19 35
19 30
19 29
19 37
19 34
19 31
20 3
20 6
20 9
20 16
20 21
20 26
20 39
20 29
20 31
21 3
21 5
21 6
21 9
21 10
21 15
21 20
21 23
21 39
21 28
21 48
21 49
21 38
22 6
22 10
22 14
22 15
22 16
22 23
22 28
22 38
22 49
22 29
23 6
23 9
23 10
23 15
23 21
23 22
23 28
23 39
23 49
24 0
24 1
24 2
24 4
24 5
24 6
24 8
24 12
24 13
24 14
24 16
24 25
24 29
24 27
24 26
24 45
24 37
24 31
24 38
24 34
25 1
25 4
25 5
25 6
25 8
25 10
25 13
25 14
25 16
25 24
25 30
25 44
25 38
25 32
25 29
25 47
25 42
25 27
26 0
26 1
26 2
26 3
26 4
26 5
26 6
26 7
26 8
26 9
26 11
26 13
26 14
26 16
26 18
26 19
26 20
26 24
26 35
26 29
26 42
26 27
26 47
26 46
26 37
26 43
26 32
26 33
26 41
26 30
26 31
26 34
27 4
27 5
27 6
27 8
27 14
27 16
27 24
27 25
27 26
27 47
27 42
27 30
27 29
27 32
28 0
28 6
28 9
28 10
28 14
28 15
28 16
28 21
28 22
28 23
28 39
28 49
28 38
28 44
28 29
29 0
29 1
29 2
29 4
29 5
29 6
29 7
29 8
29 10
29 11
29 12
29 13
29 14
29 16
29 17
29 18
29 19
29 20
29 22
29 24
29 25
29 26
29 27
29 28
29 36
29 35
29 34
29 37
29 38
29 42
29 31
29 30
29 50
29 43
29 40
29 47
30 1
30 2
30 4
30 5
30 6
30 8
30 14
30 16
30 19
30 25
30 26
30 27
30 29
30 31
30 40
30 43
30 34
30 42
30 35
30 32
31 0
31 2
31 4
31 5
31 6
31 8
31 9
31 14
31 16
31 19
31 20
31 24
31 26
31 29
31 30
31 35
31 39
31 43
31 34
31 41
32 1
32 2
32 4
32 6
32 8
32 16
32 25
32 26
32 27
32 30
32 34
32 41
32 35
33 0
33 2
33 3
33 4
33 5
33 6
33 7
33 12
33 13
33 16
33 18
33 26
33 34
33 35
33 37
34 1
34 2
34 3
34 4
34 5
34 6
34 8
34 10
34 12
34 13
34 16
34 19
34 24
34 26
34 29
34 30
34 31
34 32
34 33
34 38
34 35
34 41
34 43
34 42
34 45
35 0
35 1
35 2
35 3
35 4
35 6
35 7
35 8
35 16
35 18
35 19
35 26
35 29
35 30
35 31
35 32
35 33
35 34
35 37
35 43
35 40
36 1
36 2
36 6
36 16
36 29
37 0
37 2
37 4
37 6
37 7
37 8
37 16
37 19
37 24
37 26
37 29
37 33
37 35
37 42
38 0
38 1
38 3
38 5
38 6
38 9
38 10
38 11
38 13
38 14
38 15
38 16
38 17
38 21
38 22
38 24
38 25
38 28
38 29
38 34
38 39
38 44
38 49
39 3
39 6
39 9
39 16
39 20
39 21
39 23
39 28
39 31
39 38
39 49
40 2
40 4
40 6
40 9
40 10
40 14
40 18
40 29
40 30
40 35
41 2
41 5
41 6
41 16
41 26
41 31
41 32
41 34
42 6
42 8
42 16
42 25
42 26
42 27
42 29
42 30
42 34
42 37
43 0
43 1
43 2
43 6
43 8
43 16
43 26
43 29
43 30
43 31
43 34
43 35
44 6
44 8
44 10
44 14
44 16
44 25
44 28
44 38
45 0
45 1
45 3
45 12
45 13
45 24
45 34
46 6
46 26
47 8
47 14
47 16
47 25
47 26
47 27
47 29
48 6
48 9
48 16
48 21
49 6
49 9
49 10
49 21
49 22
49 23
49 28
49 38
49 39
50 1
50 16
50 29
