0 1
0 23
0 29
0 20
0 15
0 70
0 36
0 25
0 161
0 60
0 134
0 71
1 0
1 85
1 161
1 127
1 14
1 104
2 3
2 63
2 31
2 65
2 14
2 51
2 124
2 30
2 13
2 59
2 17
2 62
2 22
2 12
2 60
2 71
2 16
2 52
2 145
2 77
2 21
2 45
3 2
3 26
3 93
3 55
3 52
3 46
3 30
3 145
3 124
3 58
3 71
3 22
3 16
3 17
3 59
3 65
3 14
3 178
3 19
3 4
3 20
3 157
3 104
3 24
3 8
3 67
3 18
3 75
3 51
3 140
3 38
3 21
4 3
4 5
4 47
4 71
4 43
4 65
4 127
4 125
4 36
4 130
4 110
4 33
4 45
4 16
4 70
4 9
4 115
4 13
4 30
4 39
4 15
4 20
4 84
4 103
4 60
4 92
4 97
4 109
4 49
4 22
4 113
4 99
4 86
4 31
4 46
4 101
4 134
4 62
4 149
4 26
4 10
4 17
4 77
4 29
4 18
5 4
5 51
5 127
5 74
5 92
5 24
5 87
5 72
5 101
6 7
6 142
6 159
7 6
7 142
8 3
8 9
8 17
8 21
8 67
8 132
8 33
8 133
8 154
8 14
8 35
8 88
8 11
8 57
8 37
8 72
8 145
8 81
8 66
8 62
8 79
8 87
8 156
8 48
8 51
8 73
8 146
8 74
8 124
8 104
8 26
8 18
8 106
8 32
8 55
8 58
8 77
8 52
8 174
8 135
8 92
9 4
9 8
9 18
9 104
9 114
9 72
9 26
9 67
9 68
9 154
9 127
9 160
9 21
9 61
9 165
9 14
9 73
9 74
9 58
9 124
9 33
9 66
9 87
9 51
10 4
10 11
10 24
10 89
10 21
10 90
10 55
10 47
10 75
10 32
10 166
10 99
10 23
10 93
10 46
10 14
10 48
10 101
10 103
10 122
10 67
10 40
10 13
10 105
10 126
10 135
10 180
11 8
11 10
11 37
11 97
11 33
11 73
11 35
11 122
11 22
11 71
11 103
11 62
11 94
11 88
11 41
11 92
11 36
11 63
11 23
11 21
11 14
12 2
12 13
12 77
12 22
12 63
12 16
12 45
12 35
12 153
12 54
12 17
12 21
12 122
12 62
12 30
12 31
12 60
12 93
12 71
12 160
12 111
13 2
13 4
13 10
13 12
13 16
13 58
13 17
13 30
13 46
13 71
13 33
13 22
13 14
13 65
13 92
13 131
13 39
13 52
13 67
13 21
13 35
13 51
13 124
13 26
13 127
13 104
13 38
13 79
13 85
13 75
13 145
13 24
13 101
13 59
14 1
14 2
14 3
14 8
14 9
14 10
14 11
14 13
14 15
14 32
14 40
14 34
14 62
14 78
14 103
14 92
14 43
14 49
14 33
14 153
14 93
14 151
14 84
14 122
14 54
14 31
14 169
14 23
14 79
14 35
14 161
14 17
14 45
14 101
14 89
14 65
14 26
14 18
14 132
14 94
14 100
14 123
14 21
14 46
14 181
14 97
14 111
14 77
14 44
14 88
14 16
14 22
14 73
14 134
14 29
14 63
14 166
14 30
14 71
14 70
14 41
14 47
14 25
14 60
14 115
14 53
14 90
14 156
14 185
14 140
14 124
14 37
15 0
15 4
15 14
15 116
15 55
15 125
15 19
15 23
15 87
15 58
15 131
15 134
15 104
15 20
15 21
15 124
15 127
15 28
15 39
15 42
15 157
15 113
15 92
15 52
15 29
15 59
15 120
15 114
15 149
15 110
15 57
15 82
15 24
15 60
15 51
16 2
16 3
16 4
16 12
16 13
16 14
16 17
16 55
16 124
16 104
16 77
16 30
16 63
16 60
16 45
16 71
16 31
16 67
16 65
16 114
16 51
16 21
16 22
16 52
16 58
16 26
16 62
17 2
17 3
17 4
17 8
17 12
17 13
17 14
17 16
17 22
17 46
17 124
17 30
17 21
17 56
17 35
17 114
17 63
17 65
17 60
17 106
17 104
17 77
17 26
17 92
17 51
17 33
17 75
17 59
17 62
17 152
17 71
17 52
17 81
17 58
17 73
17 45
17 31
17 67
17 55
18 3
18 4
18 8
18 9
18 14
18 56
18 41
18 33
18 81
18 49
18 46
18 63
18 104
18 79
18 163
18 156
18 37
18 48
18 57
18 143
18 168
18 58
18 42
18 67
18 32
18 132
18 124
18 51
18 55
18 52
18 68
18 64
18 72
18 21
18 115
19 3
19 15
19 20
19 92
19 45
19 33
19 66
19 133
19 71
20 0
20 3
20 4
20 15
20 19
20 102
20 87
20 29
20 86
20 52
20 28
20 60
20 113
20 104
20 39
20 38
20 114
20 131
20 24
20 110
20 51
20 71
21 2
21 3
21 8
21 9
21 10
21 11
21 12
21 13
21 14
21 15
21 16
21 17
21 18
21 22
21 43
21 54
21 97
21 103
21 115
21 121
21 122
21 128
21 64
21 88
21 148
21 73
21 55
21 100
21 49
21 78
21 124
21 123
21 66
21 45
21 48
21 99
21 35
21 90
21 71
21 89
21 132
21 36
21 166
21 161
21 32
21 144
21 30
21 74
21 94
21 184
21 62
21 140
21 33
21 31
21 34
21 25
21 60
21 77
21 92
21 101
21 119
21 23
21 65
21 153
21 46
21 68
21 160
21 84
21 133
21 41
21 63
21 37
21 67
21 26
21 40
21 70
21 47
21 79
21 111
21 135
21 93
22 2
22 3
22 4
22 11
22 12
22 13
22 14
22 16
22 17
22 21
22 65
22 67
22 30
22 38
22 45
22 93
22 77
22 59
22 51
22 62
22 63
22 47
22 66
22 71
22 31
22 61
22 73
22 26
22 145
22 58
22 81
22 33
22 124
22 114
22 46
22 98
22 55
22 57
22 52
22 60
22 64
22 104
22 41
22 44
22 144
22 24
23 0
23 10
23 11
23 14
23 15
23 21
23 64
23 51
23 124
23 72
23 135
23 55
23 52
23 110
23 26
23 104
23 81
23 58
23 76
23 165
23 111
23 33
23 85
23 143
23 103
23 57
23 24
23 127
23 41
23 66
23 92
24 3
24 5
24 10
24 13
24 15
24 20
24 22
24 23
24 25
24 70
24 107
24 63
24 30
24 65
24 53
24 173
24 127
24 71
24 115
24 33
24 180
24 50
24 111
24 47
24 45
24 67
24 120
24 51
24 37
24 125
24 99
24 31
24 134
24 69
24 97
24 35
24 46
24 36
24 60
24 29
24 42
24 43
24 103
24 122
24 84
24 89
24 105
24 92
24 88
24 110
24 39
24 155
24 101
24 48
24 62
25 0
25 14
25 21
25 24
25 124
25 104
25 168
25 165
25 36
25 103
25 88
25 57
25 52
26 3
26 4
26 8
26 9
26 13
26 14
26 16
26 17
26 21
26 22
26 23
26 27
26 35
26 57
26 45
26 71
26 101
26 135
26 77
26 67
26 37
26 41
26 121
26 33
26 62
26 36
26 92
26 55
26 65
26 73
26 88
26 34
26 40
26 122
26 47
26 30
26 94
26 31
26 60
26 93
26 68
26 175
26 63
27 26
28 15
28 20
28 29
28 119
28 122
28 46
28 102
28 70
28 134
28 161
28 44
28 53
28 76
28 147
28 39
28 60
28 47
29 0
29 4
29 14
29 15
29 20
29 24
29 28
29 60
29 127
29 131
29 124
29 104
29 39
29 42
29 56
29 51
29 116
29 125
29 113
29 82
29 173
29 149
29 46
29 52
29 38
29 114
29 57
29 87
29 110
29 69
30 2
30 3
30 4
30 12
30 13
30 14
30 16
30 17
30 21
30 22
30 24
30 26
30 31
30 46
30 145
30 104
30 33
30 59
30 63
30 144
30 77
30 45
30 41
30 60
30 71
30 75
30 65
30 73
30 103
30 106
30 114
30 93
30 124
30 62
30 92
30 81
30 51
30 52
30 58
31 2
31 4
31 12
31 14
31 16
31 17
31 21
31 22
31 24
31 26
31 30
31 51
31 52
31 92
31 106
31 64
31 73
31 35
31 104
31 33
31 114
31 38
31 58
31 59
31 110
31 124
31 103
31 56
31 65
31 67
31 81
31 71
31 85
32 8
32 10
32 14
32 18
32 21
32 41
32 67
32 35
32 73
32 90
32 124
32 163
32 48
32 103
32 92
32 46
32 99
32 55
32 156
32 47
32 93
32 101
32 43
32 33
33 4
33 8
33 9
33 11
33 13
33 14
33 17
33 18
33 19
33 21
33 22
33 23
33 24
33 26
33 30
33 31
33 32
33 34
33 58
33 66
33 71
33 81
33 74
33 62
33 79
33 106
33 47
33 44
33 134
33 136
33 123
33 149
33 35
33 104
33 45
33 43
33 57
33 170
33 56
33 64
33 132
33 73
33 122
33 173
33 69
33 92
33 55
33 146
33 124
33 61
33 135
33 163
33 52
33 88
33 67
33 145
33 50
33 70
33 103
33 37
33 143
33 60
33 181
33 161
33 72
33 48
33 63
33 46
33 36
33 113
34 14
34 21
34 26
34 33
34 55
34 67
34 104
34 37
34 78
34 94
34 47
34 144
34 130
34 91
34 103
34 68
34 52
34 92
35 8
35 11
35 12
35 13
35 14
35 17
35 21
35 24
35 26
35 31
35 32
35 33
35 36
35 45
35 170
35 54
35 42
35 124
35 157
35 88
35 58
35 104
35 52
35 145
35 73
35 92
35 79
35 71
35 67
35 72
35 81
36 0
36 4
36 11
36 21
36 24
36 25
36 26
36 33
36 35
36 99
36 124
36 122
36 55
36 48
36 68
36 70
36 92
36 62
36 88
36 46
36 79
36 168
36 51
36 63
36 66
36 52
36 133
36 58
36 154
36 117
36 145
36 81
37 8
37 11
37 14
37 18
37 21
37 24
37 26
37 33
37 34
37 58
37 46
37 91
37 132
37 56
37 92
37 141
37 55
37 57
37 88
37 143
37 67
37 64
37 69
37 144
37 41
37 72
37 68
37 78
37 79
37 66
37 124
37 52
37 145
37 75
37 62
37 104
37 123
37 85
37 165
38 3
38 13
38 20
38 22
38 29
38 31
38 39
38 70
38 60
38 132
38 113
38 111
38 45
38 122
38 160
39 4
39 13
39 15
39 20
39 24
39 28
39 29
39 38
39 87
39 65
39 113
39 70
39 53
39 164
39 102
39 111
39 98
39 97
39 51
39 82
39 149
39 110
39 104
39 145
39 60
39 131
39 134
39 127
40 10
40 14
40 21
40 26
40 103
40 126
40 67
40 43
40 47
40 99
40 41
40 90
41 11
41 14
41 18
41 21
41 22
41 23
41 26
41 30
41 32
41 37
41 40
41 78
41 119
41 45
41 115
41 84
41 100
41 47
41 43
41 99
41 166
41 140
41 94
41 90
41 67
41 123
41 70
41 153
41 46
41 74
41 62
41 111
41 89
41 49
41 103
41 97
41 101
41 93
42 15
42 18
42 24
42 29
42 35
42 43
42 92
42 79
42 73
42 121
42 156
42 67
43 4
43 14
43 21
43 24
43 32
43 33
43 40
43 41
43 42
43 67
43 55
43 159
43 103
43 101
43 46
43 76
43 85
43 48
43 168
43 47
44 14
44 22
44 28
44 33
44 45
44 80
44 70
44 53
44 162
44 176
44 131
44 148
44 135
44 64
44 134
44 98
45 2
45 4
45 12
45 14
45 16
45 17
45 19
45 21
45 22
45 24
45 26
45 30
45 33
45 35
45 38
45 41
45 44
45 68
45 46
45 71
45 92
45 73
45 65
45 75
45 57
45 104
45 106
45 124
45 67
45 80
45 55
45 144
45 47
45 88
45 58
45 56
45 52
45 64
45 103
45 51
45 59
45 66
45 85
45 81
45 72
45 166
46 3
46 4
46 10
46 13
46 14
46 17
46 18
46 21
46 22
46 24
46 28
46 29
46 30
46 32
46 33
46 36
46 37
46 41
46 43
46 45
46 47
46 55
46 90
46 73
46 103
46 67
46 63
46 140
46 99
46 48
46 70
46 129
46 60
46 101
46 168
46 123
46 119
46 122
46 92
46 115
46 94
47 4
47 10
47 14
47 21
47 22
47 24
47 26
47 28
47 32
47 33
47 34
47 40
47 41
47 43
47 45
47 46
47 99
47 100
47 105
47 55
47 90
47 124
47 71
47 89
47 48
47 103
47 58
47 159
47 94
47 51
47 68
47 143
47 115
47 67
47 128
47 72
48 8
48 10
48 18
48 21
48 24
48 32
48 33
48 36
48 43
48 46
48 47
48 49
48 56
48 78
48 51
48 133
48 92
48 164
48 119
48 79
48 135
48 101
48 117
48 115
48 103
48 66
48 124
48 128
48 88
48 132
48 73
48 89
48 74
49 4
49 14
49 18
49 21
49 41
49 48
49 163
50 24
50 33
50 51
51 2
51 3
51 5
51 8
51 9
51 13
51 15
51 16
51 17
51 18
51 20
51 22
51 23
51 24
51 29
51 30
51 31
51 36
51 39
51 45
51 47
51 48
51 50
51 135
51 71
51 160
51 86
51 140
51 133
51 70
51 134
51 72
51 145
51 79
51 76
51 111
51 92
51 156
51 102
51 120
51 73
51 155
51 84
51 179
51 65
51 105
51 113
51 83
51 94
51 161
51 53
51 60
51 122
51 74
51 66
52 2
52 3
52 8
52 13
52 15
52 16
52 17
52 18
52 20
52 22
52 23
52 25
52 29
52 30
52 31
52 33
52 34
52 35
52 36
52 37
52 45
52 53
52 107
52 73
52 84
52 57
52 162
52 74
52 170
52 63
52 70
52 176
52 88
52 97
52 71
52 79
52 92
52 62
52 123
52 134
52 77
52 60
52 145
52 65
52 122
52 148
52 61
52 135
53 14
53 24
53 28
53 39
53 44
53 51
53 52
53 85
53 152
53 70
53 57
53 134
53 104
53 127
53 148
53 124
53 61
53 98
53 131
53 84
53 64
53 162
53 80
53 135
54 12
54 14
54 21
54 35
54 104
54 124
55 3
55 8
55 10
55 15
55 16
55 17
55 18
55 21
55 22
55 23
55 26
55 32
55 33
55 34
55 36
55 37
55 43
55 45
55 46
55 47
55 90
55 62
55 68
55 155
55 123
55 92
55 140
55 103
55 166
55 124
55 168
55 73
55 99
55 176
55 84
55 74
55 63
55 76
55 101
55 77
55 94
55 67
55 122
55 163
55 135
56 17
56 18
56 29
56 31
56 33
56 37
56 45
56 48
56 88
56 92
56 157
56 101
56 74
56 122
57 8
57 15
57 18
57 22
57 23
57 25
57 26
57 29
57 33
57 37
57 45
57 52
57 53
57 88
57 62
57 135
57 134
57 92
57 71
57 68
57 70
57 79
57 180
57 73
57 104
57 84
57 58
57 176
57 122
58 3
58 8
58 9
58 13
58 15
58 16
58 17
58 18
58 22
58 23
58 30
58 31
58 33
58 35
58 36
58 37
58 45
58 47
58 57
58 68
58 84
58 88
58 66
58 122
58 62
58 65
58 134
58 92
58 71
58 86
58 77
58 60
58 79
58 74
58 97
58 63
58 135
58 111
58 70
58 73
59 2
59 3
59 13
59 15
59 17
59 22
59 30
59 31
59 45
59 60
59 62
59 65
59 63
59 77
59 71
60 0
60 2
60 4
60 12
60 14
60 15
60 16
60 17
60 20
60 21
60 22
60 24
60 26
60 28
60 29
60 30
60 33
60 38
60 39
60 46
60 51
60 52
60 58
60 59
60 101
60 113
60 127
60 67
60 145
60 71
60 124
60 131
60 82
60 72
60 114
60 110
60 87
60 69
60 88
60 104
60 125
60 149
60 116
60 65
61 9
61 22
61 33
61 52
61 53
61 62
61 63
61 140
61 135
61 183
61 169
61 132
61 92
61 104
62 2
62 4
62 8
62 11
62 12
62 14
62 16
62 17
62 21
62 22
62 24
62 26
62 30
62 33
62 36
62 37
62 41
62 52
62 55
62 57
62 58
62 59
62 61
62 123
62 63
62 72
62 85
62 65
62 145
62 71
62 67
62 73
62 124
62 122
62 88
62 64
62 78
62 92
62 81
62 66
62 104
62 93
63 2
63 11
63 12
63 14
63 16
63 17
63 18
63 21
63 22
63 24
63 26
63 30
63 33
63 36
63 46
63 52
63 55
63 58
63 59
63 61
63 62
63 66
63 67
63 73
63 79
63 104
63 71
63 88
63 68
63 75
63 124
63 65
63 91
63 72
63 92
63 81
63 64
64 18
64 21
64 22
64 23
64 31
64 33
64 37
64 44
64 45
64 53
64 62
64 63
64 118
64 140
64 84
64 70
64 88
64 111
64 92
64 81
64 134
64 148
64 122
65 2
65 3
65 4
65 13
65 14
65 16
65 17
65 21
65 22
65 24
65 26
65 30
65 31
65 39
65 45
65 51
65 52
65 58
65 59
65 60
65 62
65 63
65 85
65 71
65 127
65 77
65 124
65 144
65 104
65 130
66 8
66 9
66 19
66 21
66 22
66 23
66 33
66 36
66 37
66 45
66 48
66 51
66 58
66 62
66 63
66 88
66 79
66 84
66 168
66 70
66 135
66 122
66 134
66 145
66 73
66 148
66 92
67 3
67 8
67 9
67 10
67 13
67 16
67 17
67 18
67 21
67 22
67 24
67 26
67 31
67 32
67 33
67 34
67 35
67 37
67 40
67 41
67 42
67 43
67 45
67 46
67 47
67 55
67 60
67 62
67 63
67 73
67 100
67 99
67 88
67 70
67 123
67 101
67 94
67 158
67 103
67 71
67 84
67 92
67 89
67 133
67 166
68 9
68 18
68 21
68 26
68 34
68 36
68 37
68 45
68 47
68 55
68 57
68 58
68 63
68 72
68 94
68 104
68 74
68 122
68 135
68 134
68 73
68 91
68 88
68 70
68 111
68 124
68 92
69 24
69 29
69 33
69 37
69 60
69 70
69 107
69 173
69 122
70 0
70 4
70 14
70 21
70 24
70 28
70 33
70 36
70 38
70 39
70 41
70 44
70 46
70 51
70 52
70 53
70 57
70 58
70 64
70 66
70 67
70 68
70 69
70 98
70 117
70 92
70 103
70 82
70 162
70 85
70 88
70 124
70 145
70 104
70 114
70 87
70 110
70 164
70 129
70 131
70 134
70 72
70 113
70 152
70 120
70 135
70 172
70 80
70 149
70 78
71 0
71 2
71 3
71 4
71 11
71 12
71 13
71 14
71 16
71 17
71 19
71 20
71 21
71 22
71 24
71 26
71 30
71 31
71 33
71 35
71 45
71 47
71 51
71 52
71 57
71 58
71 59
71 60
71 62
71 63
71 65
71 67
71 106
71 145
71 82
71 152
71 110
71 113
71 98
71 85
71 124
71 77
71 81
71 114
71 104
71 88
71 72
71 73
71 75
71 92
72 5
72 8
72 9
72 18
72 23
72 33
72 35
72 37
72 45
72 47
72 51
72 60
72 62
72 63
72 68
72 70
72 71
72 79
72 92
72 88
72 122
72 135
72 152
72 73
73 8
73 9
73 11
73 14
73 17
73 21
73 22
73 26
73 30
73 31
73 32
73 33
73 35
73 42
73 45
73 46
73 48
73 51
73 52
73 55
73 57
73 58
73 62
73 63
73 66
73 67
73 68
73 71
73 72
73 74
73 104
73 84
73 88
73 163
73 79
73 111
73 132
73 122
73 97
73 124
73 136
74 5
74 8
74 9
74 21
74 33
74 41
74 48
74 51
74 52
74 55
74 56
74 58
74 68
74 73
74 145
74 92
74 124
74 88
74 93
74 179
74 103
75 3
75 10
75 13
75 17
75 30
75 37
75 45
75 63
75 71
75 76
75 92
75 88
75 172
75 153
75 89
75 122
75 94
75 77
76 23
76 28
76 43
76 51
76 55
76 75
76 90
76 152
76 103
77 2
77 4
77 8
77 12
77 14
77 16
77 17
77 21
77 22
77 26
77 30
77 52
77 55
77 58
77 59
77 65
77 71
77 75
77 144
77 104
77 145
77 124
78 14
78 21
78 34
78 37
78 41
78 48
78 62
78 70
78 103
78 88
78 166
78 133
78 122
79 8
79 13
79 14
79 18
79 21
79 33
79 35
79 36
79 37
79 42
79 48
79 51
79 52
79 57
79 58
79 63
79 66
79 72
79 73
79 124
79 92
79 133
79 145
79 135
79 88
79 81
80 44
80 45
80 53
80 70
80 134
80 84
80 176
80 92
81 8
81 17
81 18
81 22
81 23
81 30
81 31
81 33
81 35
81 36
81 45
81 62
81 63
81 64
81 71
81 79
81 122
81 97
81 106
81 133
81 88
81 92
82 15
82 29
82 39
82 60
82 70
82 71
82 83
82 120
82 102
82 161
82 149
83 51
83 82
83 160
83 102
83 122
84 4
84 14
84 21
84 24
84 41
84 51
84 52
84 53
84 55
84 57
84 58
84 64
84 66
84 67
84 73
84 80
84 104
84 167
84 110
84 148
84 124
84 87
84 127
85 1
85 13
85 23
85 31
85 37
85 43
85 45
85 53
85 62
85 65
85 70
85 71
85 86
85 102
85 109
85 105
85 122
85 134
85 161
86 4
86 20
86 51
86 58
86 85
86 98
86 108
86 113
86 127
86 131
86 109
87 5
87 8
87 9
87 15
87 20
87 29
87 39
87 60
87 70
87 84
87 134
87 102
88 8
88 11
88 14
88 21
88 24
88 25
88 26
88 33
88 35
88 36
88 37
88 45
88 48
88 52
88 56
88 57
88 58
88 60
88 62
88 63
88 64
88 66
88 67
88 68
88 70
88 71
88 72
88 73
88 74
88 75
88 78
88 79
88 81
88 123
88 124
88 92
88 134
88 104
88 106
88 122
88 145
89 10
89 14
89 21
89 24
89 41
89 47
89 48
89 67
89 75
89 166
89 99
89 143
89 103
90 10
90 14
90 21
90 32
90 40
90 41
90 46
90 47
90 55
90 76
90 103
90 101
90 129
90 140
90 168
90 99
90 115
91 34
91 37
91 63
91 68
91 92
91 177
91 132
91 94
92 4
92 5
92 8
92 11
92 13
92 14
92 15
92 17
92 19
92 21
92 23
92 24
92 26
92 30
92 31
92 32
92 33
92 34
92 35
92 36
92 37
92 42
92 45
92 46
92 48
92 51
92 52
92 55
92 56
92 57
92 58
92 61
92 62
92 63
92 64
92 66
92 67
92 68
92 70
92 71
92 72
92 74
92 75
92 79
92 80
92 81
92 88
92 91
92 93
92 143
92 136
92 103
92 154
92 122
92 141
92 174
92 99
92 168
92 134
92 178
92 104
92 114
92 117
92 149
92 124
92 145
92 106
92 94
92 133
92 123
92 127
93 3
93 10
93 12
93 14
93 21
93 22
93 26
93 30
93 32
93 41
93 62
93 74
93 92
93 103
93 183
93 184
94 11
94 14
94 21
94 26
94 34
94 41
94 46
94 47
94 51
94 55
94 67
94 68
94 75
94 91
94 92
94 104
94 165
94 124
95 96
95 112
95 171
95 138
95 137
95 147
95 150
96 95
96 150
96 138
96 171
96 147
96 137
96 112
97 4
97 11
97 14
97 21
97 24
97 39
97 41
97 52
97 58
97 73
97 81
97 126
97 146
97 114
97 103
97 111
97 140
97 124
97 110
97 127
97 104
97 172
97 120
98 22
98 39
98 44
98 53
98 70
98 71
98 86
98 134
98 176
99 4
99 10
99 21
99 24
99 32
99 36
99 40
99 41
99 46
99 47
99 55
99 67
99 89
99 90
99 92
99 168
99 103
99 101
99 115
99 126
99 135
100 14
100 21
100 41
100 47
100 67
100 126
101 4
101 5
101 10
101 13
101 14
101 21
101 24
101 26
101 32
101 41
101 43
101 46
101 48
101 55
101 56
101 60
101 67
101 90
101 99
101 103
101 105
101 129
101 183
101 163
102 20
102 28
102 39
102 51
102 82
102 83
102 85
102 87
102 113
102 110
102 104
102 164
102 127
103 4
103 10
103 11
103 14
103 21
103 23
103 24
103 25
103 30
103 31
103 32
103 33
103 34
103 40
103 41
103 43
103 45
103 46
103 47
103 48
103 55
103 67
103 70
103 74
103 76
103 78
103 89
103 90
103 92
103 93
103 97
103 99
103 101
103 105
103 121
103 140
103 123
103 163
103 126
103 122
103 111
103 115
104 1
104 3
104 8
104 9
104 13
104 15
104 16
104 17
104 18
104 20
104 22
104 23
104 25
104 29
104 30
104 31
104 33
104 34
104 35
104 37
104 39
104 45
104 53
104 54
104 57
104 60
104 61
104 62
104 63
104 65
104 68
104 70
104 71
104 73
104 77
104 84
104 88
104 92
104 94
104 97
104 102
104 122
104 120
104 161
104 160
104 134
104 148
104 123
104 164
104 153
104 154
104 135
104 176
104 111
104 145
105 10
105 24
105 47
105 51
105 85
105 101
105 103
105 125
105 149
106 8
106 17
106 30
106 31
106 33
106 45
106 71
106 81
106 88
106 92
106 114
106 157
106 111
106 175
107 24
107 52
107 69
107 123
107 173
107 127
107 145
108 86
108 109
109 4
109 85
109 86
109 108
109 131
109 127
110 4
110 15
110 20
110 23
110 24
110 29
110 31
110 39
110 60
110 70
110 71
110 84
110 97
110 102
110 111
110 120
110 134
110 127
111 12
111 14
111 21
111 23
111 24
111 38
111 39
111 41
111 51
111 58
111 64
111 68
111 73
111 97
111 103
111 104
111 106
111 110
111 144
111 114
111 143
111 127
111 165
111 124
111 146
111 126
111 120
112 95
112 96
112 137
112 147
112 150
112 171
112 138
113 4
113 15
113 20
113 29
113 33
113 38
113 39
113 51
113 60
113 70
113 71
113 86
113 102
113 134
114 9
114 15
114 16
114 17
114 20
114 22
114 29
114 30
114 31
114 60
114 70
114 71
114 92
114 97
114 106
114 111
114 123
114 160
115 4
115 14
115 18
115 21
115 24
115 41
115 46
115 47
115 48
115 90
115 99
115 103
115 140
116 15
116 29
116 60
117 36
117 48
117 70
117 92
117 134
118 64
118 179
118 133
119 21
119 28
119 41
119 46
119 48
119 131
120 15
120 24
120 51
120 70
120 82
120 97
120 104
120 110
120 111
120 134
120 127
121 21
121 26
121 42
121 103
121 139
121 152
122 10
122 11
122 12
122 14
122 21
122 24
122 26
122 28
122 33
122 36
122 38
122 46
122 51
122 52
122 55
122 56
122 57
122 58
122 62
122 64
122 66
122 68
122 69
122 72
122 73
122 75
122 78
122 81
122 83
122 85
122 88
122 92
122 103
122 104
122 153
122 123
122 124
122 127
122 146
122 145
122 132
122 144
123 14
123 21
123 33
123 37
123 41
123 46
123 52
123 55
123 62
123 67
123 88
123 92
123 103
123 104
123 107
123 114
123 122
123 181
124 2
124 3
124 8
124 9
124 13
124 14
124 15
124 16
124 17
124 18
124 21
124 22
124 23
124 25
124 29
124 30
124 31
124 32
124 33
124 35
124 36
124 37
124 45
124 47
124 48
124 53
124 54
124 55
124 60
124 62
124 63
124 65
124 68
124 70
124 71
124 73
124 74
124 77
124 79
124 84
124 88
124 92
124 94
124 97
124 111
124 122
124 131
124 156
124 165
124 133
124 135
124 160
124 154
124 134
125 4
125 15
125 24
125 29
125 60
125 105
126 10
126 40
126 97
126 99
126 100
126 103
126 111
126 155
126 168
127 1
127 4
127 5
127 9
127 13
127 15
127 23
127 24
127 29
127 39
127 53
127 60
127 65
127 84
127 86
127 92
127 97
127 102
127 107
127 109
127 110
127 111
127 120
127 122
127 161
127 149
128 21
128 47
128 48
129 46
129 70
129 90
129 101
129 130
130 4
130 34
130 65
130 129
131 13
131 15
131 20
131 29
131 39
131 44
131 53
131 60
131 70
131 86
131 109
131 119
131 124
131 149
131 162
131 164
131 134
131 176
132 8
132 14
132 18
132 21
132 33
132 37
132 38
132 48
132 61
132 73
132 91
132 122
132 165
132 161
132 145
133 8
133 19
133 21
133 36
133 48
133 51
133 67
133 78
133 79
133 81
133 92
133 118
133 124
133 179
133 145
133 163
134 0
134 4
134 14
134 15
134 24
134 28
134 33
134 39
134 44
134 51
134 52
134 53
134 57
134 58
134 64
134 66
134 68
134 70
134 80
134 85
134 87
134 88
134 92
134 98
134 104
134 110
134 113
134 117
134 120
134 124
134 131
134 162
134 176
134 149
134 152
134 145
135 8
135 10
135 21
135 23
135 26
135 33
135 44
135 48
135 51
135 52
135 53
135 55
135 57
135 58
135 61
135 66
135 68
135 70
135 72
135 79
135 99
135 104
135 124
135 151
135 165
135 136
135 149
136 33
136 73
136 92
136 135
137 95
137 96
137 112
137 138
137 147
137 171
138 95
138 96
138 112
138 137
138 147
138 171
139 121
139 152
139 155
140 3
140 14
140 21
140 41
140 46
140 51
140 55
140 61
140 64
140 90
140 97
140 103
140 115
141 37
141 92
142 6
142 7
143 18
143 23
143 33
143 37
143 47
143 89
143 92
143 111
143 155
144 21
144 22
144 30
144 34
144 37
144 45
144 65
144 77
144 111
144 122
145 2
145 3
145 8
145 13
145 22
145 30
145 33
145 35
145 36
145 37
145 39
145 51
145 52
145 60
145 62
145 66
145 70
145 71
145 74
145 77
145 79
145 88
145 92
145 104
145 107
145 122
145 132
145 133
145 134
145 156
146 8
146 33
146 97
146 111
146 122
147 28
147 95
147 96
147 112
147 137
147 138
147 171
148 21
148 44
148 52
148 53
148 64
148 66
148 84
148 104
149 4
149 15
149 29
149 33
149 39
149 60
149 70
149 82
149 92
149 105
149 127
149 131
149 134
149 135
150 95
150 96
150 112
151 14
151 135
152 17
152 53
152 70
152 71
152 72
152 76
152 121
152 134
152 139
152 155
152 161
153 12
153 14
153 21
153 41
153 75
153 104
153 122
154 8
154 9
154 36
154 92
154 104
154 124
154 165
154 167
154 160
155 24
155 51
155 55
155 126
155 139
155 143
155 152
156 8
156 14
156 18
156 32
156 42
156 51
156 124
156 145
157 3
157 15
157 35
157 56
157 106
157 175
158 67
159 6
159 43
159 47
160 9
160 12
160 21
160 38
160 51
160 83
160 104
160 114
160 124
160 154
160 165
161 0
161 1
161 14
161 21
161 28
161 33
161 51
161 82
161 85
161 104
161 127
161 132
161 152
162 44
162 52
162 53
162 70
162 131
162 134
162 176
163 18
163 32
163 33
163 49
163 55
163 73
163 101
163 103
163 133
164 39
164 48
164 70
164 102
164 104
164 131
165 9
165 23
165 25
165 37
165 94
165 111
165 124
165 132
165 135
165 154
165 160
165 167
166 10
166 14
166 21
166 41
166 45
166 55
166 67
166 78
166 89
167 84
167 154
167 165
168 18
168 25
168 36
168 43
168 46
168 55
168 66
168 90
168 92
168 99
168 126
169 14
169 61
170 33
170 35
170 52
170 172
171 95
171 96
171 112
171 137
171 138
171 147
172 70
172 75
172 97
172 170
173 24
173 29
173 33
173 69
173 107
174 8
174 92
175 26
175 106
175 157
176 44
176 52
176 55
176 57
176 80
176 98
176 104
176 131
176 134
176 162
177 91
178 3
178 92
179 51
179 74
179 118
179 133
179 182
180 10
180 24
180 57
181 14
181 33
181 123
182 179
183 61
183 93
183 101
184 21
184 93
185 14
