0 1
0 67
0 145
0 175
0 151
0 184
0 14
0 8
0 23
0 126
0 122
0 12
0 38
0 66
0 56
0 16
0 100
0 155
0 150
0 168
0 197
0 4
0 217
0 33
0 53
0 172
0 28
0 166
0 40
0 79
0 114
0 106
0 45
0 167
0 31
0 27
0 148
0 19
0 193
0 7
0 17
0 162
0 103
0 41
0 42
0 48
0 88
0 212
0 108
0 131
0 24
0 89
0 10
0 18
0 37
0 109
0 58
0 95
0 57
0 174
0 47
0 32
0 118
0 76
0 13
0 11
0 3
0 169
0 196
0 26
0 35
1 0
1 19
1 153
1 154
1 53
1 38
1 11
1 13
1 44
1 173
1 108
1 83
1 4
1 2
1 6
1 125
1 21
1 30
1 65
1 114
1 18
1 15
1 73
1 16
1 28
1 42
1 57
1 177
1 17
1 37
1 8
1 77
1 82
1 106
1 79
1 100
1 14
1 87
1 96
1 68
1 95
1 91
1 36
1 3
1 51
1 64
1 45
1 132
1 25
1 117
1 101
1 202
1 94
1 142
1 10
1 174
1 195
1 122
1 126
1 26
1 148
1 97
1 159
2 1
2 3
2 17
2 53
2 106
2 36
2 87
2 98
2 64
2 19
2 170
2 23
2 42
2 6
2 43
2 89
2 145
2 113
2 18
2 151
2 159
2 128
2 85
2 56
2 25
2 149
2 16
2 92
2 114
2 108
2 35
2 95
2 37
2 81
2 26
2 45
2 22
2 38
2 44
2 80
2 51
2 57
2 82
2 214
2 14
2 10
2 195
2 96
2 52
2 122
2 130
2 73
2 83
2 11
2 173
2 179
3 0
3 1
3 2
3 15
3 8
3 106
3 81
3 36
3 135
3 19
3 27
3 53
3 16
3 78
3 64
3 10
3 44
3 94
3 77
3 4
3 102
3 82
3 177
3 42
3 100
3 38
3 108
3 72
3 45
3 178
3 219
3 20
3 130
3 159
3 153
3 173
3 37
3 57
3 73
3 65
3 55
3 23
3 107
3 52
3 11
3 87
3 92
3 126
3 98
3 125
3 128
3 114
3 96
3 26
3 18
3 192
3 13
3 85
3 117
3 39
3 6
3 170
3 14
3 99
3 29
3 89
3 83
3 113
3 214
3 79
4 0
4 1
4 3
4 5
4 70
4 16
4 28
4 10
4 108
4 172
4 77
4 96
4 14
4 38
4 17
4 84
4 131
4 22
4 89
4 159
4 114
4 35
4 43
4 18
4 53
4 51
4 107
4 24
4 139
4 65
4 97
4 119
4 87
4 94
4 122
4 76
4 100
4 23
4 102
4 151
4 197
4 32
4 83
4 118
4 30
4 103
4 186
4 11
4 8
4 113
4 101
4 27
4 126
4 26
4 37
4 42
4 19
4 73
4 79
4 13
5 4
5 22
5 99
5 119
5 18
5 131
5 180
5 197
5 164
5 121
5 205
5 140
6 1
6 2
6 3
6 7
6 53
6 77
6 79
6 80
6 17
6 115
6 30
6 148
6 92
6 177
6 73
6 57
6 132
6 42
6 26
6 52
6 114
6 18
6 29
6 126
6 10
6 122
6 147
6 15
6 64
6 95
6 149
6 84
6 44
6 38
6 151
6 16
6 51
6 11
6 45
6 20
6 159
6 56
6 12
6 106
6 103
6 144
6 94
6 36
6 70
6 130
6 81
6 37
6 91
6 83
6 19
6 14
6 87
6 27
7 0
7 6
7 12
7 68
7 98
7 143
7 115
7 188
7 128
7 160
7 82
7 38
7 42
7 126
7 75
7 202
7 91
7 52
7 220
7 53
7 18
7 25
7 173
7 21
7 29
7 36
7 15
7 87
7 195
7 56
7 212
7 20
7 51
7 157
7 117
7 8
7 95
7 147
7 166
7 101
7 100
7 133
7 94
7 192
7 106
7 142
7 107
7 116
7 122
7 44
7 17
7 45
7 30
7 13
7 39
7 16
8 0
8 1
8 3
8 4
8 7
8 9
8 48
8 120
8 84
8 114
8 166
8 130
8 10
8 42
8 12
8 144
8 60
8 28
8 154
8 122
8 17
8 18
8 51
8 158
8 132
8 143
8 45
8 221
8 83
8 59
8 169
8 65
8 207
8 53
8 23
8 74
8 194
8 123
8 148
8 79
8 174
8 103
8 11
8 58
8 155
8 75
8 89
8 151
8 205
8 171
8 47
8 138
8 110
8 200
8 96
8 97
8 87
8 113
8 90
8 37
8 38
8 26
8 43
8 67
8 85
8 29
8 22
8 196
8 16
8 27
8 14
8 56
8 32
8 184
8 35
8 19
8 57
8 117
8 46
8 13
8 178
8 187
8 88
9 8
9 200
9 167
9 205
10 0
10 1
10 2
10 3
10 4
10 6
10 8
10 11
10 37
10 100
10 170
10 22
10 18
10 91
10 44
10 95
10 81
10 51
10 27
10 106
10 38
10 45
10 159
10 53
10 15
10 173
10 36
10 64
10 126
10 192
10 14
10 52
10 57
10 98
10 30
10 68
10 80
10 42
10 140
10 96
10 19
10 94
10 13
10 77
10 25
10 87
10 114
10 17
10 82
10 70
10 154
10 122
10 16
10 148
10 137
10 101
10 102
10 151
11 0
11 1
11 2
11 3
11 4
11 6
11 8
11 10
11 33
11 43
11 26
11 154
11 118
11 85
11 195
11 187
11 19
11 151
11 107
11 191
11 57
11 88
11 79
11 72
11 137
11 17
11 14
11 132
11 23
11 18
11 39
11 97
11 37
11 153
11 171
11 15
11 126
11 71
11 87
11 32
11 80
11 122
11 28
11 68
11 116
11 159
11 25
11 96
11 44
11 157
11 101
11 100
11 20
11 98
11 81
11 52
11 117
11 16
11 95
11 106
11 77
11 177
11 83
11 115
11 53
11 64
11 42
11 36
11 13
11 65
11 45
11 136
11 173
11 114
11 125
11 148
11 170
11 27
11 192
11 174
11 142
11 140
11 128
11 82
11 102
11 70
11 51
11 30
11 103
11 181
11 21
11 93
11 34
11 202
11 144
11 94
11 91
11 38
11 108
11 12
12 0
12 6
12 7
12 8
12 11
12 45
12 77
12 180
12 53
12 13
12 40
12 17
12 173
12 38
12 192
12 52
12 73
12 16
12 162
12 114
12 27
12 51
12 79
12 19
12 37
12 26
12 42
12 14
12 103
12 105
12 57
12 202
12 147
12 148
13 0
13 1
13 3
13 4
13 7
13 8
13 10
13 11
13 12
13 14
13 23
13 106
13 126
13 45
13 79
13 25
13 87
13 65
13 57
13 53
13 18
13 47
13 42
13 137
13 187
13 114
13 148
13 32
13 16
13 37
13 196
13 38
13 56
13 103
13 40
13 139
13 122
13 118
13 181
13 76
13 26
13 43
13 169
13 149
13 130
13 17
13 97
13 127
13 131
13 95
13 108
13 151
13 19
13 73
13 145
13 83
13 166
14 0
14 1
14 2
14 3
14 4
14 6
14 8
14 10
14 11
14 12
14 13
14 116
14 88
14 132
14 133
14 28
14 106
14 42
14 177
14 15
14 160
14 39
14 85
14 170
14 37
14 188
14 97
14 140
14 173
14 215
14 94
14 159
14 151
14 128
14 100
14 154
14 20
14 220
14 17
14 153
14 223
14 83
14 136
14 174
14 26
14 84
14 19
14 54
14 224
14 96
14 44
14 178
14 43
14 69
14 114
14 82
14 79
14 202
14 87
14 164
14 93
14 142
14 68
14 77
14 195
14 51
14 16
14 181
14 157
14 21
14 148
14 65
14 23
14 34
14 192
14 117
14 98
14 126
14 55
14 30
14 115
14 222
14 186
14 33
14 103
14 45
14 27
14 53
14 64
14 122
14 52
14 36
14 80
14 144
14 108
14 57
14 25
14 107
14 70
14 101
14 125
14 187
14 71
14 81
14 72
14 91
14 95
14 102
14 18
14 137
15 1
15 3
15 6
15 7
15 10
15 11
15 14
15 27
15 78
15 141
15 45
15 77
15 42
15 84
15 151
15 97
15 28
15 86
15 81
15 139
15 169
15 74
15 158
15 104
15 76
15 159
15 130
15 123
15 89
15 126
15 79
15 19
15 144
15 57
15 23
15 43
15 153
15 131
15 132
15 162
15 166
15 29
15 32
15 108
15 174
15 22
15 83
15 94
15 124
15 118
15 85
15 99
15 152
15 65
15 87
15 37
15 127
15 26
15 69
15 70
15 136
15 88
15 178
15 75
15 93
15 191
16 0
16 1
16 2
16 3
16 4
16 6
16 7
16 8
16 10
16 11
16 12
16 13
16 14
16 17
16 30
16 45
16 53
16 51
16 83
16 79
16 23
16 96
16 18
16 97
16 90
16 52
16 95
16 77
16 65
16 154
16 214
16 26
16 151
16 207
16 186
16 219
16 159
16 87
16 126
16 19
16 118
16 196
16 38
16 121
16 42
16 169
16 131
16 88
16 57
16 32
16 122
16 130
16 140
16 102
16 69
16 166
16 144
16 106
16 155
16 132
16 82
16 192
16 179
16 37
16 103
16 75
16 104
16 43
16 178
16 71
16 114
16 55
16 28
16 89
16 80
16 27
16 25
16 148
16 171
16 187
16 108
16 113
16 226
16 174
17 0
17 1
17 2
17 4
17 6
17 7
17 8
17 10
17 11
17 12
17 13
17 14
17 16
17 44
17 107
17 154
17 28
17 171
17 148
17 30
17 94
17 181
17 187
17 192
17 109
17 83
17 64
17 128
17 106
17 27
17 97
17 122
17 159
17 147
17 101
17 25
17 52
17 169
17 23
17 166
17 80
17 45
17 70
17 51
17 32
17 29
17 100
17 114
17 117
17 191
17 173
17 102
17 79
17 151
17 95
17 92
17 126
17 57
17 19
17 196
17 53
17 132
17 85
17 36
17 77
17 37
17 186
17 87
17 18
17 65
17 24
17 42
17 131
17 55
17 38
17 105
17 98
17 39
17 35
17 108
17 22
17 84
17 219
17 118
17 56
17 103
17 26
17 174
17 73
17 113
17 88
17 153
18 0
18 1
18 2
18 3
18 4
18 5
18 6
18 7
18 8
18 10
18 11
18 13
18 14
18 16
18 17
18 19
18 56
18 96
18 53
18 154
18 80
18 79
18 132
18 25
18 97
18 45
18 131
18 95
18 151
18 166
18 68
18 70
18 222
18 170
18 52
18 51
18 35
18 24
18 102
18 106
18 127
18 98
18 114
18 147
18 118
18 101
18 57
18 103
18 180
18 73
18 65
18 42
18 29
18 196
18 122
18 214
18 159
18 153
18 143
18 83
18 38
18 94
18 178
18 191
18 92
18 155
18 157
18 76
18 27
18 28
18 26
18 179
18 84
18 23
18 108
18 40
18 212
18 171
18 107
18 87
18 30
18 126
18 186
18 187
18 37
18 100
18 169
19 0
19 1
19 2
19 3
19 4
19 6
19 8
19 10
19 11
19 12
19 13
19 14
19 15
19 16
19 17
19 18
19 44
19 27
19 69
19 93
19 105
19 94
19 131
19 115
19 84
19 87
19 108
19 144
19 153
19 189
19 75
19 43
19 57
19 122
19 167
19 85
19 30
19 181
19 88
19 170
19 23
19 81
19 174
19 31
19 107
19 195
19 22
19 53
19 77
19 164
19 78
19 197
19 132
19 92
19 83
19 54
19 48
19 91
19 68
19 26
19 125
19 159
19 126
19 191
19 148
19 51
19 198
19 101
19 70
19 100
19 142
19 141
19 117
19 154
19 227
19 37
19 42
19 172
19 207
19 178
19 99
19 114
19 36
19 140
19 149
19 21
19 173
19 137
19 39
19 177
19 38
19 35
19 72
19 150
19 136
19 202
19 52
19 97
19 20
19 95
19 55
19 135
19 146
19 71
19 32
19 116
19 96
19 138
19 111
19 66
19 28
19 33
19 64
19 79
19 103
19 160
19 73
19 34
19 82
19 192
19 128
19 187
19 151
19 80
19 65
19 155
19 157
19 102
19 25
19 106
19 45
19 98
20 3
20 6
20 7
20 11
20 14
20 19
20 21
20 35
20 51
20 144
20 57
20 32
20 169
20 27
20 118
20 79
20 73
20 98
20 172
20 162
20 37
20 22
20 42
20 104
20 145
21 1
21 7
21 11
21 14
21 19
21 20
21 73
21 57
21 139
21 126
21 169
21 37
21 131
21 172
21 64
21 108
21 27
21 162
21 109
21 56
21 38
22 2
22 4
22 5
22 8
22 10
22 15
22 17
22 19
22 20
22 87
22 43
22 131
22 139
22 107
22 97
22 96
22 94
22 118
22 102
22 86
22 23
22 69
22 53
22 191
22 159
22 88
22 170
22 36
22 76
23 0
23 2
23 3
23 4
23 8
23 11
23 13
23 14
23 15
23 16
23 17
23 18
23 19
23 22
23 24
23 38
23 102
23 43
23 148
23 181
23 76
23 45
23 147
23 106
23 98
23 97
23 53
23 105
23 95
23 130
23 70
23 113
23 25
23 40
23 100
23 35
23 85
23 42
23 139
23 57
23 151
23 32
23 144
23 77
23 47
23 149
23 108
23 29
23 73
23 121
23 172
23 83
23 92
23 171
23 180
23 118
23 101
23 122
23 27
23 117
23 196
23 145
23 162
23 104
23 26
23 169
23 64
23 51
23 86
23 37
24 0
24 4
24 17
24 18
24 23
24 35
24 204
24 205
24 27
24 25
24 109
24 149
24 107
24 57
24 212
24 145
24 118
24 121
25 1
25 2
25 7
25 10
25 11
25 13
25 14
25 16
25 17
25 18
25 19
25 23
25 24
25 26
25 32
25 152
25 95
25 27
25 56
25 53
25 100
25 105
25 83
25 70
25 151
25 65
25 159
25 86
25 122
25 130
25 164
25 51
25 162
25 108
25 84
25 76
25 186
25 118
25 145
25 89
25 42
25 73
25 209
25 97
25 52
25 98
25 166
25 37
25 92
25 64
25 212
25 131
25 149
25 79
25 165
25 139
25 106
25 77
25 33
25 101
25 103
25 87
25 40
26 0
26 1
26 2
26 3
26 4
26 6
26 8
26 11
26 12
26 13
26 14
26 15
26 16
26 17
26 18
26 19
26 23
26 25
26 136
26 51
26 117
26 53
26 32
26 96
26 28
26 81
26 38
26 88
26 114
26 151
26 33
26 93
26 69
26 71
26 100
26 79
26 115
26 83
26 132
26 43
26 39
26 44
26 87
26 42
26 157
26 125
26 153
26 97
26 137
26 103
26 173
26 118
26 106
26 177
26 108
26 68
26 126
26 54
26 85
26 35
26 30
26 148
26 101
26 94
26 192
26 128
26 36
26 95
26 34
26 122
26 78
26 91
26 98
26 139
26 84
26 80
26 77
26 154
26 45
26 55
26 52
26 57
26 170
26 27
26 64
26 155
26 102
27 0
27 3
27 4
27 6
27 8
27 10
27 11
27 12
27 14
27 15
27 16
27 17
27 18
27 19
27 20
27 21
27 23
27 24
27 25
27 26
27 84
27 113
27 144
27 116
27 100
27 75
27 39
27 72
27 178
27 106
27 126
27 45
27 149
27 95
27 44
27 37
27 29
27 226
27 102
27 192
27 56
27 36
27 28
27 53
27 177
27 52
27 219
27 159
27 42
27 83
27 117
27 51
27 38
27 30
27 70
27 57
27 114
27 87
27 115
27 145
27 81
27 101
27 65
27 73
27 97
27 80
27 122
27 35
27 135
28 0
28 1
28 4
28 8
28 11
28 14
28 15
28 16
28 17
28 18
28 19
28 26
28 27
28 29
28 38
28 160
28 157
28 125
28 83
28 65
28 101
28 51
28 153
28 108
28 33
28 195
28 68
28 87
28 37
28 79
28 45
28 53
28 32
28 88
28 94
28 100
28 122
29 3
29 6
29 7
29 8
29 15
29 17
29 18
29 23
29 27
29 28
29 143
29 133
29 91
29 188
29 38
29 53
29 166
29 37
29 132
29 101
29 83
29 153
29 68
29 32
29 56
29 118
29 65
29 77
29 87
29 126
29 157
29 100
30 1
30 4
30 6
30 7
30 10
30 11
30 14
30 16
30 17
30 18
30 19
30 26
30 27
30 121
30 122
30 79
30 73
30 70
30 80
30 139
30 126
30 159
30 87
30 42
30 37
30 53
30 57
30 55
30 114
30 35
30 51
30 151
30 38
30 83
30 196
30 47
30 113
30 212
30 108
31 0
31 19
31 32
31 76
31 46
31 72
31 59
31 105
31 117
31 63
31 208
31 130
31 41
31 58
31 145
31 121
31 169
31 47
31 109
31 35
31 110
31 97
31 40
31 127
31 162
31 118
31 74
31 210
31 184
31 209
31 123
32 0
32 4
32 8
32 11
32 13
32 15
32 16
32 17
32 19
32 20
32 23
32 25
32 26
32 28
32 29
32 31
32 33
32 41
32 40
32 145
32 84
32 53
32 79
32 126
32 58
32 136
32 88
32 52
32 103
32 224
32 38
32 170
32 78
32 91
32 156
32 157
32 71
32 107
32 189
32 215
32 177
32 69
32 137
32 121
32 149
32 80
32 197
32 118
32 160
32 97
32 153
32 166
32 122
32 34
32 140
32 108
32 208
32 93
32 180
32 83
32 47
32 44
32 164
32 96
32 141
32 65
32 35
32 222
32 205
33 0
33 11
33 14
33 19
33 25
33 26
33 28
33 32
33 34
33 136
33 108
33 76
33 79
33 71
33 118
33 137
33 197
33 88
34 11
34 14
34 19
34 26
34 32
34 33
34 88
34 188
34 38
34 100
34 153
34 68
34 101
34 109
34 53
34 87
34 103
34 122
34 82
34 91
35 0
35 2
35 4
35 8
35 17
35 18
35 19
35 20
35 23
35 24
35 26
35 27
35 30
35 31
35 32
35 43
35 110
35 75
35 95
35 82
35 118
35 72
35 59
35 74
35 47
35 210
35 209
35 46
35 181
35 41
35 112
35 98
35 176
35 101
35 58
35 106
35 100
35 184
35 107
35 38
35 113
35 78
35 195
35 126
35 173
35 129
35 52
35 145
35 53
35 165
35 117
35 57
35 148
35 155
36 1
36 2
36 3
36 6
36 7
36 10
36 11
36 14
36 17
36 19
36 22
36 26
36 27
36 37
36 51
36 65
36 92
36 131
36 91
36 42
36 144
36 97
36 73
36 171
36 148
36 108
36 40
36 88
36 172
36 147
36 79
36 57
36 39
36 77
36 44
36 162
36 87
36 94
36 70
36 56
36 45
36 95
36 64
36 154
36 55
36 118
36 71
36 166
37 0
37 1
37 2
37 3
37 4
37 6
37 8
37 10
37 11
37 12
37 13
37 14
37 15
37 16
37 17
37 18
37 19
37 20
37 21
37 23
37 25
37 27
37 28
37 29
37 30
37 36
37 57
37 140
37 52
37 95
37 144
37 160
37 68
37 102
37 39
37 53
37 91
37 170
37 83
37 146
37 188
37 42
37 150
37 142
37 115
37 157
37 44
37 96
37 43
37 64
37 72
37 114
37 69
37 154
37 82
37 98
37 159
37 70
37 222
37 137
37 149
37 132
37 177
37 51
37 87
37 108
37 80
37 148
37 192
37 38
37 94
37 93
37 153
37 106
37 45
37 135
37 66
37 128
37 173
37 198
37 180
37 90
37 85
37 105
37 227
37 81
37 117
37 100
37 195
37 125
37 77
37 84
37 164
37 181
37 141
37 174
37 73
37 178
37 187
37 79
37 116
37 122
37 219
37 101
37 202
37 107
37 103
37 151
37 145
37 126
38 0
38 1
38 2
38 3
38 4
38 6
38 7
38 8
38 10
38 11
38 12
38 13
38 16
38 17
38 18
38 19
38 21
38 23
38 26
38 27
38 28
38 29
38 30
38 32
38 34
38 35
38 37
38 71
38 96
38 48
38 40
38 186
38 187
38 51
38 170
38 171
38 45
38 122
38 113
38 57
38 88
38 130
38 147
38 143
38 73
38 100
38 101
38 126
38 196
38 132
38 177
38 165
38 159
38 68
38 79
38 106
38 131
38 95
38 139
38 214
38 118
38 155
38 108
38 194
38 53
38 77
38 191
38 84
38 65
38 42
38 55
38 149
38 70
38 86
38 172
38 148
38 91
38 140
38 87
38 56
38 94
38 114
38 115
38 64
38 103
38 144
38 97
38 157
38 83
38 151
38 166
38 145
38 222
38 136
38 81
39 3
39 7
39 11
39 14
39 17
39 19
39 26
39 27
39 36
39 37
39 40
39 137
39 64
39 57
39 56
39 51
39 144
39 42
39 149
39 118
39 162
39 108
39 114
39 97
40 0
40 12
40 13
40 18
40 23
40 25
40 31
40 32
40 36
40 38
40 39
40 76
40 125
40 142
40 100
40 197
40 118
40 145
40 205
40 58
40 66
40 122
40 140
40 101
41 0
41 31
41 32
41 35
41 72
41 169
41 184
41 58
41 165
41 149
41 47
41 118
41 209
41 97
41 163
41 195
41 46
41 145
41 105
41 152
41 59
41 130
41 156
41 155
41 121
41 171
42 0
42 1
42 2
42 3
42 4
42 6
42 7
42 8
42 10
42 11
42 12
42 13
42 14
42 15
42 16
42 17
42 18
42 19
42 20
42 23
42 25
42 26
42 27
42 30
42 36
42 37
42 38
42 39
42 43
42 128
42 91
42 170
42 64
42 89
42 73
42 114
42 51
42 178
42 45
42 52
42 181
42 116
42 154
42 159
42 81
42 44
42 87
42 106
42 82
42 132
42 80
42 83
42 98
42 72
42 94
42 57
42 186
42 177
42 192
42 115
42 174
42 77
42 107
42 95
42 70
42 151
42 219
42 65
42 148
42 79
42 122
42 125
42 140
42 53
42 113
42 162
42 96
42 102
42 126
42 108
42 195
42 173
43 2
43 4
43 8
43 11
43 13
43 14
43 15
43 16
43 19
43 22
43 23
43 26
43 35
43 37
43 42
43 123
43 149
43 89
43 106
43 163
43 57
43 51
43 169
43 75
43 195
43 45
43 44
43 178
43 74
43 48
43 210
43 145
43 158
43 53
43 95
43 142
43 90
43 125
43 126
43 130
43 192
44 1
44 2
44 3
44 6
44 7
44 10
44 11
44 14
44 17
44 19
44 26
44 27
44 32
44 36
44 37
44 42
44 43
44 151
44 113
44 166
44 177
44 79
44 130
44 56
44 87
44 89
44 55
44 140
44 64
44 159
44 149
44 174
44 92
44 54
44 124
44 65
44 147
44 118
44 127
44 73
44 45
44 83
45 0
45 1
45 2
45 3
45 6
45 7
45 8
45 10
45 11
45 12
45 13
45 14
45 15
45 16
45 17
45 18
45 19
45 23
45 26
45 27
45 28
45 36
45 37
45 38
45 42
45 43
45 44
45 159
45 74
45 143
45 94
45 117
45 108
45 151
45 73
45 48
45 144
45 53
45 113
45 81
45 47
45 158
45 64
45 177
45 211
45 89
45 83
45 51
45 57
45 122
45 154
45 114
45 138
45 70
45 65
45 123
45 77
45 103
45 85
45 207
45 96
45 187
45 148
45 56
45 79
45 75
45 87
45 174
45 196
46 8
46 31
46 35
46 41
46 47
46 59
46 48
46 110
46 60
46 49
46 135
46 66
46 152
46 149
46 112
46 165
46 63
46 210
46 139
46 130
46 150
46 168
46 90
46 145
46 194
46 137
46 169
47 0
47 8
47 13
47 23
47 30
47 31
47 32
47 35
47 41
47 45
47 46
47 150
47 182
47 145
47 156
47 63
47 189
47 58
47 165
47 67
47 155
47 135
47 168
47 152
47 107
47 129
47 86
47 130
47 149
47 90
47 59
47 105
47 162
47 76
47 118
47 139
47 112
48 0
48 8
48 19
48 38
48 43
48 45
48 46
48 137
48 158
48 135
48 183
48 134
48 190
48 50
48 49
48 198
48 203
48 201
48 112
48 138
48 129
48 199
48 168
48 63
48 162
48 146
48 66
49 46
49 48
49 50
49 66
49 190
49 146
49 61
49 217
49 169
49 111
49 168
49 210
49 90
50 48
50 49
50 67
50 135
50 168
50 112
50 66
50 111
50 90
50 146
50 198
51 1
51 2
51 4
51 6
51 7
51 8
51 10
51 11
51 12
51 14
51 16
51 17
51 18
51 19
51 20
51 23
51 25
51 26
51 27
51 28
51 30
51 36
51 37
51 38
51 39
51 42
51 43
51 45
51 52
51 159
51 89
51 94
51 81
51 143
51 64
51 77
51 95
51 114
51 98
51 113
51 166
51 65
51 103
51 151
51 53
51 87
51 181
51 177
51 108
51 122
51 148
51 80
51 126
51 56
51 73
51 214
51 106
51 96
51 91
51 79
51 82
51 186
51 57
51 83
51 196
51 115
52 2
52 3
52 6
52 7
52 10
52 11
52 12
52 14
52 16
52 17
52 18
52 19
52 25
52 26
52 27
52 32
52 35
52 37
52 42
52 51
52 53
52 95
52 57
52 148
52 180
52 139
52 149
52 87
52 114
52 159
52 64
52 106
52 98
52 103
52 109
52 151
52 97
52 170
52 130
52 108
52 56
52 172
52 166
52 162
52 124
52 65
52 165
52 68
52 113
52 73
52 127
53 0
53 1
53 2
53 3
53 4
53 6
53 7
53 8
53 10
53 11
53 12
53 13
53 14
53 16
53 17
53 18
53 19
53 22
53 23
53 25
53 26
53 27
53 28
53 29
53 30
53 32
53 34
53 35
53 37
53 38
53 42
53 43
53 45
53 51
53 52
53 85
53 104
53 145
53 113
53 187
53 108
53 118
53 151
53 80
53 74
53 196
53 97
53 83
53 122
53 143
53 102
53 139
53 88
53 186
53 130
53 73
53 147
53 154
53 212
53 127
53 68
53 144
53 114
53 70
53 153
53 65
53 86
53 75
53 89
53 179
53 222
53 126
53 140
53 103
53 174
53 87
53 131
53 170
53 96
53 56
53 106
53 91
53 79
53 94
53 109
53 77
53 84
53 132
53 57
53 159
53 178
53 169
53 117
54 14
54 19
54 26
54 44
54 55
54 77
54 91
54 84
54 153
55 3
55 14
55 16
55 17
55 19
55 26
55 30
55 36
55 38
55 44
55 54
55 93
55 212
55 126
55 78
55 157
55 101
55 173
55 100
56 0
56 2
56 6
56 7
56 8
56 13
56 17
56 18
56 21
56 25
56 27
56 29
56 36
56 38
56 39
56 44
56 45
56 51
56 52
56 53
56 94
56 147
56 148
56 100
56 188
56 116
56 143
56 106
56 107
56 91
56 166
56 114
56 202
56 195
56 117
56 171
56 126
56 173
56 128
56 178
56 133
56 68
56 95
56 82
56 75
56 101
56 192
57 0
57 1
57 2
57 3
57 6
57 8
57 10
57 11
57 12
57 13
57 14
57 15
57 16
57 17
57 18
57 19
57 20
57 21
57 23
57 24
57 26
57 27
57 30
57 35
57 36
57 37
57 38
57 39
57 42
57 43
57 45
57 51
57 52
57 53
57 81
57 73
57 80
57 70
57 117
57 64
57 74
57 75
57 83
57 132
57 77
57 89
57 177
57 95
57 148
57 113
57 79
57 104
57 122
57 159
57 181
57 100
57 149
57 173
57 87
57 114
57 94
57 106
57 65
57 85
57 170
57 108
58 0
58 8
58 31
58 32
58 35
58 40
58 41
58 47
58 59
58 145
58 129
58 97
58 152
58 105
58 110
58 118
58 210
58 184
58 130
58 137
58 90
58 212
58 112
58 63
58 149
59 8
59 31
59 35
59 41
59 46
59 47
59 58
59 110
59 208
59 165
59 129
59 74
59 105
59 124
59 72
59 152
59 121
59 75
59 145
59 228
59 60
59 150
59 102
60 8
60 46
60 59
60 61
60 169
60 112
60 176
60 199
60 67
60 168
60 90
60 105
60 110
60 190
60 194
60 198
61 49
61 60
61 90
61 161
61 137
61 111
61 146
61 169
61 127
61 199
62 63
62 112
62 162
62 190
62 168
63 31
63 46
63 47
63 48
63 58
63 62
63 185
63 120
63 75
63 168
63 183
63 184
63 78
63 145
63 169
63 130
64 1
64 2
64 3
64 6
64 10
64 11
64 14
64 17
64 19
64 21
64 23
64 25
64 26
64 36
64 37
64 38
64 39
64 42
64 44
64 45
64 51
64 52
64 57
64 65
64 113
64 114
64 77
64 174
64 148
64 95
64 140
64 94
64 126
64 91
64 159
64 177
64 70
64 92
64 79
64 132
64 108
64 106
64 192
64 173
64 83
64 87
64 81
65 1
65 3
65 4
65 8
65 11
65 13
65 14
65 15
65 16
65 17
65 18
65 19
65 25
65 27
65 28
65 29
65 32
65 36
65 38
65 42
65 44
65 45
65 51
65 52
65 53
65 57
65 64
65 136
65 87
65 97
65 153
65 91
65 125
65 106
65 177
65 68
65 174
65 126
65 79
65 148
65 83
65 72
65 117
65 102
65 132
65 154
65 215
65 114
65 101
65 157
65 192
65 94
65 195
65 122
65 173
65 100
65 160
65 95
66 0
66 19
66 37
66 40
66 46
66 48
66 49
66 50
66 67
66 176
66 144
66 90
66 146
66 162
66 218
66 198
66 130
66 167
66 150
66 171
66 137
66 155
66 201
66 169
67 0
67 8
67 47
67 50
67 60
67 66
67 112
67 190
67 201
67 198
67 206
67 90
67 199
67 146
67 218
67 135
67 152
67 162
67 111
67 139
68 1
68 7
68 10
68 11
68 14
68 18
68 19
68 26
68 28
68 29
68 34
68 37
68 38
68 52
68 53
68 56
68 65
68 143
68 108
68 166
68 148
68 186
68 94
68 87
68 79
68 77
68 70
68 136
68 91
68 83
68 159
68 73
69 14
69 15
69 16
69 19
69 22
69 26
69 32
69 37
69 141
69 126
69 88
69 153
69 97
70 4
70 6
70 10
70 11
70 14
70 15
70 17
70 18
70 19
70 23
70 25
70 27
70 30
70 36
70 37
70 38
70 42
70 45
70 53
70 57
70 64
70 68
70 101
70 91
70 100
70 108
70 178
70 95
70 94
70 140
70 159
70 77
70 107
70 92
70 114
70 137
71 11
71 14
71 16
71 19
71 26
71 32
71 33
71 36
71 38
71 136
71 79
71 126
72 3
72 11
72 14
72 19
72 27
72 31
72 35
72 37
72 41
72 42
72 59
72 65
72 73
72 169
72 105
72 149
72 152
72 109
72 81
72 97
72 148
72 130
72 76
72 209
72 118
73 1
73 2
73 3
73 4
73 6
73 12
73 13
73 17
73 18
73 19
73 20
73 21
73 23
73 25
73 27
73 30
73 36
73 37
73 38
73 42
73 44
73 45
73 51
73 52
73 53
73 57
73 68
73 72
73 102
73 94
73 100
73 140
73 115
73 106
73 219
73 80
73 114
73 91
73 81
73 95
73 126
73 107
73 122
74 8
74 15
74 31
74 35
74 43
74 45
74 53
74 57
74 59
74 75
74 152
74 123
74 169
74 109
74 149
74 121
74 162
74 158
74 210
74 178
74 89
74 130
74 105
74 195
74 165
74 207
74 90
75 7
75 8
75 15
75 16
75 19
75 27
75 35
75 43
75 45
75 53
75 56
75 57
75 59
75 63
75 74
75 124
75 158
75 129
75 178
75 105
75 195
75 90
75 109
75 143
75 207
75 89
75 123
76 0
76 4
76 13
76 15
76 18
76 22
76 23
76 25
76 31
76 33
76 40
76 47
76 72
76 88
76 107
76 79
76 189
76 97
76 118
76 197
76 172
76 121
76 140
76 145
76 164
76 131
76 149
76 205
76 117
77 1
77 3
77 4
77 6
77 10
77 11
77 12
77 14
77 15
77 16
77 17
77 19
77 23
77 25
77 26
77 29
77 36
77 37
77 38
77 42
77 45
77 51
77 53
77 54
77 57
77 64
77 68
77 70
77 82
77 91
77 131
77 94
77 95
77 114
77 87
77 173
77 96
77 79
77 83
77 177
77 181
77 140
77 139
77 100
77 159
77 108
77 101
77 148
78 3
78 15
78 19
78 26
78 32
78 35
78 55
78 63
78 86
78 88
78 162
78 127
78 212
78 155
78 169
78 130
79 0
79 1
79 3
79 4
79 6
79 8
79 11
79 12
79 13
79 14
79 15
79 16
79 17
79 18
79 19
79 20
79 25
79 26
79 28
79 30
79 32
79 33
79 36
79 37
79 38
79 42
79 44
79 45
79 51
79 53
79 57
79 64
79 65
79 68
79 71
79 76
79 77
79 160
79 94
79 91
79 95
79 108
79 126
79 157
79 122
79 159
79 148
79 101
79 125
79 195
79 173
79 132
79 117
79 81
79 87
79 192
79 88
79 83
79 100
79 136
79 153
79 80
79 114
80 2
80 6
80 10
80 11
80 14
80 16
80 17
80 18
80 19
80 26
80 27
80 30
80 32
80 37
80 42
80 51
80 53
80 57
80 73
80 79
80 118
80 145
80 106
80 122
80 214
80 186
80 95
80 172
80 151
80 162
80 98
80 85
80 180
80 97
80 87
81 2
81 3
81 6
81 10
81 11
81 14
81 15
81 19
81 26
81 27
81 37
81 38
81 42
81 45
81 51
81 57
81 64
81 72
81 73
81 79
81 149
81 83
81 109
81 219
81 162
81 113
81 177
81 114
82 1
82 2
82 3
82 7
82 10
82 11
82 14
82 16
82 19
82 34
82 35
82 37
82 42
82 51
82 56
82 77
82 83
82 97
82 148
82 90
82 130
82 87
82 144
82 149
82 139
82 108
83 1
83 2
83 3
83 4
83 6
83 8
83 11
83 13
83 14
83 15
83 16
83 17
83 18
83 19
83 23
83 25
83 26
83 27
83 28
83 29
83 30
83 32
83 37
83 38
83 42
83 44
83 45
83 51
83 53
83 57
83 64
83 65
83 68
83 77
83 79
83 81
83 82
83 87
83 157
83 132
83 173
83 125
83 153
83 186
83 94
83 224
83 142
83 114
83 126
83 151
83 192
83 98
83 174
83 122
83 160
83 101
83 102
83 195
83 95
83 148
83 100
83 106
83 91
84 4
84 6
84 8
84 14
84 15
84 17
84 18
84 19
84 25
84 26
84 27
84 32
84 37
84 38
84 53
84 54
84 103
84 88
84 96
84 93
84 101
84 132
84 87
84 91
84 108
84 153
84 126
84 212
84 137
84 122
84 100
85 2
85 3
85 8
85 11
85 14
85 15
85 17
85 19
85 23
85 26
85 37
85 45
85 53
85 57
85 80
85 96
85 106
85 114
85 100
86 15
86 22
86 23
86 25
86 38
86 47
86 53
86 78
86 97
86 156
86 118
86 121
86 99
86 164
86 149
86 180
86 140
86 171
86 208
86 152
86 222
86 135
86 145
86 126
86 130
86 136
87 1
87 2
87 3
87 4
87 6
87 7
87 8
87 10
87 11
87 13
87 14
87 15
87 16
87 17
87 18
87 19
87 22
87 25
87 26
87 27
87 28
87 29
87 30
87 34
87 36
87 37
87 38
87 42
87 44
87 45
87 51
87 52
87 53
87 57
87 64
87 65
87 68
87 77
87 79
87 80
87 82
87 83
87 84
87 88
87 100
87 151
87 170
87 96
87 132
87 131
87 126
87 122
87 104
87 94
87 192
87 95
87 101
87 114
87 106
87 173
87 102
87 159
87 148
87 153
87 91
87 154
87 98
88 0
88 8
88 11
88 14
88 15
88 16
88 17
88 19
88 22
88 26
88 28
88 32
88 33
88 34
88 36
88 38
88 53
88 69
88 76
88 78
88 79
88 84
88 87
88 97
88 131
88 122
88 126
88 91
88 153
88 157
88 171
89 0
89 2
89 3
89 4
89 8
89 15
89 16
89 25
89 42
89 43
89 44
89 45
89 51
89 53
89 57
89 74
89 75
89 90
89 106
89 145
89 177
89 123
89 202
89 162
89 178
89 196
89 207
89 109
89 158
90 8
90 16
90 37
90 43
90 46
90 47
90 49
90 50
90 58
90 60
90 61
90 66
90 67
90 74
90 75
90 82
90 89
90 137
90 167
90 199
90 183
90 123
90 165
90 134
90 168
90 207
90 105
90 146
90 194
90 198
90 190
90 201
90 212
90 176
90 161
90 111
90 144
90 203
90 145
90 221
90 109
90 130
90 210
91 1
91 6
91 7
91 10
91 11
91 14
91 19
91 26
91 29
91 32
91 34
91 36
91 37
91 38
91 42
91 51
91 53
91 54
91 56
91 64
91 65
91 68
91 70
91 73
91 77
91 79
91 83
91 84
91 87
91 88
91 92
91 108
91 173
91 166
91 140
91 159
91 118
91 94
91 143
91 96
91 125
91 131
91 170
91 177
91 132
91 148
91 174
92 2
92 3
92 6
92 17
92 18
92 19
92 23
92 25
92 36
92 44
92 64
92 70
92 91
92 173
92 98
92 94
92 122
92 126
92 101
92 106
92 95
92 157
93 11
93 14
93 15
93 19
93 26
93 32
93 37
93 55
93 84
93 153
93 132
94 1
94 3
94 4
94 6
94 7
94 10
94 11
94 14
94 15
94 17
94 18
94 19
94 22
94 26
94 28
94 36
94 37
94 38
94 42
94 45
94 51
94 53
94 56
94 57
94 64
94 65
94 68
94 70
94 73
94 77
94 79
94 83
94 87
94 91
94 92
94 95
94 177
94 148
94 212
94 174
94 159
94 173
94 222
94 118
94 143
94 101
94 131
94 115
94 170
94 114
95 0
95 1
95 2
95 6
95 7
95 10
95 11
95 13
95 14
95 16
95 17
95 18
95 19
95 23
95 25
95 26
95 27
95 35
95 36
95 37
95 38
95 42
95 43
95 51
95 52
95 56
95 57
95 64
95 65
95 70
95 73
95 77
95 79
95 80
95 83
95 87
95 92
95 94
95 126
95 113
95 98
95 115
95 122
95 151
95 214
95 106
95 148
96 1
96 2
96 3
96 4
96 8
96 10
96 11
96 14
96 16
96 18
96 19
96 22
96 26
96 32
96 37
96 38
96 42
96 45
96 51
96 53
96 77
96 84
96 85
96 87
96 91
96 122
96 170
96 126
96 173
96 159
96 153
96 98
96 154
96 131
96 132
97 1
97 4
97 8
97 11
97 13
97 14
97 15
97 16
97 17
97 18
97 19
97 22
97 23
97 25
97 26
97 27
97 31
97 32
97 36
97 38
97 39
97 41
97 52
97 53
97 58
97 65
97 69
97 72
97 76
97 80
97 82
97 86
97 88
97 100
97 126
97 145
97 99
97 149
97 114
97 150
97 164
97 118
97 116
97 170
97 140
97 224
97 136
97 189
97 152
97 207
97 135
97 180
97 172
97 156
97 139
97 197
97 157
97 129
98 2
98 3
98 7
98 10
98 11
98 14
98 17
98 18
98 19
98 20
98 23
98 25
98 26
98 35
98 37
98 42
98 51
98 52
98 80
98 83
98 87
98 92
98 95
98 96
98 106
98 151
98 159
98 108
98 170
98 214
98 113
98 132
99 3
99 5
99 15
99 19
99 86
99 97
99 139
100 0
100 1
100 3
100 4
100 7
100 10
100 11
100 14
100 17
100 18
100 19
100 23
100 25
100 26
100 27
100 28
100 29
100 34
100 35
100 37
100 38
100 40
100 55
100 56
100 57
100 65
100 70
100 73
100 77
100 79
100 83
100 84
100 85
100 87
100 97
100 101
100 137
100 122
100 160
100 157
100 174
100 131
100 108
100 165
100 132
100 140
100 186
100 145
100 159
100 153
100 166
101 1
101 4
101 7
101 10
101 11
101 14
101 17
101 18
101 19
101 23
101 25
101 26
101 27
101 28
101 29
101 34
101 35
101 37
101 38
101 40
101 55
101 56
101 65
101 70
101 77
101 79
101 83
101 84
101 87
101 92
101 94
101 100
101 137
101 122
101 160
101 153
101 174
101 165
101 105
101 131
101 143
101 159
101 186
101 140
101 157
102 3
102 4
102 10
102 11
102 14
102 16
102 17
102 18
102 19
102 22
102 23
102 26
102 27
102 37
102 42
102 53
102 59
102 65
102 73
102 83
102 87
102 174
102 114
102 126
102 159
102 122
102 105
102 132
102 222
102 130
103 0
103 4
103 6
103 8
103 11
103 12
103 13
103 14
103 16
103 17
103 18
103 19
103 25
103 26
103 32
103 34
103 37
103 38
103 45
103 51
103 52
103 53
103 84
103 153
103 122
103 108
103 187
103 136
103 192
103 126
103 141
103 137
103 106
104 15
104 16
104 20
104 23
104 53
104 57
104 87
104 172
104 142
104 149
104 122
104 189
104 140
105 12
105 17
105 19
105 23
105 25
105 31
105 37
105 41
105 47
105 58
105 59
105 60
105 72
105 74
105 75
105 90
105 101
105 102
105 164
105 209
105 106
105 210
105 178
105 169
105 117
105 149
105 125
105 129
105 121
105 127
105 107
105 145
105 135
105 191
105 126
105 195
106 0
106 1
106 2
106 3
106 6
106 7
106 10
106 11
106 13
106 14
106 16
106 17
106 18
106 19
106 23
106 25
106 26
106 27
106 35
106 37
106 38
106 42
106 43
106 51
106 52
106 53
106 56
106 57
106 64
106 65
106 73
106 80
106 83
106 85
106 87
106 89
106 92
106 95
106 98
106 103
106 105
106 108
106 126
106 148
106 151
106 132
106 181
106 149
106 122
106 130
106 159
106 178
106 113
106 143
106 226
106 180
106 162
106 174
106 179
106 214
106 127
107 3
107 4
107 7
107 11
107 14
107 17
107 18
107 19
107 22
107 24
107 32
107 35
107 37
107 42
107 47
107 56
107 70
107 73
107 76
107 105
107 118
107 172
107 159
108 0
108 1
108 2
108 3
108 4
108 11
108 13
108 14
108 15
108 16
108 17
108 18
108 19
108 21
108 23
108 25
108 26
108 28
108 30
108 32
108 33
108 36
108 37
108 38
108 39
108 42
108 45
108 51
108 52
108 53
108 57
108 64
108 68
108 70
108 77
108 79
108 82
108 84
108 91
108 98
108 100
108 103
108 106
108 109
108 117
108 114
108 173
108 148
108 118
108 187
108 126
108 139
108 151
108 137
108 122
108 115
108 132
109 0
109 17
109 21
109 24
109 31
109 34
109 52
109 53
109 72
109 74
109 75
109 81
109 89
109 90
109 108
109 173
109 177
109 150
109 123
109 184
109 114
109 139
109 140
109 164
109 125
109 178
109 158
110 8
110 31
110 35
110 46
110 58
110 59
110 60
110 129
110 184
110 145
110 163
110 162
110 165
110 156
111 19
111 49
111 50
111 61
111 67
111 90
111 112
111 134
111 146
111 201
111 130
111 194
111 221
111 168
111 206
111 190
111 145
111 162
111 218
111 199
111 161
111 169
111 198
112 35
112 46
112 47
112 48
112 50
112 58
112 60
112 62
112 67
112 111
112 135
112 190
112 198
112 139
112 118
112 146
112 169
112 168
112 206
112 145
112 134
112 201
112 218
112 150
113 2
113 3
113 4
113 8
113 16
113 17
113 23
113 27
113 30
113 35
113 38
113 42
113 44
113 45
113 51
113 52
113 53
113 57
113 64
113 81
113 95
113 98
113 106
113 140
113 151
113 114
113 126
113 145
113 121
113 122
114 0
114 1
114 2
114 3
114 4
114 6
114 8
114 10
114 11
114 12
114 13
114 14
114 16
114 17
114 18
114 19
114 26
114 27
114 30
114 37
114 38
114 39
114 42
114 45
114 51
114 52
114 53
114 56
114 57
114 64
114 65
114 70
114 73
114 77
114 79
114 81
114 83
114 85
114 87
114 94
114 97
114 102
114 108
114 109
114 113
114 122
114 139
114 159
114 148
114 118
114 132
114 144
114 131
114 130
114 170
115 6
115 7
115 11
115 14
115 19
115 26
115 27
115 37
115 38
115 42
115 51
115 73
115 94
115 95
115 108
115 191
115 148
116 7
116 11
116 14
116 19
116 27
116 37
116 42
116 56
116 97
116 166
116 130
116 149
116 169
116 151
116 143
116 127
116 147
117 1
117 3
117 7
117 8
117 11
117 14
117 17
117 19
117 23
117 26
117 27
117 31
117 35
117 37
117 45
117 53
117 56
117 57
117 65
117 76
117 79
117 105
117 108
117 118
117 172
117 131
117 166
117 144
117 122
118 0
118 4
118 11
118 13
118 15
118 16
118 17
118 18
118 20
118 22
118 23
118 24
118 25
118 26
118 29
118 31
118 32
118 33
118 35
118 36
118 38
118 39
118 40
118 41
118 44
118 47
118 53
118 58
118 72
118 76
118 80
118 86
118 91
118 94
118 97
118 107
118 108
118 112
118 114
118 117
118 121
118 164
118 131
118 189
118 140
118 139
118 126
118 197
118 205
118 149
118 137
118 145
119 4
119 5
119 121
119 139
119 140
120 8
120 63
121 5
121 16
121 23
121 24
121 30
121 31
121 32
121 41
121 59
121 74
121 76
121 86
121 105
121 113
121 118
121 119
121 191
121 164
121 208
121 149
121 165
121 204
121 130
121 139
121 145
122 0
122 1
122 2
122 4
122 6
122 7
122 8
122 10
122 11
122 13
122 14
122 16
122 17
122 18
122 19
122 23
122 25
122 26
122 27
122 28
122 30
122 32
122 34
122 37
122 38
122 40
122 42
122 45
122 51
122 53
122 57
122 65
122 73
122 79
122 80
122 83
122 84
122 87
122 88
122 92
122 95
122 96
122 100
122 101
122 102
122 103
122 104
122 106
122 108
122 113
122 114
122 117
122 179
122 196
122 187
122 192
122 126
122 170
122 132
122 186
122 159
122 148
122 151
122 174
123 8
123 15
123 31
123 43
123 45
123 74
123 75
123 89
123 90
123 109
123 158
123 207
123 162
123 178
124 15
124 44
124 52
124 59
124 75
124 165
124 190
124 152
124 207
125 1
125 3
125 11
125 14
125 19
125 26
125 28
125 37
125 40
125 42
125 43
125 65
125 79
125 83
125 91
125 105
125 109
125 155
125 169
125 144
126 0
126 1
126 3
126 4
126 6
126 7
126 10
126 11
126 13
126 14
126 15
126 16
126 17
126 18
126 19
126 21
126 26
126 27
126 29
126 30
126 32
126 35
126 37
126 38
126 42
126 43
126 51
126 53
126 55
126 56
126 64
126 65
126 69
126 71
126 73
126 79
126 83
126 84
126 86
126 87
126 88
126 92
126 95
126 96
126 97
126 102
126 103
126 105
126 106
126 108
126 113
126 118
126 122
126 127
126 143
126 140
126 131
126 166
126 151
126 132
126 149
126 147
126 144
126 214
126 139
126 130
126 196
127 13
127 15
127 18
127 31
127 44
127 52
127 53
127 61
127 78
127 105
127 106
127 116
127 126
127 129
127 142
127 149
127 178
127 169
127 209
127 195
127 130
127 210
127 164
128 2
128 3
128 7
128 11
128 14
128 17
128 19
128 26
128 37
128 42
128 56
128 172
128 202
128 169
128 131
129 35
129 47
129 48
129 58
129 59
129 75
129 97
129 105
129 110
129 127
129 130
129 162
129 169
129 149
129 180
129 155
129 171
129 208
130 2
130 3
130 6
130 8
130 13
130 15
130 16
130 23
130 25
130 31
130 38
130 41
130 43
130 44
130 46
130 47
130 52
130 53
130 58
130 63
130 66
130 72
130 74
130 78
130 82
130 86
130 90
130 102
130 106
130 111
130 114
130 116
130 121
130 126
130 127
130 129
130 145
130 164
130 201
130 139
130 169
130 195
130 149
130 178
130 142
130 177
130 146
131 0
131 4
131 5
131 13
131 15
131 16
131 17
131 18
131 19
131 21
131 22
131 25
131 36
131 38
131 53
131 76
131 77
131 87
131 88
131 91
131 94
131 96
131 100
131 101
131 114
131 117
131 118
131 126
131 128
131 173
131 192
131 148
131 177
131 159
131 139
132 1
132 6
132 8
132 11
132 14
132 15
132 16
132 17
132 18
132 19
132 26
132 29
132 37
132 38
132 42
132 53
132 57
132 64
132 65
132 79
132 83
132 84
132 87
132 91
132 93
132 96
132 98
132 100
132 102
132 106
132 108
132 114
132 122
132 126
132 137
132 173
132 157
132 192
132 212
132 153
133 7
133 14
133 29
133 56
133 166
133 147
134 48
134 90
134 111
134 112
134 190
134 206
134 218
134 201
134 199
134 168
134 169
135 3
135 19
135 27
135 37
135 46
135 47
135 48
135 50
135 67
135 86
135 97
135 105
135 112
135 169
135 199
135 201
135 139
135 171
135 194
135 144
135 210
135 146
135 175
135 221
136 11
136 14
136 15
136 19
136 26
136 32
136 33
136 38
136 65
136 68
136 71
136 79
136 86
136 97
136 103
136 191
136 139
137 10
137 11
137 13
137 14
137 19
137 26
137 32
137 33
137 37
137 39
137 46
137 48
137 58
137 61
137 66
137 70
137 84
137 90
137 100
137 101
137 103
137 108
137 118
137 132
137 152
138 8
138 19
138 45
138 48
138 139
138 149
138 162
138 145
138 155
139 4
139 13
139 15
139 21
139 22
139 23
139 25
139 26
139 30
139 38
139 46
139 47
139 52
139 53
139 67
139 77
139 82
139 97
139 99
139 108
139 109
139 112
139 114
139 118
139 119
139 121
139 126
139 130
139 131
139 135
139 136
139 138
139 171
139 197
139 155
139 152
139 145
139 180
139 222
139 140
139 201
139 146
139 149
139 172
139 164
140 5
140 10
140 11
140 14
140 16
140 19
140 32
140 37
140 38
140 40
140 42
140 44
140 53
140 64
140 70
140 73
140 76
140 77
140 86
140 91
140 97
140 100
140 101
140 104
140 109
140 113
140 118
140 119
140 126
140 139
140 172
140 149
140 222
140 173
140 208
140 171
140 151
140 145
140 212
140 141
140 164
141 15
141 19
141 32
141 37
141 69
141 103
141 140
142 1
142 7
142 11
142 14
142 19
142 37
142 40
142 43
142 83
142 104
142 127
142 130
142 155
142 149
142 145
142 195
143 7
143 8
143 18
143 29
143 38
143 45
143 51
143 53
143 56
143 68
143 75
143 91
143 94
143 101
143 106
143 116
143 126
143 166
143 192
143 147
143 188
144 6
144 8
144 11
144 14
144 15
144 16
144 19
144 20
144 23
144 27
144 36
144 37
144 38
144 39
144 45
144 53
144 66
144 82
144 90
144 114
144 117
144 125
144 126
144 135
144 151
144 178
144 227
144 192
145 0
145 2
145 13
145 20
145 23
145 24
145 25
145 27
145 31
145 32
145 35
145 37
145 38
145 40
145 41
145 43
145 46
145 47
145 53
145 58
145 59
145 63
145 76
145 80
145 86
145 89
145 90
145 97
145 100
145 105
145 110
145 111
145 112
145 113
145 118
145 121
145 130
145 138
145 139
145 140
145 142
145 212
145 149
145 184
145 150
145 209
146 19
146 37
146 48
146 49
146 50
146 61
146 66
146 67
146 90
146 111
146 112
146 130
146 135
146 139
146 168
146 152
146 167
146 212
146 165
146 190
146 206
146 162
146 176
146 201
146 194
146 169
146 218
147 6
147 7
147 12
147 17
147 18
147 23
147 36
147 38
147 44
147 53
147 56
147 116
147 126
147 133
147 143
147 171
147 166
147 192
147 181
147 212
148 0
148 1
148 6
148 8
148 10
148 11
148 12
148 13
148 14
148 16
148 17
148 19
148 23
148 26
148 35
148 36
148 37
148 38
148 42
148 45
148 51
148 52
148 56
148 57
148 64
148 65
148 68
148 72
148 77
148 79
148 82
148 83
148 87
148 91
148 94
148 95
148 106
148 108
148 114
148 115
148 122
148 131
148 192
148 159
148 177
148 173
148 181
149 2
149 6
149 13
149 19
149 23
149 24
149 25
149 27
149 32
149 37
149 38
149 39
149 41
149 43
149 44
149 46
149 47
149 52
149 57
149 58
149 72
149 74
149 76
149 81
149 82
149 86
149 97
149 104
149 105
149 106
149 116
149 118
149 121
149 126
149 127
149 129
149 130
149 138
149 139
149 140
149 142
149 145
149 195
149 191
149 171
149 177
149 164
149 172
150 0
150 19
150 37
150 46
150 47
150 59
150 66
150 97
150 109
150 112
150 145
150 217
150 175
150 155
150 162
150 172
150 221
150 169
150 194
151 0
151 2
151 4
151 6
151 8
151 10
151 11
151 13
151 14
151 15
151 16
151 17
151 18
151 19
151 23
151 25
151 26
151 30
151 37
151 38
151 42
151 44
151 45
151 51
151 52
151 53
151 80
151 83
151 87
151 95
151 98
151 106
151 108
151 113
151 116
151 122
151 126
151 140
151 144
151 178
151 162
151 154
151 214
151 202
151 181
151 186
151 173
151 196
151 179
151 195
151 159
151 226
152 15
152 25
152 41
152 46
152 47
152 58
152 59
152 67
152 72
152 74
152 86
152 97
152 124
152 137
152 139
152 146
152 165
152 168
152 161
153 1
153 3
153 11
153 14
153 15
153 17
153 18
153 19
153 26
153 28
153 29
153 32
153 34
153 37
153 53
153 54
153 65
153 69
153 79
153 83
153 84
153 87
153 88
153 93
153 96
153 100
153 101
153 103
153 132
153 157
153 160
153 186
154 1
154 8
154 10
154 11
154 14
154 16
154 17
154 18
154 19
154 26
154 36
154 37
154 42
154 45
154 53
154 65
154 87
154 96
154 151
154 159
154 170
155 0
155 8
155 16
155 18
155 19
155 26
155 35
155 38
155 41
155 47
155 66
155 78
155 125
155 129
155 138
155 139
155 142
155 150
155 156
155 169
155 184
155 222
155 195
156 32
156 41
156 47
156 86
156 97
156 110
156 155
156 163
156 171
156 165
156 184
156 208
156 212
156 195
157 7
157 11
157 14
157 18
157 19
157 26
157 28
157 29
157 32
157 37
157 38
157 55
157 65
157 79
157 83
157 88
157 92
157 97
157 100
157 101
157 132
157 153
157 173
157 160
157 186
157 222
158 8
158 15
158 43
158 45
158 48
158 74
158 75
158 89
158 109
158 123
158 163
159 1
159 2
159 3
159 4
159 6
159 10
159 11
159 14
159 15
159 16
159 17
159 18
159 19
159 22
159 25
159 27
159 30
159 37
159 38
159 42
159 44
159 45
159 51
159 52
159 53
159 57
159 64
159 68
159 70
159 77
159 79
159 87
159 91
159 94
159 96
159 98
159 100
159 101
159 102
159 106
159 107
159 114
159 122
159 131
159 148
159 151
159 154
159 170
159 173
160 7
160 14
160 19
160 28
160 32
160 37
160 65
160 79
160 83
160 100
160 101
160 153
160 157
160 186
160 222
161 61
161 90
161 111
161 152
161 162
161 190
161 165
161 194
161 221
162 0
162 12
162 15
162 20
162 21
162 23
162 25
162 31
162 36
162 39
162 42
162 47
162 48
162 52
162 62
162 66
162 67
162 74
162 78
162 80
162 81
162 89
162 106
162 110
162 111
162 123
162 129
162 138
162 146
162 150
162 151
162 161
162 211
162 198
162 195
162 173
162 164
162 168
162 208
163 41
163 43
163 110
163 156
163 158
163 192
163 184
163 225
163 208
164 5
164 14
164 19
164 25
164 32
164 37
164 76
164 86
164 97
164 105
164 109
164 118
164 121
164 127
164 130
164 139
164 140
164 149
164 162
164 165
164 171
164 191
165 25
165 35
165 38
165 41
165 46
165 47
165 52
165 59
165 74
165 90
165 100
165 101
165 110
165 121
165 124
165 146
165 152
165 156
165 161
165 164
165 208
165 184
166 0
166 7
166 8
166 13
166 15
166 16
166 17
166 18
166 25
166 29
166 32
166 36
166 38
166 44
166 51
166 52
166 56
166 68
166 91
166 100
166 116
166 117
166 126
166 133
166 143
166 147
166 173
166 188
166 192
166 181
167 0
167 9
167 19
167 66
167 90
167 146
167 168
167 184
167 209
168 0
168 46
168 47
168 48
168 49
168 50
168 60
168 62
168 63
168 90
168 111
168 112
168 134
168 146
168 152
168 162
168 167
168 216
168 199
168 221
168 190
168 194
168 206
168 171
168 169
168 183
168 218
169 0
169 8
169 13
169 15
169 16
169 17
169 18
169 20
169 21
169 23
169 31
169 41
169 43
169 46
169 49
169 53
169 60
169 61
169 63
169 66
169 72
169 74
169 78
169 105
169 111
169 112
169 116
169 125
169 127
169 128
169 129
169 130
169 134
169 135
169 146
169 150
169 155
169 168
169 195
169 192
169 208
169 177
169 211
169 176
170 2
170 3
170 10
170 11
170 14
170 18
170 19
170 22
170 26
170 32
170 37
170 38
170 42
170 52
170 53
170 57
170 87
170 91
170 94
170 96
170 97
170 98
170 114
170 122
170 154
170 159
171 8
171 11
171 16
171 17
171 18
171 23
171 36
171 38
171 41
171 56
171 66
171 86
171 88
171 129
171 135
171 139
171 140
171 147
171 149
171 156
171 164
171 168
171 208
171 229
172 0
172 4
172 19
172 20
172 21
172 23
172 36
172 38
172 52
172 76
172 80
172 97
172 104
172 107
172 117
172 128
172 139
172 140
172 149
172 150
172 192
172 180
172 197
172 191
173 1
173 2
173 3
173 7
173 10
173 11
173 12
173 14
173 17
173 19
173 26
173 35
173 37
173 42
173 55
173 56
173 57
173 64
173 65
173 77
173 79
173 83
173 87
173 91
173 92
173 94
173 96
173 108
173 109
173 131
173 132
173 140
173 148
173 151
173 157
173 159
173 162
173 166
173 180
174 0
174 1
174 8
174 11
174 14
174 15
174 16
174 17
174 19
174 37
174 42
174 44
174 45
174 53
174 64
174 65
174 83
174 91
174 94
174 100
174 101
174 102
174 106
174 122
175 0
175 135
175 150
175 217
176 35
176 60
176 66
176 90
176 146
176 169
177 1
177 3
177 6
177 11
177 14
177 19
177 26
177 27
177 32
177 37
177 38
177 42
177 44
177 45
177 51
177 57
177 64
177 65
177 77
177 81
177 89
177 91
177 94
177 109
177 130
177 131
177 148
177 149
177 169
177 213
177 192
177 180
178 3
178 8
178 14
178 15
178 16
178 18
178 19
178 27
178 37
178 42
178 43
178 53
178 56
178 70
178 74
178 75
178 89
178 105
178 106
178 109
178 123
178 127
178 130
178 144
178 151
178 192
178 207
179 2
179 16
179 18
179 53
179 106
179 122
179 151
180 5
180 12
180 18
180 23
180 32
180 37
180 52
180 80
180 86
180 97
180 106
180 129
180 139
180 172
180 173
180 177
180 191
181 11
181 13
181 14
181 17
181 19
181 23
181 35
181 37
181 42
181 51
181 57
181 77
181 106
181 147
181 148
181 151
181 166
182 47
182 208
183 48
183 63
183 90
183 168
183 199
183 194
183 203
184 0
184 8
184 31
184 35
184 41
184 58
184 63
184 109
184 110
184 145
184 155
184 156
184 163
184 165
184 167
185 63
186 4
186 14
186 16
186 17
186 18
186 25
186 38
186 42
186 51
186 53
186 68
186 80
186 83
186 100
186 101
186 122
186 151
186 153
186 157
186 160
187 8
187 11
187 13
187 14
187 16
187 17
187 18
187 19
187 37
187 38
187 45
187 53
187 103
187 108
187 122
188 7
188 14
188 29
188 34
188 37
188 56
188 143
188 166
189 19
189 32
189 47
189 76
189 97
189 104
189 118
189 209
190 48
190 49
190 60
190 62
190 67
190 90
190 111
190 112
190 124
190 134
190 146
190 161
190 168
190 199
190 194
191 11
191 15
191 17
191 18
191 19
191 22
191 38
191 105
191 115
191 121
191 136
191 149
191 164
191 172
191 180
192 3
192 7
192 10
192 11
192 12
192 14
192 16
192 17
192 19
192 26
192 27
192 37
192 42
192 43
192 56
192 64
192 65
192 79
192 83
192 87
192 103
192 122
192 131
192 132
192 143
192 144
192 147
192 148
192 163
192 166
192 169
192 172
192 177
192 178
192 202
193 0
193 194
193 221
194 8
194 38
194 46
194 60
194 90
194 111
194 135
194 146
194 150
194 161
194 168
194 183
194 190
194 193
194 221
194 198
195 1
195 2
195 7
195 11
195 14
195 19
195 28
195 35
195 37
195 41
195 42
195 43
195 56
195 65
195 74
195 75
195 79
195 83
195 105
195 127
195 130
195 142
195 149
195 151
195 155
195 156
195 162
195 169
196 0
196 8
196 13
196 16
196 17
196 18
196 23
196 30
196 38
196 45
196 51
196 53
196 89
196 122
196 126
196 151
197 0
197 4
197 5
197 19
197 32
197 33
197 40
197 76
197 97
197 118
197 139
197 172
197 212
198 19
198 37
198 48
198 50
198 60
198 66
198 67
198 90
198 111
198 112
198 162
198 194
198 203
198 199
198 201
199 48
199 60
199 61
199 67
199 90
199 111
199 134
199 135
199 168
199 183
199 190
199 198
199 203
200 8
200 9
200 205
201 48
201 66
201 67
201 90
201 111
201 112
201 130
201 134
201 135
201 139
201 146
201 198
201 206
202 1
202 7
202 11
202 12
202 14
202 19
202 37
202 56
202 89
202 128
202 151
202 192
203 48
203 90
203 183
203 198
203 199
204 24
204 121
204 205
205 5
205 8
205 9
205 24
205 32
205 40
205 76
205 118
205 200
205 204
205 206
206 67
206 111
206 112
206 134
206 146
206 168
206 201
206 205
207 8
207 16
207 19
207 45
207 74
207 75
207 89
207 90
207 97
207 123
207 124
207 178
208 31
208 32
208 59
208 86
208 121
208 129
208 140
208 156
208 162
208 163
208 165
208 169
208 171
208 182
208 209
208 212
209 25
209 31
209 35
209 41
209 72
209 105
209 127
209 145
209 167
209 189
209 208
209 222
210 31
210 35
210 43
210 46
210 49
210 58
210 74
210 90
210 105
210 127
210 135
211 45
211 162
211 169
212 0
212 7
212 18
212 24
212 25
212 30
212 53
212 55
212 58
212 78
212 84
212 90
212 94
212 132
212 140
212 145
212 146
212 147
212 156
212 197
212 208
213 177
214 2
214 3
214 16
214 18
214 38
214 51
214 80
214 95
214 98
214 106
214 126
214 151
215 14
215 32
215 65
216 168
216 218
217 0
217 49
217 150
217 175
218 66
218 67
218 111
218 112
218 134
218 146
218 168
218 216
219 3
219 16
219 17
219 27
219 37
219 42
219 73
219 81
220 7
220 14
221 8
221 90
221 111
221 135
221 150
221 161
221 168
221 193
221 194
222 14
222 18
222 32
222 37
222 38
222 53
222 86
222 94
222 102
222 139
222 140
222 155
222 157
222 160
222 209
223 14
224 14
224 32
224 83
224 97
225 163
226 16
226 27
226 106
226 151
227 19
227 37
227 144
228 59
229 171
