0 1
0 5
0 47
0 85
0 8
0 40
0 86
0 9
0 34
0 10
0 4
0 42
0 19
0 55
1 0
1 8
1 45
1 59
1 19
1 35
1 82
1 98
1 20
1 143
1 12
1 60
1 5
1 34
1 47
1 115
1 9
1 55
1 111
1 198
1 42
1 52
1 40
1 83
1 38
1 95
1 51
1 41
1 11
2 3
2 36
2 14
2 100
2 6
2 21
2 24
2 113
2 91
2 57
2 7
2 63
2 140
3 2
3 37
3 14
3 97
3 150
3 96
3 24
3 21
3 6
3 102
3 75
3 92
3 91
3 7
4 0
4 5
4 51
4 130
4 98
4 55
4 9
4 45
4 8
4 19
4 40
4 59
4 62
4 34
4 41
4 42
4 134
4 35
4 135
5 0
5 1
5 4
5 40
5 62
5 55
5 38
5 47
5 115
5 19
5 9
5 35
5 161
5 34
5 8
5 10
5 59
5 12
5 41
5 42
5 181
5 135
6 2
6 3
6 7
6 24
6 50
6 21
6 14
6 56
6 54
6 57
6 43
6 96
7 2
7 3
7 6
7 21
7 48
7 50
7 56
7 91
7 14
7 102
7 43
7 75
7 57
7 114
7 44
7 38
7 140
7 113
7 163
7 65
7 23
7 119
7 36
7 157
7 54
7 96
7 158
7 85
7 24
7 97
8 0
8 1
8 4
8 5
8 9
8 86
8 83
8 10
8 42
8 47
8 35
8 55
8 98
8 40
8 34
9 0
9 1
9 4
9 5
9 8
9 12
9 47
9 19
9 109
9 10
9 55
9 40
9 98
9 143
10 0
10 5
10 8
10 9
10 11
10 42
10 55
10 135
10 15
10 181
10 172
10 95
10 34
10 83
10 12
10 38
10 130
11 1
11 10
11 63
11 28
11 105
11 89
11 145
11 116
11 183
11 107
11 45
11 25
11 125
11 66
11 81
12 1
12 5
12 9
12 10
12 40
12 95
12 19
12 35
12 20
12 55
12 59
12 34
12 160
12 111
12 61
12 41
12 28
12 62
12 47
13 14
13 158
14 2
14 3
14 6
14 7
14 13
14 57
14 67
14 140
14 89
14 154
14 113
14 63
14 97
14 54
14 48
14 90
14 22
14 165
14 77
14 91
14 96
14 24
14 37
14 150
14 21
15 10
15 16
16 15
16 155
16 90
16 63
16 23
17 18
17 31
17 44
17 115
17 49
17 71
17 30
17 153
17 23
17 203
17 69
18 17
18 88
18 174
18 37
18 25
18 52
18 66
18 48
18 171
18 46
19 0
19 1
19 4
19 5
19 9
19 12
19 20
19 45
19 55
19 42
19 61
19 51
19 135
19 59
19 98
19 156
19 111
19 83
19 52
19 34
19 103
19 47
20 1
20 12
20 19
20 38
20 115
20 193
20 161
20 59
20 95
20 47
21 2
21 3
21 6
21 7
21 14
21 46
21 76
21 99
21 48
21 50
21 154
21 24
21 102
21 54
21 176
21 90
21 37
21 97
21 113
21 57
21 77
21 36
21 207
21 169
21 101
22 14
22 23
22 96
22 163
22 75
23 7
23 16
23 17
23 22
23 24
23 49
23 32
23 33
23 170
23 77
23 117
23 191
23 162
23 47
23 66
24 2
24 3
24 6
24 7
24 14
24 21
24 23
24 25
24 43
24 54
24 36
24 75
24 113
24 50
24 102
24 65
24 175
24 140
24 96
24 79
24 188
24 44
24 110
24 99
24 57
24 76
24 48
24 200
24 91
24 204
24 97
24 56
25 11
25 18
25 24
25 138
25 76
25 118
25 117
25 65
25 70
25 66
25 44
25 128
25 79
25 38
25 30
26 27
26 101
26 28
26 115
26 112
26 137
27 26
27 94
27 80
27 29
27 88
27 28
27 101
27 64
27 144
27 137
27 107
27 112
28 11
28 12
28 26
28 27
28 29
28 126
28 61
28 137
28 95
28 104
28 136
28 47
28 88
28 116
28 107
28 108
28 103
28 80
28 125
28 64
28 38
28 144
28 35
28 112
28 134
28 202
28 161
28 81
28 94
28 145
29 27
29 28
29 38
29 64
29 112
29 88
29 107
29 144
29 134
29 136
29 128
30 17
30 25
30 31
30 70
30 149
30 69
30 153
30 72
30 170
30 87
30 124
30 32
30 120
30 107
30 49
31 17
31 30
31 49
31 70
31 129
31 44
31 105
31 87
31 153
31 166
31 69
32 23
32 30
32 33
32 72
32 69
32 71
32 49
32 153
33 23
33 32
33 39
33 153
33 71
33 85
33 69
33 149
33 110
34 0
34 1
34 4
34 5
34 8
34 10
34 12
34 19
34 35
34 98
34 51
34 111
34 40
34 78
34 161
34 109
34 60
34 55
34 41
34 47
34 45
34 135
34 194
34 83
34 42
34 95
34 82
35 1
35 4
35 5
35 8
35 12
35 28
35 34
35 61
35 161
35 47
35 59
35 98
35 41
35 78
35 109
35 42
35 40
35 51
35 62
35 130
35 111
35 95
35 82
36 2
36 7
36 21
36 24
36 56
36 48
36 50
37 3
37 14
37 18
37 21
37 90
37 92
37 97
37 75
37 113
37 150
37 54
38 1
38 5
38 7
38 10
38 20
38 25
38 28
38 29
38 58
38 63
38 119
38 106
38 59
38 131
38 66
38 107
38 105
38 79
38 111
38 156
38 142
38 70
38 47
38 67
38 141
38 148
38 181
38 65
38 172
38 42
38 49
38 127
38 88
38 92
39 33
39 105
40 0
40 1
40 4
40 5
40 8
40 9
40 12
40 34
40 35
40 51
40 78
40 62
40 41
40 61
40 55
40 111
40 109
40 172
40 47
40 95
40 130
40 83
40 42
41 1
41 4
41 5
41 12
41 34
41 35
41 40
41 42
41 60
41 95
41 135
41 109
41 47
42 0
42 1
42 4
42 5
42 8
42 10
42 19
42 34
42 35
42 38
42 40
42 41
42 61
42 62
42 55
42 109
42 130
42 172
42 78
43 6
43 7
43 24
43 50
43 75
43 99
43 77
43 56
43 46
43 117
43 140
44 7
44 17
44 24
44 25
44 31
44 63
44 55
44 57
44 66
44 96
44 79
44 167
44 107
44 118
44 89
44 105
44 113
44 170
44 77
44 153
44 70
44 91
44 135
44 117
45 1
45 4
45 11
45 19
45 34
45 51
45 83
45 98
45 135
45 52
45 47
45 109
45 115
45 143
46 18
46 21
46 43
46 91
47 0
47 1
47 5
47 8
47 9
47 12
47 19
47 20
47 23
47 28
47 34
47 35
47 38
47 40
47 41
47 45
47 111
47 98
47 143
47 61
47 59
47 160
47 109
47 130
47 161
47 135
47 179
47 78
47 55
47 95
47 60
47 62
47 51
47 115
47 134
47 83
48 7
48 14
48 18
48 21
48 24
48 36
48 91
48 58
48 140
48 113
48 57
49 17
49 23
49 30
49 31
49 32
49 38
49 105
49 119
49 69
49 153
49 70
50 6
50 7
50 21
50 24
50 36
50 43
50 121
50 113
50 102
51 1
51 4
51 19
51 34
51 35
51 40
51 45
51 47
51 82
51 135
51 98
51 109
51 59
51 189
51 83
51 78
51 143
52 1
52 18
52 19
52 45
52 53
52 152
52 98
52 83
53 52
53 148
53 187
53 153
53 105
53 131
53 152
53 144
54 6
54 7
54 14
54 21
54 24
54 37
54 113
54 100
54 57
54 140
55 0
55 1
55 4
55 5
55 8
55 9
55 10
55 12
55 19
55 34
55 40
55 42
55 44
55 47
55 85
55 95
55 98
55 143
56 6
56 7
56 24
56 36
56 43
56 57
56 115
56 63
57 2
57 6
57 7
57 14
57 21
57 24
57 44
57 48
57 54
57 56
57 77
57 113
57 91
57 169
57 140
57 154
58 38
58 48
58 63
58 117
58 144
58 151
58 123
58 67
59 1
59 4
59 5
59 12
59 19
59 20
59 35
59 38
59 47
59 51
59 161
59 78
59 95
59 98
59 128
60 1
60 34
60 41
60 47
61 12
61 19
61 28
61 35
61 40
61 42
61 47
61 62
61 95
61 130
62 4
62 5
62 12
62 35
62 40
62 42
62 47
62 61
62 130
62 78
62 109
62 95
63 2
63 11
63 14
63 16
63 38
63 44
63 56
63 58
63 110
63 69
63 168
63 128
63 76
63 65
63 79
64 27
64 28
64 29
64 88
64 94
64 107
64 80
64 112
64 126
65 7
65 24
65 25
65 38
65 63
65 66
65 79
65 105
65 76
65 118
65 167
65 138
65 192
65 117
65 147
66 11
66 18
66 23
66 25
66 38
66 44
66 65
66 69
66 121
66 76
66 79
66 118
66 117
66 157
66 149
66 124
67 14
67 38
67 58
67 115
67 142
67 186
67 158
67 97
68 69
68 87
68 70
68 149
68 120
68 115
68 185
68 105
69 17
69 30
69 31
69 32
69 33
69 49
69 63
69 66
69 68
69 173
69 87
69 120
69 199
69 153
69 79
69 72
69 71
69 131
70 25
70 30
70 31
70 38
70 44
70 49
70 68
70 87
70 120
70 124
70 72
70 92
70 185
70 129
70 105
70 149
71 17
71 32
71 33
71 69
71 72
71 153
71 105
72 30
72 32
72 69
72 70
72 71
72 87
72 148
72 153
72 149
72 199
72 192
73 74
73 106
73 119
73 177
73 180
73 141
73 84
73 208
74 73
74 106
74 84
75 3
75 7
75 22
75 24
75 37
75 43
75 102
75 96
75 92
75 113
76 21
76 24
76 25
76 63
76 65
76 66
76 117
76 79
76 118
76 113
77 14
77 21
77 23
77 43
77 44
77 57
77 182
78 34
78 35
78 40
78 42
78 47
78 51
78 59
78 62
78 135
78 82
79 24
79 25
79 38
79 44
79 63
79 65
79 66
79 69
79 76
79 115
79 117
79 118
80 27
80 28
80 64
80 81
80 88
80 137
80 94
80 108
80 112
80 144
80 107
80 125
81 11
81 28
81 80
81 116
81 145
81 183
81 125
82 1
82 34
82 35
82 51
82 78
82 83
82 109
82 128
82 98
83 1
83 8
83 10
83 19
83 34
83 40
83 45
83 47
83 51
83 52
83 82
83 98
83 135
84 73
84 74
84 85
84 139
84 141
84 184
84 168
84 106
84 119
85 0
85 7
85 33
85 55
85 84
85 172
86 0
86 8
87 30
87 31
87 68
87 69
87 70
87 72
87 124
87 166
87 149
87 132
87 129
87 110
88 18
88 27
88 28
88 29
88 38
88 64
88 80
88 125
88 107
88 144
88 112
88 126
88 94
88 137
88 136
88 202
88 188
89 11
89 14
89 44
89 90
90 14
90 16
90 21
90 37
90 89
90 110
91 2
91 3
91 7
91 14
91 24
91 44
91 46
91 48
91 57
92 3
92 37
92 38
92 70
92 75
92 93
92 182
92 97
92 138
93 92
94 27
94 28
94 64
94 80
94 88
94 112
94 107
95 1
95 10
95 12
95 20
95 28
95 34
95 35
95 40
95 41
95 47
95 55
95 59
95 61
95 62
95 109
95 156
95 160
95 111
96 3
96 6
96 7
96 14
96 22
96 24
96 44
96 75
96 97
97 3
97 7
97 14
97 21
97 24
97 37
97 67
97 92
97 96
97 150
97 102
98 1
98 4
98 8
98 9
98 19
98 34
98 35
98 45
98 47
98 51
98 52
98 55
98 59
98 82
98 83
98 172
98 135
99 21
99 24
99 43
99 150
100 2
100 54
101 21
101 26
101 27
101 169
102 3
102 7
102 21
102 24
102 50
102 75
102 97
102 150
102 182
103 19
103 28
103 104
103 125
103 108
103 202
104 28
104 103
105 11
105 31
105 38
105 39
105 44
105 49
105 53
105 65
105 68
105 70
105 71
105 116
105 124
105 153
105 110
105 129
105 128
105 134
105 119
105 149
106 38
106 73
106 74
106 84
106 147
106 128
106 208
106 141
107 11
107 27
107 28
107 29
107 30
107 38
107 44
107 64
107 80
107 88
107 94
107 108
107 125
107 116
107 128
107 112
107 137
108 28
108 80
108 103
108 107
108 125
109 9
109 34
109 35
109 40
109 41
109 42
109 45
109 47
109 51
109 62
109 82
109 95
109 130
110 24
110 33
110 63
110 87
110 90
110 105
110 120
110 129
110 153
110 141
111 1
111 12
111 19
111 34
111 35
111 38
111 40
111 47
111 95
111 135
112 26
112 27
112 28
112 29
112 64
112 80
112 88
112 94
112 107
112 126
113 2
113 7
113 14
113 21
113 24
113 37
113 44
113 48
113 50
113 54
113 57
113 75
113 76
113 114
113 140
114 7
114 113
115 1
115 5
115 17
115 20
115 26
115 45
115 47
115 56
115 67
115 68
115 79
115 157
115 162
115 148
115 125
115 128
116 11
116 28
116 81
116 105
116 107
116 125
116 183
116 145
117 23
117 25
117 43
117 44
117 58
117 65
117 66
117 76
117 79
117 118
117 163
117 170
118 25
118 44
118 65
118 66
118 76
118 79
118 117
119 7
119 38
119 49
119 73
119 84
119 105
119 128
119 181
119 144
120 30
120 68
120 69
120 70
120 110
120 129
120 124
120 166
121 50
121 66
122 123
122 151
122 164
123 58
123 122
123 164
123 151
124 30
124 66
124 70
124 87
124 105
124 120
125 11
125 28
125 80
125 81
125 88
125 103
125 107
125 108
125 115
125 116
125 134
125 188
126 28
126 64
126 88
126 112
126 134
126 144
127 38
127 128
128 25
128 29
128 59
128 63
128 82
128 105
128 106
128 107
128 115
128 119
128 127
128 136
128 153
129 31
129 70
129 87
129 105
129 110
129 120
130 4
130 10
130 35
130 40
130 42
130 47
130 61
130 62
130 109
130 149
131 38
131 53
131 69
132 87
132 133
133 132
134 4
134 28
134 29
134 47
134 105
134 125
134 126
134 162
134 153
134 191
135 4
135 5
135 10
135 19
135 34
135 41
135 44
135 45
135 47
135 51
135 78
135 83
135 98
135 111
135 179
136 28
136 29
136 88
136 128
137 26
137 27
137 28
137 80
137 88
137 107
137 144
138 25
138 65
138 92
139 84
139 141
140 2
140 7
140 14
140 24
140 43
140 48
140 54
140 57
140 113
140 188
141 38
141 73
141 84
141 106
141 110
141 139
142 38
142 67
143 1
143 9
143 45
143 47
143 51
143 55
144 27
144 28
144 29
144 53
144 58
144 80
144 88
144 119
144 126
144 137
145 11
145 28
145 81
145 116
145 183
146 147
147 65
147 106
147 146
148 38
148 53
148 72
148 115
148 161
149 30
149 33
149 66
149 68
149 70
149 72
149 87
149 105
149 130
150 3
150 14
150 37
150 97
150 99
150 102
151 58
151 122
151 123
151 164
152 52
152 53
153 17
153 30
153 31
153 32
153 33
153 44
153 49
153 53
153 69
153 71
153 72
153 105
153 110
153 128
153 134
153 178
154 14
154 21
154 57
155 16
155 197
156 19
156 38
156 95
157 7
157 66
157 115
158 7
158 13
158 67
158 159
158 165
158 186
159 158
160 12
160 47
160 95
160 161
161 5
161 20
161 28
161 34
161 35
161 47
161 59
161 148
161 160
162 23
162 115
162 134
162 205
162 209
163 7
163 22
163 117
164 122
164 123
164 151
165 14
165 158
166 31
166 87
166 120
167 44
167 65
168 63
168 84
169 21
169 57
169 101
169 171
170 23
170 30
170 44
170 117
170 170
171 18
171 169
172 10
172 38
172 40
172 42
172 85
172 98
172 190
173 69
174 18
175 24
176 21
177 73
178 153
179 47
179 135
180 73
181 5
181 10
181 38
181 119
182 77
182 92
182 102
183 11
183 81
183 116
183 145
184 84
185 68
185 70
186 67
186 158
186 204
187 53
188 24
188 88
188 125
188 140
189 51
190 172
191 23
191 134
191 201
192 65
192 72
193 20
194 34
195 196
196 195
197 155
198 1
199 69
199 72
200 24
201 191
202 28
202 88
202 103
203 17
204 24
204 186
205 162
205 206
206 205
207 21
208 73
208 106
209 162
