0 1
0 15
0 13
0 23
0 2
0 11
0 44
0 16
0 22
1 0
1 4
1 9
1 14
1 5
1 17
1 15
1 20
1 23
1 28
1 6
1 34
1 36
1 37
1 45
1 39
1 58
1 43
1 3
1 21
1 24
1 22
1 7
1 49
1 54
1 62
2 0
2 3
2 22
2 23
2 11
2 16
2 44
2 10
2 21
2 15
2 25
3 1
3 2
3 15
3 23
3 51
3 22
3 11
4 1
4 16
5 1
5 6
5 37
5 49
5 7
6 1
6 5
6 37
7 1
7 5
7 8
7 33
7 38
7 35
7 45
7 36
7 20
7 43
8 7
8 24
8 43
8 20
8 45
9 1
9 16
9 25
10 2
10 11
10 44
10 22
10 23
11 0
11 2
11 3
11 10
11 21
11 22
11 23
11 55
11 15
11 44
12 13
12 34
12 33
12 35
13 0
13 12
14 1
15 0
15 1
15 2
15 3
15 11
15 21
15 16
15 23
15 44
15 47
16 0
16 2
16 4
16 9
16 15
16 25
16 45
16 56
16 31
16 29
16 32
16 21
16 27
16 26
16 59
16 61
16 19
16 46
17 1
18 19
18 30
18 32
19 16
19 18
19 32
20 1
20 7
20 8
20 34
20 45
20 24
20 52
20 35
21 1
21 2
21 11
21 15
21 16
21 25
21 23
22 0
22 1
22 2
22 3
22 10
22 11
22 23
23 0
23 1
23 2
23 3
23 10
23 11
23 15
23 21
23 22
23 44
23 47
24 1
24 8
24 20
24 43
24 45
25 2
25 9
25 16
25 21
25 31
25 46
25 53
25 30
25 27
25 45
26 16
26 27
26 56
27 16
27 25
27 26
27 30
27 56
28 1
29 16
29 30
30 18
30 25
30 27
30 29
30 32
30 57
30 56
31 16
31 25
31 60
32 16
32 18
32 19
32 30
32 56
33 7
33 12
33 35
33 34
34 1
34 12
34 20
34 33
34 52
34 45
34 35
35 7
35 12
35 20
35 33
35 34
35 36
35 48
36 1
36 7
36 35
36 45
36 43
36 54
37 1
37 5
37 6
38 7
39 1
39 40
39 43
40 39
41 42
41 50
42 41
43 1
43 7
43 8
43 24
43 36
43 39
44 0
44 2
44 10
44 11
44 15
44 23
44 45
45 1
45 7
45 8
45 16
45 20
45 24
45 25
45 34
45 36
45 44
45 52
45 58
46 16
46 25
47 15
47 23
48 35
49 1
49 5
49 54
50 41
51 3
52 20
52 34
52 45
53 25
54 1
54 36
54 49
55 11
56 16
56 26
56 27
56 30
56 32
56 59
57 30
58 1
58 45
59 16
59 56
60 31
61 16
62 1
