0 1
0 2
0 3
0 4
0 5
0 6
0 7
0 8
0 9
0 10
0 11
1 50
1 51
1 2
1 34
1 57
1 58
1 59
1 8
1 60
1 9
1 61
1 62
2 13
2 51
2 52
2 79
2 94
2 14
2 34
2 68
2 95
2 36
2 96
2 48
2 71
2 49
2 10
2 97
2 74
3 22
3 23
3 54
3 81
3 123
3 84
3 28
3 74
4 52
4 65
4 90
4 54
4 124
4 120
4 36
4 81
4 39
4 40
4 56
4 41
4 84
5 52
5 65
5 85
5 14
5 34
5 25
5 54
5 55
5 122
5 125
5 6
5 38
5 110
5 82
5 83
5 73
5 99
5 89
5 74
6 50
6 116
6 120
6 106
6 59
6 112
6 121
6 93
6 76
6 108
6 29
7 22
7 31
7 65
7 66
7 94
7 85
7 80
7 69
7 36
7 96
7 18
7 118
7 40
7 117
7 56
7 28
7 74
7 75
8 43
8 53
8 32
8 100
8 90
8 67
8 124
8 102
8 59
8 18
8 48
8 121
8 115
8 40
8 104
8 29
9 13
9 42
9 51
9 52
9 65
9 66
9 98
9 103
9 110
9 19
9 20
9 56
9 41
9 108
9 74
10 65
10 113
10 66
10 14
10 34
10 35
10 69
10 102
10 59
10 17
10 110
10 19
11 14
11 105
11 17
11 110
11 118
11 72
11 56
11 41
12 13
12 14
12 15
12 16
12 17
12 18
12 19
12 20
12 21
13 22
13 31
13 32
13 33
13 34
13 35
13 36
13 37
13 38
13 26
13 21
13 39
13 40
13 41
14 24
14 98
14 55
14 114
14 69
14 46
14 26
14 21
14 119
14 74
15 22
15 23
15 66
15 36
15 96
15 38
15 123
15 19
15 77
15 28
16 22
16 78
16 23
16 113
16 35
16 70
16 123
16 110
16 76
17 43
17 109
17 35
17 105
17 25
17 95
17 114
17 69
17 103
17 47
17 26
17 20
17 62
17 30
18 63
18 78
18 65
18 57
18 45
18 124
18 91
18 92
18 117
18 72
18 49
18 73
18 108
18 29
19 50
19 101
19 35
19 122
19 86
19 92
19 47
19 76
19 108
19 62
19 30
20 22
20 31
20 64
20 98
20 35
20 114
20 111
20 70
20 106
20 91
20 118
20 97
20 108
21 109
21 65
21 33
21 80
21 95
21 111
21 82
21 72
21 87
21 104
22 23
22 24
22 25
22 26
22 27
22 28
22 29
22 30
23 32
23 90
23 91
23 92
23 93
23 29
24 79
24 88
24 85
24 34
24 98
24 35
24 45
24 54
24 55
24 110
24 104
25 43
25 57
25 35
25 105
25 125
25 46
25 47
25 72
25 104
25 89
25 28
26 94
26 101
26 67
26 82
26 39
26 84
26 75
27 43
27 57
27 68
27 80
27 114
27 47
28 50
28 78
28 52
28 64
28 101
28 45
28 55
28 114
28 36
28 112
28 92
28 38
28 41
29 65
29 35
29 105
29 45
29 95
29 122
29 70
29 81
29 96
29 86
29 118
29 73
30 42
30 33
30 94
30 67
30 98
30 35
30 123
30 110
30 39
30 115
30 40
30 74
30 75
31 65
31 68
31 46
31 41
32 85
32 98
32 40
32 97
32 75
33 63
33 44
33 113
33 85
33 55
33 40
33 117
33 99
33 108
33 119
34 64
34 44
34 95
34 102
34 112
34 86
34 60
35 78
35 43
35 116
35 66
35 48
35 40
36 43
36 100
36 90
36 68
36 124
36 91
36 93
36 60
37 113
37 100
37 114
37 111
37 81
37 72
37 89
37 41
37 62
38 63
38 51
38 78
38 52
38 43
38 124
38 114
38 48
38 115
38 83
39 103
39 48
39 117
39 99
39 56
39 77
39 108
40 50
40 80
40 112
40 60
40 76
40 61
40 104
40 108
41 42
41 78
41 43
41 113
41 101
41 102
41 86
41 104
42 43
42 44
42 45
42 46
42 47
42 48
42 49
43 65
43 88
43 55
43 82
43 89
44 51
44 52
44 64
44 100
44 101
44 90
44 102
44 91
44 103
44 60
44 104
45 50
45 94
45 105
45 114
45 120
45 91
45 118
45 82
45 99
45 61
46 79
46 101
46 98
46 54
46 92
47 109
47 66
47 55
47 106
47 59
47 123
47 82
47 83
47 56
47 74
48 70
48 96
48 59
48 123
48 118
48 49
48 56
48 77
49 63
49 64
49 53
49 68
49 91
49 121
49 82
50 51
50 52
50 53
50 54
50 55
50 56
51 69
51 76
51 71
51 56
51 77
52 85
52 67
52 68
52 86
52 87
52 61
53 85
53 105
53 96
53 106
53 71
53 73
54 101
54 68
54 55
54 120
54 91
54 86
54 92
54 115
54 87
54 62
54 119
55 64
55 57
55 124
55 103
55 123
55 72
55 104
55 119
56 100
56 95
56 86
56 92
56 103
56 110
56 61
56 89
57 65
57 67
57 107
57 73
57 74
58 111
58 92
58 93
58 87
58 104
59 88
59 124
59 62
59 119
60 124
60 96
60 91
60 82
60 71
60 89
60 74
61 85
61 106
61 123
61 118
61 117
61 73
61 119
62 67
62 98
62 70
62 96
62 106
62 121
62 118
62 76
62 73
62 108
62 74
63 64
63 65
63 66
63 67
63 68
63 69
63 70
63 71
63 72
63 73
63 74
63 75
64 66
64 98
64 99
65 80
65 69
65 111
65 70
65 112
65 72
65 108
66 116
66 69
66 106
66 92
66 87
66 99
66 77
66 74
67 78
67 81
67 93
68 125
68 91
68 86
68 89
69 109
69 100
69 86
69 103
69 87
69 89
70 116
70 100
70 111
70 92
70 76
70 104
70 97
71 100
71 122
71 111
71 81
71 93
71 107
71 76
71 87
71 104
72 94
72 96
72 106
72 123
72 93
72 83
73 79
73 88
73 101
73 107
73 76
73 119
74 100
74 96
74 107
74 115
74 104
75 124
75 95
75 112
75 86
75 107
75 108
76 90
76 105
76 81
76 96
76 123
76 99
76 108
77 78
77 100
77 98
77 105
78 79
78 80
78 81
78 82
78 83
78 84
79 105
79 92
79 93
79 107
79 108
80 85
80 98
81 96
81 87
81 119
82 95
82 93
82 115
82 119
83 109
83 88
83 100
83 90
83 98
83 93
84 120
85 88
85 114
85 102
85 93
85 117
85 104
86 97
87 88
87 112
87 110
87 121
87 119
88 101
88 96
88 104
88 97
88 108
89 124
89 123
89 108
90 92
90 108
91 121
91 118
92 124
93 94
93 98
93 114
93 106
93 112
93 110
94 101
94 120
94 121
95 111
95 123
95 104
96 114
96 120
96 111
96 115
96 97
97 109
97 122
97 112
97 103
97 107
98 124
98 120
98 123
98 121
98 104
99 100
99 121
100 118
101 105
101 122
101 110
101 107
102 106
102 112
102 118
103 110
104 110
105 116
105 118
105 117
106 110
106 119
107 114
107 118
108 114
109 110
110 124
110 120
111 113
111 119
112 113
112 122
113 114
113 115
115 122
116 117
117 122
118 120
119 122
119 125
