0 1
0 2
0 3
0 4
0 5
0 6
0 7
0 8
0 9
1 39
1 13
1 83
1 84
1 92
1 18
1 78
1 93
1 94
1 95
1 46
1 21
2 10
2 99
2 52
2 15
2 80
2 35
2 87
2 102
2 104
2 22
2 23
2 82
3 12
3 79
3 116
3 94
3 80
3 22
3 38
4 31
4 92
4 114
4 76
4 61
4 32
4 5
4 63
4 102
4 21
4 23
5 99
5 61
5 54
5 64
5 71
6 58
6 40
6 114
6 79
6 44
6 85
6 112
7 84
7 114
7 76
7 94
7 95
7 55
7 20
7 105
7 90
7 56
7 108
7 28
8 78
8 116
8 33
8 80
8 45
8 36
8 20
8 110
8 25
9 10
9 73
9 60
9 94
9 122
9 68
9 97
9 22
9 90
9 124
9 50
9 65
10 11
10 12
10 13
10 14
10 15
10 16
10 17
10 18
10 19
10 20
10 21
10 22
10 23
10 24
10 25
10 26
10 27
10 28
10 29
10 30
11 51
11 52
11 53
11 54
11 55
11 22
11 26
11 56
11 57
12 14
12 76
12 77
12 78
12 79
12 80
12 35
12 69
12 36
12 81
12 49
12 82
13 15
13 16
13 17
13 42
13 18
13 68
13 106
13 104
13 22
13 50
13 107
13 108
14 51
14 40
14 52
14 83
14 16
14 86
14 93
14 94
14 109
14 44
14 85
14 20
14 110
14 81
14 27
14 30
15 117
15 77
15 32
15 95
15 62
15 119
15 55
15 63
15 104
15 48
15 64
16 72
16 40
16 83
16 101
16 53
16 46
16 85
16 121
16 56
16 65
17 72
17 51
17 113
17 78
17 116
17 122
17 34
17 37
18 39
18 73
18 116
18 115
18 34
18 54
18 74
18 68
18 105
18 90
18 71
19 42
19 77
19 122
19 32
19 101
19 53
19 55
19 36
19 105
19 21
19 49
19 75
19 27
20 83
20 36
20 81
20 37
20 91
20 28
21 72
21 73
21 113
21 114
21 34
21 36
21 104
21 75
21 107
21 82
22 62
22 101
22 53
22 68
22 112
22 25
22 108
22 29
22 82
23 58
23 113
23 67
23 36
23 106
23 70
23 26
23 38
23 71
24 72
24 73
24 113
24 114
24 123
24 116
24 115
24 54
24 74
24 50
24 91
24 27
24 98
25 73
25 51
25 52
25 86
25 61
25 115
25 75
25 37
25 103
25 98
25 38
25 71
26 58
26 72
26 52
26 78
26 118
26 115
26 100
26 87
26 54
26 69
26 124
26 98
27 72
27 78
27 54
27 98
28 52
28 42
28 118
28 62
28 85
28 68
28 104
28 89
28 112
28 30
29 31
29 72
29 51
29 111
29 113
29 92
29 79
29 93
29 45
29 49
29 75
29 65
30 58
30 59
30 114
30 86
30 76
30 116
30 101
30 68
30 69
30 89
30 81
30 112
30 65
31 32
31 33
31 34
31 35
31 36
31 37
31 38
32 58
32 72
32 73
32 52
32 117
32 96
32 78
32 61
32 80
32 87
32 110
32 105
32 104
32 90
33 79
33 61
33 54
33 105
33 47
33 81
33 112
34 72
34 95
34 74
34 63
34 75
35 113
35 92
35 123
35 93
35 119
35 101
35 121
35 108
36 86
36 79
36 93
36 43
36 100
36 44
36 110
36 105
36 37
36 103
37 41
37 42
37 77
37 93
37 94
37 43
37 56
37 107
37 108
37 38
37 82
38 73
38 113
38 117
38 114
38 122
38 119
38 105
38 49
38 70
39 40
39 41
39 42
39 43
39 44
39 45
39 46
39 47
39 48
39 49
39 50
40 58
40 96
40 77
40 67
40 54
40 85
40 97
40 90
40 91
40 57
40 98
40 71
41 77
41 115
41 100
41 62
41 80
41 87
41 54
41 85
41 110
41 81
41 103
42 99
42 122
42 80
42 67
42 64
42 124
42 125
42 57
43 116
43 85
43 104
43 112
44 58
44 59
44 116
44 109
44 101
44 87
44 69
44 102
44 90
44 124
44 107
44 98
44 82
44 71
45 73
45 62
45 80
45 69
45 102
45 89
45 64
46 59
46 109
46 62
46 87
46 74
46 121
46 69
46 105
46 90
46 125
47 116
47 109
47 122
47 75
47 125
48 59
48 76
48 94
48 101
48 121
48 90
48 64
48 70
48 57
49 113
49 76
49 57
49 98
50 66
50 86
50 122
50 56
50 103
51 72
51 86
51 60
51 80
51 87
51 68
51 88
51 89
51 81
51 90
51 64
51 91
51 71
52 101
52 105
52 64
52 91
53 58
53 99
53 92
53 80
53 87
53 68
53 124
53 108
53 71
54 99
54 83
54 77
54 118
54 116
54 94
54 122
54 101
54 85
55 72
55 96
55 118
55 94
55 109
55 80
55 67
55 74
55 97
55 102
55 64
55 124
55 70
55 82
56 99
56 114
56 79
56 61
56 106
56 89
56 81
56 64
56 103
57 66
57 86
57 96
57 120
57 74
57 85
57 121
57 125
58 59
58 60
58 61
58 62
58 63
58 64
58 65
59 84
59 60
59 118
59 100
59 95
59 62
59 97
59 75
60 120
60 116
60 100
60 121
61 92
61 87
61 124
61 65
61 108
62 111
62 84
62 124
62 108
63 72
63 76
63 122
63 67
63 89
64 92
64 95
64 121
64 110
64 75
64 91
64 65
65 83
65 114
65 77
65 69
65 70
65 112
65 82
66 67
66 68
66 69
66 70
66 71
67 94
67 95
67 119
67 80
67 121
68 77
68 101
69 123
69 93
69 94
70 99
70 118
70 94
70 121
71 72
71 84
71 97
71 124
71 125
72 73
72 74
72 75
73 83
73 84
73 74
73 85
74 92
74 85
74 75
75 113
75 86
76 86
76 106
76 108
77 113
77 120
77 78
77 95
77 125
78 111
78 113
78 93
78 97
78 108
79 86
79 106
79 112
80 117
80 92
80 109
80 85
80 112
81 111
81 93
81 110
81 82
82 92
82 94
82 95
82 107
82 108
83 84
83 96
83 109
83 108
85 110
85 105
85 90
87 92
87 123
87 118
88 109
88 90
88 91
89 96
89 100
90 92
90 100
90 95
90 119
90 101
90 121
90 110
90 108
91 123
92 96
92 120
92 104
92 107
93 114
93 102
93 110
94 114
94 96
94 98
95 99
95 114
95 122
95 105
95 112
96 111
96 114
97 123
97 101
97 124
98 105
99 100
99 101
99 102
99 103
100 117
100 116
100 115
101 115
102 121
102 105
103 114
103 108
105 114
105 110
105 107
106 117
106 121
107 121
107 124
107 108
108 120
108 109
108 125
109 121
109 125
110 113
110 118
111 112
112 116
112 119
113 114
114 123
116 123
