0 1
0 2
0 3
0 4
0 5
0 6
0 7
0 8
0 9
0 10
0 11
1 15
1 54
1 68
1 47
1 82
1 63
1 39
1 96
1 50
1 97
1 9
1 42
2 14
2 44
2 19
2 6
2 111
2 83
2 49
2 97
2 41
2 72
2 84
2 66
3 74
3 98
3 13
3 92
3 59
3 86
3 87
3 69
3 48
3 49
3 95
4 52
4 36
4 61
4 87
4 108
4 82
4 63
4 49
4 56
4 124
4 117
4 41
4 72
4 89
5 57
5 79
5 14
5 36
5 105
5 119
5 108
5 8
5 77
5 73
5 110
6 91
6 68
6 105
6 113
6 47
6 82
6 49
6 94
6 122
6 114
6 109
6 66
6 123
6 101
7 74
7 92
7 86
7 17
7 105
7 113
7 21
7 69
7 108
7 115
7 39
7 56
7 94
7 71
7 72
7 104
8 14
8 53
8 36
8 37
8 49
8 125
8 100
8 72
9 80
9 108
9 48
9 70
9 49
9 99
9 104
9 24
10 80
10 105
10 22
10 48
10 83
10 100
10 77
10 41
10 123
11 25
11 57
11 13
11 92
11 54
11 105
11 82
11 62
11 63
11 106
11 65
11 42
12 13
12 14
12 15
12 16
12 17
12 18
12 19
12 20
12 21
12 22
12 23
12 24
13 34
13 44
13 46
13 59
13 105
13 21
13 62
13 63
13 106
13 99
13 107
13 95
14 32
14 98
14 58
14 16
14 18
14 37
14 20
14 105
14 76
14 93
14 28
14 38
14 97
14 117
15 43
15 34
15 35
15 86
15 118
15 37
15 28
15 114
15 84
15 30
16 79
16 87
16 68
16 115
16 70
16 101
16 24
16 31
17 32
17 18
17 61
17 19
17 83
17 70
17 49
17 50
17 56
17 103
17 71
17 72
17 107
17 104
17 29
17 84
17 102
17 31
18 33
18 44
18 36
18 20
18 88
18 27
18 65
18 100
18 95
18 90
18 31
19 79
19 98
19 91
19 58
19 46
19 36
19 54
19 68
19 55
19 48
19 41
19 29
20 57
20 52
20 53
20 36
20 54
20 28
20 39
20 65
20 56
20 77
20 89
21 32
21 61
21 88
21 93
21 55
21 116
21 111
21 39
21 107
21 110
21 31
22 57
22 33
22 98
22 27
22 76
22 63
22 124
22 84
22 101
23 67
23 61
23 119
23 48
23 106
23 89
23 42
23 24
24 79
24 98
24 45
24 46
24 53
24 118
24 81
24 61
24 120
24 68
24 76
24 63
24 124
24 107
25 26
25 27
25 28
25 29
25 30
25 31
26 32
26 33
26 112
26 53
26 86
26 76
26 93
26 62
26 115
26 114
26 72
26 107
26 31
27 74
27 44
27 37
27 69
27 82
27 121
27 38
27 40
27 122
27 41
27 72
27 102
28 80
28 81
28 55
28 121
28 73
29 33
29 53
29 56
29 97
29 100
29 107
29 95
29 102
29 31
30 34
30 112
30 46
30 68
30 113
30 70
30 122
30 72
30 73
31 58
31 92
31 53
31 68
31 93
31 55
31 39
31 94
31 99
32 33
32 34
32 35
32 36
32 37
32 38
32 39
32 40
32 41
32 42
33 74
33 91
33 92
33 52
33 53
33 81
33 93
33 70
33 94
33 77
33 95
33 90
34 51
34 59
34 88
34 69
34 93
34 48
34 65
34 109
34 102
34 110
35 98
35 68
35 70
35 64
35 39
35 109
35 124
35 73
36 46
36 60
36 37
36 47
36 76
36 63
36 106
36 96
36 50
36 56
36 41
37 67
37 44
37 95
38 91
38 52
38 88
38 93
38 121
38 63
38 114
38 109
38 78
38 123
38 89
39 51
39 58
39 120
39 69
39 93
39 55
39 63
39 124
40 98
40 47
40 50
40 99
40 66
41 51
41 79
41 98
41 91
41 58
41 44
41 59
41 60
41 118
41 113
41 63
41 115
41 56
41 99
42 112
42 92
42 45
42 69
42 108
42 56
42 72
42 102
43 44
43 45
43 46
43 47
43 48
43 49
43 50
44 74
44 118
44 68
44 119
44 69
44 111
44 96
44 94
44 99
44 72
45 67
45 120
45 84
46 98
46 80
46 87
46 120
46 121
46 64
46 49
46 103
46 114
47 67
47 87
47 68
47 119
47 63
47 48
47 83
47 56
47 99
47 100
48 112
48 52
48 118
48 83
48 65
48 107
48 104
48 123
48 95
48 90
49 98
49 60
49 124
49 89
49 95
50 85
50 55
50 62
50 121
50 115
50 64
50 94
50 114
50 90
50 102
51 52
51 53
51 54
51 55
51 56
52 58
52 97
52 122
52 73
53 67
53 58
53 112
53 60
53 61
53 113
53 108
53 70
53 95
54 121
54 111
54 64
54 102
55 58
55 87
55 93
55 62
55 65
55 77
55 107
55 101
56 98
56 59
56 81
56 115
56 116
56 65
56 125
56 103
56 124
56 77
57 58
57 59
57 60
57 61
57 62
57 63
57 64
57 65
57 66
58 87
58 108
58 96
58 103
59 80
59 86
59 113
59 82
59 115
59 94
59 97
59 114
59 71
59 123
59 102
60 105
60 108
60 122
60 114
60 77
60 102
61 121
61 100
61 101
62 86
62 87
62 105
62 113
62 119
62 114
62 100
62 77
62 101
63 86
63 121
63 115
63 96
64 74
64 119
64 121
64 125
64 103
64 71
64 104
65 85
65 111
65 94
66 85
66 86
66 105
66 83
66 70
66 117
66 123
67 68
67 69
67 70
67 71
67 72
67 73
68 118
68 81
68 119
68 82
68 122
68 77
69 88
69 110
70 79
70 118
70 88
70 111
71 111
71 125
71 103
71 114
71 124
71 95
72 112
72 125
72 103
72 114
72 124
72 89
73 91
73 76
73 116
73 83
73 114
73 109
74 75
74 76
74 77
74 78
75 85
75 115
75 116
75 99
75 90
76 112
76 87
76 113
76 82
76 125
76 103
76 109
76 123
76 101
77 85
77 115
77 94
78 88
78 116
78 114
78 99
79 80
79 81
79 82
79 83
79 84
80 98
80 93
80 97
80 100
81 86
81 93
81 111
81 96
81 109
81 124
82 118
82 125
82 107
82 84
82 89
83 120
83 88
83 125
83 84
83 89
83 95
84 121
84 100
84 124
85 86
85 87
85 88
85 89
85 90
86 93
86 111
86 106
86 100
86 101
87 116
87 125
87 109
88 115
88 104
89 105
89 113
89 115
90 113
90 116
90 94
91 92
91 94
91 103
91 99
91 104
92 93
92 116
92 117
92 107
92 102
93 119
93 125
93 122
93 101
94 125
94 102
95 98
95 119
95 121
95 115
95 116
96 119
96 123
96 102
97 98
97 118
97 121
97 103
98 99
98 100
98 101
98 102
100 112
100 118
100 120
100 121
100 122
101 115
101 117
102 125
103 106
103 109
104 120
104 107
104 123
105 120
105 125
105 109
106 108
107 118
107 109
108 120
109 120
109 111
110 113
110 111
112 113
112 114
113 120
113 119
113 124
115 116
119 120
119 124
122 125
122 124
124 125
