0 1
0 2
0 3
0 4
0 5
0 6
0 7
0 8
0 9
0 10
0 11
0 12
1 14
1 49
1 18
1 102
1 106
1 51
1 99
1 93
1 79
1 65
1 89
1 107
1 29
1 68
1 98
2 13
2 14
2 57
2 70
2 51
2 118
2 93
2 61
2 34
2 80
2 36
2 65
3 85
3 120
3 118
3 21
3 53
3 80
3 101
3 54
3 68
4 117
4 91
4 40
4 52
4 118
4 86
4 99
4 79
4 73
4 74
4 121
4 105
4 122
4 123
4 116
4 107
5 56
5 106
5 117
5 99
5 20
5 105
5 53
5 25
5 68
6 13
6 70
6 85
6 91
6 40
6 32
6 119
6 62
6 34
6 24
6 80
6 12
6 124
6 98
7 49
7 18
7 102
7 59
7 40
7 97
7 112
7 27
7 22
7 9
7 80
7 76
7 98
8 48
8 77
8 40
8 118
8 87
8 64
8 125
8 55
8 47
9 56
9 102
9 85
9 92
9 91
9 51
9 94
9 89
9 116
9 68
9 98
10 31
10 77
10 102
10 59
10 99
10 22
10 35
10 53
10 80
10 122
10 25
10 89
10 45
10 68
11 48
11 19
11 96
11 99
11 93
11 61
11 35
11 82
11 53
11 69
12 78
12 117
12 92
12 72
12 79
12 97
12 62
12 82
12 124
12 45
12 38
13 14
13 15
13 16
13 17
13 18
13 19
13 20
13 21
13 22
13 23
13 24
13 25
14 26
14 27
14 28
14 29
14 30
15 39
15 40
15 32
15 41
15 42
15 43
15 25
15 44
15 45
15 46
15 47
16 56
16 49
16 39
16 70
16 71
16 19
16 72
16 73
16 62
16 74
16 64
16 75
16 36
16 76
17 48
17 70
17 82
17 83
17 37
17 84
17 29
17 81
18 57
18 39
18 95
18 91
18 40
18 26
18 96
18 97
18 80
18 38
18 98
18 81
19 57
19 102
19 71
19 115
19 94
19 119
19 113
19 68
20 49
20 71
20 40
20 120
20 41
20 108
20 119
20 43
20 63
20 82
20 83
20 123
20 104
20 124
20 45
20 30
20 69
21 90
21 78
21 99
21 97
21 82
21 75
21 105
21 114
21 116
21 38
21 68
21 81
21 111
22 102
22 91
22 86
22 42
22 83
22 28
23 39
23 92
23 32
23 41
23 108
23 83
23 107
23 45
23 68
24 32
24 97
24 83
24 123
24 45
24 47
25 31
25 77
25 39
25 115
25 41
25 42
25 100
25 109
25 83
25 110
25 114
25 55
26 95
26 70
26 117
26 51
26 79
26 87
26 88
26 89
26 107
26 68
27 50
27 96
27 86
27 73
27 94
27 103
27 43
27 109
27 74
27 82
27 53
27 60
27 107
27 125
27 46
28 72
28 113
29 31
29 58
29 106
29 120
29 41
29 108
29 103
29 45
30 102
30 112
30 35
30 113
30 122
30 101
30 66
30 69
31 32
31 33
31 34
31 35
31 36
31 37
31 38
32 90
32 118
32 79
32 113
32 105
32 68
33 61
33 108
33 112
33 109
33 113
33 60
33 44
33 54
33 66
34 71
34 99
34 73
34 42
34 75
34 122
34 104
34 69
34 55
35 39
35 95
35 118
35 119
35 42
35 43
35 75
35 68
35 55
35 111
36 48
36 58
36 71
36 59
36 118
36 41
36 110
36 114
36 44
36 55
37 85
37 59
37 120
37 99
37 62
37 83
37 88
37 84
37 66
37 68
38 85
38 51
38 79
38 94
38 88
38 64
38 113
38 75
38 114
38 45
39 56
39 58
39 70
39 92
39 93
39 94
39 43
39 65
39 44
39 67
39 55
40 56
40 85
40 50
40 117
40 105
40 101
40 107
40 66
41 85
41 59
41 91
41 73
41 61
41 87
41 53
41 98
42 91
42 120
42 118
42 72
42 73
42 112
42 62
42 103
42 74
42 45
43 85
43 74
43 89
43 76
43 67
43 98
44 112
44 113
44 89
44 81
45 102
45 108
45 110
45 107
45 125
45 98
46 90
46 106
46 91
46 61
46 103
46 74
46 122
46 101
46 89
46 124
46 81
47 56
47 99
47 94
47 123
47 89
47 84
47 68
48 49
48 50
48 51
48 52
48 53
48 54
48 55
49 85
49 86
49 79
49 87
49 88
49 89
49 54
49 55
50 92
50 115
50 79
50 64
50 89
50 116
50 107
50 54
50 68
51 90
51 85
51 71
51 115
51 108
51 119
51 100
51 64
51 65
51 69
52 70
52 115
52 119
52 63
52 64
52 105
52 53
52 80
52 55
53 73
53 119
53 109
53 83
53 60
53 114
53 104
53 125
53 67
53 68
53 55
54 97
54 88
54 64
54 101
54 116
55 90
55 71
55 59
55 88
55 67
56 57
56 58
56 59
56 60
57 61
57 62
57 63
57 64
57 65
57 66
57 67
57 68
57 69
58 85
58 103
58 105
58 81
59 70
59 71
59 91
59 82
59 64
59 113
59 110
59 80
59 76
59 66
59 69
60 117
60 118
60 112
60 87
60 89
60 81
61 78
61 85
61 118
61 108
61 103
61 84
62 77
62 119
62 74
62 80
62 65
63 85
63 91
63 96
63 105
63 80
63 116
64 102
64 86
64 81
65 90
65 72
65 89
65 107
65 67
65 111
66 95
66 96
66 119
66 103
66 75
66 110
66 123
66 67
66 68
66 69
67 73
67 103
67 87
67 76
67 125
67 68
67 69
68 77
68 95
68 99
68 108
68 94
68 75
68 114
68 104
68 101
68 76
68 125
69 102
69 70
69 85
69 92
69 72
69 73
69 113
69 101
70 77
70 93
70 103
70 87
70 88
70 75
70 76
71 77
71 79
71 112
71 100
72 110
72 123
72 124
73 90
73 117
73 120
73 99
73 105
73 89
73 111
74 103
74 87
74 101
75 91
75 79
75 108
75 94
75 88
75 123
76 102
76 99
76 79
76 94
76 119
76 112
76 105
76 110
76 125
77 78
77 79
77 80
77 81
78 90
78 106
78 91
78 94
78 112
78 113
78 105
78 98
78 81
79 91
79 119
79 113
79 107
80 95
80 82
80 114
82 93
82 121
82 116
83 108
83 109
83 114
83 124
84 117
84 118
84 99
84 88
85 108
85 112
85 114
86 90
86 106
86 99
86 108
86 103
86 116
87 112
87 103
87 114
87 111
88 91
88 114
88 123
89 90
89 96
89 94
89 119
89 105
89 101
89 125
90 91
91 96
92 108
92 110
93 110
93 125
94 115
94 125
95 99
95 100
95 101
96 102
96 122
96 107
96 98
97 112
97 98
98 102
98 115
98 123
99 119
99 109
99 125
100 119
100 107
101 119
101 123
102 103
102 104
103 106
104 109
104 105
105 112
105 109
105 123
106 108
106 109
106 110
106 111
107 112
107 109
108 112
109 113
109 121
109 111
110 115
110 121
110 124
111 114
111 124
113 114
113 123
113 125
114 124
115 118
116 117
116 125
118 122
119 121
