0 1
0 2
0 3
0 4
0 5
0 6
0 7
0 8
0 9
0 10
0 11
1 14
1 107
1 47
1 75
1 8
1 50
1 101
1 83
1 54
1 55
2 14
2 84
2 92
2 66
2 103
2 43
2 69
2 76
2 19
3 65
3 13
3 92
3 80
3 114
3 107
3 59
3 78
3 36
3 20
3 116
3 117
3 108
3 41
4 92
4 112
4 90
4 46
4 104
4 109
4 50
4 121
4 119
4 61
4 82
4 83
4 11
4 40
5 99
5 110
5 104
5 107
5 59
5 111
5 7
5 38
5 118
5 20
5 24
6 105
6 120
6 95
6 30
6 68
6 69
6 107
6 109
6 77
6 36
6 8
6 118
6 98
7 56
7 28
7 112
7 34
7 17
7 89
7 10
7 11
8 57
8 102
8 16
8 75
8 70
8 36
8 79
8 39
8 116
8 117
8 98
8 89
9 26
9 92
9 68
9 46
9 107
9 125
9 77
9 49
9 50
9 18
9 61
9 91
9 63
9 72
9 23
10 56
10 84
10 15
10 94
10 120
10 45
10 48
10 100
10 50
10 51
10 18
10 19
10 91
10 62
10 63
10 83
10 24
10 53
11 93
11 80
11 66
11 29
11 95
11 16
11 107
11 81
11 50
11 51
11 79
11 38
11 71
11 21
11 82
11 54
12 13
12 14
12 15
12 16
12 17
12 18
12 19
12 20
12 21
12 22
12 23
12 24
12 25
13 14
13 80
13 46
13 81
13 17
13 50
13 82
13 83
13 54
14 73
14 84
14 31
14 76
14 51
14 60
14 85
14 24
14 86
15 80
15 105
15 29
15 97
15 106
15 41
16 29
16 45
16 46
16 124
16 62
16 22
16 40
17 110
17 81
17 49
17 96
17 18
17 38
17 24
17 54
18 102
18 112
18 94
18 110
18 115
18 36
18 101
18 51
18 39
18 64
18 55
18 86
19 27
19 65
19 67
19 30
19 104
19 59
19 47
19 35
19 79
19 85
19 82
19 63
19 89
19 53
20 58
20 113
20 32
20 107
20 39
20 85
20 63
20 83
20 117
20 108
21 28
21 32
21 35
21 97
21 91
21 117
21 24
21 25
22 102
22 28
22 58
22 43
22 113
22 44
22 30
22 81
22 35
22 71
22 106
22 55
22 108
23 27
23 99
23 58
23 67
23 44
23 95
23 32
23 87
23 34
23 121
23 116
23 88
23 106
24 27
24 56
24 102
24 67
24 34
24 81
24 101
24 38
24 118
24 89
25 65
25 67
25 95
25 32
25 47
25 75
25 34
25 76
25 36
25 79
25 121
25 97
25 119
26 27
26 28
26 29
26 30
26 31
26 32
26 33
26 34
26 35
26 36
26 37
26 38
26 39
26 40
26 41
27 42
27 43
27 44
27 45
27 46
27 47
27 48
27 49
27 50
27 51
27 52
27 53
27 54
27 55
28 73
28 84
28 103
28 29
28 30
28 46
28 69
28 107
28 48
28 71
28 82
28 108
29 105
29 67
29 110
29 32
29 87
29 33
29 48
29 76
29 121
29 52
29 71
29 119
29 106
29 98
29 86
29 108
30 56
30 42
30 94
30 104
30 107
30 100
30 118
30 91
30 83
30 54
31 105
31 68
31 46
31 47
31 111
31 50
32 73
32 84
32 102
32 42
32 110
32 33
32 88
32 72
32 86
33 92
33 110
33 107
33 75
33 100
33 36
33 121
33 118
33 85
33 82
34 110
34 87
34 47
34 81
34 100
34 49
34 91
34 85
35 58
35 45
35 110
35 76
35 100
35 37
36 56
36 113
36 107
36 121
36 61
36 91
36 83
36 53
37 92
37 120
37 76
37 79
37 71
37 119
37 39
37 61
37 86
38 84
38 102
38 80
38 58
38 120
38 114
38 60
39 93
39 105
39 94
39 90
39 87
39 81
39 49
39 52
39 116
39 72
39 54
39 55
40 65
40 57
40 99
40 120
40 113
40 114
40 110
40 87
40 79
40 91
40 98
40 89
40 86
41 56
41 102
41 94
41 46
41 117
41 64
42 99
42 67
42 110
42 69
42 91
42 85
42 64
42 108
43 92
43 80
43 66
43 74
43 87
43 100
43 78
43 85
43 117
44 45
44 110
44 69
44 49
44 83
44 88
44 106
44 98
45 57
45 87
45 115
45 107
45 76
45 101
45 121
45 71
45 116
45 108
45 123
46 57
46 109
47 107
47 59
47 117
47 88
47 106
47 86
48 68
48 79
48 119
48 85
48 106
48 98
49 73
49 92
49 74
49 101
50 94
50 74
50 120
50 113
50 68
50 78
50 119
50 91
50 62
50 88
50 106
50 108
51 56
51 87
51 59
51 118
51 116
52 73
52 58
52 59
52 76
52 101
52 85
52 63
52 88
52 64
52 108
53 65
53 99
53 113
53 70
53 79
53 119
53 106
54 65
54 68
54 78
54 79
54 60
54 85
54 82
54 106
55 92
55 67
55 117
55 98
55 108
56 57
56 58
56 59
56 60
56 61
56 62
56 63
56 64
57 87
57 81
57 70
57 88
57 89
58 105
58 75
58 111
58 100
58 98
58 108
59 84
59 94
59 69
59 118
59 124
59 61
60 90
60 95
60 118
60 124
61 102
61 95
61 69
61 100
61 101
61 86
62 99
62 74
62 113
62 67
62 78
62 79
62 121
62 118
62 88
62 98
62 89
63 66
63 103
63 107
63 124
64 65
64 66
64 74
64 125
64 118
64 83
65 66
65 67
65 68
65 69
65 70
65 71
65 72
66 80
66 109
66 96
67 103
67 114
67 110
67 69
67 75
68 114
68 107
68 76
68 96
68 121
68 117
68 88
68 86
68 108
69 74
69 111
69 119
69 116
70 102
70 95
70 125
71 125
71 123
72 77
72 106
73 74
73 75
73 76
73 77
73 78
73 79
74 92
74 93
74 105
74 114
74 110
74 104
74 109
74 100
74 118
74 91
74 89
74 86
75 105
75 76
75 79
76 120
76 107
76 118
77 112
77 87
77 109
77 111
77 108
78 95
78 87
78 89
79 93
79 102
79 118
79 82
79 83
80 90
80 95
80 104
80 91
81 120
81 122
81 91
81 98
82 113
82 121
82 97
83 94
83 90
83 85
83 106
84 90
84 91
85 104
85 106
85 86
86 92
86 114
86 107
86 109
86 125
86 124
87 99
87 112
87 110
87 111
87 122
87 124
88 94
88 104
88 109
88 111
88 100
88 118
88 116
89 94
89 110
89 122
89 101
90 92
90 102
90 100
90 101
90 97
90 116
91 92
92 93
92 94
92 95
93 96
93 97
93 98
94 99
94 114
94 111
94 116
94 117
94 106
95 110
95 122
95 101
95 116
96 107
96 125
96 111
96 117
97 118
97 124
97 116
98 110
99 100
99 101
100 105
100 122
101 120
101 117
102 103
103 113
103 115
103 119
103 108
104 122
105 108
106 107
106 111
106 124
106 108
107 113
107 114
107 125
109 122
110 125
111 114
111 122
112 113
112 114
112 115
113 115
114 122
114 121
114 118
118 120
118 122
122 125
