0 1
0 2
0 3
0 4
0 5
0 6
0 7
0 8
0 9
1 10
1 54
1 13
1 37
1 74
1 66
1 75
1 67
1 60
1 40
1 61
1 32
1 96
1 80
2 36
2 44
2 26
2 45
2 27
2 107
2 3
2 94
2 95
2 86
2 49
2 77
2 8
3 10
3 24
3 65
3 56
3 75
3 79
3 94
3 7
3 19
3 52
4 36
4 118
4 114
4 99
4 60
4 125
4 116
4 71
4 21
4 22
4 23
4 42
5 24
5 58
5 83
5 59
5 95
5 60
5 41
5 96
5 87
5 125
5 116
5 100
5 34
5 104
6 12
6 53
6 44
6 106
6 70
6 95
6 87
6 8
6 52
6 111
6 42
6 43
7 10
7 44
7 57
7 121
7 76
7 98
7 124
7 115
7 8
7 80
8 65
8 54
8 56
8 119
8 83
8 79
8 59
8 38
8 69
8 84
8 48
8 92
8 99
8 41
8 122
8 115
8 117
8 35
9 55
9 56
9 74
9 76
9 61
9 33
9 116
9 62
9 72
9 111
10 11
10 12
10 13
10 14
10 15
10 16
10 17
10 18
10 19
10 20
10 21
10 22
10 23
11 44
11 45
11 46
11 47
11 38
11 16
11 48
11 49
11 50
11 51
11 52
12 24
12 73
12 74
12 66
12 75
12 59
12 76
12 77
12 61
12 78
12 35
13 97
13 16
13 99
13 77
13 50
13 31
13 71
13 51
13 100
13 21
13 101
14 118
14 66
14 39
14 40
14 77
14 32
14 110
14 72
14 112
15 65
15 55
15 118
15 39
15 33
15 87
15 109
15 110
16 25
16 55
16 27
16 46
16 58
16 61
16 109
16 125
16 103
16 20
17 69
17 85
17 99
17 30
17 61
17 20
17 42
18 24
18 26
18 56
18 115
18 93
18 51
19 36
19 26
19 47
19 83
19 67
19 29
19 95
19 86
19 102
19 103
19 93
19 110
19 72
19 78
19 64
20 27
20 91
20 61
20 102
20 96
20 93
20 110
20 43
21 24
21 90
21 45
21 58
21 119
21 79
21 59
21 95
21 40
21 32
21 116
21 104
22 24
22 46
22 118
22 47
22 107
22 48
22 77
22 61
22 63
23 97
23 105
23 47
23 39
23 92
23 50
23 87
23 89
23 34
24 25
24 26
24 27
24 28
24 29
24 30
24 31
24 32
24 33
24 34
24 35
25 53
25 54
25 55
25 56
25 57
25 58
25 59
25 60
25 61
25 31
25 62
25 63
25 64
26 53
26 37
26 68
26 60
26 88
26 78
27 37
27 67
27 41
27 100
27 82
27 42
28 53
28 123
28 85
28 93
28 116
28 81
28 35
28 64
29 106
29 40
29 41
29 49
29 50
29 87
29 93
29 101
29 34
29 63
30 97
30 56
30 57
30 74
30 75
30 68
30 48
30 98
30 115
30 125
30 93
30 104
30 35
31 54
31 56
31 37
31 57
31 106
31 83
31 75
31 107
31 121
31 92
31 40
31 41
31 98
31 122
31 32
31 51
31 63
32 79
32 102
32 33
32 71
33 73
33 56
33 106
33 107
33 68
33 59
33 92
33 76
33 99
33 50
33 125
33 117
33 80
33 34
33 78
33 42
33 43
34 97
34 55
34 91
34 41
34 49
34 50
34 109
34 81
34 104
35 73
35 54
35 37
35 58
35 79
35 76
35 77
35 50
35 125
35 120
35 111
36 37
36 38
36 39
36 40
36 41
36 42
36 43
37 54
37 105
37 58
37 95
37 112
37 43
38 65
38 73
38 97
38 76
38 61
38 96
38 115
38 120
39 56
39 75
39 108
39 121
39 87
39 109
40 105
40 75
40 95
40 116
40 51
40 101
41 54
41 56
41 106
41 108
41 68
41 113
41 84
41 95
41 103
42 73
42 105
42 66
42 67
42 68
42 85
42 95
42 77
42 125
42 110
42 89
42 82
43 90
43 56
43 74
43 67
43 113
43 81
43 78
44 45
44 68
44 60
44 81
44 82
45 73
45 105
45 106
45 66
45 107
45 108
45 59
45 91
45 69
45 85
45 99
45 95
45 98
45 96
45 93
45 100
46 65
46 74
46 83
46 79
46 114
46 86
46 49
46 61
46 96
46 100
47 54
47 119
47 106
47 79
47 96
48 54
48 106
48 83
48 107
48 113
48 121
48 49
48 77
49 55
49 106
49 61
49 100
50 55
50 56
50 105
50 66
50 103
50 51
50 80
51 66
51 108
51 95
51 109
51 112
52 54
52 105
52 83
52 70
52 60
52 115
52 80
53 79
53 80
53 63
54 73
54 66
54 94
54 95
54 96
54 72
54 82
55 73
55 90
55 66
55 98
55 61
55 102
55 103
55 100
55 63
55 104
56 83
56 67
56 85
56 86
56 77
56 109
56 110
56 71
56 89
56 111
57 58
57 67
57 108
57 91
57 92
57 93
57 110
57 101
57 82
57 64
58 74
58 113
58 77
58 100
58 81
58 64
59 105
59 118
59 91
59 94
59 95
59 96
60 94
60 124
60 93
60 100
60 62
61 105
61 119
61 118
61 91
61 121
61 87
61 109
61 71
61 63
61 72
61 111
62 90
62 68
62 114
62 98
62 88
63 70
63 77
63 101
64 118
64 79
64 68
64 85
64 94
64 111
65 66
65 67
65 68
65 69
65 70
65 71
65 72
66 106
66 83
66 67
66 107
66 108
66 79
66 121
66 99
66 87
66 115
67 83
67 84
67 99
67 122
68 107
68 113
68 99
68 125
68 110
68 117
68 100
69 90
69 105
69 106
69 83
69 123
69 114
69 99
69 98
69 125
69 88
69 80
70 73
70 97
70 107
70 76
70 99
70 95
70 124
71 79
71 94
71 92
71 122
71 125
71 78
72 106
72 114
72 121
72 95
72 93
72 100
72 81
73 83
73 84
73 85
73 86
73 87
73 88
73 89
74 85
74 92
74 88
74 100
74 104
75 83
75 86
75 78
75 104
75 112
76 105
76 85
76 104
76 112
76 111
77 98
77 109
77 93
77 116
77 80
77 104
78 97
78 106
78 111
79 97
79 83
79 117
79 82
80 118
80 114
80 121
80 87
82 119
82 106
82 92
82 122
82 100
82 111
83 97
83 118
83 107
83 84
83 94
83 96
83 110
83 88
83 89
83 111
84 85
84 102
84 111
85 107
85 98
86 123
86 121
86 93
87 123
87 114
87 117
88 90
88 106
88 115
88 109
89 119
89 114
89 92
89 98
89 96
89 115
89 125
89 110
89 117
89 104
90 91
90 92
90 93
91 125
91 100
92 106
92 107
92 124
92 112
93 110
94 106
94 113
94 114
94 121
94 98
94 96
94 116
94 117
95 106
95 107
95 114
95 99
95 116
95 111
96 109
96 112
97 98
98 117
99 102
99 115
100 105
100 108
101 113
101 121
101 115
101 116
102 117
103 121
103 116
103 117
104 118
104 112
105 113
105 114
105 115
105 116
105 117
106 108
106 115
107 120
110 116
111 125
112 125
112 117
113 118
113 124
114 118
114 123
114 120
115 124
116 124
116 117
119 120
120 125
123 124
