0 1
0 2
0 3
0 4
0 5
0 6
0 7
0 8
0 9
0 10
1 19
1 14
1 20
1 21
1 22
1 8
1 23
1 24
1 25
1 26
2 28
2 51
2 95
2 57
2 59
2 113
2 14
2 94
2 21
2 121
2 116
2 86
2 69
2 99
2 63
2 8
2 71
2 97
2 108
2 122
2 105
3 27
3 28
3 80
3 57
3 120
3 96
3 74
3 46
3 109
3 107
3 63
3 81
3 43
3 78
4 85
4 38
4 124
4 40
5 84
5 85
5 38
5 107
5 123
5 26
5 55
5 44
6 27
6 51
6 79
6 14
6 74
6 61
6 85
6 31
6 38
6 86
6 42
6 89
6 64
7 93
7 59
7 103
7 16
7 109
7 34
7 106
7 100
7 110
7 89
7 119
7 17
7 115
7 44
8 57
8 15
8 121
8 86
8 106
8 70
8 110
8 24
8 43
8 83
9 102
9 14
9 96
9 45
9 38
9 33
9 46
9 87
9 41
9 115
10 79
10 56
10 73
10 90
10 99
10 106
10 88
10 111
10 89
10 115
10 50
10 64
11 12
11 13
11 14
11 15
11 16
11 17
11 18
12 27
12 28
12 29
12 30
12 31
12 32
12 33
12 34
12 35
13 56
13 19
13 30
13 52
13 20
13 32
13 22
13 55
13 64
14 65
14 56
14 84
14 113
14 30
14 75
14 22
14 42
14 118
14 82
14 119
15 29
15 36
15 57
15 74
15 37
15 116
15 48
15 119
15 117
16 65
16 113
16 74
16 125
16 21
16 76
16 100
16 53
16 23
16 48
16 97
16 44
17 29
17 32
17 91
17 53
17 42
17 71
17 92
17 119
17 64
18 51
18 114
18 90
18 124
18 104
18 118
18 48
18 115
19 102
19 84
19 57
19 62
19 33
19 109
19 107
19 40
19 110
19 111
19 112
20 28
20 79
20 57
20 74
20 60
20 121
20 67
20 109
20 86
20 34
20 87
20 123
20 23
20 89
20 112
20 117
21 113
21 103
21 107
21 53
21 48
21 83
21 50
22 51
22 73
22 94
22 98
22 67
22 63
22 47
22 92
23 51
23 103
23 90
23 31
23 37
23 76
23 48
24 27
24 95
24 61
24 66
24 124
24 107
24 25
24 55
25 27
25 28
25 79
25 30
25 31
25 33
25 106
25 63
25 110
25 26
25 122
26 80
26 45
26 41
26 112
26 119
26 78
27 36
27 37
27 38
27 39
27 40
27 41
27 42
27 43
27 44
28 45
28 46
28 34
28 47
28 48
28 49
28 50
29 56
29 57
29 58
29 59
29 60
29 61
29 45
29 62
29 63
29 41
29 42
29 48
29 44
29 64
30 36
30 113
30 98
30 32
30 69
30 107
30 81
30 101
30 119
30 97
30 108
31 56
31 84
31 58
31 113
31 120
31 62
31 91
31 70
31 89
32 51
32 93
32 59
32 85
32 109
32 106
32 87
32 107
32 101
32 108
32 44
33 36
33 68
33 41
34 72
34 114
34 103
34 69
34 70
34 40
34 44
35 72
35 93
35 58
35 90
35 125
35 104
35 39
35 111
35 92
35 49
35 78
36 93
36 95
36 74
36 38
36 98
36 99
36 100
36 101
37 102
37 60
37 61
37 66
37 106
37 107
37 70
37 111
37 108
37 117
38 57
38 113
38 94
38 75
38 39
38 107
38 54
38 82
38 115
38 50
38 64
39 79
39 57
39 74
39 85
39 98
39 121
39 107
39 100
39 47
39 71
40 51
40 68
40 47
40 111
40 89
40 43
40 117
41 95
41 85
41 77
41 110
41 88
41 117
41 78
41 64
41 105
42 59
42 48
43 93
43 67
43 104
43 99
43 53
43 48
43 71
43 82
44 73
44 96
44 85
44 52
44 76
44 54
44 88
44 97
44 105
45 58
45 120
45 90
45 68
45 76
45 70
45 92
45 49
45 108
45 122
46 125
46 67
46 92
46 108
46 115
47 58
47 61
47 125
47 66
47 91
47 101
47 88
47 49
47 50
48 95
48 63
48 111
49 58
49 73
49 66
49 124
49 116
49 109
49 101
49 71
49 92
50 95
50 60
50 94
50 86
50 118
50 117
51 52
51 53
51 54
51 55
52 57
52 114
52 62
52 54
52 88
52 112
52 117
53 120
53 61
53 106
53 91
53 89
54 60
54 90
54 68
54 70
54 55
55 96
55 67
55 100
55 63
55 92
55 119
55 122
56 84
56 73
56 61
56 85
56 62
56 86
56 76
56 87
56 70
56 88
56 89
57 58
57 103
57 67
57 68
57 69
57 91
57 71
57 97
57 83
57 64
58 109
58 106
58 70
58 83
59 113
59 114
59 66
59 92
59 115
59 105
60 79
60 102
60 103
60 75
60 91
60 70
60 101
60 119
60 105
61 113
61 114
61 62
61 124
61 107
61 88
62 65
62 84
62 96
62 68
62 76
62 111
63 72
63 84
63 90
63 125
63 124
63 70
63 89
64 72
64 120
64 90
64 104
64 76
64 71
64 92
65 66
65 67
65 68
65 69
65 70
65 71
66 90
66 86
66 99
66 81
66 88
66 118
66 112
67 73
67 103
67 86
68 96
68 90
68 94
68 121
68 107
68 81
68 89
68 117
68 83
69 79
69 80
69 73
69 96
69 121
69 106
69 87
70 73
70 74
70 98
70 99
70 81
70 77
70 112
70 105
71 102
71 113
71 74
71 106
71 101
71 88
72 73
72 74
72 75
72 76
72 77
72 78
73 84
73 116
73 106
73 101
73 92
73 119
74 124
74 104
75 95
75 96
75 85
75 121
75 86
75 111
75 89
75 112
75 117
75 115
76 94
76 98
76 112
77 113
77 104
78 98
78 87
78 91
78 100
78 82
78 115
79 80
79 81
79 82
79 83
80 90
80 91
80 92
81 103
81 125
81 98
81 91
81 122
82 95
82 102
82 99
82 110
82 88
83 90
83 116
83 86
83 92
83 122
84 95
84 106
84 107
84 89
84 92
84 108
85 120
85 125
85 121
85 91
85 101
85 92
85 119
86 114
86 92
87 93
87 120
87 100
87 97
88 105
89 104
89 99
89 97
90 96
90 117
91 120
91 94
91 104
92 96
92 94
92 121
92 107
93 94
94 114
94 119
94 122
95 96
95 97
96 120
96 112
96 117
96 105
97 102
97 116
98 104
98 119
98 108
98 122
99 125
99 124
99 116
100 103
100 109
100 107
101 113
101 111
102 103
102 104
102 105
103 107
104 110
105 113
106 124
106 119
107 113
107 119
108 121
109 113
109 115
109 122
110 113
110 120
110 115
110 122
111 113
111 116
111 115
113 116
113 117
114 123
116 117
117 125
119 123
121 125
