0 1
0 2
0 3
0 4
0 5
0 6
0 7
0 8
0 9
0 10
0 11
0 12
0 13
0 14
0 15
1 68
1 62
1 80
1 81
1 27
1 50
1 82
1 83
1 30
1 71
1 22
1 84
1 39
2 61
2 20
2 48
2 93
2 85
2 36
2 89
2 101
2 75
2 95
2 102
2 84
2 58
2 100
3 68
3 21
3 34
3 53
3 103
3 7
3 8
3 102
3 84
3 58
3 99
3 42
3 79
3 15
4 47
4 103
4 109
4 86
4 77
4 13
4 99
5 92
5 34
5 25
5 107
5 48
5 80
5 113
5 27
5 9
5 70
5 51
5 60
6 33
6 44
6 18
6 20
6 103
6 118
6 63
6 7
6 22
6 15
6 60
6 23
7 74
7 55
7 112
7 83
7 76
7 65
7 66
7 67
7 124
7 31
8 17
8 18
8 46
8 73
8 107
8 54
8 108
8 89
8 81
8 50
8 56
8 57
8 115
8 64
8 94
8 76
8 122
8 22
8 100
9 45
9 93
9 95
9 90
9 91
9 102
9 78
9 60
9 116
10 20
10 68
10 62
10 120
10 125
10 110
10 95
10 70
10 91
10 40
11 45
11 48
11 97
11 87
11 39
11 40
11 43
12 18
12 34
12 35
12 101
12 64
12 70
12 119
12 77
12 66
12 124
12 22
12 13
12 99
12 123
12 79
12 15
12 32
13 61
13 68
13 34
13 106
13 73
13 47
13 85
13 125
13 94
13 29
14 92
14 53
14 107
14 35
14 114
14 57
14 94
14 70
14 30
14 51
14 22
14 23
14 43
15 16
15 44
15 20
15 54
15 104
15 82
15 76
15 71
15 67
15 124
15 40
15 60
16 17
16 18
16 19
16 20
16 21
16 22
16 23
16 24
17 25
17 26
17 27
17 28
17 29
17 30
17 31
17 32
18 68
18 34
18 53
18 62
18 69
18 70
18 71
18 43
19 72
19 73
19 74
19 49
19 75
19 76
19 77
19 30
19 78
19 79
20 72
20 73
20 47
20 85
20 55
20 81
20 86
20 77
20 78
20 87
20 84
20 39
21 106
21 53
21 107
21 108
21 85
21 109
21 110
21 95
21 91
21 87
21 60
21 32
21 23
21 100
22 25
22 109
22 114
22 27
22 98
22 64
22 70
22 29
22 124
22 102
22 40
22 32
23 47
23 35
23 74
23 49
23 98
23 105
23 65
23 71
23 78
23 59
23 43
24 61
24 46
24 93
24 120
24 110
24 70
24 58
25 46
25 111
25 89
25 110
25 75
25 37
25 38
25 77
25 90
25 30
25 97
26 90
26 29
26 30
26 97
26 78
26 40
26 41
26 79
27 46
27 110
27 70
27 116
28 46
28 73
28 62
28 101
28 29
28 30
28 116
28 100
29 54
29 93
29 74
29 101
29 104
29 78
29 87
29 43
29 52
29 100
30 45
30 72
30 47
30 111
30 104
30 119
30 117
30 124
30 32
30 43
31 113
31 114
31 110
31 57
31 115
31 70
31 91
31 117
31 59
31 60
32 108
32 47
32 48
32 35
32 55
32 104
32 63
32 71
32 102
32 58
32 59
33 34
33 35
33 36
33 37
33 38
33 39
33 40
33 41
33 42
33 43
34 46
34 62
34 111
34 74
34 69
34 81
34 110
34 43
34 52
35 108
35 48
35 111
35 50
35 57
35 65
35 97
35 43
36 96
36 62
36 47
36 93
36 121
36 88
36 105
36 65
36 117
36 123
36 42
37 96
37 47
37 80
37 55
37 101
37 114
37 77
37 66
37 99
37 59
37 43
38 113
38 109
38 71
38 87
39 89
39 94
39 119
39 77
39 65
39 66
39 117
39 124
39 84
39 41
39 42
39 43
40 61
40 74
40 101
40 77
40 90
40 51
40 52
41 107
41 62
41 101
41 83
41 99
41 43
42 73
42 85
42 89
42 109
42 86
42 115
42 70
42 117
43 68
43 54
43 89
43 55
43 81
43 82
43 122
43 99
43 79
43 52
44 45
44 46
44 47
44 48
44 49
44 50
44 51
44 52
45 53
45 54
45 55
45 56
45 57
45 58
45 59
45 60
46 73
46 80
46 103
46 104
46 105
47 61
47 113
47 74
47 90
47 97
47 60
48 61
48 62
48 80
48 74
48 120
48 98
48 115
48 64
48 51
48 99
49 57
49 70
49 76
49 97
49 84
49 59
49 79
49 60
49 116
50 92
50 68
50 80
50 103
50 109
50 110
50 82
51 92
51 85
51 109
51 55
51 101
51 118
51 94
51 91
51 60
51 100
52 88
52 120
52 94
52 58
53 92
53 113
53 69
53 104
53 98
53 77
53 78
54 72
54 73
54 94
54 66
54 117
54 87
54 99
55 72
55 92
55 98
55 83
55 66
55 87
55 123
55 79
56 80
56 93
56 89
56 119
56 58
56 79
57 73
57 107
57 108
57 112
57 71
57 102
57 78
58 88
58 124
58 123
59 107
59 62
59 111
59 104
59 63
59 94
60 72
60 121
60 88
60 81
60 76
60 124
61 62
61 63
61 64
61 65
61 66
61 67
62 93
62 118
62 64
62 95
62 76
62 97
62 71
63 120
63 101
63 69
63 70
63 90
63 91
63 87
63 123
64 113
64 114
64 94
64 119
64 91
64 71
64 122
64 84
65 68
65 83
65 77
65 91
65 99
66 108
66 85
66 121
66 110
66 75
66 105
66 94
66 99
66 79
67 108
67 103
67 88
67 118
67 125
67 84
68 72
68 85
68 98
68 78
68 99
68 79
68 100
69 114
69 125
69 82
69 94
69 70
69 91
69 116
70 102
70 99
71 106
71 80
71 85
71 89
71 109
71 112
72 88
72 89
72 74
72 81
72 90
72 91
73 106
73 107
73 83
74 125
74 117
74 102
75 109
75 120
75 118
75 125
75 91
76 121
76 91
77 108
77 109
77 114
77 110
77 82
77 90
77 91
77 99
78 89
78 101
79 115
80 89
80 118
80 115
80 119
80 97
81 112
82 103
82 111
82 109
82 101
82 110
82 94
82 99
83 92
83 93
83 85
83 122
84 96
84 106
84 111
84 88
84 110
84 117
84 87
85 92
85 121
86 89
86 120
86 101
86 125
86 90
86 99
87 114
87 118
87 97
87 102
88 108
88 103
88 89
88 109
88 122
89 107
89 103
89 90
89 124
90 96
90 109
90 120
90 114
90 105
90 119
91 103
91 121
91 111
91 112
91 105
91 100
92 93
92 94
92 95
93 101
93 100
94 103
94 101
94 114
95 99
96 97
97 112
97 118
97 104
97 98
98 112
98 100
99 120
99 118
99 124
100 107
100 121
100 111
100 119
101 122
103 108
103 118
104 107
104 110
105 107
105 121
105 120
105 115
106 112
107 114
107 110
107 115
107 116
108 119
109 115
111 113
111 115
111 122
112 118
112 124
113 121
113 114
113 124
113 123
114 122
115 121
116 124
119 120
120 121
120 124
120 123
121 122
122 123
