0 1
0 2
0 3
0 4
0 5
0 6
0 7
0 8
0 9
1 14
1 26
1 100
1 101
1 88
1 102
1 103
1 95
1 7
1 19
1 66
1 38
1 74
2 112
2 24
2 101
2 15
2 5
2 65
2 17
3 39
3 12
3 43
3 79
3 45
3 64
3 46
3 15
3 123
3 102
3 17
3 121
4 42
4 59
4 43
4 101
4 71
4 45
4 122
4 28
4 87
4 88
4 116
4 103
4 66
4 50
5 12
5 115
5 14
5 101
5 118
5 123
5 102
5 107
6 75
6 41
6 84
6 12
6 13
6 64
6 88
6 73
6 96
6 83
6 50
6 20
7 33
7 75
7 11
7 54
7 13
7 14
7 110
7 122
7 46
7 125
7 123
7 37
7 96
7 92
7 74
8 32
8 13
8 14
8 109
8 26
8 101
8 72
8 48
8 92
8 114
8 57
9 35
9 89
9 76
9 60
9 80
9 61
9 27
9 86
9 118
9 30
9 98
9 113
9 103
9 49
9 117
9 99
10 11
10 12
10 13
10 14
10 15
10 16
10 17
10 18
10 19
10 20
10 21
11 84
11 93
11 76
11 77
11 60
11 80
11 86
11 37
11 94
11 95
11 96
11 17
11 92
11 66
11 21
12 32
12 41
12 84
12 24
12 62
12 81
12 105
12 106
12 73
12 18
12 52
12 120
13 112
13 60
13 36
13 100
13 44
13 110
13 45
13 114
13 99
14 93
14 79
14 44
14 86
14 67
15 39
15 62
15 122
15 105
15 29
15 30
15 90
15 103
15 49
15 21
16 40
16 59
16 35
16 109
16 118
16 105
16 29
16 30
16 47
16 108
16 49
16 66
16 114
16 99
16 21
17 23
17 61
17 55
17 90
17 49
17 50
17 117
17 120
18 84
18 78
18 109
18 100
18 61
18 71
18 73
19 39
19 41
19 36
19 30
19 48
19 114
19 51
19 58
20 84
20 93
20 60
20 109
20 26
20 100
20 101
20 45
20 28
20 65
20 98
20 107
20 96
20 49
20 38
20 74
21 42
21 76
21 124
21 104
21 61
21 82
21 113
22 23
22 24
22 25
22 26
22 27
22 28
22 29
22 30
22 31
23 93
23 24
23 77
23 97
23 101
23 104
23 81
23 37
23 98
23 90
23 107
23 56
23 38
23 74
24 40
24 75
24 35
24 43
24 122
24 65
24 102
24 31
24 83
25 33
25 41
25 68
25 69
25 100
25 104
25 46
25 65
25 103
25 56
25 57
25 51
25 58
26 84
26 36
26 80
26 71
26 62
26 27
26 63
26 105
26 125
26 90
26 119
26 117
27 33
27 93
27 69
27 100
27 110
27 28
27 63
27 87
27 119
27 83
27 57
28 53
28 40
28 85
28 77
28 124
28 70
28 65
28 82
28 103
29 75
29 41
29 35
29 115
29 55
29 57
29 99
30 33
30 53
30 43
30 36
30 100
30 101
30 104
30 110
30 116
30 102
30 111
30 31
30 74
31 78
31 79
31 61
31 37
31 106
31 91
31 108
31 119
31 117
31 120
32 33
32 34
32 35
32 36
32 37
32 38
33 39
33 40
33 41
33 42
33 43
33 44
33 45
33 46
33 47
33 48
33 49
33 50
33 51
33 52
34 85
34 97
34 71
34 88
34 98
34 73
34 57
34 99
35 53
35 112
35 76
35 60
35 47
35 102
35 113
35 49
35 56
35 114
36 39
36 97
36 100
36 104
36 122
36 81
36 105
36 125
36 87
36 116
36 56
36 117
36 99
36 121
36 120
36 74
37 53
37 40
37 101
37 62
37 87
37 82
37 113
37 108
37 49
37 117
37 52
38 53
38 54
38 112
38 76
38 79
38 81
38 73
38 108
39 42
39 59
39 60
39 61
39 62
39 63
39 64
39 65
39 66
39 67
40 68
40 69
40 70
40 71
40 45
40 72
40 48
40 73
40 51
40 74
41 84
41 76
41 85
41 86
41 87
41 88
41 57
41 51
42 89
42 43
42 44
42 63
42 87
42 90
42 48
42 73
42 91
42 92
42 74
42 58
43 124
43 122
43 82
43 108
44 115
44 122
44 88
44 82
44 102
44 103
44 56
44 121
44 51
44 58
45 75
45 106
45 102
45 48
45 50
46 59
46 62
46 47
46 50
46 52
47 53
47 84
47 68
47 89
47 72
47 73
47 56
47 120
48 78
48 122
48 96
48 111
48 83
48 50
49 53
49 123
49 96
50 59
50 60
50 100
50 104
50 62
50 125
50 106
50 91
50 114
50 121
51 76
51 124
51 80
51 61
51 64
51 92
51 56
51 114
51 120
52 63
52 125
52 102
52 117
52 74
52 58
53 54
53 55
53 56
53 57
53 58
54 75
54 115
54 85
54 100
54 104
54 88
54 116
54 73
54 108
54 56
54 117
54 74
55 77
55 82
55 90
55 73
55 119
55 66
55 99
55 120
56 60
56 92
56 114
56 74
57 97
57 90
57 91
57 66
57 117
57 67
58 84
58 103
58 99
59 76
59 60
59 109
59 70
59 110
59 81
59 86
59 94
59 92
59 111
60 68
60 77
60 100
60 101
60 125
60 66
60 74
61 84
61 89
61 79
61 104
61 62
61 81
61 106
61 116
61 92
62 84
62 68
62 89
62 76
62 110
62 122
62 72
62 88
62 107
63 68
63 77
63 88
63 82
63 113
63 119
64 76
64 85
64 79
64 81
64 105
64 90
64 113
64 67
65 115
65 109
65 104
65 122
65 123
65 107
65 120
66 75
66 89
66 78
66 70
66 81
66 107
66 83
66 121
67 84
67 101
67 71
67 125
67 96
67 120
68 71
68 90
68 73
68 121
69 81
69 90
69 91
69 108
69 83
69 99
70 84
70 80
70 105
70 90
70 73
71 93
71 122
71 86
71 88
71 107
71 119
71 83
72 125
72 73
72 121
73 75
73 79
73 122
73 87
73 82
73 90
73 121
74 124
74 99
75 76
75 77
75 78
75 79
75 80
75 81
75 82
75 83
76 79
76 88
76 116
76 103
76 95
76 119
77 100
77 123
77 96
77 83
78 79
78 92
79 115
79 110
79 125
79 123
79 96
79 111
79 121
80 93
80 85
80 122
80 94
80 103
81 113
81 103
81 121
82 93
82 109
82 122
82 87
82 107
82 111
82 114
83 105
83 90
83 113
83 114
83 117
83 120
84 104
84 105
84 106
84 87
84 98
84 107
84 108
85 93
85 110
85 94
85 111
86 125
86 103
86 99
87 112
87 94
87 91
87 117
88 115
88 113
89 106
89 113
89 111
89 99
89 120
90 93
90 122
90 125
90 95
90 107
90 99
90 121
91 93
91 112
91 115
91 124
91 100
92 115
92 95
93 118
93 105
93 106
93 98
93 119
93 99
94 120
95 111
97 125
97 116
98 115
98 121
99 109
99 118
100 115
100 118
100 105
100 123
100 119
100 117
101 112
101 106
101 119
101 117
102 105
102 113
102 103
102 108
102 117
102 121
103 106
103 116
103 120
104 108
104 119
104 120
105 115
105 113
105 111
105 120
106 110
106 111
106 114
107 112
107 115
107 108
108 110
109 112
109 119
110 124
111 112
112 118
113 125
113 123
116 119
117 124
117 119
