0 1
0 2
0 3
0 4
0 5
0 6
0 7
0 8
0 9
0 10
0 11
0 12
1 44
1 2
1 53
1 35
1 68
1 25
1 12
1 94
1 118
1 78
2 98
2 102
2 103
2 18
2 117
2 105
3 27
3 79
3 44
3 75
3 52
3 81
3 76
3 18
3 7
3 58
3 122
3 60
3 49
3 62
4 14
4 29
4 21
4 46
4 120
4 24
4 62
4 26
5 64
5 119
5 75
5 18
5 35
5 84
5 60
5 106
5 116
6 15
6 123
6 75
6 52
6 76
6 19
6 66
6 46
6 59
6 106
6 107
6 62
6 12
6 94
6 26
7 13
7 111
7 90
7 83
7 92
7 39
7 78
8 40
8 110
8 74
8 103
8 55
8 46
8 124
8 77
8 59
8 10
8 105
8 24
9 13
9 108
9 88
9 87
9 102
9 52
9 112
9 103
9 19
9 83
9 35
9 36
9 84
9 59
9 49
9 24
9 62
9 94
9 118
10 109
10 51
10 81
10 54
10 103
10 20
10 46
10 36
10 59
10 105
10 48
10 49
10 86
11 87
11 75
11 54
11 57
11 46
11 96
11 59
11 62
11 63
12 73
12 110
12 80
12 121
12 104
12 48
12 63
13 14
13 15
13 16
13 17
13 18
13 19
13 20
13 21
13 22
13 23
13 24
13 25
13 26
14 79
14 88
14 89
14 90
14 91
14 85
14 92
14 93
14 94
15 40
15 43
15 50
15 110
15 111
15 70
15 112
15 20
15 113
15 47
15 23
15 100
15 38
15 39
16 79
16 43
16 89
16 110
16 109
16 99
16 53
16 121
16 76
16 19
16 56
16 21
16 113
16 58
16 22
16 92
16 106
16 78
17 73
17 31
17 111
17 109
17 74
17 45
17 55
17 58
17 39
18 27
18 98
18 64
18 99
18 54
18 57
18 37
18 97
18 93
19 41
19 50
19 75
19 121
19 33
19 56
19 58
19 37
19 117
19 92
19 107
19 93
19 94
20 111
20 103
20 90
20 58
20 77
20 92
20 107
21 73
21 98
21 31
21 111
21 75
21 96
21 23
21 71
21 72
22 73
22 31
22 99
22 70
22 55
22 104
22 36
22 115
22 37
22 60
22 25
23 43
23 87
23 35
23 105
23 39
24 42
24 29
24 64
24 88
24 89
24 48
24 69
25 29
25 50
25 89
25 65
25 109
25 82
25 90
25 124
25 85
25 71
25 105
25 69
25 116
26 79
26 29
26 101
26 50
26 54
26 55
26 37
26 72
27 28
27 29
27 30
27 31
27 32
27 33
27 34
27 35
27 36
27 37
27 38
27 39
28 40
28 31
28 70
28 33
28 57
28 71
28 39
28 72
29 43
29 95
29 64
29 51
29 52
29 96
29 97
29 62
30 102
30 76
30 45
30 82
30 34
30 37
30 59
30 60
30 39
30 118
30 63
31 95
31 50
31 65
31 74
31 99
31 32
31 76
31 82
31 46
31 97
31 59
31 60
32 42
32 88
32 123
32 33
32 55
32 67
32 37
32 92
32 38
33 44
33 51
33 113
33 35
33 124
33 36
33 37
33 105
33 106
34 88
34 87
34 112
34 55
34 56
34 113
34 58
34 36
34 38
34 107
34 62
34 125
35 73
35 66
35 104
35 67
35 117
35 85
35 92
35 93
35 86
36 44
36 101
36 89
36 112
36 55
36 57
36 124
36 77
36 117
36 100
36 116
36 125
37 44
37 53
37 45
37 66
37 84
37 97
37 60
37 68
38 41
38 64
38 65
38 81
38 122
38 105
39 41
39 79
39 95
39 64
39 110
39 74
39 70
39 82
39 47
39 115
39 105
39 49
40 41
40 42
40 43
40 44
40 45
40 46
40 47
40 48
40 49
41 42
41 50
41 51
41 52
41 53
41 54
41 55
41 56
41 57
41 58
41 47
41 59
41 60
41 61
41 62
41 63
42 44
42 64
42 65
42 55
42 66
42 67
42 68
42 69
43 73
43 87
43 81
43 46
43 47
43 60
44 98
44 99
44 82
44 84
44 100
44 72
45 101
45 99
45 70
45 55
45 56
45 120
45 100
45 92
45 107
45 93
45 69
46 114
46 110
46 75
46 53
46 55
46 57
46 91
46 100
46 49
46 86
47 73
47 108
47 50
47 80
47 53
47 92
47 107
47 86
48 65
48 103
48 84
48 97
48 105
48 94
49 114
49 57
49 67
49 84
49 105
49 93
49 61
50 114
50 95
50 88
50 112
50 68
50 94
50 118
50 63
51 89
51 102
51 99
51 54
51 121
51 76
51 82
51 90
51 83
51 57
51 85
51 71
51 93
51 116
52 98
52 110
52 80
52 109
52 75
52 99
52 112
52 86
52 63
53 101
53 64
53 115
53 60
54 89
54 87
54 123
54 75
54 66
54 84
55 65
55 74
55 75
55 76
55 84
55 115
55 105
55 107
56 119
56 76
56 124
56 115
57 64
57 102
57 80
57 70
57 81
57 76
57 82
57 96
57 115
57 117
57 59
57 106
57 78
58 79
58 89
58 99
58 103
58 85
58 105
58 62
59 79
59 99
59 83
59 104
59 122
59 77
59 61
59 118
60 88
60 89
60 99
60 121
60 104
60 100
60 107
60 116
61 79
61 103
61 121
61 62
61 86
61 125
62 119
62 110
62 111
62 83
62 106
62 69
63 108
63 90
63 84
63 100
63 68
63 107
63 72
64 73
64 101
64 110
64 70
64 96
64 67
64 115
64 85
64 72
65 101
65 124
65 69
66 114
66 80
66 67
66 93
66 69
67 108
67 119
67 81
67 82
67 115
67 116
68 79
68 114
68 109
68 99
68 70
68 83
68 124
68 85
68 100
68 93
68 125
69 114
69 119
69 76
69 120
69 115
69 77
69 92
69 94
70 108
70 102
70 120
70 78
71 114
71 119
71 74
71 124
72 102
72 103
72 77
73 74
73 75
73 76
73 77
73 78
74 99
74 92
75 76
75 100
75 92
75 94
76 114
76 87
76 102
76 90
76 113
76 115
76 106
77 119
77 89
77 80
77 116
78 83
78 104
78 115
78 97
78 86
79 80
79 81
79 82
79 83
79 84
79 85
79 86
80 119
80 112
80 122
80 92
80 106
81 112
81 113
82 109
82 83
82 115
82 106
82 116
83 88
83 112
83 103
83 121
83 122
84 89
84 102
84 121
84 113
84 124
84 85
84 106
84 86
85 108
85 114
85 123
85 112
85 103
85 91
85 97
86 119
87 95
87 110
87 121
87 90
87 93
87 116
88 89
88 112
88 106
89 120
89 97
89 106
89 107
90 108
90 95
90 117
90 97
90 116
91 111
91 99
91 121
91 124
91 100
91 107
92 112
92 122
92 106
93 95
93 94
94 105
95 102
95 111
95 115
95 117
96 113
96 100
97 101
97 118
97 125
99 105
99 107
99 116
100 102
101 102
101 103
101 104
101 105
101 106
101 107
102 104
103 114
103 119
103 124
105 120
105 124
108 109
110 113
110 117
110 118
111 114
114 115
114 116
116 123
116 118
117 123
118 124
