0 1
0 2
0 3
0 4
0 5
0 6
0 7
0 8
0 9
0 10
0 11
0 12
0 13
0 14
0 15
0 16
0 17
0 18
0 19
0 20
0 21
0 22
1 23
1 38
1 57
1 58
1 81
1 82
1 83
1 73
1 84
1 45
1 85
1 16
1 70
1 86
1 51
1 21
1 87
1 52
2 88
2 89
2 90
2 91
2 92
2 93
2 94
2 49
2 95
2 96
2 97
2 34
3 108
3 72
3 115
3 91
3 10
3 45
3 46
3 86
4 24
4 38
4 6
4 9
4 121
4 11
4 84
4 94
4 68
4 16
4 100
5 56
5 78
5 71
5 88
5 116
5 82
5 8
5 59
5 26
5 12
5 84
5 99
5 17
5 52
6 35
6 72
6 79
6 66
6 121
6 27
6 29
6 67
6 99
6 101
6 17
6 114
6 32
6 96
6 100
6 34
7 122
7 42
7 66
7 115
7 43
7 107
7 73
7 28
7 104
7 74
7 75
7 20
8 36
8 38
8 105
8 43
8 10
8 62
8 14
8 74
8 93
8 16
9 55
9 78
9 105
9 64
9 79
9 90
9 67
9 47
9 30
9 31
9 52
10 55
10 24
10 78
10 123
10 82
10 109
10 26
10 120
10 45
10 47
10 31
10 16
10 86
10 32
11 24
11 56
11 82
11 66
11 59
11 80
11 14
11 30
11 114
11 50
11 33
11 87
12 56
12 71
12 64
12 29
12 30
12 51
12 96
13 118
13 82
13 90
13 110
13 120
13 47
13 30
13 113
13 85
13 48
13 49
13 100
13 22
14 39
14 64
14 106
14 115
14 84
14 29
14 104
14 47
14 93
14 69
14 49
14 50
14 22
14 87
14 53
15 25
15 111
15 42
15 66
15 44
15 30
15 94
15 86
15 114
15 117
16 118
16 79
16 65
16 109
16 89
16 110
16 84
16 67
16 68
16 114
16 52
17 103
17 57
17 58
17 109
17 83
17 106
17 43
17 51
17 95
17 19
17 76
17 20
17 87
17 102
18 37
18 110
18 26
18 84
18 99
18 92
18 94
18 69
18 50
18 117
19 88
19 72
19 106
19 59
19 31
19 68
19 50
19 96
19 100
19 20
19 22
19 102
20 24
20 103
20 78
20 72
20 59
20 69
20 50
20 53
21 103
21 110
21 120
21 30
21 95
21 22
21 102
22 108
22 42
22 91
22 62
22 45
22 47
22 51
22 117
22 76
22 87
22 53
23 24
23 25
23 26
23 27
23 28
23 29
23 30
23 31
23 32
23 33
23 34
24 60
24 98
24 81
24 83
24 45
24 99
24 100
25 103
25 40
25 72
25 79
25 90
25 84
25 104
25 92
25 31
25 85
25 68
25 48
26 77
26 111
26 40
26 116
26 83
26 113
26 125
26 87
26 34
26 53
27 81
27 79
27 109
27 106
27 107
27 62
27 45
27 46
27 124
27 101
27 75
27 68
27 87
27 52
27 53
28 36
28 39
28 108
28 123
28 42
28 73
28 104
28 119
28 124
28 97
28 87
28 52
29 77
29 98
29 79
29 83
29 89
29 113
29 94
29 76
29 125
29 102
30 54
30 39
30 72
30 59
30 67
30 85
30 49
31 38
31 111
31 88
31 58
31 105
31 81
31 82
31 48
32 54
32 38
32 112
32 89
32 91
32 80
32 45
32 75
32 70
33 54
33 111
33 40
33 58
33 62
33 44
33 74
33 75
33 113
34 105
34 41
34 81
34 115
34 80
34 107
34 74
34 75
34 97
34 100
35 36
35 37
35 38
35 39
35 40
35 41
35 42
35 43
35 44
35 45
35 46
35 47
35 48
35 49
35 50
35 51
35 52
35 53
36 60
36 37
36 63
36 38
36 64
36 65
36 66
36 67
36 68
36 69
36 70
37 54
37 61
37 78
37 42
37 66
37 44
37 45
37 70
37 53
38 82
38 66
38 59
38 107
38 84
38 104
38 94
38 114
38 95
39 88
39 58
39 112
39 46
39 68
40 63
40 103
40 118
40 72
40 122
40 65
40 67
40 94
40 69
40 50
40 87
41 54
41 58
41 91
41 101
41 75
42 57
42 71
42 88
42 65
42 66
42 80
42 104
42 47
43 103
43 118
43 71
43 106
43 59
43 92
43 48
43 86
44 54
44 55
44 78
44 65
44 115
44 104
44 99
44 93
44 94
44 85
44 50
44 95
44 102
45 104
45 70
45 117
45 102
45 53
46 60
46 103
46 65
46 106
46 68
46 114
47 54
47 103
47 105
47 65
47 82
47 66
47 90
47 93
47 48
47 95
47 100
48 55
48 81
48 83
48 59
48 80
48 84
48 86
48 51
48 76
49 60
49 79
49 109
49 66
49 93
50 54
50 61
50 103
50 78
50 123
50 83
50 90
50 91
50 74
50 113
50 86
50 100
50 87
51 118
51 81
51 93
51 117
52 55
52 56
52 122
52 79
52 83
52 110
52 120
52 85
52 125
53 118
53 88
53 115
53 92
54 55
54 56
54 57
54 58
54 59
55 61
55 57
55 71
55 72
55 66
55 73
55 74
55 75
55 76
56 61
56 105
56 83
56 106
56 107
56 75
56 76
57 88
57 106
57 120
57 68
57 86
58 63
58 78
58 112
58 121
58 104
58 68
58 96
59 77
59 63
59 108
59 112
59 119
60 61
60 62
61 77
61 83
61 66
61 90
61 99
61 101
61 94
61 68
61 102
62 122
62 83
62 91
62 94
62 86
62 100
63 103
63 108
63 65
63 109
63 106
63 110
64 103
64 84
65 108
65 81
65 70
66 82
66 80
66 67
66 124
66 69
67 122
67 74
67 69
67 97
68 71
68 107
68 110
68 73
68 75
68 85
68 95
69 108
69 87
70 103
70 78
70 79
70 90
70 95
71 78
72 88
72 91
72 75
72 76
73 88
73 82
73 121
73 94
73 117
74 103
74 78
74 98
74 122
74 121
74 93
74 114
75 103
75 111
75 98
75 90
75 110
75 84
75 104
75 96
75 76
75 100
76 103
76 116
76 98
76 82
76 109
76 124
76 86
77 78
77 79
77 80
78 111
78 115
79 116
79 123
79 112
79 83
79 107
79 110
79 124
79 113
79 100
80 108
80 116
80 82
80 95
80 96
80 97
81 88
81 105
81 109
81 101
81 113
82 118
82 88
82 90
82 107
82 99
82 92
82 93
82 125
82 100
83 116
83 107
83 120
83 84
83 92
84 122
84 99
84 97
85 123
85 121
85 93
85 101
85 125
86 98
86 105
86 101
86 117
86 96
87 98
87 110
87 104
87 92
87 124
87 93
87 101
89 98
89 109
89 93
89 125
90 108
90 95
91 101
91 100
92 111
92 118
92 116
92 98
92 105
92 95
93 115
93 125
94 121
94 107
94 113
94 97
95 121
95 119
95 96
95 97
96 118
96 116
96 98
96 112
96 104
96 113
96 114
96 97
97 114
97 117
98 122
98 109
98 99
98 119
99 108
100 110
100 117
101 113
102 108
102 116
102 107
102 114
103 111
103 112
103 109
103 113
104 123
104 112
104 120
104 124
105 123
106 108
106 123
106 122
106 109
106 107
107 109
108 110
109 111
109 124
110 122
110 112
110 119
110 124
111 116
111 117
112 118
113 116
113 121
116 122
118 119
