0 1
0 2
0 3
0 4
0 5
0 6
0 7
0 8
0 9
0 10
0 11
0 12
0 13
0 14
0 15
0 16
0 17
1 18
1 50
1 95
1 45
1 67
1 56
1 61
1 8
1 21
1 9
1 70
1 12
1 77
1 16
1 32
2 60
2 98
2 4
2 103
2 104
2 39
2 90
3 25
3 26
3 98
3 115
3 110
3 4
3 63
3 116
3 29
3 101
3 11
3 120
3 51
3 108
3 12
3 118
3 41
4 19
4 106
4 38
4 113
4 99
4 116
4 73
4 21
4 30
4 59
4 22
4 108
4 12
4 121
4 41
4 82
5 33
5 19
5 110
5 37
5 10
5 89
5 91
5 97
5 66
5 40
5 92
6 26
6 36
6 106
6 63
6 20
6 88
6 11
6 91
6 102
6 52
6 114
6 77
6 72
6 24
7 44
7 105
7 55
7 56
7 57
7 46
7 107
7 124
7 59
7 22
7 53
7 32
8 115
8 55
8 56
8 57
8 111
8 75
8 29
8 90
8 102
8 97
8 51
8 15
8 24
8 53
9 25
9 54
9 35
9 36
9 85
9 103
9 102
9 51
9 112
9 66
9 83
10 35
10 67
10 75
10 47
10 29
10 30
10 59
10 123
10 108
10 14
10 40
10 121
10 41
10 16
11 18
11 27
11 19
11 110
11 104
11 101
11 80
11 32
11 94
12 25
12 26
12 98
12 84
12 87
12 103
12 117
12 64
12 59
12 102
12 120
12 70
12 118
12 66
12 41
12 82
12 94
13 43
13 115
13 106
13 68
13 125
13 124
13 65
13 51
13 16
13 17
14 25
14 35
14 63
14 120
14 108
14 112
14 66
14 31
14 83
15 34
15 78
15 98
15 115
15 74
15 76
15 59
15 91
15 51
15 118
15 53
15 83
16 36
16 99
16 125
16 73
16 101
16 59
16 119
16 114
16 66
16 31
16 83
17 105
17 19
17 103
17 111
17 96
17 102
18 19
18 20
18 21
18 22
18 23
18 24
19 110
19 103
19 111
19 20
19 116
19 75
19 117
19 90
19 102
19 51
19 49
19 71
19 66
20 69
20 94
21 25
21 60
21 78
21 84
21 45
21 37
21 62
21 125
21 116
21 89
21 101
21 102
21 114
21 77
21 118
21 53
22 98
22 96
22 114
22 72
22 93
22 42
23 98
23 79
23 84
23 111
23 47
23 51
23 72
23 81
23 94
24 110
24 55
24 28
24 116
24 120
24 100
24 52
24 71
24 66
24 72
24 82
24 32
24 94
25 26
25 27
25 28
25 29
25 30
25 31
25 32
26 60
26 35
26 61
26 62
26 63
26 64
26 59
26 65
26 66
26 31
27 87
27 62
27 74
27 76
27 89
27 101
27 102
27 97
27 72
27 93
28 33
28 35
28 85
28 106
28 62
28 116
28 75
28 76
28 89
28 64
28 31
29 105
29 56
29 61
29 102
29 100
29 66
29 31
30 43
30 60
30 111
30 100
31 35
31 105
31 45
31 87
31 106
31 63
31 117
31 47
31 101
31 124
31 64
31 91
31 51
31 112
31 121
32 111
32 62
32 116
32 107
32 39
32 90
33 34
33 35
33 36
33 37
33 38
33 39
33 40
33 41
33 42
34 43
34 50
34 44
34 45
34 37
34 48
34 51
34 52
34 53
35 84
35 69
35 73
35 39
35 100
35 40
35 94
36 68
36 107
36 70
36 49
36 81
36 109
37 50
37 84
37 106
37 69
37 120
37 49
37 114
37 92
37 82
37 109
37 94
38 110
38 87
38 106
38 73
38 123
38 108
38 80
38 121
38 94
39 106
39 61
39 117
39 124
39 90
39 65
39 112
39 80
39 93
39 83
40 78
40 44
40 105
40 45
40 57
40 99
40 73
40 48
40 65
40 91
40 49
40 83
41 60
41 45
41 106
41 61
41 113
41 68
41 69
41 47
41 107
41 89
41 48
41 65
41 70
42 45
42 67
42 58
42 101
42 70
42 100
42 52
42 121
43 44
43 45
43 46
43 47
43 48
43 49
44 60
44 84
44 85
44 86
44 87
44 62
44 88
44 76
44 89
44 90
44 91
44 92
44 93
44 94
45 60
45 95
45 79
45 110
45 55
45 101
45 96
45 119
46 55
46 113
46 116
46 75
46 102
46 51
46 118
46 82
47 61
47 74
47 75
47 96
47 90
47 97
47 108
47 118
47 53
48 85
48 55
48 125
48 97
48 100
48 119
49 54
49 95
49 115
49 62
49 125
49 116
49 101
49 91
49 102
49 97
49 66
49 53
50 62
50 73
50 74
50 75
50 76
50 77
51 95
51 67
51 86
51 93
51 94
52 78
52 85
52 87
52 99
52 64
52 90
52 119
52 118
53 67
53 90
53 93
53 94
54 55
54 56
54 57
54 58
54 59
55 56
55 74
55 88
55 120
56 115
56 86
56 122
56 116
56 89
56 100
56 118
56 66
56 92
57 58
57 89
57 77
57 109
58 115
58 110
58 92
58 82
59 122
59 103
59 117
59 89
59 65
59 102
59 97
59 66
59 80
60 67
60 68
60 69
60 70
60 71
60 72
61 105
61 86
61 62
61 63
61 74
61 101
61 96
61 64
61 91
61 114
61 93
61 83
62 113
62 73
62 123
62 77
63 68
63 69
63 75
63 107
63 70
63 77
63 94
64 98
64 87
64 91
64 108
64 71
64 118
64 72
65 98
65 85
65 124
65 123
65 100
65 80
65 92
66 122
66 73
66 112
66 121
66 93
66 82
67 98
67 85
67 113
67 97
67 119
67 77
67 80
68 79
68 85
68 103
68 101
68 70
68 77
68 118
68 109
69 85
69 86
69 106
69 104
69 76
69 94
70 78
70 115
70 110
70 122
70 90
70 93
71 78
71 82
72 98
72 96
72 92
73 79
73 86
73 114
73 77
74 79
74 122
74 92
74 94
75 99
75 107
75 123
75 121
75 93
75 82
76 99
76 107
76 124
77 124
78 79
78 80
78 81
78 82
78 83
79 110
79 87
79 111
79 112
80 125
80 89
80 100
80 119
81 97
81 119
81 93
81 83
81 94
82 88
82 101
82 97
83 104
83 94
84 98
84 85
84 113
84 114
85 106
85 104
85 118
86 106
86 107
86 89
86 123
86 108
87 113
87 124
87 119
88 112
88 121
89 113
89 92
89 109
90 106
90 123
91 99
91 107
91 123
91 120
91 108
91 119
92 98
92 106
92 117
92 96
92 97
92 121
93 104
94 110
94 116
95 96
95 97
96 106
96 116
96 124
96 123
96 102
96 108
97 106
98 99
98 100
99 112
100 104
100 123
101 110
102 125
102 116
102 117
103 116
104 105
104 122
105 106
105 107
105 108
105 109
106 115
107 125
108 118
109 123
110 116
113 115
118 119
124 125
