0 1
0 2
0 3
0 4
0 5
0 6
0 7
0 8
0 9
0 10
1 35
1 12
1 48
1 53
1 54
1 7
1 55
1 56
1 50
1 57
1 58
1 59
1 60
1 61
1 62
2 35
2 12
2 81
2 83
2 70
2 72
2 103
2 28
2 74
2 54
2 6
2 55
2 57
2 119
2 79
2 43
2 115
3 11
3 25
3 35
3 45
3 27
3 83
3 39
3 118
3 123
3 22
3 58
3 51
3 124
4 34
4 105
4 117
4 71
4 73
4 41
4 21
4 10
4 125
4 106
4 51
4 61
4 115
5 35
5 15
5 69
5 47
5 27
5 28
5 49
5 104
5 93
5 7
5 123
5 55
5 75
5 88
5 62
5 115
6 35
6 12
6 14
6 112
6 109
6 80
6 27
6 82
6 108
6 19
6 110
6 53
6 41
6 91
6 93
6 51
6 33
7 35
7 46
7 36
7 64
7 121
7 66
7 74
7 110
7 53
7 93
7 87
7 99
7 31
8 105
8 113
8 81
8 38
8 100
8 18
8 39
8 74
8 91
8 93
8 78
8 52
8 43
9 102
9 36
9 117
9 39
9 57
9 23
9 115
10 105
10 68
10 69
10 113
10 83
10 16
10 39
10 54
10 77
10 122
10 52
11 12
11 13
11 14
11 15
11 16
11 17
11 18
11 19
11 20
11 21
11 22
11 23
12 63
12 89
12 102
12 105
12 82
12 38
12 16
12 29
12 30
12 54
12 87
12 77
12 50
12 85
12 58
12 95
12 106
12 101
12 43
13 34
13 36
13 109
13 47
13 49
13 110
13 53
13 41
13 92
13 76
13 77
13 57
13 96
13 60
13 79
13 111
13 62
14 112
14 113
14 82
14 108
14 18
14 84
14 31
14 59
15 112
15 69
15 65
15 118
15 41
15 99
15 50
15 59
15 51
15 119
15 61
15 62
16 107
16 98
16 19
16 95
16 125
17 90
17 97
17 68
17 121
17 113
17 71
17 72
17 48
17 84
17 20
17 51
17 115
18 63
18 117
18 68
18 27
18 83
18 65
18 116
18 29
18 19
18 53
18 92
18 54
18 87
18 43
19 34
19 44
19 25
19 45
19 46
19 117
19 73
19 40
19 84
19 32
19 42
19 88
19 106
19 60
19 119
19 79
19 86
20 121
20 27
20 98
20 116
20 49
20 118
20 30
20 84
20 120
20 22
20 106
20 51
20 101
21 24
21 70
21 98
21 29
21 74
21 91
21 54
21 87
21 56
21 31
21 88
21 106
21 60
21 33
21 115
22 63
22 89
22 36
22 54
22 75
22 76
22 85
22 58
22 23
22 79
23 36
23 114
23 83
23 65
23 108
23 48
23 74
23 41
23 76
23 59
23 125
23 101
24 25
24 26
24 27
24 28
24 29
24 30
24 31
24 32
24 33
25 34
25 63
25 68
25 69
25 70
25 71
25 72
25 73
25 74
25 75
25 76
25 77
25 57
25 78
25 79
25 43
26 114
26 40
26 118
26 57
26 125
26 119
26 62
26 124
27 83
27 65
27 72
27 29
27 110
27 55
27 96
28 103
28 73
28 29
28 40
28 30
28 54
28 84
28 96
28 33
29 102
29 114
29 113
29 81
29 49
29 110
29 87
29 31
29 50
29 85
29 95
30 89
30 105
30 65
30 72
30 56
30 75
30 77
30 111
30 115
31 63
31 89
31 80
31 66
31 55
31 77
32 104
32 75
32 79
32 124
33 102
33 80
33 72
33 50
33 85
33 122
33 111
34 35
34 36
34 37
34 38
34 39
34 40
34 41
34 42
34 43
35 45
35 80
35 81
35 82
35 83
35 84
35 85
35 86
35 62
36 46
36 68
36 107
36 108
37 109
37 116
37 57
37 88
37 78
37 79
37 61
38 90
38 46
38 117
38 47
38 65
38 71
38 100
38 116
38 49
38 92
38 93
38 99
38 125
38 106
38 61
39 46
39 68
39 113
39 98
39 118
39 53
39 41
39 67
39 120
40 81
40 70
40 100
40 104
40 92
40 55
40 59
40 52
41 114
41 69
41 71
41 110
41 93
41 99
42 83
42 108
42 116
42 120
42 75
42 88
42 106
42 115
42 124
43 63
43 45
43 89
43 117
43 68
43 65
43 108
43 103
43 84
43 67
43 123
43 85
43 60
44 45
44 46
44 47
44 48
44 49
44 50
44 51
44 52
45 53
45 87
45 75
45 88
45 60
45 79
46 81
46 100
46 56
46 75
46 101
47 114
47 107
47 110
47 120
47 85
47 101
47 124
48 110
48 84
48 75
48 77
48 96
48 115
49 63
49 100
49 73
49 122
49 115
50 112
50 68
50 55
50 106
50 101
51 108
51 91
51 75
51 76
51 78
51 115
52 112
52 109
52 77
52 95
52 62
52 124
53 83
53 98
53 110
53 99
53 95
53 106
53 78
54 97
54 102
54 68
54 108
54 103
54 93
54 85
54 59
54 88
54 106
54 62
55 112
55 121
55 113
55 83
55 65
55 66
55 73
55 118
55 77
55 59
56 121
56 65
56 108
56 71
56 93
56 125
56 86
56 61
57 112
57 68
57 108
57 103
57 74
57 120
57 88
57 106
57 119
58 63
58 102
58 112
58 94
58 78
58 79
58 86
59 80
59 93
59 94
59 125
59 122
60 117
60 64
60 121
60 109
60 80
60 70
60 111
61 63
61 102
61 74
61 110
61 95
62 89
62 102
62 109
62 104
62 101
62 111
62 115
63 64
63 65
63 66
63 67
64 117
64 113
64 93
64 106
64 86
65 107
65 94
65 111
66 117
66 121
66 113
66 107
67 68
67 113
67 98
67 104
67 79
68 112
68 82
68 107
68 91
68 84
68 120
68 88
68 78
68 115
69 112
69 98
69 73
69 118
69 84
69 106
70 105
70 87
70 88
71 74
71 110
71 87
71 76
71 88
71 95
72 73
73 97
73 104
73 77
73 85
73 79
74 109
74 113
74 98
74 116
74 92
74 125
75 105
75 83
75 103
75 93
75 111
76 80
76 103
76 84
76 123
76 87
77 117
77 108
77 98
77 118
78 113
78 81
78 108
78 100
78 116
78 110
78 91
78 120
78 119
78 115
79 97
79 112
79 113
79 98
79 95
80 98
80 91
80 94
80 87
80 95
81 90
81 113
81 98
81 100
81 84
81 120
81 99
81 106
82 116
82 87
82 95
82 122
83 89
83 102
83 114
83 112
83 109
83 100
84 100
84 120
85 112
85 113
87 102
87 112
87 109
87 107
87 108
87 98
87 99
88 122
89 90
89 91
89 92
89 93
90 92
90 94
90 95
90 96
91 97
91 109
91 120
91 99
91 106
91 101
91 124
92 97
92 113
92 100
92 94
92 101
93 97
93 107
93 99
93 95
94 107
94 123
94 120
94 125
94 111
95 120
95 99
96 109
96 113
96 120
96 119
97 98
97 99
99 116
100 125
100 101
102 103
102 104
103 105
103 113
103 104
104 121
105 113
105 116
105 111
107 118
107 123
107 111
108 118
109 123
110 112
110 121
110 116
110 118
111 119
112 117
113 117
113 124
114 115
115 118
115 124
116 123
117 118
118 119
119 123
120 123
121 122
122 124
