0 1
0 2
0 3
0 4
0 5
1 20
1 45
1 81
1 84
1 23
1 93
1 85
1 99
1 2
1 86
1 115
1 107
1 51
1 27
1 79
2 46
2 38
2 84
2 8
2 89
2 105
2 82
2 3
2 59
2 90
2 60
2 51
2 32
2 33
2 108
3 36
3 81
3 102
3 47
3 93
3 24
3 66
3 68
3 13
3 14
3 4
3 28
3 119
3 123
3 34
4 55
4 7
4 84
4 85
4 25
4 67
4 107
4 42
4 87
4 78
4 109
4 123
5 55
5 102
5 38
5 24
5 105
5 57
5 76
5 111
5 77
5 113
5 42
5 31
5 33
5 44
6 7
6 8
6 9
6 10
6 11
6 12
6 13
6 14
6 15
6 16
6 17
6 18
6 19
7 89
7 105
7 48
7 12
7 67
7 100
7 101
7 32
7 78
8 84
8 10
8 56
8 66
8 13
8 111
8 30
8 61
8 17
8 32
8 19
9 35
9 54
9 22
9 56
9 70
9 78
10 36
10 102
10 11
10 12
10 99
10 112
10 73
10 42
10 101
10 27
10 63
11 46
11 38
11 22
11 93
11 75
11 82
11 12
11 67
11 115
11 90
11 77
11 92
11 108
11 63
11 44
11 123
12 71
12 106
12 29
12 15
12 125
13 64
13 22
13 82
13 48
13 99
13 104
13 76
13 73
13 30
13 33
13 27
13 18
14 65
14 103
14 25
14 99
14 26
14 59
14 40
14 77
14 41
14 101
14 60
14 122
14 120
15 71
15 23
15 67
15 68
15 124
15 106
15 94
15 30
15 107
15 70
15 87
15 80
16 54
16 102
16 22
16 121
16 103
16 104
16 39
16 73
16 41
16 27
16 122
16 43
17 93
17 103
17 30
17 95
17 92
17 42
17 51
17 108
17 43
18 64
18 55
18 84
18 23
18 47
18 83
18 115
18 41
18 50
18 32
18 28
18 119
19 89
19 42
19 101
19 78
20 21
20 22
20 23
20 24
20 25
20 26
20 27
20 28
21 26
21 29
21 30
21 31
21 32
21 33
21 34
22 102
22 24
22 82
22 48
22 29
22 101
22 87
22 53
22 109
23 64
23 75
23 89
23 103
23 49
23 99
23 104
23 26
23 110
23 111
23 112
23 73
23 90
23 91
23 113
23 101
23 60
23 62
24 71
24 64
24 102
24 82
24 67
24 118
24 104
24 86
24 94
24 92
24 50
24 96
24 78
24 74
24 28
24 80
25 54
25 81
25 102
25 38
25 49
25 99
25 26
25 110
25 91
25 31
25 60
25 62
26 36
26 68
26 39
26 106
26 94
26 91
26 60
26 33
26 114
27 71
27 55
27 84
27 82
27 121
27 67
27 124
27 40
27 31
27 60
28 54
28 72
28 56
28 110
28 40
28 41
28 91
28 87
28 114
29 93
29 56
29 67
29 39
29 59
29 73
29 95
29 41
29 78
29 62
29 53
30 45
30 54
30 46
30 105
30 103
30 58
30 92
30 113
30 78
30 52
30 43
30 123
31 45
31 102
31 72
31 47
31 56
31 103
31 68
31 99
31 124
31 73
31 63
32 55
32 102
32 47
32 75
32 116
32 83
32 118
32 106
32 69
32 61
32 97
32 122
33 36
33 65
33 120
34 93
34 67
34 86
34 111
34 40
34 94
34 125
34 51
34 62
34 63
34 43
35 36
35 37
35 38
35 39
35 40
35 41
35 42
35 43
35 44
36 54
36 55
36 56
36 57
36 58
36 59
36 40
36 60
36 61
36 62
36 63
37 64
37 65
37 66
37 67
37 68
37 69
37 70
38 98
38 47
38 103
38 104
38 92
39 118
39 111
39 112
39 77
39 92
39 107
39 61
39 79
39 53
39 123
40 72
40 47
40 67
40 76
40 59
40 50
40 44
41 71
41 81
41 68
41 76
41 117
41 77
41 91
41 107
41 113
41 42
41 74
42 45
42 56
42 103
42 100
42 90
42 51
42 87
42 108
42 52
42 79
43 88
43 46
43 49
43 83
43 68
43 124
43 59
43 110
43 115
43 97
44 105
44 66
44 110
44 91
44 125
44 70
45 46
45 47
45 48
45 49
45 50
45 51
45 52
45 53
46 93
46 75
46 56
46 103
46 49
46 58
46 73
46 90
46 92
47 93
47 48
47 86
47 51
47 79
47 114
48 54
48 72
48 89
48 68
48 57
48 107
48 50
48 125
49 71
49 84
49 65
49 68
49 57
49 76
49 77
49 79
49 114
50 64
50 102
50 72
50 65
50 67
50 104
50 57
50 110
50 73
50 113
50 78
50 114
51 72
51 82
51 121
51 66
51 124
51 106
51 73
51 94
51 92
51 79
52 102
52 75
52 99
52 90
52 113
52 101
52 79
52 119
53 68
53 113
53 101
53 63
53 123
54 75
54 57
54 76
54 77
54 78
54 79
54 80
55 88
55 89
55 83
55 90
55 91
55 92
55 70
55 80
56 71
56 89
56 121
56 66
56 106
56 61
56 108
57 72
57 113
57 96
58 124
58 106
58 111
58 87
59 88
59 115
59 91
59 108
59 122
59 119
60 71
60 65
60 121
60 103
60 116
60 111
60 87
60 120
60 80
60 119
61 64
61 105
61 103
61 70
62 71
62 76
62 69
62 63
63 81
63 116
63 68
63 106
63 95
63 78
63 120
64 84
64 85
64 86
64 87
65 81
65 88
65 72
65 105
65 90
65 96
65 74
66 105
66 103
66 67
66 78
66 108
67 81
67 98
67 83
67 108
67 97
68 88
68 102
68 103
68 122
69 102
69 89
69 82
69 86
69 112
69 97
69 120
69 119
69 123
70 104
70 111
70 113
70 109
71 72
71 73
71 74
72 106
72 107
72 79
73 103
73 118
73 124
73 120
74 85
74 76
74 101
74 79
75 83
75 111
75 117
75 91
75 107
75 78
75 79
75 109
75 119
76 116
77 89
77 124
77 86
77 122
78 82
78 91
79 82
79 99
79 110
79 115
79 112
79 113
79 101
80 84
80 104
80 117
80 123
81 82
81 83
82 83
82 110
82 109
82 120
83 93
83 85
83 104
83 114
83 123
84 93
84 86
84 100
84 92
84 108
85 88
85 110
85 86
85 100
85 92
86 121
86 116
86 120
86 123
87 99
87 112
87 125
87 109
88 93
88 94
88 95
88 96
88 97
89 112
89 107
90 102
90 121
90 106
90 91
90 108
90 119
91 100
91 96
91 122
91 119
92 98
92 105
92 121
92 116
92 110
92 111
93 116
93 115
93 117
94 125
94 101
94 96
95 115
95 109
96 104
97 102
97 111
97 112
98 99
98 100
98 101
99 112
99 107
99 108
99 120
99 119
100 116
101 116
101 111
101 120
101 114
103 124
103 107
103 122
104 118
105 106
105 115
105 112
106 125
107 122
107 120
109 118
109 112
109 123
110 118
110 120
110 114
112 116
113 118
113 122
115 119
119 123
121 122
121 123
