0 1
0 2
0 3
0 4
0 5
0 6
0 7
0 8
1 68
1 88
1 93
1 99
1 125
1 65
1 120
1 112
1 50
1 15
1 43
1 45
1 83
1 96
1 6
2 68
2 12
2 25
2 73
2 100
2 101
2 66
2 58
2 124
2 67
2 29
2 19
2 87
2 36
3 10
3 88
3 72
3 111
3 74
3 57
3 50
3 108
3 60
3 44
3 45
3 83
3 96
3 19
4 116
4 98
4 73
4 76
4 119
4 14
4 16
4 6
4 7
4 71
4 20
4 56
4 36
5 21
5 11
5 104
5 89
5 112
5 50
5 122
5 51
5 107
5 31
5 44
5 78
6 46
6 11
6 117
6 27
6 13
6 43
6 33
6 110
6 61
7 9
7 88
7 93
7 116
7 123
7 94
7 58
7 15
7 60
7 54
7 78
7 92
7 20
8 39
8 68
8 23
8 40
8 93
8 97
8 125
8 75
8 49
8 108
8 91
8 19
8 55
9 10
9 11
9 12
9 13
9 14
9 15
9 16
9 17
9 18
9 19
9 20
10 46
10 22
10 23
10 47
10 48
10 49
10 50
10 51
10 52
10 53
10 31
10 54
10 45
10 18
10 55
10 34
10 56
11 102
11 99
11 65
11 106
11 90
11 67
11 107
11 14
11 52
11 15
11 108
11 95
11 109
11 71
11 35
11 63
12 120
12 28
12 114
12 113
12 53
12 54
12 121
12 34
13 99
13 58
13 27
13 59
13 91
13 92
13 71
13 20
13 34
14 22
14 23
14 47
14 123
14 73
14 117
14 125
14 65
14 26
14 100
14 124
14 77
14 113
14 83
14 79
14 61
14 87
15 80
15 24
15 73
15 26
15 100
15 86
15 43
15 31
15 32
15 115
15 105
15 110
15 56
16 84
16 88
16 93
16 97
16 25
16 98
16 73
16 76
16 119
16 77
16 52
16 53
16 43
16 32
16 105
16 83
16 92
17 39
17 123
17 69
17 89
17 65
17 57
17 26
17 49
17 122
17 95
17 60
17 32
17 70
17 121
17 56
18 22
18 74
18 125
18 76
18 58
18 50
18 83
18 78
18 61
19 46
19 80
19 23
19 124
19 90
19 49
19 50
19 28
19 52
19 55
20 37
20 39
20 80
20 68
20 84
20 47
20 49
20 52
20 118
20 62
21 22
21 23
21 24
21 25
21 26
21 27
21 28
21 29
21 30
21 31
21 32
21 33
21 34
21 35
21 36
22 68
22 69
22 67
22 59
22 30
22 44
22 70
22 71
22 35
22 36
23 37
23 88
23 89
23 27
23 90
23 82
23 30
23 91
23 92
23 36
24 88
24 116
24 111
24 99
24 58
24 122
24 107
24 114
24 78
25 38
25 72
25 123
25 111
25 73
25 65
25 75
25 124
25 77
25 59
25 122
25 113
25 95
25 118
25 61
25 34
26 39
26 69
26 101
26 58
26 90
26 67
26 107
26 114
26 109
26 78
27 85
27 93
27 47
27 73
27 74
27 31
27 79
27 63
28 40
28 58
28 106
28 86
28 82
28 44
28 79
28 71
28 35
29 81
29 100
29 119
29 42
29 58
29 77
29 114
29 95
29 110
30 38
30 116
30 52
30 95
30 31
30 32
30 54
30 105
30 55
31 46
31 97
31 120
31 67
31 86
31 60
31 61
32 46
32 97
32 74
32 117
32 125
32 41
32 66
32 119
32 58
32 106
32 122
32 108
32 91
32 71
33 116
33 97
33 117
33 41
33 119
33 67
33 50
33 108
33 118
33 70
33 78
34 40
34 88
34 81
34 73
34 74
34 124
34 112
34 86
34 62
34 63
34 103
35 46
35 81
35 47
35 42
35 51
35 113
35 53
35 121
35 78
35 92
35 103
36 123
36 101
36 77
36 83
36 55
36 56
36 103
37 38
37 39
37 40
37 41
37 42
37 43
37 44
37 45
38 64
38 65
38 66
38 42
38 67
38 50
38 55
38 56
39 46
39 72
39 73
39 74
39 75
39 76
39 77
39 50
39 78
39 79
40 93
40 94
40 42
40 58
40 95
40 54
40 92
40 96
40 61
41 80
41 72
41 93
41 81
41 47
41 104
41 69
41 117
41 75
41 86
41 82
41 43
41 105
42 81
42 67
42 122
42 107
42 121
42 78
42 79
42 63
43 93
43 97
43 69
43 90
43 107
44 65
44 54
44 70
44 121
44 79
45 46
45 69
45 75
45 59
45 113
45 95
46 57
46 58
46 59
46 60
46 61
46 62
46 63
47 116
47 111
47 117
47 119
47 67
47 59
47 109
48 112
48 50
48 109
48 70
48 78
48 96
48 71
48 63
49 116
49 98
49 73
49 100
49 76
49 119
49 124
49 59
49 114
49 78
49 63
50 81
50 117
50 75
50 82
50 52
50 60
50 115
50 83
50 87
51 93
51 65
51 106
51 90
51 122
51 82
51 109
51 96
52 102
52 99
52 120
52 106
52 112
52 67
52 82
52 91
52 54
52 62
52 56
53 68
53 84
53 85
53 97
53 117
53 120
53 122
53 61
54 68
54 98
54 99
54 94
54 125
54 115
54 83
54 63
55 93
55 116
55 119
55 67
55 82
55 60
56 88
56 97
56 99
56 75
56 67
56 60
57 64
57 72
57 98
57 65
57 100
57 119
57 86
57 109
57 110
57 61
57 71
57 103
58 68
58 101
58 76
58 112
58 115
58 87
59 106
59 121
60 80
60 124
60 86
60 105
60 87
60 103
61 101
61 119
61 108
61 95
61 121
62 116
62 99
62 65
62 77
62 95
62 115
62 109
62 71
63 77
63 79
64 74
64 94
64 101
64 90
64 86
64 91
64 83
64 70
64 96
65 117
65 125
65 122
65 113
66 99
66 94
66 76
66 86
66 110
66 83
67 84
67 81
67 89
67 76
67 71
68 84
68 85
68 75
68 86
68 79
68 87
69 123
69 104
69 117
69 75
69 109
69 121
70 113
70 103
71 97
71 104
71 100
71 101
71 108
71 91
71 92
71 79
72 81
72 111
72 94
72 75
72 107
73 81
73 106
73 113
73 108
73 109
73 110
73 121
73 96
74 99
74 94
74 122
74 114
74 78
74 87
75 80
75 98
75 82
75 96
75 87
76 116
76 99
76 125
76 119
76 90
77 111
77 119
77 106
77 90
77 107
77 121
77 103
78 123
78 106
78 113
78 115
79 85
79 99
79 100
79 112
79 82
80 81
80 82
80 83
81 90
81 86
81 114
81 82
81 115
81 87
82 125
82 124
82 105
82 83
83 101
83 112
83 114
83 92
84 85
84 88
84 93
84 97
84 98
84 99
84 100
84 101
85 104
85 89
85 105
86 88
86 93
86 111
86 98
86 119
86 106
86 96
86 87
87 119
88 110
89 93
89 99
89 119
89 112
90 123
90 112
90 92
91 110
91 92
92 124
92 113
93 112
93 113
94 97
94 100
94 112
95 112
95 108
96 115
97 117
99 102
99 114
99 113
99 105
99 121
100 116
100 104
100 101
102 103
103 125
103 109
104 125
104 120
104 108
105 106
106 124
107 119
108 123
108 113
109 124
110 116
110 117
110 119
110 124
110 115
112 123
112 125
113 125
113 122
113 115
113 121
114 116
114 120
114 122
116 117
116 118
117 125
118 123
118 119
118 124
118 122
119 124
120 123
122 123
122 125
