0 1
0 2
0 3
0 4
0 5
0 6
0 7
0 8
0 9
0 10
0 11
0 12
0 13
0 14
0 15
0 16
1 17
1 18
1 19
1 20
1 21
1 22
1 23
1 24
1 25
1 26
1 10
1 13
1 27
1 28
1 29
1 30
1 31
1 32
1 33
2 72
2 73
2 74
2 75
2 50
2 8
2 40
2 41
2 11
2 76
2 45
3 17
3 94
3 20
3 95
3 88
3 96
3 71
3 51
3 97
3 28
3 33
4 53
4 18
4 100
4 91
4 101
4 80
4 25
4 10
4 102
4 51
4 13
4 14
4 93
4 103
4 83
4 104
4 32
5 46
5 53
5 54
5 110
5 56
5 79
5 60
5 61
5 111
5 65
6 114
6 78
6 20
6 75
6 8
6 102
6 14
6 121
6 83
6 45
7 34
7 105
7 18
7 122
7 84
7 69
7 57
7 117
7 24
7 71
7 27
7 93
7 28
8 34
8 77
8 107
8 69
8 80
8 120
8 26
8 10
8 51
8 83
8 123
8 33
9 52
9 54
9 19
9 101
9 37
9 22
9 50
9 118
9 71
9 99
9 44
9 104
10 53
10 114
10 54
10 107
10 89
10 74
10 120
10 119
10 62
10 121
10 76
11 17
11 55
11 94
11 37
11 95
11 117
11 60
11 41
11 120
11 119
11 85
11 25
11 27
11 14
11 32
12 47
12 95
12 57
12 59
12 24
12 116
13 66
13 89
13 73
13 69
13 58
13 39
13 41
13 43
13 99
13 82
13 44
13 31
13 15
13 106
13 45
14 112
14 67
14 68
14 70
14 93
14 31
14 106
14 65
15 54
15 113
15 90
15 84
15 124
15 48
15 38
15 125
15 81
15 62
15 63
15 29
15 31
15 64
16 77
16 17
16 94
16 73
16 20
16 47
16 39
16 117
16 81
16 119
16 42
17 89
17 90
17 67
17 91
17 84
17 78
17 74
17 58
17 39
17 42
17 92
17 82
17 93
17 32
18 98
18 19
18 110
18 58
18 120
18 119
18 99
18 121
19 114
19 91
19 20
19 47
19 37
19 39
19 88
19 96
19 121
19 64
20 54
20 115
20 36
20 68
20 47
20 58
20 60
20 81
20 43
20 62
20 99
20 111
20 29
20 76
20 45
21 70
21 75
21 120
21 97
21 32
22 52
22 105
22 112
22 117
22 81
22 118
22 28
22 104
23 86
23 37
23 58
23 125
23 119
23 26
23 92
23 62
23 82
24 114
24 68
24 125
24 70
24 39
24 41
24 44
24 116
24 65
25 100
25 73
25 124
25 79
25 50
25 61
25 92
25 62
25 111
25 30
25 116
26 53
26 89
26 68
26 56
26 70
26 59
26 119
26 61
26 92
26 51
26 31
27 112
27 89
27 68
27 58
27 99
27 121
27 106
27 45
28 54
28 89
28 110
28 47
28 37
28 48
28 38
28 96
28 65
29 105
29 114
29 84
29 68
29 69
29 80
29 88
29 43
29 71
29 32
29 45
29 116
29 33
30 34
30 35
30 74
30 58
30 38
30 125
30 71
30 76
31 67
31 36
31 69
31 88
31 51
31 44
31 104
31 45
32 112
32 48
32 74
32 60
32 119
32 42
32 92
32 102
32 123
32 45
33 66
33 46
33 77
33 72
33 115
33 100
33 122
33 90
33 36
33 84
33 58
33 125
33 108
33 61
33 111
34 35
34 36
34 37
34 38
34 39
34 40
34 41
34 42
34 43
34 44
34 45
35 46
35 47
35 48
35 38
35 49
35 50
35 51
35 45
36 114
36 107
36 67
36 73
36 49
36 88
36 104
37 53
37 84
37 56
37 74
37 49
37 61
37 111
38 46
38 94
38 122
38 67
38 81
38 50
38 61
38 82
38 97
38 63
38 45
39 105
39 53
39 107
39 67
39 59
39 108
39 120
39 61
39 85
39 102
39 76
39 116
40 53
40 47
40 71
41 113
41 55
41 100
41 87
41 101
41 68
41 49
41 80
41 96
41 92
41 82
41 93
41 97
41 83
41 104
42 66
42 115
42 68
42 59
42 108
42 85
42 51
42 93
42 103
43 66
43 114
43 101
43 47
43 75
43 80
43 97
43 123
43 64
44 107
44 115
44 100
44 68
44 45
44 64
45 100
45 122
45 117
45 59
45 118
45 109
45 64
46 77
46 78
46 48
46 79
46 59
46 60
46 80
46 81
46 82
46 83
47 112
47 94
47 89
47 91
47 110
47 74
47 81
47 118
47 82
47 111
48 86
48 54
48 110
49 52
49 98
49 90
49 73
49 57
49 85
49 82
50 67
50 69
50 57
50 118
50 119
50 102
50 123
51 113
51 73
51 84
51 88
51 119
51 116
52 53
52 54
52 55
52 56
52 57
52 58
52 59
52 60
52 61
52 62
52 63
52 64
52 65
53 86
53 107
53 100
53 75
53 59
53 108
53 92
53 104
53 109
54 86
54 114
54 107
54 115
54 87
54 58
54 117
54 60
54 118
54 71
54 103
54 83
55 114
55 73
55 85
55 116
56 86
56 94
56 90
56 84
56 118
56 62
57 77
57 114
57 100
57 124
57 69
57 119
57 97
57 104
57 109
57 64
58 75
58 117
58 88
58 118
59 113
59 100
59 89
59 62
60 114
60 94
60 73
60 78
60 118
60 120
60 97
61 105
61 107
61 103
61 76
62 66
62 77
62 87
62 117
62 88
62 118
62 85
62 71
62 104
62 109
63 83
63 106
64 66
64 86
64 72
64 110
64 111
64 116
65 115
65 87
65 69
65 82
65 111
65 104
65 109
66 67
66 68
66 69
66 70
66 71
67 112
67 110
67 92
67 99
67 82
68 112
68 88
68 82
68 121
68 97
68 103
69 107
69 115
69 125
69 119
69 92
69 97
69 116
70 114
70 95
70 88
70 120
70 109
71 125
71 117
71 82
72 86
72 107
72 120
72 111
73 94
73 95
73 96
73 118
73 121
73 104
73 109
74 114
74 107
74 101
74 96
74 97
74 103
74 123
75 115
75 90
75 124
75 125
75 119
75 92
75 82
76 77
76 98
76 107
76 94
76 125
76 102
76 83
76 123
77 84
77 85
78 124
78 79
78 92
78 99
78 82
79 107
79 125
79 99
79 97
80 115
80 89
80 81
80 108
80 93
80 116
81 105
81 94
81 101
81 123
82 98
82 122
82 96
82 85
82 102
82 83
82 104
83 113
83 99
83 116
84 86
84 117
84 120
85 100
85 90
85 111
86 87
86 88
87 113
87 94
87 115
87 100
87 90
87 106
88 115
88 90
88 124
88 118
88 93
88 116
89 113
89 91
89 96
89 118
89 119
90 105
90 94
90 101
90 117
90 120
90 97
90 104
90 109
91 118
91 106
92 114
92 113
92 122
92 101
92 95
92 108
92 120
93 122
93 120
93 123
94 115
94 95
94 118
94 106
95 112
95 113
95 125
96 125
96 121
97 117
97 103
98 99
99 100
99 102
99 104
100 112
100 122
100 116
101 124
102 117
103 123
104 120
104 111
105 106
106 124
106 108
107 115
107 119
107 111
107 116
108 114
108 121
109 111
110 118
110 120
111 117
112 113
113 122
113 117
114 115
114 116
115 123
116 120
117 125
119 123
120 124
