0 1
0 2
0 3
0 4
0 5
0 6
0 7
0 8
0 9
0 10
0 11
0 12
0 13
0 14
0 15
0 16
0 17
0 18
1 35
1 36
1 37
1 38
1 21
1 39
1 40
1 41
1 42
1 43
1 44
1 45
1 12
1 46
1 47
1 33
1 48
1 49
1 18
2 20
2 50
2 35
2 76
2 60
2 24
2 42
2 43
2 81
2 89
2 46
2 17
2 55
3 92
3 36
3 5
3 97
3 10
3 45
3 102
3 89
3 34
3 53
3 113
3 55
3 56
3 18
4 20
4 22
4 23
4 62
4 121
4 27
4 81
4 64
4 94
4 47
4 96
4 65
4 123
4 113
5 70
5 59
5 30
5 84
5 116
5 111
5 63
5 64
5 95
5 34
5 74
5 49
6 98
6 36
6 30
6 61
6 105
6 42
6 85
6 47
6 120
6 112
6 55
7 19
7 101
7 100
7 91
7 14
7 72
7 119
7 34
7 15
7 28
7 17
7 18
8 35
8 38
8 76
8 67
8 39
8 117
8 9
8 10
8 44
8 65
8 123
8 56
9 29
9 21
9 31
9 64
9 47
9 34
9 69
9 74
9 114
10 87
10 76
10 21
10 102
10 12
10 82
10 96
10 123
10 17
10 49
11 59
11 21
11 77
11 84
11 62
11 42
11 124
11 72
11 33
11 34
11 53
11 28
12 19
12 118
12 71
12 67
12 122
12 68
12 107
12 32
12 33
12 28
12 55
13 35
13 39
13 24
13 105
13 88
13 99
13 100
13 15
13 28
13 74
13 48
14 35
14 21
14 71
14 60
14 62
14 110
14 121
14 79
14 44
14 102
14 89
14 72
14 95
14 15
14 28
15 22
15 115
15 105
15 26
15 122
15 102
15 89
15 91
15 72
15 33
15 73
15 112
16 58
16 41
16 44
16 81
16 64
16 94
16 46
16 125
16 72
16 95
17 118
17 116
17 42
17 73
17 113
18 38
18 118
18 71
18 97
18 105
18 41
18 42
18 111
18 32
18 119
18 55
19 20
19 21
19 22
19 23
19 24
19 25
19 26
19 27
19 28
20 29
20 30
20 31
20 32
20 33
20 34
21 57
21 40
21 62
21 97
21 105
21 121
21 93
21 122
21 27
21 63
21 114
22 47
22 28
22 69
22 113
23 50
23 51
23 83
23 36
23 30
23 31
23 40
23 24
23 42
23 122
23 111
23 27
23 45
23 32
23 64
23 69
23 109
23 114
24 51
24 87
24 118
24 59
24 110
24 79
24 68
24 73
24 54
25 98
25 66
25 31
25 115
25 26
25 68
25 82
25 53
25 69
25 112
26 87
26 66
26 38
26 40
26 84
26 111
26 64
26 82
26 96
27 101
27 77
27 31
27 43
27 81
27 63
27 47
27 34
28 35
28 29
28 59
28 77
28 30
28 115
28 117
28 80
28 43
28 45
28 46
28 49
29 87
29 38
29 71
29 31
29 85
29 68
29 99
29 107
29 32
29 94
29 90
29 46
29 96
30 87
30 59
30 84
30 41
30 42
30 82
30 65
30 48
30 49
31 83
31 86
31 118
31 67
31 115
31 39
31 85
31 94
31 95
31 119
31 53
31 54
32 59
32 110
32 41
32 91
32 47
32 120
32 112
33 51
33 38
33 77
33 39
33 62
33 41
33 111
33 45
33 100
33 89
33 125
33 34
34 36
34 37
34 115
34 61
34 117
34 68
34 100
34 124
34 112
35 66
35 67
35 68
35 45
35 47
35 69
35 49
36 50
36 87
36 101
36 93
36 85
36 104
36 94
36 47
36 96
37 57
37 51
37 83
37 98
37 77
37 105
37 88
37 68
37 107
37 89
37 108
37 91
37 82
37 109
38 57
38 115
38 116
38 117
38 105
38 93
38 99
38 102
38 106
38 65
38 109
38 114
39 51
39 75
39 101
39 71
39 99
39 46
39 72
39 69
39 54
39 113
40 121
40 93
40 44
40 81
40 69
40 54
41 57
41 98
41 118
41 60
41 108
41 94
41 90
41 65
41 113
41 56
41 114
42 58
42 115
42 102
42 56
43 98
43 77
43 84
43 116
43 82
43 114
44 57
44 115
44 84
44 122
44 45
44 102
44 94
44 91
44 106
44 47
44 73
44 96
44 65
45 57
45 86
45 89
45 94
45 49
46 83
46 92
46 58
46 115
46 63
46 102
46 90
46 125
46 82
46 53
46 109
46 112
47 87
47 101
47 121
47 88
47 111
47 64
47 73
47 48
48 80
48 122
48 52
48 53
49 71
49 122
49 68
49 81
49 63
49 102
49 69
49 112
50 51
50 52
50 53
50 54
50 55
50 56
51 66
51 70
51 71
51 60
51 72
51 73
51 74
52 71
52 77
52 94
52 91
52 120
52 123
52 113
53 76
53 84
53 121
53 111
53 104
53 91
53 120
54 87
54 85
54 64
54 72
54 120
54 65
54 112
54 74
55 71
55 122
55 111
55 100
55 94
55 65
55 74
56 87
56 59
56 71
56 78
56 80
57 58
57 59
57 60
57 61
57 62
57 63
57 64
57 65
58 75
58 70
58 77
58 84
58 110
58 111
58 81
58 64
58 94
59 98
59 115
59 108
60 92
60 118
60 90
60 72
61 62
61 80
61 111
61 107
61 94
61 72
61 65
61 123
61 74
61 114
62 87
62 97
62 68
62 124
62 82
62 109
62 112
63 110
63 79
63 104
63 125
63 72
63 119
63 113
64 78
64 93
64 100
64 94
64 90
64 106
64 109
64 113
65 86
65 71
65 111
65 108
65 82
65 73
65 103
66 105
66 102
66 106
67 77
67 97
67 93
67 122
67 100
67 107
67 124
67 95
67 82
67 119
67 96
68 77
68 110
68 81
68 104
68 102
68 112
69 86
69 93
69 99
69 125
69 95
70 76
70 77
70 78
70 105
70 108
70 94
70 96
70 112
70 113
70 114
71 86
71 104
71 94
71 95
71 123
72 83
72 76
72 115
72 117
72 95
72 82
72 74
73 75
73 100
74 83
74 122
74 90
74 114
75 76
75 77
75 78
75 79
75 80
75 81
75 82
76 111
76 99
76 120
77 86
77 85
79 118
79 97
79 110
79 88
79 93
79 80
79 85
80 92
80 101
80 116
80 91
80 106
81 98
81 116
81 117
81 105
81 111
81 113
82 86
82 85
82 107
82 112
83 84
83 85
84 86
84 92
84 101
84 88
84 93
85 89
86 87
86 88
86 89
86 90
86 91
87 97
87 88
87 90
88 111
88 94
88 91
88 95
88 119
89 116
89 93
89 122
89 113
90 110
90 107
90 94
90 91
90 112
91 124
91 125
91 112
92 93
92 94
92 95
92 96
93 120
94 118
94 97
95 101
95 118
95 116
95 97
95 105
95 121
95 124
96 117
96 100
96 125
96 112
97 101
97 104
98 99
98 100
99 115
99 122
99 107
99 106
100 117
100 113
101 102
101 103
102 104
103 116
103 111
103 119
104 116
104 114
105 107
105 106
105 120
106 118
108 120
108 123
109 115
109 117
110 116
111 116
111 119
112 123
114 120
117 121
118 119
