0 1
0 2
0 3
0 4
0 5
0 6
0 7
0 8
0 9
0 10
0 11
0 12
0 13
0 14
1 76
1 45
1 47
1 4
1 84
1 85
1 68
1 52
1 59
1 86
1 87
1 79
1 88
2 15
2 67
2 112
2 52
2 25
2 79
2 69
2 13
2 63
3 30
3 76
3 45
3 77
3 116
3 85
3 50
3 68
3 52
3 39
3 40
3 110
3 53
3 27
4 31
4 16
4 17
4 89
4 8
4 53
4 61
4 54
4 87
4 121
5 44
5 56
5 16
5 18
5 73
5 85
5 19
5 25
5 86
5 9
5 41
5 29
5 70
6 101
6 46
6 84
6 21
6 23
6 112
6 24
6 53
6 27
6 114
6 69
6 107
6 100
7 37
7 96
7 42
7 54
7 114
7 107
8 95
8 115
8 108
8 99
8 19
8 67
8 97
8 86
8 78
8 41
8 83
8 105
9 46
9 108
9 35
9 36
9 123
9 22
9 39
9 60
9 41
9 94
9 114
9 63
10 57
10 103
10 50
10 51
10 68
10 96
10 97
10 59
10 53
10 117
10 94
10 71
10 105
11 30
11 99
11 84
11 89
11 48
11 57
11 66
11 50
11 22
11 90
11 42
11 27
11 98
11 121
11 14
11 63
12 30
12 72
12 76
12 77
12 102
12 122
12 23
12 25
12 59
12 113
13 30
13 76
13 45
13 57
13 85
13 104
13 50
13 38
13 40
13 91
13 61
13 100
14 95
14 31
14 45
14 47
14 33
14 57
14 66
14 104
14 50
14 24
14 52
14 59
14 60
14 120
14 98
15 16
15 17
15 18
15 19
15 20
15 21
15 22
15 23
15 24
15 25
15 26
15 27
15 28
15 29
16 75
16 101
16 84
16 89
16 34
16 106
16 25
16 29
16 98
16 107
16 63
17 75
17 81
17 35
17 37
17 25
17 111
17 82
18 46
18 115
18 102
18 99
18 33
18 73
18 36
18 20
18 123
18 67
18 38
18 26
18 125
18 69
18 74
19 56
19 84
19 85
19 38
19 58
19 53
19 114
19 28
19 71
20 45
20 49
20 65
20 66
20 124
20 123
20 58
20 97
20 39
20 59
20 86
20 120
20 125
20 88
20 71
21 75
21 32
21 99
21 35
21 66
21 123
21 110
21 60
21 29
22 44
22 124
22 38
22 52
22 92
22 125
22 29
22 118
22 98
23 44
23 64
23 31
23 45
23 46
23 84
23 122
23 36
23 123
23 38
23 94
23 69
24 95
24 46
24 32
24 47
24 122
24 73
24 117
24 125
24 28
24 62
25 45
25 102
25 116
25 33
25 85
25 96
25 111
25 82
25 53
25 27
25 69
25 88
26 56
26 77
26 49
26 65
26 67
26 38
26 58
26 54
26 87
26 79
26 107
26 62
27 115
27 102
27 73
27 104
27 124
27 91
27 111
27 29
28 75
28 38
28 58
28 82
28 117
29 31
29 77
29 49
29 65
29 97
29 59
29 110
29 42
29 87
29 114
29 70
29 113
30 31
30 32
30 33
30 34
30 35
30 36
30 37
30 38
30 39
30 40
30 41
30 42
30 43
31 56
31 99
31 33
31 35
31 86
31 93
31 100
32 64
32 75
32 103
32 69
32 113
33 99
33 122
33 103
33 36
33 123
33 67
33 82
33 43
33 113
34 84
34 73
34 112
34 53
34 69
34 98
34 107
35 44
35 77
35 84
35 37
35 39
35 40
35 78
35 92
35 87
35 69
35 88
36 76
36 84
36 109
36 49
36 104
36 51
36 96
36 110
36 125
36 62
36 105
36 113
37 102
37 116
37 124
37 59
37 120
37 94
37 100
38 47
38 89
38 85
38 65
38 82
38 117
38 79
39 56
39 76
39 102
39 84
39 57
39 51
39 68
39 59
39 86
39 53
39 69
39 83
39 100
39 113
40 44
40 95
40 99
40 106
40 82
40 43
40 62
41 56
41 84
41 57
41 65
41 52
41 97
41 121
41 43
41 71
41 105
42 46
42 99
42 112
42 125
42 71
42 74
43 77
43 102
43 49
43 97
43 83
43 71
44 45
44 46
44 47
44 48
44 49
44 50
44 51
44 52
44 53
44 54
44 55
45 56
45 76
45 108
45 109
45 110
45 69
46 76
46 101
46 108
46 99
46 103
46 65
46 66
46 111
46 70
46 100
47 56
47 75
47 73
47 58
47 110
47 92
47 114
47 107
48 75
48 95
48 101
48 123
48 112
48 52
48 92
48 93
48 120
48 54
48 69
49 76
49 84
49 122
49 85
49 103
49 106
49 68
49 120
49 83
49 63
50 122
50 58
50 88
50 62
50 105
51 64
51 67
51 60
51 94
51 74
52 119
52 109
52 103
52 96
52 111
52 93
52 118
52 88
53 56
53 64
53 91
53 59
53 78
53 125
53 118
53 63
54 84
54 112
54 82
54 93
54 61
54 117
54 94
54 70
55 108
55 99
55 82
55 92
55 94
55 74
56 57
56 58
56 59
56 60
56 61
56 62
56 63
57 75
57 108
57 99
57 73
57 110
57 93
57 61
57 117
57 114
57 118
57 105
58 76
58 77
58 116
58 65
58 97
58 111
58 110
58 86
58 114
58 70
59 101
59 84
59 86
59 78
59 92
59 117
59 125
59 83
59 88
60 72
60 109
60 121
60 100
60 105
61 81
61 90
62 75
62 116
62 85
62 123
62 68
62 96
62 111
62 98
62 121
62 70
63 89
63 68
63 91
63 71
64 65
64 66
64 67
64 68
64 69
64 70
64 71
65 66
65 106
65 92
65 94
65 125
65 71
66 95
66 119
66 85
66 90
66 114
66 105
67 73
68 106
68 90
68 117
68 121
68 83
69 72
69 95
70 76
70 81
70 122
70 123
70 94
70 114
70 105
71 75
71 95
71 73
71 103
71 83
71 100
72 73
72 74
73 104
73 96
73 107
73 88
73 105
74 78
74 79
74 118
74 107
75 76
75 77
75 78
75 79
76 89
76 90
76 91
76 92
76 93
76 94
76 83
77 95
77 101
77 99
77 84
78 122
78 89
78 114
79 95
79 119
79 124
79 93
79 94
79 118
80 81
80 82
80 83
81 104
81 107
82 115
82 85
82 110
82 87
82 118
82 88
83 119
83 109
83 85
83 96
83 121
83 88
83 100
84 95
84 115
85 122
85 106
85 120
85 88
86 95
86 99
86 124
86 123
86 90
86 111
86 92
86 93
87 95
87 108
87 103
87 117
89 119
89 109
89 124
89 100
90 104
90 96
90 98
90 121
90 107
91 116
91 92
91 113
92 116
92 123
92 110
92 98
92 121
92 113
93 99
93 98
93 105
94 104
94 112
94 100
95 96
95 97
95 98
96 120
97 117
97 118
98 106
98 121
99 121
99 100
101 102
101 103
101 104
101 105
102 115
102 117
102 118
102 105
103 118
103 121
104 124
104 111
104 105
105 123
105 111
105 107
106 118
106 121
106 107
107 112
107 120
107 118
109 124
109 123
109 117
110 124
110 117
110 118
111 120
112 115
113 119
113 124
114 119
116 119
119 120
119 121
121 122
123 125
