0 1
0 2
0 3
0 4
0 5
0 6
0 7
0 8
0 9
0 10
0 11
0 12
0 13
0 14
0 15
0 16
0 17
1 46
1 47
1 48
1 49
1 50
1 9
1 51
1 32
1 52
1 53
1 13
1 34
1 54
2 29
2 55
2 97
2 86
2 19
2 22
2 14
2 44
2 98
2 59
2 27
2 84
3 38
3 61
3 31
3 106
3 107
3 87
3 95
3 10
3 75
3 32
3 108
3 13
3 34
3 89
3 109
3 16
3 73
4 61
4 7
4 69
4 113
4 32
4 56
4 71
4 44
4 84
5 30
5 86
5 106
5 40
5 20
5 83
5 96
5 104
5 98
5 72
5 84
6 90
6 61
6 107
6 87
6 68
6 81
6 32
6 16
7 46
7 30
7 40
7 42
7 111
7 104
7 44
7 98
8 28
8 115
8 66
8 110
8 67
8 19
8 103
8 124
8 75
8 113
8 53
8 35
8 105
9 91
9 40
9 110
9 67
9 123
9 10
9 119
9 71
9 125
9 44
9 45
9 109
9 118
9 27
10 74
10 30
10 39
10 120
10 76
10 63
10 52
10 89
10 117
10 45
11 40
11 120
11 66
11 112
11 103
11 69
11 124
11 75
11 113
11 82
11 56
11 58
11 59
12 18
12 38
12 90
12 41
12 75
12 116
12 63
12 108
12 13
12 14
12 100
12 59
12 73
13 46
13 61
13 97
13 102
13 68
13 53
13 33
13 14
13 45
13 72
13 27
13 84
14 55
14 94
14 50
14 120
14 66
14 103
14 113
14 20
14 83
14 70
14 33
14 117
14 58
14 98
14 60
14 17
15 18
15 29
15 86
15 120
15 67
15 19
15 96
15 32
15 22
15 105
15 72
16 38
16 55
16 97
16 115
16 110
16 67
16 76
16 108
16 99
16 122
16 71
16 117
16 78
16 26
16 27
16 17
17 18
17 61
17 19
17 123
17 68
17 81
17 99
17 77
17 104
17 43
17 117
17 109
18 19
18 20
18 21
18 22
18 23
18 24
18 25
18 26
18 27
19 74
19 47
19 97
19 48
19 87
19 62
19 96
19 33
19 35
19 36
19 100
19 64
20 37
20 47
20 119
20 83
20 99
20 43
20 44
20 78
20 79
20 27
20 73
21 38
21 65
21 115
21 110
21 41
21 68
21 119
21 122
21 43
21 109
21 121
21 27
22 93
22 40
22 124
22 113
22 119
22 32
22 24
22 58
22 64
22 109
22 73
23 101
23 61
23 40
23 116
23 109
23 60
23 73
24 107
24 116
24 119
24 70
24 43
25 46
25 65
25 101
25 48
25 93
25 106
25 50
25 41
25 81
25 53
25 33
25 35
26 123
26 32
26 77
26 111
26 122
26 89
27 90
27 97
27 91
27 87
27 42
27 124
27 70
27 121
27 79
27 60
27 73
28 29
28 30
28 31
28 32
28 33
28 34
28 35
28 36
29 37
29 86
29 87
29 68
29 32
29 88
29 77
29 89
29 72
30 37
30 55
30 67
30 75
30 99
30 33
30 34
30 100
30 64
30 54
30 72
31 48
31 112
31 51
31 113
31 114
31 52
31 99
31 111
31 78
32 69
32 89
32 45
33 38
33 91
33 92
33 40
33 123
33 99
33 77
33 117
33 118
34 38
34 74
34 39
34 67
34 51
34 82
34 45
34 118
35 65
35 115
35 102
35 66
35 75
35 53
35 122
35 117
35 60
36 94
36 80
36 123
36 69
36 52
36 57
36 98
37 38
37 39
37 40
37 41
37 42
37 43
37 44
37 45
38 61
38 62
38 63
38 52
38 64
39 48
39 93
39 94
39 51
39 69
39 81
39 96
39 52
39 108
39 105
39 89
39 117
39 98
39 79
40 61
40 66
40 68
40 88
40 56
40 72
40 85
41 102
41 120
41 66
41 123
41 76
41 116
41 99
41 104
42 110
42 113
42 81
42 82
42 62
42 114
42 71
42 60
43 74
43 115
43 49
43 102
43 95
43 113
43 76
43 83
43 111
43 56
43 71
43 125
43 72
43 60
44 48
44 92
44 75
44 54
45 92
45 93
45 81
45 119
45 83
45 88
45 108
45 111
45 109
46 55
46 56
46 57
46 58
46 59
46 60
47 49
47 80
47 81
47 82
47 83
47 70
47 59
47 60
47 84
47 85
48 106
48 80
48 69
48 119
48 83
48 71
49 97
49 87
49 80
49 51
49 123
49 124
49 122
49 89
49 64
49 78
50 115
50 120
50 67
50 68
50 82
50 62
50 63
50 99
50 77
50 71
50 105
50 117
50 72
50 84
51 112
51 67
51 123
51 119
51 63
51 52
51 121
52 101
52 69
52 114
52 88
52 56
52 122
53 101
53 67
53 80
53 124
53 57
53 125
53 105
53 100
53 98
54 86
54 106
54 102
54 69
54 70
54 111
54 118
55 61
55 91
55 92
55 93
55 94
55 95
55 62
55 96
55 57
55 85
56 61
56 92
56 87
56 103
56 62
56 64
56 72
57 115
57 107
57 113
57 119
57 108
57 89
57 73
58 101
58 61
58 107
58 75
58 77
58 121
58 72
59 90
59 87
59 96
59 71
59 73
60 90
60 106
60 68
60 116
60 71
61 91
61 86
61 67
61 63
61 89
62 67
62 63
62 99
62 125
62 121
63 107
63 81
63 119
63 117
64 65
64 106
64 76
64 105
64 100
64 98
65 66
65 67
65 68
65 69
65 70
65 71
65 72
65 73
66 67
66 119
66 83
66 111
66 109
67 114
67 89
68 74
68 120
68 69
68 122
69 75
69 116
69 114
69 99
69 89
69 121
70 120
70 81
70 96
70 108
70 105
70 100
70 78
70 85
71 107
71 112
71 81
71 76
71 77
71 89
72 97
72 106
72 123
72 77
72 105
72 84
72 85
73 91
73 93
73 120
73 110
73 113
73 108
73 99
73 77
74 75
74 76
74 77
74 78
74 79
75 97
75 114
75 104
76 81
76 119
76 109
76 84
77 107
77 110
77 112
77 103
77 123
77 96
78 106
78 124
78 111
78 117
79 103
79 123
79 122
80 101
80 113
80 111
80 118
80 85
81 101
81 115
81 91
81 94
81 102
81 100
82 97
82 112
82 95
82 114
82 96
82 104
82 122
83 91
83 92
83 119
83 89
83 100
84 90
84 92
84 114
84 121
84 118
85 102
85 112
85 124
85 111
85 117
86 115
86 94
86 119
86 96
87 106
87 103
87 123
87 113
88 91
88 123
88 124
88 116
88 96
88 109
89 115
89 106
89 111
91 104
92 94
92 120
92 113
92 111
93 115
93 94
93 103
93 116
93 118
94 102
94 122
94 105
94 118
95 124
95 116
95 111
95 125
96 97
96 106
96 113
96 108
96 104
96 105
97 110
97 108
97 111
98 119
98 104
99 121
100 107
100 110
100 105
101 102
101 103
101 104
101 105
103 125
104 115
104 117
105 122
106 121
107 115
107 112
107 123
107 125
109 117
110 115
110 116
111 112
112 125
112 118
113 114
114 115
115 116
115 117
115 118
117 120
118 121
119 123
119 124
