0 1
0 2
0 3
0 4
0 5
0 6
0 7
0 8
0 9
1 10
1 11
1 12
1 13
1 14
1 15
1 16
1 17
1 18
1 19
1 20
1 21
2 36
2 37
2 38
2 39
2 40
2 41
2 42
2 43
2 44
2 34
2 45
2 46
2 47
3 56
3 37
3 83
3 38
3 84
3 6
3 31
3 65
3 54
4 75
4 115
4 84
4 59
4 88
4 14
4 5
4 105
4 109
4 31
4 52
4 101
4 45
4 21
5 12
5 105
5 42
5 125
5 33
5 91
5 112
6 10
6 56
6 37
6 25
6 38
6 118
6 12
6 28
6 99
6 109
6 63
6 102
6 43
6 16
6 97
6 46
6 92
7 22
7 24
7 108
7 14
7 72
7 33
8 10
8 57
8 58
8 37
8 118
8 12
8 50
8 123
8 77
8 33
8 46
8 66
9 23
9 10
9 79
9 24
9 56
9 106
9 13
9 39
9 40
9 89
9 33
9 93
9 55
10 23
10 67
10 68
10 69
10 26
10 70
10 27
10 71
10 60
10 62
10 72
10 73
10 45
10 74
10 53
10 47
11 68
11 25
11 83
11 39
11 40
11 99
11 62
11 43
11 100
11 101
11 16
11 17
11 35
11 47
12 86
12 67
12 13
12 27
12 117
12 61
12 72
12 101
12 35
12 97
12 74
12 65
12 110
13 75
13 86
13 49
13 27
13 28
13 60
13 62
13 52
13 110
13 66
14 58
14 118
14 120
14 121
14 29
14 50
14 60
14 123
14 63
14 124
14 32
14 33
14 74
14 53
14 21
14 98
15 79
15 61
15 43
15 73
15 111
16 24
16 106
16 104
16 29
16 77
16 30
16 33
16 64
17 57
17 80
17 69
17 27
17 76
17 60
17 62
17 72
17 73
17 18
17 74
17 20
17 110
17 93
17 66
18 58
18 37
18 25
18 38
18 99
18 63
18 31
18 42
18 73
18 97
18 46
18 82
18 65
19 75
19 94
19 80
19 25
19 39
19 28
19 116
19 104
19 29
19 50
19 62
19 109
19 51
19 101
19 34
20 22
20 67
20 83
20 28
20 114
20 99
20 41
20 105
20 77
20 43
20 101
20 91
20 112
20 21
21 75
21 79
21 25
21 49
21 26
21 119
21 120
21 52
21 45
21 53
21 64
22 23
22 24
22 25
22 26
22 27
22 28
22 29
22 30
22 31
22 32
22 33
22 34
22 35
23 56
23 57
23 58
23 59
23 60
23 61
23 62
23 30
23 63
23 34
23 35
23 64
23 65
23 66
24 85
24 57
24 69
24 28
24 60
24 81
24 34
24 54
25 75
25 49
25 108
25 117
25 62
25 77
25 109
25 81
25 95
25 103
25 65
26 36
26 83
26 88
26 63
26 90
26 100
26 112
26 113
27 67
27 36
27 58
27 40
27 105
27 122
27 96
27 45
28 67
28 120
28 107
28 98
29 48
29 36
29 106
29 49
29 83
29 108
29 70
29 84
29 114
29 89
29 43
29 100
29 46
29 64
30 36
30 69
30 120
30 59
30 121
30 60
30 62
30 72
30 46
30 54
30 55
31 86
31 106
31 60
31 62
31 51
31 42
31 95
31 72
31 35
31 66
32 79
32 94
32 36
32 58
32 83
32 87
32 63
32 100
32 73
32 91
32 45
32 46
32 112
32 82
32 98
32 110
32 47
33 36
33 57
33 49
33 59
33 114
33 99
33 109
33 113
33 47
34 48
34 69
34 70
34 120
34 84
34 107
34 59
34 88
34 89
34 50
34 99
34 123
34 42
34 90
34 122
34 82
35 56
35 49
35 52
35 100
35 45
35 46
35 113
36 75
36 80
36 39
36 71
36 59
36 90
36 72
37 67
37 71
37 41
37 77
37 113
38 108
38 121
38 104
38 44
38 73
38 97
38 66
38 54
39 68
39 59
39 89
39 50
39 95
39 44
39 55
40 116
40 104
40 55
41 75
41 70
41 71
41 114
41 50
41 61
41 72
41 73
41 97
41 66
42 86
42 67
42 80
42 68
42 69
42 108
42 59
42 60
42 109
42 78
42 52
42 73
42 103
42 55
43 106
43 83
43 121
43 50
43 61
43 81
43 100
43 92
43 53
43 64
43 110
44 75
44 86
44 83
44 71
44 88
44 89
44 122
45 63
46 80
46 49
46 120
46 107
46 104
46 60
46 122
46 111
46 98
46 110
47 104
47 90
47 72
48 49
48 50
48 51
48 52
48 53
48 54
48 55
49 86
49 85
49 71
49 88
49 114
49 100
50 76
50 105
50 78
50 113
50 93
50 55
51 119
51 117
51 84
51 107
51 112
51 55
52 58
52 108
52 90
52 102
52 103
52 64
53 114
53 89
53 77
53 63
53 113
54 57
54 114
54 102
54 97
54 113
55 85
55 107
56 75
56 80
56 71
56 95
56 102
56 103
56 98
57 69
57 106
57 107
57 60
57 63
57 72
58 87
58 109
58 63
58 111
59 79
59 94
59 118
59 60
59 124
59 113
60 87
60 121
60 114
60 76
60 62
60 124
60 102
60 122
60 100
60 91
61 88
61 114
61 63
61 65
62 67
62 115
62 119
62 84
62 88
62 96
62 97
63 79
63 106
63 120
63 117
63 116
63 123
64 119
64 89
64 99
64 81
64 125
64 82
64 65
65 67
65 117
65 97
65 66
66 70
66 114
66 76
66 90
66 78
67 94
67 87
67 102
67 78
68 86
68 94
68 109
68 90
68 91
68 112
68 110
69 71
69 114
69 90
69 113
69 93
70 83
70 77
70 95
70 100
70 113
71 80
71 120
71 107
71 121
71 104
71 123
71 72
71 97
71 92
71 113
72 106
72 114
72 77
72 112
73 88
73 125
73 100
73 112
74 87
74 114
74 125
74 90
75 76
75 77
75 78
76 119
76 107
76 81
76 102
76 111
76 98
77 83
77 104
77 95
78 80
78 106
78 109
78 124
78 98
79 80
79 81
79 82
80 108
80 109
80 90
80 97
80 82
80 110
81 117
81 114
81 95
81 100
81 82
82 118
82 107
82 105
83 85
83 118
83 119
83 120
83 100
84 86
84 94
84 85
84 106
84 108
84 120
84 121
84 90
85 104
85 89
85 105
85 93
86 87
86 88
86 89
86 90
86 91
86 92
86 93
87 106
87 121
87 122
87 111
87 112
87 98
87 110
88 115
88 117
88 109
88 95
88 124
88 111
89 106
89 124
89 111
90 124
91 107
91 99
91 95
92 117
92 121
92 114
92 102
92 98
92 110
93 113
94 95
94 96
94 97
94 98
95 115
96 98
99 107
99 111
100 119
100 124
101 117
101 124
101 111
102 108
103 105
105 116
105 124
105 111
106 114
107 123
107 122
108 110
109 124
110 117
110 114
110 125
113 123
114 119
114 116
114 123
115 116
116 118
119 121
121 123
