0 1
0 2
0 3
0 4
0 5
0 6
0 7
0 8
0 9
0 10
1 11
1 12
1 13
1 14
1 15
1 16
1 17
1 18
1 19
1 20
1 21
1 22
2 36
2 11
2 37
2 38
2 39
2 40
2 41
2 26
2 18
2 42
2 43
2 44
2 21
2 22
2 35
3 76
3 55
3 38
3 77
3 61
3 6
3 70
3 71
3 72
3 22
4 36
4 88
4 97
4 80
4 49
4 68
4 51
4 57
4 98
4 99
4 8
4 100
4 42
4 101
4 35
5 78
5 11
5 48
5 94
5 27
5 17
5 28
5 31
5 104
6 54
6 51
6 58
6 99
6 8
6 71
6 35
7 78
7 40
7 51
7 57
7 114
7 18
7 100
7 42
7 111
7 21
7 87
8 23
8 78
8 55
8 48
8 77
8 51
8 15
8 52
8 16
8 71
8 112
8 34
8 22
9 37
9 118
9 120
9 115
9 86
9 112
10 11
10 88
10 56
10 68
10 77
10 51
10 90
10 58
10 16
10 28
10 42
10 65
10 19
10 82
10 33
10 107
10 74
11 24
11 88
11 68
11 61
11 89
11 42
11 72
11 65
11 66
12 23
12 83
12 46
12 76
12 102
12 94
12 52
12 26
12 53
12 103
12 66
12 104
13 78
13 55
13 38
13 80
13 98
13 90
13 69
13 118
13 29
13 43
13 31
13 59
13 33
13 74
14 54
14 83
14 46
14 92
14 97
14 102
14 94
14 52
14 116
14 99
14 110
14 107
15 54
15 76
15 109
15 108
15 114
15 63
15 28
15 100
15 30
15 64
15 103
15 22
16 54
16 46
16 37
16 93
16 119
16 58
16 53
16 32
16 66
16 34
17 67
17 109
17 48
17 38
17 108
17 26
17 96
17 115
17 32
17 82
17 35
18 83
18 88
18 109
18 48
18 97
18 106
18 56
18 94
18 89
18 70
18 72
19 48
19 108
19 62
19 114
19 58
19 116
19 84
19 29
19 100
19 20
20 36
20 37
20 48
20 80
20 106
20 53
20 33
21 23
21 83
21 61
21 114
21 26
21 75
21 85
21 115
21 44
21 59
21 35
22 36
22 46
22 47
22 52
22 116
22 63
22 75
22 64
22 53
22 125
22 87
22 110
22 82
23 24
23 25
23 26
23 27
23 28
23 29
23 30
23 31
23 32
23 33
23 34
23 35
24 46
24 39
24 61
24 62
24 63
24 28
24 64
24 65
24 66
24 34
25 36
25 76
25 97
25 93
25 51
25 114
25 89
25 28
25 81
25 100
25 34
25 107
26 83
26 37
26 77
26 51
26 27
26 29
26 101
26 111
27 47
27 106
27 108
27 116
27 75
27 64
27 53
27 125
27 82
27 107
27 35
28 78
28 80
28 49
28 40
28 108
28 77
28 61
28 124
28 100
28 85
28 59
28 73
29 80
29 49
29 62
29 57
29 98
29 99
29 71
29 104
29 112
29 73
30 109
30 55
30 94
30 40
30 118
30 84
30 100
30 71
30 115
30 110
30 107
31 105
31 80
31 98
31 41
31 100
31 64
31 85
31 72
31 101
31 33
32 56
32 118
32 84
32 71
32 85
32 60
32 33
33 95
33 52
33 89
33 75
33 53
33 104
34 78
34 55
34 38
34 102
34 94
34 51
34 57
34 89
34 85
34 60
35 45
35 37
35 80
35 56
35 99
35 111
35 60
35 74
36 39
36 75
36 59
37 91
37 61
37 63
37 104
38 91
38 113
38 68
38 57
38 69
38 42
38 112
39 45
39 80
39 51
39 58
39 69
39 120
39 71
39 111
39 74
40 67
40 46
40 47
40 97
40 106
40 52
40 90
40 75
40 64
40 53
40 103
40 110
40 73
41 50
41 58
41 124
41 125
41 111
42 79
42 106
42 116
42 64
42 65
42 110
43 67
43 62
43 119
43 114
43 122
43 63
43 64
43 103
44 92
44 80
44 51
44 70
44 85
44 123
45 46
45 47
45 48
45 49
45 50
45 51
45 52
45 53
46 80
46 49
46 77
46 90
46 85
46 72
47 83
47 105
47 97
47 106
47 98
47 99
47 71
47 73
47 107
47 74
48 105
48 98
48 116
48 84
48 99
48 117
48 100
48 111
48 60
48 73
48 74
49 79
49 108
49 116
49 111
50 78
50 76
50 80
50 122
50 117
50 101
50 121
50 65
50 87
50 73
51 67
51 88
51 118
51 65
51 107
52 55
52 56
52 122
52 115
52 123
52 103
52 73
53 105
53 56
53 98
53 89
53 118
53 100
53 115
53 86
53 66
54 55
54 56
54 57
54 58
54 59
54 60
55 78
55 113
55 79
55 94
55 114
55 63
55 115
55 72
55 107
56 57
56 114
56 96
56 64
56 60
57 109
57 92
57 114
57 99
58 97
58 68
58 77
58 118
58 84
58 100
58 72
58 112
59 83
59 106
59 108
59 85
59 115
59 123
59 103
59 110
60 83
60 102
60 61
60 116
60 84
60 71
60 110
60 112
61 88
61 90
61 69
61 99
62 91
62 80
62 108
62 122
62 70
62 100
62 86
63 113
63 102
63 100
63 121
63 87
63 112
63 73
64 83
64 105
64 94
64 122
64 120
64 85
65 78
65 77
65 119
65 90
65 121
65 87
66 88
66 80
66 116
66 100
66 121
67 68
67 69
67 70
67 71
67 72
67 73
67 74
68 83
68 105
68 92
68 79
68 93
68 94
68 114
68 110
68 112
68 74
69 116
69 75
69 107
70 109
70 79
70 97
70 106
70 93
70 81
70 85
70 115
70 72
70 104
71 116
71 82
72 113
72 102
72 116
72 89
72 100
72 75
72 85
73 91
73 93
73 84
73 115
74 106
74 114
74 89
74 125
74 86
74 103
74 82
75 94
75 119
75 96
75 100
75 115
75 123
76 91
76 92
76 79
76 93
76 94
76 95
76 96
77 93
77 96
77 121
77 87
78 79
78 80
78 81
78 82
79 105
79 92
79 101
80 119
80 118
80 103
80 82
81 92
81 94
81 117
81 86
81 111
81 112
82 91
82 89
82 111
83 84
83 85
83 86
83 87
84 102
84 120
85 95
85 118
85 99
85 100
85 123
85 103
85 104
86 95
87 113
87 95
87 124
88 102
88 94
88 108
88 89
89 113
89 108
89 101
89 123
89 104
90 106
90 116
90 117
90 125
91 101
91 111
92 97
92 112
93 97
93 120
93 121
94 106
94 98
94 118
95 123
95 112
96 105
96 97
96 122
96 120
97 108
97 107
98 109
98 116
98 124
98 103
99 123
99 111
99 107
100 118
100 101
100 111
100 103
101 114
101 124
101 107
102 106
102 116
102 123
102 107
103 120
107 124
107 110
108 117
109 110
110 113
110 121
110 111
110 112
111 119
111 125
111 112
112 115
113 116
114 118
114 117
116 125
117 118
119 121
