0 1
0 2
0 3
0 4
0 5
0 6
0 7
0 8
0 9
1 10
1 38
1 39
1 58
1 59
1 15
1 32
1 20
1 60
1 61
1 62
1 63
1 64
1 25
1 27
1 65
1 66
1 49
1 67
2 39
2 91
2 42
2 3
2 114
2 76
2 44
2 118
2 72
2 107
2 87
2 73
2 9
3 39
3 111
3 108
3 104
3 17
3 102
3 25
3 88
3 49
4 11
4 68
4 115
4 70
4 82
4 20
4 114
4 22
4 85
4 125
4 26
4 112
5 38
5 95
5 110
5 54
5 32
5 21
5 86
5 94
5 107
5 105
5 7
5 49
5 75
6 11
6 68
6 29
6 110
6 32
6 82
6 22
6 45
6 34
6 62
6 72
6 107
6 105
6 25
6 26
6 47
6 49
6 124
7 29
7 41
7 113
7 42
7 43
7 20
7 109
7 125
7 25
7 74
7 98
8 11
8 28
8 39
8 14
8 54
8 71
8 100
8 61
8 105
8 26
8 88
8 49
9 39
9 40
9 55
9 76
9 44
9 86
9 94
9 105
9 87
9 48
9 121
9 75
10 11
10 12
10 13
10 14
10 15
10 16
10 17
10 18
10 19
10 20
10 21
10 22
10 23
10 24
10 25
10 26
10 27
11 28
11 29
11 30
11 31
11 32
11 33
11 34
11 35
11 36
11 37
12 39
12 30
12 60
12 76
12 79
12 66
13 89
13 69
13 90
13 31
13 55
13 81
13 71
13 34
13 63
13 78
13 48
13 65
14 91
14 92
14 93
14 32
14 20
14 33
14 94
14 25
14 35
14 50
15 38
15 108
15 93
15 110
15 20
15 114
15 33
15 64
15 79
15 74
16 39
16 92
16 41
16 99
16 54
16 83
16 22
16 122
16 62
16 26
16 47
16 88
16 98
16 75
17 29
17 104
17 123
17 83
17 116
17 112
17 74
17 56
17 124
18 115
18 42
18 20
18 94
18 117
18 37
19 93
19 104
19 90
19 119
19 55
19 46
19 78
19 49
19 37
20 29
20 53
20 120
20 116
20 77
20 33
20 72
20 79
20 98
20 75
21 90
21 119
21 81
21 85
21 109
21 34
21 78
21 112
21 101
21 36
21 65
21 37
22 89
22 29
22 108
22 52
22 90
22 81
22 43
22 103
22 63
22 46
22 112
22 36
22 56
23 95
23 68
23 29
23 111
23 42
23 84
23 44
23 86
23 62
23 24
23 46
23 79
23 74
23 49
23 75
24 95
24 89
24 108
24 81
24 106
24 63
24 46
24 79
24 97
24 56
24 98
25 70
25 31
25 119
25 82
25 83
25 125
25 78
25 66
25 37
26 89
26 31
26 123
26 119
26 102
26 53
26 33
26 64
26 65
26 97
26 57
27 28
27 91
27 30
27 69
27 70
27 59
27 99
27 96
27 55
27 120
27 71
27 76
27 116
27 34
27 105
27 66
28 51
28 52
28 31
28 53
28 54
28 55
28 36
28 56
28 57
29 38
29 95
29 58
29 70
29 81
29 83
29 85
29 62
29 72
29 107
29 97
30 95
30 40
30 92
30 110
30 77
30 61
30 62
30 78
30 87
30 88
30 36
30 74
31 115
31 104
31 106
32 93
32 103
32 46
33 39
33 70
33 59
33 110
33 116
33 118
33 47
33 50
34 91
34 100
34 85
34 122
34 62
34 66
35 68
35 96
35 64
35 36
35 50
36 111
36 41
36 60
36 100
36 74
36 97
36 75
37 58
37 119
37 100
37 86
37 94
37 105
37 75
38 39
38 40
38 41
38 42
38 43
38 44
38 45
38 46
38 47
38 48
38 49
38 50
39 68
39 40
39 69
39 70
39 55
39 71
39 72
39 63
39 73
39 74
39 75
40 80
40 102
40 53
40 100
40 103
40 72
40 64
40 57
41 51
41 80
41 119
41 120
41 60
41 106
41 47
41 121
41 74
41 97
41 57
42 69
42 103
42 64
42 48
43 91
43 111
43 115
43 83
43 106
43 118
43 94
43 107
43 87
43 74
43 49
43 117
44 108
44 90
44 53
44 71
44 122
44 109
44 86
44 97
44 50
44 67
45 108
45 119
45 116
45 64
45 48
45 65
45 66
45 97
46 96
46 84
46 86
46 105
46 87
46 50
46 117
47 85
47 77
47 62
47 73
47 66
47 124
47 67
48 89
48 115
48 93
48 81
48 82
48 114
48 121
48 97
48 117
48 57
48 67
49 89
49 104
49 71
49 60
49 106
49 125
49 63
49 79
49 66
49 56
50 59
50 100
50 106
50 87
51 52
51 59
51 53
51 71
51 76
51 77
51 62
51 78
52 113
52 85
52 94
52 117
53 92
53 59
53 104
53 123
53 110
53 125
53 101
53 121
54 89
54 69
54 106
54 64
54 74
54 97
54 124
55 59
55 113
55 99
55 102
55 77
55 94
55 105
55 88
56 91
56 92
56 70
56 73
57 58
57 102
57 103
57 106
57 107
57 105
57 66
58 104
59 89
59 111
59 70
59 81
59 72
59 97
60 81
60 107
60 121
60 66
60 74
61 90
61 119
61 114
61 85
61 121
62 80
62 122
62 124
63 70
63 99
63 110
63 82
63 76
63 73
63 121
64 89
64 92
64 86
64 88
64 121
64 74
65 92
65 103
65 76
65 86
65 94
65 74
66 70
66 104
66 116
66 72
67 90
67 116
67 97
68 99
68 100
68 101
69 95
69 110
69 107
70 92
70 108
70 115
70 84
71 113
71 119
71 118
71 105
71 75
72 95
72 119
72 84
72 76
72 77
72 94
72 107
72 88
73 95
73 108
73 123
73 119
73 96
73 103
73 106
73 78
73 117
74 104
74 123
74 116
74 109
74 121
74 97
75 95
75 110
75 103
75 125
75 121
75 97
76 104
76 114
76 122
76 78
76 112
77 123
77 83
77 85
77 125
78 90
78 82
78 120
78 114
78 125
79 95
79 89
79 91
79 111
79 122
79 105
79 87
79 117
79 124
80 81
80 82
80 83
80 84
80 85
80 86
80 87
80 88
81 115
81 102
81 82
81 114
82 89
82 108
82 99
82 120
82 122
82 94
82 107
82 112
83 89
83 91
83 108
83 93
83 119
84 102
84 100
84 86
84 88
84 101
85 99
86 113
86 119
86 102
86 120
86 116
87 113
87 102
87 125
87 107
87 112
87 88
88 89
88 90
88 123
88 119
88 103
88 122
88 98
89 104
89 102
89 105
90 108
90 115
90 102
90 94
90 121
90 124
91 106
91 98
92 108
92 104
92 109
93 116
93 121
94 110
94 119
94 109
94 125
94 105
95 96
95 97
95 98
96 123
96 102
96 118
96 107
96 98
97 111
97 104
97 99
97 102
97 100
98 124
99 108
99 104
101 104
102 112
103 111
104 113
104 114
104 109
104 117
105 117
106 115
106 109
107 123
107 116
107 118
108 113
108 114
109 115
110 123
110 116
111 112
112 114
112 122
113 123
113 120
114 120
115 116
116 119
116 118
117 121
120 123
122 124
