0 1
0 2
0 3
0 4
0 5
0 6
0 7
0 8
0 9
0 10
0 11
0 12
0 13
0 14
0 15
0 16
1 17
1 18
1 19
1 20
1 5
1 21
1 22
1 23
1 24
1 25
1 26
1 27
1 28
1 29
1 30
2 42
2 53
2 38
3 54
3 84
3 40
3 32
3 85
3 110
3 4
3 76
3 99
3 67
3 87
3 68
3 62
4 39
4 40
4 85
4 76
4 121
4 70
4 48
4 6
4 9
4 27
4 109
4 80
4 30
5 124
5 71
5 94
5 90
5 105
5 58
5 11
5 109
5 117
6 31
6 54
6 44
6 92
6 7
6 8
6 9
6 59
6 35
6 119
6 13
6 14
6 81
7 63
7 120
7 118
7 49
7 94
7 65
7 96
7 88
7 26
7 108
7 38
7 117
8 56
8 93
8 69
8 74
8 102
8 104
8 103
8 35
8 67
8 87
8 123
8 27
9 85
9 18
9 93
9 118
9 83
9 48
9 91
9 96
9 122
9 67
9 123
9 108
9 80
10 20
10 102
10 34
10 22
10 122
10 111
10 51
10 27
10 80
11 43
11 75
11 41
11 21
11 22
11 122
11 103
11 67
11 29
12 31
12 40
12 77
12 42
12 67
12 88
12 101
12 30
12 106
13 39
13 97
13 63
13 107
13 68
13 29
13 62
13 106
14 17
14 19
14 98
14 64
14 49
14 105
14 65
14 53
14 99
14 103
14 72
14 37
14 101
14 29
14 80
14 106
15 31
15 57
15 115
15 19
15 110
15 74
15 83
15 102
15 96
15 113
15 114
15 123
15 78
15 109
15 80
16 64
16 118
16 105
16 21
16 60
16 122
16 67
16 26
16 108
17 31
17 32
17 33
17 34
17 35
17 36
17 37
17 38
17 30
18 98
18 110
18 69
18 71
18 111
19 56
19 93
19 20
19 99
19 24
19 113
19 25
19 117
20 82
20 97
20 69
20 75
20 121
20 53
20 23
20 87
20 37
20 27
20 101
21 32
21 98
21 116
21 46
21 107
21 90
21 105
21 125
21 38
22 31
22 46
22 71
22 86
22 125
22 66
22 117
22 80
22 61
23 44
23 33
23 102
23 121
23 49
23 125
23 35
23 67
23 36
23 72
24 39
24 45
24 32
24 112
24 118
24 76
24 41
24 49
24 123
24 52
24 29
24 30
25 85
25 63
25 92
25 110
25 73
25 94
25 100
25 53
25 35
25 123
25 78
25 30
26 54
26 57
26 42
26 60
26 111
26 81
26 106
27 97
27 92
27 75
27 87
27 79
28 92
28 118
28 102
28 104
28 77
28 42
28 95
28 99
28 96
28 35
28 114
28 51
28 106
29 89
29 32
29 46
29 102
29 59
29 109
30 84
30 98
30 69
30 48
30 90
30 65
30 101
31 39
31 40
31 41
31 42
32 43
32 85
32 64
32 76
32 104
32 41
32 77
32 100
32 105
32 87
32 62
33 82
33 85
33 110
33 73
33 91
33 99
33 103
33 87
33 123
33 68
33 101
33 80
34 40
34 57
34 46
34 121
34 104
34 65
34 96
34 67
35 63
35 115
35 75
35 86
35 58
35 66
35 67
35 81
35 62
36 54
36 39
36 82
36 85
36 115
36 118
36 71
36 48
36 96
36 123
36 68
37 85
37 98
37 120
37 83
37 71
37 107
37 72
37 79
37 61
38 54
38 45
38 57
38 121
38 77
38 86
38 91
38 51
38 61
39 69
39 70
39 71
39 65
39 59
39 60
39 72
40 73
40 83
40 102
40 77
40 49
40 42
40 50
40 103
40 72
40 61
41 92
41 73
41 47
41 105
41 101
42 43
42 54
42 55
42 63
42 77
42 87
42 88
42 78
42 68
43 44
43 45
43 46
43 47
43 48
43 49
43 50
43 51
43 52
44 63
44 64
44 47
44 65
44 53
44 58
44 66
44 67
44 68
45 69
45 73
45 74
45 75
45 76
45 77
45 78
45 52
45 79
45 80
45 81
46 112
46 64
46 70
46 91
46 122
46 68
46 101
46 80
46 62
47 97
47 57
47 63
47 93
47 64
47 48
47 78
48 89
48 56
48 110
48 116
48 104
48 99
48 96
48 88
48 51
48 108
49 54
49 55
49 98
49 94
49 65
49 67
49 87
49 78
49 52
50 57
50 70
50 107
50 105
50 125
50 59
50 101
51 54
51 93
51 121
51 107
51 94
51 100
51 53
51 58
52 54
52 82
52 120
52 118
52 94
52 100
52 88
52 101
52 80
52 81
53 69
53 83
53 104
53 105
53 66
53 68
54 55
54 56
54 57
54 58
54 59
54 60
54 61
54 62
55 84
55 89
55 70
55 90
55 91
55 88
55 81
56 64
56 75
56 94
56 100
56 101
56 62
57 82
57 107
57 100
57 58
57 88
57 108
57 79
57 109
58 83
58 70
58 125
58 66
58 60
58 96
58 79
58 62
59 115
59 64
59 73
59 94
59 103
59 101
60 120
60 73
60 121
60 100
60 67
60 80
60 61
61 89
61 121
61 65
61 96
61 103
61 113
61 88
61 101
61 117
62 76
62 105
62 125
62 95
62 99
62 114
62 111
62 117
62 81
63 112
63 64
63 76
63 102
63 114
63 108
64 116
64 103
64 108
65 92
65 76
65 105
65 88
65 72
65 79
65 80
65 106
66 98
66 69
66 102
66 122
66 114
67 121
67 114
67 101
67 106
68 98
68 93
68 83
68 71
68 90
69 83
69 70
69 100
70 84
70 92
70 83
70 87
70 111
70 72
70 117
71 74
71 95
71 103
71 113
71 87
71 78
71 80
72 110
72 93
72 74
72 76
72 125
72 96
72 109
73 89
73 92
73 104
73 117
74 112
74 116
74 83
74 75
74 76
74 104
74 86
74 122
75 92
75 83
75 80
76 112
76 120
76 102
76 122
76 111
76 81
77 92
77 94
77 100
77 99
77 103
77 113
78 84
78 104
78 96
78 81
78 106
79 92
80 89
80 122
80 114
81 108
81 101
82 83
83 110
83 101
84 85
84 86
84 87
84 88
85 86
85 101
85 106
86 97
86 112
86 115
86 121
86 125
86 103
86 101
87 120
87 96
88 112
88 92
88 98
88 96
88 103
88 114
88 106
89 92
89 93
89 94
89 95
89 96
90 96
90 103
90 123
91 92
91 124
91 111
91 117
92 110
92 96
92 114
94 107
94 105
94 108
94 117
95 116
95 122
95 111
96 125
97 98
97 99
98 116
98 118
98 100
98 113
99 107
99 113
99 101
100 107
101 124
102 124
102 109
103 106
104 120
105 109
106 112
106 120
106 107
106 122
106 113
107 112
107 116
107 119
107 111
108 117
109 112
110 119
111 115
111 113
111 114
112 113
113 122
113 123
115 116
116 120
117 119
118 122
118 119
119 122
119 123
121 125
123 125
