0 1
0 2
0 3
0 4
0 5
0 6
0 7
0 8
0 9
0 10
0 11
0 12
1 2
1 13
1 14
1 15
1 16
1 17
1 18
1 6
1 19
1 20
1 21
1 22
2 52
2 104
2 26
2 17
2 18
2 55
2 29
2 105
2 58
2 98
2 51
3 112
3 86
3 117
3 92
3 113
3 74
3 47
3 110
3 108
3 96
4 67
4 69
4 15
4 114
4 55
4 29
4 95
4 47
4 94
4 34
4 77
4 120
4 37
4 88
5 32
5 67
5 68
5 102
5 13
5 118
5 117
5 116
5 114
5 47
5 30
5 21
5 9
5 96
5 79
5 80
5 111
6 106
6 63
6 70
6 118
6 116
6 113
6 65
6 103
6 59
6 84
6 21
6 98
6 81
7 23
7 68
7 41
7 63
7 117
7 116
7 76
7 99
7 95
7 56
7 77
7 108
7 96
7 88
8 82
8 104
8 124
8 87
8 16
8 116
8 99
8 55
8 103
8 9
8 10
8 61
8 81
8 51
9 67
9 42
9 116
9 99
9 55
9 28
9 46
9 56
9 57
9 73
9 122
9 81
9 62
9 125
10 23
10 63
10 14
10 15
10 117
10 27
10 119
10 95
10 59
10 77
10 110
10 96
10 88
10 62
11 32
11 82
11 89
11 43
11 116
11 72
11 27
11 28
11 45
11 93
11 94
11 21
11 61
12 39
12 54
12 15
12 118
12 116
12 55
12 19
12 103
12 46
12 93
12 73
12 61
12 35
12 125
13 32
13 53
13 67
13 83
13 112
13 86
13 15
13 118
13 117
13 114
13 119
13 28
13 59
13 120
13 36
13 62
14 32
14 66
14 63
14 43
14 91
14 119
14 29
14 100
14 105
14 57
14 94
14 97
14 110
14 61
14 36
14 50
15 32
15 83
15 63
15 86
15 71
15 123
15 45
15 105
15 58
15 94
15 80
15 35
15 98
15 37
15 31
16 39
16 52
16 82
16 24
16 42
16 116
16 76
16 19
16 57
16 93
16 21
16 120
16 88
17 23
17 90
17 104
17 124
17 42
17 76
17 99
17 123
17 119
17 94
17 75
17 101
18 39
18 107
18 90
18 101
19 40
19 41
19 102
19 104
19 105
19 58
19 84
19 115
19 97
19 110
19 22
20 23
20 41
20 102
20 25
20 91
20 56
20 48
20 101
20 125
21 66
21 84
21 97
21 110
21 122
21 75
21 79
22 69
22 54
22 87
22 116
22 28
22 95
22 93
22 122
22 61
22 38
23 24
23 25
23 26
23 27
23 28
23 29
23 30
23 31
24 83
24 43
24 27
24 65
24 45
24 95
24 93
24 96
24 61
24 35
24 36
25 67
25 112
25 124
25 99
25 92
25 44
25 65
25 103
25 95
25 34
25 62
26 67
26 86
26 42
26 76
26 114
26 58
26 93
26 59
26 97
26 120
26 60
26 61
26 101
26 35
26 36
26 49
26 88
27 58
27 73
27 48
27 35
27 98
28 52
28 102
28 104
28 123
28 45
28 100
28 109
28 98
28 62
29 85
29 112
29 69
29 42
29 56
29 47
29 122
29 78
29 101
29 111
30 52
30 53
30 66
30 54
30 95
30 56
30 47
30 109
30 96
31 39
31 90
31 86
31 54
31 65
31 95
31 57
31 79
31 80
31 37
32 33
32 34
32 35
32 36
32 37
32 38
33 42
33 123
33 119
33 44
33 93
33 77
33 81
33 51
34 90
34 104
34 74
34 94
34 97
34 101
34 35
34 98
34 125
35 52
35 72
35 91
35 109
36 90
36 69
36 87
36 71
36 123
36 94
37 66
37 83
37 64
37 104
37 124
37 99
37 45
37 74
37 93
37 94
37 60
37 98
38 66
38 89
38 43
38 44
38 84
39 40
39 41
39 42
39 43
39 44
39 45
39 46
39 47
39 48
39 49
39 50
39 51
40 76
40 71
40 55
40 77
40 78
40 79
40 80
40 81
40 51
40 62
41 52
41 64
41 70
41 43
41 71
41 94
41 84
41 97
41 98
41 62
42 106
42 91
42 48
42 75
43 82
43 112
43 86
43 54
43 117
43 72
43 114
43 99
43 55
43 94
43 101
43 62
44 53
44 87
44 71
44 113
44 95
44 56
44 108
44 78
44 96
44 101
44 111
45 82
45 102
45 116
45 114
45 55
45 113
45 56
45 77
45 97
46 100
46 47
46 80
46 81
46 51
47 66
47 106
47 104
47 116
47 72
47 91
47 100
47 58
47 59
47 120
48 67
48 116
48 72
48 99
48 55
48 121
48 93
48 59
48 115
48 101
48 81
49 67
49 99
49 103
49 74
49 105
49 57
49 73
49 108
49 61
49 51
49 62
50 92
50 103
50 77
50 108
50 101
51 70
51 114
51 99
51 123
51 121
51 77
51 115
51 78
51 61
52 53
52 54
52 55
52 56
52 57
52 58
52 59
52 60
52 61
52 62
53 63
53 64
53 65
54 86
54 64
54 91
54 122
54 80
55 66
55 102
55 71
55 91
55 123
55 100
55 58
55 109
55 110
55 108
55 75
55 125
56 89
56 63
56 118
56 123
56 100
56 105
56 122
56 60
57 66
57 64
57 124
57 74
57 109
57 94
57 108
57 98
58 66
58 67
58 86
58 70
58 117
58 76
58 72
58 114
58 95
58 110
58 122
59 83
59 90
59 64
59 71
59 100
59 105
60 68
60 112
60 92
60 113
60 61
60 62
61 66
61 102
61 90
61 74
61 105
61 84
61 115
61 88
62 124
62 123
62 75
63 82
63 89
63 69
63 92
63 103
63 101
63 111
64 67
64 112
64 118
64 99
64 121
64 95
64 94
64 110
64 73
65 123
65 110
65 79
66 67
66 68
66 69
66 70
66 71
66 72
66 73
67 71
67 74
67 75
68 89
68 85
68 90
68 91
68 92
68 93
68 94
68 84
68 73
69 116
69 110
70 124
70 72
70 113
70 100
70 84
70 81
71 102
71 112
71 118
71 76
71 72
71 93
71 84
71 77
71 73
71 122
71 101
71 98
72 114
72 123
72 93
72 111
73 89
73 90
73 100
73 81
74 118
74 114
74 113
74 77
74 78
74 96
74 80
75 85
75 76
75 95
75 101
76 105
76 84
76 110
77 85
77 118
77 114
77 100
77 101
78 92
78 115
78 110
78 81
79 117
79 125
80 112
80 86
80 118
80 92
80 96
81 83
81 89
81 100
81 84
81 110
82 83
82 84
83 85
83 86
83 87
83 88
84 102
84 93
84 120
85 90
85 101
85 98
86 102
86 100
86 97
87 89
88 90
88 117
88 103
88 109
89 99
89 100
89 95
90 112
90 114
90 115
90 96
91 116
91 121
92 106
92 104
92 124
92 117
92 101
93 102
93 100
93 98
94 118
94 99
94 113
94 95
94 108
94 96
95 102
95 117
95 123
95 119
95 113
95 105
95 109
95 97
95 108
96 104
96 124
96 119
96 115
96 110
97 105
97 120
98 99
98 110
98 120
99 107
100 116
100 114
100 103
100 122
101 106
102 103
103 109
103 111
104 112
104 105
104 115
104 111
105 114
106 107
106 108
107 109
107 110
108 123
108 119
109 122
110 116
112 113
113 116
114 124
114 123
115 120
116 119
117 123
121 122
123 125
