0 1
0 2
0 3
0 4
0 5
0 6
0 7
1 75
1 76
1 37
1 87
1 10
1 88
1 38
1 89
1 26
1 3
1 54
1 39
1 5
1 20
1 90
1 50
1 91
1 22
1 74
1 92
2 43
2 106
2 53
2 71
2 27
2 14
2 48
2 109
2 72
2 110
2 90
2 50
2 33
2 111
3 43
3 25
3 37
3 71
3 78
3 101
3 18
3 80
3 20
3 74
3 23
4 43
4 63
4 69
4 98
4 77
4 71
4 38
4 55
4 17
4 80
4 73
4 74
4 33
4 108
4 7
5 69
5 38
5 40
5 114
5 23
6 53
6 100
6 82
6 16
6 57
6 73
6 91
6 51
6 95
6 62
6 52
6 92
7 8
7 75
7 96
7 10
7 78
7 101
7 18
7 51
7 33
7 23
8 9
8 10
8 11
8 12
8 13
8 14
8 15
8 16
8 17
8 18
8 19
8 20
8 21
8 22
8 23
9 24
9 25
9 26
9 27
9 28
9 29
9 30
9 31
9 32
9 33
9 34
9 35
10 44
10 25
10 53
10 38
10 93
10 30
10 112
10 99
10 113
10 111
11 45
11 47
11 107
11 82
11 64
11 73
11 32
11 112
11 34
11 92
12 25
12 102
12 78
12 39
12 100
12 29
12 79
12 21
12 118
13 107
13 15
13 16
13 79
13 19
13 115
13 49
13 91
13 51
13 62
13 113
13 108
14 24
14 75
14 69
14 37
14 47
14 53
14 100
14 29
14 67
14 20
14 61
14 62
14 113
14 111
14 52
15 36
15 25
15 96
15 93
15 67
15 121
15 51
15 60
15 61
15 118
15 35
16 36
16 105
16 102
16 47
16 103
16 64
16 110
16 122
16 116
16 22
16 86
16 61
17 123
17 82
17 93
17 86
17 118
18 36
18 45
18 107
18 53
18 85
18 94
18 115
18 86
18 61
18 35
19 96
19 100
19 81
19 120
19 67
19 110
19 90
19 61
19 113
19 34
20 77
20 83
20 64
20 93
20 30
20 124
20 114
20 116
20 121
20 51
20 118
21 25
21 96
21 45
21 53
21 48
21 83
21 30
21 67
21 31
21 114
21 90
21 22
21 68
21 99
22 106
22 77
22 48
22 93
22 85
22 80
22 104
22 122
22 62
22 99
23 107
23 53
23 119
23 100
23 55
23 64
23 65
23 124
23 86
23 113
24 63
24 69
24 70
24 53
24 71
24 72
24 73
24 74
25 43
25 75
25 76
25 70
25 77
25 38
25 78
25 39
25 79
25 80
25 49
25 52
26 63
26 69
26 79
26 58
26 91
26 95
27 96
27 100
27 48
27 104
27 73
27 32
27 122
27 90
27 91
27 86
27 52
28 36
28 44
28 45
28 77
28 119
28 123
28 120
28 67
28 31
28 114
28 122
28 86
28 108
29 36
29 76
29 105
29 87
29 98
29 88
29 71
29 103
29 38
29 85
29 50
29 33
30 69
30 70
30 38
30 82
30 101
30 104
30 57
30 112
30 125
31 37
31 70
31 124
31 117
31 59
31 68
31 60
31 112
31 111
31 92
32 37
32 46
32 47
32 78
32 84
32 115
32 74
33 75
33 45
33 102
33 100
33 40
33 66
33 124
33 73
33 112
33 113
34 69
34 76
34 87
34 47
34 71
34 38
34 89
34 79
34 110
34 74
34 111
34 125
35 69
35 106
35 78
35 92
36 37
36 38
36 39
36 40
36 41
36 42
37 44
37 45
37 82
37 52
38 44
38 100
38 48
38 51
39 98
39 83
39 85
39 86
39 61
39 108
40 44
40 107
40 120
40 48
40 104
40 124
40 122
40 51
40 68
41 46
41 54
41 67
41 117
41 50
41 42
41 60
41 74
42 98
42 77
42 53
42 119
42 83
42 79
43 44
43 45
43 46
43 47
43 48
43 49
43 50
43 51
43 52
44 53
44 54
44 55
44 56
44 57
44 58
44 59
44 50
44 60
44 61
44 62
45 87
45 98
45 54
45 100
45 101
45 56
45 84
45 60
46 63
46 57
46 91
47 48
47 65
47 79
47 117
47 59
47 115
47 50
47 51
47 60
47 118
48 63
48 98
48 56
48 93
48 79
48 72
48 115
48 74
48 61
48 113
49 63
49 87
49 85
49 80
49 94
49 110
49 121
49 92
50 103
50 83
50 57
50 124
50 90
50 118
51 75
51 69
51 97
51 87
51 102
51 98
51 54
51 56
51 57
51 59
51 125
51 92
52 77
52 71
52 54
52 99
53 105
53 88
53 119
53 54
53 55
53 64
53 95
54 105
54 81
54 109
54 104
54 124
54 114
54 113
54 118
55 77
55 83
55 94
55 72
55 114
55 112
55 86
56 81
56 101
56 68
56 118
57 105
57 106
57 102
57 82
57 83
57 94
57 124
57 90
57 68
57 125
57 108
58 77
58 114
58 115
58 91
58 112
58 95
58 62
59 96
59 98
59 65
59 109
59 66
59 104
59 116
59 68
60 101
60 121
60 108
61 76
61 70
61 88
61 89
61 123
61 78
61 93
61 91
61 99
62 102
62 100
62 82
62 83
62 109
63 64
63 65
63 66
63 67
63 68
64 75
64 69
64 76
64 105
64 78
64 93
64 121
65 75
65 88
65 79
65 115
66 97
66 105
66 106
66 87
66 84
66 73
66 110
66 115
66 91
66 118
66 92
67 105
67 107
67 120
67 73
67 91
68 96
68 71
68 89
68 78
68 84
68 72
68 112
68 125
69 81
69 82
69 83
69 84
69 85
69 80
69 86
70 96
70 77
70 85
70 114
70 115
70 116
71 114
71 110
71 95
72 76
72 102
72 103
72 81
72 82
72 90
72 116
72 111
73 87
73 77
73 107
73 119
73 100
73 85
73 104
73 86
73 99
74 75
74 87
74 77
74 82
74 79
74 90
74 112
76 87
76 89
76 93
76 94
76 95
77 98
77 89
77 78
77 109
77 93
77 104
77 117
77 116
77 118
78 102
78 101
78 104
78 124
78 90
78 99
79 97
79 82
79 120
79 94
79 99
80 102
80 103
80 109
80 114
80 116
81 123
81 93
81 85
81 116
82 84
83 97
83 123
83 109
83 93
83 115
83 111
83 108
84 109
84 114
84 116
84 86
84 113
84 118
85 106
85 98
85 89
85 120
86 98
86 101
86 94
86 114
86 110
86 91
87 94
88 119
88 120
88 121
88 99
88 111
89 109
89 92
90 101
90 115
90 91
91 119
91 124
91 114
91 99
91 108
92 106
92 119
92 93
93 105
93 123
93 99
93 118
94 119
95 106
95 108
96 97
96 98
96 99
97 102
97 103
97 104
98 100
98 114
98 113
99 123
99 109
99 108
100 104
100 125
101 122
103 123
103 122
104 109
104 125
106 107
106 108
107 122
108 118
109 115
109 121
109 118
109 125
110 124
110 112
111 122
112 123
113 124
113 121
115 122
115 116
116 123
116 124
117 119
117 121
120 125
121 125
