0 1
0 2
0 3
0 4
0 5
0 6
0 7
0 8
0 9
1 81
1 96
1 112
1 22
1 66
1 111
1 48
1 63
1 93
1 49
1 64
2 21
2 36
2 116
2 11
2 112
2 57
2 123
2 70
2 18
2 29
2 93
2 49
2 86
3 34
3 37
3 22
3 113
3 70
3 98
3 28
3 121
3 72
4 38
4 88
4 12
4 101
4 76
4 69
4 109
4 104
4 48
4 62
4 20
4 49
5 37
5 38
5 73
5 39
5 76
5 90
5 125
5 44
5 53
5 47
5 20
5 9
6 36
6 87
6 107
6 74
6 112
6 89
6 14
6 57
6 108
6 78
6 91
6 106
6 32
6 99
6 124
7 36
7 38
7 39
7 50
7 116
7 96
7 113
7 78
7 19
7 72
7 9
8 35
8 36
8 87
8 39
8 11
8 89
8 75
8 51
8 42
8 15
8 16
8 25
8 115
8 20
9 73
9 107
9 88
9 96
9 112
9 14
9 67
9 117
9 19
9 55
9 93
9 49
10 11
10 12
10 13
10 14
10 15
10 16
10 17
10 18
10 19
10 20
11 40
11 94
11 41
11 84
11 59
11 92
11 93
11 49
12 38
12 22
12 102
12 16
12 117
12 25
12 103
12 54
12 28
13 37
13 40
13 88
13 95
13 58
13 123
13 113
13 77
13 115
13 91
13 48
13 79
13 31
13 80
13 124
14 100
14 75
14 113
14 119
14 53
14 78
14 118
14 62
14 27
14 28
14 32
15 81
15 87
15 24
15 58
15 125
15 44
15 60
15 111
15 19
15 85
15 120
16 89
16 97
16 76
16 125
16 111
16 85
16 33
16 120
17 82
17 74
17 95
17 51
17 57
17 52
17 25
17 71
17 54
17 62
17 31
17 122
18 36
18 89
18 76
18 44
18 53
18 78
18 47
18 106
19 21
19 100
19 96
19 112
19 22
19 57
19 84
19 69
20 81
20 94
20 48
20 29
20 63
21 22
21 23
21 24
21 25
21 26
21 27
21 28
21 29
21 30
21 31
21 32
21 33
22 81
22 40
22 100
22 94
22 66
22 57
22 46
22 25
22 77
22 60
22 27
22 64
22 80
23 35
23 36
23 38
23 41
23 45
23 84
23 109
23 59
23 105
24 73
24 96
24 44
24 69
24 27
24 92
24 63
24 86
24 80
25 34
25 94
25 88
25 69
25 53
25 48
25 105
25 28
26 73
26 41
26 75
26 123
26 91
26 32
26 120
27 37
27 65
27 52
27 97
27 44
27 70
27 60
27 118
27 85
27 121
27 33
28 39
28 57
28 42
28 58
28 44
28 46
28 119
28 91
28 98
28 85
29 34
29 56
29 37
29 65
29 76
29 53
29 104
29 54
29 114
29 85
30 82
30 107
30 88
30 74
30 42
30 43
30 46
30 103
30 62
30 92
30 93
30 80
31 36
31 39
31 88
31 51
31 97
31 45
31 84
31 114
31 105
31 92
31 80
32 50
32 100
32 102
32 44
32 45
32 123
32 69
32 105
32 64
33 36
33 39
33 96
33 43
33 123
33 70
33 63
33 80
34 35
34 36
34 37
34 38
34 39
34 40
34 41
34 42
34 43
34 44
34 45
34 46
34 47
34 48
34 49
35 50
35 51
35 52
35 43
35 53
35 54
35 55
36 65
36 66
36 67
36 44
36 68
36 69
36 70
36 71
36 72
37 38
37 73
37 50
37 74
37 66
37 75
37 51
37 57
37 76
37 42
37 58
37 43
37 46
37 77
37 70
37 78
37 54
37 79
37 80
38 94
38 95
38 75
38 78
38 91
38 49
38 72
39 100
39 101
39 57
39 102
39 68
39 103
39 60
39 104
39 54
39 105
39 106
40 81
40 87
40 89
40 76
40 78
40 71
40 111
40 98
40 110
41 44
41 47
41 105
42 87
42 116
42 74
42 95
42 67
42 125
42 60
42 78
42 71
42 54
42 62
42 92
42 120
43 50
43 52
43 53
43 78
43 121
44 50
44 123
44 60
44 55
44 92
44 106
45 100
45 96
45 117
45 114
45 55
46 96
46 101
46 52
46 90
46 103
46 119
46 115
46 111
46 105
46 93
46 99
46 120
47 81
47 94
47 66
47 58
47 103
47 69
47 115
47 55
47 79
47 124
48 60
48 114
48 93
49 82
49 76
49 125
49 70
49 111
49 118
49 85
49 121
49 63
50 100
50 107
50 108
50 109
50 59
50 104
50 110
51 82
51 94
51 83
51 70
51 114
51 118
51 99
52 88
52 90
52 123
52 84
52 77
52 98
53 94
53 107
53 112
53 83
53 61
53 114
53 62
53 105
53 92
53 106
53 121
53 63
54 73
54 100
54 75
54 58
54 60
55 56
55 73
55 82
55 65
55 89
55 95
55 102
55 109
55 104
55 62
56 57
56 58
56 59
56 60
56 61
56 62
56 63
56 64
57 82
57 101
57 103
57 119
57 71
58 82
58 74
58 89
58 101
58 123
58 68
58 119
58 70
58 118
58 85
58 106
59 100
59 67
59 90
59 83
59 60
59 118
59 121
60 100
60 75
60 83
60 115
60 71
60 114
61 119
61 77
61 91
61 63
61 80
62 88
62 89
62 71
62 111
62 64
63 65
63 95
63 76
63 123
63 84
63 71
63 121
63 72
64 116
64 113
64 86
64 122
65 102
65 76
65 84
65 77
65 79
65 121
66 83
66 104
66 78
66 105
66 110
67 107
67 89
67 97
67 90
67 80
68 81
68 96
68 70
69 74
69 112
69 95
69 75
69 125
69 78
70 87
70 123
70 119
70 77
70 98
71 108
72 88
72 112
72 115
72 91
72 114
72 110
73 96
73 95
73 97
73 77
73 98
73 93
73 99
74 100
74 106
74 79
74 99
74 86
74 80
75 89
75 92
75 121
75 124
76 81
76 94
76 108
76 111
76 114
76 80
77 82
77 89
77 83
77 103
78 87
78 100
78 123
78 108
78 91
79 102
79 83
80 116
80 89
80 125
80 85
81 82
81 83
81 84
81 85
81 86
82 112
82 97
82 113
82 114
82 110
83 108
83 109
83 104
83 114
83 124
84 116
84 90
84 118
84 110
84 86
84 120
85 96
85 95
85 93
86 116
86 107
86 95
86 102
86 104
86 91
86 92
87 88
87 89
87 90
87 91
87 92
87 93
88 121
88 122
89 107
89 109
89 114
89 118
90 104
91 116
91 119
91 111
91 110
91 120
92 116
92 108
92 111
92 120
93 94
94 116
94 119
95 96
95 112
95 97
95 117
95 104
95 115
95 98
96 116
96 103
96 119
96 109
96 111
96 105
97 113
97 124
98 101
98 108
98 119
98 109
99 104
99 115
99 111
99 110
99 106
99 122
99 120
100 104
100 115
101 114
101 118
101 105
101 110
101 124
102 106
103 109
103 124
104 120
105 116
105 115
105 121
106 107
106 117
106 113
106 109
106 118
107 116
107 117
107 120
108 117
108 125
108 113
109 113
109 119
109 122
110 115
111 123
111 119
111 114
111 122
111 124
113 115
113 124
113 120
114 116
114 117
114 118
115 119
116 117
116 118
117 125
117 118
118 119
120 123
