0 1
0 2
0 3
0 4
0 5
0 6
0 7
0 8
0 9
0 10
0 11
1 82
1 96
1 99
1 2
1 109
1 57
1 106
1 3
1 76
1 77
1 47
1 63
1 7
1 74
2 54
2 99
2 103
2 58
2 83
2 59
2 62
2 22
2 24
2 90
2 37
3 54
3 75
3 56
3 69
3 107
3 44
3 17
3 6
3 89
3 108
3 52
3 118
3 35
3 10
4 38
4 96
4 66
4 28
4 44
4 17
4 18
4 123
4 5
4 48
4 34
4 53
4 118
4 95
4 36
5 43
5 119
5 28
5 92
5 46
5 49
5 94
5 64
5 105
5 40
5 121
5 42
5 74
6 25
6 75
6 56
6 103
6 109
6 57
6 16
6 92
6 20
6 78
6 63
6 74
7 38
7 96
7 102
7 29
7 92
7 32
7 79
7 105
7 8
7 81
7 11
8 25
8 55
8 87
8 103
8 57
8 69
8 92
8 124
8 115
8 71
8 32
8 62
8 21
8 85
8 98
8 51
8 41
8 52
8 53
8 90
8 125
9 13
9 14
9 109
9 91
9 93
9 47
9 123
9 39
9 61
9 49
9 51
9 94
10 55
10 13
10 103
10 57
10 93
10 47
10 88
10 120
10 79
10 94
10 64
10 90
11 96
11 46
11 88
11 120
11 116
11 85
11 100
11 105
11 41
11 24
11 86
11 74
12 13
12 14
12 15
12 16
12 17
12 18
12 19
12 20
12 21
12 22
12 23
12 24
13 54
13 87
13 96
13 97
13 67
13 30
13 18
13 39
13 81
13 35
14 106
14 68
14 107
14 77
14 46
14 20
14 78
14 108
14 95
15 38
15 66
15 67
15 69
15 71
15 61
15 78
15 100
15 33
15 125
16 96
16 66
16 58
16 28
16 30
16 18
16 72
16 89
16 108
16 33
16 40
16 101
16 65
17 27
17 93
17 84
17 77
17 120
17 79
17 40
17 24
17 42
17 74
17 111
18 43
18 91
18 106
18 28
18 92
18 93
18 46
18 61
18 72
18 19
18 62
18 63
18 94
18 90
18 86
18 95
19 103
19 58
19 69
19 107
19 44
19 88
19 32
19 61
19 114
19 73
19 89
19 108
19 33
19 117
19 37
20 82
20 107
20 84
20 44
20 31
20 70
20 114
20 100
20 36
21 26
21 29
21 124
21 53
21 24
22 75
22 76
22 108
22 105
22 34
22 118
22 35
23 102
23 30
23 88
23 59
23 32
23 123
23 53
24 26
24 82
24 97
24 119
24 107
24 44
24 76
24 46
24 71
24 32
24 72
24 114
24 78
24 51
24 33
24 81
24 118
24 36
25 26
25 27
25 28
25 29
25 30
25 31
25 32
25 33
25 34
25 35
25 36
25 37
26 67
26 46
26 60
26 53
26 42
26 74
27 96
27 57
27 83
27 110
27 70
27 59
28 57
28 70
28 116
28 49
28 79
28 118
28 121
28 35
29 96
29 57
29 106
29 110
29 93
29 124
29 104
29 120
29 123
29 105
29 121
29 113
29 37
30 55
30 56
30 87
30 99
30 103
30 84
30 112
30 42
30 37
31 55
31 75
31 56
31 91
31 104
31 71
31 39
31 60
31 85
31 94
31 41
31 81
32 43
32 87
32 58
32 84
32 104
32 39
32 49
32 105
32 53
32 121
32 35
33 99
33 58
33 124
33 115
33 49
33 85
33 51
33 89
33 80
33 95
33 37
34 103
34 91
34 106
34 58
34 120
34 78
34 79
34 63
34 94
34 64
34 40
34 37
35 57
35 91
35 92
35 93
35 70
35 59
35 61
35 51
35 121
35 74
36 99
36 77
36 120
36 85
36 89
36 125
37 55
37 82
37 102
37 119
37 124
37 76
37 122
37 112
37 64
37 118
37 125
37 65
38 39
38 40
38 41
38 42
39 87
39 99
39 103
39 68
39 93
39 112
39 71
39 72
39 80
39 95
39 113
39 65
40 109
40 89
40 52
40 65
41 96
41 69
41 71
41 78
41 51
41 125
41 65
41 111
42 99
42 77
42 59
42 100
43 44
43 45
43 46
43 47
43 48
43 49
43 50
43 51
43 52
43 53
44 55
44 57
44 119
44 67
44 68
44 83
44 76
44 77
44 59
44 123
44 60
44 62
44 52
44 81
44 125
44 113
45 54
45 87
45 99
45 102
45 66
45 112
45 123
45 52
45 95
46 68
46 72
46 52
46 86
46 111
47 97
47 106
47 68
47 123
47 50
47 64
47 95
48 56
48 109
48 58
48 84
48 88
48 59
48 116
48 62
48 113
49 55
49 103
49 119
49 69
49 76
49 122
49 70
49 115
49 71
49 50
49 63
49 98
49 89
49 64
49 90
49 125
49 95
50 75
50 68
50 120
50 60
50 116
50 100
50 63
50 90
51 124
51 88
51 78
51 100
51 118
52 54
52 75
52 87
52 93
52 61
52 116
52 62
52 94
52 108
52 80
52 113
53 96
53 57
53 67
53 110
53 77
53 125
53 86
54 55
54 56
54 57
54 58
54 59
54 60
54 61
54 62
54 63
54 64
54 65
55 66
55 67
55 68
55 69
55 70
55 71
55 72
55 73
56 87
56 88
56 79
56 89
56 80
56 81
56 90
57 69
57 104
57 71
57 78
57 73
57 98
57 117
57 118
58 77
58 112
58 123
58 73
58 121
58 113
59 75
59 96
59 66
59 68
59 107
59 122
60 91
60 70
60 77
60 85
60 79
60 100
60 121
60 86
61 99
61 110
61 88
61 123
61 63
61 121
61 65
62 87
62 102
62 66
62 103
62 97
62 119
62 89
62 108
62 80
63 87
63 83
63 110
63 107
63 78
63 73
63 80
63 125
64 75
64 69
64 114
64 80
65 92
65 84
65 124
65 123
65 116
65 74
65 111
66 91
66 78
66 105
66 80
66 74
66 111
67 103
67 119
67 91
67 92
67 90
67 113
68 109
68 83
68 92
68 70
68 77
68 114
68 117
68 113
69 97
69 107
69 124
69 122
69 88
69 85
69 86
70 87
70 102
70 97
70 71
70 108
71 102
71 91
71 107
71 124
71 77
71 120
71 79
71 105
71 117
72 83
72 110
72 107
72 77
72 120
73 109
73 92
73 115
73 125
73 111
74 77
74 116
74 101
74 121
75 76
75 77
75 78
75 79
75 80
75 81
76 109
76 93
76 84
76 104
76 80
77 87
77 96
77 109
77 97
77 122
77 88
77 78
77 125
78 103
78 92
78 104
78 113
79 109
79 119
79 92
79 112
79 88
79 123
79 105
80 109
80 92
80 120
80 117
80 113
81 93
81 107
81 124
81 101
82 83
82 84
82 85
82 86
83 96
83 90
84 93
84 88
85 97
85 95
86 97
86 116
86 100
86 121
87 91
87 92
87 93
87 94
87 95
88 102
88 120
88 125
89 103
89 94
89 90
89 113
90 97
90 92
90 110
90 124
90 100
90 98
90 121
90 95
91 119
91 122
91 112
91 123
91 94
92 96
92 112
92 114
93 98
93 108
94 120
95 99
95 103
95 113
95 111
96 98
97 115
97 116
98 121
98 111
99 100
99 101
100 104
101 106
101 107
101 120
101 125
102 103
102 104
102 105
103 107
103 112
103 105
103 113
104 106
104 112
104 114
105 118
106 121
107 108
107 113
108 109
108 113
109 110
109 114
110 120
111 112
111 125
112 124
112 117
114 125
118 120
119 120
119 121
120 124
