0 1
0 2
0 3
0 4
0 5
0 6
0 7
0 8
0 9
0 10
0 11
0 12
0 13
1 31
1 2
1 48
1 5
1 49
1 50
1 51
1 46
1 52
1 10
1 11
2 30
2 31
2 57
2 3
2 58
2 53
2 43
2 59
2 60
2 61
2 62
2 63
2 49
2 54
2 64
2 55
2 10
2 20
2 65
2 66
2 67
2 68
2 69
3 23
3 33
3 75
3 70
3 101
3 44
3 16
3 7
3 88
3 64
3 55
3 10
3 65
3 11
3 12
3 83
4 85
4 15
4 101
4 78
4 36
4 98
4 64
4 55
5 84
5 91
5 24
5 6
5 59
5 101
5 50
5 68
5 56
5 74
5 69
6 23
6 58
6 77
6 97
6 107
6 62
6 45
6 17
6 51
6 46
6 95
6 67
6 103
6 105
6 73
6 115
7 21
7 60
7 122
7 92
7 79
7 80
7 38
7 18
7 20
7 109
7 56
7 69
8 96
8 106
8 122
8 62
8 27
9 48
9 77
9 59
9 106
9 112
9 17
9 38
9 11
9 109
9 41
10 21
10 31
10 32
10 42
10 59
10 61
10 17
10 49
10 111
10 93
10 105
11 14
11 75
11 76
11 25
11 59
11 78
11 71
11 108
11 94
11 72
11 65
11 82
12 14
12 22
12 23
12 84
12 33
12 118
12 25
12 43
12 107
12 61
12 34
12 79
12 71
12 88
12 51
12 113
12 93
12 52
12 20
12 66
12 95
12 115
13 96
13 118
13 78
13 61
13 64
13 111
13 115
14 15
14 16
14 17
14 18
14 19
14 20
15 58
15 25
15 36
15 50
15 120
15 114
15 64
15 40
15 90
16 21
16 57
16 48
16 75
16 77
16 112
16 107
16 51
16 113
16 18
16 109
16 83
16 115
16 69
17 91
17 75
17 45
17 88
17 111
17 19
17 109
17 123
17 115
17 74
17 29
18 77
18 59
18 26
18 63
18 80
18 99
18 39
18 90
18 83
18 56
19 24
19 85
19 70
19 45
19 92
19 120
19 119
19 83
19 68
19 73
19 115
19 74
19 69
20 30
20 96
20 75
20 121
20 60
20 97
20 107
20 37
20 55
20 66
20 40
20 73
20 29
21 22
21 23
21 24
21 25
21 26
21 27
21 28
21 29
22 42
22 43
22 34
22 44
22 45
22 26
22 46
22 47
23 31
23 75
23 76
23 77
23 70
23 78
23 44
23 79
23 80
23 54
23 46
23 81
23 72
23 82
23 66
23 28
23 83
24 30
24 33
24 75
24 102
24 62
24 87
24 55
24 46
24 52
24 95
24 103
24 104
24 105
25 31
25 48
25 96
25 106
25 122
25 87
25 79
25 111
25 113
25 93
25 52
25 66
25 103
25 105
25 115
26 84
26 116
26 92
26 63
26 54
26 114
26 51
26 108
26 41
27 30
27 62
27 45
27 92
27 79
27 81
27 40
27 104
27 47
28 48
28 116
28 63
28 79
28 80
28 108
28 100
28 47
29 76
29 118
29 53
29 121
29 37
29 124
29 99
29 39
29 66
29 103
30 31
30 32
30 33
30 34
30 35
30 36
30 37
30 38
30 39
30 40
30 41
31 53
31 54
31 55
31 40
31 56
31 41
32 84
32 106
32 107
32 54
32 108
32 46
32 52
32 109
32 40
32 104
32 56
33 84
33 48
33 70
33 112
33 35
33 44
33 88
33 89
33 113
33 46
33 83
33 105
34 43
34 121
34 112
34 61
34 63
34 98
34 49
34 119
34 93
34 81
34 52
34 66
35 42
35 76
35 60
35 107
35 94
35 39
35 83
36 57
36 77
36 122
36 87
36 125
36 111
36 67
36 123
36 73
36 115
37 101
37 117
37 63
37 125
37 64
37 94
37 41
38 91
38 42
38 122
38 117
38 78
38 125
38 98
38 55
38 119
38 72
38 100
38 73
39 110
39 76
39 121
39 122
39 63
39 108
39 72
39 66
39 67
39 103
39 115
39 41
39 69
40 84
40 53
40 49
40 79
40 88
40 99
40 93
40 65
40 109
40 95
40 47
40 41
41 117
41 78
41 69
42 57
42 102
42 43
42 61
42 114
42 74
43 85
43 101
43 60
43 122
43 49
43 71
43 108
43 82
43 67
44 58
44 106
44 121
44 78
44 87
44 79
44 95
45 48
45 118
45 77
45 121
45 63
45 89
45 93
45 81
45 95
45 104
45 47
46 85
46 122
46 98
46 65
46 82
46 83
46 105
47 116
47 118
47 86
47 98
47 114
47 55
48 84
48 75
48 77
48 55
48 95
48 68
49 125
49 88
50 118
50 107
50 87
50 71
50 113
50 56
50 74
51 84
51 118
51 77
51 70
51 59
51 101
51 87
51 71
51 99
51 64
51 119
51 73
52 77
52 70
52 59
52 78
52 87
52 119
52 83
52 68
53 96
53 64
53 66
53 123
54 118
54 86
54 97
54 55
54 82
54 69
55 77
55 79
55 65
55 66
55 103
55 105
55 73
56 91
56 75
56 102
56 86
56 70
56 97
56 117
56 120
57 70
57 62
57 71
57 64
57 72
57 66
57 73
57 74
58 59
58 97
58 81
58 90
58 69
59 84
59 110
59 121
59 92
59 89
59 109
59 66
59 69
60 77
60 109
61 96
61 112
61 107
61 100
61 69
62 96
62 85
62 102
62 98
62 111
62 119
62 82
62 123
62 115
63 86
63 78
63 120
63 113
63 119
63 68
63 73
64 116
64 102
64 71
64 68
64 105
65 110
65 77
65 122
65 80
66 91
66 116
66 101
66 125
66 98
66 94
66 123
66 74
67 102
67 70
67 121
67 109
67 90
67 68
67 69
68 84
68 76
68 121
68 87
68 92
68 80
68 89
68 113
68 95
69 116
69 112
69 108
69 81
69 105
69 74
70 84
70 96
70 116
70 121
70 117
70 98
70 108
70 103
70 104
71 84
71 118
71 86
71 112
71 114
71 105
72 75
72 78
72 80
72 81
73 122
73 92
73 98
73 79
73 113
73 81
73 95
74 87
74 103
74 83
74 105
75 110
75 102
75 106
75 87
75 108
76 101
76 98
76 111
76 108
76 100
77 96
77 92
77 80
77 104
78 89
78 95
79 86
79 119
80 96
80 118
80 101
80 119
81 91
81 87
81 124
81 120
81 90
82 116
82 124
82 93
82 90
83 116
83 106
83 122
83 117
83 107
83 92
83 124
83 95
84 85
84 86
84 87
84 88
84 89
84 90
85 112
85 100
85 104
85 115
86 118
86 121
86 97
86 89
87 102
87 97
88 99
89 96
89 106
89 111
89 93
89 94
90 118
90 106
90 100
90 103
91 92
91 93
91 94
92 109
93 120
93 95
94 121
94 112
94 108
95 98
96 97
96 98
96 99
96 100
97 115
98 112
98 99
98 103
98 115
99 124
99 111
100 117
101 113
102 114
102 108
104 110
104 121
105 125
105 111
106 110
106 111
107 120
107 123
109 125
110 111
111 114
112 120
112 119
113 118
113 123
115 125
115 119
116 117
117 124
118 119
119 124
120 122
123 124
