0 1
0 2
0 3
0 4
0 5
0 6
0 7
0 8
0 9
1 49
1 26
1 14
1 58
1 44
1 59
1 60
1 61
1 8
1 20
1 9
1 37
2 39
2 62
2 63
2 32
2 64
2 65
2 66
2 37
3 25
3 85
3 40
3 42
3 16
3 71
3 17
3 116
3 47
4 85
4 40
4 31
4 69
4 95
4 93
4 20
4 21
4 119
4 57
4 37
5 85
5 102
5 88
5 104
5 31
5 52
5 44
5 70
5 96
5 60
5 112
5 115
5 91
5 87
5 56
5 48
5 24
6 83
6 84
6 11
6 63
6 79
6 43
6 32
6 92
6 96
6 89
6 53
6 90
6 82
6 93
6 119
6 87
6 37
7 26
7 83
7 62
7 84
7 44
7 45
7 92
7 72
7 121
7 75
7 86
7 57
8 25
8 85
8 41
8 118
8 13
8 32
8 81
8 64
8 71
8 115
8 91
8 66
8 56
9 25
9 40
9 42
9 118
9 15
9 18
9 61
9 97
9 91
10 11
10 12
10 13
10 14
10 15
10 16
10 17
10 18
10 19
10 20
10 21
10 22
10 23
10 24
11 84
11 50
11 78
11 99
11 14
11 15
11 71
11 89
11 73
11 76
11 91
12 26
12 62
12 32
12 110
12 113
12 90
12 18
12 47
12 24
13 25
13 39
13 67
13 62
13 85
13 30
13 14
13 32
13 108
13 109
13 37
14 26
14 27
14 85
14 94
14 31
14 53
14 116
14 54
14 97
14 56
15 94
15 69
15 95
15 110
15 66
15 108
15 109
16 83
16 32
16 89
16 65
16 98
16 56
17 49
17 26
17 100
17 78
17 118
17 94
17 31
17 101
17 59
17 70
17 105
17 46
17 36
17 61
17 74
17 76
17 77
18 78
18 68
18 58
18 95
18 32
18 111
18 60
18 116
18 107
19 83
19 63
19 85
19 30
19 69
19 59
19 45
19 81
19 64
19 124
19 53
19 65
19 120
20 83
20 79
20 70
20 33
20 35
20 76
20 56
21 84
21 78
21 30
21 113
21 90
21 117
21 37
22 85
22 30
22 103
22 94
22 32
22 33
22 92
22 34
22 117
22 24
23 25
23 30
23 58
23 34
23 113
23 82
23 74
23 55
24 28
24 40
24 88
24 104
24 68
24 58
24 95
24 70
24 45
24 35
24 121
24 74
24 109
24 122
25 26
25 27
25 28
25 29
25 30
25 31
25 32
25 33
25 34
25 35
25 36
25 37
25 38
26 78
26 79
26 80
26 33
26 81
26 71
26 34
26 53
26 82
27 92
27 34
27 53
27 60
27 36
27 61
27 54
27 93
27 57
28 84
28 42
28 31
28 64
28 111
28 72
28 75
28 93
29 67
29 100
29 69
29 45
29 113
29 47
29 75
29 54
30 114
30 44
30 71
30 72
30 112
30 90
30 54
30 37
31 39
31 63
31 43
31 95
31 32
31 33
31 81
31 105
31 106
31 82
31 121
31 108
31 37
32 79
32 52
32 81
32 111
32 89
32 65
32 66
33 62
33 85
33 51
33 69
33 44
33 96
33 72
33 90
33 65
33 57
33 37
34 62
34 78
34 41
34 123
34 113
34 115
34 76
34 98
34 48
35 84
35 50
35 41
35 118
35 52
35 90
35 73
35 86
35 98
36 83
36 40
36 94
36 79
36 80
36 64
36 71
36 53
36 113
36 90
36 121
36 37
37 103
37 51
37 69
37 43
37 70
37 123
37 96
37 65
37 98
37 38
38 102
38 79
38 96
38 111
38 60
38 116
38 117
38 122
39 40
39 41
39 42
39 43
39 44
39 45
39 46
39 47
39 48
40 67
40 78
40 99
40 58
40 79
40 43
40 95
40 53
40 113
40 91
40 65
41 68
41 58
41 80
41 59
41 105
41 71
41 53
41 113
41 116
41 76
41 117
42 84
42 50
42 94
42 68
42 58
42 59
42 64
42 96
42 61
42 54
43 62
43 63
43 80
43 92
43 72
44 79
44 105
44 54
44 86
44 117
45 62
45 114
45 113
45 86
45 76
46 83
46 104
46 64
46 82
46 115
46 120
47 50
47 88
47 104
47 94
47 95
47 90
47 116
47 106
47 119
47 109
47 122
48 67
48 104
48 105
48 124
48 121
48 55
49 50
49 51
49 52
49 53
49 54
49 55
49 56
49 57
50 83
50 102
50 103
50 104
50 99
50 101
50 64
50 105
50 106
50 97
50 55
50 107
50 108
50 109
51 78
51 68
51 99
51 101
51 80
51 81
51 97
52 94
52 99
52 53
52 90
52 106
52 61
52 76
52 119
52 108
53 84
53 101
53 72
53 90
53 82
53 75
53 98
54 123
54 86
54 115
55 99
55 123
55 121
55 56
55 117
56 84
56 103
56 110
56 123
56 71
56 111
56 90
56 82
57 63
57 79
57 64
57 105
57 124
57 109
58 100
58 69
58 71
58 89
58 86
58 93
58 76
59 83
59 84
59 63
59 79
59 106
59 82
59 121
59 75
59 66
59 77
60 78
60 68
60 96
60 106
60 121
60 66
61 78
61 85
62 88
62 68
62 89
62 90
62 91
62 87
63 100
63 90
63 82
63 86
63 98
64 100
64 102
64 114
64 80
64 96
64 111
64 89
64 86
64 91
64 98
65 88
65 101
65 110
65 123
65 98
65 87
66 100
66 102
66 114
66 123
66 90
66 73
66 121
66 91
66 108
67 68
67 69
67 70
67 71
67 72
67 73
67 74
67 75
67 76
67 77
68 104
68 69
68 92
68 73
68 86
68 93
68 107
69 79
69 80
69 121
69 97
69 77
69 108
70 83
70 79
70 113
70 77
71 83
71 78
71 92
71 105
71 77
71 109
71 122
72 101
72 124
72 113
72 109
73 84
73 110
73 111
73 125
73 113
73 116
73 115
73 119
73 109
74 83
74 80
74 121
75 103
75 88
75 101
75 125
75 106
75 77
75 108
75 122
76 83
76 85
76 102
76 88
76 82
76 87
77 118
77 114
77 115
77 98
77 87
78 100
78 88
78 110
78 105
78 111
78 112
78 97
79 100
79 118
79 95
80 102
80 81
80 111
80 115
81 83
81 114
81 90
82 83
82 84
82 100
82 85
82 115
83 84
83 85
83 86
83 87
84 94
84 95
84 96
84 97
84 98
85 93
86 88
86 94
86 101
86 105
86 109
86 122
88 118
88 92
88 91
88 119
89 104
89 96
89 97
89 93
89 107
90 103
90 105
90 108
91 94
91 121
91 93
92 94
92 96
92 93
92 120
92 122
93 103
93 124
94 112
94 115
95 118
95 110
95 111
96 118
96 99
96 111
96 120
98 99
98 109
100 101
101 111
103 110
103 112
103 115
104 111
104 112
105 110
105 122
106 112
106 107
107 117
108 111
108 115
108 117
109 123
110 114
110 116
111 122
113 118
113 115
114 120
115 116
117 122
120 125
