0 1
0 2
0 3
0 4
0 5
0 6
0 7
0 8
0 9
0 10
0 11
0 12
0 13
0 14
0 15
0 16
0 17
0 18
1 19
1 20
1 9
1 21
1 22
1 23
1 24
1 14
1 17
1 25
2 40
2 41
2 19
2 42
2 43
2 44
2 45
2 46
2 47
2 38
3 40
3 68
3 69
3 22
3 70
3 71
3 72
3 73
3 74
3 17
3 25
3 63
4 89
4 79
4 9
4 69
4 46
4 23
4 60
4 15
4 94
4 95
5 84
5 107
5 42
5 89
5 97
5 68
5 103
5 23
5 24
5 13
5 35
5 80
5 81
6 78
6 50
6 119
6 79
6 22
6 33
6 24
6 100
6 71
6 104
6 63
6 120
6 18
7 27
7 107
7 20
7 43
7 44
7 119
7 68
7 118
7 10
7 65
7 66
7 23
7 15
7 113
7 116
7 74
8 48
8 84
8 19
8 89
8 31
8 45
8 69
8 14
8 74
8 37
8 120
9 29
9 41
9 69
9 72
9 61
9 124
9 63
9 92
10 48
10 78
10 19
10 42
10 20
10 44
10 31
10 45
10 47
10 23
10 110
10 111
10 123
10 17
10 54
10 122
11 40
11 42
11 52
11 75
11 99
11 12
11 35
11 14
11 72
11 62
11 37
12 52
12 43
12 30
12 59
12 109
12 33
12 100
12 82
12 55
12 104
13 107
13 52
13 102
13 85
13 70
13 93
13 36
13 111
13 37
13 38
13 77
14 26
14 84
14 20
14 57
14 68
14 32
14 23
14 61
14 17
14 67
14 101
15 105
15 96
15 89
15 59
15 99
15 123
15 38
15 67
15 39
15 77
16 52
16 89
16 119
16 118
16 46
16 93
16 80
16 53
16 55
16 115
17 78
17 31
17 97
17 58
17 79
17 22
17 23
17 35
17 111
17 95
17 37
17 104
18 27
18 20
18 112
18 97
18 59
18 109
18 24
18 60
18 74
18 94
18 83
19 40
19 96
19 30
19 68
19 103
19 87
19 77
20 88
20 96
20 59
20 32
20 108
20 100
20 76
20 113
20 36
20 116
20 73
20 117
21 27
21 121
21 65
21 33
21 54
21 38
21 39
22 88
22 56
22 96
22 68
22 65
22 32
22 108
22 70
22 53
22 62
22 87
23 28
23 105
23 51
23 112
23 52
23 102
23 31
23 69
23 66
23 33
23 99
23 108
23 71
23 62
23 95
23 87
23 120
24 27
24 88
24 112
24 57
24 75
24 85
24 46
24 103
24 62
24 25
24 63
25 29
25 118
25 59
25 90
25 73
25 63
25 64
26 27
26 28
26 29
26 30
26 31
26 32
26 33
26 34
26 35
26 36
26 37
26 38
26 39
27 56
27 57
27 58
27 59
27 60
27 61
27 62
27 63
27 64
28 49
28 78
28 56
28 79
28 46
28 60
28 80
28 81
28 82
28 55
28 83
29 42
29 56
29 102
29 69
29 103
29 71
29 73
29 104
29 63
30 78
30 50
30 119
30 58
30 98
30 109
30 73
30 82
30 83
30 104
31 40
31 102
31 97
31 57
31 69
31 33
32 88
32 79
32 70
32 110
32 116
32 73
32 74
32 83
32 104
33 42
33 119
33 68
33 98
33 34
33 39
33 92
33 115
34 84
34 107
34 43
34 97
34 47
34 100
34 125
34 35
34 72
35 48
35 84
35 121
35 57
35 98
35 109
35 114
35 110
35 80
35 81
35 72
35 111
35 64
36 49
36 119
36 97
36 57
36 68
36 69
36 73
36 61
36 94
36 120
36 115
37 52
37 96
37 57
37 69
37 103
37 108
37 87
37 64
38 107
38 44
38 102
38 59
38 70
38 81
38 73
38 124
38 95
39 84
39 56
39 119
39 58
39 79
39 69
39 81
39 123
39 124
39 95
39 83
40 48
40 49
40 50
40 51
40 52
40 53
40 54
40 55
41 105
41 106
41 75
41 66
41 70
41 61
41 54
41 87
41 91
42 68
42 69
42 59
42 66
42 47
42 103
42 76
42 61
42 92
43 88
43 85
43 103
43 114
43 90
43 53
43 72
43 64
44 88
44 68
44 69
44 85
44 46
44 103
44 108
44 110
44 86
45 112
45 119
45 79
45 75
45 66
45 76
45 81
45 72
46 112
46 52
46 79
46 123
47 88
47 121
47 57
47 65
47 103
47 93
47 82
47 123
47 54
47 87
47 91
47 83
48 50
48 65
48 66
48 54
48 67
49 51
49 75
49 76
49 54
49 77
49 64
50 96
50 97
50 68
50 75
50 65
50 98
50 59
50 66
50 99
50 100
50 70
50 80
50 81
50 86
50 101
51 112
51 56
51 79
51 68
51 109
51 113
51 74
51 55
51 104
51 92
52 112
52 89
52 69
52 116
52 95
52 87
52 83
52 64
53 121
53 68
53 65
53 76
53 110
53 81
53 116
53 87
54 119
54 116
54 73
54 124
55 88
55 56
55 121
55 57
55 75
55 66
55 108
55 86
55 62
56 96
56 102
56 57
56 70
56 90
56 80
56 71
56 61
56 62
56 104
56 64
57 84
57 96
57 97
57 79
57 60
57 114
57 81
57 117
57 122
57 83
58 106
58 85
58 100
58 76
58 81
58 86
58 82
58 123
58 124
58 115
59 79
59 118
59 113
59 117
59 122
59 77
59 115
60 102
60 75
60 65
60 113
60 116
60 72
60 123
60 101
61 112
61 103
61 67
61 101
62 96
62 125
62 72
63 89
63 66
63 82
63 123
64 84
64 110
64 71
64 72
65 69
65 66
65 91
66 119
66 118
66 69
66 85
66 117
66 124
67 88
67 96
67 85
67 109
67 99
67 125
67 116
67 124
68 88
68 102
68 75
68 93
68 110
68 104
68 101
69 107
69 96
69 103
69 70
69 110
69 87
69 101
70 78
70 89
70 98
70 109
70 80
70 124
70 122
70 83
70 92
71 78
71 112
71 96
71 77
72 119
72 121
72 74
72 124
73 97
73 76
73 93
74 105
74 79
74 75
74 108
74 110
74 87
74 77
75 119
75 98
75 103
75 114
75 110
75 116
75 117
75 111
75 123
75 122
76 84
76 97
76 85
76 80
76 113
76 117
76 92
77 79
77 100
77 111
77 94
77 95
78 93
78 82
79 118
79 85
79 90
80 106
80 125
80 86
80 117
80 82
80 94
81 105
81 97
81 115
82 88
82 107
82 114
82 110
82 111
82 95
83 102
83 117
83 91
83 104
83 101
84 85
84 86
84 87
85 106
85 119
85 114
85 93
85 125
86 112
86 89
86 104
86 92
87 89
87 97
87 118
87 115
88 89
88 90
88 91
88 92
89 112
89 93
89 111
89 94
89 120
90 109
90 123
90 95
90 104
90 115
91 103
91 100
91 94
91 104
92 98
92 93
92 125
92 120
93 112
93 121
93 118
93 103
93 100
93 114
93 116
93 111
93 120
94 105
94 117
94 123
94 101
96 107
96 102
96 109
96 104
97 105
97 104
98 125
98 117
98 115
99 107
99 111
100 106
100 109
100 123
102 119
102 115
103 107
104 105
104 108
104 122
105 107
105 109
105 110
105 111
106 109
106 114
106 115
107 108
108 121
109 120
110 124
111 123
112 118
113 114
113 120
114 120
115 119
116 117
