0 1
0 2
0 3
0 4
0 5
0 6
0 7
0 8
0 9
0 10
0 11
0 12
0 13
1 14
1 15
1 16
1 17
1 18
1 19
1 20
1 21
1 22
1 23
1 24
1 25
1 26
2 15
2 72
2 59
2 78
2 7
2 79
2 69
2 80
2 41
2 10
2 81
2 11
2 82
2 83
2 84
3 87
3 6
3 88
3 46
3 17
3 9
3 89
3 20
3 22
3 48
3 43
3 11
3 54
3 70
3 57
3 26
3 71
4 39
4 67
4 93
4 80
4 20
4 40
4 21
4 22
4 94
5 50
5 8
5 67
5 90
5 9
5 43
5 53
5 77
5 99
5 100
5 101
5 102
6 39
6 75
6 41
6 42
6 106
6 116
6 31
6 45
6 71
6 84
7 60
7 46
7 61
7 18
7 92
7 95
7 48
7 82
7 83
8 69
8 18
8 41
8 49
8 100
8 58
8 45
8 71
9 69
9 119
9 74
9 80
9 62
9 52
9 76
9 23
9 43
9 11
9 24
9 56
9 57
9 45
9 124
10 38
10 97
10 89
10 80
10 61
10 123
10 43
10 96
10 124
11 66
11 60
11 97
11 28
11 68
11 69
11 93
11 51
11 86
11 40
11 12
11 56
11 31
11 65
12 27
12 39
12 21
12 29
12 41
12 98
12 82
12 25
12 116
12 118
12 71
13 15
13 38
13 119
13 51
13 76
13 81
13 108
13 98
13 25
13 117
13 26
14 27
14 28
14 29
14 23
14 30
14 31
14 32
14 33
14 34
15 59
15 60
15 46
15 17
15 28
15 61
15 62
15 63
15 44
15 64
15 65
15 33
16 59
16 28
16 68
16 81
16 95
16 96
16 44
16 24
16 55
16 56
17 87
17 78
17 97
17 120
17 121
17 53
17 64
17 116
17 33
18 60
18 85
18 89
18 52
18 19
18 20
18 40
18 98
18 25
19 37
19 60
19 90
19 73
19 115
19 89
19 112
19 91
19 49
19 53
19 64
19 83
19 56
19 65
19 118
19 33
20 50
20 60
20 120
20 90
20 119
20 115
20 112
20 125
20 96
20 53
20 77
20 64
20 99
20 122
20 94
20 33
21 60
21 68
21 73
21 107
21 125
21 86
21 41
21 23
21 44
21 108
21 77
21 83
21 100
22 59
22 46
22 61
22 75
22 121
22 113
22 30
22 101
23 35
23 87
23 103
23 97
23 46
23 67
23 47
23 61
23 76
23 113
23 114
23 56
23 32
24 79
24 46
24 90
24 119
24 62
24 125
24 40
24 108
24 117
25 35
25 59
25 39
25 60
25 111
25 61
25 102
26 72
26 97
26 74
26 125
26 113
26 29
26 44
26 77
26 82
26 83
26 101
26 84
27 68
27 74
27 107
27 62
27 86
27 63
27 48
27 42
27 96
27 49
27 108
27 82
27 99
27 109
28 97
28 88
28 120
28 90
28 85
28 119
28 47
28 93
28 45
29 36
29 87
29 110
29 104
29 61
29 112
29 53
29 108
29 82
29 116
29 45
29 33
30 37
30 89
30 52
30 81
30 83
30 124
31 39
31 119
31 123
31 41
31 54
31 99
31 70
31 58
32 50
32 73
32 93
32 81
32 95
32 117
32 84
33 72
33 39
33 85
33 93
33 125
33 105
33 98
33 82
33 45
33 71
34 36
34 79
34 47
34 93
34 112
34 123
34 40
34 96
34 98
34 114
34 117
34 45
35 36
35 37
35 38
35 39
35 40
35 41
35 42
35 43
35 44
35 45
36 46
36 47
36 41
36 48
36 49
37 66
37 72
37 59
37 60
37 68
37 73
37 74
37 51
37 75
37 76
37 63
37 77
37 65
38 60
38 85
38 75
38 86
38 81
38 43
38 64
38 65
39 50
39 90
39 69
39 74
39 115
39 61
39 52
39 95
39 43
39 99
40 103
40 60
40 46
40 74
40 81
40 64
40 114
40 101
40 102
41 97
41 74
41 107
41 51
41 86
41 113
41 63
41 95
41 96
41 99
41 122
41 109
41 94
42 50
42 66
42 72
42 51
42 63
42 44
42 70
42 117
42 101
42 102
42 116
42 109
42 94
42 71
43 50
43 60
43 79
43 46
43 68
43 73
43 80
43 44
43 56
44 88
44 119
44 113
44 116
44 58
45 87
45 46
45 67
45 121
45 77
45 64
45 114
46 111
46 120
46 85
46 68
46 47
46 80
46 121
47 74
47 115
47 61
47 81
47 96
47 49
47 106
47 108
47 94
48 79
48 111
48 61
48 52
48 92
48 99
48 100
48 58
48 84
49 88
49 121
49 106
49 99
50 51
50 52
50 53
50 54
50 55
50 56
50 57
50 58
51 104
51 125
51 123
51 92
51 100
52 62
52 121
52 91
53 111
53 73
53 105
53 96
53 108
53 55
53 122
53 118
53 71
54 87
54 78
54 97
54 74
54 75
54 64
54 101
54 65
55 103
55 110
55 89
55 107
55 62
55 91
55 63
55 100
55 65
56 69
56 119
56 125
56 123
56 99
56 117
56 58
56 94
57 78
57 90
57 74
57 107
57 62
57 76
57 81
57 83
58 66
58 103
58 111
58 67
58 69
58 74
58 115
58 75
58 62
58 121
58 114
58 102
59 110
59 88
59 111
59 75
59 112
59 81
59 106
60 88
60 85
60 112
60 98
60 114
60 100
60 118
61 66
61 72
61 107
61 80
61 112
61 91
61 122
62 79
62 67
62 92
62 98
62 100
63 79
63 111
63 85
63 86
63 98
63 99
64 88
64 74
64 80
64 123
64 81
64 108
65 111
65 89
65 105
65 94
65 71
66 67
66 68
66 69
66 70
66 71
67 88
67 108
67 117
68 88
68 85
68 89
68 70
68 102
68 71
69 90
69 89
69 121
69 92
69 99
69 83
69 102
70 115
70 105
70 91
70 106
70 77
70 83
71 72
71 73
71 121
71 91
71 113
71 116
72 87
72 90
72 73
72 74
72 91
72 92
73 110
73 97
73 111
73 89
73 112
73 123
73 86
73 106
73 99
73 124
74 110
74 88
74 76
74 81
74 124
75 110
75 104
75 120
75 86
75 92
75 114
75 84
76 86
76 116
76 94
77 87
77 110
77 120
77 105
77 82
77 117
77 116
78 113
79 115
79 113
79 108
79 94
80 92
80 81
80 98
80 100
80 102
81 97
81 107
81 96
81 114
82 123
82 105
83 84
84 123
84 91
84 86
84 113
85 86
85 92
85 95
85 100
85 122
85 109
86 110
86 88
86 98
86 114
86 124
87 97
87 98
87 99
88 90
88 93
88 105
88 108
89 107
89 125
89 91
89 92
89 108
89 94
90 120
90 116
91 119
91 121
91 106
91 98
91 114
92 116
92 122
93 120
93 115
93 101
93 94
94 104
94 115
94 122
95 110
95 99
96 119
96 114
96 117
96 124
97 119
97 107
97 112
98 101
102 119
102 106
103 104
103 105
103 106
104 117
104 118
105 111
106 121
106 108
106 114
106 109
107 120
107 119
107 124
109 111
109 119
109 112
110 113
110 114
111 116
112 121
112 113
113 121
114 120
114 124
118 121
122 124
124 125
