0 1
0 2
0 3
0 4
0 5
0 6
0 7
0 8
0 9
0 10
0 11
0 12
0 13
0 14
1 15
1 99
1 21
1 85
1 100
1 34
1 52
1 62
1 86
2 54
2 28
2 87
2 6
2 94
2 60
2 19
2 51
2 80
2 85
2 90
2 95
2 37
2 23
2 104
2 96
2 105
2 97
3 54
3 28
3 55
3 18
3 48
3 79
3 22
3 106
3 26
4 54
4 74
4 70
4 45
4 76
4 77
4 101
4 31
4 59
4 78
4 19
4 85
4 111
4 91
4 63
4 104
4 96
4 112
5 74
5 75
5 107
5 113
5 59
5 68
5 85
5 103
5 53
5 111
5 81
5 82
5 40
5 23
6 75
6 77
6 18
6 50
6 71
6 63
6 96
6 73
6 116
7 109
7 48
7 88
7 59
7 90
7 25
7 96
7 105
7 106
7 14
7 26
8 125
8 20
8 68
8 102
8 90
8 82
8 13
8 93
9 58
9 94
9 53
9 37
9 82
9 64
9 24
9 65
9 97
10 77
10 113
10 31
10 60
10 34
10 53
10 38
10 83
10 105
10 14
11 75
11 87
11 77
11 113
11 94
11 79
11 100
11 95
11 39
11 97
12 67
12 44
12 107
12 76
12 30
12 60
12 20
12 68
12 34
12 52
12 117
12 116
13 99
13 76
13 30
13 32
13 20
13 120
13 90
13 62
13 118
13 84
13 123
14 107
14 46
14 57
14 88
14 29
14 122
14 100
14 117
14 24
14 110
14 65
14 106
15 16
15 17
15 18
15 19
15 20
15 21
15 22
15 23
15 24
15 25
15 26
16 70
16 18
16 30
16 101
16 31
16 32
16 61
16 111
16 91
16 104
17 70
17 45
17 57
17 78
17 53
17 37
17 38
17 40
17 41
17 96
17 93
17 112
18 56
18 57
18 21
18 85
18 53
18 23
18 24
18 84
18 65
18 105
19 70
19 44
19 46
19 94
19 122
19 50
19 53
19 40
19 25
19 112
20 69
20 70
20 45
20 87
20 109
20 56
20 31
20 59
20 94
20 71
20 120
20 72
20 24
20 41
20 116
21 109
21 76
21 98
21 58
21 89
21 80
21 22
21 62
21 86
21 111
21 63
21 65
22 27
22 69
22 60
22 80
22 34
22 117
22 72
23 43
23 28
23 74
23 98
23 47
23 101
23 59
23 32
23 78
23 61
23 103
23 91
23 63
23 84
23 106
24 28
24 76
24 59
24 89
24 36
24 111
24 40
24 41
24 42
25 74
25 67
25 70
25 56
25 77
25 57
25 125
25 61
25 121
25 83
25 92
26 28
26 109
26 58
26 49
26 120
26 61
26 89
26 62
27 28
27 29
27 30
27 31
27 32
27 33
27 34
27 35
27 36
27 37
27 38
27 39
27 40
27 41
27 42
28 67
28 59
28 68
29 69
29 107
29 114
29 46
29 48
29 101
29 122
29 50
29 120
29 115
29 35
29 121
29 81
29 83
30 60
30 68
30 90
30 115
30 52
30 40
30 66
31 55
31 57
31 122
31 33
31 78
31 50
31 90
31 72
32 54
32 44
32 87
32 107
32 114
32 51
32 111
32 82
32 119
33 75
33 48
33 88
33 79
33 100
33 35
33 53
33 110
33 97
33 93
33 119
34 114
34 78
34 71
34 80
34 90
34 111
34 66
34 116
35 54
35 74
35 44
35 87
35 58
35 90
35 38
35 104
36 54
36 87
36 88
36 85
36 100
36 83
36 65
36 112
37 114
37 48
37 88
38 50
38 71
38 102
38 92
38 123
38 97
38 93
38 112
39 74
39 47
39 113
39 120
39 68
39 81
39 40
39 106
39 97
40 69
40 75
40 109
40 58
40 59
40 85
40 91
40 117
40 41
40 73
40 112
41 114
41 47
41 100
41 115
41 95
41 73
42 70
42 87
42 76
42 77
42 48
42 78
42 89
42 62
42 82
42 108
42 83
42 65
42 123
43 44
43 45
43 46
43 47
43 48
43 49
43 50
43 51
43 52
43 53
44 45
44 91
44 92
44 93
45 94
45 51
45 90
45 95
45 52
45 81
45 96
45 97
46 99
46 98
46 101
46 61
46 89
46 63
46 97
46 93
47 70
47 58
47 78
47 103
47 91
47 108
47 118
47 116
48 69
48 107
48 76
48 61
48 121
48 108
48 84
49 77
49 78
49 79
49 62
50 109
50 99
50 71
50 89
50 91
50 108
50 72
50 84
50 96
50 112
51 98
51 58
51 78
51 60
51 79
51 52
51 103
51 84
51 96
52 56
52 77
52 57
52 58
52 59
52 83
52 84
52 92
53 55
53 109
53 99
53 78
53 92
54 55
54 56
54 57
54 58
54 59
54 60
54 61
54 62
54 63
54 64
54 65
54 66
55 76
55 101
55 102
55 103
56 70
56 75
56 109
56 77
56 88
56 59
56 79
56 89
56 85
56 115
56 82
56 65
56 119
57 99
57 77
57 58
57 100
57 115
57 72
57 92
57 73
58 87
58 101
58 68
58 90
58 91
58 118
59 75
59 87
59 110
60 74
60 84
60 73
60 112
61 69
61 87
61 109
61 98
61 88
61 122
61 90
61 65
61 66
62 67
62 124
62 122
62 79
62 121
62 95
62 81
62 97
63 86
63 117
64 74
64 75
64 125
64 100
64 90
64 86
64 82
64 105
65 114
65 83
65 84
65 92
65 123
65 93
65 116
66 109
66 102
66 82
66 96
67 74
67 75
67 80
67 85
67 86
68 99
68 120
68 89
68 80
69 70
69 71
69 72
69 73
70 87
70 88
70 89
70 90
71 125
71 108
71 110
71 105
71 106
71 97
72 125
72 95
72 91
72 105
72 106
73 75
73 98
73 122
73 120
73 97
74 75
74 76
74 77
74 78
74 79
74 80
74 81
74 82
74 83
74 84
75 98
75 96
76 100
76 102
76 117
76 83
76 118
77 94
77 120
77 100
78 88
78 113
78 90
78 95
78 83
78 110
79 80
79 100
79 96
79 112
80 85
80 95
80 83
80 110
81 98
81 92
82 124
82 118
82 93
83 91
84 98
84 88
84 124
84 85
84 86
85 87
85 113
85 103
85 111
85 123
86 101
86 115
86 93
87 94
88 109
88 101
88 95
88 110
88 104
88 92
89 91
89 117
89 110
89 92
91 109
91 125
92 113
92 111
93 124
93 105
93 123
94 99
94 98
94 105
95 98
95 104
95 123
95 119
96 107
96 99
96 115
96 111
97 125
97 118
98 114
98 113
99 113
99 111
99 108
99 110
100 114
101 124
101 125
102 109
103 113
103 122
103 119
104 122
105 114
105 117
106 118
107 108
109 110
110 114
110 111
110 116
111 114
111 120
111 112
111 116
113 120
113 123
114 115
114 116
115 122
115 117
116 122
116 119
118 124
118 125
121 125
123 124
