0 1
0 2
0 3
0 4
0 5
0 6
0 7
0 8
0 9
0 10
0 11
1 108
1 36
1 107
1 43
1 87
1 88
1 96
1 51
1 69
1 113
1 73
1 89
1 80
1 100
2 40
2 49
2 27
2 111
2 78
2 29
2 30
2 21
2 22
2 115
3 101
3 35
3 103
3 93
3 114
3 118
3 72
3 80
3 22
4 34
4 53
4 102
4 25
4 50
4 37
4 27
4 51
4 111
4 19
4 28
4 20
4 84
4 112
4 95
4 79
4 45
4 63
4 33
5 41
5 15
5 104
5 105
5 109
5 110
5 29
5 45
5 81
6 66
6 102
6 93
6 48
6 50
6 107
6 83
6 88
6 38
6 71
6 98
6 72
6 30
6 21
7 13
7 82
7 86
7 41
7 101
7 103
7 96
7 76
7 114
8 16
8 36
8 25
8 50
8 88
8 30
8 32
8 124
9 12
9 41
9 106
9 125
9 109
9 26
9 69
9 111
9 119
9 11
9 62
9 63
9 116
10 53
10 24
10 37
10 18
10 19
10 20
10 30
10 80
10 124
11 12
11 15
11 117
11 49
11 18
11 69
11 71
11 78
11 74
12 13
12 14
12 15
12 16
12 17
12 18
12 19
12 20
12 21
12 22
13 34
13 53
13 24
13 54
13 55
13 56
13 57
13 58
13 59
13 60
13 45
13 61
13 62
13 63
14 46
14 86
14 24
14 35
14 25
14 17
14 87
14 88
14 19
14 29
14 89
14 21
14 90
14 91
15 64
15 66
15 53
15 47
15 25
15 42
15 107
15 26
15 27
15 111
15 112
15 30
15 45
15 33
16 34
16 64
16 117
16 42
16 57
16 28
16 71
16 112
16 118
16 119
16 74
16 61
16 90
16 91
17 92
17 67
17 50
17 69
17 70
17 52
17 60
17 72
17 89
17 61
17 62
17 63
17 81
18 34
18 86
18 24
18 36
18 102
18 105
18 111
18 122
18 59
18 112
18 60
18 95
18 31
18 80
18 61
18 62
18 32
18 116
19 24
19 117
19 54
19 109
19 58
19 110
19 100
20 86
20 92
20 108
20 56
20 71
20 118
20 39
20 62
21 65
21 86
21 41
21 68
21 54
21 43
21 105
21 119
21 73
21 74
21 45
21 61
22 34
22 53
22 24
22 47
22 106
22 83
22 55
22 28
22 52
22 123
22 118
23 24
23 25
23 26
23 27
23 28
23 29
23 30
23 31
23 32
23 33
24 103
24 49
24 50
24 110
24 60
24 72
24 61
25 65
25 102
25 49
25 43
25 96
25 76
25 71
25 119
25 113
25 90
26 40
26 47
26 48
26 94
26 83
26 96
26 78
26 118
26 74
26 89
26 61
27 101
27 48
27 49
27 42
27 105
27 96
27 77
27 121
27 52
27 123
27 62
27 32
28 64
28 86
28 48
28 50
28 51
28 97
28 52
28 72
28 39
28 45
29 82
29 53
29 35
29 67
29 55
29 125
29 96
29 38
29 73
30 64
30 108
30 36
30 43
30 104
30 37
30 69
30 59
30 98
30 39
30 63
31 65
31 41
31 102
31 103
31 51
31 58
31 97
31 61
31 91
31 100
32 66
32 93
32 88
32 125
32 70
32 52
32 90
33 35
33 93
33 48
33 50
33 57
33 97
33 115
33 124
34 35
34 36
34 37
34 38
34 39
35 66
35 106
35 42
35 43
35 57
35 52
35 59
36 82
36 47
36 109
36 73
36 89
36 80
37 101
37 108
37 93
37 67
37 50
37 88
37 57
37 97
37 71
37 79
37 74
38 66
38 102
38 48
38 87
38 56
38 77
38 119
38 95
39 108
39 50
39 43
39 71
39 112
39 119
39 95
39 45
39 62
39 81
40 41
40 42
40 43
40 44
40 45
41 86
41 95
41 89
41 99
41 62
41 100
42 67
42 48
42 83
42 88
42 114
42 72
42 74
42 62
43 82
43 103
43 107
43 94
43 88
43 51
43 70
43 121
43 112
43 91
44 53
44 51
44 84
44 59
44 73
45 93
45 67
45 49
45 112
45 74
45 89
45 80
45 99
46 47
46 48
46 49
46 50
46 51
46 52
47 68
47 83
47 55
47 97
47 78
47 113
47 74
48 82
48 102
48 105
48 112
49 82
49 101
49 111
49 60
50 86
50 75
50 107
50 105
50 109
50 114
50 111
50 110
50 80
50 61
51 64
51 53
51 103
51 105
51 77
51 122
51 52
51 98
51 72
51 119
51 81
52 103
52 76
52 58
52 97
52 84
52 59
52 123
52 91
53 106
53 107
53 94
53 76
53 69
53 77
53 84
53 72
53 74
53 89
53 80
53 90
53 91
54 101
54 106
54 67
54 107
54 104
54 120
54 87
54 76
54 97
54 123
54 110
54 112
54 73
54 99
55 86
55 125
55 96
55 77
55 113
55 63
56 66
56 117
56 120
56 88
56 125
56 78
56 113
56 89
57 107
57 120
57 114
57 58
57 59
57 123
57 89
57 90
57 91
58 75
58 68
58 76
58 114
58 121
58 112
58 73
58 80
58 62
59 80
60 117
60 107
60 76
60 70
60 78
60 79
60 99
61 65
61 103
61 88
61 123
61 72
61 119
62 83
62 69
62 70
62 78
62 123
62 81
62 124
63 65
63 107
63 96
63 122
63 124
64 65
64 66
64 67
64 68
64 69
64 70
64 71
64 72
64 73
64 74
65 75
65 76
65 69
65 77
65 78
65 79
65 74
65 80
65 81
66 86
66 101
66 102
66 103
66 104
66 105
66 71
67 82
67 106
67 70
68 101
68 123
68 95
69 87
69 88
69 71
69 78
69 119
69 79
69 124
71 82
71 111
71 84
71 123
71 95
71 85
71 81
72 108
72 75
72 121
72 84
72 79
72 99
73 101
73 106
73 77
73 98
73 79
73 85
74 88
74 79
74 90
74 91
74 81
75 110
76 103
76 85
76 99
77 102
77 94
77 125
77 123
77 113
77 89
77 124
78 107
78 125
78 95
78 113
79 117
79 93
79 94
79 114
79 123
79 118
80 108
80 102
80 96
80 111
81 86
81 101
81 109
81 122
81 113
81 90
81 115
81 124
82 83
82 84
82 85
83 101
83 102
83 125
83 95
84 92
84 93
84 104
84 111
85 102
85 107
85 96
85 97
86 92
86 93
86 94
86 95
87 98
87 119
88 111
88 95
88 116
89 116
90 112
91 105
91 98
91 95
91 99
92 96
92 97
92 98
93 105
93 95
94 106
94 104
94 109
94 122
95 117
95 107
95 96
95 118
96 104
96 114
97 104
97 114
97 121
97 116
98 105
99 108
99 114
99 121
99 100
99 124
100 102
100 109
101 108
101 102
101 109
102 109
103 108
103 122
103 116
104 107
104 124
105 118
106 107
106 114
106 115
106 116
107 121
108 120
109 115
109 124
110 120
110 119
111 125
112 116
113 125
113 119
114 125
114 121
114 119
115 124
116 117
116 118
117 121
117 119
118 122
118 124
122 124
124 125
