0 1
0 2
0 3
0 4
0 5
0 6
0 7
0 8
0 9
0 10
0 11
1 14
1 102
1 112
1 4
1 59
1 34
1 53
1 113
1 99
1 119
2 15
2 16
2 19
2 102
2 105
2 78
2 71
2 72
2 25
3 16
3 29
3 102
3 60
3 124
3 97
3 34
3 82
3 88
4 13
4 47
4 18
4 112
4 23
4 54
4 83
4 63
4 9
5 55
5 48
5 111
5 87
5 32
5 80
5 92
5 103
5 35
5 43
5 36
5 99
5 107
6 14
6 49
6 94
6 105
6 22
6 117
6 87
6 103
6 72
7 41
7 31
7 76
8 18
8 125
8 112
8 87
8 124
8 101
8 23
8 42
8 76
9 100
9 48
9 86
9 106
9 51
9 79
9 32
9 70
9 103
9 76
9 36
9 64
9 39
9 10
10 15
10 94
10 105
10 22
10 69
10 96
10 101
10 53
10 23
10 113
10 62
10 63
10 119
11 26
11 15
11 125
11 87
11 74
11 95
11 34
11 23
11 62
12 13
12 14
12 15
12 16
12 17
12 18
12 19
12 20
12 21
12 22
12 23
12 24
12 25
13 26
13 27
13 28
13 29
13 30
13 18
13 31
13 32
13 33
13 34
13 35
13 24
13 36
13 37
13 38
13 39
14 27
14 77
14 67
14 78
14 79
14 80
14 59
14 81
14 70
14 82
14 83
14 35
14 24
14 62
14 38
15 84
15 41
15 49
15 104
15 105
15 106
15 78
15 32
15 80
15 23
15 62
15 98
15 63
15 107
16 48
16 67
16 18
16 21
16 51
16 117
16 118
16 81
16 82
16 53
16 103
17 57
17 21
17 80
17 33
17 92
17 71
17 24
17 88
17 36
17 109
18 55
18 106
18 114
18 122
18 69
18 32
18 121
18 98
18 38
18 109
19 48
19 110
19 115
19 69
19 52
19 31
19 74
19 59
19 103
19 71
19 43
19 116
19 99
19 109
20 55
20 77
20 30
20 80
20 70
20 54
20 71
20 24
20 98
20 25
20 39
21 85
21 41
21 86
21 114
21 125
21 101
21 23
21 63
21 66
21 99
21 93
22 85
22 77
22 30
22 67
22 104
22 115
22 118
22 33
22 91
22 101
22 70
22 116
22 66
23 45
23 57
23 27
23 77
23 67
23 51
23 93
24 67
24 50
24 52
25 45
25 56
25 58
25 52
25 113
25 66
25 107
26 73
26 50
26 74
26 75
26 72
26 76
26 64
26 44
27 102
27 52
27 33
27 82
27 108
27 89
28 100
28 61
28 34
28 103
28 109
29 46
29 58
29 100
29 48
29 67
29 104
29 117
29 121
29 33
29 92
29 108
29 99
29 107
30 110
30 117
30 87
30 74
30 59
30 121
30 60
30 42
31 40
31 46
31 47
31 100
31 51
31 74
31 91
31 43
31 36
32 57
32 77
32 41
32 48
32 49
32 94
32 112
32 97
32 88
33 56
33 57
33 68
33 105
33 115
33 101
33 103
33 54
33 75
33 66
33 99
33 44
34 40
34 46
34 125
34 115
34 87
34 61
34 42
34 89
34 107
35 85
35 102
35 105
35 112
35 95
35 42
35 43
35 89
35 119
35 44
36 120
36 106
36 122
36 74
36 95
36 90
36 54
36 75
36 76
36 65
36 66
36 93
37 40
37 110
37 96
38 45
38 77
38 41
38 86
38 123
38 105
38 106
38 52
38 59
38 82
38 42
38 88
38 113
38 119
39 73
39 86
39 105
39 117
39 42
39 75
39 76
40 41
40 42
40 43
40 44
41 55
41 84
41 47
41 114
41 112
41 115
41 69
41 87
41 90
41 59
41 91
41 81
41 83
41 116
41 108
41 64
41 65
42 77
42 100
42 64
42 44
43 51
43 90
43 89
43 107
43 109
44 47
44 77
44 112
44 79
44 90
44 61
45 46
45 47
45 48
45 49
45 50
45 51
45 52
45 53
45 54
46 102
46 87
46 80
46 103
46 63
46 76
47 100
47 86
47 106
47 74
47 59
47 66
48 120
48 74
48 97
48 75
48 66
49 58
49 86
49 94
49 87
49 82
49 62
49 64
50 73
50 110
50 115
50 95
50 80
50 97
51 85
51 73
51 86
51 105
51 90
51 59
51 82
51 93
52 56
52 68
52 80
52 61
52 91
52 108
52 107
53 73
53 68
53 86
53 94
53 105
53 111
53 78
53 95
53 59
53 124
53 62
53 66
53 99
54 67
54 122
54 118
54 97
54 83
54 89
54 66
54 107
55 56
55 57
55 58
55 59
55 60
55 61
55 62
55 63
55 64
55 65
55 66
56 58
56 67
56 68
56 69
56 70
56 71
56 72
57 58
57 94
57 78
57 69
57 95
57 96
57 97
57 82
57 98
57 63
57 99
58 110
58 111
58 74
58 82
58 62
59 85
59 77
59 104
59 125
59 69
59 121
59 61
59 64
60 100
60 125
60 91
60 71
60 98
61 68
61 94
61 105
61 74
61 82
62 73
62 68
62 111
62 91
62 97
63 85
63 77
63 67
63 115
63 90
63 80
63 81
63 71
64 73
64 120
64 86
64 123
64 98
64 76
64 66
64 109
65 100
65 120
65 106
65 103
65 71
65 107
65 93
66 94
66 114
66 69
66 92
67 87
67 74
67 101
67 103
67 119
68 105
68 112
68 87
68 96
68 92
68 75
68 93
69 84
69 120
69 117
69 118
69 74
69 80
69 97
69 88
69 113
69 98
69 99
70 85
70 73
70 117
71 123
71 96
71 97
71 72
71 99
72 73
72 114
72 103
72 75
72 98
72 109
73 84
73 85
73 100
73 74
73 101
73 92
74 100
74 122
74 95
74 97
74 92
75 123
75 111
75 122
75 98
76 84
76 111
76 98
77 102
77 105
77 112
77 80
77 81
77 101
77 113
77 99
78 84
78 110
78 94
78 114
78 87
78 80
78 96
78 81
78 83
78 98
79 100
79 117
79 121
79 98
79 99
80 120
80 102
80 86
80 112
80 117
80 81
80 113
81 120
81 123
81 106
81 124
81 88
83 120
83 102
83 86
83 125
83 112
83 91
83 103
83 98
84 85
84 86
84 87
84 88
84 89
85 90
85 91
85 92
85 93
86 110
86 121
86 103
87 110
87 104
87 106
87 118
87 95
87 121
87 99
88 91
88 98
88 99
89 123
89 106
89 125
89 103
90 94
90 96
91 97
92 120
92 93
93 95
93 108
93 98
93 107
94 117
94 121
94 116
94 98
95 120
95 115
95 121
95 116
97 100
97 111
97 98
98 122
98 101
98 109
99 104
99 111
99 115
99 113
99 119
100 102
100 101
101 104
101 122
101 108
101 119
103 123
103 105
103 106
103 117
103 121
104 106
104 122
104 121
105 106
106 114
106 118
107 123
108 112
108 124
109 119
110 120
110 123
111 112
111 119
112 118
113 116
114 117
114 118
114 119
115 122
115 119
118 120
