0 1
0 2
0 3
0 4
0 5
0 6
0 7
0 8
0 9
0 10
0 11
1 27
1 45
1 59
1 110
1 4
1 5
1 111
1 19
1 36
1 68
1 21
1 24
1 112
1 100
1 42
2 48
2 93
2 15
2 73
2 114
2 25
2 100
3 71
3 46
3 118
3 15
3 81
3 103
3 53
3 104
3 108
3 88
3 9
3 69
3 91
4 58
4 83
4 92
4 123
4 35
4 87
4 52
4 53
4 104
4 99
4 24
5 58
5 64
5 102
5 14
5 93
5 33
5 103
5 79
5 76
5 99
5 24
5 100
6 27
6 84
6 106
6 86
6 51
6 35
6 21
6 76
6 100
6 109
6 63
7 80
7 115
7 48
7 123
7 18
7 35
7 108
7 89
7 10
7 24
7 63
7 57
8 58
8 29
8 115
8 113
8 118
8 73
8 19
8 53
8 21
8 54
8 98
8 22
8 90
8 41
9 46
9 115
9 78
9 85
9 97
10 44
10 13
10 68
10 23
10 122
10 109
10 117
11 12
11 27
11 83
11 96
11 46
11 92
11 115
11 111
11 50
11 86
11 120
11 53
11 98
11 89
11 24
11 69
11 56
12 13
12 14
12 15
12 16
12 17
12 18
12 19
12 20
12 21
12 22
12 23
12 24
12 25
13 113
13 61
13 81
13 52
13 24
13 116
13 69
13 117
14 27
14 106
14 97
14 120
14 68
14 54
14 24
14 116
14 105
15 58
15 84
15 74
15 67
15 112
15 101
15 40
15 41
15 125
16 26
16 27
16 111
16 81
16 32
16 73
16 19
16 52
16 79
16 54
17 59
17 31
17 32
17 68
17 37
17 56
17 42
17 70
18 26
18 59
18 102
18 84
18 29
18 110
18 30
18 65
18 85
18 33
18 124
18 40
18 41
19 60
19 29
19 61
19 66
19 97
19 52
19 79
19 76
19 88
19 112
19 116
19 124
20 43
20 64
20 59
20 28
20 110
20 32
20 73
20 87
20 119
20 98
21 44
21 102
21 46
21 77
21 47
21 93
21 103
21 98
21 23
21 89
21 57
22 64
22 45
22 96
22 60
22 33
22 73
22 74
22 68
22 124
22 57
22 70
23 43
23 58
23 96
23 102
23 118
23 31
23 33
23 52
23 107
23 104
23 24
23 116
23 124
23 41
23 70
24 59
24 29
24 81
24 73
24 120
24 53
24 104
24 54
24 55
24 25
24 100
24 101
25 102
25 60
25 31
25 73
25 120
25 67
25 54
25 99
25 112
25 42
25 70
26 27
26 28
26 29
26 30
26 31
26 32
26 33
26 34
26 35
26 36
26 37
26 38
26 39
26 40
26 41
26 42
27 28
27 77
27 61
27 78
27 31
27 79
28 43
28 47
28 33
28 51
28 35
28 68
28 75
28 55
28 70
29 77
29 48
29 86
29 35
29 82
29 103
29 53
29 119
29 99
29 114
29 100
29 117
30 96
30 77
30 97
30 87
30 119
30 107
30 114
30 100
30 101
31 77
31 118
31 123
31 85
31 33
31 112
31 90
32 96
32 113
32 123
32 86
32 119
32 99
32 89
32 109
33 44
33 45
33 59
33 49
33 72
33 87
33 82
33 108
33 99
33 117
33 56
33 125
34 83
34 72
34 68
34 99
34 89
34 109
35 110
35 72
35 53
35 88
35 38
35 69
35 124
35 41
36 58
36 64
36 115
36 118
36 111
36 51
36 120
36 103
36 53
36 99
36 37
36 114
36 117
37 93
37 103
37 79
37 62
37 114
37 91
37 105
37 70
37 125
38 43
38 96
38 71
38 92
38 115
38 47
38 48
38 78
38 86
38 107
38 116
38 90
38 100
38 124
38 91
39 58
39 47
39 78
39 99
39 90
39 100
39 56
39 41
40 77
40 115
40 93
40 52
40 53
40 119
40 104
40 55
40 91
41 43
41 45
41 77
41 93
41 87
41 79
41 114
41 109
42 43
42 96
42 110
42 94
42 49
42 79
42 107
42 108
42 114
42 90
42 101
42 91
43 44
43 45
43 46
43 47
43 48
43 49
43 50
43 51
43 52
43 53
43 54
43 55
43 56
43 57
44 59
44 71
44 48
44 72
44 73
44 74
44 68
44 75
44 76
44 54
44 69
45 83
45 84
45 77
45 47
45 85
45 86
45 74
45 87
45 82
45 88
45 89
45 90
45 91
45 57
46 64
46 84
46 106
46 78
46 86
46 66
46 73
46 74
46 68
46 101
46 105
47 80
47 93
47 61
47 50
47 51
47 97
47 121
47 62
47 116
47 69
48 84
48 60
48 111
48 103
48 116
48 95
48 69
48 124
48 125
49 80
49 106
49 72
49 73
49 68
50 80
50 93
50 51
50 67
50 76
50 55
51 60
51 110
51 81
51 74
51 68
51 75
51 88
51 112
51 116
51 100
51 69
52 118
52 123
52 86
52 66
52 79
52 98
52 99
52 95
52 100
52 69
53 64
53 84
53 110
53 85
53 67
53 122
53 100
53 124
54 83
54 59
54 96
54 119
54 89
54 114
54 63
55 64
55 71
55 60
55 125
56 59
56 96
56 102
56 110
56 82
56 104
56 95
57 59
57 96
57 61
57 81
57 65
57 78
57 74
57 98
57 88
57 122
57 125
58 59
58 60
58 61
58 62
58 63
59 96
59 92
59 97
59 76
59 98
59 99
59 90
59 100
59 101
60 77
60 118
60 119
60 63
61 80
61 111
61 97
61 82
61 112
61 90
61 109
62 86
62 89
63 64
63 110
63 65
63 72
63 68
63 88
63 125
64 65
64 66
64 67
64 68
64 69
64 70
65 115
65 78
65 73
65 121
65 107
65 89
66 110
66 81
66 120
66 69
67 115
67 101
67 124
67 91
67 117
68 96
68 97
68 117
68 70
69 102
69 71
69 93
69 85
69 121
69 103
69 107
69 108
69 112
69 100
69 91
70 106
70 94
70 107
70 108
70 116
71 84
71 106
71 113
71 95
72 92
72 123
72 78
72 85
72 87
72 76
73 77
73 86
73 82
73 119
73 79
73 76
73 95
74 96
74 77
74 93
74 86
74 82
74 98
74 105
75 96
75 113
75 121
75 119
75 98
75 122
75 90
75 91
76 84
76 87
76 122
76 95
77 102
77 97
77 88
77 122
78 106
78 108
78 112
79 83
79 102
79 84
79 92
79 94
79 99
79 100
79 125
80 81
80 82
81 96
81 123
81 103
81 90
81 109
82 85
82 95
82 101
83 92
83 93
83 94
83 89
83 95
84 115
84 113
84 93
84 85
84 98
84 99
84 89
84 90
85 110
85 100
87 93
87 100
88 102
88 93
88 121
89 105
90 102
90 106
90 120
90 117
91 102
91 98
91 122
91 125
92 118
92 97
92 121
92 119
92 117
93 108
93 95
93 109
94 96
94 119
94 114
95 117
95 125
96 102
96 103
96 104
96 101
96 105
97 111
97 98
97 125
98 115
98 124
99 110
99 104
99 114
99 116
99 122
100 123
100 104
100 116
100 125
101 106
101 119
101 114
101 122
102 106
102 107
102 108
102 109
103 116
103 122
104 121
104 107
105 107
106 115
106 123
107 121
107 120
108 113
110 122
111 125
112 115
112 118
112 117
113 114
113 122
113 124
114 120
116 118
119 123
119 120
120 121
122 124
122 125
123 124
