0 1
0 2
0 3
0 4
0 5
0 6
0 7
0 8
0 9
0 10
0 11
1 13
1 72
1 22
1 95
1 23
1 75
1 24
1 47
1 66
1 67
1 86
1 37
1 6
1 26
1 57
1 99
1 117
1 39
1 40
1 82
1 60
1 113
1 115
2 22
2 15
2 31
2 23
2 75
2 65
2 84
2 54
2 36
2 112
2 58
2 7
2 60
2 103
3 13
3 95
3 23
3 32
3 104
3 65
3 77
3 119
3 87
3 8
3 59
3 60
3 113
3 41
3 42
4 14
4 22
4 73
4 64
4 33
4 34
4 123
4 87
4 56
4 117
4 88
4 103
5 110
5 15
5 33
5 24
5 36
5 87
5 124
5 28
5 39
6 114
6 53
6 64
6 46
6 65
6 47
6 123
6 105
6 36
6 124
6 122
6 8
6 59
6 41
7 73
7 102
7 65
7 91
7 54
7 122
7 112
7 49
7 120
7 69
7 109
7 42
8 72
8 106
8 43
8 16
8 24
8 97
8 68
8 40
8 83
9 13
9 89
9 23
9 75
9 27
9 58
9 29
9 10
9 70
9 125
9 116
9 11
10 110
10 43
10 66
10 119
10 35
10 48
10 98
10 38
10 120
10 29
10 19
10 113
10 83
10 69
11 73
11 74
11 65
11 34
11 47
11 55
11 124
11 27
11 38
11 81
11 113
11 100
12 13
12 14
12 15
12 16
12 17
12 18
12 19
12 20
13 43
13 44
13 45
13 46
13 47
13 48
13 49
13 50
13 51
13 52
13 42
14 32
14 53
14 24
14 54
14 55
14 56
14 57
14 58
14 59
14 40
14 60
14 61
15 114
15 64
15 96
15 102
15 111
15 37
15 92
15 26
15 79
15 80
15 70
15 71
15 100
16 114
16 95
16 77
16 98
16 26
16 49
16 80
16 115
16 100
17 101
17 43
17 76
17 85
17 67
17 97
17 27
17 58
17 18
17 125
18 23
18 34
18 107
18 58
18 79
18 60
18 115
18 41
18 100
19 62
19 72
19 73
19 64
19 34
19 119
19 107
19 37
19 81
19 60
19 51
19 116
20 62
20 106
20 114
20 95
20 44
20 121
20 46
20 33
20 24
20 66
20 107
20 36
20 57
20 79
20 80
20 60
20 83
20 69
20 52
20 42
21 22
21 23
21 24
21 25
21 26
21 27
21 28
21 29
22 30
22 72
22 74
22 33
22 84
22 85
22 86
22 87
22 49
22 88
22 51
22 41
23 72
23 106
23 76
23 85
23 99
23 27
23 79
23 38
23 80
23 82
23 41
24 89
24 73
24 104
24 34
24 117
24 39
24 71
25 32
25 45
25 107
25 86
25 87
25 82
25 115
25 61
25 41
26 44
26 63
26 33
26 102
26 35
26 37
26 78
26 27
26 38
26 117
26 59
26 80
26 40
26 115
26 61
27 101
27 73
27 44
27 45
27 77
27 55
27 35
27 49
28 72
28 96
28 84
28 47
28 97
28 117
28 108
28 81
28 50
28 83
29 77
29 54
29 55
29 38
29 59
30 31
30 32
30 33
30 34
30 35
30 36
30 37
30 38
30 39
30 40
30 41
30 42
31 72
31 50
31 88
32 101
32 66
32 85
32 107
32 99
32 79
32 100
33 72
33 43
33 104
33 111
33 118
33 35
33 98
33 49
33 108
34 106
34 63
34 104
34 75
34 121
34 96
34 76
34 84
34 85
34 112
34 70
35 101
35 64
35 76
35 111
35 119
35 87
35 92
35 108
35 120
36 62
36 63
36 66
36 98
36 49
36 60
36 83
36 71
37 77
37 84
37 98
37 87
38 45
38 76
38 54
38 87
38 117
38 50
38 51
38 93
39 85
39 67
39 78
39 99
39 79
39 49
39 108
39 116
40 94
40 101
40 43
40 104
40 76
40 91
40 97
40 98
40 92
40 83
40 109
41 89
41 114
41 46
41 84
41 111
41 87
41 108
41 88
41 61
41 100
42 89
42 66
42 67
42 118
42 48
42 87
42 78
42 51
42 116
43 94
43 110
43 53
43 76
43 91
43 85
43 92
43 58
43 80
44 114
44 53
44 45
44 67
44 59
44 80
44 51
44 115
44 61
45 76
45 111
45 67
45 118
45 105
45 87
45 99
45 68
45 50
45 109
46 94
46 102
46 56
46 80
47 111
47 85
47 54
47 87
47 83
47 125
48 55
48 78
48 58
48 117
48 82
48 113
49 62
49 110
49 63
49 56
49 59
49 113
49 71
50 73
50 104
50 87
50 82
50 60
50 116
51 94
51 73
51 87
51 81
51 71
52 53
52 90
52 65
52 98
52 116
53 54
53 118
53 117
53 80
53 109
53 71
54 75
54 121
54 66
54 124
54 79
54 108
55 62
55 90
55 76
55 85
55 119
55 105
55 82
55 88
55 69
55 70
56 64
56 121
56 58
56 120
56 113
56 69
57 121
57 96
57 105
57 68
57 120
58 114
58 121
58 119
58 98
58 87
58 83
58 71
59 101
59 95
59 104
59 92
59 112
59 68
59 88
59 93
59 70
60 106
60 69
60 71
60 100
61 106
61 64
61 66
61 85
61 119
61 92
61 120
62 63
62 64
62 65
62 66
62 67
62 68
62 69
62 70
62 71
63 74
63 75
63 77
63 100
64 90
64 107
64 105
64 99
64 79
64 117
64 115
64 103
65 72
65 121
65 67
65 107
65 118
65 97
65 80
66 77
66 123
67 94
67 110
67 96
67 122
67 82
67 115
67 93
67 70
68 105
68 78
68 99
69 123
69 78
69 82
69 116
70 110
70 90
70 76
70 124
71 90
71 123
71 99
71 112
71 116
72 73
72 74
72 75
72 76
72 77
72 78
72 79
72 80
72 81
72 82
72 83
73 89
73 95
73 104
73 97
73 105
73 99
73 88
74 101
74 76
74 87
74 80
74 93
75 101
75 119
75 80
75 120
76 77
76 91
76 123
76 124
76 112
76 81
77 92
77 108
77 80
78 114
78 85
78 119
78 105
78 124
78 88
79 91
79 109
80 87
80 120
80 103
81 102
81 84
81 120
81 82
81 88
82 106
82 111
82 85
82 105
82 87
82 112
82 109
83 106
83 86
83 113
83 115
84 110
84 111
84 119
84 86
84 124
84 99
84 113
85 117
85 103
85 109
86 107
86 92
86 88
88 92
88 122
88 117
88 108
88 120
89 90
89 91
89 92
89 93
90 118
90 97
90 92
90 99
90 117
90 108
90 100
91 100
91 116
92 106
92 123
92 118
92 117
92 100
93 94
93 122
94 95
94 96
94 97
94 98
94 99
94 100
95 108
95 116
96 102
96 105
96 112
96 120
96 115
97 113
97 116
98 102
98 123
99 122
99 108
99 113
100 106
100 113
100 109
101 102
101 103
102 106
102 111
102 122
102 108
104 112
105 114
105 121
105 124
106 107
106 108
106 109
107 113
107 125
108 110
108 113
109 121
109 119
110 111
110 112
110 113
111 122
114 115
115 118
115 117
116 121
116 119
118 124
118 122
119 122
120 123
