0 1
0 2
0 3
0 4
0 5
0 6
0 7
0 8
0 9
0 10
1 11
1 12
1 13
1 14
1 15
1 16
1 17
1 18
1 19
2 56
2 57
2 58
2 23
2 59
2 60
2 61
2 45
2 62
3 20
3 80
3 66
3 53
3 104
3 85
3 55
4 93
4 102
4 117
4 113
4 12
4 72
4 122
4 84
4 29
4 45
4 46
4 120
4 105
5 78
5 79
5 111
5 113
5 37
5 83
5 14
5 51
5 52
5 59
5 53
5 104
5 46
5 9
5 92
6 47
6 64
6 50
6 117
6 100
6 22
6 25
6 76
6 91
7 47
7 93
7 71
7 102
7 12
7 87
7 13
7 73
7 40
7 16
7 103
7 104
7 106
7 116
8 102
8 49
8 113
8 115
8 13
8 15
8 60
8 44
8 120
8 91
9 20
9 93
9 79
9 107
9 56
9 115
9 38
9 75
9 125
9 41
9 99
9 17
9 77
9 105
9 124
9 92
10 48
10 113
10 51
10 66
10 31
10 85
10 120
10 34
10 110
11 63
11 70
11 71
11 72
11 38
11 73
11 39
11 74
11 75
11 58
11 23
11 16
11 41
11 53
11 76
11 17
11 77
12 78
12 48
12 71
12 94
12 14
12 88
12 112
12 26
12 101
12 109
12 30
12 90
12 67
13 35
14 35
14 111
14 108
14 23
14 46
14 55
15 65
15 94
15 39
15 58
15 52
15 66
15 84
15 86
16 48
16 65
16 122
16 95
16 101
16 84
16 32
16 90
17 70
17 48
17 36
17 80
17 71
17 21
17 65
17 37
17 108
17 90
17 92
18 36
18 65
18 22
18 38
18 112
18 66
18 101
18 109
18 62
18 54
18 33
18 68
19 78
19 64
19 100
19 122
19 83
19 88
19 40
19 29
19 67
19 106
19 69
19 96
19 110
20 21
20 22
20 23
20 24
20 25
20 26
20 27
20 28
20 29
20 30
20 31
20 32
20 33
20 34
21 35
21 82
21 24
21 27
21 89
21 29
21 44
21 33
21 96
22 107
22 71
22 87
22 73
22 52
22 125
22 42
22 106
22 96
23 36
23 117
23 87
23 118
23 94
23 25
23 26
23 27
23 40
23 31
23 99
23 85
23 116
24 117
24 100
24 82
24 122
24 75
24 95
24 25
24 109
24 31
24 32
24 45
24 55
25 48
25 40
25 61
25 103
25 53
25 30
25 99
25 106
25 91
26 71
26 57
26 42
26 62
26 106
26 124
27 63
27 107
27 113
27 81
27 38
27 58
27 97
27 53
28 47
28 93
28 102
28 119
28 113
28 95
28 98
28 125
28 109
28 41
28 31
29 78
29 71
29 87
29 118
29 122
29 74
29 123
29 109
29 85
29 106
29 92
30 47
30 79
30 115
30 72
30 39
30 112
30 61
30 123
30 103
30 99
30 106
31 78
31 111
31 119
31 75
31 58
31 125
31 41
31 92
32 111
32 73
32 60
32 77
32 106
32 92
33 35
33 115
33 57
33 87
33 73
33 75
33 66
33 40
33 123
33 120
33 106
34 93
34 107
34 119
34 37
34 51
34 52
34 60
34 123
34 44
34 91
35 36
35 37
35 38
35 39
35 40
35 41
35 42
35 43
35 44
35 45
35 46
36 47
36 93
36 48
36 102
36 87
36 97
36 103
36 41
36 104
36 46
36 55
36 105
36 106
37 38
37 39
37 83
37 108
37 52
37 89
37 61
37 53
37 85
37 62
37 55
38 93
38 71
38 100
38 83
38 112
38 52
38 66
38 61
38 76
38 110
39 70
39 82
39 74
39 75
39 76
39 85
39 116
40 78
40 70
40 49
40 73
40 83
40 112
40 108
40 68
40 110
41 80
41 71
41 109
41 121
41 44
41 105
41 68
42 48
42 80
42 71
42 65
42 118
42 122
42 95
42 53
42 120
42 116
43 48
43 72
43 101
43 85
43 54
43 68
43 116
43 92
44 78
44 70
44 93
44 64
44 49
44 50
44 82
44 114
44 108
44 60
44 109
44 55
44 69
44 110
45 70
45 119
45 82
45 122
45 112
45 108
45 52
45 97
45 103
45 90
45 62
45 54
45 116
46 74
46 51
46 125
46 109
46 105
46 116
47 48
47 49
47 50
47 51
47 52
47 53
47 54
47 55
48 71
48 50
48 83
48 97
48 98
48 89
48 61
48 99
48 96
49 71
49 112
49 104
49 85
49 96
49 92
50 78
50 94
50 52
50 61
50 103
50 76
50 77
50 106
51 71
51 60
51 104
51 54
51 55
51 105
52 63
52 71
52 64
52 111
52 56
52 65
52 115
52 72
52 75
52 99
52 77
52 106
52 96
53 102
53 112
53 109
54 79
54 71
54 89
54 123
54 124
54 110
55 56
55 57
55 81
55 74
55 108
55 109
55 84
55 99
55 124
56 94
56 66
56 101
57 107
57 102
57 113
57 75
57 83
57 58
57 98
57 123
57 103
57 120
57 105
58 80
58 111
58 81
58 77
58 68
58 91
59 100
59 82
59 74
59 61
59 84
59 76
59 67
59 62
59 69
59 96
59 110
60 100
60 82
60 122
60 112
60 98
60 62
60 86
61 93
61 87
61 72
61 114
61 85
62 102
62 119
62 112
62 108
62 125
62 109
62 105
63 64
63 65
63 66
63 67
63 68
63 69
64 113
64 72
64 83
64 114
64 96
64 91
64 92
65 100
65 72
65 118
65 83
65 114
65 108
65 97
65 98
65 89
66 115
66 114
66 108
66 89
66 104
66 106
66 124
66 91
66 92
67 119
67 125
67 106
67 124
68 88
68 84
68 91
69 71
69 75
69 83
69 99
70 78
70 79
70 87
70 88
70 89
70 90
70 91
70 92
71 80
71 112
71 109
72 118
72 112
72 84
72 121
72 76
72 85
72 86
73 82
73 108
73 85
73 106
74 115
74 98
74 123
74 99
74 120
75 118
75 112
76 93
76 87
76 114
76 103
76 110
77 118
77 94
77 83
77 84
77 124
77 116
78 79
78 80
78 81
78 82
78 83
78 84
78 85
78 86
79 100
79 82
79 101
79 85
79 92
80 111
80 87
80 104
81 113
81 106
81 124
82 93
82 119
82 114
82 106
82 110
83 114
84 113
84 115
84 125
84 103
85 93
85 120
85 106
85 110
86 93
86 107
86 111
86 87
86 89
86 123
86 120
86 105
86 106
86 92
86 110
87 117
87 114
87 95
87 98
87 120
87 105
88 97
88 121
88 96
89 118
89 112
89 97
90 98
90 99
91 94
91 108
91 105
92 98
92 99
92 124
92 96
93 94
93 95
93 96
94 107
94 102
94 114
94 98
94 105
95 102
95 108
95 103
95 104
96 108
97 112
97 123
97 110
98 100
98 118
98 125
99 101
100 103
100 104
101 123
102 113
102 115
102 112
102 116
103 112
103 108
104 117
104 116
105 122
106 119
106 122
107 108
107 109
107 110
108 119
108 115
110 113
110 115
110 124
111 116
112 118
112 125
113 118
114 122
115 121
115 116
117 118
119 120
122 123
