0 1
0 2
0 3
0 4
0 5
0 6
0 7
0 8
0 9
0 10
0 11
0 12
0 13
0 14
0 15
0 16
0 17
1 50
1 68
1 110
1 87
1 82
1 70
1 89
1 78
1 111
1 54
1 112
1 12
1 102
1 16
1 56
1 113
1 114
2 88
2 94
2 23
2 119
2 108
2 43
2 118
2 97
2 79
2 73
2 36
3 37
3 75
3 91
3 103
3 68
3 76
3 119
3 5
3 7
3 111
3 11
3 109
3 80
3 112
3 14
3 15
3 121
4 37
4 20
4 96
4 119
4 30
4 31
4 99
4 45
4 79
4 81
4 36
4 84
5 40
5 117
5 32
5 8
5 108
5 118
5 62
5 46
5 72
5 48
5 95
5 113
6 75
6 91
6 19
6 115
6 23
6 60
6 32
6 43
6 11
6 97
6 80
6 104
6 27
6 28
7 29
7 49
7 20
7 96
7 88
7 23
7 117
7 99
7 108
7 43
7 27
8 39
8 20
8 21
8 41
8 69
8 23
8 77
8 59
8 44
8 106
8 124
8 73
9 20
9 115
9 123
9 77
9 89
9 99
9 32
9 26
9 104
9 47
9 90
9 36
9 113
9 28
10 93
10 68
10 41
10 88
10 119
10 24
10 125
10 118
10 11
10 46
10 12
10 73
11 37
11 50
11 20
11 96
11 42
11 22
11 23
11 71
11 125
11 116
11 62
11 106
11 102
11 74
12 18
12 19
12 87
12 88
12 33
12 101
12 78
12 26
12 118
12 35
12 62
12 45
12 104
12 113
13 49
13 39
13 88
13 77
13 60
13 43
13 54
13 27
13 90
13 48
13 95
13 57
14 20
14 115
14 96
14 87
14 51
14 89
14 32
14 78
14 26
14 118
14 80
14 64
14 81
14 65
14 48
15 38
15 19
15 98
15 21
15 31
15 99
15 44
15 61
15 63
15 90
16 39
16 98
16 40
16 78
16 53
16 62
16 106
16 65
17 49
17 66
17 40
17 41
17 88
17 30
17 26
17 53
17 35
17 36
18 19
18 20
18 21
18 22
18 23
18 24
18 25
18 26
18 27
18 28
19 75
19 67
19 68
19 96
19 23
19 24
19 33
19 97
19 55
20 103
20 115
20 94
20 76
20 60
20 32
20 108
20 78
20 25
20 116
20 109
20 80
20 112
21 58
21 39
21 93
21 98
21 100
21 119
21 71
21 35
21 62
22 115
22 41
22 59
22 89
22 26
22 83
22 35
22 62
22 124
22 48
22 121
23 49
23 75
23 50
23 115
23 92
23 31
23 34
23 83
23 61
23 54
23 116
23 62
23 47
23 113
23 114
23 57
24 58
24 39
24 66
24 86
24 96
24 51
24 69
24 31
24 124
24 102
24 73
24 65
24 57
25 29
25 39
25 42
25 33
25 79
25 27
25 102
25 84
26 107
26 96
26 51
26 77
26 101
26 108
26 118
26 83
26 97
26 106
26 27
26 55
26 56
26 120
26 114
27 32
27 54
27 109
27 97
27 73
27 55
27 113
28 29
28 87
28 52
28 60
28 111
28 118
28 112
28 102
28 113
28 84
28 121
29 30
29 31
29 32
29 33
29 34
29 35
29 36
30 37
30 85
30 110
30 70
30 71
30 117
30 35
30 124
31 98
31 107
31 96
31 94
31 62
31 46
31 72
31 73
31 81
32 37
32 75
32 103
32 107
32 100
32 68
32 110
32 111
32 62
32 114
33 49
33 40
33 76
33 118
33 45
33 63
33 90
33 120
33 84
34 38
34 91
34 41
34 70
34 111
34 47
34 120
35 91
35 100
35 51
35 44
35 109
35 112
35 48
36 93
36 40
36 107
36 85
36 100
36 68
36 87
36 61
36 122
36 116
36 109
36 124
36 63
37 38
37 39
37 40
37 41
37 42
37 43
37 44
37 45
37 46
37 47
37 48
38 49
38 50
38 51
38 52
38 53
38 54
38 46
38 55
38 56
38 57
39 58
39 49
39 66
39 82
39 52
39 76
39 70
39 83
39 63
39 72
39 84
40 75
40 68
40 82
40 61
40 54
40 106
40 72
40 102
41 75
41 103
41 51
41 52
41 119
41 61
41 54
41 97
41 79
41 48
42 107
42 68
42 82
42 125
42 62
42 104
42 64
42 105
42 84
43 58
43 50
43 107
43 87
43 52
43 54
43 116
43 109
43 124
43 55
43 56
44 58
44 85
44 67
44 52
44 123
44 60
44 101
44 56
44 121
45 67
45 69
45 60
45 101
45 97
45 63
45 74
46 85
46 54
46 102
46 55
47 106
47 55
47 56
48 91
48 110
48 108
48 109
48 112
48 72
48 90
48 55
48 56
49 66
49 67
49 68
49 69
49 70
49 71
49 64
49 72
49 73
49 74
50 85
50 86
50 87
50 88
50 51
50 89
50 54
50 90
50 73
51 77
51 99
51 104
51 81
51 55
51 95
51 56
52 85
52 115
52 77
52 60
52 117
52 78
52 53
52 118
52 105
52 95
53 58
53 66
53 107
53 96
53 69
53 76
53 106
53 64
53 90
53 73
53 113
53 84
53 57
54 85
54 108
54 80
54 64
54 102
54 56
54 84
55 85
55 87
55 94
55 76
55 99
55 118
55 122
56 91
56 115
56 67
56 87
56 116
56 73
56 74
56 105
56 120
57 107
57 100
57 96
57 82
57 118
57 83
58 59
58 60
58 61
58 62
58 63
58 64
58 65
59 82
59 94
59 76
59 119
59 83
59 112
59 63
59 102
60 103
60 107
60 85
60 110
60 76
60 99
60 101
60 118
60 72
60 74
60 120
60 113
60 84
60 114
61 85
61 115
61 67
61 88
61 69
61 62
61 81
62 93
62 85
62 68
62 110
62 96
62 89
62 118
62 106
63 123
63 81
63 84
64 68
64 110
64 71
64 109
64 73
65 75
65 103
65 82
65 76
65 71
65 118
65 120
66 98
66 89
66 99
66 73
67 98
67 100
67 82
67 88
67 70
67 99
67 118
67 104
67 105
68 75
68 86
68 87
68 90
68 105
68 84
69 103
69 88
69 108
69 118
70 82
70 92
70 117
70 83
70 109
70 72
71 98
71 86
71 88
71 79
71 102
71 105
71 120
72 98
72 87
72 88
72 89
72 84
73 85
73 96
73 111
73 102
73 81
73 113
74 93
74 86
74 88
74 92
74 108
74 122
74 79
74 120
74 84
75 76
75 77
75 78
75 79
75 80
75 81
76 96
76 101
76 81
76 95
77 125
77 83
78 100
78 117
78 108
78 116
78 102
79 94
79 116
79 106
79 112
79 90
79 102
79 114
80 117
80 125
81 111
81 97
81 113
82 91
82 98
82 100
82 86
82 118
82 104
82 114
83 88
83 92
84 110
84 95
84 113
85 103
85 86
85 101
85 97
86 93
86 96
86 89
86 109
86 112
86 90
86 120
87 93
87 123
87 106
87 124
87 112
87 95
87 113
87 114
88 95
89 119
89 124
89 112
89 113
89 114
90 107
90 119
90 125
90 113
90 114
91 92
93 94
93 95
94 125
94 111
94 116
94 106
94 124
95 100
95 109
95 120
95 113
96 115
96 111
96 122
96 104
97 99
97 101
97 108
97 122
98 100
98 101
98 102
99 122
99 112
100 117
100 101
101 103
101 107
101 102
101 120
102 106
102 124
102 120
102 121
103 104
103 105
104 116
105 109
105 120
105 114
106 115
106 119
106 125
107 108
107 109
108 110
108 119
108 125
108 116
109 117
110 113
111 116
111 124
112 124
113 115
113 118
115 116
116 117
116 124
117 121
120 125
