0 1
0 2
0 3
0 4
0 5
0 6
0 7
0 8
0 9
0 10
0 11
0 12
0 13
0 14
0 15
1 36
1 18
1 19
1 46
1 29
1 9
1 10
1 71
1 72
1 39
1 73
1 74
1 75
2 65
2 105
2 35
2 89
2 67
2 78
2 107
2 57
2 12
2 91
2 38
2 86
2 62
2 23
2 81
2 74
3 43
3 101
3 8
3 108
3 10
3 57
3 58
3 109
3 21
3 79
3 86
3 40
3 64
4 34
4 35
4 112
4 19
4 56
4 78
4 29
4 68
4 12
4 91
4 62
4 23
5 28
5 83
5 19
5 7
5 90
5 45
5 11
5 68
5 48
5 38
5 92
5 63
5 93
5 115
5 95
6 27
6 36
6 109
6 122
6 12
6 99
6 31
6 73
6 95
7 17
7 96
7 83
7 55
7 8
7 57
7 58
7 93
7 88
7 94
7 51
7 125
7 42
8 66
8 77
8 103
8 48
8 49
8 22
8 117
8 70
8 24
9 53
9 36
9 18
9 56
9 109
9 123
9 61
9 69
9 125
10 65
10 53
10 102
10 56
10 108
10 87
10 104
10 93
10 70
10 64
11 25
11 35
11 18
11 97
11 108
11 122
11 119
11 21
11 22
11 87
11 40
11 125
11 64
12 17
12 83
12 112
12 77
12 20
12 108
12 98
12 104
12 73
12 81
12 75
13 44
13 53
13 19
13 99
13 85
13 86
13 87
13 40
13 88
13 114
13 121
13 42
14 34
14 27
14 19
14 90
14 107
14 58
14 122
14 123
14 117
14 88
14 23
14 95
15 26
15 27
15 101
15 66
15 77
15 90
15 92
15 117
15 62
15 93
15 51
15 115
15 116
16 17
16 18
16 19
16 20
16 21
16 22
16 23
16 24
17 82
17 101
17 89
17 86
17 93
17 50
17 69
18 26
18 102
18 56
18 46
18 71
18 37
18 48
18 92
18 123
18 50
18 69
19 33
19 82
19 29
19 72
19 68
19 30
19 111
19 41
19 121
19 24
20 34
20 53
20 76
20 89
20 97
20 72
20 68
20 122
20 59
20 37
20 92
20 62
20 70
20 41
20 95
21 82
21 26
21 35
21 71
21 72
21 120
21 48
21 92
21 31
21 63
21 73
21 94
21 24
22 82
22 102
22 90
22 45
22 46
22 120
22 113
22 115
23 82
23 105
23 101
23 66
23 124
23 103
23 46
23 120
23 84
23 30
23 86
23 114
23 24
23 116
24 34
24 83
24 119
24 37
24 84
24 88
24 114
24 125
25 26
25 27
25 28
25 29
25 30
25 31
25 32
26 43
26 96
26 97
26 98
26 99
26 91
26 84
26 100
26 39
26 75
27 101
27 102
27 89
27 103
27 45
27 37
27 100
27 80
27 61
27 87
27 104
27 94
28 35
28 101
28 112
28 78
28 45
28 109
28 48
28 104
28 50
28 73
28 81
28 51
29 103
29 57
29 68
29 49
29 51
30 65
30 52
30 54
30 55
30 89
30 38
30 86
30 117
30 40
30 75
31 35
31 55
31 36
31 67
31 97
31 68
31 80
31 40
31 88
31 42
31 64
32 34
32 89
32 67
32 45
32 110
32 109
32 119
32 37
32 48
32 84
32 79
32 80
32 87
33 34
33 35
33 36
33 37
33 38
33 39
33 40
33 41
33 42
34 89
34 90
34 46
34 47
34 57
34 68
34 91
34 92
34 80
34 93
34 50
34 88
34 41
34 94
34 95
34 64
35 44
35 103
35 45
35 107
35 108
35 110
35 72
35 100
35 49
35 111
35 40
36 112
36 45
36 123
36 114
36 81
37 43
37 65
37 53
37 55
37 90
37 107
37 122
37 69
37 121
37 125
37 64
38 112
38 57
38 119
38 48
38 61
38 111
38 125
39 44
39 103
39 68
39 80
39 50
39 94
39 51
39 75
40 105
40 89
40 79
40 111
40 73
40 81
41 83
41 56
41 68
41 122
41 48
41 85
41 74
41 42
42 65
42 101
42 78
42 92
42 61
42 104
42 93
42 69
43 44
43 45
43 46
43 47
43 48
43 49
43 50
43 51
44 52
44 53
44 54
44 55
44 56
44 57
44 58
44 59
44 60
44 61
44 62
44 63
44 64
45 65
45 83
45 108
45 68
45 48
45 85
45 123
45 117
45 73
46 65
46 114
47 54
47 102
47 106
47 67
47 109
47 119
47 84
47 92
47 85
47 123
47 60
47 88
47 94
47 74
48 53
48 102
48 97
48 122
48 59
48 73
49 105
49 76
49 106
49 84
49 92
49 113
49 81
49 121
50 96
50 55
50 112
50 68
50 111
50 104
50 88
50 121
51 54
51 76
51 112
51 58
51 122
51 84
51 85
51 69
51 125
52 76
52 77
52 78
52 79
52 80
52 63
52 81
53 67
53 104
53 69
54 112
54 118
54 119
54 120
54 100
54 117
54 63
54 121
54 64
55 72
55 68
55 80
55 93
55 70
55 95
56 83
56 66
56 58
56 109
56 68
56 100
56 117
56 116
57 101
57 89
57 77
57 100
57 87
57 111
58 66
58 76
58 67
58 72
58 61
58 111
58 93
58 121
58 115
59 83
59 66
59 108
59 72
59 113
59 60
60 68
60 119
60 113
60 80
60 93
60 70
60 95
61 76
61 102
61 100
61 88
62 77
62 90
62 110
62 109
62 120
62 80
62 87
62 104
62 70
63 83
63 97
63 119
63 91
63 123
63 87
63 104
63 73
63 81
63 121
63 116
64 112
64 90
64 108
64 79
64 113
64 87
64 111
64 81
64 75
65 66
65 67
65 68
65 69
65 70
66 96
66 97
66 98
66 87
67 106
67 107
67 108
67 68
67 84
67 79
67 86
67 123
67 104
67 121
68 96
68 78
68 71
68 80
68 81
68 121
69 83
69 107
69 110
70 83
70 122
70 99
70 79
70 100
70 104
70 73
71 106
71 103
71 97
71 108
71 87
72 112
72 97
72 109
72 91
72 84
72 87
73 101
73 109
73 119
73 123
73 111
73 93
73 125
74 101
74 103
74 118
74 90
74 98
74 120
74 111
75 82
75 101
75 76
75 90
75 92
75 93
76 107
76 79
76 88
77 84
77 85
77 104
77 81
78 89
78 123
78 104
79 89
79 91
79 111
79 114
79 94
79 125
80 112
80 110
80 86
80 123
80 104
80 81
81 105
82 83
82 84
82 85
82 86
82 87
82 88
83 105
83 92
83 100
84 97
84 120
84 100
84 93
84 94
85 101
85 113
86 112
86 122
86 120
86 100
86 115
86 125
86 116
87 101
87 124
88 89
88 97
88 98
88 93
88 114
89 112
89 90
90 95
91 92
91 113
91 115
92 112
92 97
92 107
92 123
92 121
93 107
93 99
94 120
94 115
94 95
95 112
95 108
95 104
95 125
96 101
96 113
96 111
96 114
96 115
96 116
97 101
97 102
97 109
97 114
98 101
98 103
98 111
99 119
99 120
99 113
100 101
100 106
100 107
100 121
101 117
101 111
102 106
102 108
102 109
103 123
104 114
105 106
106 119
106 120
106 111
107 124
107 118
107 117
107 114
108 118
108 109
108 114
110 113
110 115
111 120
112 124
112 117
114 120
115 120
116 124
116 123
119 122
121 122
