0 1
0 2
0 3
0 4
0 5
0 6
0 7
0 8
0 9
0 10
0 11
0 12
0 13
0 14
1 62
1 63
1 36
1 64
1 57
1 65
1 9
1 66
1 47
1 32
1 33
1 67
1 12
1 34
1 68
2 29
2 3
2 93
2 71
2 85
2 86
2 94
2 21
2 83
3 6
3 56
3 95
3 75
3 96
3 49
3 40
3 97
3 25
3 98
4 107
4 109
4 93
4 16
4 100
4 89
4 38
4 49
4 23
4 59
4 60
4 27
4 77
5 28
5 17
5 20
5 80
5 22
5 41
5 119
5 51
5 82
5 60
5 25
6 69
6 29
6 93
6 115
6 104
6 86
6 121
6 37
6 101
6 24
6 122
6 123
6 25
6 83
6 68
7 70
7 99
7 107
7 95
7 36
7 121
7 37
7 8
7 78
7 19
7 20
7 79
7 80
7 38
7 24
7 34
7 82
8 28
8 55
8 46
8 56
8 95
8 57
8 75
8 19
8 92
8 48
8 90
8 34
8 98
8 44
9 87
9 23
9 59
9 60
9 76
10 29
10 103
10 109
10 63
10 71
10 56
10 64
10 125
10 79
10 47
10 48
10 41
10 117
10 60
10 68
11 45
11 29
11 115
11 37
11 22
11 49
11 81
11 102
11 60
11 76
12 70
12 109
12 104
12 114
12 94
12 79
12 38
12 105
12 47
12 101
12 24
12 119
12 50
12 42
12 53
12 84
12 113
13 69
13 29
13 103
13 86
13 18
13 121
13 124
13 87
13 88
13 47
13 22
13 23
13 119
13 122
14 71
14 31
14 86
14 58
14 79
14 21
14 80
14 101
14 90
15 16
15 17
15 18
15 19
15 20
15 21
15 22
15 23
15 24
15 25
15 26
15 27
16 56
16 104
16 36
16 18
16 19
16 89
16 81
16 50
16 33
16 43
16 82
16 53
16 77
17 55
17 103
17 31
17 72
17 74
17 120
17 94
17 92
17 48
17 25
17 83
18 55
18 29
18 107
18 63
18 46
18 108
18 95
18 72
18 125
18 78
18 40
18 32
18 53
19 108
19 114
19 37
19 88
19 23
19 50
19 102
19 113
20 45
20 31
20 111
20 57
20 74
20 38
20 23
20 50
20 67
21 55
21 57
21 73
21 65
21 78
21 87
21 48
21 117
21 61
22 35
22 86
22 74
22 65
22 48
22 33
22 123
23 69
23 58
23 50
23 33
23 112
23 53
23 77
24 99
24 111
24 64
24 67
25 28
25 45
25 103
25 110
25 36
25 114
25 73
25 100
25 119
25 116
25 61
26 93
26 46
26 64
26 114
26 121
26 65
26 40
26 97
26 82
26 83
26 53
26 77
26 98
27 72
27 100
27 50
27 34
27 51
27 83
27 84
28 29
28 30
28 31
28 32
28 33
28 34
29 55
29 63
29 57
29 74
29 78
29 79
29 80
29 81
29 82
29 83
29 52
29 53
29 84
29 68
30 55
30 114
30 87
30 96
30 80
30 47
30 90
30 84
30 44
30 113
31 103
31 108
31 114
31 72
31 87
31 50
31 42
31 51
31 60
31 118
31 44
31 113
31 54
32 45
32 69
32 93
32 115
32 56
32 58
32 124
32 122
32 117
32 43
32 118
33 120
33 65
33 78
33 88
33 39
33 43
33 59
33 44
34 45
34 69
34 107
34 93
34 56
34 108
34 36
34 37
34 75
34 79
34 39
34 48
34 50
34 76
34 98
34 44
35 36
35 37
35 38
35 39
35 40
35 41
35 42
35 43
35 44
36 70
36 63
36 110
36 111
36 57
36 73
36 92
36 89
36 41
36 68
36 61
37 46
37 95
37 125
37 120
37 94
37 38
37 40
37 50
37 90
37 97
37 112
37 117
37 83
37 76
37 54
38 55
38 56
38 111
38 94
38 96
38 122
38 77
39 70
39 85
39 54
40 71
40 104
40 124
40 92
40 80
40 66
40 119
40 42
40 43
40 118
40 54
41 86
41 65
41 75
41 66
41 122
41 90
41 118
42 70
42 111
42 120
42 121
42 75
42 96
42 92
42 97
42 44
42 68
43 99
43 48
43 123
43 82
43 83
43 53
43 68
44 103
44 106
44 64
44 120
44 75
44 91
44 105
44 102
45 46
45 47
45 48
45 49
45 50
45 51
45 52
45 53
45 54
46 70
46 104
46 105
46 117
46 118
46 54
47 55
47 85
47 83
47 77
48 63
48 85
48 65
48 124
48 83
48 118
48 113
49 106
49 108
49 111
49 125
49 96
49 88
49 105
49 123
49 98
50 55
50 107
50 85
50 100
50 60
50 84
51 69
51 111
51 120
51 75
51 100
51 78
51 96
51 67
51 83
51 53
51 77
52 124
52 79
52 53
53 107
53 115
53 114
53 124
53 88
53 119
53 90
54 107
54 124
54 89
54 80
54 122
54 117
55 56
55 57
55 58
55 59
55 60
55 61
56 62
56 114
56 74
56 79
57 108
57 111
57 85
57 88
57 60
57 76
57 113
57 68
58 103
58 106
58 104
58 111
58 121
58 97
58 77
59 69
59 93
59 64
59 74
59 120
59 87
59 81
59 67
59 82
59 113
60 106
60 67
60 97
60 112
60 83
60 76
60 77
61 69
61 103
61 64
61 74
61 94
61 80
61 119
61 97
62 85
62 86
62 87
62 88
62 89
62 80
62 90
62 68
63 70
63 115
63 108
63 114
63 85
63 100
63 96
63 105
63 116
64 93
64 102
64 112
65 107
65 109
65 86
65 87
65 90
66 115
66 110
66 124
66 79
67 70
67 114
67 100
67 118
67 84
67 98
68 93
68 113
69 70
69 71
69 72
69 73
69 74
69 75
69 76
69 77
70 75
70 91
70 92
71 108
71 96
71 77
72 125
72 97
72 82
72 118
72 84
72 113
73 106
73 109
73 104
73 85
73 86
73 74
73 79
73 118
73 113
74 85
74 120
74 124
74 102
74 122
74 84
75 103
75 106
75 115
75 114
75 88
75 89
75 102
76 107
76 91
77 108
77 95
77 125
77 100
77 80
77 101
77 113
78 95
78 114
78 85
78 121
78 124
79 125
79 87
79 123
79 82
80 93
80 111
80 97
81 103
81 109
81 125
81 124
81 98
81 113
82 115
82 121
82 100
82 124
82 88
82 101
82 116
83 109
83 114
83 102
83 116
84 108
84 91
84 119
84 97
85 95
85 92
85 119
85 112
86 95
86 94
86 91
86 123
87 93
87 114
87 92
87 105
87 123
88 106
88 109
88 95
88 89
88 105
89 111
89 122
89 116
90 94
90 96
90 97
91 110
91 114
91 97
91 118
91 113
92 109
92 93
92 111
92 94
92 124
92 101
92 102
92 112
93 106
93 109
93 94
93 96
94 104
94 114
94 120
95 100
95 101
95 119
95 102
96 106
96 107
96 108
96 111
96 125
96 112
97 103
97 114
98 99
98 104
98 105
98 117
99 100
99 101
99 102
100 112
101 112
101 117
102 103
102 112
102 123
102 113
103 104
103 105
104 106
104 108
104 120
104 122
104 112
105 114
105 122
107 108
109 110
109 111
109 112
109 113
110 116
111 124
111 122
111 118
112 119
113 118
114 121
116 120
116 118
122 123
