0 1
0 2
0 3
0 4
0 5
0 6
0 7
0 8
0 9
0 10
0 11
0 12
0 13
1 44
1 45
1 37
1 46
1 47
1 48
1 49
1 50
1 51
1 29
1 52
1 12
2 23
2 53
2 6
2 40
2 54
2 55
2 20
2 42
3 14
3 56
3 57
3 5
3 44
3 58
3 59
3 25
3 51
3 60
3 9
3 31
3 61
3 12
3 62
4 88
4 84
4 58
4 6
4 102
4 7
4 105
4 66
4 39
4 106
4 42
5 78
5 75
5 66
5 49
5 50
5 109
6 63
6 53
6 72
6 84
6 116
6 78
6 44
6 45
6 114
6 59
6 34
6 105
6 112
6 86
6 119
6 61
7 63
7 122
7 36
7 16
7 50
7 51
7 27
7 119
7 60
7 18
7 40
7 98
7 82
7 11
7 32
7 77
7 42
8 70
8 23
8 84
8 75
8 64
8 85
8 17
8 49
8 106
8 11
8 52
9 93
9 53
9 116
9 122
9 113
9 108
9 16
9 85
9 51
9 67
9 119
9 19
9 30
9 123
10 73
10 110
10 114
10 75
10 85
10 17
10 112
10 51
10 81
10 115
11 89
11 90
11 65
11 86
11 26
11 49
11 60
11 40
11 87
12 33
12 93
12 24
12 89
12 79
12 102
12 101
12 85
12 103
12 51
12 120
12 109
12 19
12 76
12 123
13 15
13 99
13 24
13 110
13 79
13 75
13 51
13 120
13 29
13 40
14 15
14 16
14 17
14 18
14 19
14 20
14 21
14 22
15 23
15 24
15 25
15 26
15 27
15 28
15 29
15 30
15 31
15 32
16 78
16 44
16 59
16 125
16 28
16 83
16 121
16 43
17 33
17 88
17 84
17 73
17 58
17 107
17 86
17 97
17 106
17 51
17 98
17 52
17 121
17 77
17 43
18 58
18 113
18 35
18 118
18 98
18 54
18 123
18 77
18 69
19 63
19 71
19 57
19 72
19 84
19 73
19 78
19 114
19 25
19 65
19 76
19 98
19 68
19 61
20 110
20 101
20 91
20 66
20 51
20 40
20 42
20 62
21 33
21 75
21 35
21 118
21 111
21 91
21 103
21 120
21 27
21 28
21 117
21 43
22 94
22 45
22 25
22 118
22 96
22 47
22 76
22 68
22 43
23 72
23 84
23 58
23 102
23 25
23 47
23 86
23 103
23 97
23 67
23 76
23 104
23 30
23 83
23 92
24 88
24 79
24 107
24 102
24 111
24 27
24 60
24 28
24 31
24 43
25 89
25 110
25 122
25 37
25 85
25 125
25 66
25 49
26 93
26 124
26 111
26 108
26 49
26 28
26 81
26 29
27 88
27 116
27 59
27 36
27 65
27 40
27 92
27 115
28 99
28 89
28 90
28 125
28 66
28 97
28 50
28 39
28 104
28 54
28 68
28 121
28 41
28 42
28 115
29 72
29 84
29 116
29 45
29 75
29 85
29 97
29 76
29 31
30 70
30 88
30 110
30 90
30 113
30 68
30 121
30 92
31 93
31 53
31 100
31 118
31 108
31 47
31 120
31 81
31 121
31 92
32 88
32 84
32 73
32 116
32 90
32 105
32 47
32 41
33 34
33 35
33 36
33 37
33 38
33 39
33 40
33 41
33 42
33 43
34 63
34 70
34 72
34 78
34 64
34 112
34 69
35 99
35 44
35 90
35 80
35 124
35 96
35 86
35 49
35 81
35 54
35 55
35 115
35 62
35 43
36 70
36 95
36 44
36 45
36 96
36 86
36 49
36 92
36 69
37 88
37 44
37 103
37 97
37 87
37 123
38 79
38 105
38 51
38 81
38 104
38 40
38 41
39 95
39 64
39 105
39 96
39 103
39 49
39 106
39 61
39 62
40 95
40 64
40 101
40 125
40 50
40 67
40 68
41 63
41 88
41 93
41 110
41 122
41 75
41 61
41 69
42 44
42 111
42 97
42 49
42 50
43 74
43 113
43 118
43 54
43 55
44 88
44 78
44 64
44 91
44 48
44 49
44 54
44 52
45 70
45 94
45 89
45 90
45 107
45 118
45 51
45 119
45 54
45 69
46 56
46 90
46 100
46 75
46 124
46 81
46 54
46 83
46 52
46 117
47 63
47 56
47 93
47 73
47 94
47 100
47 65
47 101
47 109
47 76
47 98
48 57
48 95
48 89
48 110
48 96
48 112
48 97
48 60
49 95
49 116
49 96
49 109
49 83
49 92
49 117
50 56
50 93
50 90
50 122
50 100
50 112
50 87
50 83
50 68
50 69
51 84
51 78
51 102
51 61
51 117
51 77
51 69
52 88
52 53
52 99
52 95
52 89
52 78
52 58
52 107
52 59
52 100
52 96
52 67
53 94
53 89
53 107
53 108
53 97
53 109
53 87
54 70
54 57
54 94
54 107
54 67
54 104
54 87
54 61
54 77
55 79
55 90
55 118
55 86
55 83
56 57
56 84
56 74
56 85
56 86
56 76
56 87
57 99
57 100
57 64
57 101
57 85
57 61
58 74
58 65
58 103
58 120
58 68
58 121
58 123
59 93
59 110
59 74
59 113
59 91
59 112
59 60
59 98
59 121
59 77
59 115
60 93
60 94
60 90
60 124
60 113
60 66
60 106
61 99
61 113
61 67
61 109
62 90
62 101
62 91
62 112
62 81
62 92
63 64
63 65
63 66
63 67
63 68
63 69
64 79
64 125
64 86
64 121
64 117
65 84
65 110
65 122
65 111
65 108
65 76
65 81
65 82
65 117
66 99
66 80
66 111
66 106
66 120
66 76
66 104
67 84
67 94
67 110
67 102
67 113
67 105
67 120
67 109
67 82
67 123
68 88
68 78
68 107
68 108
68 85
68 119
68 98
68 83
68 117
69 74
69 103
70 71
70 72
70 73
70 74
70 75
70 76
70 77
71 78
71 79
71 80
71 81
71 82
71 83
72 73
72 110
72 75
73 101
73 103
73 83
74 78
74 80
74 97
74 83
75 95
75 102
75 86
75 121
76 116
76 82
77 94
77 89
77 90
77 81
78 93
78 89
78 110
78 113
78 111
78 91
79 88
79 89
79 90
79 113
79 111
79 98
79 82
79 121
79 115
80 99
80 110
80 101
80 112
80 103
80 119
80 104
80 82
81 88
81 84
81 117
82 88
82 90
82 108
82 125
82 104
82 98
82 83
83 94
83 119
83 123
83 117
84 113
84 106
85 116
85 112
86 93
86 116
86 110
86 100
86 105
86 98
87 124
87 98
87 92
88 89
88 90
88 91
88 92
89 116
89 110
89 114
89 96
89 117
90 107
90 103
90 106
90 121
91 99
91 116
91 114
91 111
91 108
91 112
91 109
91 117
92 95
92 102
92 124
92 101
92 97
93 94
93 95
93 96
93 97
93 98
94 114
94 107
94 96
94 112
94 106
95 113
95 103
95 106
95 115
96 113
96 125
96 104
97 99
97 105
97 118
97 111
98 122
98 111
98 120
98 121
99 107
99 102
99 111
99 112
100 122
101 114
101 104
102 125
102 119
102 123
103 106
103 123
104 110
104 121
105 114
105 111
105 108
105 112
106 120
106 115
107 122
107 124
107 113
107 120
107 117
107 115
108 124
108 118
109 121
110 120
111 118
111 112
112 116
112 124
112 113
115 118
116 118
116 119
117 120
