0 1
0 2
0 3
0 4
0 5
1 55
1 11
1 56
1 57
1 37
1 58
1 59
1 60
1 50
1 61
1 62
1 23
2 95
2 11
2 119
2 70
2 105
2 93
2 90
2 80
2 23
3 113
3 57
3 38
3 58
3 16
3 101
3 105
3 71
3 112
3 114
3 107
3 115
3 21
3 54
3 23
3 5
4 95
4 72
4 27
4 13
4 57
4 48
4 16
4 39
4 40
4 70
4 42
4 77
4 62
4 86
4 44
4 5
5 6
5 55
5 81
5 17
5 88
5 118
5 89
5 59
5 106
5 51
5 31
5 115
5 99
6 7
6 8
6 9
6 10
6 11
6 12
6 13
6 14
6 15
6 16
6 17
6 18
6 19
6 20
6 21
6 22
6 23
7 24
7 25
7 26
7 27
7 28
7 29
7 30
7 31
7 22
7 32
8 63
8 95
8 33
8 34
8 96
8 14
8 88
8 73
8 74
8 70
8 54
8 23
9 46
9 55
9 65
9 109
9 84
9 110
9 49
9 15
9 58
9 16
9 111
9 17
9 89
9 92
9 61
9 76
9 31
9 112
9 52
10 25
10 37
10 66
10 85
10 120
10 58
10 111
10 68
10 101
10 31
10 52
10 93
10 94
10 121
10 115
10 32
11 102
11 25
11 64
11 58
11 88
11 71
11 31
11 93
11 122
11 121
11 117
11 32
12 24
12 63
12 102
12 25
12 47
12 113
12 120
12 30
12 50
12 76
12 123
12 124
12 121
12 115
12 117
12 23
12 108
13 83
13 75
13 30
13 70
13 105
13 106
13 100
14 64
14 47
14 35
14 39
14 73
14 68
14 89
14 60
14 41
14 106
14 93
14 124
14 121
14 43
14 117
14 53
14 108
14 100
15 26
15 35
15 36
15 37
15 68
15 93
15 117
15 79
15 125
16 24
16 97
16 47
16 66
16 85
16 120
16 67
16 39
16 89
16 75
16 93
16 117
16 22
16 100
17 82
17 36
17 98
17 18
17 101
17 92
17 107
17 86
17 53
18 55
18 82
18 47
18 113
18 56
18 98
18 39
18 71
18 93
18 62
18 108
18 99
19 102
19 116
19 97
19 58
19 93
19 122
19 117
19 125
19 32
20 96
20 27
20 35
20 109
20 58
20 39
20 69
20 71
20 121
20 115
20 53
20 99
21 26
21 35
21 109
21 84
21 68
21 59
21 124
21 94
21 45
22 46
22 87
22 73
22 76
22 42
22 125
23 24
23 116
23 47
23 35
23 56
23 28
23 38
23 120
23 118
23 101
23 61
23 62
23 53
24 33
24 34
24 35
24 36
24 37
24 38
24 39
24 40
24 41
24 42
24 43
24 44
24 45
25 46
25 33
25 113
25 103
25 48
25 38
25 31
25 114
25 42
25 115
25 79
26 81
26 91
26 72
26 37
26 118
26 40
26 105
26 76
26 114
27 102
27 119
27 50
27 77
27 44
27 45
27 32
28 91
28 87
28 111
28 29
28 60
28 61
28 90
28 125
28 99
28 45
29 72
29 57
29 49
29 88
29 59
29 101
29 61
29 76
29 93
29 62
29 78
29 45
30 96
30 118
30 59
30 69
30 107
30 45
31 96
31 109
31 37
31 118
31 74
31 105
31 107
31 121
31 45
32 81
32 47
32 87
32 36
32 114
32 62
32 80
32 100
32 45
33 83
33 39
33 101
33 69
33 62
34 102
34 64
34 56
34 89
34 50
34 105
34 51
34 93
35 63
35 36
35 88
35 118
35 106
35 76
35 42
35 90
35 53
36 83
36 72
36 87
36 37
36 49
36 120
36 101
36 105
36 52
36 124
36 121
36 125
36 108
36 44
37 95
37 85
37 88
37 86
38 64
38 47
38 56
38 85
38 92
38 93
38 99
38 100
39 91
39 95
39 72
39 41
39 123
39 44
40 55
40 82
40 116
40 97
40 113
40 57
40 84
40 49
40 120
40 58
40 68
40 101
40 78
40 117
40 53
40 125
41 63
41 102
41 64
41 113
41 56
41 109
41 84
41 85
41 120
41 92
41 70
41 124
41 108
41 99
42 55
42 91
42 97
42 119
42 98
42 105
42 122
42 79
42 125
43 63
43 104
43 73
43 105
43 94
43 115
44 102
44 119
44 66
44 50
44 123
44 112
44 93
44 124
44 94
44 78
44 117
45 55
45 113
45 57
45 49
45 58
45 92
45 71
45 54
46 47
46 48
46 49
46 50
46 51
46 52
46 53
46 54
47 96
47 65
47 57
47 92
47 105
47 112
47 115
48 63
48 102
48 97
48 109
48 85
48 67
48 118
48 73
48 74
48 53
48 108
49 55
49 89
49 106
49 107
49 99
50 110
50 74
50 70
50 105
50 106
50 114
50 107
50 62
51 72
51 116
51 57
51 70
51 123
51 77
51 117
52 65
52 104
52 75
52 76
52 112
52 80
53 95
53 64
53 74
53 101
54 81
54 56
54 73
54 101
54 76
54 124
54 80
54 99
55 64
55 72
55 73
55 74
55 75
55 76
55 77
55 78
55 79
55 80
56 95
56 87
56 74
56 90
56 121
56 79
57 102
57 109
57 106
57 107
58 63
58 74
58 123
58 124
58 62
58 125
59 83
59 74
59 92
59 106
60 119
60 110
60 67
60 118
60 99
61 63
61 76
61 114
61 94
61 115
61 78
62 97
62 118
62 68
62 101
62 99
62 100
63 64
63 65
63 66
63 67
63 68
63 69
63 70
63 71
64 103
64 85
64 104
64 88
64 78
64 79
64 80
65 97
65 119
65 66
65 85
65 67
65 70
65 112
65 125
66 82
66 96
66 87
66 90
67 81
67 120
67 70
67 106
67 115
67 78
68 81
68 72
68 70
68 78
68 79
69 81
69 82
69 95
69 112
69 79
70 82
70 119
70 120
70 101
70 122
70 125
70 100
71 74
71 101
71 76
71 124
71 100
72 83
72 84
72 114
72 93
73 82
73 116
73 84
73 111
73 122
74 81
74 98
74 85
74 93
74 99
75 110
75 88
75 92
76 77
76 121
76 117
76 80
76 100
77 82
77 113
77 109
77 89
77 105
78 95
78 84
78 120
78 88
78 108
78 100
79 113
79 98
79 124
79 99
80 98
80 111
80 118
80 92
80 106
80 107
80 125
80 108
81 82
81 83
81 84
81 85
81 86
82 87
82 88
82 89
82 90
83 95
83 100
84 91
84 103
84 88
84 123
84 107
84 115
84 99
85 95
85 92
85 123
86 120
86 89
86 122
86 121
87 120
87 111
87 118
87 92
87 122
88 120
88 111
88 106
88 114
88 122
89 103
89 105
89 123
89 94
90 120
90 118
90 101
90 94
90 108
90 100
91 92
91 93
91 94
92 102
92 105
92 112
92 121
93 123
93 115
94 116
94 105
95 97
95 98
95 99
96 111
96 118
97 103
98 119
98 114
100 113
100 104
100 112
102 103
102 104
102 105
102 106
102 107
102 108
103 113
103 119
103 125
104 120
105 113
105 106
106 122
106 108
107 125
107 108
108 110
108 115
109 112
109 121
110 121
111 123
112 113
112 117
112 125
113 124
113 125
114 117
115 120
115 122
115 121
116 117
117 118
117 123
120 121
