0 1
0 2
0 3
0 4
0 5
0 6
0 7
0 8
0 9
0 10
0 11
1 2
1 41
1 86
1 92
1 102
1 47
1 118
2 38
2 85
2 108
2 94
2 95
2 67
2 59
2 69
2 63
2 96
2 10
2 93
3 89
3 26
3 16
3 73
3 110
3 95
3 27
3 114
3 30
3 62
3 111
3 32
3 122
3 83
3 116
4 24
4 48
4 85
4 58
4 39
4 81
4 7
4 119
4 84
4 57
4 72
5 85
5 79
5 18
5 40
5 103
5 54
5 86
5 87
5 119
5 88
5 116
5 37
6 48
6 25
6 90
6 55
6 117
6 29
6 124
6 31
6 7
6 33
7 99
7 26
7 50
7 80
7 40
7 28
7 117
7 31
7 119
7 56
7 118
8 15
8 99
8 26
8 50
8 95
8 117
8 101
8 105
8 31
8 22
8 45
9 48
9 65
9 110
9 90
9 113
9 120
9 101
9 37
10 38
10 99
10 58
10 80
10 123
10 120
10 105
10 31
10 62
10 119
10 96
10 33
10 84
10 102
11 26
11 73
11 108
11 39
11 94
11 60
11 29
11 101
11 105
11 125
11 34
11 116
11 37
12 13
12 14
12 15
12 16
12 17
12 18
12 19
12 20
12 21
12 22
12 23
13 58
13 59
13 60
13 54
13 61
13 62
13 63
13 34
13 64
14 38
14 16
14 51
14 94
14 52
14 95
14 67
14 29
14 43
14 96
14 33
14 34
14 97
15 26
15 51
15 74
15 81
15 103
15 54
15 82
15 104
15 42
15 29
15 101
15 105
15 70
15 83
15 71
16 73
16 79
16 40
16 112
16 81
16 41
16 113
16 86
16 75
16 92
16 84
16 71
16 46
16 64
17 19
17 20
17 52
17 81
17 114
17 29
17 62
17 111
17 72
18 25
18 98
18 52
18 95
18 53
18 28
18 68
18 114
18 72
18 118
19 78
19 66
19 79
19 108
19 120
19 96
19 83
19 34
19 116
20 49
20 98
20 79
20 50
20 58
20 51
20 80
20 52
20 54
20 55
20 30
20 43
20 71
21 50
21 51
21 39
21 54
21 55
21 124
21 70
21 87
21 96
21 34
21 71
21 76
22 99
22 51
22 114
22 69
22 70
22 35
22 72
22 47
23 38
23 89
23 26
23 108
23 50
23 42
23 101
23 91
23 43
23 93
24 25
24 26
24 27
24 28
24 29
24 30
24 31
24 32
24 33
24 34
24 35
24 36
24 37
25 85
25 40
25 86
25 87
25 88
25 75
25 84
26 65
26 77
26 110
26 58
26 82
26 61
26 111
26 35
27 100
27 123
27 107
27 56
27 45
27 36
27 97
28 48
28 89
28 98
28 99
28 123
28 69
28 88
28 33
28 44
28 36
29 65
29 103
29 41
29 120
29 31
29 107
29 111
29 96
29 33
30 108
30 80
30 95
30 67
30 59
30 53
30 62
30 88
30 92
30 71
30 36
30 102
31 99
31 51
31 69
31 70
31 122
31 102
31 97
31 118
32 49
32 89
32 52
32 100
32 41
32 121
32 117
32 105
32 124
32 87
32 109
32 63
32 92
32 44
32 46
33 67
33 63
33 75
33 122
33 71
33 116
33 93
34 85
34 110
34 103
34 60
34 121
34 75
34 92
34 115
34 83
35 65
35 90
35 112
35 74
35 59
35 41
35 86
35 124
35 97
36 79
36 94
36 103
36 86
36 101
36 87
36 119
36 111
36 75
36 92
36 72
36 64
37 78
37 52
37 95
37 71
37 57
37 93
38 39
38 40
38 41
38 42
38 43
38 44
38 45
38 46
38 47
39 49
39 77
39 79
39 80
39 67
39 53
39 54
39 42
39 117
39 124
39 119
39 93
39 118
40 51
40 95
40 103
40 104
40 122
40 84
40 45
41 65
41 66
41 90
41 62
41 70
41 63
41 96
42 61
42 69
42 106
42 105
42 125
42 56
42 84
42 71
42 57
42 72
43 48
43 58
43 117
43 61
43 120
43 119
43 44
44 98
44 108
44 80
44 52
44 63
44 47
45 73
45 81
45 69
45 83
45 72
46 73
46 59
46 53
46 54
46 109
46 92
46 56
46 71
46 72
46 102
46 97
47 85
47 110
47 82
47 114
47 86
47 101
47 105
47 107
47 56
47 64
48 49
48 50
48 51
48 52
48 53
48 54
48 55
48 56
48 57
49 73
49 74
49 75
49 76
50 78
50 58
50 52
50 121
50 62
50 75
50 122
50 115
51 65
51 60
51 121
51 123
51 75
52 78
52 99
52 58
52 100
52 106
53 112
53 74
53 103
53 115
53 97
54 85
54 108
54 100
54 117
54 87
54 96
54 71
55 85
55 61
55 119
55 64
56 95
56 81
56 70
56 83
56 72
57 77
57 78
57 66
57 90
57 95
57 121
57 124
57 111
57 102
57 118
58 66
58 79
58 59
58 86
58 109
58 111
58 93
58 118
59 112
59 100
59 60
59 113
59 69
59 62
59 88
59 97
60 66
60 79
60 95
60 121
60 117
60 123
60 62
61 67
61 81
61 70
61 97
62 114
62 113
62 87
62 119
62 75
62 122
62 64
63 65
63 66
63 74
63 105
63 87
63 107
63 115
63 83
63 84
63 76
64 80
64 121
64 113
64 116
64 93
65 66
65 67
65 68
65 69
65 70
65 71
65 72
66 99
66 103
66 69
66 106
66 105
66 107
66 75
67 73
67 100
67 117
67 101
67 76
68 98
68 79
68 94
68 70
69 110
69 103
69 109
69 75
70 114
70 101
70 107
70 102
70 118
71 73
71 112
71 100
71 117
72 85
72 100
72 120
72 115
73 110
73 81
73 115
73 76
74 90
74 94
74 91
74 96
74 97
74 118
75 82
75 91
75 87
75 109
75 92
75 84
76 79
76 108
76 80
76 95
76 114
76 124
76 111
76 96
76 83
77 78
77 79
77 80
77 81
77 82
77 83
77 84
78 91
78 88
78 92
78 93
79 117
79 91
79 107
80 110
80 117
80 123
80 107
81 103
81 117
81 101
81 119
81 118
82 108
82 100
82 91
82 109
82 111
83 113
83 86
83 125
83 115
83 84
84 99
84 104
84 120
85 108
85 93
86 91
86 111
87 98
87 108
87 94
87 103
87 123
87 102
88 116
89 90
90 104
90 106
91 119
91 125
91 122
92 104
92 116
92 102
93 100
93 103
93 123
93 119
93 118
94 110
94 103
94 101
94 119
94 125
95 112
95 113
95 125
96 112
96 103
96 120
96 105
97 99
97 112
97 120
97 105
97 125
98 99
98 100
98 101
98 102
99 108
99 109
99 102
100 104
101 113
101 107
101 102
102 110
102 112
102 115
103 123
103 124
104 121
105 108
105 106
105 118
106 119
106 125
107 121
108 119
109 119
110 116
112 118
113 124
114 117
114 119
115 124
116 120
119 123
119 120
