0 1
0 2
0 3
0 4
0 5
0 6
0 7
0 8
0 9
1 21
1 32
1 33
1 100
1 34
1 82
1 35
1 78
1 94
1 3
1 16
1 84
1 73
1 41
1 53
1 74
1 67
1 101
2 111
2 103
2 72
2 52
2 68
3 100
3 111
3 76
3 25
3 12
3 83
3 94
3 66
3 14
3 108
3 52
3 106
3 54
3 42
3 67
4 21
4 63
4 81
4 100
4 45
4 34
4 69
4 78
4 120
4 5
4 40
4 50
4 60
4 54
5 44
5 87
5 34
5 11
5 25
5 71
5 79
5 27
5 40
5 54
6 10
6 87
6 46
6 103
6 24
6 83
6 37
6 120
6 125
6 39
6 15
6 98
6 59
6 114
6 106
6 19
6 109
6 62
7 100
7 46
7 64
7 76
7 70
7 88
7 77
7 36
7 89
7 72
7 48
7 58
7 117
7 8
7 55
7 109
8 93
8 34
8 12
8 83
8 78
8 67
8 61
9 63
9 45
9 110
9 27
9 80
9 106
9 86
9 67
9 113
10 11
10 12
10 13
10 14
10 15
10 16
10 17
10 18
10 19
10 20
11 21
11 103
11 25
11 78
11 90
11 95
11 116
11 50
11 86
11 113
12 46
12 89
12 90
12 114
12 99
12 30
13 21
13 63
13 69
13 94
13 37
13 104
13 91
13 15
13 16
13 49
13 59
13 60
13 113
13 101
14 22
14 23
14 103
14 76
14 115
14 88
14 95
14 17
14 51
14 18
14 123
14 118
14 86
15 56
15 22
15 93
15 64
15 24
15 58
15 29
15 74
16 31
16 44
16 97
16 110
16 70
16 115
16 72
16 91
16 48
16 80
16 53
16 99
17 70
17 88
17 65
17 37
17 104
17 122
17 107
17 108
17 99
17 112
18 96
18 97
18 102
18 48
18 122
18 49
18 58
18 20
18 30
19 31
19 44
19 100
19 97
19 46
19 66
19 107
19 98
19 40
19 58
19 50
19 29
19 108
19 60
19 112
20 44
20 77
20 48
20 117
20 85
20 30
21 22
21 23
21 24
21 25
21 26
21 27
21 28
21 29
21 30
22 44
22 46
22 69
22 70
22 71
22 72
22 38
22 73
22 74
22 75
23 56
23 87
23 93
23 34
23 24
23 76
23 35
23 78
23 94
23 95
23 79
23 39
23 41
24 56
24 97
24 70
24 120
24 98
24 108
24 80
24 86
24 112
24 30
25 44
25 56
25 70
25 115
25 89
25 90
25 79
25 117
25 51
26 33
26 111
26 83
26 65
26 98
26 51
26 54
27 32
27 93
27 111
27 94
27 90
27 125
27 38
27 47
27 91
27 29
27 113
27 62
27 43
28 81
28 35
28 115
28 88
28 77
28 120
28 91
28 92
28 107
28 49
28 99
28 109
28 30
29 93
29 82
29 35
29 53
29 54
29 61
30 52
30 114
30 54
30 67
31 32
31 33
31 34
31 35
31 36
31 37
31 38
31 39
31 40
31 41
31 42
31 43
32 46
32 76
32 71
32 77
32 78
32 79
32 72
32 47
32 80
32 43
33 81
33 96
33 93
33 97
33 64
33 82
33 48
33 98
33 80
33 99
33 55
33 68
33 75
34 81
34 87
34 96
34 70
34 77
34 57
34 107
34 108
34 68
34 109
35 71
35 90
35 104
35 85
35 106
35 109
36 46
36 121
36 77
36 57
36 66
36 38
36 50
36 80
36 55
37 77
37 91
37 117
37 59
37 55
37 119
38 64
38 39
38 49
39 100
39 93
39 105
39 97
39 64
39 47
39 41
39 68
39 113
39 101
40 96
40 69
40 77
40 104
40 66
40 48
40 117
40 80
40 114
40 74
40 86
40 68
40 119
40 43
40 101
41 96
41 76
41 51
41 106
41 86
41 68
42 87
42 82
42 71
42 65
42 92
42 84
42 58
42 51
42 68
43 105
43 46
43 66
43 98
43 73
43 118
43 61
43 113
44 45
44 46
44 47
44 48
44 49
44 50
44 51
44 52
44 53
44 54
44 55
45 97
45 64
45 76
45 82
45 102
45 58
45 80
45 55
45 67
46 111
46 82
46 88
46 92
46 85
46 52
46 113
46 112
46 75
47 63
47 69
47 64
47 78
47 125
47 79
47 92
47 73
47 119
48 65
48 66
48 120
48 117
48 85
48 51
48 113
48 62
49 63
49 82
49 70
49 57
49 79
49 80
49 74
50 76
50 82
50 94
50 125
50 117
50 85
50 52
50 86
51 91
51 73
51 60
51 53
52 76
52 115
52 77
52 89
52 72
52 117
52 118
52 53
52 62
53 64
53 91
53 101
54 97
54 95
54 125
54 58
54 117
54 108
54 67
55 100
55 121
55 125
55 79
55 85
55 106
56 57
56 58
56 59
56 60
56 61
56 62
57 103
57 125
57 86
57 62
57 75
58 87
58 100
58 110
58 103
58 70
58 83
58 120
58 79
58 85
58 123
58 114
59 63
59 96
59 115
59 89
59 104
59 120
59 92
59 118
60 70
60 115
60 88
60 92
60 124
60 80
60 109
61 97
61 102
61 115
61 121
61 122
61 117
61 108
61 99
62 121
62 122
62 124
62 73
62 108
63 64
63 65
63 66
63 67
63 68
64 111
64 115
64 79
64 72
64 98
64 108
65 115
65 89
65 66
65 124
65 74
65 99
66 87
66 104
66 73
66 86
67 105
67 82
67 77
67 118
67 99
67 113
68 103
68 102
68 85
68 101
69 87
69 115
69 104
69 86
70 96
70 93
70 95
70 116
70 79
70 72
70 113
71 97
71 94
71 116
71 122
71 73
71 119
72 87
72 92
72 118
73 81
73 115
73 104
73 117
73 85
73 80
73 118
73 114
74 83
74 94
74 116
74 125
74 91
74 123
74 99
74 86
75 89
75 92
75 80
75 113
76 93
76 89
76 95
76 116
76 114
76 113
77 105
77 110
77 111
77 95
77 85
77 109
78 102
78 115
78 104
79 89
79 122
79 124
79 86
80 100
80 111
80 106
80 113
81 82
81 83
81 84
81 85
81 86
82 102
82 119
83 100
83 96
83 105
83 110
83 103
83 104
83 85
83 114
83 99
84 87
84 96
84 93
84 88
84 94
84 122
84 117
84 123
84 118
85 102
85 89
85 116
85 123
85 109
86 125
86 106
86 99
87 88
87 89
87 90
87 91
87 92
88 116
88 120
88 108
88 106
89 97
89 111
89 120
89 91
89 123
89 99
90 103
90 98
90 117
91 97
91 104
91 116
91 108
92 95
92 106
92 113
93 102
93 104
94 100
94 117
94 114
94 112
95 100
95 103
95 118
95 114
96 103
97 110
97 111
98 115
98 120
98 112
99 111
99 125
100 101
101 121
101 118
101 109
103 111
103 104
103 116
103 117
103 118
103 119
104 116
104 108
104 109
105 106
106 117
107 120
107 117
108 125
108 114
109 110
109 121
109 117
110 112
111 114
111 112
113 118
114 121
116 117
116 119
117 125
118 121
118 120
118 122
119 125
