0 1
0 2
0 3
0 4
0 5
0 6
0 7
0 8
0 9
0 10
0 11
1 25
1 26
1 27
1 28
1 29
1 30
1 5
1 31
1 32
1 33
1 34
1 35
1 20
1 36
2 50
2 14
2 62
2 83
2 18
2 74
2 75
2 6
2 84
2 85
3 13
3 38
3 54
3 40
3 105
3 99
3 41
3 31
3 74
3 77
3 106
3 36
3 47
3 24
3 101
4 38
4 53
4 94
4 18
4 75
4 111
4 9
5 49
5 15
5 26
5 90
5 93
5 67
5 87
5 105
5 16
5 55
5 17
5 100
5 33
5 9
5 120
5 47
5 61
6 66
6 108
6 27
6 28
6 32
6 58
6 60
6 8
6 101
7 37
7 66
7 86
7 26
7 118
7 95
7 91
7 116
7 64
7 84
7 85
8 15
8 26
8 39
8 40
8 55
8 33
8 75
8 114
8 68
8 60
8 22
8 46
8 24
9 12
9 37
9 62
9 124
9 34
9 77
9 23
9 44
9 111
9 84
9 47
9 101
10 27
10 93
10 118
10 55
10 41
10 77
10 46
10 48
11 52
11 26
11 97
11 55
11 96
11 106
11 43
11 92
12 13
12 14
12 15
12 16
12 17
12 18
12 19
12 20
12 21
12 22
12 23
12 24
13 50
13 14
13 29
13 78
13 58
13 79
13 68
13 80
13 81
13 82
13 36
14 15
14 62
14 52
14 90
14 30
14 41
14 91
14 59
14 21
14 81
14 69
14 89
14 92
15 93
15 67
15 29
15 94
15 55
15 95
15 32
15 88
15 80
15 96
15 81
16 37
16 53
16 102
16 55
16 98
16 75
16 119
16 71
16 36
16 89
16 24
16 61
17 51
17 53
17 54
17 67
17 94
17 30
17 63
17 57
17 19
17 88
17 68
17 21
17 81
17 103
17 120
17 47
17 61
17 92
18 90
18 87
18 30
18 31
18 68
18 20
18 21
18 69
18 46
18 120
18 104
18 92
19 26
19 90
19 55
19 76
19 77
19 110
19 111
19 84
19 71
19 104
20 49
20 66
20 38
20 102
20 90
20 97
20 118
20 98
20 77
20 35
20 115
20 117
20 45
20 46
20 48
21 86
21 90
21 29
21 109
21 83
21 100
21 57
21 79
22 107
22 29
22 95
22 100
22 32
22 58
22 103
22 111
22 113
22 24
23 62
23 90
23 97
23 94
23 98
23 83
23 106
23 112
23 89
23 104
24 66
24 73
24 90
24 40
24 118
24 28
24 41
24 78
24 32
24 112
24 123
25 38
25 56
25 31
25 58
25 110
25 111
25 85
26 50
26 67
26 29
26 95
26 79
26 96
26 71
26 101
27 86
27 38
27 97
27 57
27 32
27 33
27 114
27 76
27 46
28 49
28 102
28 97
28 100
28 33
28 116
28 77
28 45
28 120
29 40
29 109
29 83
29 57
29 116
29 121
29 104
29 61
30 37
30 52
30 67
30 100
30 114
30 35
30 115
30 123
30 92
31 66
31 72
31 86
31 40
31 95
31 34
31 43
31 69
31 36
31 113
31 48
32 90
32 97
32 67
32 99
32 41
32 44
32 115
32 48
32 104
32 123
33 51
33 107
33 118
33 56
33 95
33 88
33 58
33 71
33 101
34 52
34 108
34 90
34 100
34 57
34 114
34 112
34 115
34 85
34 89
35 37
35 53
35 75
35 80
35 44
35 117
35 71
36 49
36 73
36 105
36 98
36 42
36 59
36 106
36 115
36 82
36 46
36 47
36 92
37 38
37 39
37 40
37 41
37 42
37 43
37 44
37 45
37 46
37 47
37 48
38 94
38 63
38 109
38 88
38 110
38 104
38 101
39 51
39 90
39 96
39 60
39 43
40 56
40 99
40 100
40 88
40 103
40 117
40 61
40 101
41 102
41 94
41 78
41 124
41 80
41 110
42 51
42 102
42 78
42 57
42 88
42 59
42 80
42 110
42 44
42 120
42 47
42 61
42 101
43 79
43 103
43 70
43 111
43 104
44 58
44 80
44 96
44 120
44 113
45 52
45 101
46 51
46 93
46 78
46 124
46 112
46 60
46 70
46 111
46 101
47 51
47 62
47 74
47 76
47 119
47 106
47 81
48 72
48 86
48 122
48 57
48 124
48 58
48 79
48 103
48 82
49 50
49 51
49 52
49 53
49 54
49 55
49 56
49 57
49 58
49 59
49 60
49 61
50 62
50 52
50 55
50 63
50 64
50 65
50 61
51 62
51 52
51 97
51 98
51 99
51 83
51 100
51 91
51 76
51 101
52 72
52 102
52 87
52 99
53 105
53 88
53 58
53 76
53 111
54 66
54 86
54 83
54 100
54 77
54 112
54 110
54 65
54 89
55 67
55 88
55 96
55 60
55 65
55 104
56 93
56 97
56 122
56 63
56 77
56 70
56 121
56 92
56 101
57 97
57 99
57 74
57 116
57 115
57 123
58 112
58 115
59 72
59 90
59 87
59 99
59 109
59 88
59 85
59 121
59 113
60 105
60 109
60 83
60 91
60 124
60 74
60 112
60 121
61 66
61 99
61 95
61 74
61 64
61 125
62 102
62 88
62 103
62 82
62 65
62 104
63 74
63 116
63 103
63 65
63 121
63 123
64 102
64 104
65 93
65 94
65 122
65 91
65 88
65 79
65 119
65 125
65 115
65 111
66 67
66 68
66 69
66 70
66 71
67 102
67 97
67 105
67 99
67 75
67 116
67 113
68 93
68 118
68 74
68 79
68 76
68 112
68 82
68 89
69 86
69 109
69 80
69 96
70 112
70 82
70 123
71 90
71 98
71 106
71 113
72 73
72 74
72 75
72 76
72 77
73 96
74 99
74 124
74 119
74 103
75 93
75 83
75 124
75 96
75 82
75 85
75 123
76 87
76 78
76 119
76 80
76 96
76 82
76 84
76 123
77 102
77 103
77 104
77 123
78 100
78 82
78 123
79 97
79 118
79 109
79 113
79 123
80 86
80 105
80 83
80 116
80 103
80 111
80 123
81 95
81 116
81 125
81 115
81 121
81 89
82 86
82 102
82 105
82 99
82 111
82 85
82 89
83 108
83 102
83 114
84 108
84 90
84 88
84 114
84 119
84 125
84 96
84 120
84 113
84 101
85 107
85 118
85 122
85 117
85 104
85 101
86 87
86 88
86 89
87 118
87 109
87 119
87 113
88 93
88 120
88 113
89 95
90 108
90 102
91 122
91 115
91 117
92 108
93 103
94 118
94 105
94 100
94 106
94 121
95 118
95 105
95 98
95 109
95 114
95 116
95 106
95 117
96 99
96 100
97 110
97 115
97 111
98 102
98 122
100 104
101 114
101 115
101 117
101 121
101 123
102 109
102 113
103 109
103 114
103 121
104 105
104 112
106 107
109 122
109 111
110 118
110 114
110 117
112 118
113 120
116 122
116 120
117 121
117 123
120 125
