0 1
0 2
0 3
0 4
0 5
0 6
0 7
0 8
0 9
0 10
0 11
0 12
0 13
1 106
1 112
1 111
1 78
1 30
1 87
1 52
1 17
1 18
1 56
1 20
2 57
2 37
2 110
2 103
2 112
2 96
2 118
2 9
2 43
2 11
2 63
2 46
3 82
3 59
3 98
3 76
3 111
3 78
3 87
3 52
3 97
3 19
3 63
3 46
4 72
4 37
4 83
4 78
4 70
4 109
4 81
4 86
4 46
5 35
5 49
5 67
5 113
5 121
5 41
5 29
5 78
5 79
5 115
5 30
5 52
5 9
5 17
5 122
5 62
5 64
5 46
6 82
6 121
6 69
6 79
6 118
6 9
6 91
6 55
6 19
6 63
7 74
7 38
7 39
7 60
7 124
7 107
7 69
7 111
7 78
7 79
7 70
7 80
7 43
7 62
7 86
8 38
8 121
8 79
8 125
8 9
8 17
8 55
8 104
9 47
9 36
9 37
9 16
9 60
9 113
9 69
9 51
9 118
9 17
9 43
9 71
9 117
9 63
10 82
10 38
10 106
10 69
10 75
10 80
10 99
10 32
10 89
10 104
10 63
11 58
11 38
11 110
11 124
11 69
11 28
11 78
11 115
11 52
11 45
12 105
12 16
12 110
12 67
12 98
12 77
12 51
12 96
12 84
12 100
13 72
13 82
13 36
13 94
13 37
13 120
13 25
13 27
13 75
13 111
13 96
13 80
13 17
14 15
14 16
14 17
14 18
14 19
14 20
15 57
15 119
15 106
15 68
15 61
15 112
15 111
15 28
15 30
15 70
15 84
15 55
15 100
16 48
16 120
16 106
16 103
16 50
16 51
16 84
16 53
16 18
16 100
17 74
17 66
17 98
17 61
17 108
17 25
17 27
17 80
17 81
17 85
17 44
17 45
18 105
18 119
18 108
18 27
18 28
18 51
18 109
18 123
18 32
18 89
18 20
19 83
19 77
19 28
19 52
19 122
19 34
19 89
20 37
20 74
20 58
20 110
20 113
20 124
20 98
20 102
20 75
20 77
20 70
20 118
20 46
21 22
21 23
21 24
21 25
21 26
21 27
21 28
21 29
21 30
21 31
21 32
21 33
21 34
22 49
22 66
22 110
22 87
22 52
22 116
23 93
23 74
23 110
23 67
23 69
23 29
23 80
23 34
23 89
23 104
23 63
23 46
24 66
24 98
24 41
24 51
24 96
24 42
25 119
25 68
25 50
25 51
25 81
25 85
26 60
26 112
26 78
26 79
26 52
26 80
26 104
27 35
27 49
27 58
27 38
27 121
27 69
27 111
27 87
27 80
27 109
27 55
27 44
28 39
28 102
28 69
28 80
28 88
28 44
28 46
29 40
29 121
29 50
29 76
29 77
29 70
29 43
29 123
29 92
30 82
30 107
30 103
30 111
30 125
30 32
30 88
30 44
30 92
31 82
31 110
31 102
31 121
31 77
31 111
31 99
31 54
31 71
31 63
32 59
32 119
32 67
32 78
32 118
32 84
32 63
33 82
33 101
33 94
33 60
33 113
33 69
33 118
33 80
33 97
33 56
33 46
34 101
34 37
34 60
34 110
34 83
34 80
34 97
35 36
35 37
35 38
35 39
35 40
35 41
35 42
35 43
35 44
35 45
35 46
36 57
36 65
36 40
36 98
36 70
36 99
36 71
36 56
36 100
37 73
37 105
37 38
37 113
37 114
37 108
37 115
37 84
37 85
37 116
37 117
37 64
38 65
38 93
38 105
38 74
38 83
38 68
38 69
38 51
38 81
38 54
38 71
38 117
38 45
39 72
39 82
39 58
39 123
39 117
40 67
40 106
40 76
40 118
40 42
40 89
40 44
41 65
41 93
41 74
41 124
41 107
41 61
41 109
41 116
41 86
41 64
42 57
42 93
42 120
42 53
42 71
42 89
43 73
43 114
43 108
43 77
43 96
43 100
43 104
43 45
44 82
44 48
44 93
44 59
44 98
44 97
44 56
44 100
44 86
45 101
45 66
45 98
45 76
45 78
45 118
45 84
45 89
46 57
46 72
46 83
46 102
46 61
46 90
46 84
46 55
46 92
47 48
47 49
47 50
47 51
47 52
47 53
47 54
47 55
47 56
48 68
48 69
48 87
48 55
48 88
48 89
49 73
49 66
49 90
49 79
49 91
49 92
50 60
50 124
50 121
50 96
50 97
50 89
50 64
51 94
51 124
51 98
51 69
51 112
51 92
52 57
52 93
52 94
52 66
52 83
52 68
52 81
52 54
52 117
53 72
53 94
53 60
53 106
53 124
53 87
53 55
53 64
54 82
54 112
54 111
54 80
54 55
54 117
55 73
55 90
55 125
55 81
55 123
56 124
56 111
56 91
56 104
57 58
57 59
57 60
57 61
57 62
57 63
57 64
58 65
58 72
58 60
58 83
58 81
58 99
58 117
58 64
59 93
59 101
59 119
59 106
59 102
59 103
59 121
59 69
59 76
59 78
59 97
60 65
60 119
60 87
60 70
60 89
60 92
61 65
61 82
61 113
61 121
61 75
61 78
61 115
61 80
61 97
61 122
61 92
62 72
62 95
62 123
62 97
63 101
63 119
63 113
63 111
63 78
63 118
63 123
64 72
64 73
64 105
64 114
64 107
64 116
65 66
65 67
65 68
65 69
65 70
65 71
66 94
66 110
66 113
66 106
66 107
66 112
66 111
66 115
66 118
66 99
66 122
66 104
67 74
67 124
67 102
68 105
68 110
68 114
68 106
68 98
68 103
68 112
68 115
68 118
68 99
68 122
69 93
69 110
69 113
69 121
69 80
69 109
69 123
69 122
70 74
70 106
70 75
70 122
70 89
71 101
71 110
71 114
71 112
71 79
71 80
71 123
72 73
72 74
72 75
72 76
72 77
72 78
72 79
72 80
72 81
73 101
73 95
73 102
73 103
73 97
73 88
73 104
74 94
74 119
74 107
74 77
74 111
74 116
75 119
75 83
75 90
75 100
76 90
77 78
77 118
77 81
77 97
77 122
78 93
78 103
78 109
78 116
79 93
79 120
79 83
79 98
79 109
80 114
80 107
80 109
80 100
81 95
81 113
81 103
81 90
82 83
82 84
82 85
82 86
83 95
83 112
83 118
84 95
84 110
85 94
85 114
85 118
85 88
86 111
86 125
86 109
86 117
87 105
87 116
87 100
87 92
88 94
88 120
88 90
88 92
89 121
90 97
91 105
91 107
91 99
92 111
92 123
93 94
93 95
93 96
93 97
94 110
94 107
94 97
95 120
95 119
95 113
95 121
96 103
96 125
97 103
97 125
98 115
99 105
99 123
99 104
100 120
100 104
101 105
101 106
101 107
101 108
101 109
102 119
102 116
103 121
103 117
104 105
104 120
104 114
104 123
105 110
105 106
105 111
106 120
106 108
107 124
107 108
108 110
108 123
109 113
109 118
109 117
112 114
117 121
118 120
118 125
119 122
121 123
122 125
