0 1
0 2
0 3
0 4
0 5
0 6
1 41
1 109
1 9
1 104
1 53
1 56
1 29
1 123
1 124
1 78
1 102
1 64
1 101
2 41
2 8
2 51
2 52
2 109
2 87
2 13
2 106
2 56
2 116
2 107
2 39
2 81
2 22
2 93
3 109
3 110
3 14
3 28
3 60
3 35
3 83
3 73
3 64
3 84
3 23
3 49
4 109
4 43
4 44
4 15
4 95
4 58
4 117
4 113
4 64
4 81
5 67
5 8
5 9
5 10
5 11
5 106
5 57
5 46
5 17
5 89
5 60
5 37
5 74
5 20
5 64
5 84
5 81
6 24
6 14
6 70
6 32
6 107
6 79
6 47
6 49
7 8
7 9
7 10
7 11
7 12
7 13
7 14
7 15
7 16
7 17
7 18
7 19
7 20
7 21
7 22
7 23
8 51
8 13
8 98
8 54
8 99
8 29
8 78
8 37
8 100
8 84
8 101
8 23
9 87
9 12
9 44
9 95
9 30
9 73
9 113
9 63
9 81
9 94
9 65
10 68
10 12
10 44
10 53
10 57
10 15
10 112
10 90
10 47
10 81
10 93
11 44
11 72
11 120
11 61
11 38
11 113
11 64
11 91
11 93
12 77
12 50
12 51
12 26
12 82
12 54
12 31
12 120
12 89
12 36
12 37
12 107
12 63
12 108
12 103
13 51
13 53
13 125
13 45
13 57
13 15
13 116
13 47
13 20
13 48
13 85
13 65
14 77
14 50
14 98
14 56
14 16
14 59
14 38
14 113
14 63
14 81
14 23
15 66
15 98
15 56
15 57
15 123
15 124
15 78
15 118
15 36
15 83
15 38
15 74
15 47
15 20
15 97
15 108
16 66
16 67
16 44
16 125
16 71
16 56
16 31
16 37
16 107
16 93
16 40
17 104
17 105
17 70
17 54
17 95
17 46
17 72
17 32
17 117
17 74
17 62
17 63
17 80
17 97
17 40
18 26
18 36
18 96
18 19
18 101
18 91
19 41
19 68
19 121
19 27
19 105
19 44
19 56
19 57
19 89
19 37
19 48
20 27
20 112
20 33
20 96
20 38
20 100
20 91
20 94
20 49
21 51
21 71
21 115
21 123
21 60
21 74
21 113
21 62
21 63
21 39
21 81
21 22
21 108
21 103
22 41
22 76
22 86
22 87
22 72
22 37
22 108
22 75
23 122
23 45
23 123
24 25
24 26
24 27
24 28
24 29
24 30
24 31
24 32
24 33
24 34
24 35
24 36
24 37
24 38
24 39
24 40
25 50
25 51
25 52
25 53
25 54
25 55
25 56
25 57
25 58
25 59
25 60
25 61
25 62
25 63
25 64
25 65
26 76
26 109
26 110
26 95
26 46
26 88
26 32
26 35
26 79
26 48
26 97
26 49
27 42
27 118
27 102
27 84
27 97
28 51
28 109
28 68
28 71
28 115
28 99
28 106
28 120
28 117
28 107
28 108
28 93
28 94
29 76
29 68
29 45
29 46
30 70
30 98
30 95
30 47
30 64
31 42
31 110
31 115
31 72
31 35
31 108
31 92
32 109
32 54
32 99
32 35
32 61
32 65
33 82
33 98
33 37
33 74
33 62
33 100
34 42
34 71
34 106
34 58
34 116
34 60
34 107
34 39
34 97
34 49
35 50
35 51
35 114
35 58
35 72
35 123
35 120
35 124
35 100
35 80
35 65
36 86
36 42
36 122
36 110
36 53
36 55
36 58
36 118
36 79
36 84
36 65
37 51
37 122
37 43
37 116
37 73
37 103
38 67
38 82
38 45
38 46
38 72
38 123
38 89
38 79
38 100
38 85
38 101
39 41
39 86
39 122
39 115
39 79
39 91
39 92
39 75
40 105
40 106
40 100
40 63
40 84
40 85
40 103
40 75
41 42
41 43
41 44
41 45
41 46
41 47
41 48
41 49
42 45
42 58
42 46
42 59
42 108
42 85
43 86
43 54
43 56
43 58
43 123
43 81
43 108
44 86
44 54
44 88
44 117
44 124
44 85
44 103
44 49
45 68
45 82
45 71
45 99
45 124
46 70
46 98
46 56
46 123
46 112
46 107
46 97
46 108
46 65
47 66
47 51
47 121
47 82
47 95
47 72
47 107
47 113
47 81
47 97
47 101
47 103
48 51
48 70
48 71
48 98
48 57
48 90
48 80
49 67
49 51
49 122
49 69
49 54
49 58
50 76
50 55
50 95
50 60
50 96
50 61
50 80
50 97
51 102
51 83
51 73
51 61
51 74
51 64
51 80
51 103
52 110
53 66
53 99
53 89
53 107
53 90
53 96
53 108
53 93
53 94
53 65
54 111
54 125
54 90
54 62
54 119
55 66
55 122
55 58
55 120
55 80
56 86
56 125
56 98
56 61
56 64
56 84
57 110
57 115
57 89
57 117
57 124
57 78
57 83
57 103
58 125
58 75
59 111
59 68
59 73
59 103
60 69
60 95
60 112
60 100
60 101
61 106
61 79
61 97
61 108
61 93
62 86
62 122
62 82
62 107
62 83
62 79
62 100
63 68
63 115
63 90
63 74
64 67
64 114
64 125
64 70
64 106
64 117
64 83
64 97
64 85
65 110
65 89
65 96
66 67
66 68
66 69
66 70
66 71
66 72
66 73
66 74
66 75
67 86
67 87
67 88
67 89
67 78
67 90
67 84
67 81
67 91
67 92
67 93
67 94
68 87
68 115
68 116
68 96
68 80
68 97
69 110
69 70
69 98
69 118
69 79
69 84
69 97
69 119
69 108
70 118
71 76
71 100
72 86
72 111
72 105
72 115
72 99
72 106
72 116
73 105
73 124
73 100
73 101
74 77
74 87
74 110
74 112
74 81
74 108
74 94
75 109
75 95
75 116
75 107
75 100
75 119
75 93
76 77
76 78
76 79
76 80
76 81
77 82
77 83
77 84
77 85
78 82
78 102
78 80
78 119
79 104
79 121
79 82
79 118
79 100
79 93
80 117
80 96
81 106
81 84
81 85
82 122
82 89
82 84
83 90
83 101
84 87
84 115
84 99
84 95
85 111
85 105
85 99
85 112
85 96
85 113
86 104
86 105
86 98
86 106
86 107
86 108
86 94
87 114
87 88
87 97
88 106
89 106
89 101
89 94
90 116
90 124
90 97
90 119
91 109
91 115
91 97
91 101
92 100
92 101
93 122
93 118
94 114
94 125
94 117
94 116
94 118
94 119
95 110
95 125
95 118
95 100
96 100
96 101
97 104
97 107
97 100
98 103
99 106
99 103
100 114
100 122
100 113
101 114
101 117
103 109
103 106
103 112
104 111
104 110
104 106
104 117
104 118
104 119
105 123
105 107
106 121
106 110
106 123
106 120
106 112
106 124
107 111
107 112
108 112
109 111
109 110
109 115
110 114
111 112
111 113
112 125
112 115
112 117
115 117
115 116
115 124
117 125
119 120
