0 1
0 2
0 3
0 4
0 5
0 6
0 7
0 8
0 9
0 10
0 11
0 12
0 13
0 14
0 15
0 16
0 17
1 32
1 60
1 61
1 41
1 62
1 63
1 64
1 65
1 66
1 67
1 68
1 14
1 55
1 69
1 70
2 32
2 46
2 47
2 3
2 88
2 61
2 80
2 89
2 12
2 13
2 90
2 70
3 71
3 46
3 100
3 88
3 121
3 50
3 51
3 118
3 42
3 27
3 114
3 103
4 73
4 36
4 81
4 8
4 52
4 42
4 77
4 12
4 96
4 70
5 88
5 7
5 54
5 59
5 113
5 70
6 34
6 100
6 21
6 39
6 125
6 86
6 89
6 57
6 52
6 26
6 103
6 31
7 18
7 83
7 104
7 100
7 62
7 52
7 123
7 90
7 114
7 30
7 69
7 116
8 79
8 91
8 48
8 49
8 21
8 121
8 118
8 63
8 101
8 109
8 106
8 43
8 66
8 30
9 91
9 125
9 50
9 22
9 109
9 95
9 124
9 58
9 15
9 55
9 110
9 69
9 70
9 116
10 32
10 71
10 108
10 118
10 76
10 53
10 66
10 68
10 55
10 59
10 69
10 17
11 72
11 79
11 60
11 107
11 119
11 95
11 81
11 53
11 44
11 124
11 113
12 83
12 35
12 79
12 84
12 74
12 125
12 111
12 108
12 118
12 80
12 75
12 109
12 24
12 43
12 28
12 114
12 29
12 96
13 83
13 46
13 93
13 51
13 118
13 80
13 22
13 65
13 43
13 90
13 124
13 114
13 15
13 113
14 32
14 21
14 86
14 22
14 68
14 112
15 34
15 104
15 79
15 107
15 93
15 49
15 24
15 106
15 25
15 81
15 124
15 114
15 31
16 32
16 104
16 49
16 94
16 76
16 95
16 81
16 28
16 124
16 96
17 60
17 36
17 74
17 117
17 50
17 75
17 53
17 26
17 29
17 30
17 55
17 97
17 116
18 19
18 20
18 21
18 22
18 23
18 24
18 25
18 26
18 27
18 28
18 29
18 30
18 31
19 72
19 35
19 73
19 56
19 21
19 86
19 40
19 51
19 87
19 80
19 63
19 22
19 119
19 102
19 23
19 112
20 93
20 49
20 118
20 64
20 95
20 52
20 42
20 43
20 30
20 55
21 115
21 40
21 87
21 23
21 77
21 27
21 44
21 54
21 103
22 33
22 35
22 107
22 91
22 56
22 38
22 39
22 40
22 111
22 75
22 76
22 52
22 114
22 29
22 97
23 73
23 100
23 48
23 111
23 80
23 76
23 106
23 26
23 123
23 103
23 30
24 104
24 38
24 92
24 86
24 40
24 118
24 41
24 42
24 44
24 68
25 79
25 49
25 118
25 122
25 53
25 59
26 37
26 91
26 50
26 42
26 54
26 120
26 112
26 96
26 31
27 78
27 84
27 107
27 56
27 40
27 87
27 75
27 123
27 44
27 45
28 115
28 37
28 93
28 61
28 102
28 44
28 90
28 120
28 113
29 105
29 76
29 42
29 54
29 67
29 120
30 35
30 84
30 39
30 121
30 119
30 122
30 54
30 103
30 59
31 32
31 36
31 122
31 76
31 103
31 98
31 116
32 33
32 34
32 35
32 36
32 37
32 38
32 39
32 40
32 41
32 42
32 43
32 44
32 45
33 46
33 47
33 48
33 49
33 50
33 51
33 52
33 42
33 53
33 54
33 55
34 56
34 40
34 57
34 44
34 58
34 59
35 72
35 47
35 60
35 48
35 93
35 38
35 94
35 64
35 89
35 76
35 95
35 96
35 97
36 46
36 93
36 61
36 89
36 65
36 53
36 68
36 112
36 116
37 71
37 46
37 107
37 91
37 95
37 120
37 68
37 116
38 91
38 88
38 49
38 61
38 58
39 83
39 72
39 46
39 56
39 61
39 89
39 76
39 124
39 59
39 69
40 91
40 119
40 106
41 71
41 47
41 48
41 56
41 88
41 50
41 109
41 52
41 90
41 124
41 96
42 83
42 79
42 105
42 91
42 61
42 50
42 59
42 69
42 97
43 78
43 105
43 91
43 56
43 77
43 120
43 96
43 98
43 110
43 113
44 76
44 68
44 69
44 99
44 70
45 72
45 79
45 117
45 125
45 50
45 109
45 52
45 90
46 60
46 75
46 57
46 58
46 98
46 59
46 99
47 73
47 100
47 60
47 61
47 63
47 101
47 102
47 66
47 103
47 98
48 78
48 73
48 84
48 74
48 86
48 106
48 67
48 58
48 98
48 55
49 56
49 85
49 119
49 57
49 58
50 87
50 57
50 81
50 120
51 91
51 61
51 57
51 123
51 116
52 121
52 95
52 66
52 54
53 115
53 85
53 92
53 111
53 122
53 77
53 120
53 55
53 82
54 83
54 125
54 64
54 109
54 67
54 96
54 97
55 73
55 74
55 108
55 101
55 77
55 110
56 88
56 118
56 63
56 106
56 96
56 97
56 116
57 71
57 79
57 117
57 93
57 64
57 58
57 103
57 96
58 107
58 88
58 64
58 122
58 95
58 81
58 123
58 120
58 116
59 83
59 92
59 67
59 103
59 98
59 99
59 116
60 115
60 85
60 86
60 102
60 99
61 75
61 102
61 120
61 110
62 86
62 111
62 87
62 75
62 77
63 101
63 65
64 78
64 84
64 75
64 113
65 104
65 85
65 86
65 87
66 84
66 77
66 120
66 113
67 72
67 88
67 90
67 103
67 68
68 119
68 77
68 123
68 116
69 91
69 124
69 112
69 98
69 113
70 104
70 111
70 109
70 77
70 113
71 72
71 73
71 74
71 75
71 76
71 77
72 91
72 92
72 86
73 80
73 102
73 95
73 81
73 82
73 99
74 94
74 106
74 112
74 97
74 99
75 119
75 89
75 123
75 90
75 96
76 107
76 117
76 103
76 96
77 78
77 125
77 80
77 119
77 95
77 114
77 103
77 96
77 116
78 79
78 80
78 81
78 82
79 105
79 87
79 106
79 90
79 103
79 99
80 105
80 125
80 111
80 87
80 106
80 90
80 112
80 98
81 93
81 122
81 103
81 82
82 91
82 118
82 123
82 114
82 112
83 84
83 85
83 86
83 87
84 88
84 94
84 114
85 100
85 107
85 108
85 123
85 96
86 100
86 117
86 123
86 114
87 123
87 103
88 105
88 94
88 101
88 119
88 112
89 94
90 92
90 120
91 100
91 108
91 113
92 105
92 100
92 117
92 95
92 106
92 120
92 97
93 115
94 105
94 102
95 120
95 110
96 118
97 107
97 101
97 110
97 113
98 100
98 117
98 119
100 105
100 111
100 112
100 113
101 110
102 106
102 124
103 123
103 113
105 107
105 108
105 109
105 110
108 120
109 114
109 110
110 117
110 124
110 114
110 116
111 125
111 121
111 118
111 124
111 112
111 116
112 121
113 121
113 119
113 122
115 117
115 118
117 122
121 122
121 124
122 125
122 124
