0 1
0 2
0 3
0 4
0 5
0 6
0 7
0 8
0 9
0 10
0 11
0 12
0 13
0 14
0 15
1 32
1 33
1 34
1 35
1 36
1 17
1 37
1 38
1 39
1 6
1 40
1 41
1 42
1 43
1 44
1 45
1 46
1 47
1 48
1 14
1 49
2 119
2 17
2 99
2 63
2 3
2 53
2 25
2 109
2 46
2 66
2 103
3 84
3 69
3 117
3 70
3 21
3 23
3 80
3 25
3 47
3 105
3 106
4 68
4 88
4 6
4 24
4 41
4 27
4 109
4 9
4 56
4 102
4 45
4 11
4 48
4 94
4 103
5 17
5 71
5 96
5 52
5 27
5 81
5 44
5 123
5 46
5 111
5 15
6 60
6 74
6 84
6 70
6 104
6 122
6 22
6 23
6 90
6 55
6 110
6 81
6 123
6 111
6 31
7 84
7 107
7 91
7 64
7 111
7 10
7 48
7 59
8 16
8 84
8 88
8 54
8 40
8 121
8 124
8 45
8 125
8 76
8 111
8 28
8 116
8 11
8 94
9 87
9 70
9 79
9 71
9 118
9 72
9 80
9 121
9 73
9 91
9 56
9 57
9 111
9 116
9 82
9 114
9 105
9 83
9 94
9 67
10 33
10 35
10 37
10 86
10 98
10 27
10 55
10 124
10 64
10 115
10 111
10 58
10 105
10 94
10 103
10 67
10 14
11 74
11 107
11 71
11 98
11 22
11 80
11 110
11 44
11 123
11 58
11 67
11 29
11 30
12 68
12 77
12 107
12 36
12 71
12 63
12 22
12 53
12 109
12 94
12 15
13 84
13 51
13 71
13 19
13 53
13 120
13 25
13 54
13 124
13 64
13 29
14 69
14 35
14 85
14 71
14 118
14 21
14 22
14 24
14 89
14 56
14 44
14 106
14 83
14 29
15 78
15 35
15 20
15 41
15 115
15 30
16 17
16 18
16 19
16 20
16 21
16 22
16 23
16 24
16 25
16 26
16 27
16 28
16 29
16 30
16 31
17 50
17 74
17 87
17 119
17 70
17 98
17 23
17 65
17 59
18 77
18 84
18 117
18 119
18 97
18 98
18 25
18 27
18 55
18 64
18 47
18 105
18 83
19 50
19 63
19 98
19 112
19 101
19 53
19 26
19 41
19 124
19 102
19 46
19 76
19 48
20 107
20 95
20 40
20 26
20 75
20 123
20 48
20 94
21 68
21 61
21 93
21 43
21 45
21 114
21 48
21 103
21 31
22 77
22 35
22 119
22 70
22 122
22 40
22 121
22 125
22 103
23 50
23 87
23 33
23 63
23 98
23 112
23 39
23 41
23 113
23 43
23 76
23 105
24 50
24 104
24 112
24 41
24 109
24 105
24 29
25 74
25 87
25 32
25 36
25 85
25 86
25 108
25 80
25 41
25 45
25 116
25 114
25 49
26 61
26 39
26 90
26 121
26 56
26 45
27 50
27 61
27 35
27 53
27 121
27 76
27 116
27 94
27 103
28 74
28 51
28 79
28 62
28 98
28 81
28 91
28 47
28 57
28 105
28 30
29 68
29 107
29 63
29 112
29 120
29 109
29 44
29 45
29 46
29 48
29 103
29 67
30 61
30 70
30 79
30 88
30 81
30 102
30 83
31 33
31 99
31 52
31 43
31 92
31 48
31 67
32 68
32 51
32 95
32 79
32 72
32 96
32 97
32 98
32 83
33 60
33 51
33 35
33 86
33 53
33 115
33 116
33 65
34 93
34 70
34 85
34 96
34 88
34 113
34 105
34 49
35 78
35 69
35 79
35 72
35 90
35 80
35 54
35 55
35 110
35 56
36 93
36 71
36 97
36 90
36 54
36 41
36 81
36 105
37 74
37 107
37 69
37 86
37 41
37 92
37 46
37 57
37 114
37 67
38 50
38 118
38 101
38 39
38 89
38 56
38 45
39 60
39 61
39 51
39 78
39 117
39 62
39 90
39 80
39 55
39 43
39 116
39 82
40 95
40 120
40 55
40 91
40 47
40 105
41 87
41 95
41 118
41 97
41 108
41 90
41 110
41 91
41 75
41 43
41 59
41 49
42 69
42 89
42 125
42 115
42 58
43 97
43 81
43 66
44 68
44 70
44 63
44 86
44 101
44 120
44 55
44 124
44 116
45 68
45 88
45 73
45 64
45 115
45 111
46 71
46 110
46 81
46 91
46 125
46 57
46 106
47 74
47 61
47 95
47 71
47 118
47 100
47 88
47 89
47 53
47 102
48 87
48 93
48 70
48 97
48 90
48 91
48 58
48 106
48 83
48 67
49 93
49 85
49 71
49 73
49 110
49 105
49 94
49 59
50 51
50 52
50 53
50 54
50 55
50 56
50 57
50 58
50 59
51 93
51 99
51 100
51 101
51 102
51 94
51 103
52 104
52 86
52 113
52 57
52 116
52 82
52 114
52 65
53 74
53 61
53 117
53 95
53 90
53 54
53 110
53 82
54 70
54 62
54 88
54 89
54 124
54 113
54 64
54 57
55 69
55 62
55 86
55 101
55 90
55 73
55 111
55 116
55 66
56 122
56 101
56 102
56 76
57 84
57 117
57 96
57 63
57 88
57 120
57 81
57 91
58 61
58 93
58 62
58 88
58 112
58 124
58 113
58 67
59 62
59 97
59 108
59 122
59 89
59 81
60 61
60 62
60 63
60 64
60 65
60 66
60 67
61 87
61 78
61 71
61 88
61 89
61 90
61 91
61 92
61 64
62 74
62 78
62 99
62 80
62 82
63 95
63 100
63 98
63 80
63 116
63 66
63 103
64 78
64 95
64 85
64 86
64 73
64 109
64 113
64 65
65 69
65 119
65 97
65 90
65 102
66 99
66 89
66 80
66 124
66 113
66 116
66 82
67 68
67 78
67 122
67 124
67 125
68 69
68 70
68 71
68 72
68 73
69 86
69 112
69 113
69 75
69 76
69 114
70 85
70 118
70 96
70 122
70 101
70 90
70 123
71 85
71 112
71 101
71 120
71 106
72 93
72 117
72 100
72 120
72 111
73 100
73 88
73 108
73 122
73 90
73 80
73 75
73 94
74 75
74 76
75 84
75 79
75 97
75 108
75 122
75 110
75 111
75 83
75 94
76 117
76 85
76 79
76 96
76 86
76 108
76 90
76 102
77 78
77 79
77 80
77 81
77 82
77 83
78 107
78 108
78 101
78 109
78 103
79 97
79 113
79 123
79 111
79 116
80 89
80 113
80 114
81 104
81 99
81 122
81 89
81 92
81 116
82 117
82 109
82 116
83 118
83 122
83 113
83 116
83 103
84 85
84 86
85 87
85 95
85 98
86 87
86 114
87 93
87 88
87 89
87 94
88 96
88 124
88 125
88 106
89 117
89 95
89 97
90 96
90 101
91 99
91 114
91 103
92 110
92 123
92 115
93 104
93 105
93 106
94 95
94 109
94 123
94 115
94 116
94 103
95 108
97 122
97 120
98 107
98 104
99 106
100 119
100 120
100 121
100 109
101 110
102 104
102 103
103 108
103 110
103 123
104 117
104 118
104 122
104 123
106 121
106 124
107 110
107 111
108 109
108 115
109 119
110 119
110 125
111 112
111 120
111 116
112 123
114 125
115 124
116 125
117 118
118 123
119 120
119 121
