0 1
0 2
0 3
0 4
0 5
0 6
0 7
0 8
0 9
0 10
0 11
0 12
0 13
0 14
1 75
1 69
1 82
1 90
1 56
1 83
1 89
1 91
1 92
1 93
1 94
1 22
1 23
1 26
1 13
1 95
1 96
2 48
2 75
2 90
2 77
2 42
2 62
2 91
2 111
2 102
2 3
2 20
2 21
2 22
2 8
2 80
2 72
2 73
2 96
3 70
3 104
3 97
3 40
3 41
3 91
3 105
3 20
3 94
3 26
3 10
3 27
3 13
4 66
4 90
4 77
4 16
4 59
4 100
4 33
4 34
4 71
4 94
4 24
4 25
4 26
4 11
4 123
4 108
4 63
5 82
5 90
5 55
5 59
5 83
5 19
5 97
5 42
5 91
5 118
5 125
5 22
5 80
5 47
6 65
6 78
6 114
6 42
6 119
6 23
6 37
6 11
6 27
6 108
7 57
7 42
7 33
7 105
7 50
7 102
7 125
7 10
7 115
7 73
8 55
8 17
8 83
8 51
8 23
8 24
8 53
8 37
8 117
9 77
9 109
9 42
9 105
9 102
9 125
9 71
9 52
9 94
9 81
9 117
9 47
9 108
9 74
10 99
10 31
10 41
10 122
11 65
11 106
11 90
11 57
11 78
11 18
11 83
11 42
11 105
11 125
11 24
11 53
11 25
11 103
11 73
11 27
11 96
12 77
12 58
12 32
12 41
12 125
12 119
12 120
12 80
12 73
12 27
13 75
13 65
13 41
13 91
13 118
13 93
13 80
13 85
13 123
14 38
14 86
14 82
14 16
14 32
14 61
14 102
14 44
14 24
14 72
14 81
14 96
14 74
15 16
15 17
15 18
15 19
15 20
15 21
15 22
15 23
15 24
15 25
15 26
15 27
16 88
16 60
16 19
16 71
16 107
16 103
16 85
17 65
17 77
17 109
17 101
17 92
17 20
17 119
17 24
17 36
17 72
17 27
18 75
18 76
18 66
18 30
18 58
18 100
18 79
18 19
18 111
18 23
18 67
18 124
19 106
19 100
19 125
19 119
19 103
19 85
19 45
19 67
19 108
19 74
20 29
20 76
20 56
20 87
20 89
20 94
20 23
20 37
20 112
20 46
20 117
20 47
20 116
21 76
21 32
21 61
21 89
21 125
21 34
21 51
21 85
21 112
21 123
21 47
22 86
22 66
22 58
22 121
22 41
22 52
22 84
22 120
22 112
22 116
23 29
23 69
23 99
23 121
23 101
23 97
23 62
23 91
23 50
23 51
23 53
23 124
23 46
23 68
23 95
23 96
24 56
24 57
24 32
24 79
24 50
24 125
24 122
24 34
24 35
24 112
24 124
24 63
25 29
25 97
25 33
25 51
25 52
25 53
26 39
26 59
26 60
26 61
26 102
26 34
26 35
26 63
27 76
27 99
27 31
27 78
27 121
27 100
27 105
27 119
27 67
27 116
28 29
28 30
28 31
28 32
28 33
28 34
28 35
28 36
28 37
29 69
29 70
29 31
29 59
29 71
29 72
29 45
29 73
29 74
30 48
30 65
30 69
30 55
30 59
30 88
30 114
30 42
30 93
30 80
30 47
31 49
31 69
31 57
31 87
31 44
31 93
31 36
31 72
32 106
32 87
32 101
32 41
32 42
32 91
32 44
32 36
32 123
32 73
32 124
32 108
33 39
33 82
33 57
33 77
33 104
33 60
33 40
33 118
33 102
33 122
33 44
33 36
33 72
33 45
33 68
33 95
34 65
34 76
34 104
34 62
34 105
34 122
34 44
34 110
34 93
34 120
34 37
35 64
35 75
35 69
35 76
35 122
35 107
35 112
36 49
36 75
36 78
36 83
36 115
36 54
36 95
37 55
37 42
37 91
37 105
37 119
38 39
38 40
38 41
38 42
38 43
38 44
38 45
38 46
38 47
39 64
39 82
39 77
39 83
39 84
39 85
40 49
40 75
40 70
40 86
40 121
40 101
40 97
40 51
40 85
41 65
41 90
41 57
41 97
41 125
41 43
41 94
41 81
41 47
42 89
42 98
42 111
42 119
42 120
42 124
42 95
43 49
43 121
43 107
43 103
43 67
43 81
43 116
44 66
44 61
44 83
44 102
44 92
44 103
44 46
45 64
45 106
45 56
45 110
45 81
45 68
46 66
46 99
46 109
46 61
46 111
46 105
46 80
46 124
46 96
47 49
47 65
47 86
47 99
47 104
47 97
47 89
47 114
47 102
47 107
47 85
47 113
47 124
48 49
48 50
48 51
48 52
48 53
48 54
49 55
49 56
49 57
49 58
49 59
49 60
49 61
49 62
49 63
50 75
50 125
50 71
51 69
51 56
51 77
51 58
51 101
51 71
51 119
51 103
51 81
52 69
52 70
52 101
52 114
52 95
53 70
53 60
53 92
53 94
53 120
53 115
53 81
54 64
54 106
54 100
54 88
54 97
54 91
54 93
54 73
54 117
54 68
55 64
55 66
55 78
55 93
55 115
55 73
55 116
56 76
56 87
56 62
56 105
56 92
56 74
57 86
57 114
57 102
57 80
57 113
57 116
58 66
58 59
58 100
58 79
58 91
58 105
58 119
58 120
59 70
59 77
59 78
59 111
59 113
59 68
59 95
60 87
60 88
60 61
60 111
60 80
61 62
61 91
61 105
61 119
62 76
62 79
62 98
62 91
62 122
62 110
62 107
62 124
63 65
63 66
63 82
63 93
63 119
63 120
63 80
63 72
63 115
63 81
64 65
64 66
64 67
64 68
65 86
65 66
65 78
65 87
65 88
65 89
65 84
66 98
66 92
66 93
66 94
66 103
66 85
67 75
67 77
67 114
67 73
68 90
68 99
68 104
68 125
68 94
68 117
69 97
69 98
69 95
70 90
70 79
70 101
70 89
70 102
70 103
71 121
71 109
71 111
71 105
71 102
71 122
71 93
71 103
72 121
72 79
72 92
72 84
72 107
73 99
73 101
73 110
73 93
73 119
73 85
73 95
74 106
74 88
74 79
74 111
74 102
74 84
74 107
74 113
75 76
75 77
75 78
75 79
75 80
75 81
76 99
76 77
76 100
76 97
76 94
76 80
76 85
77 79
77 118
77 115
77 112
78 82
78 79
78 80
78 113
78 81
79 82
79 121
79 100
79 114
79 111
79 93
79 96
80 88
80 97
80 111
80 84
80 124
80 116
81 106
81 121
81 111
81 125
82 106
82 90
82 109
82 101
82 102
82 110
82 108
83 86
83 99
83 97
83 84
83 119
83 115
83 124
84 106
84 97
84 114
84 91
84 94
84 108
85 104
85 97
85 122
85 94
85 115
85 124
85 116
86 90
86 104
86 105
87 88
87 89
87 122
87 103
88 90
88 101
88 114
88 111
88 105
88 115
89 106
89 109
89 91
89 118
90 111
90 112
90 113
91 110
91 115
92 110
92 116
93 95
94 98
94 115
97 101
97 118
97 120
97 108
99 117
100 120
101 106
101 105
101 102
101 115
101 116
102 106
102 104
102 119
103 107
104 121
104 110
104 116
105 109
105 107
106 107
106 108
107 109
107 118
107 110
107 120
108 122
108 124
108 116
109 121
112 124
114 115
114 124
114 116
115 118
116 122
117 121
117 123
120 123
