0 1
0 2
0 3
0 4
0 5
0 6
0 7
0 8
0 9
0 10
1 54
1 97
1 87
1 14
1 30
1 95
1 18
1 82
1 100
1 105
1 20
1 21
1 106
1 10
1 107
2 12
2 54
2 44
2 65
2 17
2 21
2 108
2 68
2 51
2 69
2 106
2 90
3 14
3 118
3 16
3 100
3 46
3 74
3 77
3 108
3 122
3 9
4 39
4 41
4 72
4 45
4 56
4 31
4 74
4 75
4 120
4 48
4 9
4 94
4 88
5 52
5 104
5 33
5 66
5 49
6 41
6 42
6 62
6 103
6 73
6 56
6 18
6 124
6 50
6 113
6 35
6 51
6 85
6 70
6 38
6 78
7 117
7 124
7 46
7 105
7 69
7 88
7 86
7 23
8 11
8 13
8 108
8 48
8 116
8 38
8 23
8 78
9 72
9 14
9 56
9 104
9 58
9 115
9 67
9 125
9 76
9 96
10 39
10 63
10 17
10 82
10 47
10 22
10 66
10 108
10 49
10 121
10 94
10 37
10 107
11 12
11 13
11 14
11 15
11 16
11 17
11 18
11 19
11 20
11 21
11 22
11 23
11 24
11 25
11 26
12 52
12 16
12 91
12 77
12 92
12 93
12 35
12 94
12 69
12 85
12 89
13 103
13 44
13 73
13 15
13 104
13 57
13 58
13 33
13 66
13 84
13 36
13 86
14 39
14 52
14 53
14 55
14 82
14 123
14 58
14 119
14 84
14 115
14 69
15 41
15 54
15 109
15 82
15 58
15 98
15 94
15 59
15 86
16 72
16 45
16 114
16 17
16 124
16 47
16 93
16 115
16 67
16 85
16 86
16 23
16 24
17 80
17 87
17 56
17 104
17 65
17 91
17 58
17 21
17 33
17 22
17 76
18 61
18 62
18 55
18 56
18 116
18 34
18 76
18 85
19 52
19 42
19 45
19 81
19 114
19 47
19 120
19 101
19 122
19 35
20 44
20 91
20 47
20 119
20 108
20 94
20 106
20 25
20 107
21 53
21 103
21 117
21 114
21 82
21 36
22 81
22 123
22 121
22 85
22 71
22 36
22 37
22 79
23 53
23 54
23 80
23 103
23 55
23 104
23 119
23 115
23 110
23 113
23 85
23 24
24 42
24 87
24 30
24 31
24 57
24 68
24 106
24 38
25 52
25 81
25 114
25 99
25 82
25 84
25 34
25 94
25 106
25 59
25 107
26 61
26 72
26 118
26 55
26 64
26 109
26 57
26 33
26 48
26 68
26 36
26 37
27 28
27 29
27 30
27 31
27 32
27 33
27 34
27 35
27 36
27 37
27 38
28 95
28 100
28 74
28 51
28 86
29 40
29 44
29 56
29 31
29 77
29 108
29 67
29 68
29 122
29 113
29 94
29 76
29 69
29 102
30 40
30 53
30 109
30 33
30 34
30 89
31 40
31 53
31 104
31 109
31 111
31 98
31 33
31 70
31 71
31 96
31 78
32 54
32 72
32 123
32 93
32 108
32 76
32 38
32 60
32 79
33 87
33 44
33 100
33 122
33 113
33 88
34 118
34 56
34 46
34 77
34 110
34 121
34 70
34 96
34 90
35 54
35 118
35 56
35 64
35 123
35 119
35 120
35 110
35 125
35 121
36 103
36 63
36 124
36 100
36 101
36 48
36 122
36 70
36 102
37 54
37 87
37 44
37 120
37 67
37 125
37 51
37 106
37 88
38 80
38 103
38 99
38 57
38 58
38 98
38 93
38 119
38 120
38 108
38 110
38 67
38 68
38 59
38 96
39 40
39 41
39 42
39 43
39 44
39 45
39 46
39 47
39 48
39 49
39 50
39 51
40 52
40 53
40 54
40 55
40 56
40 57
40 58
40 50
40 51
40 59
40 60
41 72
41 73
41 55
41 74
41 75
41 76
41 60
42 61
42 80
42 81
42 82
42 83
42 77
42 84
42 68
42 85
42 59
42 86
43 80
43 48
44 73
44 111
44 84
44 101
44 76
44 107
45 61
45 52
45 117
45 114
45 109
45 99
45 92
45 121
45 76
45 60
45 79
46 117
46 81
46 91
46 83
46 77
46 92
46 84
46 113
46 121
46 76
46 86
47 74
47 58
47 101
47 67
47 51
47 106
48 57
48 123
48 74
48 92
48 93
48 120
49 53
49 62
49 91
49 82
49 67
49 94
49 85
49 88
49 59
49 86
50 117
50 91
50 57
50 84
50 68
50 125
50 121
50 71
50 59
50 89
51 80
51 109
51 83
51 115
51 113
51 60
51 79
51 107
52 77
52 60
52 78
52 79
53 87
53 56
53 88
53 86
53 89
53 90
54 61
54 72
54 95
54 74
54 70
54 96
55 62
55 95
55 77
55 70
55 106
55 107
56 62
56 72
56 81
56 109
56 83
56 119
56 110
56 68
56 86
57 103
57 114
57 104
57 92
57 84
57 125
57 76
57 59
58 104
58 125
58 70
58 88
58 89
58 90
59 112
59 74
59 108
59 69
59 106
59 88
59 78
60 87
60 73
60 83
60 101
60 79
61 62
61 63
61 64
61 65
61 66
61 67
61 68
61 69
61 70
61 71
62 73
62 64
62 91
62 71
63 103
63 104
63 109
63 120
63 116
63 121
63 76
63 69
63 89
64 97
64 72
64 105
64 74
64 77
64 75
64 101
64 122
64 69
64 70
64 102
65 109
65 111
65 91
65 105
65 122
65 106
66 119
66 120
66 113
66 96
67 117
67 83
67 93
67 113
67 121
67 106
68 95
68 96
69 95
69 111
69 83
69 105
69 92
69 84
69 116
69 113
70 114
70 99
70 82
70 93
70 119
70 115
70 89
70 107
71 103
71 100
71 122
71 88
71 90
72 112
72 84
72 113
73 117
73 95
73 100
73 115
73 122
73 106
74 103
74 114
74 109
74 99
74 120
74 115
74 89
74 96
75 80
75 104
75 99
75 98
75 92
75 122
75 94
75 89
75 96
75 79
76 87
76 117
76 82
76 120
76 101
77 103
77 82
77 93
77 120
77 115
78 114
78 83
78 98
78 92
78 110
78 102
78 107
79 102
79 90
80 99
80 100
80 101
80 102
80 88
80 90
81 124
82 97
82 115
82 94
83 112
83 118
83 124
83 116
83 88
83 89
84 112
84 120
84 102
84 89
85 118
85 93
86 97
86 100
86 106
87 104
87 111
87 110
88 103
88 104
88 96
89 104
89 101
89 107
90 104
90 93
90 116
91 112
91 95
91 100
91 105
91 115
91 110
92 95
92 100
92 105
92 119
92 102
93 124
93 116
94 104
94 108
94 121
94 106
95 99
95 102
96 105
96 120
97 98
98 124
98 115
99 112
99 117
99 105
99 120
100 114
100 119
101 123
101 110
101 125
101 106
101 107
102 103
103 109
103 110
103 106
104 118
104 119
104 120
105 111
105 123
105 121
105 106
106 115
106 116
106 121
107 112
107 110
108 114
108 115
108 110
110 117
111 118
111 120
112 114
112 115
112 116
113 120
113 121
115 122
116 123
116 120
117 118
117 119
119 124
121 123
124 125
