0 1
0 2
0 3
0 4
0 5
0 6
0 7
0 8
0 9
0 10
1 31
1 60
1 55
1 45
1 61
1 50
1 59
1 62
1 10
2 38
2 77
2 28
2 66
2 60
2 33
2 82
2 83
2 84
2 10
3 53
3 12
3 13
3 39
3 60
3 112
3 101
3 44
3 104
3 24
3 48
3 74
3 25
3 121
3 76
3 26
3 52
4 92
4 69
4 41
4 101
4 44
4 57
4 22
4 34
4 48
4 121
4 81
5 53
5 113
5 71
5 103
5 88
5 21
5 102
5 55
5 45
5 94
5 34
5 35
5 9
5 51
6 108
6 16
6 87
6 55
6 91
6 37
6 76
7 92
7 77
7 18
7 42
7 113
7 44
7 55
7 35
7 46
7 61
8 97
8 65
8 60
8 19
8 101
8 55
8 22
8 79
8 91
8 25
8 26
9 85
9 99
9 39
9 113
9 43
9 21
9 35
9 81
9 98
10 95
10 16
10 69
10 112
10 43
10 72
10 117
10 58
10 107
10 47
10 61
10 91
10 120
10 25
10 98
11 12
11 13
11 14
11 15
11 16
11 17
11 18
11 19
11 20
11 21
11 22
11 23
11 24
11 25
11 26
12 63
12 77
12 16
12 41
12 60
12 78
12 71
12 21
12 79
12 46
13 14
13 94
13 104
13 35
13 73
13 79
13 90
13 74
13 37
13 62
13 51
14 105
14 17
14 30
14 60
14 33
14 72
14 82
14 110
14 59
14 62
15 64
15 54
15 93
15 100
15 66
15 60
15 112
15 113
15 114
15 103
15 102
15 56
15 57
15 79
15 36
15 37
15 109
16 28
16 40
16 70
16 42
16 112
16 44
16 33
16 88
16 37
16 50
16 26
17 63
17 92
17 116
17 112
17 33
17 110
17 24
17 50
17 52
18 28
18 43
18 114
18 103
18 57
18 79
18 24
18 84
18 120
18 37
19 28
19 30
19 101
19 61
19 68
19 115
19 48
19 37
20 106
20 69
20 70
20 86
20 42
20 43
20 72
20 104
20 46
20 115
21 92
21 96
21 39
21 29
21 42
21 111
21 87
21 45
21 22
21 67
21 46
21 50
21 76
21 52
22 27
22 29
22 66
22 119
22 103
22 83
22 23
22 47
22 48
22 59
23 95
23 96
23 42
23 113
23 114
23 33
23 120
23 109
24 27
24 116
24 124
24 41
24 43
24 44
24 34
24 46
24 81
24 76
25 54
25 93
25 37
25 123
26 96
26 28
26 66
26 42
26 111
26 32
26 125
26 58
26 48
26 74
26 123
27 28
27 29
27 30
27 31
27 32
27 33
27 34
27 35
27 36
27 37
28 92
28 82
28 94
28 61
28 49
28 36
28 81
29 108
29 77
29 42
29 111
29 34
29 89
29 47
29 121
30 63
30 105
30 65
30 122
30 69
30 31
30 111
30 87
30 107
30 47
30 49
30 98
31 80
31 85
31 96
31 105
31 66
31 79
31 107
31 61
31 115
31 48
31 37
31 81
31 51
32 96
32 83
32 90
32 47
32 120
32 98
33 64
33 95
33 65
33 122
33 119
33 42
33 82
33 45
33 34
33 115
33 76
34 85
34 54
34 124
34 70
34 78
34 58
34 110
34 48
34 62
35 53
35 92
35 116
35 71
35 125
35 88
35 72
35 89
35 90
35 115
35 98
35 51
36 105
36 39
36 66
36 41
36 43
36 101
36 44
36 45
36 89
36 47
36 115
36 74
36 37
37 99
37 96
37 43
37 44
37 88
37 104
37 83
37 47
38 39
38 40
38 41
38 42
38 43
38 44
38 45
38 46
38 47
38 48
38 49
38 50
38 51
38 52
39 119
39 78
39 71
39 102
39 79
39 68
39 59
39 76
40 65
40 88
40 102
40 56
40 83
40 61
40 121
40 98
41 95
41 54
41 116
41 100
41 66
41 60
41 113
41 88
41 56
41 83
41 79
41 84
41 59
41 62
41 98
42 85
42 108
42 125
42 58
42 83
42 84
42 91
42 120
42 50
43 105
43 108
43 54
43 60
43 113
43 103
43 102
43 56
43 110
43 59
43 51
44 63
44 64
44 80
44 100
44 119
44 71
44 72
44 57
44 58
44 107
44 61
44 81
44 123
45 53
45 80
45 112
45 71
45 58
45 90
45 107
45 98
46 80
46 118
46 122
46 119
46 70
46 103
46 57
46 110
46 75
47 53
47 64
47 80
47 77
47 78
47 113
47 103
47 56
47 58
47 110
47 123
48 99
48 105
48 69
48 111
48 73
48 84
48 61
48 49
48 75
48 98
49 54
49 100
49 67
49 61
49 123
50 95
50 94
50 67
50 51
51 100
51 66
51 82
51 117
51 55
51 91
52 95
52 77
52 71
52 125
52 57
52 58
52 104
52 67
52 84
53 54
53 55
53 56
53 57
53 58
53 59
54 96
54 104
54 91
55 80
55 85
55 106
55 77
55 114
55 101
56 64
56 116
56 86
56 101
56 104
56 61
57 92
57 106
57 119
57 86
57 125
57 73
57 115
57 123
58 63
58 108
58 77
58 100
58 86
58 112
58 88
58 82
58 94
58 104
58 90
58 74
59 92
59 101
59 125
59 73
59 91
59 115
59 74
59 75
60 96
60 70
60 111
60 87
60 88
60 121
60 123
61 66
61 71
61 101
61 103
61 117
61 104
61 107
61 75
61 121
62 69
62 83
62 74
62 76
63 64
63 65
63 66
63 67
63 68
64 69
64 70
64 71
64 72
64 73
64 74
64 75
64 76
65 95
65 71
65 117
65 94
66 77
66 118
66 69
66 119
66 111
66 87
66 81
66 98
66 123
67 99
67 106
67 122
67 119
67 124
67 72
67 82
67 79
67 89
67 76
68 119
68 115
69 95
69 100
69 112
69 120
69 109
69 123
70 78
70 71
70 104
70 79
70 123
71 92
71 101
71 90
71 74
71 109
72 78
72 110
72 120
73 85
73 95
73 124
73 117
73 74
74 80
74 108
74 83
74 91
75 99
75 102
76 105
76 108
76 125
76 120
77 86
77 111
78 85
78 92
78 97
78 118
78 79
78 109
78 98
79 87
80 81
81 96
81 93
81 125
81 82
81 89
81 120
82 114
82 110
82 84
82 123
83 119
83 113
83 125
83 104
83 123
84 108
84 113
84 89
84 121
85 86
85 87
85 88
85 89
85 90
85 91
86 100
86 124
86 88
86 117
86 109
86 98
87 95
87 109
88 96
88 105
88 93
88 100
88 103
88 110
89 105
89 100
90 95
90 105
90 108
91 96
91 93
91 119
91 113
91 117
92 93
92 94
93 104
93 115
94 99
94 105
94 97
94 116
94 101
94 121
95 96
95 97
95 98
96 101
96 103
97 106
97 108
97 107
97 109
98 100
98 125
99 100
99 101
99 102
100 112
100 101
101 118
101 114
101 121
102 106
103 107
103 121
104 114
106 107
107 124
107 115
107 121
109 115
110 122
111 114
112 118
112 124
112 120
116 117
119 124
119 120
