0 1
0 2
0 3
0 4
0 5
0 6
0 7
0 8
0 9
0 10
0 11
1 85
1 86
1 71
1 62
1 87
1 56
1 88
1 22
2 12
2 93
2 73
2 74
2 20
2 80
2 31
2 95
2 78
2 79
3 112
3 6
3 52
3 54
3 113
3 37
3 88
3 9
3 77
3 95
4 70
4 46
4 59
4 5
4 80
4 35
4 113
4 56
4 119
4 66
4 98
4 120
5 70
5 47
5 40
5 96
5 33
5 20
5 123
5 122
5 124
5 102
5 44
5 120
5 11
6 75
6 61
6 124
6 87
6 119
6 106
6 57
6 58
6 120
7 13
7 48
7 41
7 115
7 75
7 37
7 97
7 106
7 9
7 22
8 47
8 121
8 95
8 10
8 102
9 93
9 125
9 113
9 87
10 12
10 70
10 93
10 20
10 29
10 100
10 55
10 98
10 57
11 13
11 46
11 93
11 47
11 40
11 90
11 121
11 112
11 73
11 50
11 122
11 38
11 88
11 120
11 110
12 13
12 14
12 15
12 16
12 17
12 18
12 19
12 20
12 21
12 22
12 23
13 39
13 40
13 41
13 42
13 21
13 36
13 43
13 44
14 45
14 46
14 28
14 48
14 59
14 33
14 34
14 60
14 61
14 62
14 63
14 64
14 65
14 43
14 66
14 67
14 68
14 69
15 26
15 28
15 96
15 59
15 21
15 36
15 37
15 63
15 97
15 77
15 68
15 79
16 89
16 103
16 40
16 74
16 116
16 60
16 119
16 117
16 58
16 111
17 70
17 86
17 81
17 55
17 83
17 95
17 67
17 102
18 27
18 104
18 33
18 100
18 65
18 31
19 48
19 72
19 90
19 107
19 61
19 98
19 109
19 82
19 102
20 45
20 27
20 48
20 71
20 49
20 107
20 75
20 21
20 61
20 36
20 62
20 100
20 63
20 87
20 66
20 77
20 95
21 28
21 104
21 85
21 33
21 73
21 52
21 75
21 116
21 53
21 97
21 87
21 65
21 56
21 43
21 77
21 118
21 79
22 115
22 81
22 100
22 63
22 65
22 106
22 83
22 44
22 69
23 24
23 39
23 72
23 91
23 107
23 34
23 65
23 109
23 68
24 25
24 26
24 27
24 28
24 29
24 30
24 31
24 32
25 33
25 34
25 35
25 36
25 37
25 38
26 89
26 29
26 77
26 92
27 93
27 103
27 104
27 30
27 105
27 87
27 106
27 88
27 57
28 39
28 85
28 71
28 90
28 50
28 116
28 35
28 62
28 97
28 77
28 117
28 118
28 67
29 70
29 41
29 86
29 33
29 34
29 30
29 81
29 69
30 74
30 52
30 122
30 63
30 87
30 56
30 31
30 66
30 88
30 117
30 94
30 110
31 89
31 103
31 75
31 54
31 55
31 106
31 77
31 95
31 102
31 68
31 110
32 104
32 86
32 51
32 80
32 35
32 113
32 124
32 55
32 118
32 69
33 114
33 86
33 59
33 112
33 123
33 80
33 35
33 108
33 55
33 65
33 56
34 45
34 70
34 114
34 121
34 125
34 58
34 111
35 39
35 40
35 90
35 99
35 123
35 51
35 52
35 80
35 36
35 100
35 64
35 43
35 84
36 93
36 86
36 121
36 116
36 37
36 119
36 77
36 118
36 58
36 92
36 79
37 45
37 93
37 39
37 48
37 81
37 76
37 97
37 82
37 44
38 70
38 89
38 85
38 51
38 107
38 76
38 100
38 66
38 102
39 55
39 98
39 94
39 95
40 93
40 115
40 50
40 74
40 91
40 63
40 119
40 84
41 89
41 51
41 75
41 116
41 113
41 122
41 87
41 119
42 70
42 48
42 104
42 85
42 71
42 73
42 74
42 116
42 76
42 105
42 62
42 87
42 88
42 117
43 71
43 73
43 75
43 108
43 63
43 119
44 93
44 103
44 104
44 85
44 52
44 75
44 54
45 46
45 47
45 48
45 49
45 50
45 51
45 52
45 53
45 54
45 55
45 56
45 57
45 58
46 70
46 80
46 81
46 61
46 76
46 55
46 82
46 83
46 68
46 84
47 70
47 72
47 99
47 100
47 101
47 82
47 77
47 102
47 84
48 59
48 121
48 116
48 63
48 64
48 98
48 95
48 102
49 108
49 62
49 106
49 109
50 93
50 96
50 105
50 100
50 82
50 94
50 110
50 69
51 116
51 109
51 78
51 58
52 96
52 104
52 115
52 125
52 81
52 105
52 63
52 97
52 64
52 94
52 68
53 59
53 90
53 115
53 112
53 95
53 120
54 59
54 101
54 87
54 98
54 109
54 77
54 83
54 95
54 120
55 70
55 86
55 72
55 99
55 125
55 56
55 66
55 78
55 68
55 111
56 59
56 61
56 106
56 88
56 78
57 86
57 115
57 99
57 124
57 100
57 63
57 84
58 90
58 80
58 97
59 73
59 75
59 98
59 117
59 78
59 120
60 89
60 85
60 91
60 123
60 62
60 97
60 87
60 66
60 84
60 110
60 111
61 93
61 85
61 123
61 77
61 94
62 104
62 112
62 113
62 65
62 82
62 69
63 114
63 104
63 123
63 107
63 106
64 103
64 71
64 98
64 111
65 103
65 80
65 77
65 67
66 86
66 121
66 108
66 98
67 96
67 76
67 84
67 69
67 79
68 104
68 75
68 116
68 80
68 98
68 83
68 118
68 120
69 89
69 96
69 121
69 115
69 73
69 123
69 87
69 117
69 78
69 120
69 92
70 71
70 72
70 73
70 74
70 75
70 76
70 77
70 78
70 79
71 75
71 101
71 106
71 84
72 86
72 112
72 80
73 107
73 105
73 124
73 101
73 110
74 115
74 112
74 80
74 81
74 122
74 100
74 101
74 88
74 117
74 94
74 118
74 95
75 104
75 90
75 99
75 80
75 125
75 111
76 112
76 122
76 97
76 119
76 95
76 102
76 110
76 79
77 81
77 108
77 113
77 124
77 97
77 98
77 88
78 99
78 123
78 105
78 82
79 90
79 115
79 113
79 122
80 114
80 99
80 92
80 111
81 114
81 104
81 112
81 116
81 87
81 88
81 95
81 120
82 114
82 104
82 116
83 93
83 116
83 124
83 84
84 85
84 106
84 95
85 93
85 107
85 105
85 111
86 89
86 108
86 106
86 102
86 92
87 91
87 107
87 105
87 102
88 89
88 90
88 91
88 125
88 100
88 102
89 90
89 91
90 123
90 101
90 117
90 95
91 121
91 116
91 113
91 124
91 106
92 124
93 94
94 108
94 100
94 97
94 106
95 104
95 116
95 100
95 120
96 110
98 115
98 101
99 123
99 116
99 124
99 106
100 114
100 116
100 125
100 109
101 103
101 121
101 113
102 122
102 117
102 118
103 107
103 108
103 105
103 109
103 110
103 111
104 121
104 109
105 114
105 121
105 123
105 119
105 106
105 117
105 118
106 115
107 116
107 113
107 110
109 113
109 117
109 118
110 113
111 117
111 120
113 115
114 115
115 123
115 119
115 117
116 121
116 124
118 124
123 124
