0 1
0 2
0 3
0 4
0 5
0 6
0 7
0 8
0 9
0 10
0 11
0 12
0 13
1 79
1 80
1 16
1 81
1 50
1 28
1 71
2 19
2 30
2 84
2 4
2 5
2 85
2 17
2 58
2 86
2 87
3 79
3 33
3 101
3 36
3 76
3 102
3 43
3 103
4 84
4 33
4 45
4 95
4 48
4 74
4 90
4 109
4 110
5 101
5 16
5 111
5 81
5 85
5 118
5 17
5 76
5 18
6 104
6 111
6 7
6 85
6 17
6 10
6 89
6 87
7 19
7 66
7 121
7 45
7 62
7 9
7 63
7 41
7 54
8 72
8 120
8 15
8 16
8 105
8 35
8 111
8 36
8 38
8 39
8 40
8 97
8 17
8 123
8 102
8 125
8 99
9 20
9 79
9 104
9 119
9 105
9 47
9 48
9 118
9 116
9 40
9 123
9 98
9 89
9 77
9 106
9 55
10 72
10 79
10 101
10 105
10 85
10 47
10 107
10 116
10 97
10 11
10 69
10 112
10 43
11 66
11 72
11 79
11 104
11 73
11 120
11 23
11 101
11 94
11 39
11 95
11 40
11 51
11 124
11 102
11 125
12 44
12 122
12 114
12 67
12 36
12 52
12 13
13 20
13 44
13 61
13 120
13 80
13 35
13 47
13 96
13 97
13 58
13 51
13 108
13 41
13 69
13 86
13 83
14 15
14 16
14 17
14 18
15 82
15 92
15 35
15 88
15 117
15 28
15 42
15 115
15 83
16 56
16 44
16 60
16 73
16 22
16 23
16 88
16 46
16 25
16 48
16 89
16 77
16 42
16 59
16 43
17 101
17 122
17 105
17 88
17 36
17 27
17 28
17 18
17 87
17 110
18 20
18 92
18 122
18 105
18 81
18 37
18 96
18 97
18 53
18 89
18 102
18 59
19 20
19 21
19 22
19 23
19 24
19 25
19 26
19 27
19 28
20 44
20 45
20 24
20 46
20 25
20 47
20 48
20 49
20 50
20 51
20 52
20 53
20 28
20 54
20 42
20 55
21 31
21 101
21 34
21 45
21 37
21 39
21 116
21 27
21 98
21 75
21 86
22 34
22 105
22 94
22 28
22 83
22 103
23 31
23 119
23 105
23 36
23 38
23 40
23 53
23 109
23 64
23 65
24 72
24 61
24 93
24 37
24 47
24 58
24 108
24 68
24 86
24 110
25 82
25 61
25 111
25 95
25 107
25 118
25 40
25 51
25 98
25 68
26 82
26 93
26 34
26 37
26 107
26 48
26 116
26 40
26 41
26 83
26 112
26 99
26 65
27 82
27 79
27 100
27 101
27 105
27 67
27 57
27 107
27 98
27 87
27 59
27 103
28 72
28 84
28 104
28 61
28 120
28 108
28 89
28 102
28 113
29 30
29 31
29 32
29 33
29 34
29 35
29 36
29 37
29 38
29 39
29 40
29 41
29 42
29 43
30 60
30 61
30 62
30 63
30 43
30 64
30 65
31 35
31 117
31 51
31 52
31 41
31 102
32 79
32 92
32 119
32 81
32 46
32 53
32 89
32 71
32 55
32 110
33 36
33 38
33 46
33 117
33 76
33 54
33 77
33 64
34 93
34 88
34 36
34 38
34 46
34 62
34 49
34 75
34 124
34 68
34 102
34 71
35 73
35 101
35 122
35 36
35 49
35 109
35 42
36 72
36 82
36 84
36 37
36 95
36 107
36 108
36 98
36 69
36 86
36 106
36 112
36 103
37 121
37 117
37 50
37 108
37 124
37 102
37 42
38 104
38 120
38 122
38 105
38 88
38 85
38 57
38 107
38 118
38 116
38 71
38 106
38 43
38 110
39 66
39 91
39 117
39 51
39 89
39 109
40 56
40 104
40 85
40 74
40 124
40 76
40 68
41 66
41 60
41 47
41 69
41 86
41 71
41 112
41 113
41 64
42 92
42 80
42 93
42 119
42 85
42 46
42 116
42 108
42 53
42 43
43 66
43 79
43 92
43 85
43 107
43 87
43 106
44 82
44 60
44 92
44 85
44 46
44 107
44 97
44 108
44 68
44 71
45 72
45 104
45 73
45 114
45 94
45 95
45 116
45 108
45 70
45 109
45 78
45 64
46 61
46 120
46 122
46 85
46 50
46 87
46 71
46 109
47 114
47 75
47 90
47 115
47 83
47 55
48 66
48 72
48 82
48 84
48 60
48 100
48 107
48 98
48 71
48 59
48 99
49 73
49 80
49 94
49 107
49 97
49 58
49 89
49 70
50 73
50 101
50 81
50 94
50 85
50 95
50 57
50 116
50 51
50 52
50 108
50 68
50 69
51 75
51 53
52 119
52 107
52 112
52 113
53 67
53 103
54 82
54 80
54 85
54 116
54 108
54 124
54 90
54 87
54 77
55 120
55 88
55 117
55 99
55 103
56 57
56 58
56 59
57 66
57 94
57 62
57 97
57 74
57 123
57 77
57 71
57 83
57 78
57 103
58 72
58 79
58 121
58 100
58 107
58 74
58 63
58 89
58 109
58 103
59 60
59 67
59 76
59 86
59 106
60 72
60 111
60 62
60 112
60 113
61 114
61 62
61 90
62 72
62 80
62 111
62 94
62 95
62 74
62 71
63 121
63 80
63 114
63 94
63 96
63 98
63 70
64 96
64 116
64 123
64 75
64 87
64 115
64 99
65 67
65 106
65 83
66 67
66 68
66 69
66 70
66 71
67 79
67 122
67 109
67 103
68 121
68 88
68 117
68 124
69 92
69 81
69 96
69 86
70 122
70 117
70 77
70 99
71 100
71 93
72 73
72 74
72 75
72 76
72 77
72 78
73 116
73 108
73 98
73 109
73 112
73 113
73 103
74 121
74 100
74 116
74 97
75 91
75 97
75 108
75 102
75 87
75 109
75 115
76 111
76 107
76 118
76 116
76 108
76 86
76 87
76 103
77 84
77 93
77 95
77 116
77 98
77 125
77 112
77 99
78 79
78 120
78 95
78 96
78 116
78 102
78 113
78 110
79 88
79 89
79 90
80 82
81 92
81 119
81 111
81 97
81 86
82 83
83 121
83 122
83 111
83 99
84 91
84 100
84 88
84 96
84 90
85 104
85 121
85 122
85 124
86 93
86 122
86 94
86 102
87 91
87 104
87 114
87 88
87 110
88 111
88 97
88 123
88 113
89 100
89 114
89 95
89 124
89 110
90 104
90 120
90 111
90 117
91 92
91 93
91 94
91 95
91 96
91 97
91 98
91 99
92 114
92 102
92 115
93 100
93 95
93 116
93 113
93 103
94 117
94 109
94 112
95 122
95 105
95 111
95 117
95 112
96 100
96 107
96 117
96 97
96 110
97 122
97 124
98 105
98 118
98 123
98 115
99 114
99 117
99 118
100 101
100 119
100 105
100 111
100 107
100 112
101 121
101 110
102 123
103 105
104 105
104 106
107 110
108 109
109 121
109 117
110 123
110 124
111 120
111 116
112 117
112 125
113 121
113 122
113 114
114 124
115 125
119 123
120 121
