0 1
0 2
0 3
0 4
0 5
0 6
0 7
0 8
0 9
0 10
1 50
1 69
1 70
1 40
1 15
1 41
1 8
1 71
1 72
1 73
1 67
2 57
2 25
2 113
2 114
2 91
2 33
2 8
2 44
2 115
2 81
3 75
3 50
3 51
3 98
3 117
3 16
3 83
3 10
3 73
3 21
4 56
4 27
4 39
4 15
4 32
4 17
4 123
4 85
4 72
4 9
4 20
4 80
5 57
5 27
5 37
5 76
5 7
5 41
5 116
5 54
5 68
5 35
6 11
6 48
6 89
6 33
6 96
6 34
6 45
7 58
7 37
7 97
7 124
7 15
7 100
7 71
7 121
7 66
7 46
8 36
8 49
8 27
8 38
8 113
8 29
8 53
8 112
8 68
9 11
9 48
9 103
9 102
9 107
9 31
9 16
9 92
9 32
9 116
9 53
9 86
9 10
9 115
9 105
9 35
10 89
10 24
10 37
10 102
10 59
10 116
10 83
10 78
10 72
10 20
10 68
10 45
10 46
11 12
11 13
11 14
11 15
11 16
11 17
11 18
11 19
11 20
11 21
12 23
12 95
12 37
12 43
12 60
12 123
12 120
12 18
12 71
12 72
12 73
12 105
12 21
12 35
13 49
13 106
13 24
13 57
13 74
13 26
13 102
13 51
13 29
13 15
13 85
13 119
13 68
13 81
13 21
14 23
14 56
14 95
14 70
14 98
14 60
14 100
14 54
14 87
14 20
14 88
14 46
14 21
15 93
15 106
15 25
15 58
15 28
15 16
15 110
15 111
15 18
15 112
15 85
15 68
15 115
16 65
16 23
16 89
16 58
16 27
16 39
16 122
16 100
16 18
16 84
16 85
16 119
16 19
16 101
16 45
17 49
17 90
17 57
17 95
17 113
17 118
17 116
17 100
17 112
17 121
17 85
17 66
17 19
18 93
18 103
18 25
18 37
18 28
18 39
18 92
18 43
18 116
18 86
18 20
18 35
19 55
19 65
19 48
19 94
19 104
19 75
19 102
19 38
19 43
19 100
19 61
19 109
19 121
19 20
19 21
20 36
20 47
20 55
20 49
20 25
20 50
20 51
20 113
20 107
20 124
20 117
20 92
20 43
20 53
20 120
20 83
20 87
20 68
20 64
20 81
20 21
21 107
21 70
21 116
21 86
21 96
22 23
22 24
22 25
22 26
22 27
22 28
22 29
22 30
22 31
22 32
22 33
22 34
22 35
23 55
23 74
23 75
23 76
23 51
23 77
23 33
23 78
23 79
23 73
23 68
23 80
23 45
23 81
24 94
24 106
24 57
24 104
24 26
24 69
24 29
24 32
24 99
24 63
25 47
25 103
25 90
25 58
25 69
25 31
25 92
25 42
26 89
26 94
26 37
26 39
26 30
26 41
26 32
26 61
26 119
26 101
26 64
26 88
27 36
27 55
27 104
27 70
27 92
27 43
27 123
27 35
28 56
28 69
28 39
28 70
28 124
28 98
28 122
28 85
28 125
28 35
29 65
29 103
29 77
29 107
29 97
29 114
29 66
29 87
29 101
30 47
30 95
30 42
30 53
30 125
31 36
31 51
31 39
31 77
31 82
31 123
31 109
31 66
31 101
32 89
32 56
32 124
32 40
32 122
32 41
32 33
32 62
33 47
33 93
33 114
33 120
33 73
33 88
33 81
34 93
34 49
34 59
34 39
34 117
34 108
34 119
34 88
35 56
35 75
35 97
35 40
35 118
35 86
35 115
35 80
36 37
36 38
36 39
36 40
36 41
36 42
36 43
36 44
36 45
36 46
37 76
37 69
37 70
37 124
37 114
37 91
37 42
37 116
37 54
37 79
37 86
37 68
38 55
38 57
38 97
38 124
38 43
38 99
38 61
38 66
39 95
39 82
39 91
39 100
39 61
39 84
39 66
39 87
40 89
40 103
40 90
40 57
40 74
40 104
40 113
40 107
40 122
40 120
40 78
40 86
40 81
41 106
41 51
41 107
41 92
41 120
41 112
41 54
41 67
41 64
42 48
42 102
42 77
42 107
42 112
43 94
43 106
43 75
43 51
43 70
43 118
43 60
43 121
43 62
43 63
43 64
44 89
44 82
44 60
44 53
44 100
44 71
44 72
45 93
45 102
45 122
45 71
45 119
45 125
45 115
46 55
46 69
46 107
46 91
46 86
46 67
46 64
46 81
47 48
47 49
47 50
47 51
47 52
47 53
47 54
48 75
48 51
48 59
48 82
48 83
48 84
48 85
48 86
48 87
48 88
49 65
49 94
49 102
49 60
49 100
49 96
50 102
50 60
50 109
51 89
51 75
51 77
51 107
51 97
51 98
51 99
51 123
51 63
51 87
51 68
51 80
51 88
52 77
52 70
52 117
52 110
52 64
52 88
53 65
53 89
53 93
53 106
53 59
53 105
54 55
54 102
54 117
54 122
54 99
54 61
54 112
54 72
54 86
55 56
55 57
55 58
55 59
55 60
55 61
55 62
55 63
55 64
56 93
56 57
56 92
56 110
56 111
56 112
56 84
56 63
57 58
57 107
57 70
57 108
57 99
57 87
57 73
57 67
57 105
58 106
58 90
58 59
58 120
58 112
58 71
58 121
58 64
59 93
59 113
59 60
59 84
59 85
59 79
59 68
60 97
60 123
60 64
60 80
60 105
61 106
61 91
61 120
61 84
61 78
61 125
62 113
62 70
62 111
62 123
62 86
62 68
62 81
63 89
63 91
63 99
63 83
63 66
63 96
63 64
63 105
64 116
64 109
65 66
65 67
65 68
66 94
66 108
66 122
66 73
67 117
67 122
67 109
67 119
67 101
68 77
68 110
68 121
68 119
69 74
69 117
69 91
69 123
69 109
69 86
70 90
70 104
70 113
70 107
71 104
71 122
71 85
71 79
72 89
72 93
72 104
72 114
72 96
73 111
73 112
73 105
74 104
74 102
74 97
74 117
74 118
74 119
74 80
75 116
75 84
75 78
75 96
75 81
76 103
76 113
76 77
76 108
76 122
76 116
76 109
76 121
76 79
76 96
77 94
77 107
77 97
77 116
77 84
77 78
77 87
77 105
78 89
78 117
78 114
78 122
78 82
79 102
79 117
79 99
79 83
79 96
79 87
80 106
80 123
80 87
80 115
80 88
81 102
81 109
82 113
82 85
83 90
83 114
83 120
83 112
83 96
83 101
83 105
84 107
84 122
84 96
85 89
85 107
86 94
86 108
86 115
86 105
87 106
87 104
87 91
87 105
88 106
88 119
88 125
88 115
89 90
89 91
89 92
90 107
90 97
90 108
90 109
91 107
91 108
91 122
92 110
93 94
93 95
93 96
94 97
94 98
94 99
94 100
94 101
95 106
95 107
95 98
95 116
95 105
96 125
97 125
99 104
99 113
99 107
100 103
100 104
100 116
102 112
103 104
103 105
104 122
104 116
104 123
104 112
104 121
105 117
105 109
107 109
108 114
108 120
108 115
110 116
111 122
113 121
114 117
115 121
116 118
117 120
118 120
121 124
