0 1
0 2
0 3
0 4
0 5
0 6
0 7
0 8
0 9
0 10
0 11
0 12
0 13
0 14
1 48
1 87
1 90
1 91
1 5
1 75
1 92
1 36
1 93
1 85
1 86
1 94
2 56
2 87
2 21
2 72
2 60
2 62
2 32
2 112
2 35
2 96
2 9
2 89
2 102
2 85
2 68
2 28
3 29
3 95
3 4
3 104
3 74
3 53
3 9
4 69
4 116
4 59
4 72
4 43
4 62
4 117
4 7
4 33
4 105
4 97
4 76
4 13
5 113
5 19
5 22
5 104
5 61
5 45
5 52
5 46
5 112
5 107
5 25
5 96
5 94
6 15
6 40
6 104
6 60
6 100
6 65
6 66
6 105
6 8
6 9
6 114
6 37
7 58
7 79
7 62
7 117
7 74
7 125
7 98
8 58
8 83
8 41
8 60
8 51
8 117
8 52
8 66
8 110
8 9
8 26
8 36
8 125
8 102
8 103
8 118
8 94
9 38
9 78
9 70
9 21
9 100
9 51
9 45
9 120
9 97
9 54
9 37
10 29
10 113
10 116
10 80
10 109
10 65
10 66
10 33
10 102
10 118
10 68
10 47
11 58
11 79
11 82
11 113
11 41
11 70
11 119
11 80
11 72
11 22
11 50
11 62
11 117
11 110
11 96
11 36
11 103
11 47
12 17
12 78
12 39
12 42
12 72
12 104
12 50
12 45
12 63
12 52
12 66
12 46
12 106
12 36
12 122
12 81
12 37
12 77
12 98
13 17
13 39
13 41
13 80
13 19
13 60
13 44
13 24
13 106
13 92
13 68
13 99
14 29
14 116
14 71
14 80
14 31
14 88
14 65
14 46
14 96
14 26
14 103
14 85
14 94
15 16
15 17
15 18
15 19
15 20
15 21
15 22
15 23
15 24
15 25
15 26
15 27
15 28
16 29
16 20
16 30
16 31
16 32
16 33
16 34
16 35
16 36
16 37
17 39
17 40
17 48
17 49
17 20
17 50
17 51
17 52
17 53
17 54
17 37
17 55
18 39
18 113
18 48
18 115
18 23
18 88
18 65
18 36
18 103
18 28
19 95
19 87
19 73
19 100
19 101
19 52
19 93
20 80
20 49
20 61
20 64
20 121
20 33
20 106
20 96
20 28
20 99
21 29
21 70
21 119
21 31
21 73
21 93
21 47
22 78
22 69
22 116
22 48
22 84
22 123
22 61
22 74
22 33
22 34
22 85
23 29
23 56
23 78
23 113
23 48
23 117
23 107
23 67
23 55
24 78
24 32
24 107
24 34
24 25
24 125
25 113
25 116
25 87
25 109
25 62
25 51
25 63
25 65
25 106
25 97
25 89
25 122
25 76
25 98
26 78
26 57
26 82
26 70
26 71
26 124
26 73
26 44
26 91
26 63
26 75
26 46
26 107
26 97
26 81
26 76
27 57
27 123
27 51
27 117
27 34
27 54
27 81
27 76
27 77
28 57
28 69
28 48
28 123
28 31
28 51
28 64
28 111
28 34
28 106
28 81
28 93
28 85
28 37
29 56
29 57
29 58
29 59
29 49
29 60
29 31
29 61
29 62
29 32
29 63
29 64
29 65
29 52
29 66
29 67
29 68
30 58
30 43
30 117
30 120
30 110
30 36
30 89
30 47
31 79
31 113
31 70
31 115
31 90
31 51
31 45
31 88
31 46
31 92
31 53
31 85
31 37
32 78
32 95
32 42
32 119
32 80
32 91
32 33
32 96
33 116
33 46
33 97
33 114
33 47
33 55
34 104
34 60
34 50
34 66
34 105
34 92
34 96
34 118
35 58
35 113
35 72
35 73
35 65
35 106
35 92
35 96
35 89
35 114
35 55
36 57
36 80
36 49
36 73
36 44
36 91
36 63
36 105
36 92
36 108
36 54
36 77
37 56
37 116
37 70
37 61
37 45
37 105
37 67
37 81
37 102
37 114
37 118
37 98
38 39
38 40
38 41
38 42
38 43
38 44
38 45
38 46
38 47
39 78
39 57
39 40
39 82
39 83
39 70
39 84
39 51
39 66
39 67
39 76
39 85
39 47
39 86
40 78
40 41
40 71
40 72
40 104
40 105
40 106
40 97
40 102
40 98
41 70
41 84
41 65
41 52
41 66
41 53
41 86
42 113
42 119
42 50
42 100
42 74
42 64
42 75
42 85
42 55
43 64
43 107
43 98
44 83
44 116
44 123
44 73
44 61
44 75
44 107
44 106
44 96
44 97
44 89
44 102
45 83
45 71
45 74
45 67
45 76
45 77
45 86
46 119
46 124
46 63
46 53
46 76
46 86
47 78
47 79
47 49
47 104
47 51
47 74
47 105
47 96
47 125
47 85
48 116
48 61
48 74
48 63
48 88
48 92
48 53
48 97
48 118
48 68
48 98
48 94
49 116
49 84
49 50
49 65
49 66
49 75
49 110
50 90
50 123
50 60
50 51
50 111
50 108
50 54
50 114
50 55
51 113
51 87
51 60
51 75
51 77
52 56
52 79
52 123
52 60
52 121
52 105
52 106
52 54
52 102
52 118
52 68
53 113
53 116
53 80
53 123
53 104
53 121
53 89
53 68
53 94
54 83
54 80
54 74
54 63
54 121
54 105
54 110
54 97
54 125
54 76
54 118
55 116
55 80
55 90
55 62
55 106
55 92
55 102
55 94
56 69
56 70
56 71
56 72
56 73
56 62
56 74
56 75
56 76
56 77
57 83
57 59
57 87
57 63
57 88
57 89
57 81
58 100
58 101
58 75
58 97
58 81
58 102
58 76
58 103
58 98
59 79
59 119
59 115
59 75
59 108
59 76
59 77
60 95
60 79
60 117
60 120
61 74
61 65
61 111
61 93
62 119
62 63
62 121
62 101
62 105
62 93
63 71
63 119
63 84
63 111
63 120
63 81
64 87
64 88
64 120
65 115
65 74
65 101
65 96
65 108
65 89
66 82
66 90
66 104
66 74
66 111
66 108
66 93
66 99
66 94
67 83
67 113
67 72
67 117
67 101
67 105
67 102
67 94
68 90
68 84
68 91
68 74
68 106
68 108
68 122
68 93
68 86
68 99
69 72
69 109
69 88
69 106
69 89
69 76
70 78
70 87
70 104
70 105
71 79
71 82
71 117
71 112
71 105
71 85
71 77
71 98
72 82
72 87
72 91
72 93
72 86
73 95
73 80
73 90
73 121
73 105
73 96
74 82
74 83
74 87
74 104
74 93
75 83
75 124
75 121
75 105
75 118
76 119
76 80
76 112
76 92
76 86
76 99
77 88
77 114
78 79
78 80
78 81
79 107
79 108
80 116
80 88
80 111
80 110
80 86
81 87
81 121
81 108
82 109
82 110
82 97
82 89
82 99
83 87
83 90
83 84
83 88
83 111
83 110
83 108
84 91
84 121
84 112
84 106
85 95
85 92
85 110
85 114
86 87
86 88
86 92
87 95
87 108
88 89
89 116
89 119
89 115
89 100
90 121
90 107
90 106
90 122
90 114
90 103
91 117
91 105
92 108
92 125
93 114
93 118
93 98
94 95
94 107
94 111
94 120
94 103
95 96
95 97
95 98
95 99
96 111
96 98
97 101
97 107
98 112
98 122
99 108
99 118
100 113
100 121
100 114
100 103
101 112
101 106
101 110
101 114
102 105
102 106
103 119
103 115
103 123
103 105
104 111
105 123
107 110
108 109
108 121
108 125
109 115
110 115
111 123
111 120
112 122
113 114
116 117
117 122
118 120
119 120
