0 1
0 2
0 3
0 4
0 5
0 6
0 7
0 8
0 9
0 10
0 11
0 12
0 13
0 14
0 15
0 16
1 48
1 49
1 20
1 41
1 50
1 30
1 51
1 52
1 53
1 6
1 43
1 54
1 55
1 56
1 29
1 57
1 58
2 48
2 93
2 44
2 15
2 112
2 36
2 16
2 38
2 65
3 17
3 21
3 68
3 84
3 4
3 95
3 114
3 115
3 105
3 116
3 117
3 86
3 13
3 38
4 25
4 42
4 27
4 7
4 45
4 73
4 74
4 56
4 37
4 100
4 65
5 19
5 40
5 25
5 26
5 68
5 69
5 105
5 120
5 11
5 70
5 63
5 99
6 21
6 79
6 72
6 25
6 51
6 114
6 107
6 45
6 74
6 123
6 99
6 64
7 20
7 78
7 23
7 24
7 87
7 89
7 95
7 120
7 116
7 73
7 47
7 122
7 37
7 99
8 18
8 91
8 87
8 116
8 9
8 74
8 122
8 100
8 38
9 19
9 98
9 87
9 60
9 95
9 114
9 93
9 43
9 106
9 55
9 46
9 117
9 71
9 118
9 63
9 99
9 100
10 78
10 67
10 83
10 11
10 108
10 112
11 39
11 19
11 20
11 91
11 78
11 72
11 23
11 95
11 114
11 90
11 107
11 73
11 74
11 34
11 37
12 41
12 60
12 93
12 107
12 121
12 28
12 113
12 62
12 34
12 56
12 71
12 101
12 118
12 122
12 99
13 40
13 42
13 115
13 120
13 110
13 28
13 86
13 122
13 14
14 20
14 78
14 22
14 23
14 25
14 115
14 97
14 73
14 47
14 74
14 85
14 75
15 109
15 107
15 32
15 44
15 97
15 16
15 81
15 65
16 48
16 20
16 78
16 40
16 24
16 92
16 88
16 95
16 114
16 115
16 54
16 35
16 36
16 123
16 58
17 18
17 19
17 20
17 21
17 22
17 23
17 24
17 25
17 26
17 27
17 28
17 29
18 30
18 31
18 32
18 33
18 34
18 35
18 36
18 37
18 38
19 39
19 49
19 66
19 30
19 67
19 68
19 53
19 69
19 55
19 61
19 70
19 71
20 48
20 49
20 30
20 87
20 88
20 89
20 90
20 85
20 36
20 58
21 39
21 82
21 94
21 30
21 68
21 51
21 95
21 43
21 32
21 96
21 55
21 97
21 47
21 81
21 64
22 48
22 23
22 66
22 92
22 104
22 73
22 62
22 63
22 57
22 58
23 49
23 40
23 102
23 31
23 67
23 88
23 83
23 89
23 62
23 29
23 112
23 36
23 64
24 48
24 50
24 30
24 31
24 60
24 113
24 71
24 29
24 65
25 39
25 89
25 32
25 105
25 33
25 58
26 39
26 78
26 40
26 89
26 90
26 97
26 113
26 100
27 49
27 78
27 32
27 44
27 54
27 106
27 33
27 124
27 122
28 49
28 77
28 83
28 44
28 73
28 76
28 71
28 64
28 58
29 72
29 98
29 53
29 104
29 44
29 123
29 37
29 99
30 103
30 52
30 114
30 107
30 97
30 63
30 37
30 38
31 119
31 105
31 73
31 122
32 77
32 107
32 110
32 76
32 71
32 124
32 36
32 99
33 92
33 95
33 107
33 105
33 121
33 113
33 46
33 112
33 58
34 39
34 49
34 83
34 60
34 52
34 90
34 120
34 61
34 62
34 99
35 42
35 87
35 88
35 119
35 114
35 105
35 116
35 62
35 74
35 38
36 50
36 83
36 89
36 52
36 69
36 55
36 113
36 57
36 64
36 58
36 65
37 50
37 92
37 83
37 89
37 69
37 110
37 61
38 77
38 82
38 91
38 88
38 47
38 86
38 57
39 40
39 41
39 42
39 43
39 44
39 45
39 46
39 47
40 78
40 89
40 52
40 73
40 101
40 64
41 49
41 78
41 50
41 66
41 67
41 113
42 59
42 54
42 61
42 74
42 76
42 70
43 51
43 44
43 45
43 55
43 74
43 118
43 122
43 99
44 82
44 78
44 50
44 125
44 106
44 117
44 70
44 86
44 81
45 94
45 72
45 109
45 68
45 105
45 81
46 50
46 90
46 55
46 113
46 62
46 101
46 58
46 65
47 92
47 114
47 104
47 105
47 120
47 123
48 59
48 60
48 54
48 61
48 62
48 63
48 64
48 65
49 72
49 59
49 73
49 74
49 75
49 76
49 70
49 64
50 72
50 89
50 52
50 105
50 55
50 110
50 74
50 101
50 108
51 78
51 80
51 59
51 83
51 89
51 107
51 115
51 105
51 106
51 121
51 55
51 117
51 65
52 78
52 79
52 119
52 107
52 113
52 70
53 72
53 83
53 96
53 73
53 62
53 101
54 104
54 105
54 55
54 62
54 117
54 74
54 63
55 119
55 95
55 85
55 86
55 123
56 94
56 102
56 90
56 125
56 97
56 73
56 123
56 99
56 64
57 125
57 73
57 74
57 99
58 66
58 87
58 90
58 104
58 106
58 108
59 92
59 83
59 115
59 121
59 110
59 117
59 122
59 65
60 78
60 90
60 106
60 97
60 70
61 77
61 84
61 105
61 121
61 122
62 91
62 94
62 72
62 103
62 114
62 90
62 97
62 113
62 73
62 111
62 124
62 108
62 81
63 79
63 109
64 77
64 94
64 115
64 121
64 110
65 84
65 85
65 122
66 98
66 114
66 93
66 115
66 71
67 82
67 114
67 90
67 115
67 116
67 85
67 123
68 72
68 87
68 95
68 93
68 96
69 84
69 95
69 111
69 71
69 118
69 100
70 114
70 115
70 105
70 120
70 76
71 77
71 98
71 102
71 109
72 91
72 79
72 80
72 109
72 110
72 111
72 81
73 89
73 84
73 108
73 81
74 79
74 117
75 94
75 104
75 124
75 122
76 91
76 89
76 97
76 116
76 118
76 122
76 100
77 78
77 79
77 80
77 81
78 98
78 99
78 100
79 98
79 87
79 107
79 108
80 119
80 89
80 120
80 97
81 83
81 90
81 125
81 105
81 113
81 100
82 83
82 84
82 85
82 86
83 98
83 119
83 84
83 107
83 96
83 121
83 101
84 109
84 89
84 90
84 96
84 97
84 111
84 101
84 100
85 109
85 89
85 106
85 112
86 91
86 90
86 116
86 113
86 117
86 108
86 99
87 94
87 89
87 95
87 123
88 109
88 114
88 125
88 120
88 101
88 118
88 122
89 116
89 118
90 103
90 119
90 96
90 124
90 99
91 92
91 93
92 103
92 121
92 117
92 112
94 102
94 103
94 95
94 104
94 105
94 106
95 103
95 96
95 116
95 101
95 124
95 112
96 109
96 103
96 104
96 105
96 100
98 102
98 113
98 117
98 118
99 109
99 113
101 109
101 112
102 119
102 115
102 120
102 110
103 112
104 125
104 106
104 112
105 124
107 109
110 111
110 124
111 115
111 123
113 114
113 118
115 119
117 118
118 119
118 120
119 122
122 123
123 124
