0 1
0 2
0 3
0 4
0 5
0 6
0 7
0 8
0 9
0 10
1 34
1 41
1 17
1 86
1 71
1 87
1 72
1 88
1 32
1 67
1 9
1 89
2 110
2 37
2 63
2 16
2 86
2 42
2 5
2 47
2 6
2 105
2 20
2 118
2 96
2 115
2 44
2 60
3 13
3 74
3 65
3 17
3 47
3 58
3 89
3 60
4 36
4 109
4 110
4 38
4 70
4 55
4 103
4 43
4 122
4 21
4 115
4 100
4 89
4 59
5 50
5 98
5 52
5 79
5 39
5 29
5 14
5 18
5 23
5 106
5 89
5 107
6 61
6 78
6 13
6 62
6 74
6 27
6 110
6 16
6 121
6 18
6 101
6 96
6 115
6 108
6 100
6 107
7 74
7 109
7 102
7 79
7 116
7 53
7 17
7 54
7 55
7 47
7 20
7 21
7 84
7 112
7 108
8 74
8 98
8 28
8 39
8 116
8 53
8 41
8 54
8 105
8 20
8 21
8 23
8 45
9 12
9 113
9 120
9 99
9 103
9 77
9 108
9 125
10 61
10 109
10 102
10 65
10 15
10 55
10 90
10 82
10 93
10 72
10 118
10 84
10 67
10 107
10 125
11 12
11 13
11 14
11 15
11 16
11 17
11 18
11 19
11 20
11 21
11 22
11 23
11 24
11 25
12 26
12 27
12 28
12 29
12 15
12 16
12 30
12 31
12 32
12 22
13 75
13 76
13 40
13 55
13 90
13 85
13 67
14 26
14 68
14 50
14 76
14 38
14 116
14 55
14 104
14 92
14 31
14 90
14 105
14 96
14 44
14 114
15 34
15 38
15 40
15 116
15 41
15 70
15 82
15 93
15 24
16 27
16 75
16 29
16 45
16 49
16 60
17 29
17 30
17 42
17 77
17 94
17 95
17 32
17 66
17 48
18 98
18 102
18 63
18 104
18 43
18 83
18 23
18 48
18 59
19 61
19 52
19 91
19 79
19 63
19 120
19 71
19 87
19 118
19 106
19 89
20 37
20 52
20 113
20 63
20 92
20 95
20 32
20 66
20 44
20 45
21 110
21 98
21 64
21 55
21 77
21 66
22 50
22 91
22 81
22 86
22 101
22 112
22 115
22 25
23 27
23 38
23 64
23 104
23 82
23 45
23 58
23 114
24 34
24 50
24 51
24 29
24 42
24 90
24 88
25 33
25 61
25 62
25 37
25 102
25 91
25 121
25 105
25 89
25 125
26 50
26 51
26 52
26 39
26 40
26 53
26 54
26 55
26 56
26 57
26 48
26 58
26 59
26 60
27 78
27 74
27 65
27 55
27 31
27 88
27 66
27 49
27 59
28 61
28 68
28 35
28 36
28 98
28 80
28 79
28 116
28 120
28 93
28 101
28 100
28 59
29 34
29 69
29 102
29 56
29 94
29 73
30 109
30 98
30 65
30 104
30 47
30 106
30 115
30 89
31 34
31 68
31 35
31 41
31 92
31 71
31 56
31 97
31 111
32 98
32 52
32 116
32 65
32 53
32 93
32 105
32 88
32 118
32 115
33 34
33 35
33 36
33 37
33 38
33 39
33 40
33 41
33 42
33 43
33 44
33 45
34 37
34 46
34 47
34 48
34 44
34 49
35 74
35 52
35 47
35 95
35 96
35 97
35 48
35 60
36 75
36 37
36 64
36 101
37 61
37 41
37 99
37 84
37 106
37 114
37 89
38 74
38 51
38 75
38 76
38 46
38 87
38 47
38 85
38 49
39 62
39 52
39 113
39 86
39 92
39 85
39 67
40 61
40 102
40 53
40 87
40 83
40 72
40 118
40 106
41 91
41 113
41 121
41 83
41 122
41 96
41 66
41 85
41 48
41 123
41 73
41 125
42 80
42 53
42 86
42 121
42 95
42 88
42 115
42 108
42 114
43 93
43 94
43 48
43 45
43 73
44 109
44 65
44 70
44 103
44 57
44 96
44 85
45 102
45 53
45 121
45 87
45 114
46 98
46 79
46 120
46 53
46 47
46 56
46 100
47 51
47 75
47 76
47 64
47 71
47 105
47 94
48 120
48 53
48 95
48 57
48 84
48 67
48 107
48 117
49 51
49 91
49 113
49 79
49 64
49 53
49 124
49 104
49 90
49 56
49 95
49 97
49 114
50 74
50 75
50 52
50 76
50 77
50 59
50 60
51 102
51 103
51 104
51 77
51 82
51 105
51 106
51 107
52 65
52 104
52 87
52 93
52 56
52 101
52 115
53 78
53 76
53 91
53 64
53 55
53 122
53 97
54 74
54 98
54 76
54 91
54 124
54 92
54 83
54 66
54 123
55 99
55 81
55 121
55 84
56 62
56 79
56 104
56 92
56 71
56 66
56 85
56 59
57 68
57 109
57 102
57 76
57 91
57 64
57 90
57 77
57 83
57 107
58 110
58 64
58 90
58 118
58 97
59 74
59 98
59 65
59 103
59 81
59 72
59 101
59 85
59 108
60 76
60 70
60 119
61 62
61 63
61 64
61 65
61 66
61 67
62 91
62 79
62 92
62 93
62 94
62 72
62 85
62 67
63 69
63 99
63 67
64 102
64 120
64 103
64 82
64 72
64 115
65 76
65 72
65 107
66 80
67 75
67 102
67 77
67 94
68 69
68 70
68 71
68 72
68 73
69 80
69 76
69 70
69 81
69 82
69 83
69 84
69 85
70 78
70 99
70 86
70 121
70 82
70 93
71 84
71 125
71 117
72 75
72 76
72 81
72 112
73 91
73 103
73 81
73 94
73 123
73 108
73 119
74 98
74 99
74 90
74 87
74 93
74 95
74 100
75 99
75 96
75 108
76 99
76 104
76 86
76 92
76 93
76 108
76 114
76 107
77 102
77 116
77 104
77 86
77 87
77 93
77 95
77 85
77 112
78 79
79 94
79 101
79 119
79 114
80 109
80 103
80 81
80 83
80 108
81 102
81 108
82 92
82 121
82 88
82 85
82 114
83 105
83 112
83 123
83 107
84 122
84 85
85 109
85 98
85 90
86 90
86 94
86 118
86 111
87 124
88 116
88 103
88 92
88 111
88 114
88 100
88 107
89 114
89 125
90 118
90 111
90 112
91 92
91 105
91 95
91 117
92 102
92 106
93 104
93 94
93 118
93 106
94 109
94 99
94 121
95 102
95 103
95 101
95 111
95 123
96 110
96 118
97 118
97 112
97 100
97 107
98 109
98 113
99 124
99 119
99 100
101 110
101 119
101 114
102 116
102 105
102 107
104 120
104 118
105 113
105 124
105 122
105 112
107 119
110 111
110 112
111 114
112 113
114 122
118 121
118 119
119 120
120 121
120 122
120 123
121 123
