0 1
0 2
0 3
0 4
0 5
0 6
0 7
0 8
0 9
0 10
0 11
0 12
0 13
0 14
0 15
0 16
1 57
1 58
1 59
1 60
1 61
1 7
1 62
1 63
1 24
1 64
1 35
2 3
2 18
2 19
2 30
2 96
2 89
2 84
2 41
2 99
2 72
2 85
2 100
2 101
2 15
3 17
3 26
3 65
3 27
3 57
3 58
3 75
3 59
3 70
3 102
3 98
3 99
3 85
3 52
3 106
3 110
3 73
3 80
4 36
4 81
4 75
4 5
4 18
4 29
4 60
4 70
4 102
4 66
4 44
4 45
4 47
4 109
5 19
5 83
5 39
5 20
5 51
5 97
5 45
5 13
5 55
5 35
6 48
6 29
6 50
6 108
6 97
6 9
6 25
6 79
6 110
6 109
7 17
7 88
7 76
7 108
7 22
7 105
7 32
7 33
7 14
7 15
7 56
8 59
8 39
8 50
8 84
8 42
8 103
8 122
8 63
8 45
8 106
8 120
8 55
8 110
8 35
9 48
9 107
9 59
9 112
9 70
9 50
9 125
9 51
9 71
9 43
9 72
9 63
9 110
10 68
10 58
10 18
10 60
10 70
10 108
10 105
10 71
10 99
10 52
11 28
11 60
11 43
11 91
11 72
11 86
11 94
11 119
11 87
12 38
12 74
12 116
12 29
12 70
12 119
12 114
12 54
12 16
13 48
13 57
13 38
13 74
13 29
13 89
13 98
13 43
13 86
13 114
13 34
13 54
13 87
14 26
14 117
14 82
14 19
14 31
14 97
14 99
14 44
14 63
14 24
14 94
15 57
15 88
15 74
15 116
15 18
15 51
15 121
15 46
15 87
15 55
16 88
16 31
16 23
16 72
16 106
16 46
16 110
17 18
17 19
17 20
17 21
17 22
17 23
17 24
17 25
18 81
18 37
18 21
18 22
18 71
18 67
18 104
18 109
18 35
19 74
19 116
19 117
19 83
19 118
19 84
19 52
19 62
19 64
20 81
20 88
20 28
20 107
20 29
20 60
20 115
20 70
20 102
20 33
20 66
20 104
20 79
20 106
20 109
21 74
21 59
21 98
21 121
21 101
22 88
22 111
22 76
22 39
22 49
22 125
22 42
22 72
22 114
23 36
23 88
23 75
23 111
23 108
23 40
23 77
23 105
23 32
23 44
23 79
23 56
24 36
24 95
24 107
24 49
24 61
24 31
24 113
24 67
24 94
24 79
24 119
24 34
24 109
25 48
25 28
25 83
25 59
25 115
25 41
25 71
26 27
26 28
26 29
26 30
26 31
26 32
26 33
26 34
26 35
27 68
27 69
27 70
27 31
27 41
27 71
27 33
27 72
27 45
27 67
27 73
28 81
28 117
28 39
28 60
28 118
28 96
28 72
28 85
28 106
28 64
28 34
28 109
29 58
29 88
29 38
29 74
29 111
29 107
29 59
29 50
29 30
29 31
29 89
29 102
29 97
29 105
29 98
29 86
29 113
29 119
29 87
30 81
30 88
30 93
30 31
30 122
30 104
30 64
30 87
30 56
30 73
31 37
31 95
31 93
31 107
31 105
31 42
31 33
31 92
31 78
31 114
31 54
31 110
32 69
32 95
32 83
32 59
32 96
32 89
32 63
32 78
32 46
32 120
32 114
32 34
32 54
33 58
33 40
33 98
33 86
33 87
33 56
33 73
34 36
34 95
34 75
34 61
34 50
34 96
34 84
34 71
34 66
34 79
34 47
35 36
35 76
35 123
35 50
35 84
35 92
35 53
35 106
35 73
36 37
36 38
36 39
36 40
36 41
36 42
36 43
36 44
36 45
36 46
36 47
37 68
37 93
37 70
37 41
37 42
37 52
37 62
37 94
37 73
38 48
38 107
38 108
38 102
38 41
38 103
38 67
38 109
39 93
39 49
39 40
39 90
39 103
39 92
39 113
39 67
39 47
39 73
40 57
40 124
40 121
40 100
40 46
40 101
40 110
41 68
41 88
41 93
41 103
41 92
41 63
41 56
42 76
42 124
42 90
42 53
42 104
42 64
43 65
43 88
43 93
43 49
43 108
43 102
43 77
43 66
43 101
43 73
44 65
44 68
44 74
44 117
44 59
44 125
44 97
44 67
44 94
44 101
44 110
44 73
45 81
45 82
45 107
45 108
45 92
45 120
45 56
46 70
46 96
46 71
46 92
46 85
46 104
46 119
46 64
46 56
47 57
47 59
47 124
47 102
47 91
47 99
47 78
47 87
48 49
48 50
48 51
48 52
48 53
48 54
48 55
48 56
49 117
49 60
49 98
49 91
49 85
49 62
49 53
49 119
50 115
50 108
50 97
50 84
50 121
50 100
50 119
50 114
51 68
51 93
51 59
51 115
51 61
51 66
52 95
52 117
52 86
52 122
52 67
52 104
52 101
52 109
52 56
53 68
53 117
53 83
53 89
53 91
53 72
53 63
53 100
53 87
53 110
53 73
54 118
54 79
55 93
55 108
55 96
56 125
56 89
56 84
56 98
56 119
57 88
57 74
57 59
57 89
57 90
57 91
57 92
57 66
57 62
57 67
58 88
58 95
58 75
58 93
58 76
58 59
58 102
58 77
58 98
58 103
58 104
59 95
59 72
59 113
59 122
59 79
59 64
60 81
60 69
60 75
60 93
60 89
60 77
60 104
60 120
60 114
61 81
61 88
61 118
61 90
61 62
61 114
61 87
62 88
62 75
62 76
62 107
62 102
62 84
62 79
62 114
63 70
63 124
63 105
63 67
64 112
64 102
64 121
64 106
64 101
64 110
65 66
65 67
66 68
66 116
66 82
66 94
66 106
67 74
67 83
67 86
67 122
67 94
68 74
68 75
68 76
68 77
68 78
68 79
68 80
69 95
69 96
69 97
69 98
69 90
69 85
69 80
70 95
70 111
70 98
70 79
71 74
71 117
71 82
71 121
71 114
72 95
72 107
72 115
72 97
72 105
72 104
72 79
73 108
73 91
73 78
73 94
74 111
74 112
74 113
74 94
74 114
74 80
75 111
75 117
75 118
75 91
75 113
75 119
75 101
76 93
76 118
76 99
76 94
76 114
77 93
77 115
77 97
77 84
77 121
77 114
77 87
78 123
78 91
78 113
78 94
79 117
79 125
79 92
79 106
80 118
80 105
80 98
80 85
80 114
80 87
81 82
81 83
81 84
81 85
81 86
81 87
82 95
82 83
82 97
82 84
82 98
82 91
83 108
83 105
83 104
84 124
84 109
85 117
85 123
86 107
86 99
87 124
87 103
87 120
87 109
88 89
88 105
88 98
88 106
90 117
90 97
90 98
90 114
91 117
92 111
92 107
92 115
92 125
92 97
92 100
92 106
92 101
93 108
93 98
93 94
94 118
95 115
96 125
96 102
96 104
96 119
96 114
97 120
98 112
98 123
98 124
98 122
98 120
99 102
100 102
100 104
101 112
101 124
101 102
102 122
102 114
103 116
103 122
103 121
104 118
104 114
105 108
105 114
106 107
106 112
107 112
107 121
107 114
108 124
108 119
109 120
110 118
110 113
112 118
115 124
117 120
118 124
121 123
122 125
