0 1
0 2
0 3
0 4
0 5
0 6
0 7
0 8
0 9
0 10
0 11
1 88
1 52
1 105
1 16
1 106
1 107
1 108
1 82
1 29
1 69
2 16
2 115
2 20
2 95
2 40
2 26
2 99
3 32
3 33
3 83
3 14
3 44
3 109
3 118
3 105
3 17
3 48
3 107
3 95
3 24
3 68
3 113
3 96
4 30
4 84
4 43
4 89
4 122
4 102
4 74
4 17
4 87
5 30
5 88
5 43
5 94
5 118
5 123
5 47
5 61
5 106
5 64
5 95
5 93
6 13
6 83
6 46
6 105
6 81
6 112
6 61
6 38
6 76
6 91
6 56
6 28
6 99
7 12
7 88
7 114
7 80
7 115
7 39
7 90
7 27
7 29
7 96
7 69
8 12
8 63
8 13
8 33
8 83
8 89
8 46
8 119
8 16
8 125
8 115
8 48
8 103
8 107
8 108
8 87
8 78
8 99
8 29
8 93
9 58
9 88
9 14
9 84
9 43
9 122
9 36
9 47
9 21
9 22
9 85
9 76
9 10
9 78
9 29
9 96
10 30
10 33
10 83
10 43
10 60
10 46
10 120
10 35
10 105
10 112
10 37
10 106
10 98
10 27
10 68
10 11
11 58
11 70
11 88
11 81
11 125
11 112
11 75
11 22
11 66
11 67
11 40
11 77
11 28
11 111
12 13
12 14
12 15
12 16
12 17
12 18
12 19
12 20
12 21
12 22
12 23
12 24
12 25
12 26
12 27
12 28
12 29
13 50
13 79
13 80
13 81
13 62
13 22
13 82
14 116
14 72
14 81
14 75
14 18
14 19
14 39
14 111
15 58
15 94
15 100
15 89
15 45
15 74
15 48
15 64
16 34
16 121
16 122
16 81
16 125
16 75
16 47
16 19
16 106
16 67
16 29
16 57
17 117
17 59
17 44
17 37
17 55
17 110
18 30
18 114
18 73
18 36
18 66
18 90
18 26
19 114
19 59
19 44
19 45
19 60
19 52
19 115
19 74
19 106
19 38
19 66
19 25
19 91
19 87
19 96
20 32
20 79
20 100
20 35
20 102
20 108
20 55
21 83
21 114
21 39
21 82
21 42
22 88
22 83
22 114
22 105
22 48
22 62
22 23
22 39
22 91
22 27
22 110
23 31
23 120
23 105
23 75
23 65
23 66
23 86
23 55
23 40
23 56
23 110
23 93
23 57
23 42
24 32
24 33
24 83
24 84
24 60
24 52
24 122
24 125
24 112
24 106
24 103
24 25
24 77
24 68
24 28
24 99
25 30
25 32
25 121
25 60
25 116
25 105
25 102
25 104
25 108
25 56
25 111
25 41
26 30
26 63
26 33
26 97
26 71
26 52
26 109
26 74
26 47
26 41
26 69
27 32
27 88
27 34
27 107
27 55
27 110
27 42
28 33
28 83
28 84
28 43
28 60
28 112
28 107
28 85
28 99
29 49
29 51
29 71
29 100
29 123
29 81
29 75
29 53
29 62
29 86
30 31
30 32
30 33
30 34
30 35
30 36
30 37
30 38
30 39
30 40
30 41
30 42
31 43
31 44
31 45
31 46
31 47
31 48
32 49
32 83
32 84
32 45
32 60
32 36
32 37
32 39
32 85
32 86
32 87
33 79
33 97
33 34
33 44
33 53
33 54
33 66
33 90
33 98
33 41
34 83
34 118
34 115
34 47
34 92
34 68
34 93
34 57
35 63
35 43
35 59
35 100
35 60
35 52
35 122
35 73
35 123
35 115
35 107
35 38
35 85
35 90
36 79
36 51
36 117
36 112
36 75
36 54
36 108
36 98
36 110
36 96
37 49
37 58
37 50
37 97
37 112
37 106
37 65
37 76
37 77
37 87
37 68
37 42
38 97
38 83
38 80
38 53
38 65
38 55
38 98
38 113
39 84
39 116
39 105
39 95
39 67
40 49
40 88
40 79
40 97
40 118
40 112
40 115
40 61
40 108
40 92
40 99
40 96
41 70
41 88
41 83
41 114
41 44
41 52
41 85
41 95
41 68
41 110
42 117
42 60
42 105
42 112
42 47
42 55
42 78
43 50
43 55
43 82
44 84
44 121
44 52
44 120
44 104
44 108
44 69
45 122
45 120
45 73
45 105
45 123
45 75
45 93
46 97
46 71
46 59
46 121
46 47
46 66
46 98
46 124
46 77
47 70
47 79
47 114
47 73
47 104
47 98
47 99
48 70
48 94
48 52
48 81
48 102
48 62
48 104
48 65
48 110
48 111
48 93
48 96
49 50
49 51
49 52
49 53
49 54
49 55
49 56
49 57
50 94
50 59
50 81
50 61
50 86
50 95
50 96
51 83
51 60
51 112
51 113
51 93
51 96
52 114
52 84
52 121
52 102
52 53
52 62
52 124
52 91
52 77
52 56
52 110
52 111
52 69
53 100
53 121
53 72
53 81
53 125
53 106
53 103
53 98
53 91
54 114
54 73
54 105
54 103
54 76
54 77
54 68
54 93
54 69
55 64
55 107
55 98
55 87
56 79
56 84
56 119
56 74
56 107
56 66
56 86
56 76
56 90
56 77
56 87
56 113
56 69
57 83
57 114
57 74
57 106
58 59
58 60
58 61
58 62
59 120
59 76
59 96
60 83
60 123
60 81
60 115
60 75
60 92
60 96
61 94
61 100
61 72
61 123
61 102
61 104
61 85
61 111
61 82
62 70
62 74
62 64
62 65
62 66
62 78
62 99
63 64
63 65
63 66
63 67
63 68
63 69
64 70
64 97
64 117
64 94
64 101
64 120
64 125
64 103
64 92
64 82
65 118
65 112
65 77
65 113
66 84
66 73
66 99
66 96
66 69
67 114
67 121
67 113
68 70
68 81
68 103
68 107
68 104
69 94
69 101
69 122
69 120
69 110
70 71
70 72
70 73
70 74
70 75
70 76
70 77
70 78
71 80
71 116
72 79
72 84
72 118
72 123
72 112
72 103
72 93
73 97
73 101
73 116
73 122
73 110
74 79
74 94
74 121
74 120
74 90
74 82
74 93
75 117
75 84
75 109
75 118
75 107
75 108
75 85
75 90
75 99
76 97
76 100
76 116
76 81
76 87
76 110
76 93
77 83
77 117
77 94
77 100
77 89
77 121
77 101
77 85
77 111
77 96
78 79
78 94
78 80
78 110
79 98
79 87
79 99
79 96
80 83
80 105
80 106
80 95
81 88
81 115
82 123
82 106
82 92
82 110
82 96
83 101
83 109
83 110
83 111
84 93
85 109
85 108
85 124
86 109
86 123
86 103
86 95
86 113
87 105
87 93
88 89
88 90
88 91
88 92
88 93
89 90
89 98
89 99
91 125
91 110
92 114
92 94
92 118
92 113
93 114
93 94
94 119
94 98
95 117
95 124
95 110
96 116
96 109
96 124
97 100
97 101
97 102
97 103
97 104
98 100
98 123
98 102
99 120
99 112
100 118
100 112
101 119
102 122
103 113
104 107
105 108
105 113
106 116
106 118
107 123
107 111
108 114
109 116
109 111
110 125
110 112
110 115
111 125
111 115
113 120
113 124
