0 1
0 2
0 3
0 4
0 5
0 6
0 7
0 8
0 9
0 10
0 11
0 12
0 13
0 14
0 15
0 16
1 40
1 3
1 60
1 85
1 86
1 62
1 19
1 8
1 87
1 69
1 11
1 36
1 83
1 72
1 88
1 39
2 18
2 75
2 89
2 77
2 90
2 70
2 22
2 82
2 58
2 73
2 59
2 91
3 17
3 45
3 60
3 95
3 77
3 96
3 90
3 97
3 10
3 64
3 57
3 93
3 72
3 98
3 26
3 88
3 91
4 45
4 61
4 66
4 46
4 7
4 9
4 33
4 109
4 49
4 119
4 120
4 83
4 121
4 39
5 104
5 61
5 67
5 78
5 56
5 58
5 110
5 16
6 32
6 20
6 21
6 35
6 106
6 51
6 121
7 18
7 67
7 20
7 90
7 101
7 65
7 71
7 24
7 25
7 116
7 37
7 16
8 30
8 100
8 21
8 56
8 34
8 125
9 30
9 18
9 92
9 86
9 76
9 62
9 100
9 21
9 22
9 65
9 71
9 118
9 59
9 28
10 79
10 20
10 100
10 103
10 82
10 93
10 36
10 15
10 110
10 59
11 99
11 113
11 20
11 95
11 78
11 97
11 33
11 103
11 12
11 73
11 88
12 17
12 29
12 66
12 46
12 122
12 77
12 96
12 64
12 56
12 49
12 94
12 116
12 13
12 125
12 44
12 39
13 30
13 61
13 42
13 96
13 78
13 22
13 97
13 65
13 105
13 94
13 24
13 25
13 116
13 110
13 27
14 30
14 111
14 76
14 113
14 80
14 122
14 95
14 100
14 114
14 78
14 57
14 119
14 50
14 123
14 98
14 73
14 117
14 15
14 121
14 125
14 16
14 39
15 111
15 53
15 108
15 55
15 78
15 102
15 65
15 94
15 27
15 84
16 85
16 89
16 19
16 122
16 34
16 82
16 35
16 119
16 105
16 73
16 91
16 39
17 18
17 19
17 20
17 21
17 22
17 23
17 24
17 25
17 26
17 27
17 28
18 52
18 60
18 61
18 62
18 47
18 43
18 63
18 64
18 34
18 23
18 65
18 26
18 38
18 39
19 30
19 80
19 20
19 114
19 77
19 96
19 90
19 51
19 118
19 25
19 72
19 110
19 38
20 45
20 111
20 85
20 114
20 54
20 47
20 109
20 36
20 105
20 106
20 27
20 112
21 52
21 74
21 79
21 55
21 34
21 23
21 105
21 51
21 37
21 39
22 40
22 45
22 99
22 89
22 67
22 95
22 64
22 119
22 120
22 117
23 29
23 41
23 120
23 51
23 98
23 26
23 27
23 28
23 84
24 29
24 52
24 86
24 67
24 46
24 77
24 54
24 109
24 36
24 124
24 59
25 60
25 86
25 76
25 55
25 56
25 35
25 26
25 110
25 84
25 112
26 40
26 86
26 89
26 77
26 47
26 49
26 71
26 37
26 28
26 84
27 45
27 75
27 114
27 101
27 106
27 125
28 115
28 90
28 78
28 35
28 118
28 59
29 30
29 31
29 32
29 33
29 34
29 35
29 36
29 37
29 38
29 39
30 45
30 46
30 47
30 48
30 49
30 50
30 51
31 61
31 32
31 89
31 62
31 115
31 102
31 50
31 116
31 37
31 73
31 117
31 88
31 91
32 75
32 122
32 97
32 50
32 116
33 74
33 113
33 87
33 57
33 116
33 121
33 44
33 38
34 99
34 61
34 86
34 46
34 95
34 55
34 42
34 48
34 103
34 93
34 50
34 94
34 83
34 73
34 84
35 92
35 62
35 43
35 37
35 73
36 52
36 53
36 41
36 67
36 80
36 63
36 103
36 50
36 94
36 106
36 118
36 58
36 72
36 59
36 125
37 104
37 100
37 55
37 90
37 48
37 81
37 71
37 120
37 116
37 58
38 99
38 104
38 65
38 106
38 120
38 91
39 66
39 100
39 77
39 94
39 117
39 91
39 84
40 41
40 42
40 43
40 44
41 60
41 104
41 61
41 53
41 75
41 86
41 113
41 80
41 114
41 115
41 107
41 72
41 59
41 112
42 61
42 66
42 122
42 114
42 47
42 101
42 116
42 125
43 89
43 101
43 63
43 65
43 93
43 107
44 99
44 96
44 70
44 109
44 73
44 88
45 66
45 67
45 68
45 69
45 70
45 71
45 58
45 72
45 73
46 90
46 63
46 49
46 50
46 51
47 82
47 49
47 71
47 83
47 124
47 84
48 76
48 54
48 90
48 57
48 125
48 88
49 108
49 67
49 90
49 109
49 65
49 71
50 86
50 76
50 118
50 110
51 52
51 80
51 81
52 53
52 54
52 55
52 56
52 57
52 58
52 59
53 79
53 89
53 69
53 70
53 64
53 58
54 113
54 100
54 96
54 90
54 78
54 102
54 56
55 62
55 115
55 90
55 120
55 107
55 124
55 117
55 121
55 59
56 114
56 101
56 105
57 59
57 112
58 60
58 122
58 70
58 123
58 110
59 99
59 85
59 89
59 100
59 93
59 94
59 72
60 86
60 100
60 96
60 97
60 102
60 103
60 73
61 74
61 108
61 76
61 95
61 100
61 87
61 109
61 71
61 110
62 86
62 76
62 113
62 122
62 68
62 63
62 81
62 93
62 117
62 88
63 69
63 82
63 65
64 111
64 108
64 78
64 65
64 119
64 71
64 118
65 86
65 68
65 115
65 70
66 74
66 77
66 96
66 103
66 98
67 115
67 72
68 75
68 115
68 96
68 69
68 88
69 87
69 101
69 119
69 94
69 107
70 79
70 108
70 100
70 96
70 102
70 83
70 118
70 98
71 113
71 106
71 107
71 123
71 125
72 79
72 95
72 101
72 106
72 118
72 107
72 73
72 121
73 74
73 111
73 89
73 115
74 75
74 76
74 77
74 78
75 104
75 111
75 76
75 80
75 78
75 97
75 103
75 83
75 118
76 122
76 105
76 106
76 123
77 85
77 105
77 106
78 90
78 125
79 80
79 81
79 82
79 83
79 84
80 115
80 118
80 112
81 92
81 114
81 106
81 117
82 122
82 101
82 119
82 123
82 125
83 95
83 87
83 103
83 105
84 122
84 119
84 112
85 108
85 97
85 91
86 104
86 95
86 101
86 98
86 110
87 103
87 110
87 121
87 91
88 111
88 89
88 123
89 92
89 104
89 95
89 102
90 114
90 93
90 123
90 121
91 102
91 105
91 107
91 123
92 93
92 94
93 95
93 94
93 118
94 114
94 115
94 110
95 106
95 124
95 121
96 106
96 117
97 114
98 113
98 114
98 107
98 124
98 110
99 100
99 101
100 114
100 101
100 109
101 104
101 115
101 118
101 116
101 110
102 105
102 117
103 114
103 120
104 105
104 106
104 107
105 111
106 116
108 117
109 123
109 117
110 118
111 112
112 121
114 123
115 116
116 122
116 120
118 120
118 125
123 125
