0 1
0 2
0 3
0 4
0 5
0 6
0 7
0 8
0 9
0 10
0 11
1 12
1 23
1 50
1 39
1 51
1 52
1 53
1 13
1 54
1 44
1 55
1 56
1 18
1 57
2 74
2 40
2 95
2 43
2 15
2 55
2 97
2 47
2 105
2 81
2 73
3 23
3 100
3 92
3 93
3 9
3 33
4 23
4 94
4 82
4 41
4 43
4 56
4 120
4 98
4 105
4 86
5 60
5 114
5 27
5 54
5 90
5 62
5 16
5 111
5 56
5 98
5 93
5 19
5 107
5 31
5 124
5 80
6 88
6 94
6 37
6 75
6 90
6 99
6 110
6 112
6 19
6 105
6 20
6 66
6 21
6 48
7 12
7 50
7 114
7 40
7 54
7 68
7 55
7 102
7 46
7 92
7 105
7 21
7 48
7 11
7 49
8 74
8 114
8 52
8 89
8 103
8 122
8 97
8 30
8 46
8 108
8 80
8 34
8 118
9 23
9 101
9 39
9 76
9 14
9 70
9 92
9 83
9 107
9 64
9 80
10 23
10 24
10 25
10 82
10 40
10 89
10 41
10 110
10 120
10 47
10 93
10 105
11 36
11 88
11 75
11 122
11 96
11 69
11 29
11 100
11 70
11 91
11 93
11 19
11 117
11 64
11 33
11 87
11 57
12 13
12 14
12 15
12 16
12 17
12 18
12 19
12 20
12 21
12 22
13 36
13 52
13 103
13 45
13 62
13 91
13 47
13 92
13 83
13 117
14 103
14 56
14 85
14 86
14 33
14 49
15 94
15 51
15 89
15 61
15 98
15 83
16 94
16 103
16 122
16 96
16 77
16 61
16 17
16 117
16 34
17 58
17 38
17 25
17 115
17 93
17 117
17 22
18 60
18 27
18 42
18 61
18 78
18 92
18 19
18 79
18 31
18 65
18 33
18 34
19 59
19 123
19 55
19 70
19 32
19 80
20 58
20 59
20 114
20 41
20 28
20 103
20 116
20 61
20 32
20 84
20 80
20 125
20 35
20 57
21 38
21 76
21 115
21 68
21 55
21 30
21 91
21 32
21 63
22 94
22 122
22 116
22 46
22 63
22 113
23 24
23 25
23 26
23 27
23 28
23 29
23 30
23 31
23 32
23 33
23 34
23 35
24 53
24 68
24 69
24 70
24 71
24 72
24 73
25 88
25 101
25 109
25 110
25 111
25 78
25 98
25 92
25 79
25 107
25 86
25 104
26 75
26 52
26 27
26 96
26 109
26 111
26 46
26 70
26 31
26 64
26 113
26 80
27 88
27 51
27 44
27 68
27 30
27 46
27 98
27 119
27 86
27 87
28 76
28 89
28 30
28 120
28 63
28 85
28 33
28 118
29 50
29 75
29 60
29 54
29 41
29 69
29 102
29 106
29 83
29 64
29 72
29 124
29 86
30 37
30 90
30 102
30 106
30 105
30 71
30 72
30 81
30 73
31 114
31 61
31 99
31 110
31 70
31 83
31 86
32 82
32 109
32 61
32 62
32 112
32 78
32 92
32 64
33 50
33 75
33 52
33 76
33 54
33 41
33 96
33 43
33 68
33 90
33 62
33 119
33 47
33 81
34 95
34 96
34 99
34 112
34 56
34 93
34 63
34 113
34 104
34 81
35 88
35 37
35 106
35 120
35 70
35 93
35 117
35 121
35 104
35 73
36 37
36 38
36 39
36 40
36 41
36 42
36 43
36 44
36 45
36 46
36 47
36 48
36 49
37 89
37 42
37 55
37 99
37 100
37 56
37 57
38 101
38 102
38 98
38 86
38 49
39 75
39 114
39 52
39 53
39 54
39 115
39 77
39 44
39 91
39 66
39 104
39 48
40 88
40 114
40 54
40 83
40 105
40 108
40 121
41 59
41 53
41 122
41 61
41 123
41 46
41 83
41 72
41 81
41 87
42 88
42 115
42 103
42 68
42 45
42 97
42 110
43 59
43 75
43 77
43 100
43 97
43 86
43 87
43 73
43 57
44 74
44 96
44 112
44 120
44 79
44 80
44 66
44 48
45 82
45 55
45 46
46 88
46 76
46 96
46 90
46 62
46 56
46 91
46 92
46 104
47 58
47 59
47 88
47 89
47 103
47 116
47 123
47 70
47 92
47 57
48 51
48 82
48 53
48 89
48 93
48 117
48 71
48 87
49 82
49 76
49 95
49 116
49 99
49 117
49 108
49 121
49 66
49 125
50 89
50 90
50 91
50 92
50 93
51 75
51 53
51 110
51 112
51 56
51 63
51 80
51 73
52 88
52 114
52 115
52 90
52 116
52 56
52 117
52 65
52 86
52 118
53 59
53 103
53 69
53 61
53 102
53 110
53 120
53 72
54 69
54 55
54 99
54 100
54 104
54 67
55 110
55 111
55 84
55 105
55 113
56 88
56 115
56 122
56 100
56 91
56 83
56 72
56 121
56 118
57 77
57 90
57 93
58 59
58 60
58 61
58 62
58 63
58 64
58 65
58 66
58 67
59 74
59 75
59 76
59 77
59 78
59 79
59 71
59 80
59 81
60 74
60 94
60 75
60 101
60 99
60 100
60 106
60 107
60 108
60 80
61 88
61 76
61 103
61 123
61 97
61 106
61 70
61 93
61 121
62 101
62 70
62 65
62 121
63 114
63 111
63 106
63 81
63 87
64 123
64 104
64 73
65 122
65 79
65 113
66 88
66 122
66 106
67 94
67 101
67 122
67 77
67 100
67 106
67 91
67 83
67 124
67 87
68 102
68 79
68 113
69 75
69 77
69 116
69 97
69 106
69 108
69 121
69 86
69 125
70 77
70 90
70 110
70 91
70 92
71 105
72 112
72 120
72 98
72 84
72 105
72 86
73 76
73 95
73 109
73 107
74 82
74 76
74 83
74 84
74 85
74 86
74 81
74 87
75 94
75 103
75 100
75 104
76 114
76 103
76 99
76 91
76 107
76 108
76 121
77 112
77 79
77 104
78 109
78 116
78 112
78 121
79 122
79 113
80 94
80 115
80 123
80 121
81 115
81 123
81 111
81 93
82 96
82 90
82 112
82 98
82 107
82 87
83 94
83 101
83 98
84 99
84 125
84 87
85 100
85 120
85 92
86 115
86 112
86 106
86 87
87 113
89 109
89 120
89 113
91 101
91 99
91 104
92 116
92 100
92 93
92 121
92 118
93 101
93 111
93 98
93 104
94 95
94 96
94 97
94 98
95 103
95 100
95 119
95 117
95 108
96 114
96 116
97 115
97 122
97 106
98 122
98 120
99 107
99 108
99 104
100 121
101 103
101 112
102 103
102 123
103 120
103 124
104 123
104 124
105 114
106 107
107 115
107 110
108 116
108 111
108 124
109 112
109 118
110 121
111 123
112 122
112 123
112 119
113 125
117 121
118 120
119 120
120 124
120 121
