0 1
0 2
0 3
0 4
0 5
0 6
1 7
1 41
1 48
1 49
1 50
1 12
1 51
1 52
1 53
1 54
1 55
1 56
1 19
1 20
1 57
1 58
2 9
2 91
2 99
2 12
2 69
2 72
2 103
2 88
2 46
2 90
2 36
2 79
2 58
2 23
2 104
3 11
3 99
3 108
3 60
3 51
3 54
3 72
3 95
3 34
3 104
4 8
4 99
4 108
4 27
4 15
4 97
4 29
4 95
4 5
4 18
4 19
4 88
5 7
5 41
5 8
5 9
5 48
5 52
5 54
5 77
5 94
5 122
5 101
5 58
6 48
6 50
6 99
6 12
6 113
6 83
6 98
6 88
6 46
6 90
6 73
6 96
7 8
7 9
7 10
7 11
7 12
7 13
7 14
7 15
7 16
7 17
7 18
7 19
7 20
7 21
7 22
7 23
7 24
8 59
8 60
8 27
8 43
8 28
8 61
8 62
8 35
8 63
8 46
9 68
9 14
9 26
9 69
9 70
9 71
9 72
9 18
9 32
9 73
9 74
9 21
9 38
9 40
9 75
9 24
10 80
10 42
10 81
10 82
10 83
10 84
10 85
10 67
10 86
11 50
11 60
11 13
11 68
11 87
11 31
11 32
11 73
11 39
11 58
11 96
12 49
12 76
12 43
12 110
12 87
12 107
12 38
12 86
12 75
12 111
13 60
13 52
13 43
13 17
13 19
13 98
13 74
13 47
14 41
14 92
14 60
14 76
14 68
14 26
14 51
14 29
14 107
14 102
15 27
15 52
15 61
15 82
15 83
15 103
15 89
15 21
15 39
15 40
15 23
16 122
16 34
16 115
16 78
16 19
16 20
16 118
17 33
17 48
17 91
17 26
17 51
17 81
17 93
17 43
17 113
17 71
17 82
17 110
17 30
17 95
17 122
17 35
17 19
17 73
17 21
17 47
17 119
18 68
18 26
18 123
18 84
18 85
18 94
18 67
18 46
18 74
19 67
19 46
19 74
19 39
20 25
20 80
20 50
20 99
20 92
20 42
20 106
20 112
20 89
20 39
20 86
20 119
21 41
21 43
21 77
21 29
21 36
21 23
21 124
22 83
22 66
22 56
22 34
22 98
22 73
23 48
23 27
23 121
23 112
23 120
24 48
24 70
24 53
24 62
24 44
24 85
24 95
24 35
24 31
24 67
24 90
24 73
24 75
25 26
25 27
25 28
25 29
25 30
25 31
25 32
26 117
26 54
26 118
27 99
27 108
27 52
27 66
27 36
27 120
27 116
27 118
27 111
28 59
28 108
28 76
28 68
28 81
28 55
28 87
28 84
28 122
28 120
28 124
29 64
29 48
29 51
29 62
29 110
29 109
29 56
29 95
29 32
29 120
29 40
30 108
30 43
30 77
30 56
30 101
30 116
30 96
30 111
31 52
31 82
31 77
31 63
31 39
32 113
32 53
32 61
32 83
32 72
32 78
32 101
32 102
32 36
32 73
33 34
33 35
33 36
33 37
33 38
33 39
33 40
34 49
34 123
34 37
34 124
34 111
35 69
35 113
35 106
35 97
35 56
35 102
35 98
35 37
35 116
35 118
36 50
36 92
36 100
36 82
36 83
36 121
36 67
36 74
36 96
37 65
37 52
37 97
37 82
37 94
38 64
38 62
38 97
38 44
38 87
38 84
38 88
38 58
38 118
38 104
38 47
39 80
39 108
39 53
39 97
39 83
39 66
39 63
39 57
40 76
40 43
40 77
40 125
40 94
40 79
40 57
40 86
40 104
41 42
41 43
41 44
41 45
41 46
41 47
42 99
42 65
42 61
42 87
42 85
42 63
42 111
43 50
43 123
43 107
43 45
43 104
44 108
44 65
44 81
44 52
44 94
44 115
44 98
44 45
44 57
44 58
44 124
45 53
45 54
45 87
45 56
45 112
45 88
45 46
45 120
45 116
46 108
46 65
46 117
46 53
46 97
46 77
46 121
46 72
46 84
46 88
46 90
46 57
46 124
46 111
47 99
47 51
47 52
47 70
47 54
47 101
47 67
47 74
47 104
48 76
48 77
48 78
48 79
48 58
49 76
49 61
49 62
49 72
49 56
49 63
49 75
50 97
50 77
50 83
50 72
50 56
50 85
50 98
50 57
50 58
51 71
51 107
51 101
51 119
52 53
52 106
52 83
52 109
53 70
53 113
53 62
53 110
53 123
53 114
53 115
53 79
53 74
53 111
54 62
54 100
54 109
54 89
55 59
55 87
55 109
55 102
55 111
56 106
56 62
56 103
56 95
56 102
56 73
56 75
56 111
57 59
57 113
57 114
57 119
58 62
58 121
58 123
58 87
58 107
58 95
58 63
58 116
58 104
59 94
59 102
60 61
60 62
60 72
60 112
60 86
60 104
61 68
61 83
61 109
61 85
61 115
61 112
61 73
61 104
61 111
62 64
62 80
62 91
62 69
62 117
62 82
62 77
62 98
62 90
62 79
62 120
63 100
63 123
63 87
63 96
64 65
64 66
64 67
65 80
65 92
65 81
65 113
65 82
65 83
65 109
65 94
65 86
66 110
66 103
66 67
66 74
66 75
67 80
67 105
67 69
67 117
67 113
67 97
67 112
67 98
67 90
68 97
68 110
68 72
68 115
68 116
68 96
69 110
69 121
69 72
69 115
70 99
70 121
70 94
70 122
70 78
70 88
70 104
70 96
71 109
71 122
72 81
72 113
72 82
72 103
72 125
72 89
72 104
73 77
73 123
73 74
73 75
74 121
74 98
74 124
75 85
75 88
75 90
75 124
76 93
76 113
76 106
76 110
76 114
76 107
76 98
76 89
77 81
77 106
77 123
77 85
77 86
78 105
78 93
78 124
78 119
79 92
79 83
79 87
79 85
80 87
80 88
80 89
80 90
81 103
81 84
81 88
81 120
81 118
81 104
82 125
84 110
84 103
84 109
84 115
84 86
85 106
85 97
85 103
85 96
86 108
86 93
86 90
86 118
88 92
88 115
89 93
89 94
89 90
90 100
90 94
91 92
91 93
91 94
91 95
92 108
92 109
93 122
93 96
94 109
94 107
94 119
95 107
95 116
95 124
96 100
96 109
96 115
96 119
97 123
97 124
98 115
98 102
99 100
99 101
99 102
101 114
101 115
101 118
102 121
102 123
102 119
105 106
105 107
106 108
106 116
106 118
107 108
107 117
107 110
110 118
112 124
114 118
114 124
116 120
116 124
117 122
117 120
118 119
119 125
