0 1
0 2
0 3
0 4
0 5
0 6
0 7
0 8
0 9
0 10
0 11
0 12
0 13
1 15
1 94
1 84
1 30
1 74
1 98
1 118
1 91
1 45
1 100
1 116
1 59
2 50
2 95
2 62
2 114
2 123
2 86
2 97
2 91
2 67
2 8
2 107
2 34
2 124
2 78
2 93
3 36
3 50
3 18
3 19
3 90
3 43
3 87
3 96
3 75
3 10
3 69
3 39
3 70
4 27
4 51
4 101
4 56
4 81
4 121
4 24
4 7
4 25
4 38
4 60
5 15
5 104
5 120
5 32
5 23
5 24
5 58
5 99
5 77
5 103
5 100
5 59
6 61
6 90
6 101
6 82
6 67
6 105
6 11
6 124
6 93
6 13
7 16
7 104
7 43
7 87
7 75
7 44
7 24
7 10
7 13
8 62
8 115
8 90
8 101
8 32
8 88
8 46
8 39
8 49
9 14
9 27
9 114
9 123
9 56
9 98
9 121
9 82
9 23
9 77
9 11
9 12
9 124
9 26
10 94
10 71
10 95
10 115
10 53
10 63
10 88
10 97
10 57
10 64
10 118
10 33
10 92
10 59
10 26
11 14
11 16
11 51
11 71
11 106
11 54
11 86
11 56
11 88
11 97
11 57
11 37
11 67
11 45
11 99
11 25
11 92
11 38
11 78
12 14
12 50
12 51
12 79
12 31
12 33
12 58
12 102
12 78
12 70
12 48
13 28
13 16
13 84
13 114
13 88
13 97
13 58
13 45
13 77
13 59
13 125
14 15
14 16
14 17
14 18
14 19
14 20
14 21
14 22
14 23
14 24
14 25
14 26
15 41
15 29
15 42
15 43
15 44
15 45
15 46
15 47
15 39
15 48
15 49
16 28
16 41
16 71
16 52
16 79
16 80
16 32
16 81
16 22
16 82
16 23
16 45
16 83
17 106
17 119
17 89
17 73
17 31
17 101
17 96
17 75
17 64
17 113
17 66
17 111
17 77
17 69
17 83
18 27
18 28
18 54
18 96
18 121
18 57
18 111
19 27
19 115
19 42
19 98
19 121
19 35
19 103
20 52
20 43
20 96
20 22
20 82
20 118
20 107
20 69
20 83
21 53
21 54
21 109
21 81
21 57
21 91
21 34
21 116
22 57
22 91
22 99
22 46
23 71
23 119
23 29
23 90
23 31
23 56
23 75
23 67
23 107
24 36
24 79
24 73
24 32
24 96
24 75
24 107
24 92
25 50
25 106
25 63
25 31
25 122
25 64
25 68
25 46
25 40
26 36
26 61
26 51
26 72
26 73
26 114
26 31
26 75
26 57
26 33
26 45
26 47
27 28
27 29
27 30
27 31
27 32
27 33
27 34
27 35
28 36
28 71
28 72
28 52
28 73
28 63
28 74
28 75
28 76
28 46
28 77
28 78
29 61
29 80
29 55
29 96
29 97
29 121
29 113
29 91
29 34
29 35
29 112
30 94
30 63
30 91
30 58
30 67
30 100
30 116
30 38
31 50
31 61
31 95
31 115
31 53
31 66
31 103
31 78
31 93
31 125
32 120
32 97
32 74
32 57
32 118
32 77
32 103
32 100
32 38
32 93
32 48
33 61
33 72
33 95
33 54
33 85
33 35
33 103
33 38
33 59
34 98
34 64
34 107
34 103
35 50
35 109
35 73
35 87
35 105
35 99
35 47
35 116
36 37
36 38
36 39
36 40
37 104
37 90
37 121
37 82
37 44
37 66
37 105
37 117
38 41
38 104
38 106
38 80
38 96
38 64
38 107
38 70
39 72
39 53
39 109
39 56
39 118
40 52
40 110
40 85
40 43
40 88
40 74
40 103
40 93
41 84
41 73
41 85
41 86
41 87
41 88
41 44
41 69
41 59
42 51
42 89
42 123
42 113
42 66
42 46
42 103
42 70
42 112
43 51
43 120
43 85
43 74
43 118
43 116
44 52
44 53
44 55
44 85
44 74
44 113
44 91
44 66
44 46
44 124
44 70
45 72
45 119
45 110
45 55
45 85
45 86
45 98
45 113
45 46
45 77
45 124
46 104
46 106
46 95
46 119
46 73
46 101
46 65
46 58
46 92
46 49
47 104
47 119
47 84
47 114
47 96
47 121
47 77
47 103
47 116
48 115
48 89
48 55
48 86
48 56
48 97
48 74
48 58
48 76
49 106
49 95
49 115
49 120
49 80
49 55
49 85
49 56
49 97
49 91
49 99
49 103
49 78
49 59
50 51
50 52
50 53
50 54
50 55
50 56
50 57
50 58
50 59
50 60
51 89
51 90
51 85
51 88
51 81
51 91
51 68
51 92
51 69
51 93
52 80
52 67
52 108
52 60
53 104
53 62
53 122
53 87
53 118
53 65
53 76
53 77
53 116
54 71
54 84
54 97
54 57
54 82
54 64
54 60
55 79
55 73
55 96
55 57
55 82
55 107
55 117
56 104
56 106
56 95
56 62
56 119
56 90
56 87
56 74
56 65
56 92
56 83
57 63
57 75
57 65
57 67
57 116
57 93
58 72
58 115
58 120
58 109
58 88
58 74
58 93
59 71
59 89
59 80
59 73
59 90
59 87
59 91
59 66
59 67
59 116
59 108
59 93
60 104
60 74
60 102
60 108
60 112
61 62
61 63
61 64
61 65
61 66
61 67
61 68
61 69
61 70
62 71
62 114
62 101
62 98
63 96
63 75
63 66
63 68
63 83
63 117
63 70
64 120
64 98
64 113
64 77
64 124
64 100
65 100
66 104
66 106
66 123
66 96
66 76
67 72
67 95
67 115
67 119
67 85
67 87
67 97
67 74
67 75
67 113
67 112
68 106
68 79
68 95
68 119
68 99
68 107
68 103
68 124
68 93
69 71
69 89
69 86
69 97
69 100
69 116
70 109
70 74
70 98
70 112
71 89
71 101
71 76
71 99
71 102
71 103
71 83
72 106
72 86
72 105
72 107
72 103
72 108
73 86
73 74
73 103
73 124
73 125
74 95
74 101
74 87
74 75
75 79
75 84
75 109
75 122
75 87
75 98
75 99
76 94
76 104
76 84
76 81
76 118
76 77
76 92
76 116
76 108
77 90
77 83
77 108
78 79
78 109
78 81
78 116
79 110
79 111
79 112
80 84
80 110
80 85
80 123
80 86
80 92
80 112
81 95
81 101
81 121
81 118
81 99
81 103
81 124
82 94
82 88
82 121
82 125
83 115
83 123
83 99
84 104
84 106
84 89
84 87
84 98
84 111
84 100
84 112
85 120
85 110
85 118
85 116
85 112
86 104
86 114
87 106
87 109
87 101
88 106
88 115
88 122
88 92
88 125
89 94
89 119
89 120
89 101
89 98
89 121
89 91
89 105
89 100
90 104
90 115
90 114
90 111
90 100
90 93
90 117
91 101
92 104
92 115
92 98
92 103
92 116
92 93
93 122
93 121
93 102
93 103
94 95
94 96
94 97
94 98
94 99
94 100
95 97
95 113
95 108
96 115
96 121
97 104
97 100
98 122
99 101
99 117
99 112
101 119
101 109
101 118
101 105
102 109
102 116
103 122
103 118
103 107
103 116
104 105
105 119
105 109
105 113
105 112
106 109
107 123
107 121
108 120
108 118
109 115
109 110
109 116
110 113
110 111
111 117
111 125
112 122
112 121
113 116
113 125
114 117
115 116
115 117
116 120
116 124
117 124
118 122
118 125
122 125
124 125
