0 1
0 2
0 3
0 4
0 5
0 6
0 7
0 8
0 9
0 10
0 11
1 25
1 80
1 47
1 3
1 28
1 58
1 81
1 82
1 83
1 84
1 85
2 26
2 28
2 15
2 58
2 81
2 101
2 32
2 20
2 94
2 102
2 11
3 28
3 74
3 93
3 111
3 30
3 20
3 94
3 34
3 112
4 45
4 77
4 96
4 78
4 109
4 13
4 72
4 115
4 114
4 88
4 74
4 81
4 18
4 82
4 121
4 20
4 116
4 54
4 55
5 64
5 48
5 124
5 50
5 79
5 59
5 82
5 118
5 10
5 102
6 44
6 28
6 109
6 114
6 15
6 74
6 39
6 98
6 110
6 31
6 33
6 89
6 62
6 112
7 44
7 96
7 114
7 97
7 91
7 100
7 60
7 123
7 21
7 84
7 119
8 114
8 93
8 92
8 121
8 33
8 106
8 113
9 90
9 36
9 48
9 97
9 49
9 52
9 31
9 61
9 62
9 119
9 41
10 36
10 37
10 50
10 101
10 52
10 60
10 56
11 35
11 44
11 86
11 96
11 78
11 72
11 38
11 58
11 51
11 91
11 105
11 123
12 13
12 14
12 15
12 16
12 17
12 18
12 19
12 20
12 21
12 22
12 23
12 24
13 86
13 96
13 111
13 105
13 60
13 75
13 118
13 84
13 119
13 43
13 112
14 35
14 90
14 64
14 72
14 97
14 65
14 66
14 104
14 94
14 69
15 63
15 70
15 26
15 109
15 114
15 67
15 76
15 112
16 45
16 88
16 65
16 117
16 104
16 31
16 120
16 20
16 62
16 54
17 71
17 27
17 37
17 65
17 67
17 31
17 20
17 116
17 40
17 23
17 85
17 55
17 112
18 63
18 86
18 37
18 73
18 66
18 58
18 111
18 59
18 107
18 120
18 95
18 84
19 44
19 77
19 36
19 93
19 91
19 98
19 52
19 92
19 95
20 46
20 96
20 47
20 27
20 64
20 114
20 48
20 117
20 111
20 52
20 120
20 84
20 23
20 41
21 46
21 71
21 47
21 78
21 64
21 115
21 97
21 104
21 61
21 113
22 44
22 77
22 86
22 36
22 114
22 57
22 43
22 112
23 71
23 26
23 47
23 78
23 72
23 74
23 49
23 117
23 79
23 33
23 62
24 35
24 114
24 30
24 107
24 60
24 33
24 102
24 112
25 26
25 27
25 28
25 29
25 30
25 31
25 32
25 33
25 34
26 63
26 96
26 58
26 99
26 100
26 83
27 109
27 91
27 110
27 52
27 31
27 100
27 60
27 106
27 108
27 85
27 43
28 46
28 96
28 38
28 73
28 91
28 41
29 71
29 49
29 91
29 104
29 39
29 105
29 120
30 86
30 90
30 114
30 49
30 39
30 101
30 110
30 52
30 40
30 61
30 62
30 76
30 34
30 69
30 56
31 63
31 96
31 47
31 114
31 97
31 58
31 99
31 32
31 121
31 94
31 122
31 76
32 47
32 58
32 59
32 92
32 118
32 61
32 84
32 113
33 63
33 90
33 71
33 47
33 78
33 64
33 115
33 57
33 91
33 104
33 98
33 82
33 105
33 92
33 118
34 109
34 115
34 48
34 73
34 66
34 51
34 110
34 54
35 36
35 37
35 38
35 39
35 40
35 41
35 42
35 43
36 63
36 70
36 71
36 47
36 115
36 97
36 74
36 93
36 50
36 116
36 62
36 76
36 43
37 80
37 72
37 115
37 48
37 74
37 93
37 104
37 112
38 70
38 104
38 39
38 53
38 62
38 84
38 54
38 41
38 102
38 42
39 47
39 87
39 73
39 58
39 82
39 99
39 92
39 61
39 95
39 108
40 77
40 86
40 46
40 78
40 88
40 117
40 79
40 125
40 98
40 99
40 122
40 61
40 119
40 43
41 64
41 74
41 105
41 99
41 83
41 121
41 60
41 53
41 106
41 75
41 68
41 112
42 64
42 114
42 66
42 117
42 67
42 92
42 89
42 62
42 54
43 48
43 65
43 117
43 104
43 82
43 85
43 119
44 45
44 46
44 47
44 48
44 49
44 50
44 51
44 52
44 53
44 54
44 55
44 56
45 57
45 58
45 49
45 51
45 59
45 52
45 60
45 61
45 62
46 90
46 91
46 59
46 92
46 75
47 65
47 50
47 91
47 107
47 54
47 108
47 68
47 102
48 77
48 86
48 97
48 74
48 103
48 98
48 101
48 52
48 105
48 100
48 92
48 95
48 84
48 76
48 113
48 69
48 56
48 112
49 63
49 80
49 65
49 117
49 124
49 50
49 83
49 106
49 94
49 89
49 112
50 63
50 77
50 93
50 103
50 91
50 59
50 92
50 118
50 61
50 95
50 119
50 102
51 111
51 79
51 98
51 83
51 53
51 76
51 108
52 74
52 65
52 110
52 106
53 63
53 74
53 124
53 101
53 75
53 95
54 77
54 96
54 124
54 104
55 94
55 75
55 108
55 56
56 88
56 74
56 66
56 124
56 111
56 94
57 64
57 124
57 110
57 116
58 70
58 109
58 74
58 79
58 107
58 121
58 85
58 68
58 102
58 69
59 72
59 65
59 111
59 125
59 108
60 70
60 74
60 65
60 83
60 62
60 102
61 96
61 80
61 65
61 125
61 104
61 120
61 83
61 85
62 87
62 83
62 119
63 64
63 65
63 66
63 67
63 68
63 69
64 86
64 114
64 98
64 101
64 100
64 95
64 112
65 96
65 97
65 103
65 92
65 123
65 75
65 122
65 118
65 76
65 119
66 77
66 114
66 73
66 67
66 107
66 75
66 95
67 86
67 87
67 101
67 89
67 76
68 97
68 82
68 92
68 116
68 95
68 112
69 109
70 71
70 72
70 73
70 74
70 75
70 76
71 95
71 76
72 86
72 109
72 117
72 104
72 98
72 101
72 99
72 120
72 121
72 122
72 108
73 96
73 82
73 123
73 113
74 91
74 82
74 100
74 123
74 119
75 124
75 111
75 105
75 116
76 81
76 79
76 98
76 101
76 107
76 84
77 78
77 79
78 103
78 81
78 104
78 105
78 100
78 95
79 115
79 82
80 87
80 103
80 104
80 105
80 106
81 109
81 82
81 106
82 109
82 115
82 94
82 102
83 86
83 114
83 100
83 108
84 111
84 118
84 95
85 86
85 97
85 125
85 120
85 121
85 118
85 102
86 87
86 88
86 89
87 101
87 107
87 113
88 90
88 99
88 116
88 122
88 89
88 119
89 109
89 114
89 105
89 121
89 106
90 93
90 94
91 109
91 106
92 96
92 118
92 112
93 106
93 113
94 107
94 118
94 113
94 112
95 116
96 97
96 98
97 124
97 118
98 117
98 110
98 105
99 109
99 117
100 121
101 121
101 116
101 102
102 105
102 108
103 115
103 124
103 125
103 110
103 122
104 117
104 111
104 116
104 113
105 116
106 107
107 114
108 112
109 117
109 111
109 116
110 118
113 114
113 116
113 122
114 117
114 116
115 123
115 122
117 120
117 119
121 124
