0 1
0 2
0 3
0 4
0 5
0 6
0 7
0 8
0 9
0 10
0 11
1 43
1 74
1 46
1 58
1 75
1 19
1 47
1 38
1 66
1 48
1 72
1 73
2 30
2 31
2 46
2 80
2 81
2 82
2 83
2 47
2 84
2 26
3 13
3 98
3 99
3 91
3 81
3 6
3 94
3 53
3 100
3 101
3 23
3 10
3 102
3 67
4 87
4 33
4 71
4 88
4 89
4 79
4 11
4 35
5 43
5 31
5 110
5 58
5 87
5 59
6 85
6 120
6 84
6 124
6 78
6 79
6 118
6 73
6 49
6 36
7 30
7 108
7 44
7 64
7 17
7 81
7 52
7 92
7 100
7 125
7 101
7 23
7 26
7 62
7 121
7 27
8 15
8 82
8 120
8 90
8 105
8 24
8 26
8 34
8 73
9 64
9 16
9 115
9 119
9 52
9 71
9 47
9 100
9 90
9 125
9 48
9 62
10 41
10 43
10 30
10 51
10 32
10 47
10 34
10 40
10 121
11 85
11 115
11 119
11 92
11 66
11 24
11 118
11 39
11 96
12 13
12 14
12 15
12 16
12 17
12 18
12 19
12 20
12 21
12 22
12 23
12 24
12 25
12 26
12 27
13 50
13 76
13 16
13 18
13 77
13 78
13 79
13 62
13 67
13 36
14 42
14 63
14 16
14 58
14 60
14 81
14 95
14 78
14 97
15 63
15 95
15 23
15 34
15 102
15 67
15 35
15 96
16 68
16 51
16 86
16 110
16 122
16 80
16 123
16 75
16 52
16 89
16 84
16 24
16 79
16 25
16 34
16 73
17 30
17 76
17 123
17 107
17 33
17 84
17 114
17 35
17 36
18 68
18 44
18 45
18 57
18 112
18 110
18 75
18 89
18 90
18 38
19 54
19 63
19 31
19 57
19 58
19 80
19 113
19 106
19 83
19 95
19 23
19 26
19 40
20 109
20 86
20 74
20 83
20 90
20 84
20 79
20 48
21 45
21 57
21 87
21 105
21 66
21 49
22 29
22 87
22 75
22 84
22 114
22 34
22 40
23 28
23 43
23 81
23 77
23 75
23 107
23 70
23 83
23 104
23 90
23 111
23 24
24 55
24 56
24 74
24 90
24 125
24 114
24 97
25 56
25 57
25 87
25 60
25 72
26 123
26 117
26 77
26 75
26 94
26 113
26 32
26 35
27 85
27 44
27 112
27 76
27 69
27 60
27 61
27 114
27 34
28 29
28 30
28 31
28 32
28 33
28 34
28 35
28 36
29 31
29 37
29 38
29 39
29 40
30 103
30 46
30 87
30 81
30 106
30 107
30 92
31 54
31 60
31 106
31 61
31 120
31 62
31 121
32 54
32 68
32 93
32 50
32 109
32 99
32 110
32 70
32 47
32 105
32 34
33 54
33 56
33 46
33 117
33 107
33 38
33 116
33 62
33 34
33 36
34 69
34 77
34 83
34 37
34 105
34 79
34 67
34 35
34 36
35 54
35 63
35 109
35 122
35 91
35 92
35 89
35 79
35 121
35 96
36 107
36 124
36 62
36 67
37 54
37 50
37 56
37 98
37 87
37 52
37 96
38 86
38 83
38 84
38 118
38 48
38 102
39 55
39 86
39 87
39 69
39 113
39 47
39 72
40 55
40 117
40 69
40 94
40 47
40 120
40 105
40 79
40 48
40 49
41 42
41 43
41 44
41 45
41 46
41 47
41 48
41 49
42 50
42 51
42 52
42 53
43 63
43 85
43 86
43 76
43 58
43 87
43 83
43 88
43 89
43 90
43 65
44 85
44 108
44 99
44 52
44 65
44 118
44 97
45 103
45 64
45 91
45 119
45 75
45 107
45 104
46 113
46 61
46 120
46 105
46 66
46 102
47 112
47 89
47 79
47 114
47 48
47 121
47 49
48 103
48 122
48 81
48 106
48 105
48 101
48 116
48 73
48 67
49 68
49 108
49 109
49 56
49 51
49 80
49 120
49 118
49 121
50 109
50 57
50 110
50 60
50 77
50 75
50 111
50 101
51 69
51 113
51 70
51 53
51 102
52 55
52 76
52 123
52 119
52 77
52 70
53 55
53 103
53 74
53 113
53 70
53 105
53 62
53 73
54 55
54 56
54 57
54 58
54 59
54 60
54 61
54 62
55 63
55 59
55 92
56 93
56 115
56 59
56 81
56 107
56 100
56 90
56 105
56 116
56 67
57 103
57 80
57 90
57 78
57 66
57 114
57 73
57 67
58 124
58 118
59 112
59 87
59 113
59 107
59 65
59 101
59 79
60 68
60 85
60 93
60 108
60 74
60 91
60 119
60 75
60 92
60 125
60 79
60 118
60 67
60 96
61 68
61 119
61 81
61 106
61 90
61 118
61 67
61 96
62 103
62 123
62 125
62 116
62 114
63 64
63 65
63 66
63 67
64 74
64 91
64 82
64 120
65 122
65 75
65 72
66 78
67 112
67 117
67 81
67 107
67 105
67 97
68 69
68 70
68 71
68 72
68 73
69 112
69 110
69 84
69 116
69 118
69 72
69 73
70 93
70 86
70 112
70 87
70 117
70 119
70 95
70 79
71 110
71 91
71 92
71 89
71 90
71 78
71 116
72 103
72 80
72 91
72 119
72 100
72 125
73 91
73 113
73 83
73 102
74 103
74 108
74 124
74 121
75 109
75 110
75 94
75 116
76 93
76 122
76 115
76 106
76 100
76 116
77 98
77 96
78 93
78 108
78 98
78 117
78 92
79 103
79 122
79 107
79 120
79 121
80 123
80 106
80 120
81 86
81 94
81 113
81 88
81 124
81 105
81 114
81 102
82 98
82 114
82 121
83 103
83 106
83 92
83 100
83 95
83 125
84 110
84 123
84 121
84 96
85 91
85 92
86 115
86 107
86 104
87 94
87 125
87 111
88 93
88 98
88 113
88 124
89 92
89 101
89 114
90 100
90 120
90 116
91 117
91 113
91 95
91 104
92 123
92 107
92 111
92 97
93 94
93 95
93 96
94 121
94 97
95 98
95 122
95 117
95 104
95 116
95 102
96 108
96 114
97 103
97 125
97 124
98 112
98 115
98 117
99 108
99 112
99 101
100 110
101 109
102 122
102 106
102 118
103 104
103 105
104 118
105 106
105 124
105 118
106 109
106 122
107 115
107 119
108 109
108 110
109 112
109 113
109 114
110 123
110 117
111 123
111 125
112 116
112 118
112 114
114 115
115 120
116 123
116 120
116 125
116 118
117 122
120 124
123 124
