0 1
0 2
0 3
0 4
0 5
0 6
0 7
0 8
0 9
0 10
0 11
0 12
0 13
0 14
0 15
0 16
0 17
0 18
1 28
1 32
1 65
1 91
1 61
1 62
1 7
1 51
1 74
1 37
1 92
1 71
1 75
1 12
1 93
2 81
2 31
2 33
2 41
2 61
2 79
2 21
2 64
2 69
2 106
2 107
2 100
2 108
2 101
2 109
2 96
3 55
3 73
3 78
3 43
3 87
3 94
3 108
3 25
3 52
3 13
3 90
4 29
4 31
4 65
4 33
4 56
4 82
4 119
4 44
4 5
4 24
4 38
4 94
4 70
4 88
4 52
4 11
4 96
5 29
5 65
5 59
5 44
5 113
5 50
5 7
5 70
5 72
5 16
5 53
6 28
6 47
6 55
6 66
6 40
6 21
6 80
6 69
6 57
6 100
6 88
6 71
6 13
6 109
7 66
7 44
7 113
7 117
7 24
7 13
7 97
7 17
8 28
8 77
8 67
8 120
8 36
8 117
8 69
8 121
8 39
8 52
8 58
9 32
9 61
9 68
9 119
9 106
9 46
9 13
9 96
10 32
10 65
10 43
10 60
10 69
10 106
10 74
10 121
10 13
10 109
11 32
11 41
11 20
11 123
11 94
11 85
11 121
11 39
11 88
11 27
11 109
12 47
12 20
12 68
12 119
12 22
12 24
12 121
12 14
13 54
13 79
13 116
13 49
13 107
13 103
13 125
13 104
13 39
13 15
14 73
14 33
14 78
14 43
14 114
14 107
14 100
14 95
14 70
14 96
15 48
15 91
15 21
15 69
15 46
15 111
15 121
15 93
16 55
16 77
16 57
16 39
16 18
16 53
17 42
17 60
17 61
17 68
17 21
17 124
17 22
17 44
17 80
17 23
17 100
17 25
17 101
17 52
17 27
17 97
18 47
18 115
18 102
18 100
18 95
18 92
19 20
19 21
19 22
19 23
19 24
19 25
19 26
19 27
20 54
20 115
20 113
20 57
20 104
20 75
21 66
21 35
21 61
21 79
21 69
21 118
21 107
22 29
22 65
22 56
22 116
22 113
22 51
22 122
23 81
23 34
23 35
23 98
23 83
23 116
23 125
23 101
23 53
24 30
24 48
24 115
24 49
24 64
24 118
24 122
24 103
24 108
24 92
24 104
24 39
24 101
24 89
24 72
24 93
25 81
25 65
25 98
25 86
25 102
25 113
25 120
25 64
25 70
25 39
26 30
26 31
26 40
26 59
26 86
26 119
26 80
26 103
26 71
26 75
27 29
27 30
27 31
27 59
27 115
27 43
27 108
27 53
28 29
28 30
28 31
28 32
28 33
28 34
28 35
28 36
28 37
28 38
28 39
29 40
29 34
29 41
29 42
29 43
29 44
29 45
29 46
30 65
30 66
30 56
30 67
30 61
30 68
30 69
30 46
30 70
30 52
30 71
30 72
30 58
31 78
31 42
31 67
31 68
31 36
31 94
31 95
31 96
31 58
32 56
32 35
32 59
32 39
32 75
32 97
33 56
33 110
33 83
33 57
33 103
33 53
34 35
34 79
34 49
34 44
34 114
34 64
34 88
34 89
35 110
35 41
35 49
35 87
35 99
35 94
35 108
35 88
35 112
35 96
35 58
36 40
36 64
36 94
36 108
36 71
37 55
37 73
37 61
37 44
37 87
38 86
38 43
38 44
38 45
38 120
38 100
38 52
38 71
38 112
38 109
39 61
39 119
39 113
39 84
39 118
39 92
39 71
39 112
40 76
40 98
40 62
40 49
40 113
40 80
40 45
40 51
40 85
40 111
40 104
40 72
40 93
41 98
41 59
41 86
41 79
41 88
41 112
41 72
41 109
41 93
41 97
41 105
41 53
42 115
42 116
42 113
42 50
42 51
42 57
42 84
42 74
42 111
42 71
42 93
43 78
43 82
43 113
43 87
43 51
43 121
43 101
44 54
44 86
44 79
44 50
44 99
44 74
44 103
44 125
44 105
44 53
45 115
45 79
45 117
45 99
45 92
45 75
45 58
46 76
46 65
46 56
46 110
46 115
46 79
46 83
46 113
46 80
46 114
46 99
46 57
46 108
46 104
46 71
47 48
47 49
47 50
47 51
47 52
47 53
48 73
48 81
48 86
48 80
48 87
48 64
48 57
48 88
48 89
48 90
49 55
49 115
49 124
49 84
49 74
49 104
49 72
50 91
50 124
50 114
50 107
50 108
50 88
50 75
51 55
51 80
51 84
51 70
51 121
51 109
52 124
52 99
52 57
52 111
52 125
52 105
53 78
53 124
53 94
53 97
53 58
54 55
54 56
54 57
54 58
55 59
55 60
55 61
55 62
55 63
55 64
56 77
56 67
56 80
56 111
56 112
56 109
57 60
57 119
57 80
57 108
57 112
58 65
58 114
58 99
58 84
58 107
58 125
58 101
59 66
59 98
59 60
59 119
59 120
59 118
59 111
59 70
59 88
59 75
59 89
60 118
60 85
60 104
60 97
61 102
61 120
61 123
61 99
61 90
62 81
62 78
62 84
62 71
62 112
62 89
62 109
62 105
63 67
63 80
63 64
63 122
63 95
63 70
63 88
63 93
64 65
64 86
64 91
64 79
64 102
64 114
65 98
65 91
65 67
65 99
65 100
65 101
65 97
66 73
66 76
66 86
66 102
66 103
66 104
66 101
66 71
66 105
67 103
67 71
67 75
68 111
68 95
68 96
69 79
69 116
69 80
69 87
69 118
69 125
69 105
70 115
70 91
70 82
70 117
70 103
70 108
70 89
70 93
71 82
71 83
71 114
71 93
72 73
72 82
72 119
72 122
72 111
72 109
73 74
73 75
74 98
74 78
74 124
74 102
74 100
74 101
75 86
75 119
75 117
75 95
75 92
76 77
76 78
76 79
76 80
77 79
77 87
77 103
77 92
77 101
77 112
77 96
78 121
80 82
81 82
81 83
81 84
81 85
82 99
82 111
82 103
82 101
83 98
83 84
83 118
83 107
83 111
83 112
83 90
83 97
84 115
84 91
84 102
84 92
84 125
84 101
85 118
85 94
85 103
85 109
86 98
86 114
86 87
86 106
86 100
86 122
86 108
86 97
87 115
87 114
87 106
87 103
87 104
87 93
88 92
88 96
89 116
90 91
90 116
90 125
90 96
91 120
91 107
91 100
91 94
92 111
92 108
93 110
93 94
93 105
94 98
94 124
94 102
94 123
95 116
96 125
97 98
97 102
97 119
97 114
97 123
97 99
97 103
98 116
98 117
98 99
98 118
98 100
98 111
99 100
100 113
100 109
101 121
101 109
102 110
103 113
103 120
103 118
104 119
104 118
104 122
106 115
106 113
106 123
107 113
108 111
108 125
108 109
109 124
109 113
109 114
109 111
110 115
110 116
110 114
111 113
112 115
112 116
112 113
112 117
113 117
115 119
115 121
116 124
116 117
117 123
119 120
121 125
122 125
123 125
