0 1
0 2
0 3
0 4
0 5
0 6
0 7
0 8
0 9
0 10
0 11
0 12
1 35
1 31
1 71
1 96
1 111
1 90
1 101
1 66
1 40
1 61
1 16
1 112
1 33
1 17
1 113
1 114
2 37
2 111
2 40
2 45
2 102
2 70
2 106
2 10
2 81
2 62
2 47
2 12
2 120
3 49
3 115
3 93
3 124
3 75
3 56
3 43
4 48
4 36
4 31
4 107
4 54
4 39
4 40
4 105
4 7
4 18
4 63
4 123
5 22
5 35
5 14
5 87
5 51
5 121
5 97
5 37
5 38
5 84
5 55
5 85
5 70
5 43
6 13
6 21
6 71
6 15
6 52
6 24
6 80
6 111
6 104
6 89
6 16
6 10
7 13
7 10
7 99
7 11
7 57
7 12
7 95
7 120
8 15
8 97
8 52
8 111
8 84
8 122
8 16
8 33
8 46
8 26
8 76
8 119
8 47
8 42
9 35
9 59
9 49
9 109
9 121
9 97
9 60
9 37
9 55
9 93
9 117
9 25
9 89
9 46
9 119
9 125
10 79
10 115
10 100
10 64
10 92
10 122
10 105
10 33
10 46
10 69
10 56
10 118
10 62
10 63
10 120
11 59
11 51
11 72
11 52
11 65
11 93
11 67
11 105
11 70
11 27
11 47
11 43
12 36
12 71
12 87
12 115
12 97
12 73
12 100
12 74
12 85
12 26
12 17
12 99
12 29
13 14
13 15
13 16
13 17
13 18
13 19
13 20
14 44
14 45
14 46
14 47
15 36
15 72
15 88
15 37
15 90
15 68
15 45
15 70
15 106
15 81
15 27
15 28
15 30
16 22
16 88
16 23
16 37
16 124
16 25
16 41
16 76
16 27
16 43
16 30
17 109
17 115
17 66
17 25
17 40
17 76
17 119
17 43
18 35
18 49
18 87
18 44
18 39
18 93
18 124
18 67
18 27
18 99
18 114
18 57
18 29
18 19
18 30
19 35
19 36
19 51
19 96
19 72
19 107
19 121
19 60
19 93
19 61
19 102
19 46
19 34
19 56
19 76
19 119
20 52
20 93
20 41
20 46
20 75
20 34
20 56
20 29
21 22
21 23
21 24
21 25
21 26
21 27
21 28
21 29
21 30
22 31
22 32
22 33
22 26
22 34
23 35
23 48
23 71
23 107
23 115
23 80
23 64
23 54
23 102
23 34
23 119
23 116
23 42
24 87
24 121
24 73
24 83
24 111
24 101
24 34
24 116
24 81
24 113
25 71
25 96
25 52
25 117
25 124
25 122
25 46
25 75
25 34
25 62
25 125
25 63
26 51
26 72
26 83
26 111
26 39
26 68
26 41
26 75
26 43
26 58
27 48
27 55
27 61
27 75
27 62
27 43
27 120
28 49
28 31
28 44
28 94
28 74
28 61
28 75
28 119
28 116
28 123
28 95
29 31
29 52
29 84
29 40
29 61
29 34
29 76
29 113
30 72
30 89
30 76
30 103
30 42
30 99
30 125
30 95
31 36
31 78
31 87
31 88
31 39
31 89
32 88
32 109
32 44
32 37
32 122
32 69
32 70
32 43
32 58
32 86
32 95
33 77
33 100
33 37
33 64
33 122
33 74
33 112
33 46
33 75
33 119
34 49
34 107
34 60
34 82
34 37
34 45
34 118
35 36
35 37
35 38
35 39
35 40
35 41
35 42
35 43
36 71
36 72
36 73
36 66
36 67
36 74
36 75
36 56
36 76
37 51
37 72
37 90
37 101
37 112
37 46
37 85
37 76
37 118
37 99
38 78
38 79
38 107
38 44
38 83
38 90
38 89
38 105
38 112
38 75
38 103
38 113
39 49
39 107
39 97
39 55
39 101
39 91
39 122
39 67
39 74
39 46
39 85
39 116
39 123
40 50
40 87
40 82
40 55
40 93
40 117
40 68
40 98
40 81
40 43
41 71
41 94
41 89
41 75
41 103
42 64
42 69
42 58
43 79
43 72
43 53
43 101
43 122
43 68
43 81
43 113
43 123
44 71
44 79
44 72
44 107
44 83
44 122
44 94
44 89
44 116
44 123
45 87
45 51
45 54
45 117
45 124
45 67
45 123
46 60
46 104
46 124
46 67
46 61
46 75
46 106
46 110
46 57
47 109
47 60
47 73
47 80
47 64
47 84
47 92
47 93
47 68
47 76
47 95
48 49
48 50
48 51
48 52
48 53
48 54
48 55
48 56
48 57
48 58
49 64
49 65
49 66
49 67
49 68
49 69
49 70
50 80
50 90
50 91
50 92
50 93
50 94
50 86
50 95
51 107
51 97
51 54
51 108
51 99
51 86
52 71
52 88
52 93
52 89
52 57
53 96
53 107
53 54
53 91
53 117
53 70
53 110
53 76
53 99
53 58
54 88
54 107
54 109
54 83
54 91
54 67
54 105
54 70
54 98
55 77
55 83
55 100
55 91
55 74
55 112
55 102
55 85
55 70
55 63
55 95
56 78
56 72
56 90
56 122
56 74
56 61
56 86
56 95
57 117
57 112
57 102
57 119
57 116
57 113
57 125
57 86
58 79
58 80
58 122
58 67
59 60
59 61
59 62
59 63
60 71
60 96
60 72
60 107
60 93
60 67
60 89
60 75
60 76
60 123
60 86
61 96
61 124
61 81
61 114
62 72
62 88
62 97
62 84
62 68
62 110
62 118
62 81
63 109
63 100
63 80
63 104
63 105
63 69
63 110
63 81
64 90
64 93
64 112
64 102
65 77
65 72
65 107
65 82
65 100
65 111
65 84
65 92
65 74
65 102
65 113
66 80
66 111
66 92
66 122
66 112
66 123
67 77
67 78
67 94
67 112
67 69
67 119
67 116
67 113
67 123
68 107
68 121
68 101
68 89
68 76
69 115
69 108
69 91
69 92
69 123
70 87
70 74
70 116
71 96
71 97
71 94
71 75
71 98
71 99
72 77
72 109
72 83
72 85
73 104
73 99
73 114
74 96
74 82
74 83
74 104
75 78
75 115
75 97
75 111
75 93
75 85
75 114
76 121
76 110
76 98
76 120
77 78
77 79
77 80
77 81
78 82
78 83
78 84
78 85
78 86
79 104
79 105
79 106
79 103
80 96
80 111
80 90
80 93
81 108
81 119
81 113
81 99
82 124
82 85
82 114
82 86
83 88
83 94
83 95
84 87
84 121
84 111
84 116
84 114
85 108
85 124
85 110
85 103
85 120
86 101
86 108
86 92
86 94
87 100
87 101
87 102
87 103
88 115
88 100
88 116
88 113
88 114
89 120
90 109
91 97
91 94
91 120
92 97
92 120
93 94
94 109
94 105
94 112
94 125
95 104
95 98
95 123
96 109
96 110
97 101
97 122
97 102
97 118
97 123
98 122
98 102
98 118
98 113
98 99
98 120
99 105
100 108
101 111
101 103
101 116
101 120
102 109
102 104
103 125
104 116
105 115
105 113
106 116
107 109
107 111
107 108
107 110
107 114
108 112
109 117
109 118
109 113
110 122
110 125
111 118
111 114
112 119
112 120
113 121
113 120
114 122
117 124
121 122
124 125
