0 1
0 2
0 3
0 4
0 5
0 6
0 7
0 8
0 9
0 10
0 11
0 12
0 13
0 14
1 34
1 35
1 36
1 37
1 38
1 5
1 39
1 40
1 41
1 42
1 43
2 44
2 34
2 73
2 28
2 89
2 22
2 103
2 113
2 79
2 116
3 52
3 53
3 36
3 68
3 30
3 95
3 22
3 99
3 40
3 123
3 32
3 113
3 118
4 44
4 105
4 106
4 38
4 39
4 70
4 40
4 83
4 42
5 117
5 89
5 93
5 57
5 48
5 121
5 79
5 24
6 18
6 38
6 95
6 12
7 34
7 17
7 54
7 46
7 99
7 91
7 11
7 113
7 118
7 14
8 16
8 34
8 54
8 20
8 28
8 93
8 120
8 90
8 38
8 111
8 82
8 112
8 113
8 118
8 51
9 67
9 110
9 56
9 57
9 38
9 48
9 111
9 99
9 104
9 69
9 123
9 91
9 23
9 122
9 78
9 79
10 72
10 105
10 108
10 115
10 45
10 114
10 93
10 125
10 37
10 95
10 97
10 32
10 66
11 53
11 20
11 61
11 28
11 36
11 29
11 37
11 99
11 39
11 23
11 78
11 71
12 17
12 20
12 36
12 57
12 107
12 59
12 70
12 40
12 103
12 82
13 44
13 17
13 105
13 62
13 124
13 37
13 82
13 118
14 44
14 60
14 115
14 35
14 96
14 39
14 59
14 76
14 49
14 112
14 79
15 16
15 17
15 18
15 19
15 20
15 21
15 22
15 23
15 24
16 25
16 26
16 27
16 28
16 29
16 30
16 31
16 32
16 33
17 72
17 56
17 73
17 74
17 59
17 75
17 76
17 77
17 65
17 32
17 78
17 79
17 80
18 34
18 67
18 61
18 88
18 21
18 89
18 90
18 86
18 38
18 91
19 54
19 108
19 117
19 29
19 109
19 64
19 99
19 104
19 58
20 67
20 72
20 115
20 94
20 110
20 88
20 37
20 90
20 95
20 98
20 75
20 49
20 102
20 103
20 78
20 43
21 67
21 105
21 27
21 89
21 106
21 93
21 38
21 40
21 65
22 85
22 46
22 106
22 57
22 95
22 31
22 65
22 33
22 66
22 42
23 26
23 106
23 122
23 42
24 25
24 72
24 92
24 74
24 37
24 57
24 98
24 104
24 31
24 102
24 42
24 80
25 52
25 56
25 30
25 81
25 69
25 82
25 83
26 53
26 56
26 36
26 68
26 37
26 38
26 104
26 69
26 59
26 40
26 71
26 79
27 84
27 53
27 60
27 108
27 73
27 92
27 38
27 109
27 43
27 79
27 51
28 53
28 110
28 36
28 63
28 31
28 77
29 94
29 119
29 56
29 88
29 36
29 32
29 33
29 78
29 51
30 52
30 108
30 115
30 63
30 57
30 86
30 102
30 77
30 32
30 43
31 84
31 105
31 45
31 73
31 92
31 101
31 120
31 111
31 75
31 118
31 50
31 100
32 44
32 34
32 84
32 60
32 35
32 119
32 61
32 73
32 89
32 106
32 57
32 111
32 39
32 103
32 112
32 91
32 42
32 116
32 80
33 85
33 35
33 89
33 57
33 111
33 69
33 58
33 112
33 91
33 71
34 44
34 54
34 60
34 61
34 62
34 63
34 64
34 59
34 65
34 66
35 52
35 84
35 60
35 74
35 47
35 97
35 43
36 115
36 94
36 88
36 68
36 106
36 120
36 37
36 97
36 104
36 75
36 65
37 52
37 56
37 62
37 38
37 107
37 77
37 42
38 94
38 88
38 46
38 63
38 125
38 86
38 48
38 64
38 97
38 102
38 65
38 78
38 121
39 72
39 62
39 46
39 101
39 90
39 64
39 97
39 80
40 67
40 94
40 114
40 57
41 60
41 73
41 99
41 82
41 91
41 71
41 43
42 67
42 84
42 53
42 54
42 117
42 112
42 78
43 117
43 57
43 77
43 113
43 121
44 45
44 46
44 47
44 48
44 49
44 50
44 51
45 105
45 85
45 61
45 59
45 70
45 112
45 118
46 53
46 54
46 105
46 55
46 57
46 95
46 64
46 96
46 69
46 59
46 82
46 118
46 79
47 119
47 124
47 68
47 74
47 95
47 122
47 121
48 84
48 61
48 106
48 98
48 102
48 82
48 113
48 122
49 72
49 60
49 124
49 101
49 95
49 64
49 104
49 107
49 71
50 54
50 56
50 97
50 102
50 79
51 52
51 115
51 110
51 88
51 92
51 63
51 125
51 69
51 75
51 65
52 53
52 54
52 55
52 56
52 57
52 58
52 59
53 92
53 93
53 63
53 82
54 60
54 101
54 63
54 86
54 102
54 103
54 77
54 66
55 72
55 115
55 110
55 62
55 90
55 95
55 59
55 65
55 66
56 67
56 72
56 101
56 86
56 109
56 58
56 75
56 77
56 65
56 80
57 94
57 110
57 86
57 81
57 76
57 65
57 122
57 79
57 116
58 60
58 115
58 68
58 101
58 74
58 90
58 75
58 65
58 113
58 78
59 115
59 63
59 81
59 107
59 112
59 66
60 110
60 62
60 64
60 111
60 112
61 86
61 98
61 122
61 79
62 109
62 118
63 81
63 70
63 118
63 116
64 103
64 112
64 113
64 100
65 73
65 68
65 93
65 95
65 69
65 70
65 112
65 78
65 100
66 105
66 94
66 68
66 69
67 68
67 69
67 70
67 71
68 117
68 90
68 96
68 77
69 94
69 114
69 101
69 95
69 123
69 87
70 88
70 101
70 86
70 97
70 107
70 103
70 121
71 92
71 114
71 95
71 97
71 104
71 77
71 80
72 94
72 95
72 96
72 97
72 98
72 99
72 100
73 105
73 114
73 111
73 107
73 77
73 123
73 122
74 105
74 115
74 110
74 124
74 101
74 111
74 75
74 116
75 90
75 96
75 99
75 107
75 79
76 108
76 124
76 93
76 118
77 94
77 117
77 89
77 95
77 99
77 116
78 105
78 109
78 107
78 82
78 118
79 94
79 92
79 106
79 107
80 99
80 122
81 94
81 114
81 101
81 106
81 120
81 95
81 109
81 104
81 87
82 101
82 90
82 95
83 88
83 124
83 114
83 101
83 93
83 90
83 96
84 85
84 86
84 87
85 89
85 109
85 111
85 91
85 113
86 111
86 103
87 88
87 93
87 118
88 111
88 103
90 124
90 100
91 101
91 106
91 95
91 102
92 105
92 108
92 124
92 125
92 103
92 122
92 116
93 124
93 101
93 96
93 111
93 113
94 96
94 116
95 117
95 97
95 118
96 109
96 104
96 107
96 102
97 120
97 109
97 99
97 112
97 118
98 99
98 103
99 106
100 115
101 108
101 120
101 109
101 118
102 103
102 123
103 123
104 117
104 113
104 121
105 106
105 107
106 124
106 116
107 120
108 114
109 115
109 111
112 123
113 119
114 123
114 122
117 119
119 120
119 121
120 124
120 123
120 122
