0 1
0 2
0 3
0 4
0 5
0 6
0 7
0 8
0 9
0 10
0 11
0 12
0 13
0 14
0 15
1 17
1 82
1 31
1 112
1 43
1 81
1 44
1 63
1 107
1 2
1 64
1 104
1 98
1 59
2 18
2 103
2 90
2 63
2 94
2 95
2 118
2 70
2 26
2 8
2 27
2 97
2 14
2 86
2 71
2 78
3 30
3 31
3 61
3 94
3 46
3 123
3 118
3 8
3 75
3 121
3 36
3 98
4 60
4 46
4 123
4 117
4 6
4 104
4 24
4 47
4 37
4 55
4 72
4 15
5 41
5 110
5 8
5 84
5 28
5 38
6 29
6 89
6 20
6 44
6 118
6 83
6 12
6 101
6 66
6 86
6 111
6 98
7 30
7 105
7 63
7 117
7 26
7 8
7 56
7 102
7 78
7 48
7 87
8 30
8 20
8 100
8 123
8 34
8 83
8 54
8 35
8 71
8 119
9 19
9 94
9 33
9 24
9 108
9 47
9 101
9 66
9 56
9 73
10 89
10 99
10 31
10 74
10 33
10 120
10 104
10 91
10 108
10 53
10 36
10 86
10 15
10 98
11 60
11 51
11 61
11 81
11 116
11 63
11 74
11 22
11 110
11 118
11 120
11 75
11 54
11 72
12 60
12 67
12 103
12 42
12 106
12 34
12 56
12 102
12 111
12 88
13 31
13 105
13 79
13 94
13 33
13 104
13 96
13 108
13 75
13 48
13 49
14 99
14 116
14 114
14 100
14 21
14 70
14 75
14 54
14 85
14 36
14 37
14 102
14 73
15 60
15 67
15 103
15 62
15 80
15 34
15 49
16 17
16 18
16 19
16 20
16 21
16 22
16 23
16 24
16 25
16 26
16 27
16 28
17 50
17 51
17 21
17 52
17 53
17 54
17 35
17 55
17 56
17 57
17 58
17 59
18 60
18 67
18 41
18 62
18 20
18 63
18 68
18 69
18 70
18 71
18 56
18 72
18 73
18 59
19 67
19 89
19 80
19 53
19 121
19 76
19 35
19 86
19 102
19 93
19 59
20 51
20 79
20 33
20 69
20 110
20 117
20 25
20 35
20 85
20 59
21 82
21 30
21 112
21 80
21 116
21 92
21 85
21 39
21 88
21 59
22 67
22 82
22 50
22 61
22 112
22 53
22 77
22 122
22 35
22 66
22 111
23 60
23 67
23 103
23 52
23 69
23 117
23 34
23 97
23 73
24 89
24 32
24 52
24 64
24 70
24 25
24 102
25 29
25 64
25 113
25 96
25 26
25 47
25 27
25 65
25 71
25 48
25 49
26 82
26 62
26 90
26 32
26 123
26 120
26 83
26 35
26 55
26 49
27 82
27 113
27 84
27 58
27 93
28 40
28 41
28 82
28 30
28 42
28 50
28 112
28 69
28 117
28 104
28 53
28 121
28 97
28 122
28 102
28 78
28 93
29 30
29 31
29 32
29 33
29 34
29 35
29 36
29 37
29 38
29 39
30 43
30 63
30 94
30 68
30 64
30 95
30 96
30 47
30 97
30 58
30 98
30 49
31 50
31 112
31 94
31 110
31 113
31 92
31 39
31 59
32 40
32 44
32 96
33 50
33 62
33 106
33 125
33 121
33 54
33 119
33 115
34 103
34 80
34 81
34 44
34 120
34 85
34 36
34 49
35 89
35 42
35 80
35 45
35 64
35 110
35 121
35 36
35 55
35 56
35 78
35 49
36 114
36 117
36 70
36 108
36 75
36 53
36 92
36 71
36 124
36 109
37 41
37 50
37 63
37 75
37 66
37 86
37 102
37 115
38 41
38 99
38 42
38 50
38 112
38 81
38 44
38 120
38 83
38 75
38 111
39 82
39 63
39 110
39 76
39 77
39 97
39 101
39 49
39 59
40 41
40 42
40 43
40 44
40 45
40 46
40 47
40 48
40 49
41 79
41 80
41 81
41 52
41 59
42 105
42 62
42 106
42 107
42 69
42 70
42 108
42 57
42 109
42 59
43 82
43 62
43 107
43 52
43 69
43 113
43 83
43 77
43 71
43 102
43 58
43 109
44 82
44 51
44 110
44 123
44 55
44 102
45 67
45 112
45 62
45 116
45 74
45 52
45 117
45 54
45 71
45 102
45 124
45 57
46 60
46 112
46 74
46 68
46 100
46 70
46 108
46 83
46 76
46 86
46 78
46 58
47 80
47 63
47 107
47 52
47 125
47 76
47 85
47 124
47 49
48 116
48 114
48 107
48 100
48 64
48 117
48 71
48 72
48 119
48 78
48 87
48 93
48 59
49 99
49 116
49 107
49 69
49 70
49 53
49 54
50 110
50 53
50 66
50 111
51 114
51 91
51 77
51 66
51 57
51 115
52 94
52 77
52 78
52 111
52 88
53 99
53 105
53 106
53 100
53 64
53 117
53 120
53 96
53 72
53 93
54 94
54 100
54 95
54 120
54 70
54 77
54 66
55 120
55 96
55 71
55 124
56 60
56 82
56 105
56 120
56 70
56 122
57 99
57 61
57 105
57 121
57 97
57 119
57 78
58 60
58 89
58 112
58 77
58 85
58 66
58 102
58 72
58 115
58 88
59 99
59 105
59 81
59 116
59 63
59 100
59 125
59 77
59 65
59 101
59 86
59 72
59 111
60 61
60 62
60 63
60 64
60 65
60 66
61 67
61 116
61 100
61 117
61 93
62 74
62 92
63 80
63 106
63 114
63 118
63 70
63 125
63 76
63 84
63 85
63 73
64 69
64 111
65 79
65 68
65 91
65 83
65 92
65 119
66 74
66 95
66 71
66 119
66 93
67 74
67 68
67 75
67 76
67 77
67 72
67 78
68 80
68 92
68 122
68 72
69 89
69 75
69 121
69 77
69 122
69 101
69 85
69 86
70 116
70 95
70 120
71 94
71 121
71 101
71 86
72 82
72 74
72 95
72 123
72 104
72 92
72 119
72 93
73 110
73 108
73 109
73 88
74 114
74 95
74 97
74 115
74 111
75 80
75 113
75 117
75 122
76 89
76 99
76 120
76 111
77 90
77 118
77 125
77 109
77 88
78 79
78 81
78 117
78 83
78 121
78 97
78 109
78 93
78 88
79 82
79 94
79 114
79 120
79 121
80 99
80 103
80 101
81 103
81 106
81 100
81 110
81 113
81 121
82 83
82 84
82 85
82 86
82 87
82 88
83 104
83 91
83 96
83 108
83 121
84 99
84 96
84 121
85 118
85 120
86 92
86 124
86 111
87 113
87 117
87 115
87 109
87 93
87 98
88 94
88 120
88 121
88 92
88 115
88 111
88 98
89 90
89 91
89 92
89 93
90 107
90 120
90 108
90 122
91 99
91 114
91 109
91 98
92 108
92 101
92 111
93 107
93 110
93 97
93 101
94 116
94 107
94 96
94 111
95 103
95 100
95 109
96 106
97 106
97 113
98 107
98 102
98 119
99 100
99 101
99 102
100 105
100 110
101 103
101 111
102 119
103 104
104 113
104 120
104 111
105 113
105 117
105 119
107 108
107 119
107 115
107 111
108 122
109 110
109 123
109 124
109 111
110 114
112 114
112 118
115 125
115 121
115 119
117 121
118 125
121 125
