0 1
0 2
0 3
0 4
0 5
0 6
0 7
0 8
0 9
0 10
1 42
1 103
1 106
1 107
1 56
1 95
1 79
1 57
1 6
1 68
1 62
1 71
1 108
2 12
2 90
2 75
2 55
2 56
2 79
2 98
2 102
2 22
2 62
2 111
2 73
3 33
3 43
3 35
3 29
3 77
3 86
3 37
3 38
3 110
3 96
3 59
3 67
3 68
3 21
3 9
3 73
4 42
4 33
4 75
4 81
4 18
4 20
4 31
4 93
4 25
4 63
5 64
5 12
5 16
5 18
5 106
5 36
5 88
5 125
5 59
5 98
5 102
5 68
5 124
5 41
5 105
5 115
6 20
6 95
6 79
6 99
6 21
6 70
6 10
6 25
7 14
7 103
7 34
7 37
7 57
7 58
7 123
7 102
7 70
7 111
7 105
7 25
8 64
8 13
8 120
8 106
8 83
8 76
8 86
8 57
8 125
8 114
8 71
8 121
8 116
8 63
8 26
9 28
9 42
9 66
9 54
9 120
9 19
9 45
9 55
9 86
9 78
9 92
9 68
9 41
9 23
9 105
10 14
10 81
10 120
10 17
10 44
10 94
10 79
10 118
10 114
10 48
10 25
10 73
11 12
11 13
11 14
11 15
11 16
11 17
11 18
11 19
11 20
11 21
11 22
11 23
11 24
11 25
11 26
12 52
12 81
12 82
12 17
12 83
12 61
12 46
12 50
13 43
13 81
13 16
13 83
13 20
13 77
13 98
13 23
14 74
14 85
14 82
14 40
14 59
14 99
14 92
14 22
14 100
15 27
15 53
15 34
15 85
15 101
15 29
15 37
15 87
15 102
15 92
15 68
15 22
15 25
16 64
16 43
16 85
16 36
16 38
16 40
16 50
16 25
16 63
16 26
17 64
17 84
17 33
17 54
17 75
17 18
17 106
17 83
17 107
17 79
17 57
17 80
17 97
17 105
17 108
18 52
18 77
18 95
18 88
18 80
18 89
18 98
18 67
18 122
18 121
18 49
18 73
19 84
19 88
19 30
19 31
19 92
19 49
20 33
20 40
20 59
20 99
20 71
20 121
20 48
21 35
21 44
21 83
21 125
21 92
21 100
21 116
21 115
22 57
22 110
22 96
22 113
22 97
23 65
23 103
23 34
23 75
23 91
23 94
23 88
23 80
23 62
23 48
24 52
24 84
24 66
24 35
24 55
24 86
24 79
24 40
24 110
24 30
24 80
24 89
24 31
24 32
24 121
24 50
24 72
24 25
25 27
25 33
25 82
25 76
25 29
25 30
25 67
25 119
25 104
26 43
26 66
26 101
26 38
26 88
26 30
26 59
26 31
26 99
26 67
26 97
26 50
26 115
26 73
27 28
27 29
27 30
27 31
27 32
28 33
28 34
28 35
28 36
28 37
28 38
28 39
28 40
28 41
29 52
29 65
29 75
29 78
29 39
29 89
29 46
29 68
29 41
29 111
30 103
30 53
30 75
30 45
30 57
30 125
30 50
30 117
30 115
31 64
31 33
31 35
31 85
31 45
31 55
31 60
31 98
31 61
31 102
31 68
31 111
31 49
32 53
32 44
32 39
32 123
32 93
32 69
32 104
32 105
33 66
33 85
33 36
33 86
33 38
33 87
33 88
33 89
33 46
34 65
34 82
34 95
34 68
34 47
34 115
35 90
35 106
35 44
35 55
35 79
35 96
35 98
35 93
35 105
36 42
36 44
36 107
36 76
36 77
36 56
36 110
36 118
36 114
36 98
36 93
36 100
36 116
37 43
37 87
37 96
37 99
37 49
37 108
37 51
38 53
38 90
38 54
38 112
38 106
38 44
38 114
38 61
38 119
38 104
38 111
39 43
39 65
39 66
39 91
39 77
39 67
39 69
39 121
39 49
39 116
40 65
40 54
40 44
40 83
40 76
40 56
40 68
40 93
40 41
40 100
41 43
41 94
41 86
41 96
41 113
41 67
41 97
42 43
42 44
42 45
42 46
42 47
42 48
42 49
42 50
42 51
43 65
43 90
43 75
43 91
43 92
43 93
43 69
44 85
44 82
44 112
44 106
44 101
44 95
44 96
44 99
44 67
44 122
44 93
44 116
44 63
45 65
45 53
45 106
45 96
45 123
45 60
45 92
45 68
45 122
46 84
46 65
46 56
46 59
46 68
46 62
46 100
46 105
46 108
47 112
47 86
47 58
47 125
47 59
47 111
47 50
47 72
47 51
48 53
48 54
48 81
48 83
48 95
48 92
49 64
49 120
49 106
49 57
49 123
49 60
49 61
49 102
49 92
49 93
49 69
49 116
49 63
50 81
50 87
50 79
50 125
50 93
50 117
51 65
51 90
51 57
51 125
51 60
51 67
51 111
52 53
52 54
52 55
52 56
52 57
52 58
52 59
52 60
52 61
52 62
52 63
53 54
53 85
53 94
53 109
53 110
54 103
54 90
54 61
54 102
54 93
54 116
55 66
55 81
55 112
55 56
55 110
55 80
55 92
55 69
55 70
55 121
56 84
56 85
56 94
56 101
56 77
56 59
56 113
56 105
57 64
57 94
57 101
57 87
57 58
57 70
57 121
57 72
58 75
58 112
58 80
58 61
58 97
58 121
58 73
59 103
59 90
59 82
59 83
59 101
59 61
59 68
59 93
60 76
60 77
60 78
60 118
60 69
60 105
60 117
61 81
61 85
61 112
61 106
61 101
61 76
61 95
61 113
61 111
61 105
62 74
62 101
62 95
62 109
62 99
62 113
62 122
63 91
63 86
63 110
63 121
63 117
64 65
64 66
64 67
64 68
64 69
64 70
64 71
64 72
64 73
65 84
65 94
65 95
65 96
65 97
66 90
66 81
66 94
66 107
66 114
66 98
66 69
66 97
66 105
66 115
67 81
67 118
67 125
67 114
67 92
68 71
68 100
69 103
69 81
69 76
69 98
69 108
70 75
70 123
70 93
70 124
70 100
71 84
71 81
71 85
71 101
71 77
71 104
72 83
72 107
72 78
72 118
72 125
72 80
72 92
72 108
73 103
73 94
73 88
73 114
73 100
74 75
74 76
74 77
74 78
74 79
74 80
75 103
76 84
76 91
76 83
76 110
76 96
76 102
76 104
77 120
77 95
77 80
77 122
77 124
78 82
78 86
78 89
79 112
79 94
79 87
79 110
79 125
79 99
79 124
79 100
80 107
80 88
80 102
81 85
81 96
81 113
81 105
81 117
81 115
82 106
82 98
82 119
82 105
82 117
83 120
83 94
83 86
83 122
83 97
83 116
85 103
85 106
85 118
85 92
85 108
86 118
86 97
86 108
87 90
87 107
87 92
87 100
87 104
87 108
88 103
88 106
88 94
88 93
89 103
89 120
89 98
89 105
90 112
90 91
90 110
90 113
91 120
91 96
91 100
91 108
91 115
92 112
92 94
92 117
93 121
93 117
94 112
94 123
94 124
94 105
94 116
95 107
95 114
95 111
97 123
97 102
97 116
99 103
99 100
99 108
99 117
99 116
100 111
101 108
101 116
102 120
102 123
102 116
103 104
103 105
104 106
104 114
104 124
104 111
104 115
105 109
105 114
105 119
106 120
106 109
106 110
106 114
106 117
106 115
107 118
108 117
111 112
111 122
112 123
112 114
112 124
112 116
113 123
113 116
114 121
114 115
115 124
116 121
116 117
118 122
118 124
120 121
