0 1
0 2
0 3
0 4
0 5
0 6
0 7
0 8
0 9
0 10
0 11
0 12
0 13
0 14
1 118
1 106
1 83
1 6
1 119
1 25
1 102
1 35
1 36
1 88
1 50
1 41
2 62
2 16
2 72
2 85
2 36
2 47
2 26
2 52
2 53
2 54
3 31
3 82
3 108
3 122
3 124
3 25
3 60
3 105
3 7
3 113
3 96
3 53
3 41
4 42
4 18
4 100
4 21
4 85
4 65
4 25
4 101
4 98
4 123
4 8
5 18
5 95
5 60
5 46
5 105
5 104
5 61
5 53
5 41
6 56
6 100
6 23
6 45
6 87
6 8
6 14
6 41
7 62
7 73
7 106
7 68
7 49
7 110
7 61
7 70
7 96
8 32
8 122
8 114
8 23
8 44
8 59
8 45
8 66
8 48
8 49
8 88
8 55
8 41
9 108
9 21
9 83
9 91
9 115
9 59
9 77
9 87
9 46
9 120
9 51
9 40
9 14
10 16
10 32
10 95
10 106
10 111
10 91
10 124
10 24
10 102
10 37
10 92
10 50
10 69
10 70
11 95
11 91
11 102
11 87
11 28
11 86
11 69
11 55
12 31
12 16
12 122
12 22
12 23
12 24
12 115
12 123
12 105
12 68
12 88
12 121
12 29
12 70
13 31
13 76
13 102
13 35
13 26
13 98
13 48
13 68
13 69
13 70
13 96
13 54
13 14
14 42
14 18
14 72
14 114
14 24
14 102
14 66
14 27
14 121
15 16
15 17
15 18
15 19
15 20
15 21
15 22
15 23
15 24
15 25
15 26
15 27
15 28
15 29
15 30
16 62
16 63
16 72
16 73
16 57
16 58
16 21
16 74
16 75
16 76
16 77
16 78
16 48
16 79
16 80
17 62
17 58
17 74
17 87
17 60
17 26
17 49
17 88
17 41
18 42
18 56
18 62
18 89
18 82
18 32
18 64
18 58
18 75
18 87
18 105
18 80
18 49
18 99
19 62
19 114
19 75
19 115
19 76
19 48
19 68
19 49
19 88
19 116
19 69
19 117
20 62
20 32
20 43
20 109
20 60
20 29
21 82
21 57
21 84
21 46
21 98
21 40
22 62
22 112
22 64
22 84
22 66
22 36
22 125
22 67
22 27
22 79
22 51
22 96
22 53
23 42
23 56
23 72
23 59
23 47
23 37
23 105
23 38
23 80
23 39
23 94
23 117
23 71
24 42
24 62
24 90
24 58
24 75
24 76
24 27
24 39
24 103
24 40
24 69
24 41
25 73
25 107
25 96
25 97
25 55
26 90
26 58
26 111
26 75
26 115
26 78
26 105
26 39
26 94
26 40
26 41
27 62
27 73
27 95
27 34
27 109
27 45
27 93
27 116
27 61
27 117
27 52
27 41
28 56
28 82
28 63
28 95
28 68
28 50
28 51
28 113
28 96
28 71
29 59
29 60
29 47
29 38
29 99
29 103
29 51
29 40
29 97
29 53
29 71
29 41
30 72
30 100
30 109
30 77
30 125
30 103
30 110
31 32
31 33
31 34
31 35
31 36
31 37
31 38
31 39
31 40
31 41
32 89
32 82
32 90
32 100
32 101
32 102
32 35
32 48
32 103
32 51
32 104
32 52
33 42
33 106
33 74
33 107
33 102
33 92
33 97
33 53
34 122
34 114
34 74
34 123
34 68
34 116
34 69
34 117
34 52
35 62
35 63
35 73
35 112
35 106
35 59
35 68
35 55
36 62
36 43
36 112
36 109
36 115
36 47
36 123
36 38
36 80
36 39
36 103
36 113
36 61
37 82
37 90
37 43
37 122
37 114
37 119
37 47
37 67
37 86
37 92
37 121
37 113
37 61
38 89
38 82
38 122
38 106
38 84
38 85
38 119
38 44
38 66
38 46
38 68
38 86
38 92
38 51
38 71
39 95
39 74
39 85
39 119
39 44
39 66
39 46
39 52
40 90
40 112
40 66
40 123
40 50
40 97
41 122
41 46
41 98
41 79
41 110
41 71
42 43
42 44
42 45
42 46
42 47
42 48
42 49
42 50
42 51
42 52
42 53
42 54
42 55
43 72
43 58
43 111
43 107
43 59
44 122
44 65
44 45
44 98
44 93
44 116
45 119
45 101
45 51
45 54
46 63
46 122
46 64
46 83
46 84
46 115
46 49
46 94
46 61
46 96
47 56
47 57
47 91
47 119
47 65
47 101
47 102
47 60
47 79
47 51
47 52
48 120
48 110
48 94
48 116
48 117
49 100
49 58
49 83
49 115
49 60
49 78
49 80
49 50
49 121
50 83
50 111
50 124
50 76
50 66
50 125
50 120
50 121
50 69
50 61
51 89
51 82
51 63
51 73
51 109
51 68
51 79
51 86
51 103
51 69
52 122
52 64
52 100
52 83
52 85
52 109
52 87
52 123
52 105
52 68
52 110
52 61
52 117
53 91
53 119
53 66
53 67
53 98
54 74
54 75
54 76
54 79
54 116
55 57
55 109
55 77
55 60
55 80
55 92
56 57
56 58
56 59
56 60
56 61
57 108
57 112
57 64
57 74
57 119
57 101
58 95
58 109
58 123
58 86
58 96
59 108
59 100
59 85
59 86
59 116
59 70
60 85
60 123
60 121
61 108
61 85
61 107
61 92
61 96
62 63
62 64
62 65
62 66
62 67
62 68
62 69
62 70
62 71
63 73
63 95
63 74
63 75
63 65
63 66
63 68
63 70
63 96
63 97
64 95
64 101
64 78
64 68
65 73
65 83
65 84
65 80
65 86
65 110
65 94
65 117
66 95
66 83
66 76
66 87
66 99
66 117
67 89
67 91
67 124
67 109
67 115
67 76
67 87
67 125
67 99
68 111
68 80
68 99
69 89
69 72
69 73
69 107
69 115
69 78
69 105
69 88
69 117
69 96
70 124
70 77
70 105
70 79
71 108
71 75
72 95
72 77
72 93
73 112
73 74
73 91
73 86
73 113
74 112
74 83
74 85
74 107
74 75
74 76
74 99
74 116
74 96
75 118
75 112
75 84
75 85
75 91
75 123
75 104
75 116
76 90
76 108
76 98
77 122
77 91
77 119
77 125
77 86
77 113
77 97
78 84
79 90
79 91
79 87
79 120
79 99
79 103
79 116
80 106
80 116
81 82
81 83
81 84
81 85
81 86
82 93
82 94
83 100
83 91
83 96
83 97
84 99
84 103
84 116
84 117
85 111
85 115
86 112
86 125
86 103
86 96
87 114
87 115
87 121
87 96
88 89
88 118
88 100
88 111
88 119
89 90
89 91
89 92
90 98
90 99
90 94
91 93
91 99
91 94
91 104
92 109
92 94
92 121
93 95
93 122
93 113
94 100
95 106
95 99
95 110
96 114
96 110
96 116
96 97
97 124
97 116
98 109
99 119
99 115
99 123
100 111
100 103
101 108
101 115
101 110
102 112
102 111
102 124
102 115
102 125
103 114
104 120
105 114
105 106
105 123
106 112
106 107
106 116
107 122
107 111
107 110
108 109
108 110
111 122
112 119
112 120
112 121
113 125
113 121
113 116
113 117
115 118
117 124
119 121
120 121
