0 1
0 2
0 3
0 4
0 5
0 6
0 7
0 8
0 9
1 24
1 37
1 67
1 68
1 46
1 28
1 15
1 59
1 16
1 69
1 7
1 70
1 71
1 20
1 72
2 11
2 64
2 84
2 39
2 13
2 80
2 59
2 69
2 94
2 17
2 20
2 81
2 93
3 45
3 82
3 67
3 38
3 97
3 101
3 16
3 42
3 17
3 71
3 34
4 23
4 45
4 102
4 78
4 27
4 106
4 13
4 113
4 16
4 109
4 17
4 18
4 33
4 44
5 10
5 90
5 30
5 80
5 107
5 124
5 116
5 8
5 54
6 82
6 100
6 67
6 68
6 85
6 124
6 41
6 33
7 55
7 82
7 78
7 46
7 111
7 28
7 29
7 20
7 117
8 45
8 73
8 114
8 38
8 97
8 109
8 94
8 81
8 53
8 117
8 44
9 83
9 12
9 25
9 111
9 27
9 98
9 106
9 14
9 57
9 124
9 51
9 70
9 88
9 61
9 19
9 93
9 34
10 11
10 12
10 13
10 14
10 15
10 16
10 17
10 18
10 19
10 20
10 21
10 22
11 64
11 28
11 56
11 49
11 65
11 66
11 17
12 83
12 79
12 98
12 30
12 107
12 50
12 86
12 109
12 17
13 83
13 25
13 110
13 47
13 28
13 103
13 31
13 69
14 73
14 90
14 82
14 95
14 96
14 15
14 16
14 60
14 122
15 91
15 29
15 80
15 49
15 51
15 69
15 109
15 87
15 66
15 81
15 117
15 33
15 22
15 35
16 48
16 30
16 112
16 92
16 59
16 125
16 20
16 53
16 21
17 110
17 68
17 48
17 27
17 28
17 112
17 92
17 113
17 42
17 18
17 33
18 95
18 78
18 48
18 56
18 58
18 49
18 86
18 115
18 66
18 88
18 62
18 72
18 44
18 54
19 82
19 24
19 102
19 112
19 49
19 107
19 31
19 118
19 42
19 53
20 114
20 102
20 78
20 79
20 28
20 101
20 59
20 69
20 70
20 66
20 116
20 88
20 61
20 89
21 23
21 83
21 24
21 75
21 68
21 26
21 30
21 103
21 104
21 109
21 62
21 32
21 89
22 45
22 95
22 26
22 78
22 28
22 101
22 92
22 41
22 94
22 93
22 122
23 24
23 25
23 26
23 27
23 28
23 29
23 30
23 31
23 32
23 33
23 34
23 35
24 91
24 64
24 26
24 46
24 39
24 106
24 57
24 65
24 50
24 86
24 43
24 61
24 44
24 34
24 35
25 64
25 67
25 26
25 106
25 96
25 56
25 92
25 113
25 65
25 42
25 66
25 108
26 36
26 74
26 37
26 68
26 49
26 104
26 59
26 60
26 62
26 89
26 121
27 37
27 67
27 78
27 84
27 40
27 107
27 125
28 45
28 73
28 47
28 106
28 59
28 116
29 76
29 111
29 84
29 39
29 96
29 101
29 57
29 51
29 42
29 61
29 125
29 108
30 45
30 82
30 91
30 38
30 46
30 113
30 40
30 124
30 105
30 81
30 89
31 36
31 45
31 90
31 82
31 91
31 37
31 67
31 107
31 124
31 60
31 108
31 93
31 99
31 63
32 67
32 112
32 113
32 119
32 88
32 89
32 72
32 117
32 54
33 55
33 82
33 95
33 77
33 97
33 106
33 107
33 86
33 93
33 99
34 64
34 114
34 102
34 48
34 92
34 118
34 117
34 99
35 67
35 38
35 112
35 51
35 81
35 53
35 93
35 89
35 99
36 37
36 38
36 39
36 40
36 41
36 42
36 43
36 44
37 75
37 78
37 111
37 112
37 58
37 104
37 59
37 86
37 105
38 74
38 64
38 110
38 68
38 112
38 92
38 58
38 86
38 115
38 116
38 120
39 82
39 102
39 47
39 101
39 92
39 50
39 104
39 119
39 60
39 44
40 45
40 78
40 79
40 85
40 80
40 60
40 66
40 122
40 121
41 82
41 75
41 110
41 76
41 98
41 96
41 85
41 56
41 58
41 118
41 60
41 115
41 42
41 66
41 62
41 72
42 83
42 76
42 57
42 88
42 71
42 117
42 121
43 55
43 64
43 110
43 112
43 58
43 104
43 123
44 111
44 84
44 98
44 58
44 69
44 105
44 53
44 63
44 121
45 46
45 47
45 48
45 49
45 50
45 51
45 52
45 53
45 54
46 74
46 83
46 77
46 101
46 118
46 123
46 116
46 53
47 102
47 49
47 116
47 88
47 71
47 53
47 72
48 114
48 106
48 96
48 107
48 72
49 73
49 110
49 106
49 85
49 56
49 113
49 80
49 52
50 100
50 85
50 57
50 109
50 70
50 89
50 117
51 82
51 97
51 101
51 104
51 117
52 82
52 91
52 67
52 97
52 81
52 63
53 91
53 98
53 106
53 86
53 109
53 63
54 55
54 98
54 101
54 116
54 71
54 99
55 56
55 57
55 58
55 59
55 60
55 61
55 62
55 63
56 118
56 62
56 71
57 110
57 67
57 111
57 96
57 118
57 72
58 82
58 100
58 84
58 98
58 101
58 109
58 71
59 68
59 113
59 65
59 69
60 67
60 76
60 84
60 106
60 112
60 63
61 83
61 110
61 115
61 70
61 88
61 125
61 105
61 121
62 73
62 91
62 64
62 96
62 70
62 72
63 83
63 95
63 76
63 77
63 78
63 111
63 96
63 65
63 86
64 78
64 79
64 107
65 76
65 77
65 85
65 70
65 123
65 93
65 117
66 70
66 88
66 108
66 89
66 99
66 121
67 95
67 114
67 79
67 103
68 73
68 100
68 70
68 117
69 96
69 109
69 81
70 95
70 80
70 118
70 119
71 77
71 89
72 73
72 86
72 109
72 99
73 74
73 75
73 76
73 77
73 78
73 79
73 80
73 81
74 82
74 83
74 84
74 85
74 86
74 87
74 88
74 81
74 89
75 90
75 83
75 110
75 101
75 107
75 86
75 81
76 95
76 102
76 101
76 118
76 115
77 100
77 84
77 79
77 119
77 89
78 100
78 91
78 88
78 108
78 122
79 95
79 114
79 85
79 103
79 93
80 106
80 113
81 83
81 110
81 92
81 94
81 115
81 121
82 95
82 96
83 97
83 98
83 99
84 110
84 112
84 118
84 108
84 105
84 121
85 102
85 112
85 88
85 108
85 122
87 118
87 120
87 122
87 121
88 112
88 92
88 105
88 120
88 121
89 102
89 118
89 123
89 121
90 91
90 92
90 93
91 95
91 102
91 103
91 104
91 105
92 93
92 117
93 100
93 123
94 111
94 106
94 121
95 100
95 106
95 107
95 108
96 117
97 106
97 104
98 111
98 106
98 112
98 115
98 123
98 105
98 121
99 102
99 103
99 118
99 105
101 102
101 109
102 113
102 107
102 119
103 124
103 117
104 106
104 124
104 119
104 105
105 107
105 122
106 111
106 112
106 121
108 114
108 120
109 119
110 116
110 117
111 124
114 115
117 125
119 123
119 125
119 120
120 124
