0 1
0 2
0 3
0 4
0 5
0 6
0 7
0 8
0 9
0 10
0 11
1 24
1 47
1 86
1 49
1 87
1 88
1 18
1 19
1 61
1 41
1 89
1 90
1 91
1 92
1 33
2 60
2 114
2 16
2 100
2 76
2 117
2 113
2 118
2 84
2 33
3 13
3 75
3 15
3 97
3 100
3 65
3 77
3 101
3 19
3 41
3 113
3 21
3 118
3 63
3 80
3 44
3 106
4 86
4 112
4 93
4 29
4 79
5 47
5 25
5 49
5 14
5 114
5 64
5 88
5 17
5 109
5 113
5 22
5 44
5 120
5 81
6 12
6 64
6 29
6 65
6 88
6 83
6 7
6 8
6 125
6 55
6 110
6 23
6 32
6 58
6 34
6 46
6 11
7 35
7 59
7 75
7 27
7 38
7 66
7 51
7 19
7 89
7 90
7 58
7 103
8 47
8 104
8 27
8 76
8 77
8 94
8 109
8 19
8 40
8 113
8 54
8 116
8 91
8 43
8 85
8 70
8 81
8 103
8 72
9 14
9 121
9 82
9 51
9 94
9 22
9 44
9 120
10 73
10 47
10 93
10 76
10 94
10 109
10 105
10 83
10 21
10 56
10 69
10 63
10 72
11 25
11 86
11 87
11 16
11 39
11 40
11 89
11 113
11 90
11 125
11 123
11 56
11 79
11 22
11 99
11 57
11 111
11 81
11 103
12 13
12 14
12 15
12 16
12 17
12 18
12 19
12 20
12 21
12 22
12 23
13 64
13 27
13 65
13 66
13 17
13 67
13 20
13 68
13 69
13 70
13 71
13 72
14 37
14 107
14 50
14 51
14 108
14 109
14 91
14 110
14 44
14 106
14 111
14 71
14 72
15 107
15 42
15 53
16 35
16 27
16 107
16 50
16 67
16 22
16 85
16 33
16 111
16 72
17 47
17 26
17 97
17 123
17 102
17 119
18 47
18 25
18 86
18 112
18 75
18 26
18 67
18 31
18 89
18 43
18 99
18 33
19 104
19 107
19 95
19 80
19 72
20 97
20 82
20 21
20 116
20 91
20 56
20 22
20 119
21 35
21 36
21 48
21 49
21 66
21 94
21 115
21 105
21 61
21 124
21 85
22 48
22 49
22 50
22 95
22 89
22 117
22 79
22 102
22 69
23 75
23 77
23 91
23 68
23 44
23 72
24 25
24 26
24 27
24 28
24 29
24 30
24 31
24 32
24 33
24 34
25 86
25 64
25 26
25 93
25 27
25 28
25 66
25 94
25 95
25 78
25 96
25 69
25 44
26 47
26 93
26 100
26 101
26 62
26 89
26 43
26 44
26 120
26 81
26 103
27 76
27 31
27 113
27 123
27 63
27 84
27 70
28 49
28 75
28 65
28 105
28 123
28 57
28 81
28 34
28 45
29 114
29 76
29 88
29 108
29 62
29 117
29 118
29 70
29 45
29 72
30 86
30 114
30 37
30 51
30 41
30 62
30 89
30 90
30 116
30 118
30 96
30 92
30 103
31 100
31 65
31 82
31 77
31 62
31 113
31 68
31 110
31 69
31 120
31 103
32 37
32 76
32 61
32 113
32 63
32 44
32 81
33 86
33 124
33 80
33 46
34 36
34 75
34 82
34 77
34 107
34 125
34 116
34 45
35 36
35 37
35 38
35 39
35 40
35 41
35 42
35 43
35 44
35 45
35 46
36 47
36 48
36 49
36 50
36 51
36 52
36 53
36 54
36 55
36 56
36 57
36 58
37 76
37 122
37 113
37 53
37 55
37 79
37 124
37 81
38 121
38 98
38 50
38 67
38 110
38 96
38 80
38 111
39 86
39 97
39 76
39 109
39 101
39 53
39 70
40 112
40 114
40 74
40 65
40 66
40 52
40 54
40 124
40 80
40 46
41 86
41 104
41 76
41 77
41 95
41 78
41 67
41 69
41 120
42 94
42 118
42 63
42 44
42 84
42 58
42 111
43 48
43 114
43 98
43 83
43 68
43 99
43 80
43 92
43 58
43 103
44 64
44 66
44 108
44 62
44 117
44 55
44 124
44 99
44 92
45 59
45 75
45 97
45 107
45 78
45 113
45 55
45 84
45 72
46 104
46 97
46 88
46 50
46 101
46 113
46 68
46 55
46 120
46 103
47 73
47 82
47 83
47 63
47 80
47 84
47 85
47 58
48 73
48 93
48 101
48 102
48 80
49 94
49 62
49 102
49 57
49 58
49 103
49 72
50 100
50 94
50 101
50 62
50 81
51 73
51 104
51 112
51 93
51 107
51 95
51 52
51 54
51 68
51 55
51 69
51 99
51 103
52 112
52 87
52 76
52 107
52 109
52 105
52 113
52 90
52 56
52 63
52 120
52 111
53 60
53 114
53 66
53 107
53 95
53 101
53 118
53 71
54 59
54 112
54 91
54 80
54 103
55 75
55 100
55 77
55 94
55 105
55 62
55 116
55 118
55 56
55 57
55 120
55 81
56 64
56 65
56 122
56 115
56 62
56 117
56 57
56 111
57 82
57 107
57 123
57 110
57 99
58 104
58 122
58 108
58 61
58 113
58 125
58 119
59 60
59 61
59 62
59 63
60 100
60 92
61 121
61 98
61 122
61 77
61 107
61 101
61 68
61 79
61 124
61 85
61 111
61 71
62 75
62 95
62 69
62 85
63 86
63 74
63 65
63 108
63 109
63 78
63 83
63 67
63 68
63 111
64 98
64 76
64 82
64 101
64 119
64 106
64 72
65 94
65 101
65 91
65 68
65 118
65 119
65 106
65 70
65 72
66 74
66 82
66 78
66 105
66 67
66 125
66 96
66 69
66 80
66 71
67 86
67 76
67 107
67 101
67 115
67 89
67 91
67 120
67 81
68 77
68 91
68 123
68 119
68 70
68 71
69 74
69 98
69 76
69 94
69 101
69 83
69 123
69 102
69 120
69 103
70 86
70 74
70 98
70 96
70 124
70 99
70 106
71 114
71 100
71 88
71 89
71 123
71 119
71 84
71 106
72 112
72 82
72 94
72 109
72 84
72 85
73 74
73 75
73 76
73 77
73 78
73 79
73 80
73 81
74 97
74 100
74 109
74 115
74 83
74 116
74 110
75 93
75 88
75 108
75 115
75 89
75 117
75 118
75 102
75 80
76 80
76 92
77 104
77 122
77 107
77 78
77 89
77 110
77 111
78 93
78 122
78 101
78 116
78 118
78 99
78 120
79 101
79 123
79 92
80 112
80 82
81 122
81 110
81 96
81 84
82 114
82 94
82 83
82 89
83 101
83 102
83 84
84 86
84 108
84 115
84 99
84 92
84 85
85 109
85 113
85 119
85 120
85 103
86 87
86 97
86 98
86 88
86 94
86 90
86 96
86 99
87 112
87 97
87 101
87 115
87 102
88 93
88 95
89 114
89 121
89 107
89 95
89 96
89 92
90 98
90 108
90 117
90 125
90 119
91 112
91 96
91 106
92 93
92 118
92 123
93 114
93 98
93 116
94 117
94 116
94 111
95 101
95 119
96 112
97 122
97 106
99 104
99 109
99 113
99 125
100 112
100 108
101 112
101 122
101 125
102 123
103 112
104 105
104 106
105 112
105 114
105 110
106 117
107 108
107 109
108 112
108 114
110 113
110 116
110 118
110 123
111 114
111 123
111 119
112 113
113 120
115 117
119 121
120 125
120 123
