0 1
0 2
0 3
0 4
0 5
0 6
0 7
0 8
0 9
0 10
0 11
0 12
0 13
0 14
0 15
0 16
0 17
0 18
0 19
0 20
0 21
0 22
0 23
1 48
1 76
1 61
1 3
1 4
1 28
1 77
1 65
1 78
1 79
1 10
1 41
1 56
1 58
1 80
1 22
1 81
2 24
2 109
2 95
2 3
2 117
2 79
2 89
2 9
2 41
2 57
2 112
2 18
2 20
3 40
3 61
3 50
3 117
3 8
3 31
3 83
3 118
3 58
3 72
3 96
3 119
3 67
3 75
4 29
4 83
4 84
4 71
4 118
4 121
4 96
4 119
4 16
4 53
4 87
4 101
4 110
4 60
5 40
5 77
5 10
5 102
5 44
5 112
5 34
5 21
5 101
5 81
5 123
5 92
6 48
6 93
6 88
6 100
6 79
6 9
6 90
6 44
6 13
6 112
6 106
6 45
6 47
6 68
6 108
7 105
7 107
7 73
7 47
7 34
7 53
7 63
8 24
8 77
8 31
8 56
8 46
8 113
8 125
8 80
8 47
8 74
8 86
8 81
8 92
8 60
9 49
9 114
9 89
9 90
9 58
9 68
9 19
9 53
9 63
9 87
9 59
9 123
10 25
10 95
10 84
10 32
10 105
10 33
10 98
10 108
10 123
11 88
11 61
11 30
11 32
11 102
11 42
11 71
11 119
11 14
11 73
11 63
11 59
11 111
12 37
12 88
12 64
12 115
12 82
12 118
12 67
12 16
12 62
12 80
12 73
12 19
12 35
12 53
12 108
13 24
13 93
13 49
13 94
13 100
13 116
13 55
13 121
13 33
13 46
13 113
13 15
13 91
14 48
14 70
14 49
14 57
14 112
14 106
14 96
14 17
14 51
14 20
14 75
14 59
15 88
15 116
15 66
15 102
15 56
15 107
15 19
15 69
15 34
15 75
15 123
16 93
16 113
16 80
16 17
17 40
17 94
17 31
17 102
17 90
17 72
17 96
17 125
17 52
17 36
18 24
18 37
18 54
18 30
18 82
18 105
18 63
18 124
18 92
19 24
19 49
19 61
19 89
19 43
19 125
19 85
19 74
19 108
19 120
19 92
20 114
20 89
20 58
20 96
20 107
20 21
20 87
20 123
21 37
21 49
21 76
21 100
21 54
21 115
21 57
21 58
21 80
21 73
21 53
21 108
22 88
22 27
22 28
22 29
22 83
22 71
22 33
22 80
22 99
22 63
22 123
23 25
23 70
23 78
23 29
23 115
23 41
23 57
23 113
23 91
23 68
23 99
23 108
23 87
23 111
24 25
24 26
24 27
24 28
24 29
24 30
24 31
24 32
24 33
24 34
24 35
24 36
25 54
25 55
25 41
25 56
25 43
25 57
25 58
25 59
25 60
26 88
26 83
26 89
26 90
26 91
26 92
27 48
27 56
27 46
27 34
27 87
27 120
28 88
28 109
28 82
28 84
28 56
28 44
28 68
28 69
28 59
28 111
29 48
29 40
29 109
29 50
29 66
29 56
29 121
29 120
30 70
30 79
30 31
30 102
30 56
30 108
30 110
30 60
31 78
31 121
32 76
32 100
32 54
32 109
32 104
32 65
32 44
32 45
32 91
32 74
32 34
33 88
33 77
33 116
33 43
33 44
33 68
33 99
33 108
34 37
34 38
34 94
34 84
34 42
34 103
34 118
34 72
34 45
34 107
34 53
34 123
35 40
35 93
35 94
35 115
35 96
35 67
35 59
36 40
36 109
36 77
36 43
36 113
36 74
36 59
37 38
37 39
37 40
37 41
37 42
37 43
37 44
37 45
37 46
37 47
38 39
38 61
38 42
38 62
38 51
38 63
39 40
39 64
39 50
39 65
39 66
39 43
39 57
39 67
39 68
39 69
40 48
40 82
40 55
40 83
40 84
40 58
40 85
40 86
40 53
40 87
40 59
41 49
41 100
41 61
41 95
41 114
41 58
41 52
41 63
41 92
42 48
42 70
42 117
42 116
42 43
42 112
42 46
42 125
42 59
42 101
43 64
43 95
43 82
43 56
43 58
43 85
43 80
43 86
44 65
44 79
44 102
44 103
44 72
44 119
44 62
44 123
45 61
45 117
45 84
45 118
45 58
45 119
45 67
45 107
45 99
45 69
45 110
45 111
46 54
46 114
46 90
46 57
46 118
46 105
46 80
46 73
46 98
47 79
47 89
47 118
47 123
48 49
48 50
48 51
48 52
48 53
49 100
49 54
49 84
49 52
49 101
49 81
49 92
50 70
50 82
50 114
50 102
50 105
50 58
50 62
50 97
50 87
50 81
51 70
51 93
51 95
51 77
51 55
51 111
52 64
52 82
52 90
52 85
53 65
53 78
53 90
53 121
53 106
53 107
53 74
53 86
53 60
54 100
54 82
54 66
54 55
54 83
54 112
54 106
54 96
54 113
54 99
54 111
55 70
55 64
55 95
55 77
55 83
55 102
55 56
55 80
55 68
55 75
55 59
56 104
56 82
56 83
56 84
56 118
56 121
56 67
56 108
56 124
56 123
57 95
57 82
57 84
57 112
57 124
57 123
58 88
58 95
58 115
58 71
58 106
58 125
58 68
58 69
58 108
58 87
58 120
58 81
58 60
59 64
59 65
59 116
59 102
59 118
59 72
59 113
59 107
59 98
59 124
59 123
60 100
60 104
60 122
60 66
60 67
60 107
60 97
60 75
61 115
61 89
62 65
62 125
62 67
62 98
62 68
62 124
63 83
63 103
63 112
63 99
63 81
64 95
64 104
64 79
64 105
64 106
64 85
64 107
64 108
65 95
65 82
65 84
65 69
65 75
66 122
66 82
66 116
66 114
66 67
66 85
66 98
66 124
66 111
67 78
67 108
67 87
67 111
68 105
68 121
68 101
69 93
69 117
69 74
69 98
69 86
69 108
70 71
70 72
70 73
70 74
70 75
71 76
71 79
71 89
71 112
72 76
72 98
72 101
72 123
73 78
73 115
73 117
73 103
73 121
73 113
74 82
74 80
75 94
75 116
76 109
76 89
76 90
76 106
76 80
76 107
76 110
77 95
77 82
77 102
77 80
77 86
78 102
78 80
78 86
78 124
79 93
79 94
79 109
79 115
79 96
79 123
80 94
80 116
80 89
80 113
81 94
81 122
81 83
81 119
81 91
81 101
81 110
82 104
82 106
82 92
83 121
84 109
84 95
84 117
84 89
84 90
84 125
84 111
85 105
85 119
86 89
86 103
86 121
86 91
87 105
87 110
88 102
88 103
88 97
89 103
90 99
90 101
91 93
91 94
91 117
91 118
92 102
92 105
92 97
93 94
93 95
93 96
93 97
93 98
93 99
94 106
94 97
94 98
94 111
95 116
96 104
96 99
96 108
97 104
97 116
97 112
97 98
98 104
99 114
99 105
99 119
99 120
101 109
101 114
101 105
102 116
102 113
102 120
103 109
105 113
105 108
108 119
109 114
110 114
110 112
111 112
111 120
113 122
113 118
113 125
114 116
114 121
114 119
114 123
116 122
116 119
117 122
118 121
119 125
121 123
