0 1
0 2
0 3
0 4
0 5
0 6
0 7
0 8
0 9
0 10
0 11
0 12
0 13
0 14
1 15
1 16
1 17
1 18
1 19
1 20
1 21
1 14
1 22
2 50
2 67
2 107
2 43
2 104
2 108
2 80
2 96
2 12
2 22
2 56
3 84
3 94
3 62
3 18
3 111
3 8
3 33
3 47
4 15
4 59
4 112
4 67
4 70
4 44
4 7
4 53
4 63
4 33
5 60
5 116
5 70
5 43
5 30
5 80
5 11
5 65
5 55
5 90
5 48
5 56
6 49
6 107
6 42
6 98
6 45
6 125
6 75
6 71
6 21
6 93
6 72
7 37
7 59
7 38
7 85
7 104
7 108
7 123
7 125
7 20
7 99
7 14
8 66
8 92
8 16
8 121
8 18
8 88
8 30
8 89
9 36
9 16
9 78
9 44
9 47
9 22
10 23
10 66
10 94
10 95
10 38
10 116
10 41
10 62
10 52
10 73
10 79
10 89
11 51
11 39
11 68
11 107
11 117
11 18
11 108
11 113
11 99
11 96
11 32
11 47
11 86
11 91
12 37
12 95
12 16
12 17
12 107
12 121
12 117
12 42
12 104
12 101
12 88
12 63
13 57
13 122
13 115
14 36
14 57
14 25
14 38
14 85
14 121
14 28
14 43
14 124
14 120
14 106
14 125
14 19
15 66
15 77
15 51
15 38
15 67
15 85
15 97
15 52
15 30
15 32
15 65
16 49
16 57
16 58
16 110
16 52
16 111
16 64
16 103
16 22
16 56
17 36
17 51
17 121
17 124
17 87
17 53
17 96
17 31
18 50
18 58
18 77
18 60
18 116
18 85
18 68
18 69
18 28
18 106
18 125
18 54
18 89
18 55
18 90
19 24
19 50
19 114
19 39
19 69
19 52
19 43
19 87
19 80
19 99
19 64
19 34
20 81
20 109
20 101
20 30
20 80
20 119
20 113
20 31
20 86
20 103
21 57
21 66
21 58
21 51
21 109
21 70
21 52
21 82
21 105
21 113
21 64
21 32
21 65
21 34
22 36
22 25
22 94
22 26
22 40
22 97
22 61
22 43
22 87
22 119
22 105
22 72
23 24
23 25
23 26
23 27
23 28
23 29
23 30
23 31
23 32
23 33
23 34
23 35
24 59
24 70
24 28
24 43
24 73
24 30
24 74
24 75
24 56
25 85
25 39
25 87
25 88
25 74
25 63
25 89
25 33
25 90
25 91
26 81
26 85
26 73
26 104
26 45
26 105
26 32
26 93
26 72
26 35
27 76
27 50
27 95
27 112
27 110
27 121
27 108
27 44
27 87
27 82
27 83
27 45
27 113
27 93
28 38
28 86
29 37
29 95
29 52
29 79
29 123
29 45
29 99
29 32
29 33
29 48
30 49
30 84
30 50
30 59
30 81
30 68
30 41
30 42
30 62
30 73
30 108
30 88
30 74
30 71
30 35
31 84
31 112
31 42
31 52
31 43
31 104
31 82
31 98
31 80
32 58
32 81
32 116
32 39
32 101
32 83
32 106
32 89
33 51
33 68
33 42
33 101
33 65
34 76
34 84
34 95
34 81
34 40
34 78
34 82
34 63
34 93
35 36
35 66
35 59
35 116
35 111
35 83
35 113
35 54
35 48
35 56
36 37
36 38
36 39
36 40
36 41
36 42
36 43
36 44
36 45
36 46
36 47
36 48
37 66
37 67
37 68
37 69
37 70
37 61
37 64
37 71
37 72
38 57
38 58
38 68
38 87
38 120
38 80
38 102
38 99
38 75
38 96
38 56
39 109
39 121
39 61
39 52
39 43
39 79
39 83
39 96
39 89
39 55
39 90
39 47
40 109
40 122
40 69
40 115
40 124
40 73
40 101
40 87
40 125
40 55
40 90
41 112
41 60
41 67
41 85
41 100
41 122
41 117
41 111
41 101
41 88
41 65
41 55
41 47
42 66
42 68
42 97
42 78
42 118
42 87
42 82
42 48
43 107
43 122
43 44
43 82
43 46
43 71
43 89
44 51
44 109
44 122
44 61
44 52
44 124
44 79
44 87
44 98
44 46
44 54
44 96
44 90
45 109
45 110
45 52
45 101
45 46
45 90
45 86
46 95
46 116
46 117
46 101
46 120
46 98
46 119
46 99
46 71
46 90
47 57
47 114
47 116
47 70
47 87
47 74
47 54
47 86
48 114
48 61
48 124
48 83
48 106
48 72
49 50
49 51
49 52
49 53
49 54
49 55
49 56
50 92
50 88
50 98
50 99
50 75
50 91
51 81
51 67
51 117
51 97
51 118
51 119
52 58
52 110
52 121
52 62
52 124
52 74
52 72
52 56
53 92
53 95
53 68
53 75
53 71
53 72
54 76
54 66
54 107
54 118
54 88
54 98
54 113
54 89
55 84
55 81
55 112
55 82
55 83
55 105
56 67
56 73
56 108
56 74
56 93
57 58
57 59
57 60
57 61
57 62
57 63
57 64
57 65
58 106
58 64
58 96
59 66
59 109
59 110
59 93
60 92
60 95
60 112
60 97
60 78
60 124
60 108
60 87
60 105
60 90
61 92
61 114
61 67
61 110
61 88
61 123
61 105
61 63
62 78
62 87
62 120
62 82
62 123
62 93
63 116
63 85
63 110
63 122
63 97
63 119
63 113
64 69
64 117
64 78
64 118
64 106
64 123
64 105
65 84
65 112
65 100
65 107
65 104
65 125
65 75
65 86
66 81
66 82
66 83
67 110
67 87
68 77
68 78
68 111
68 98
68 123
69 121
69 79
69 108
69 123
69 91
70 110
70 122
70 119
70 90
71 77
71 115
71 88
71 83
71 99
71 93
72 125
72 75
72 103
73 95
73 77
73 109
73 85
73 122
73 118
73 101
73 74
73 113
74 95
74 116
74 102
74 75
74 90
75 107
75 93
76 77
76 78
76 79
76 80
77 95
77 108
77 88
77 93
78 94
78 100
78 97
78 119
78 113
79 112
79 82
79 83
79 105
79 89
80 88
80 89
80 86
80 103
81 112
81 111
81 104
81 108
81 106
81 113
81 103
82 112
82 110
82 97
82 111
82 101
82 105
82 99
83 116
83 88
83 90
83 86
84 85
84 86
85 92
85 94
85 88
85 113
85 102
86 100
86 105
87 92
87 99
88 106
88 102
89 116
89 100
89 96
89 103
90 92
90 122
90 104
90 105
91 94
91 109
91 96
92 93
93 94
93 100
93 122
93 111
93 102
94 95
94 96
95 100
95 97
95 101
95 102
95 103
96 112
96 100
96 111
96 113
97 113
98 101
99 122
99 115
100 105
100 113
101 114
101 124
102 123
103 121
103 123
103 125
104 121
104 111
104 106
105 108
106 125
107 116
107 111
108 112
108 111
108 120
109 123
111 112
111 113
112 122
114 115
115 125
