0 1
0 2
0 3
0 4
0 5
0 6
0 7
0 8
0 9
0 10
0 11
0 12
1 47
1 40
1 48
1 49
1 36
1 23
1 50
1 9
1 51
1 52
2 29
2 101
2 54
2 105
2 58
2 96
2 43
2 106
2 103
2 28
2 75
3 13
3 123
3 121
3 98
3 41
3 118
3 80
3 68
3 11
3 103
3 104
3 92
3 108
4 13
4 97
4 120
4 62
4 88
4 19
4 112
4 24
4 124
4 28
5 100
5 62
5 89
5 6
5 99
5 78
5 79
5 23
5 80
5 26
5 11
6 29
6 14
6 39
6 97
6 95
6 78
6 24
6 61
6 124
6 27
7 13
7 98
7 17
7 57
7 102
7 83
7 99
7 37
7 74
7 91
7 11
7 38
7 108
8 29
8 97
8 55
8 120
8 42
8 58
8 64
8 79
8 21
8 59
8 44
8 125
8 60
8 107
8 46
8 103
8 38
9 101
9 93
9 54
9 102
9 71
9 114
9 125
9 24
9 67
9 27
10 97
10 109
10 76
10 110
10 18
10 42
10 78
10 65
11 97
11 101
11 15
11 16
11 42
11 58
11 59
11 114
11 122
12 48
12 97
12 101
12 32
12 98
12 63
12 83
12 35
12 99
12 78
12 43
12 23
12 115
12 60
12 91
12 92
12 75
13 14
13 15
13 16
13 17
13 18
13 19
13 20
13 21
13 22
13 23
13 24
13 25
13 26
13 27
13 28
14 30
14 62
14 63
14 19
14 64
14 23
14 65
14 66
14 67
14 46
14 68
15 30
15 39
15 40
15 76
15 62
15 89
15 17
15 33
15 96
15 118
15 68
15 92
16 39
16 100
16 121
16 95
16 21
16 113
16 107
16 103
16 38
17 29
17 62
17 89
17 77
17 63
17 19
17 43
17 65
17 91
17 92
18 62
18 98
18 57
18 34
18 99
18 90
18 112
18 118
18 24
19 29
19 39
19 62
19 49
19 73
19 118
19 46
19 61
19 116
20 47
20 54
20 123
20 62
20 33
20 63
20 35
20 36
20 44
20 115
20 122
20 117
20 108
20 75
21 30
21 97
21 100
21 121
21 49
21 102
21 36
21 44
21 60
21 46
21 111
21 116
22 53
22 93
22 32
22 123
22 98
22 88
22 33
22 36
22 64
22 106
22 80
22 60
22 107
22 86
22 26
22 51
23 97
23 110
23 98
23 41
23 102
23 58
23 72
23 96
23 122
23 24
23 87
23 103
23 104
23 108
24 30
24 48
24 69
24 123
24 121
24 89
24 77
24 64
24 73
24 44
24 50
24 80
24 74
24 81
24 92
24 82
25 29
25 47
25 101
25 76
25 56
25 98
25 102
25 63
25 84
25 79
25 96
25 43
25 85
25 118
25 125
25 52
25 104
26 94
26 76
26 120
26 64
26 84
26 37
26 81
26 107
26 91
27 40
27 56
27 98
27 95
27 90
27 82
28 31
28 54
28 72
28 90
28 44
28 117
29 30
29 31
29 32
29 33
29 34
29 35
29 36
29 37
29 38
30 39
30 40
30 32
30 41
30 42
30 43
30 44
30 45
30 46
31 56
31 88
31 89
31 34
31 63
31 90
31 50
31 65
31 67
31 91
31 51
31 92
31 82
32 40
32 55
32 109
32 110
32 62
32 83
32 71
32 78
32 66
32 67
32 108
33 97
33 120
33 88
33 71
33 61
33 38
33 75
33 82
34 97
34 100
34 55
34 76
34 72
34 113
34 114
34 107
34 61
34 87
34 75
35 100
35 101
35 88
35 58
35 36
35 78
35 114
35 122
35 60
35 38
35 124
35 111
35 116
35 75
36 39
36 110
36 41
36 77
36 71
36 44
36 113
36 87
36 124
36 75
37 101
37 55
37 41
37 83
37 79
37 117
37 75
38 55
38 110
38 49
38 102
38 105
38 63
38 83
38 71
38 119
38 106
38 66
38 67
38 87
38 116
39 40
39 76
39 56
39 77
39 78
39 79
39 43
39 44
39 80
39 74
39 81
39 46
39 61
39 82
40 58
40 83
40 78
40 84
40 85
40 86
40 87
41 121
41 88
41 89
41 102
41 71
41 90
41 112
41 118
41 46
41 108
42 47
42 55
42 98
42 83
42 64
42 44
42 114
42 119
42 115
42 74
42 124
43 55
43 76
43 110
43 95
43 105
43 71
43 72
43 96
43 85
44 94
44 123
44 105
44 63
44 90
44 79
44 50
44 118
44 81
44 68
44 82
45 63
45 79
45 107
45 91
45 51
46 47
46 69
46 56
46 62
46 121
46 88
46 102
46 64
46 99
46 122
46 91
46 51
47 69
47 70
47 71
47 72
47 73
47 74
47 75
48 93
48 55
48 94
48 88
48 95
48 64
48 96
49 56
49 71
49 80
49 122
49 74
49 107
49 68
49 91
49 51
50 101
50 110
50 70
50 71
50 96
50 113
50 122
50 103
50 117
50 111
51 89
51 105
51 58
51 59
51 85
51 80
51 122
51 60
52 55
52 94
52 109
52 88
52 105
52 125
52 106
52 122
52 67
52 91
52 117
52 75
52 82
53 54
53 55
53 56
53 57
53 58
53 59
53 60
53 61
54 88
54 77
54 64
54 66
54 111
54 92
55 101
55 89
55 63
55 65
55 113
55 114
55 115
55 108
56 110
56 88
56 89
56 84
56 61
56 111
57 98
57 96
57 122
57 66
57 103
57 111
57 116
58 88
58 102
58 63
58 115
58 86
58 104
59 121
59 63
59 99
59 85
59 75
60 93
60 69
60 76
60 62
60 77
60 115
60 82
61 123
61 121
61 88
61 72
62 101
62 109
62 70
62 83
62 71
62 72
62 107
62 124
62 117
63 71
63 96
63 65
63 113
64 105
64 84
64 66
64 81
65 97
65 110
65 77
65 73
65 114
65 125
65 115
65 122
65 87
65 117
66 97
66 89
66 99
66 74
66 81
66 117
66 92
67 69
67 84
67 125
67 92
67 108
68 69
68 99
68 106
68 103
69 105
69 71
69 112
69 75
70 76
70 121
70 118
70 122
70 91
70 82
71 100
71 120
71 121
71 98
71 88
71 90
71 118
71 80
72 94
72 95
72 99
72 84
72 112
72 118
72 87
72 104
73 76
73 121
73 102
73 83
73 90
73 81
73 91
74 98
74 95
74 105
74 115
74 87
74 117
75 100
75 79
76 101
76 106
76 117
76 116
77 93
77 109
77 119
77 106
78 89
78 85
78 81
79 93
79 84
79 106
79 87
80 109
80 88
80 105
80 84
80 81
80 87
81 125
81 124
82 100
82 110
82 125
82 115
82 117
82 111
83 94
83 120
83 121
83 89
83 115
84 88
84 102
84 90
84 122
84 86
84 108
85 120
85 89
85 99
85 112
85 117
86 112
86 125
86 122
86 87
87 100
87 93
88 120
88 102
89 110
89 113
89 122
89 117
90 101
90 93
90 113
90 103
91 93
91 123
91 95
91 114
91 116
92 124
92 108
93 94
93 98
93 99
93 107
93 108
94 116
95 102
95 99
95 96
95 122
95 107
96 97
96 109
96 102
97 98
97 99
98 125
98 103
99 117
101 102
101 103
101 104
102 120
102 114
103 112
103 113
104 113
104 125
104 124
105 123
106 121
106 113
106 118
107 121
107 114
108 123
108 125
110 118
110 119
110 115
111 114
112 113
113 121
113 122
113 116
115 125
116 123
116 125
117 120
117 118
119 125
