0 1
0 2
0 3
0 4
0 5
0 6
0 7
0 8
0 9
0 10
0 11
0 12
0 13
0 14
0 15
0 16
1 43
1 44
1 2
1 3
1 45
1 29
1 36
1 46
1 10
1 47
1 48
1 49
1 12
1 50
1 33
1 14
2 59
2 35
2 117
2 23
2 70
2 62
2 83
2 109
2 93
2 118
3 59
3 90
3 74
3 110
3 62
3 6
3 116
3 8
3 101
3 104
3 57
3 38
3 81
3 113
4 107
4 94
4 23
4 36
4 55
4 56
4 25
4 103
4 72
5 34
5 27
5 28
5 35
5 112
5 45
5 23
5 7
5 71
5 86
5 80
5 11
5 109
5 92
5 49
5 65
5 58
5 85
6 68
6 35
6 23
6 11
6 109
6 40
6 16
7 17
7 19
7 110
7 35
7 75
7 57
7 38
7 81
7 92
7 102
7 16
8 34
8 44
8 51
8 68
8 21
8 111
8 112
8 116
8 103
8 76
8 13
8 118
9 20
9 52
9 53
9 120
9 29
9 115
9 97
9 75
9 81
9 30
9 65
9 12
10 21
10 120
10 116
10 98
10 25
11 21
11 119
11 121
11 38
11 98
11 81
11 103
11 76
11 49
11 41
12 18
12 43
12 94
12 35
12 117
12 120
12 115
12 97
12 55
12 71
12 38
12 80
12 26
12 31
12 124
12 122
13 59
13 106
13 100
13 107
13 97
13 75
13 109
13 103
14 27
14 44
14 51
14 68
14 21
14 94
14 45
14 121
14 63
14 80
14 83
14 76
14 49
14 113
14 72
15 21
15 52
15 35
15 45
15 119
15 23
15 36
15 71
15 99
15 26
15 58
15 67
16 44
16 61
16 71
16 82
16 83
16 84
16 102
17 18
17 19
17 20
17 21
17 22
17 23
17 24
17 25
17 26
18 27
18 28
18 29
18 24
18 25
18 30
18 31
18 32
18 33
19 68
19 21
19 69
19 70
19 56
19 71
19 40
19 58
19 72
19 73
20 35
20 23
20 37
20 97
20 79
20 57
20 24
20 98
20 99
20 30
20 47
20 40
20 92
20 84
20 73
21 78
21 44
21 54
21 29
21 97
21 91
21 32
21 93
22 34
22 43
22 74
22 23
22 62
22 36
22 97
22 105
22 87
22 50
22 88
22 42
22 73
22 122
23 78
23 100
23 111
23 61
23 104
23 98
23 86
23 65
23 124
24 78
24 106
24 69
24 25
24 125
24 84
24 88
24 58
24 89
25 78
25 28
25 46
25 104
25 95
25 82
25 30
25 96
25 32
25 50
25 77
26 34
26 90
26 74
26 114
26 46
26 115
26 79
26 91
26 125
26 65
26 88
26 124
26 102
26 122
27 51
27 52
27 53
27 54
27 37
27 55
27 56
27 57
27 40
27 49
27 58
27 42
28 59
28 90
28 54
28 46
28 104
28 38
28 95
28 105
28 32
28 93
28 33
28 77
29 60
29 46
29 80
29 65
29 84
30 51
30 68
30 70
30 62
30 56
30 79
30 38
30 31
30 40
30 76
30 33
30 73
30 85
31 51
31 61
31 36
31 57
31 81
31 64
31 92
32 68
32 100
32 94
32 61
32 37
32 76
32 49
32 65
32 84
32 118
32 73
33 52
33 112
33 45
33 99
33 109
33 125
33 93
33 66
33 118
33 122
33 85
34 35
34 36
34 37
34 38
34 39
34 40
34 41
34 42
35 53
35 70
35 120
35 81
35 105
35 47
35 76
35 65
35 89
36 69
36 60
36 54
36 114
36 101
36 105
36 87
36 102
37 90
37 51
37 68
37 46
37 93
37 50
37 66
37 72
38 110
38 53
38 61
38 99
38 86
38 84
39 106
39 64
39 85
40 94
40 111
40 117
40 112
40 63
40 91
40 95
40 47
40 65
40 67
40 72
41 100
41 75
41 105
41 47
41 96
41 76
41 49
41 89
42 78
42 44
42 106
42 100
42 54
42 61
42 88
43 74
43 75
43 63
43 57
43 76
43 77
44 62
44 46
44 75
44 86
44 87
44 88
44 89
45 74
45 112
45 115
45 75
45 50
45 66
46 68
46 107
46 52
46 117
46 119
46 120
46 79
46 123
47 119
47 121
47 101
47 49
47 93
47 50
47 108
47 58
47 85
48 107
48 116
48 55
48 56
48 79
48 49
48 84
48 93
48 50
48 58
49 100
49 79
49 91
49 95
49 86
49 80
49 87
49 77
50 51
50 94
50 120
50 121
50 104
50 99
50 124
50 89
51 94
51 60
51 95
51 96
51 88
51 85
52 100
52 114
52 62
52 115
52 116
52 105
52 102
53 78
53 107
53 60
53 119
53 82
54 109
54 92
54 88
54 123
55 78
55 119
55 61
55 121
55 63
55 95
55 125
55 89
56 74
56 100
56 60
56 116
56 63
56 83
56 64
56 108
56 122
57 94
57 98
57 123
58 78
58 61
58 101
58 91
58 96
59 60
59 61
59 62
59 63
59 64
59 65
59 66
59 67
60 70
60 101
60 79
60 99
60 93
61 70
61 63
61 125
61 113
61 93
62 90
62 121
62 71
62 99
62 80
62 87
62 103
62 66
62 73
63 107
63 69
63 114
63 75
63 88
64 112
64 71
64 79
64 91
64 80
64 87
64 103
64 84
64 123
65 120
65 79
65 82
65 92
65 113
65 89
66 111
66 75
67 68
67 74
67 110
67 71
67 91
67 95
67 124
68 74
68 100
68 69
68 101
68 95
68 92
68 77
68 89
68 102
69 117
69 119
69 75
69 86
69 118
70 74
70 99
70 81
70 88
71 78
71 114
71 86
71 105
71 124
71 122
72 90
72 95
72 99
72 76
72 124
72 77
72 122
73 100
73 91
73 98
73 81
73 113
74 94
74 79
74 99
74 81
74 83
74 103
75 90
75 117
75 123
75 77
75 85
76 103
76 93
76 85
78 79
78 80
78 81
78 82
78 83
78 84
78 85
79 114
79 82
79 108
80 100
80 86
80 81
80 105
80 87
80 102
80 122
81 107
81 94
81 117
81 119
81 120
82 124
83 90
83 104
83 95
84 110
84 114
85 90
85 97
85 86
85 105
85 89
86 99
86 96
86 108
86 123
87 111
87 119
87 121
88 120
88 121
88 105
88 113
88 118
90 91
90 92
90 93
91 116
91 124
92 104
92 102
93 107
94 104
95 96
95 123
96 116
97 119
97 104
97 102
98 106
98 103
100 109
101 113
102 107
102 121
102 105
102 108
103 110
103 120
104 107
104 119
105 117
106 107
106 108
108 110
110 111
110 112
110 113
111 117
112 116
112 121
114 120
115 122
116 123
119 122
