0 1
0 2
0 3
0 4
0 5
0 6
0 7
0 8
0 9
0 10
0 11
0 12
1 53
1 15
1 16
1 5
1 54
1 55
1 56
1 57
1 58
1 59
1 20
1 60
1 42
1 61
1 45
2 14
2 16
2 36
2 75
2 90
2 20
2 88
2 11
2 21
2 42
2 12
3 33
3 53
3 78
3 103
3 27
3 50
3 106
3 66
3 107
3 8
3 30
3 108
3 21
3 60
3 72
3 96
4 32
4 82
4 83
4 91
4 116
4 64
4 105
4 52
4 18
4 59
4 76
4 94
4 43
4 97
5 77
5 47
5 25
5 101
5 124
5 105
5 6
5 80
5 90
5 7
5 19
5 10
5 100
5 88
6 33
6 82
6 83
6 55
6 51
6 39
6 120
6 112
6 108
6 58
6 72
6 97
7 82
7 109
7 119
7 49
7 50
7 55
7 56
7 76
7 95
7 111
8 84
8 106
8 55
8 79
8 17
8 81
8 30
8 20
8 100
8 11
8 12
8 61
9 86
9 102
9 124
9 54
9 37
9 125
9 84
9 107
9 68
9 112
9 100
9 40
9 31
10 64
10 105
10 18
10 95
10 61
11 50
11 121
11 118
11 61
12 15
12 114
12 43
12 118
12 45
12 97
13 14
13 15
13 16
13 17
13 18
13 19
13 20
13 21
13 22
14 82
14 53
14 101
14 48
14 52
14 112
14 40
14 89
14 94
14 44
15 102
15 103
15 54
15 105
15 29
15 57
15 108
15 20
15 100
15 76
15 21
15 115
16 62
16 109
16 35
16 104
16 84
16 106
16 67
16 80
16 114
16 89
16 31
16 60
17 73
17 77
17 86
17 109
17 74
17 119
17 56
17 18
17 108
17 76
17 31
17 60
17 42
17 85
17 44
18 77
18 47
18 35
18 103
18 48
18 113
18 68
18 40
18 123
18 42
18 121
18 96
19 73
19 91
19 86
19 78
19 87
19 25
19 124
19 99
19 38
19 50
19 75
19 81
19 30
19 88
19 31
19 94
19 71
20 25
20 36
20 37
20 79
20 59
20 114
20 22
21 24
21 91
21 86
21 35
21 74
21 36
21 101
21 64
21 48
21 105
21 38
21 106
21 100
21 41
21 123
22 35
22 101
22 48
22 39
22 30
22 121
22 111
22 43
23 24
23 25
23 26
23 27
23 28
23 29
23 30
23 31
24 91
24 86
24 47
24 78
24 35
24 48
24 26
24 92
24 52
24 93
24 94
24 95
24 71
24 96
24 97
25 53
25 103
25 119
25 92
25 38
25 113
25 69
25 57
25 81
25 115
26 91
26 34
26 74
26 119
26 92
26 29
26 60
26 95
27 86
27 35
27 119
27 99
27 117
27 67
27 30
27 59
27 76
27 45
28 78
28 109
28 35
28 122
28 48
28 124
28 50
28 55
28 113
28 80
28 107
28 57
28 112
28 93
28 41
28 42
28 111
28 71
28 43
28 118
28 97
29 35
29 38
29 66
29 68
29 81
29 121
29 44
30 33
30 74
30 55
30 57
30 70
30 100
30 76
30 42
30 43
31 86
31 35
31 102
31 48
31 54
31 119
31 75
31 76
31 60
31 111
31 115
32 33
32 34
32 35
32 36
32 37
32 38
32 39
32 40
32 41
32 42
32 43
32 44
32 45
33 62
33 35
33 63
33 64
33 65
33 66
33 67
33 68
33 69
33 70
33 71
33 61
33 72
34 101
34 38
34 90
34 68
34 59
34 94
35 73
35 63
35 117
35 65
35 70
35 72
35 45
36 73
36 48
36 37
36 81
36 70
36 60
36 121
36 96
37 46
37 74
37 103
37 56
37 59
37 60
37 96
38 109
38 116
38 49
38 51
38 90
38 39
38 69
38 112
38 93
38 76
38 42
38 95
39 122
39 125
39 84
39 79
39 51
39 68
39 69
39 108
39 93
39 100
39 123
39 121
39 96
39 97
40 47
40 116
40 110
40 54
40 105
40 125
40 117
40 65
40 55
40 100
40 88
40 121
40 85
41 73
41 86
41 62
41 67
41 114
41 76
41 121
41 111
41 61
41 72
42 82
42 87
42 68
42 112
42 89
42 71
42 43
42 96
42 45
43 53
43 74
43 54
43 119
43 66
43 95
43 45
44 77
44 110
44 66
44 72
44 45
45 64
45 52
45 112
45 72
46 47
46 48
46 49
46 50
46 51
46 52
47 109
47 87
47 74
47 103
47 110
47 54
47 55
47 69
47 111
48 83
48 109
48 102
48 103
48 104
48 99
48 55
48 72
48 96
49 62
49 124
49 79
49 113
49 51
49 90
49 57
50 74
50 90
50 57
50 94
51 91
51 109
51 116
51 79
51 66
51 80
51 81
51 123
52 62
52 63
52 110
52 117
52 56
52 70
52 100
52 60
52 94
53 91
53 98
53 62
53 104
53 65
53 113
53 68
53 108
53 114
53 95
54 62
54 67
54 80
54 68
54 76
54 89
55 83
55 86
55 101
55 99
55 84
55 56
55 68
55 81
55 88
55 121
55 71
55 96
56 59
56 72
56 96
57 124
57 105
57 106
57 89
57 61
58 91
58 92
58 84
58 88
58 121
59 90
59 70
60 78
60 116
60 64
60 114
61 101
61 124
61 105
61 67
61 81
61 114
61 71
62 86
62 74
62 103
62 117
62 106
62 66
62 113
62 95
62 85
62 115
63 64
63 67
64 82
64 83
64 91
64 109
64 125
64 70
64 88
64 71
64 118
65 86
65 122
65 84
65 120
65 112
66 122
66 99
66 121
66 96
66 97
67 119
67 75
67 90
67 94
68 109
68 103
68 69
68 70
68 114
68 85
69 77
69 86
69 116
69 104
69 79
69 107
69 112
69 93
69 71
69 115
70 82
70 122
70 79
70 80
70 112
70 115
71 82
71 83
71 102
71 124
71 117
71 75
71 113
71 111
72 117
72 108
73 74
73 75
73 76
74 82
74 101
74 104
74 119
74 99
74 84
74 94
75 91
75 122
75 116
75 79
75 81
75 93
76 117
76 100
76 88
76 114
77 78
77 79
77 80
77 81
78 83
78 86
78 95
78 85
78 118
78 115
79 102
79 80
79 97
80 103
80 119
80 117
80 90
80 95
81 103
81 104
81 119
81 113
82 83
82 84
82 85
83 86
83 87
83 88
83 89
84 122
84 102
84 110
84 108
84 95
85 86
85 107
85 114
85 97
86 102
86 103
86 104
86 105
86 93
87 114
87 121
87 115
88 98
88 119
88 113
88 108
89 104
89 105
89 115
90 91
90 102
90 99
90 94
90 121
91 98
91 99
91 100
92 102
92 105
92 112
92 94
92 96
93 103
93 108
93 118
93 115
94 103
94 113
94 115
95 122
95 105
95 112
95 111
95 97
96 102
96 125
97 102
97 104
98 106
98 107
99 122
100 101
100 104
100 113
100 121
101 109
101 103
101 117
101 106
102 124
102 106
103 105
103 108
103 123
104 124
104 123
105 116
105 125
106 116
106 110
106 117
107 109
108 110
109 119
109 120
111 120
111 114
112 125
112 117
112 113
112 118
113 124
114 125
116 124
117 122
119 124
120 125
121 124
122 123
123 125
