0 1
0 2
0 3
0 4
0 5
0 6
0 7
0 8
0 9
0 10
1 31
1 35
1 99
1 12
1 100
1 56
1 94
1 68
1 39
1 61
1 101
1 16
1 70
1 10
2 31
2 53
2 48
2 100
2 105
2 106
2 67
2 94
2 16
2 17
2 62
2 43
2 86
2 75
3 11
3 45
3 76
3 115
3 35
3 108
3 93
3 78
3 124
3 39
3 16
4 32
4 87
4 76
4 99
4 56
4 13
4 109
4 78
4 5
4 119
4 64
4 10
5 46
5 87
5 115
5 77
5 56
5 58
5 79
5 6
5 16
5 41
5 95
5 113
5 75
6 30
6 83
6 12
6 23
6 102
6 106
6 94
6 78
6 58
6 60
6 116
6 40
6 95
6 71
7 20
7 56
7 51
7 60
7 97
7 43
7 98
7 10
8 34
8 108
8 99
8 55
8 38
8 68
8 16
8 85
8 119
8 43
8 75
9 32
9 34
9 115
9 56
9 105
9 96
9 117
9 15
9 38
9 59
9 122
9 16
9 86
10 44
10 87
10 54
10 81
10 77
10 55
10 36
10 13
10 25
10 16
10 85
10 113
10 63
11 12
11 13
11 14
11 15
11 16
11 17
11 18
12 87
12 76
12 47
12 35
12 13
12 105
12 15
12 68
12 110
12 39
12 60
12 84
12 120
12 40
12 119
13 32
13 80
13 33
13 34
13 65
13 108
13 49
13 23
13 89
13 82
13 114
13 58
13 110
13 101
13 26
13 52
13 42
14 30
14 32
14 81
14 61
14 90
14 120
14 69
14 62
14 41
14 18
15 76
15 34
15 88
15 89
15 104
15 82
15 109
15 58
15 107
15 70
15 62
15 18
15 98
15 74
16 54
16 81
16 100
16 21
16 67
16 58
16 110
16 90
16 123
16 121
16 52
16 27
16 125
16 63
16 74
17 76
17 55
17 93
17 22
17 102
17 114
17 58
17 26
17 121
17 125
17 18
18 76
18 34
18 108
18 55
18 109
18 24
18 57
18 61
18 103
18 41
18 86
18 64
18 74
19 20
19 21
19 22
19 23
19 24
19 25
19 26
19 27
19 28
19 29
20 30
20 76
20 83
20 60
20 84
20 85
20 62
20 28
20 86
20 64
21 115
21 108
21 99
21 36
21 112
21 40
21 103
21 85
21 72
21 43
22 30
22 32
22 87
22 53
22 47
22 105
22 68
22 60
22 61
22 116
22 85
22 86
22 75
23 104
23 117
23 60
23 62
23 28
23 64
23 75
24 32
24 87
24 105
24 102
24 39
24 123
24 62
24 41
24 95
25 32
25 76
25 105
25 110
25 111
25 120
25 123
25 71
26 44
26 53
26 76
26 35
26 65
26 49
26 67
26 94
26 122
26 61
26 70
26 118
26 40
26 52
26 98
27 81
27 37
27 78
27 61
27 97
27 91
27 125
27 72
28 56
28 66
28 59
28 61
28 118
28 119
28 86
28 75
29 117
29 94
29 84
29 123
29 69
29 118
29 121
29 86
29 63
29 64
29 75
30 31
30 32
30 33
30 34
30 35
30 36
30 37
30 38
30 39
30 40
30 41
30 42
30 43
31 45
31 65
31 66
31 67
31 68
31 69
31 70
31 52
31 71
31 72
31 73
31 74
31 75
32 46
32 80
32 81
32 82
32 51
33 48
33 99
33 102
33 68
33 107
33 69
33 40
33 73
34 47
34 108
34 96
34 109
34 94
34 110
34 111
34 107
34 84
34 70
34 112
34 113
34 73
35 83
35 100
35 117
35 57
35 110
35 101
35 118
35 43
35 98
35 74
36 49
36 67
36 37
36 51
36 122
36 60
36 62
36 64
37 44
37 92
37 49
37 96
37 79
37 70
37 112
38 92
38 100
38 101
38 121
38 71
38 113
38 74
39 114
39 78
39 50
39 58
39 79
39 69
39 62
39 74
40 54
40 76
40 93
40 102
40 58
40 123
40 91
40 52
40 86
40 73
41 80
41 54
41 93
41 50
41 59
41 101
41 119
42 82
42 107
42 69
42 113
43 83
43 93
43 106
43 110
43 123
43 69
43 121
43 62
43 52
43 125
43 98
44 45
44 46
44 47
44 48
44 49
44 50
44 51
44 52
45 53
45 54
45 55
45 56
45 57
45 58
45 59
45 60
45 61
45 62
45 63
45 64
46 53
46 76
46 77
46 78
46 59
46 60
46 79
46 72
47 88
47 81
47 102
47 106
47 114
47 58
47 107
47 97
47 69
47 52
48 92
48 83
48 68
48 110
48 60
48 101
48 70
49 65
49 106
49 58
49 118
49 91
49 103
49 121
49 52
50 115
50 99
50 124
51 115
51 61
51 101
51 113
52 76
52 88
52 55
52 79
52 116
52 85
52 63
53 96
53 97
53 69
53 98
54 77
54 96
54 84
54 70
54 103
54 75
55 107
55 90
55 101
55 118
55 98
56 65
56 103
56 73
57 81
57 99
57 106
57 122
57 120
57 74
58 108
58 82
58 67
58 68
59 89
59 106
59 114
59 116
59 91
59 121
59 95
59 75
60 80
60 104
60 102
60 106
60 109
60 110
60 84
60 97
60 123
60 85
60 86
60 98
61 107
61 118
61 103
61 125
61 86
62 83
62 106
62 110
62 69
62 103
63 99
63 105
63 71
63 72
63 98
64 102
64 67
64 120
64 119
64 72
64 74
65 77
65 96
65 111
65 103
65 75
66 80
66 89
66 78
66 90
66 112
66 121
67 108
67 99
67 105
67 110
67 79
68 83
68 115
68 88
68 81
68 82
68 114
68 91
68 112
68 74
69 76
69 78
69 84
69 120
69 70
70 80
70 99
70 114
70 119
70 113
71 76
71 100
71 93
71 105
71 94
71 121
71 113
72 80
72 109
72 95
73 108
73 105
74 92
74 99
74 117
74 94
74 85
75 92
75 83
75 78
75 110
75 122
75 90
75 97
75 101
75 123
75 103
76 83
76 104
76 82
76 79
76 103
77 109
77 114
77 84
77 91
77 119
78 80
78 89
78 105
78 96
78 109
78 124
78 116
79 80
79 100
79 110
79 97
79 118
79 85
80 87
80 92
80 93
80 94
80 84
80 95
81 92
81 115
81 117
81 111
81 85
81 86
82 115
82 121
83 93
84 88
84 108
84 103
85 89
85 120
85 98
86 88
86 102
86 114
86 112
86 125
86 98
87 88
87 89
87 90
87 91
88 99
88 116
88 103
89 92
89 99
89 109
89 114
89 122
89 107
89 123
89 113
90 108
90 102
90 122
90 101
91 108
91 124
91 116
92 102
93 115
94 105
94 122
94 97
94 123
95 100
95 104
95 120
96 100
96 102
96 122
96 107
97 99
97 124
97 116
98 99
98 100
98 111
98 120
98 112
98 103
99 102
99 106
99 110
99 103
101 115
101 108
101 114
102 104
102 111
103 115
103 105
103 117
104 114
104 124
104 120
105 107
106 124
106 120
106 119
108 110
109 114
109 110
109 123
109 121
110 115
110 114
110 121
112 118
113 122
113 120
117 125
118 119
122 124
122 125
