0 1
0 2
0 3
0 4
0 5
0 6
0 7
0 8
0 9
0 10
0 11
0 12
1 66
1 82
1 83
1 84
1 62
1 39
1 25
1 35
1 40
1 85
1 86
1 46
1 87
1 72
1 88
1 89
1 49
2 15
2 74
2 82
2 104
2 97
2 75
2 19
2 112
2 8
2 113
2 9
2 91
2 57
2 11
3 96
3 75
3 99
3 122
3 34
3 35
3 85
3 20
3 36
3 64
3 115
3 9
3 71
3 29
3 101
4 50
4 60
4 97
4 105
4 99
4 39
4 76
4 120
4 35
4 125
4 78
4 86
4 46
4 71
4 94
5 61
5 25
5 40
5 42
5 86
5 72
5 57
5 10
5 49
6 59
6 66
6 24
6 70
6 107
6 109
6 112
6 8
6 43
6 47
6 90
6 56
6 22
6 58
6 49
7 16
7 75
7 19
7 44
7 102
7 123
8 105
8 17
8 112
8 54
8 95
8 56
8 31
8 12
8 52
9 96
9 67
9 38
9 105
9 77
9 86
9 21
9 47
9 55
9 57
9 81
9 123
10 15
10 105
10 117
10 109
10 51
10 43
10 44
10 46
10 98
10 100
10 22
10 12
10 52
11 32
11 66
11 15
11 84
11 117
11 122
11 19
11 20
11 125
11 108
11 71
11 30
11 58
11 81
12 96
12 104
12 75
12 62
12 124
12 106
12 35
12 27
12 28
12 36
12 79
12 93
12 72
12 89
12 48
12 58
13 14
13 15
13 16
13 17
13 18
13 19
13 20
13 21
13 22
14 32
14 25
14 27
14 53
14 54
14 55
14 56
14 57
14 48
14 58
14 31
15 23
15 59
15 66
15 74
15 75
15 33
15 76
15 18
15 34
15 77
15 20
15 78
15 79
15 80
15 48
15 81
16 50
16 92
16 68
16 76
16 46
16 93
16 94
16 95
16 72
16 22
16 58
16 49
17 24
17 38
17 75
17 84
17 25
17 28
17 115
17 86
17 102
18 37
18 24
18 69
18 76
18 112
18 90
18 88
18 49
19 82
19 104
19 83
19 75
19 62
19 77
19 63
19 86
19 46
19 95
19 121
19 58
19 31
19 116
20 32
20 104
20 70
20 76
20 40
20 125
20 43
20 113
20 115
20 98
20 72
20 56
20 101
20 48
20 58
20 31
20 52
21 59
21 104
21 75
21 122
21 28
21 42
21 44
21 56
21 89
21 22
22 50
22 70
22 54
22 57
22 30
22 48
22 110
23 24
23 25
23 26
23 27
23 28
23 29
23 30
23 31
24 60
24 75
24 33
24 77
24 44
24 90
24 91
24 73
25 97
25 33
25 28
25 80
26 105
26 109
26 63
26 108
26 103
26 91
26 102
26 110
27 82
27 84
27 62
27 53
27 45
27 86
27 54
27 102
27 111
27 81
28 68
28 76
28 35
28 112
28 108
28 45
28 86
28 47
28 80
28 111
28 52
29 32
29 61
29 39
29 70
29 40
29 36
29 42
29 125
29 103
29 47
29 90
29 87
29 65
29 57
29 73
30 105
30 40
30 112
30 125
30 115
30 119
30 123
31 74
31 51
31 108
31 94
31 57
31 58
31 52
32 33
32 34
32 35
32 36
33 37
33 96
33 118
33 35
33 43
33 114
33 45
33 103
33 94
33 90
33 56
33 110
33 111
33 49
34 92
34 69
34 75
34 62
34 124
34 77
34 36
34 42
34 115
34 55
34 56
34 57
34 111
34 116
35 38
35 39
35 77
35 42
35 103
35 88
35 89
35 119
35 116
36 83
36 62
36 78
36 121
36 119
36 52
37 38
37 39
37 40
37 41
37 42
37 43
37 44
37 45
37 46
37 47
37 48
37 49
38 62
38 106
38 108
38 103
38 98
38 71
38 55
38 81
39 66
39 74
39 67
39 68
39 84
39 76
39 122
39 51
39 98
39 56
39 100
39 89
39 52
39 73
40 118
40 70
40 125
40 43
40 90
40 55
40 102
40 111
40 81
41 120
41 109
41 85
41 125
41 43
41 53
41 115
41 111
42 59
42 75
42 107
42 43
42 53
42 45
42 101
42 65
43 66
43 74
43 44
43 86
43 56
44 50
44 120
44 125
45 62
45 117
45 122
45 78
45 86
45 47
45 91
45 111
45 123
46 50
46 60
46 77
46 71
46 72
46 80
46 48
46 52
46 49
47 66
47 96
47 105
47 63
47 64
47 108
47 86
47 55
47 101
47 111
47 73
47 49
48 60
48 69
48 109
48 87
48 55
48 80
48 65
48 123
48 73
49 92
49 84
49 99
49 124
49 120
49 51
49 115
49 86
49 54
49 55
49 100
49 65
49 52
50 51
50 52
51 77
51 108
51 79
51 89
52 75
52 61
52 99
52 109
52 108
52 86
52 94
52 100
52 73
53 99
53 85
54 96
54 92
54 70
54 77
54 108
54 119
55 82
55 69
55 73
56 70
56 78
56 86
56 72
56 91
56 102
57 60
57 105
57 117
57 76
57 85
57 108
57 94
57 111
58 74
58 68
58 124
58 87
59 60
59 61
59 62
59 63
59 64
59 65
60 62
60 77
60 103
60 72
60 81
61 96
61 82
61 69
61 75
61 76
61 86
62 105
62 84
62 99
62 117
62 80
62 101
62 119
63 92
63 83
63 70
63 77
63 86
63 72
63 123
63 116
64 66
64 74
64 76
64 107
64 77
64 95
64 72
64 110
64 119
65 82
65 118
65 79
65 72
65 80
66 67
66 68
66 69
66 70
66 71
66 72
66 73
67 69
67 94
68 83
68 107
68 114
68 113
68 115
68 88
68 116
69 115
69 98
69 80
69 73
70 123
71 112
71 94
71 72
71 121
72 87
72 100
72 81
73 105
73 95
73 80
73 89
73 116
74 82
74 92
75 76
75 85
75 103
75 101
75 111
76 120
76 77
76 103
76 90
76 121
77 105
77 125
77 90
77 100
78 92
78 83
78 99
78 120
78 108
79 99
79 108
79 88
79 116
80 96
80 114
80 123
81 92
81 94
82 99
82 87
82 100
82 88
82 101
82 102
83 109
83 86
83 110
83 111
84 96
84 104
84 89
85 92
85 118
85 107
86 103
86 95
87 106
87 112
87 108
87 113
87 103
87 94
87 119
88 97
88 105
89 125
89 95
89 101
89 102
90 107
90 121
90 110
90 123
91 117
91 107
91 108
91 93
91 121
91 110
91 111
91 123
92 103
92 94
93 97
93 124
93 106
93 114
93 111
94 96
94 97
94 98
95 96
95 99
95 117
95 112
95 102
96 97
96 98
97 103
98 118
98 116
99 120
99 121
99 116
100 122
101 106
101 113
101 110
101 119
102 118
102 120
102 103
104 105
104 106
104 107
104 108
105 117
105 106
105 109
106 118
107 112
108 112
109 112
109 121
110 116
111 124
112 124
112 125
112 115
114 124
114 122
114 125
115 118
116 125
116 121
117 121
117 119
