0 1
0 2
0 3
0 4
0 5
0 6
0 7
0 8
0 9
0 10
0 11
1 65
1 66
1 67
1 6
1 68
1 69
1 36
1 70
1 71
1 11
2 13
2 72
2 40
2 50
2 47
2 109
2 34
2 104
2 78
2 101
2 95
2 89
2 110
2 30
3 86
3 87
3 81
3 40
3 50
3 24
3 33
3 59
3 60
3 15
3 117
3 7
3 78
3 102
3 22
3 108
3 85
4 23
4 49
4 87
4 106
4 25
4 47
4 77
4 62
4 78
4 18
4 8
4 9
4 70
4 43
4 99
4 22
5 44
5 13
5 122
5 106
5 47
5 26
5 78
5 18
5 36
5 53
5 70
5 54
5 64
6 72
6 92
6 81
6 42
6 106
6 17
6 77
6 10
6 114
6 71
6 21
6 30
6 90
6 91
7 38
7 87
7 96
7 45
7 75
7 33
7 119
7 77
7 52
7 101
7 116
7 27
7 55
7 85
7 56
8 87
8 33
8 59
8 60
8 15
8 69
8 52
8 78
8 36
8 70
8 55
9 32
9 86
9 39
9 113
9 74
9 88
9 33
9 106
9 17
9 77
9 111
9 20
9 63
9 64
10 72
10 118
10 67
10 50
10 59
10 109
10 79
10 28
10 48
10 105
10 21
10 57
11 66
11 14
11 88
11 75
11 106
11 62
11 79
11 37
12 13
12 14
12 15
12 16
12 17
12 18
12 19
12 20
12 21
12 22
13 38
13 44
13 42
13 58
13 46
13 59
13 60
13 17
13 34
13 61
13 62
13 18
13 36
13 63
13 64
14 115
14 67
14 46
14 59
14 60
14 52
14 61
14 107
14 27
14 95
14 70
14 83
14 56
15 38
15 92
15 74
15 109
15 111
15 121
15 108
16 65
16 58
16 24
16 122
16 106
16 100
16 116
16 93
16 82
16 30
16 102
16 55
17 32
17 39
17 45
17 88
17 51
17 111
17 71
17 110
17 57
18 32
18 50
18 24
18 59
18 68
18 52
18 124
18 105
18 21
18 30
18 22
18 56
19 32
19 44
19 72
19 40
19 59
19 100
19 26
19 78
19 36
19 105
19 114
19 57
20 80
20 96
20 39
20 103
20 115
20 118
20 58
20 46
20 68
20 27
20 28
20 83
20 85
21 23
21 67
21 112
21 69
21 34
21 37
21 95
21 82
21 125
21 85
22 23
22 38
22 44
22 42
22 112
22 120
22 111
22 95
22 125
23 24
23 25
23 26
23 27
23 28
23 29
23 30
23 31
24 39
24 42
24 50
24 61
24 37
24 27
24 28
24 89
24 48
24 43
24 63
24 84
24 90
25 41
25 47
25 83
25 31
25 108
25 90
25 91
26 32
26 87
26 66
26 119
26 104
26 124
26 53
26 89
26 110
27 32
27 80
27 92
27 113
27 88
27 75
27 60
27 119
27 69
27 35
27 101
27 94
27 121
27 28
27 48
27 63
27 64
27 90
27 91
28 32
28 41
28 120
28 77
28 35
28 93
28 89
28 108
28 56
28 91
29 38
29 96
29 113
29 88
30 49
30 80
30 92
30 41
30 77
30 111
30 48
31 49
31 45
31 67
31 88
31 119
31 78
31 105
31 90
32 33
32 34
32 35
32 36
32 37
33 59
33 119
33 100
33 84
33 125
34 44
34 66
34 40
34 76
34 93
34 95
34 64
35 87
35 39
35 45
35 60
35 68
35 52
35 97
35 123
35 37
35 54
35 85
35 56
36 96
36 74
36 76
36 119
36 69
36 77
36 123
36 62
36 124
36 121
36 63
36 110
36 98
36 102
36 125
36 55
37 87
37 81
37 45
37 58
37 109
37 78
37 91
38 39
38 40
38 41
38 42
38 43
39 92
39 96
39 111
39 104
39 101
39 93
39 95
39 70
39 83
40 44
40 92
40 113
40 69
40 101
40 53
40 84
41 86
41 66
41 50
41 51
41 61
41 97
41 99
41 56
42 117
42 97
42 105
42 54
42 43
42 110
42 56
43 51
43 69
43 111
43 124
43 99
43 102
44 45
44 46
44 47
44 48
45 76
45 68
45 64
45 90
46 60
46 68
46 105
46 70
46 99
46 57
47 60
47 69
47 107
47 123
47 94
48 92
48 87
48 66
48 110
48 98
48 108
49 50
49 51
49 52
49 53
49 54
49 55
49 56
49 57
50 96
50 94
50 95
50 98
51 115
51 68
51 120
51 101
51 95
51 70
52 87
52 113
52 75
52 79
52 121
52 90
52 57
53 70
53 114
53 83
54 96
54 75
54 106
54 123
54 101
54 114
54 98
54 125
55 80
55 58
55 112
55 120
55 104
55 101
55 94
55 108
55 56
56 66
56 106
56 69
56 93
56 63
56 98
57 74
57 75
57 120
57 108
58 69
58 111
58 101
58 84
58 102
59 88
59 106
59 71
59 63
60 80
60 122
60 106
60 119
60 97
60 101
60 124
60 94
60 85
60 91
61 86
61 87
61 113
61 79
61 105
61 71
61 99
62 103
62 100
62 117
62 94
62 93
62 99
63 87
63 76
63 117
63 104
64 86
64 87
64 96
64 115
64 105
64 110
64 91
65 72
65 87
65 88
65 100
65 101
65 102
66 86
66 103
66 104
66 105
66 70
67 80
67 112
67 122
67 119
67 123
67 114
67 71
67 83
68 80
68 92
68 73
68 75
68 76
68 104
68 114
69 74
69 109
69 117
69 97
69 79
69 89
70 124
71 88
71 122
71 78
71 93
71 102
71 108
72 73
72 74
72 75
72 76
72 77
72 78
72 79
73 112
73 97
73 93
73 89
73 98
73 85
74 80
74 86
74 115
74 75
74 89
74 105
74 99
75 92
75 81
75 109
75 107
75 104
75 116
75 95
75 82
75 85
75 91
76 81
77 81
77 103
77 115
77 118
77 106
77 109
77 107
78 122
78 106
78 94
78 114
78 83
78 84
79 113
79 100
79 98
80 81
80 82
80 83
80 84
80 85
81 106
81 107
81 98
81 108
82 96
82 110
82 99
82 102
82 90
83 106
83 110
83 102
83 91
84 107
84 105
85 113
85 119
85 101
85 102
85 108
86 87
86 88
86 89
86 90
86 91
87 94
87 95
87 91
88 103
88 118
88 117
89 113
89 97
89 116
89 102
90 118
91 107
92 93
93 112
93 122
93 119
94 117
94 97
94 107
94 110
94 108
95 103
95 104
95 123
95 102
96 97
96 98
96 99
97 125
98 103
98 124
98 105
99 112
99 119
99 108
100 106
100 117
100 111
100 121
101 103
101 107
101 104
102 107
102 124
102 116
103 113
103 106
103 114
104 122
104 123
105 106
106 110
107 117
107 108
108 118
109 114
109 125
110 111
110 114
113 118
113 117
115 116
116 118
118 119
118 120
118 121
121 123
122 123
122 124
124 125
