0 1
0 2
0 3
0 4
0 5
0 6
0 7
0 8
0 9
0 10
0 11
1 39
1 15
1 41
1 58
1 104
1 22
1 81
1 34
1 90
2 13
2 15
2 56
2 99
2 17
2 64
2 7
2 69
2 97
2 98
2 104
2 105
2 23
2 119
2 106
3 13
3 96
3 19
3 97
3 80
3 85
3 81
3 60
4 71
4 99
4 17
4 32
4 18
4 58
4 21
4 93
4 122
5 48
5 39
5 96
5 102
5 115
5 19
5 58
5 69
5 20
5 87
5 43
5 66
5 98
5 81
5 60
5 61
6 27
6 101
6 16
6 18
6 103
6 19
6 69
6 8
6 59
6 98
6 104
6 33
6 45
6 23
6 47
6 124
6 77
6 107
7 29
7 40
7 57
7 37
8 56
8 99
8 123
8 118
8 97
8 104
8 117
8 107
9 62
9 95
9 110
9 49
9 16
9 97
9 108
9 53
9 34
10 110
10 41
10 16
10 118
10 63
10 113
10 58
10 59
10 104
10 105
10 22
10 81
10 93
10 106
10 26
10 107
11 27
11 39
11 62
11 111
11 32
11 63
11 112
11 79
11 33
11 116
11 81
11 25
12 13
12 14
12 15
12 16
12 17
12 18
12 19
12 20
12 21
12 22
12 23
12 24
12 25
12 26
13 71
13 15
13 49
13 72
13 73
13 74
13 65
13 75
13 67
13 76
13 25
13 77
14 29
14 82
14 83
14 32
14 73
14 84
14 43
14 85
14 25
14 37
15 82
15 16
15 102
15 114
15 115
15 31
15 73
15 65
15 85
15 116
15 46
15 47
15 117
15 106
15 77
15 68
15 36
16 62
16 40
16 83
16 120
16 114
16 31
16 103
16 73
16 64
16 98
16 67
16 104
16 70
17 48
17 28
17 82
17 50
17 125
17 75
17 105
17 53
17 47
17 94
17 35
18 55
18 32
18 64
18 112
18 44
18 25
18 37
19 39
19 28
19 101
19 50
19 115
19 32
19 73
19 86
19 84
19 42
19 92
19 67
19 104
19 46
19 100
19 81
19 117
19 34
20 27
20 101
20 102
20 118
20 70
20 60
20 68
21 50
21 72
21 51
21 86
21 65
21 92
21 25
21 61
21 36
22 38
22 55
22 113
22 69
22 87
22 75
22 67
22 76
22 90
22 36
23 54
23 30
23 56
23 51
23 32
23 103
23 69
23 87
23 42
23 33
23 53
23 89
23 68
23 37
24 54
24 29
24 30
24 51
24 115
24 69
24 74
24 109
24 85
24 67
24 34
24 94
24 77
24 36
25 96
25 87
25 88
25 122
25 106
25 26
25 107
26 48
26 41
26 59
26 75
26 119
26 124
26 35
27 28
27 29
27 30
27 31
27 32
27 33
27 34
27 35
27 36
27 37
28 39
28 69
28 59
28 70
28 47
28 60
29 50
29 51
29 78
29 79
29 80
29 42
29 45
29 81
30 40
30 86
30 87
30 88
30 89
30 90
31 96
31 110
31 41
31 99
31 72
31 93
32 40
32 41
32 56
32 115
32 74
32 76
32 35
33 91
33 55
33 96
33 59
33 42
33 85
33 98
33 119
33 60
33 61
34 55
34 111
34 87
34 46
34 93
34 124
34 106
34 61
35 55
35 101
35 40
35 99
35 50
35 112
35 79
35 84
35 52
35 42
35 75
35 70
35 46
35 53
35 100
35 68
36 48
36 56
36 87
36 98
36 67
36 44
36 88
36 76
36 47
37 62
37 69
37 43
37 85
37 76
38 39
38 40
38 41
38 42
38 43
38 44
38 45
38 46
38 47
39 62
39 63
39 64
39 65
39 66
39 67
39 68
40 96
40 120
40 44
40 46
40 76
41 55
41 101
41 82
41 56
41 73
41 87
41 117
41 61
41 77
42 56
42 123
42 72
42 78
42 57
42 69
42 43
42 98
42 108
42 88
42 89
42 119
42 60
42 68
43 55
43 62
43 83
43 50
43 72
43 74
43 125
43 70
43 117
43 94
44 95
44 101
44 83
44 79
44 100
44 94
44 121
45 48
45 55
45 101
45 66
45 104
45 76
45 93
45 121
46 82
46 102
46 79
46 69
46 53
46 100
46 47
46 60
46 124
46 106
47 48
47 111
47 93
47 90
48 49
48 50
48 51
48 52
48 53
49 62
49 118
49 109
49 119
50 56
50 120
50 115
50 112
50 80
50 66
50 108
50 88
50 122
51 56
51 63
51 103
51 69
51 65
51 105
51 106
52 62
52 72
52 57
52 103
52 73
52 85
52 66
52 119
52 106
52 121
53 55
53 123
53 102
53 113
53 125
53 60
53 61
53 90
53 121
54 55
54 56
54 57
54 58
54 59
54 60
54 61
55 95
55 96
55 72
55 69
55 97
55 98
55 61
56 71
56 73
56 84
56 74
56 85
56 105
56 108
56 70
56 100
56 89
56 94
56 121
57 82
57 72
57 84
57 74
57 98
57 116
57 124
57 94
57 68
57 90
58 125
58 92
58 70
58 76
58 117
58 89
58 93
59 111
59 120
59 102
59 73
59 69
59 75
59 77
60 95
60 78
60 63
60 112
60 87
60 85
60 67
60 70
60 94
61 111
61 64
61 116
61 94
61 77
62 82
62 69
62 67
63 91
63 99
63 123
63 102
63 113
63 109
63 104
63 107
64 91
64 101
64 110
64 111
64 99
64 78
64 103
64 97
64 109
64 66
64 105
64 70
64 122
65 80
65 104
66 111
66 118
66 112
66 74
66 76
66 93
67 120
67 87
67 98
67 105
67 122
67 94
67 77
68 95
68 120
68 73
68 97
68 104
68 81
68 117
68 122
69 111
69 105
69 70
70 83
70 87
70 104
70 105
70 90
71 99
71 86
71 97
71 80
72 91
72 95
72 82
72 86
72 100
73 96
73 99
73 86
73 97
73 87
73 88
73 119
74 123
74 102
74 78
74 86
74 108
74 77
75 116
75 81
75 124
76 102
76 79
76 97
76 85
76 81
76 122
77 120
77 100
77 106
78 81
78 93
78 121
79 99
79 115
79 92
79 85
79 116
80 123
80 84
80 125
80 105
80 121
81 120
81 93
82 109
82 85
82 93
82 94
83 98
83 104
83 119
83 107
84 96
84 110
84 99
84 105
85 123
85 114
85 86
85 92
85 119
87 120
87 105
87 119
87 93
87 124
88 122
89 96
89 111
89 118
89 105
90 111
90 99
90 100
90 107
91 92
91 93
91 94
92 99
92 102
92 118
92 109
92 104
93 96
93 113
93 97
94 113
94 116
94 122
94 106
95 100
96 101
96 108
97 115
97 125
97 109
97 124
98 101
98 109
98 104
98 100
99 106
99 121
101 102
101 103
101 104
101 105
101 106
101 107
102 109
102 121
103 125
104 108
104 119
105 114
105 116
106 113
106 112
107 111
107 108
109 115
109 117
110 111
110 112
111 113
112 123
113 124
115 119
116 123
116 118
117 123
118 121
119 123
119 125
119 121
