0 1
0 2
0 3
0 4
0 5
0 6
0 7
0 8
0 9
0 10
1 97
1 61
1 93
1 28
1 91
1 18
1 98
1 92
1 59
2 34
2 35
2 12
2 3
2 38
2 108
2 63
2 16
2 83
2 92
3 34
3 89
3 112
3 36
3 54
3 40
3 110
3 82
3 66
3 100
3 79
3 46
4 11
4 23
4 34
4 105
4 13
4 24
4 108
4 110
4 93
4 66
5 11
5 23
5 33
5 94
5 81
5 6
5 122
5 44
5 18
5 101
6 48
6 24
6 14
6 15
6 54
6 16
6 42
6 87
6 83
6 44
6 95
6 58
7 53
7 36
7 106
7 54
7 16
7 121
7 70
7 28
7 71
7 56
7 72
7 59
8 67
8 68
8 33
8 24
8 39
8 40
8 41
8 93
8 16
8 74
8 122
8 125
8 84
8 29
8 56
8 120
8 104
9 11
9 32
9 67
9 80
9 23
9 105
9 110
9 90
9 43
9 29
9 59
10 51
10 22
10 60
10 42
10 17
10 46
11 12
11 13
11 14
11 15
11 16
11 17
11 18
11 19
11 20
12 33
12 106
12 116
12 113
12 110
12 81
12 82
12 74
12 75
12 76
12 43
12 86
12 96
13 47
13 35
13 102
13 108
13 41
13 119
13 26
13 70
13 84
13 71
13 56
13 57
14 23
14 33
14 60
14 25
14 64
14 27
14 46
15 111
15 81
15 74
15 98
15 86
15 58
15 104
16 22
16 115
16 122
16 49
16 107
16 43
16 30
16 20
17 67
17 105
17 102
17 38
17 123
17 114
17 91
17 78
18 21
18 47
18 80
18 53
18 61
18 102
18 40
18 41
18 117
18 64
18 118
18 27
18 45
18 72
18 50
18 96
18 46
19 80
19 48
19 37
19 125
19 91
19 44
19 29
19 98
19 109
19 66
19 95
19 59
20 21
20 32
20 47
20 88
20 69
20 117
20 120
20 57
20 72
21 22
21 23
21 24
21 25
21 26
21 27
21 28
21 29
21 30
21 31
22 51
22 23
22 60
22 24
22 61
22 62
22 39
22 63
22 40
22 64
22 49
22 65
22 66
23 40
23 93
23 94
23 71
23 57
23 95
23 96
24 73
24 85
24 52
24 40
24 117
24 94
24 87
24 121
24 75
24 76
24 103
24 56
24 79
25 51
25 73
25 35
25 36
25 38
25 108
25 116
25 118
25 120
25 100
26 108
26 39
26 63
26 122
26 56
27 88
27 53
27 106
27 69
27 40
27 44
27 58
27 96
28 88
28 52
28 106
28 113
28 79
28 59
28 101
29 73
29 85
29 48
29 53
29 69
29 41
29 110
29 122
29 76
29 99
29 72
29 100
29 46
30 33
30 52
30 37
30 108
30 54
30 113
30 81
30 42
30 122
30 83
30 114
30 49
30 107
30 70
30 66
30 56
30 120
30 58
30 79
31 51
31 34
31 105
31 112
31 62
31 41
31 42
31 55
31 118
31 77
31 92
32 33
32 34
32 35
32 36
32 37
32 38
32 39
32 40
32 41
32 42
32 43
32 44
32 45
32 46
33 85
33 76
33 70
33 44
33 99
33 66
33 100
33 101
34 67
34 80
34 97
34 37
34 61
34 102
34 62
34 63
34 40
34 76
34 49
34 103
34 99
34 57
34 104
35 105
35 89
35 38
35 108
35 90
35 76
35 109
35 95
35 104
36 51
36 68
36 37
36 116
36 81
36 121
36 77
36 104
37 80
37 105
37 93
37 42
37 49
37 107
37 86
37 45
38 51
38 68
38 52
38 102
38 116
38 123
38 49
38 44
38 86
39 111
39 48
39 108
39 82
39 42
39 122
39 55
39 118
39 84
39 65
39 46
40 80
40 68
40 115
40 69
40 121
40 103
40 65
40 86
40 77
40 96
41 89
41 102
41 116
41 90
41 77
41 45
41 50
42 80
42 89
42 106
42 113
42 121
42 114
42 77
42 95
43 51
43 88
43 105
43 89
43 111
43 63
43 113
43 93
43 74
43 109
44 63
44 113
44 93
44 81
44 98
44 96
44 104
45 105
45 89
45 60
45 102
45 90
45 76
45 99
45 78
45 101
46 69
46 93
47 48
47 49
47 50
48 53
48 112
48 69
48 110
48 117
48 94
48 90
48 83
48 75
48 118
48 70
48 71
48 66
48 72
48 78
49 88
49 89
49 53
49 106
49 82
49 55
49 118
49 70
49 77
49 72
49 78
49 100
49 101
50 106
50 117
50 123
50 82
50 64
50 99
51 52
51 53
51 54
51 55
51 56
51 57
51 58
51 59
52 68
52 97
52 110
52 91
52 100
52 95
52 58
53 85
53 102
53 116
53 110
54 67
54 85
54 62
54 110
54 86
54 78
55 73
55 97
55 61
55 102
55 62
55 64
55 76
55 109
56 60
56 64
56 121
56 76
56 103
56 91
56 98
56 77
56 96
56 59
57 68
57 61
57 110
57 93
57 91
58 97
58 61
58 62
58 113
58 114
58 103
58 104
59 112
59 75
59 65
59 78
59 79
60 73
60 116
60 109
60 79
61 88
61 111
61 112
61 116
61 123
61 75
61 65
61 120
61 72
61 124
62 87
62 114
62 120
62 72
63 112
63 108
63 82
63 70
63 120
63 100
63 101
64 67
64 85
64 112
64 106
64 102
64 117
64 90
64 122
64 84
64 86
64 95
65 68
65 111
65 116
65 76
65 98
66 82
66 122
66 70
66 84
66 99
67 68
67 69
67 70
67 71
67 72
68 87
69 88
69 87
69 114
69 72
69 95
69 96
70 80
70 105
70 123
70 74
70 83
70 78
71 105
71 116
71 74
71 119
71 125
71 107
71 86
71 77
71 124
72 85
72 115
72 117
72 119
72 121
72 76
72 104
72 124
73 74
73 75
73 76
73 77
73 78
73 79
74 88
74 75
74 86
75 80
75 105
75 113
75 93
75 81
75 98
75 95
75 96
76 88
76 112
76 108
76 110
76 118
76 103
76 107
76 84
76 120
76 78
76 96
76 124
77 106
77 116
78 117
78 122
78 114
78 120
79 105
79 116
79 118
79 109
80 81
80 82
80 83
80 84
81 113
81 94
81 114
82 102
82 110
82 93
82 125
82 91
82 109
82 95
83 117
83 125
83 84
83 92
83 124
84 103
84 100
84 124
85 86
86 111
86 106
86 108
86 94
86 121
86 114
86 91
87 115
87 98
87 104
88 89
88 90
88 91
88 92
89 105
90 105
90 119
90 118
90 124
91 117
91 100
92 115
92 122
92 118
92 96
93 117
93 98
93 99
94 110
94 103
95 105
95 108
96 115
96 110
96 99
97 100
97 104
98 119
99 105
100 102
100 116
100 110
100 123
100 118
100 124
101 111
101 121
101 118
102 119
103 116
103 119
104 111
104 118
105 106
105 107
106 122
106 121
106 109
107 112
109 124
110 111
110 117
110 121
111 112
111 113
111 114
112 120
114 116
117 125
120 121
123 125
