0 1
0 2
0 3
0 4
0 5
0 6
0 7
0 8
0 9
0 10
0 11
0 12
0 13
0 14
0 15
0 16
1 17
1 18
1 19
1 20
1 21
1 22
1 23
1 24
1 25
1 12
1 26
1 27
1 28
1 29
2 46
2 74
2 17
2 71
2 76
2 77
2 78
2 79
2 32
2 5
2 21
2 80
2 60
2 81
2 28
2 29
3 46
3 40
3 48
3 106
3 110
3 85
3 43
3 122
3 108
4 71
4 72
4 118
4 92
4 80
4 65
4 23
4 104
4 44
4 27
4 38
5 39
5 76
5 110
5 59
5 116
5 26
5 107
5 15
5 113
5 28
6 40
6 33
6 42
6 58
6 93
6 13
6 117
6 87
6 67
6 29
7 63
7 76
7 85
7 102
7 88
7 112
8 39
8 89
8 32
8 80
8 37
8 98
8 25
8 93
8 13
8 100
8 29
9 46
9 41
9 49
9 35
9 80
9 117
9 87
9 125
9 122
9 111
9 95
10 17
10 77
10 20
10 82
10 83
10 81
10 27
10 88
10 95
11 31
11 90
11 103
11 22
11 36
11 65
11 84
11 93
11 61
12 46
12 74
12 71
12 77
12 79
12 40
12 72
12 48
12 49
12 23
12 104
12 58
12 51
12 45
12 26
12 87
12 102
12 88
12 123
12 38
12 95
13 77
13 101
13 78
13 94
13 91
13 72
13 49
13 83
13 37
13 14
13 125
13 27
13 88
13 112
14 74
14 17
14 33
14 41
14 106
14 115
14 23
14 121
14 44
14 124
14 107
14 68
14 27
14 28
15 55
15 18
15 89
15 47
15 32
15 33
15 103
15 34
15 96
15 97
15 65
15 23
15 58
15 50
15 116
15 54
15 87
15 67
15 99
15 113
15 95
15 69
16 74
16 71
16 78
16 47
16 115
16 119
16 43
16 123
16 38
16 112
17 55
17 56
17 82
17 83
17 36
17 58
17 84
17 24
17 85
17 86
17 87
17 81
17 67
17 68
17 88
18 77
18 78
18 94
18 23
18 50
18 85
18 59
18 54
18 81
18 88
18 95
19 77
19 78
19 40
19 57
19 115
19 43
19 86
19 107
19 81
20 46
20 63
20 89
20 33
20 103
20 50
20 59
20 116
20 86
20 88
20 108
20 100
21 39
21 90
21 72
21 33
21 75
21 25
21 124
21 117
21 107
21 105
21 113
21 29
22 55
22 91
22 75
22 53
22 117
22 100
22 69
23 31
23 47
23 103
23 106
23 65
23 67
23 125
23 68
23 108
24 39
24 46
24 94
24 79
24 40
24 41
24 49
24 115
24 73
24 44
24 45
24 107
24 81
24 125
24 123
24 112
25 39
25 89
25 56
25 48
25 96
25 75
25 119
25 51
25 111
25 100
25 95
26 63
26 91
26 48
26 36
26 53
26 105
27 39
27 55
27 63
27 78
27 31
27 47
27 103
27 49
27 75
27 97
27 84
27 117
28 74
28 56
28 103
28 92
28 97
28 35
28 66
28 37
28 116
28 69
29 76
29 101
29 41
29 48
29 65
29 52
29 54
30 31
30 32
30 33
30 34
30 35
30 36
30 37
30 38
31 76
31 79
31 64
31 57
31 52
31 44
31 45
31 38
32 91
32 116
32 54
32 117
32 108
33 39
33 90
33 49
33 80
34 62
34 74
34 47
34 119
34 95
35 46
35 76
35 77
35 41
35 57
35 82
35 73
35 50
35 44
36 62
36 77
36 72
36 49
36 82
36 115
36 107
36 87
36 68
36 100
37 40
37 72
37 41
37 49
37 82
37 110
37 104
37 44
37 45
37 125
37 61
37 123
38 89
38 103
38 68
38 100
39 40
39 41
39 42
39 43
39 44
39 45
40 55
40 47
40 91
40 92
40 114
40 67
40 113
41 46
41 74
41 90
41 56
41 92
41 53
41 98
41 116
41 86
41 114
41 67
41 61
42 77
42 78
42 79
42 59
42 93
42 107
42 99
43 90
43 64
43 83
43 58
43 51
43 53
43 116
44 47
44 75
44 58
44 86
44 87
44 108
45 62
45 71
45 76
45 77
45 47
45 79
45 48
45 103
45 92
45 106
45 96
45 97
45 59
45 100
45 95
46 47
46 48
46 49
46 50
46 51
46 52
46 53
46 54
47 77
47 85
47 111
47 112
48 118
48 97
48 84
48 119
48 51
48 52
48 59
48 60
49 71
49 101
49 92
49 65
49 58
49 51
49 52
49 87
49 88
49 95
50 70
50 75
50 66
50 52
50 93
50 107
51 90
51 57
51 80
51 59
51 102
51 111
51 88
52 72
52 65
52 66
52 60
52 88
52 123
52 100
52 113
53 96
53 119
53 86
53 111
54 64
54 96
54 105
54 100
54 69
55 56
55 57
55 58
55 59
55 60
55 61
56 74
56 84
56 67
56 95
57 63
57 89
57 90
57 93
57 88
57 113
58 74
58 90
58 82
58 115
58 66
58 85
58 123
59 63
59 79
59 73
59 119
59 98
59 93
59 116
59 81
59 68
59 105
60 103
60 64
60 92
60 75
60 73
60 104
60 86
60 125
61 94
61 75
61 110
61 111
61 113
62 63
62 64
62 65
62 66
62 67
62 68
62 69
63 70
63 82
63 85
63 86
64 90
64 92
64 96
64 66
64 86
64 87
65 71
65 104
65 84
65 124
65 67
65 102
65 111
66 79
66 120
66 115
66 83
66 102
66 122
66 111
67 77
67 109
67 120
67 123
67 69
68 72
68 118
68 82
68 117
68 81
68 125
68 105
68 108
69 76
69 109
69 118
69 73
69 117
69 102
69 100
70 71
70 72
70 73
71 89
71 77
71 90
71 91
71 92
71 93
72 90
72 97
72 114
73 76
73 90
73 91
73 120
73 103
73 92
73 75
73 83
73 110
73 98
73 107
73 100
74 75
75 79
75 82
75 115
75 99
75 113
76 96
76 97
76 98
76 99
76 100
77 91
77 103
77 82
77 83
77 104
77 81
77 105
77 99
78 94
78 97
78 93
78 107
78 108
79 96
79 83
79 93
79 102
79 108
79 113
80 90
80 121
80 116
80 117
80 100
80 112
81 124
81 117
81 107
81 122
82 101
82 92
82 96
82 114
83 94
83 120
83 106
83 107
83 111
83 112
84 98
84 108
84 100
85 92
85 104
85 86
85 117
85 105
86 120
86 103
86 115
86 107
86 102
86 122
87 104
87 119
87 102
87 123
87 100
88 121
88 123
89 101
89 93
89 102
90 99
91 115
91 93
91 108
92 115
92 104
92 95
93 120
93 118
93 121
93 125
93 105
93 111
93 112
94 109
94 96
94 110
94 104
94 105
94 95
95 106
95 116
96 115
96 119
96 98
96 123
96 112
97 99
97 112
98 109
98 118
98 106
98 124
99 125
99 122
99 123
99 100
99 112
100 115
101 106
101 104
102 103
102 112
103 106
104 114
105 118
105 123
106 116
108 109
108 117
109 114
109 113
110 113
110 112
113 122
116 123
117 123
118 121
121 124
