0 1
0 2
0 3
0 4
0 5
0 6
0 7
0 8
0 9
0 10
0 11
0 12
0 13
0 14
1 18
1 79
1 80
1 81
1 82
1 83
1 50
1 41
1 21
1 44
1 84
1 60
1 45
1 85
1 86
1 61
1 87
1 35
1 88
1 14
2 81
2 3
2 112
2 28
2 91
2 113
2 40
2 93
2 108
2 22
2 52
2 84
2 45
2 48
2 13
3 49
3 68
3 98
3 116
3 77
3 67
3 24
3 117
4 15
4 57
4 68
4 64
4 29
4 42
4 9
4 72
4 94
5 16
5 68
5 18
5 80
5 65
5 58
5 108
5 23
5 123
5 55
5 94
5 88
6 68
6 81
6 82
6 98
6 38
6 22
6 60
6 71
6 85
6 116
6 63
6 88
6 14
7 49
7 90
7 65
7 28
7 124
7 8
7 70
7 86
7 61
7 47
7 55
8 49
8 80
8 100
8 81
8 52
8 23
8 44
8 96
8 67
8 48
8 25
8 14
9 99
9 90
9 42
9 108
9 70
9 84
9 94
10 16
10 49
10 37
10 58
10 83
10 93
10 59
10 32
10 96
10 87
10 76
10 94
11 105
11 19
11 39
11 122
11 84
11 62
11 76
11 35
12 49
12 105
12 19
12 121
12 29
12 42
12 84
12 53
12 67
13 27
13 115
13 58
13 124
13 30
13 31
13 102
13 72
13 25
14 49
14 37
14 26
14 105
14 121
14 110
14 125
14 92
14 73
14 43
14 74
14 60
14 45
14 75
14 97
14 25
14 88
15 16
15 17
15 18
15 19
15 20
15 21
15 22
15 23
15 24
15 25
16 26
16 27
16 28
16 29
16 30
16 31
16 32
16 33
16 34
16 35
17 68
17 39
17 69
17 70
17 71
17 67
17 72
17 48
18 37
18 89
18 90
18 91
18 41
18 51
18 92
18 30
18 61
18 63
18 56
19 36
19 27
19 91
19 51
19 42
19 31
19 77
19 72
20 99
20 82
20 119
20 93
20 61
20 104
21 89
21 105
21 27
21 100
21 115
21 112
21 121
21 110
21 51
21 73
21 75
21 77
21 34
21 107
21 56
22 100
22 66
22 91
22 29
22 45
22 53
22 114
22 111
23 79
23 26
23 66
23 51
23 52
23 103
23 111
23 46
23 55
23 94
23 78
23 56
24 80
24 66
24 121
24 113
24 51
24 30
24 31
24 60
24 34
24 78
25 65
25 39
25 31
25 44
25 85
25 103
25 96
25 46
25 48
26 28
26 82
26 98
26 83
26 70
26 74
26 84
26 86
26 61
26 46
26 35
27 68
27 105
27 50
27 108
27 70
27 106
27 104
27 96
27 67
27 48
27 109
28 120
28 31
28 114
28 104
28 96
28 67
28 48
28 88
29 105
29 64
29 66
29 82
29 58
29 124
29 119
29 84
29 85
29 104
29 87
29 47
29 95
30 105
30 81
30 91
30 98
30 38
30 122
30 85
30 46
31 68
31 64
31 58
31 71
31 111
31 102
32 79
32 81
32 98
32 58
32 52
32 123
32 44
32 61
32 102
32 47
33 37
33 81
33 119
33 50
33 93
33 123
33 114
33 62
33 87
33 47
34 80
34 118
34 108
34 70
34 86
34 61
34 116
34 67
34 47
34 63
34 94
34 88
35 80
35 105
35 64
35 74
35 44
35 116
36 37
36 38
36 39
36 40
36 41
36 42
36 43
36 44
36 45
36 46
36 47
36 48
37 64
37 65
37 66
37 41
37 51
37 42
37 67
37 55
38 89
38 80
38 81
38 91
38 113
38 42
38 47
38 117
39 91
39 113
39 122
39 102
39 78
40 101
40 119
40 51
40 86
40 55
41 119
41 50
41 108
41 85
41 86
41 61
41 76
41 47
41 117
41 48
41 88
42 64
42 58
42 50
42 104
42 77
42 63
42 88
43 99
43 64
43 81
43 118
43 98
43 58
43 108
43 116
43 111
43 77
43 72
44 101
44 115
44 51
44 45
44 46
45 99
45 90
45 112
45 122
45 120
45 87
45 63
45 107
46 90
46 66
46 73
46 53
46 76
46 77
46 97
46 63
47 57
47 99
47 123
47 84
47 53
47 103
47 75
47 102
47 55
47 48
47 56
48 57
48 58
48 73
48 108
48 102
48 76
48 117
49 50
49 51
49 52
49 53
49 54
49 55
49 56
50 80
50 101
50 113
50 73
50 75
50 78
50 56
50 95
51 91
51 121
51 125
51 71
51 116
51 96
51 67
52 65
52 82
52 59
52 96
52 77
52 78
53 112
53 118
53 58
53 119
53 125
53 59
53 116
53 63
54 101
54 81
54 118
54 84
54 72
54 94
55 79
55 110
55 124
55 113
55 125
55 92
55 86
55 107
56 105
56 65
56 98
56 124
56 119
56 69
56 70
56 84
56 71
56 86
56 76
57 58
57 59
57 60
57 61
57 62
57 63
58 100
58 81
58 98
58 110
58 92
58 73
58 86
58 111
58 102
58 109
59 83
59 70
59 76
59 97
60 65
60 82
60 118
60 84
60 61
60 96
61 80
61 115
61 125
61 73
61 111
61 75
61 96
61 102
61 94
61 78
62 89
62 100
62 91
62 92
62 103
62 114
62 75
62 63
63 68
63 98
63 120
63 106
63 86
63 114
63 116
63 97
63 117
63 107
63 78
64 81
64 86
64 87
64 97
64 109
65 106
65 84
65 103
65 114
65 111
65 87
65 97
65 95
66 81
66 119
66 70
66 71
66 86
66 116
66 97
67 101
67 75
67 76
67 95
68 73
68 74
68 75
68 76
68 77
68 78
69 100
69 101
69 124
70 101
70 124
70 113
70 123
70 75
70 72
70 109
71 101
71 115
71 112
71 91
71 119
71 92
71 114
71 75
71 72
71 95
72 105
72 82
72 119
72 122
72 76
72 78
73 80
73 83
73 74
73 114
73 116
73 96
73 76
73 117
73 94
74 90
74 112
74 91
74 86
74 109
74 88
74 95
75 102
75 76
75 94
76 105
76 110
76 114
77 94
78 89
78 79
78 105
78 81
78 91
78 118
78 125
78 92
78 104
78 96
78 109
78 88
79 89
79 81
79 91
79 96
79 97
80 82
80 93
80 103
80 104
80 96
80 88
81 115
81 112
81 113
81 103
81 97
81 109
81 95
82 101
82 106
82 103
83 110
83 106
83 114
83 96
84 89
84 118
84 103
84 97
85 108
86 91
86 102
86 109
87 115
87 91
87 124
88 124
88 108
88 111
89 93
89 94
89 95
90 101
90 110
90 111
90 102
90 107
91 121
91 122
91 123
91 114
91 117
92 99
92 108
92 106
93 99
93 102
93 109
94 100
94 115
94 97
94 95
95 99
95 121
95 96
95 102
96 106
96 114
96 111
97 119
97 120
97 106
98 125
98 120
98 103
98 116
99 100
99 101
99 102
102 112
102 122
103 125
103 109
104 125
104 106
104 117
105 106
105 107
106 108
107 112
107 122
108 125
109 112
109 119
109 125
110 119
110 122
110 117
111 112
113 123
115 118
115 116
115 117
117 123
118 124
121 122
