0 1
0 2
0 3
0 4
0 5
0 6
0 7
0 8
0 9
0 10
0 11
0 12
0 13
0 14
0 15
0 16
0 17
0 18
0 19
1 38
1 22
1 51
1 42
1 81
1 93
1 52
1 54
1 69
1 99
1 100
2 20
2 26
2 27
2 28
2 117
2 30
2 119
2 33
2 108
2 70
2 71
3 38
3 22
3 25
3 120
3 52
3 57
3 58
3 65
3 76
3 15
3 108
3 46
3 59
3 36
4 40
4 84
4 67
4 63
4 68
4 45
4 82
4 71
4 91
5 84
5 79
5 67
5 85
5 51
5 28
5 87
5 31
5 93
5 52
5 53
5 96
5 123
5 15
6 67
6 85
6 74
6 87
6 105
6 106
6 53
6 82
6 64
6 46
6 35
6 114
7 61
7 49
7 94
7 67
7 120
7 73
7 122
7 125
7 43
7 93
7 63
7 9
7 33
7 89
7 58
7 103
7 59
8 61
8 22
8 23
8 113
8 67
8 122
8 92
8 96
8 107
8 56
8 57
8 15
8 35
8 36
9 38
9 84
9 49
9 23
9 116
9 101
9 117
9 124
9 63
9 96
9 82
9 33
9 59
9 77
10 24
10 120
10 87
10 30
10 81
10 11
10 71
10 17
10 114
11 50
11 29
11 42
11 44
11 14
11 108
11 112
11 36
12 73
12 122
12 27
12 28
12 124
12 81
12 107
12 65
12 59
12 34
12 35
13 22
13 84
13 67
13 95
13 124
13 93
13 78
14 39
14 95
14 28
14 110
14 119
14 63
14 64
14 65
14 15
14 90
14 59
14 17
14 77
14 100
15 49
15 51
15 29
15 106
15 81
15 54
15 123
15 44
15 69
15 70
15 112
15 34
15 35
16 38
16 24
16 67
16 80
16 81
16 52
16 63
16 54
16 115
16 44
16 33
16 58
16 99
16 72
16 100
17 38
17 26
17 51
17 121
17 52
17 82
17 58
17 69
17 76
17 108
17 48
17 36
18 85
18 51
18 117
18 30
18 81
18 119
18 53
18 58
18 69
18 46
18 19
19 25
19 26
19 28
19 29
19 106
19 68
19 71
19 111
19 35
20 21
20 22
20 23
20 24
20 25
20 26
20 27
20 28
20 29
20 30
20 31
20 32
20 33
20 34
20 35
20 36
20 37
21 49
21 50
21 26
21 51
21 31
21 52
21 53
21 54
21 55
21 56
21 57
21 58
21 59
21 60
22 40
22 73
22 74
22 75
22 68
22 64
22 56
22 76
22 77
22 47
22 78
23 41
23 50
23 95
23 28
23 109
23 75
23 110
23 33
23 111
24 40
24 94
24 97
24 65
24 108
24 90
24 112
25 104
25 50
25 80
25 87
25 109
25 92
25 62
25 115
25 97
25 58
25 103
25 71
25 48
25 66
25 100
26 84
26 50
26 105
26 68
26 64
26 112
26 91
26 46
27 42
27 105
27 118
27 110
27 52
27 59
28 79
28 67
28 75
28 118
28 119
28 55
28 45
28 56
28 59
28 111
29 109
29 101
29 75
29 62
29 110
29 31
29 56
29 103
29 46
29 77
29 48
30 61
30 39
30 120
30 73
30 42
30 121
30 110
30 107
30 57
30 89
30 48
30 78
30 34
30 111
30 36
31 113
31 80
31 101
31 117
31 124
31 110
31 45
31 91
31 37
32 85
32 92
32 75
32 119
32 93
32 57
32 76
32 103
32 46
33 39
33 94
33 50
33 80
33 86
33 103
33 77
33 47
33 114
33 37
34 39
34 94
34 80
34 87
34 92
34 117
34 115
34 97
34 45
34 103
34 70
34 59
34 114
35 84
35 49
35 105
35 62
35 44
35 64
35 58
35 65
35 76
35 108
35 91
35 37
36 118
36 125
36 124
36 88
36 102
36 65
36 99
36 90
36 37
37 104
37 122
37 42
37 97
37 76
37 71
37 48
37 78
37 72
38 39
38 40
38 41
38 42
38 43
38 44
38 45
38 46
38 47
38 48
39 67
39 68
39 69
39 70
39 71
39 72
40 41
40 79
40 80
40 51
40 81
40 68
40 55
40 82
40 83
40 58
41 49
41 92
41 93
41 53
41 56
41 58
41 70
41 46
42 87
42 105
42 68
42 98
43 94
43 52
43 63
43 55
43 88
43 83
43 65
43 69
43 71
43 111
44 95
44 106
44 62
44 68
44 103
45 49
45 67
45 50
45 51
45 75
45 121
45 117
45 119
45 115
45 97
45 83
45 76
46 94
46 80
46 110
46 96
46 90
46 112
47 79
47 54
47 98
47 114
48 49
48 104
48 113
48 124
48 76
49 94
49 95
49 93
49 68
49 53
49 96
49 97
49 98
49 91
50 106
50 75
50 121
50 93
50 99
50 111
51 104
51 73
51 87
51 62
51 118
51 103
52 104
52 80
52 87
52 117
52 124
52 96
52 102
52 78
53 61
53 74
53 118
53 111
53 100
54 94
54 116
54 110
55 113
55 86
55 109
55 105
55 96
55 97
55 56
55 70
56 61
56 67
56 85
56 106
56 93
56 114
57 116
57 73
57 109
57 112
57 66
58 113
58 105
58 65
59 87
59 124
59 110
59 89
59 91
60 120
60 80
60 87
60 115
60 89
61 62
61 63
61 64
61 65
61 66
62 120
62 92
62 72
62 114
62 100
63 95
63 98
63 90
64 79
64 80
64 86
64 109
64 68
64 115
64 112
64 111
64 66
65 92
65 121
65 108
65 71
65 91
66 82
66 69
66 99
67 80
67 109
67 118
67 110
67 68
67 102
67 76
67 72
68 122
68 87
68 118
68 97
68 123
69 82
69 89
70 104
70 80
70 74
70 109
70 101
70 97
70 82
70 98
70 99
70 90
71 120
71 106
71 124
71 89
71 90
72 80
72 88
73 79
73 104
73 94
73 80
73 118
73 98
73 112
73 111
74 94
74 95
74 106
74 93
74 96
74 82
74 83
74 99
74 108
74 90
74 77
75 120
75 105
76 84
76 94
76 105
76 121
76 110
76 97
76 91
77 104
77 110
77 90
78 106
79 86
79 101
79 102
79 83
79 103
80 121
80 123
81 95
81 87
81 101
81 110
81 115
82 86
82 87
82 101
82 97
82 103
82 90
83 122
84 85
84 86
84 87
84 88
84 89
84 90
84 91
85 116
85 110
85 89
85 91
87 105
87 91
87 114
88 101
88 110
88 93
88 96
89 119
89 123
89 114
90 122
90 95
91 92
91 96
92 113
92 115
93 109
93 105
94 96
95 123
95 103
96 103
96 111
96 114
97 123
97 107
97 103
97 108
98 122
98 109
98 114
99 106
99 124
99 102
101 117
101 119
102 109
102 117
102 115
103 117
104 105
104 106
104 107
104 108
105 116
105 109
105 107
106 113
106 124
107 121
107 124
108 116
108 109
109 122
109 121
109 124
109 115
109 114
110 125
110 123
111 123
111 112
113 114
114 115
115 122
115 123
116 117
118 119
119 125
121 122
124 125
