0 1
0 2
0 3
0 4
0 5
0 6
0 7
0 8
0 9
1 56
1 3
1 96
1 97
1 15
1 51
1 98
1 88
1 18
1 99
2 22
2 35
2 100
2 108
2 14
2 15
2 40
2 16
2 43
2 46
3 96
3 111
3 64
3 4
3 112
3 98
3 29
3 81
3 54
3 73
3 105
4 61
4 23
4 104
4 101
4 69
4 5
4 119
4 40
4 41
4 90
5 22
5 35
5 56
5 110
5 118
5 77
5 26
5 14
5 119
5 88
5 81
5 71
5 43
6 10
6 56
6 83
6 58
6 85
6 86
6 63
6 118
6 112
6 41
6 42
7 48
7 96
7 84
7 118
7 70
7 37
7 72
7 92
8 23
8 104
8 70
8 88
8 19
8 41
8 42
8 43
8 53
8 20
9 56
9 11
9 36
9 23
9 57
9 116
9 71
9 92
9 20
9 105
10 11
10 12
10 13
10 14
10 15
10 16
10 17
10 18
10 19
10 20
10 21
11 35
11 74
11 85
11 86
11 76
11 50
11 38
11 87
11 16
11 88
11 81
11 89
11 90
11 65
11 82
12 34
12 100
12 62
12 101
12 68
12 102
12 38
12 15
12 32
12 65
12 103
12 33
13 34
13 56
13 49
13 100
13 85
13 111
13 24
13 63
13 38
13 78
13 17
13 81
13 42
13 43
13 90
13 121
14 87
14 16
14 46
14 33
15 23
15 57
15 75
15 101
15 110
15 63
15 78
15 109
15 53
15 20
15 106
16 58
16 62
16 52
16 81
16 72
16 73
16 93
16 47
16 105
16 120
16 33
16 94
17 35
17 83
17 36
17 104
17 68
17 102
17 116
17 25
17 79
17 88
17 19
17 80
17 20
17 93
17 114
18 22
18 61
18 111
18 59
18 116
18 50
18 119
18 79
18 72
18 90
18 47
18 82
19 91
19 122
19 111
19 110
19 76
19 29
19 30
19 90
19 65
19 105
20 48
20 100
20 104
20 75
20 117
20 64
20 28
20 92
20 65
20 46
21 66
21 57
21 101
21 76
21 50
21 119
22 23
22 24
22 25
22 26
22 27
22 28
22 29
22 30
22 31
22 32
22 33
23 59
23 63
23 25
23 97
23 26
23 39
23 98
23 109
23 80
23 43
23 31
23 32
23 47
23 33
24 61
24 83
24 86
24 96
24 118
24 79
24 29
24 95
24 43
24 92
24 44
24 65
25 34
25 36
25 104
25 85
25 86
25 96
25 101
25 68
25 69
25 110
25 39
25 109
25 42
25 72
25 47
25 105
26 68
26 70
26 37
26 97
26 43
26 115
26 106
26 94
27 55
27 61
27 58
27 62
27 86
27 68
27 110
27 118
27 112
27 43
27 45
27 46
28 55
28 61
28 36
28 67
28 118
28 40
28 98
28 41
28 43
28 45
29 86
29 87
29 43
29 31
30 34
30 69
30 97
30 51
30 88
30 43
30 115
30 120
31 83
31 108
31 75
31 67
31 109
31 115
31 82
32 104
32 75
32 86
32 111
32 97
32 95
32 53
32 90
32 45
32 46
32 107
33 55
33 66
33 56
33 36
33 96
33 67
33 91
33 122
33 68
33 111
33 113
33 71
33 121
33 47
33 106
33 82
34 35
34 36
34 37
34 38
34 39
34 40
34 41
34 42
34 43
34 44
34 45
34 46
34 47
35 48
35 49
35 50
35 51
35 52
35 53
35 54
36 74
36 57
36 100
36 62
36 101
36 78
36 87
36 98
36 79
36 43
37 57
37 111
37 70
37 90
37 103
37 120
37 82
38 61
38 83
38 86
38 110
38 118
38 78
38 98
38 124
38 71
38 44
38 46
38 114
38 106
39 61
39 57
39 86
39 84
39 68
39 111
39 63
39 77
39 60
39 125
39 119
39 79
39 41
40 66
40 85
40 117
40 67
40 77
40 50
40 98
40 43
41 74
41 84
41 59
41 78
41 109
41 113
41 89
41 65
41 120
42 57
42 122
42 123
42 54
42 114
42 107
42 82
43 61
43 48
43 68
43 102
43 63
43 112
43 98
43 124
43 71
43 73
43 120
43 82
44 48
44 63
44 88
44 46
45 55
45 83
45 100
45 85
45 108
45 122
45 102
45 110
45 109
45 113
45 105
45 82
46 49
46 57
46 108
46 96
46 68
46 123
46 50
46 51
46 54
47 83
47 116
47 98
47 95
47 124
47 99
47 93
48 83
48 84
48 51
48 79
48 80
49 61
49 104
49 69
49 76
49 88
49 105
49 106
49 107
50 104
50 77
50 60
50 51
50 87
50 124
50 92
50 107
51 61
51 66
51 57
51 64
51 118
51 123
51 105
52 83
52 69
52 70
52 97
52 121
53 83
53 85
53 96
53 102
53 69
53 60
53 97
53 81
53 89
53 105
53 107
54 96
54 67
54 84
54 122
54 110
54 77
54 70
54 92
54 103
55 56
55 57
55 58
55 59
55 60
56 66
56 74
56 75
56 69
56 76
56 77
56 78
56 79
56 80
56 81
56 82
57 58
57 108
57 96
57 67
57 110
57 109
57 93
58 67
58 59
58 95
58 89
58 65
58 115
59 102
59 110
59 60
59 88
59 81
59 71
59 103
60 85
60 75
60 117
60 122
60 63
60 78
60 98
60 81
60 89
61 62
61 63
61 64
61 65
62 104
62 110
62 71
63 100
63 108
63 117
63 118
63 76
63 71
63 90
63 94
64 104
64 77
64 88
64 80
64 124
64 121
64 73
64 94
64 107
65 86
65 69
65 99
66 67
66 68
66 69
66 70
66 71
66 72
66 73
67 87
67 89
67 115
67 120
68 100
68 101
68 122
68 111
68 109
68 95
68 73
68 106
69 117
69 111
69 87
69 72
69 92
69 121
70 74
70 90
70 73
71 85
71 101
71 84
71 92
72 75
72 118
72 119
72 121
72 73
73 110
73 97
73 112
73 79
74 91
74 76
74 87
74 88
74 92
74 93
74 94
75 106
76 117
76 96
76 116
77 83
77 85
77 78
77 87
77 103
77 93
78 103
79 104
79 85
79 124
79 82
80 83
80 110
80 95
81 91
81 90
81 99
82 117
82 110
82 119
82 98
82 95
82 113
82 121
82 105
83 85
83 86
83 84
83 95
83 89
84 108
84 96
84 118
84 95
84 121
84 105
85 102
85 88
85 95
85 113
85 105
85 114
85 106
86 117
86 101
86 111
86 102
86 119
86 98
86 88
86 109
86 89
87 108
87 91
87 110
87 116
87 97
87 109
87 113
87 99
87 103
88 104
88 122
88 98
88 90
89 125
89 121
89 99
89 105
89 94
90 108
90 96
90 124
91 111
91 98
91 92
92 117
92 101
92 122
92 120
93 104
93 108
93 114
93 106
93 94
94 100
94 96
94 101
94 123
94 103
94 115
95 122
95 111
95 109
97 100
97 101
97 102
98 113
98 106
99 123
99 119
99 103
100 113
100 114
100 107
101 112
102 111
102 123
103 122
103 106
104 111
104 116
104 115
105 117
105 111
105 110
106 122
106 118
106 124
106 114
107 120
108 117
108 118
108 115
109 117
109 125
110 120
111 121
112 117
112 120
114 115
114 120
115 118
115 121
118 123
120 125
120 121
123 125
