0 1
0 2
0 3
0 4
0 5
0 6
0 7
0 8
1 10
1 63
1 54
1 71
1 97
1 31
1 86
1 15
1 34
1 99
1 59
1 103
1 91
2 23
2 4
2 67
2 75
2 51
2 120
2 21
2 115
3 30
3 63
3 71
3 45
3 13
3 80
3 47
3 35
3 36
3 19
3 94
3 59
3 6
3 62
3 83
3 78
4 32
4 29
4 100
4 119
4 108
4 120
4 124
4 43
4 8
5 63
5 111
5 98
5 48
5 56
5 123
5 105
5 100
5 36
5 18
5 82
5 39
5 40
5 51
5 60
5 6
5 109
5 22
6 9
6 23
6 24
6 53
6 92
6 110
6 97
6 55
6 102
6 29
6 35
6 67
6 17
6 89
6 81
6 37
6 103
6 76
6 117
7 15
7 47
7 49
7 67
7 100
7 68
7 51
7 90
7 77
8 53
8 84
8 25
8 26
8 47
8 35
8 75
8 38
8 40
8 76
8 61
8 115
9 10
9 11
9 12
9 13
9 14
9 15
9 16
9 17
9 18
9 19
9 20
9 21
9 22
10 44
10 45
10 14
10 46
10 47
10 48
10 49
10 36
10 50
10 51
10 52
11 70
11 102
11 106
11 107
11 108
11 52
11 42
11 109
12 28
12 55
12 102
12 87
12 116
12 112
12 108
13 45
13 46
13 48
13 17
13 57
13 82
13 99
13 120
13 124
13 21
13 77
13 78
14 54
14 64
14 45
14 65
14 33
14 35
14 18
14 125
14 39
14 51
14 103
15 102
15 66
15 119
15 99
15 68
15 90
15 61
16 44
16 65
16 97
16 93
16 75
16 82
16 42
16 90
16 22
16 113
17 23
17 64
17 71
17 55
17 29
17 105
17 116
17 100
17 21
18 45
18 65
18 118
18 82
18 69
18 43
19 28
19 85
19 122
19 114
19 74
19 48
19 116
19 119
19 89
19 37
19 112
19 69
19 96
20 28
20 65
20 79
20 121
20 111
20 118
20 66
20 120
21 26
21 64
21 71
21 72
21 66
21 74
21 106
21 49
21 89
21 81
21 82
21 40
21 91
21 43
21 83
21 113
22 88
22 105
22 107
22 38
22 59
22 115
23 24
23 25
23 26
23 27
23 28
23 29
24 53
24 25
24 54
24 27
24 55
24 56
24 35
24 57
24 58
24 59
24 60
24 61
24 62
24 43
25 84
25 97
25 32
25 46
25 98
25 80
25 67
25 36
25 99
25 40
25 52
25 42
25 43
26 74
26 100
26 51
26 101
26 91
27 85
27 80
27 48
27 116
27 36
27 99
27 59
27 117
27 62
27 83
28 63
28 93
28 86
28 35
28 41
29 93
29 114
29 80
29 56
29 52
29 42
29 96
29 77
30 31
30 32
30 33
30 34
30 35
30 36
30 37
30 38
30 39
30 40
30 41
30 42
30 43
31 70
31 84
31 92
31 32
31 48
31 49
31 107
31 50
31 112
31 42
31 120
31 124
31 96
32 53
32 84
32 88
32 86
32 73
32 87
32 35
32 123
32 105
32 116
32 100
32 82
32 68
32 76
32 117
32 96
33 54
33 116
33 107
33 82
33 95
33 113
34 84
34 97
34 73
34 67
34 116
34 68
34 69
35 88
35 46
35 106
35 50
35 108
35 109
35 96
36 84
36 85
36 74
36 48
36 67
36 116
36 37
36 103
36 117
36 109
36 78
37 44
37 65
37 97
37 55
37 74
37 119
37 99
37 52
37 78
38 70
38 84
38 121
38 81
38 125
38 82
38 108
38 42
38 77
39 70
39 45
39 111
39 46
39 49
39 67
39 40
39 90
39 113
40 53
40 88
40 98
40 102
40 73
40 87
40 59
40 124
40 96
40 77
41 110
41 122
41 118
41 49
41 89
41 107
41 125
41 99
41 52
41 103
41 69
41 120
42 53
42 88
42 71
42 72
42 111
42 57
42 95
43 45
43 55
43 74
43 75
43 91
43 117
44 63
44 84
44 97
44 49
44 89
44 51
44 90
44 96
45 70
45 53
45 88
45 114
45 73
45 107
45 58
45 115
46 72
46 98
46 80
46 74
46 75
46 58
46 78
47 64
47 72
47 98
47 104
47 80
47 106
47 116
47 125
47 101
47 52
48 88
48 121
48 111
48 55
48 100
48 60
48 90
48 83
49 71
49 98
49 66
49 56
49 123
49 82
49 76
49 61
49 78
50 110
50 111
50 86
50 73
50 74
50 75
50 59
50 51
50 101
51 70
51 93
51 87
51 67
51 119
51 82
51 69
51 120
52 64
52 80
52 105
52 116
52 100
52 89
52 95
52 62
53 72
53 79
53 80
53 67
53 81
53 82
53 61
53 83
54 64
54 80
54 102
54 66
55 118
55 106
55 89
55 107
55 81
55 68
55 60
55 103
55 91
55 113
56 84
56 122
56 104
56 118
56 102
56 105
56 89
56 107
56 108
56 90
56 77
57 82
57 112
58 70
58 93
58 114
58 123
58 125
58 83
59 122
59 114
59 104
59 66
59 87
59 89
59 109
60 84
60 85
60 87
60 99
60 103
60 69
60 109
60 62
61 85
61 66
61 67
61 107
61 125
62 71
62 89
62 107
62 82
62 99
62 108
62 124
62 117
63 64
63 65
63 66
63 67
63 68
63 69
64 72
64 85
64 104
64 73
64 105
64 89
64 82
64 103
65 110
65 118
65 73
65 74
65 94
65 103
65 91
65 78
66 72
66 90
66 117
66 109
67 79
67 114
67 87
67 74
67 94
67 95
68 88
68 90
68 115
68 78
69 92
69 121
69 106
69 76
69 90
70 71
70 72
70 73
70 74
70 75
70 76
70 77
70 78
71 111
71 98
71 94
71 112
71 108
71 90
71 109
71 113
72 92
72 99
72 108
72 83
73 121
73 111
73 104
73 118
73 102
73 112
73 83
74 89
75 92
75 93
75 98
75 104
75 118
75 120
76 102
76 87
76 120
77 85
77 87
77 82
77 103
77 109
78 92
78 104
78 87
78 119
78 89
78 107
78 124
79 119
79 107
79 108
79 120
80 88
80 92
80 98
80 100
80 89
80 112
80 90
80 91
80 115
81 123
81 125
81 109
82 87
82 123
82 103
82 90
82 96
83 93
83 114
84 85
84 86
84 87
85 114
86 92
86 105
86 107
86 103
86 109
86 113
87 114
87 123
87 107
87 117
88 89
88 90
88 91
89 116
89 101
90 124
90 109
91 123
91 119
92 93
92 94
92 95
92 96
93 122
93 105
93 120
93 117
93 96
94 110
94 106
94 125
94 124
95 107
95 109
96 102
96 101
97 122
97 101
97 120
98 104
98 118
98 123
98 124
98 115
99 110
99 100
99 112
100 102
100 116
100 117
100 109
101 111
101 125
101 115
102 114
102 117
103 111
104 122
105 116
105 113
107 124
108 111
108 109
109 111
109 114
109 123
110 111
111 120
111 113
112 121
114 125
114 115
115 122
115 116
120 121
122 123
