0 1
0 2
0 3
0 4
0 5
0 6
0 7
0 8
0 9
0 10
0 11
0 12
0 13
1 75
1 19
1 44
1 52
2 26
2 72
2 76
2 19
2 20
2 83
2 59
2 84
2 33
2 68
2 51
2 53
2 85
2 35
3 86
3 42
3 18
3 84
3 79
3 103
3 8
3 23
3 62
3 100
4 87
4 96
4 124
4 89
4 30
4 111
4 6
4 98
4 125
4 80
4 81
4 8
4 63
5 27
5 86
5 16
5 122
5 97
5 44
5 20
5 50
5 81
5 52
5 53
5 74
5 61
5 13
5 54
6 30
6 123
6 102
6 58
6 111
6 59
6 33
6 53
6 35
6 37
6 109
6 100
7 26
7 64
7 76
7 87
7 97
7 117
7 29
7 123
7 21
7 84
7 8
7 91
7 85
7 121
7 109
8 64
8 55
8 19
8 44
8 81
8 53
8 109
8 94
8 119
8 39
9 72
9 17
9 28
9 48
9 118
9 125
9 49
9 10
9 85
9 74
9 108
9 24
9 82
9 109
9 104
9 62
10 86
10 56
10 17
10 89
10 57
10 90
10 93
10 74
10 11
10 36
10 24
10 71
10 104
11 14
11 95
11 15
11 46
11 84
11 49
11 103
11 80
11 22
11 34
11 106
11 109
12 27
12 55
12 87
12 56
12 17
12 92
12 125
12 35
12 23
12 25
12 121
12 112
13 27
13 64
13 86
13 43
13 113
13 123
13 93
13 81
13 22
13 51
13 23
13 106
14 15
14 16
14 17
14 18
14 19
14 20
14 21
14 22
14 23
14 24
14 25
15 87
15 113
15 114
15 105
15 34
15 23
16 107
16 56
16 89
16 73
16 117
16 111
16 118
16 74
16 23
16 106
16 119
17 76
17 65
17 28
17 19
17 90
17 48
17 125
17 49
17 24
17 104
17 119
17 62
18 115
18 56
18 96
18 101
18 77
18 29
18 45
18 46
18 80
18 99
18 69
19 92
19 102
19 110
19 111
19 68
19 99
19 82
19 63
20 41
20 87
20 113
20 114
20 77
20 92
20 111
20 83
20 84
20 78
20 85
20 70
20 38
21 65
21 45
21 58
21 110
21 93
21 125
21 80
21 38
22 95
22 113
22 77
22 105
22 31
22 125
22 81
22 91
22 85
22 35
22 108
22 119
22 63
23 41
23 58
23 78
23 99
23 24
23 121
24 86
24 42
24 56
24 92
24 30
24 31
24 32
24 67
24 49
24 74
24 36
24 120
24 121
24 62
25 28
25 105
25 67
25 78
25 118
25 98
25 50
25 51
25 74
25 70
25 35
25 82
25 109
25 100
26 27
26 28
26 29
26 30
26 31
26 32
26 33
26 34
26 35
26 36
26 37
26 38
26 39
27 55
27 56
27 57
27 58
27 59
27 50
27 60
27 61
27 62
27 63
28 40
28 41
28 95
28 87
28 73
28 45
28 69
28 106
28 82
28 119
29 76
29 88
29 75
29 111
29 33
29 53
29 85
29 108
29 104
30 107
30 73
30 44
30 66
30 110
30 33
30 68
30 93
30 85
30 100
31 72
31 65
31 43
31 77
31 102
31 68
31 49
31 103
31 51
31 108
32 88
32 56
32 102
32 47
32 59
32 33
32 118
32 120
32 82
32 104
33 87
33 89
33 73
33 92
33 58
33 93
33 50
33 103
33 91
33 69
33 74
33 70
33 34
33 119
34 72
34 65
34 104
34 119
34 62
35 41
35 115
35 113
35 92
35 79
35 74
35 112
36 101
36 75
36 97
36 117
37 88
37 96
37 123
37 111
37 67
37 78
37 79
37 125
37 69
37 82
38 64
38 55
38 42
38 87
38 56
38 122
38 66
38 123
38 84
38 98
38 81
38 99
38 108
39 86
39 77
39 117
39 110
39 84
39 51
39 85
40 41
40 42
40 43
40 44
40 45
40 46
40 47
40 48
40 49
40 50
40 51
40 52
40 53
40 54
41 76
41 88
41 92
41 47
41 93
41 94
42 107
42 87
42 56
42 75
42 105
42 110
42 111
42 67
42 98
42 69
42 112
43 87
43 77
43 45
43 125
43 99
43 120
43 94
43 119
44 79
44 98
44 106
44 71
45 76
45 122
45 75
45 73
45 78
45 118
45 98
45 93
45 49
45 53
45 60
45 61
45 109
45 100
46 115
46 87
46 96
46 105
46 93
46 82
46 54
47 72
47 115
47 77
47 57
47 50
47 80
47 81
47 91
47 82
48 76
48 95
48 124
48 110
48 84
48 49
48 50
49 113
49 58
49 111
49 99
49 69
49 116
49 94
49 119
50 88
50 59
50 80
50 81
50 116
50 109
50 62
51 115
51 116
52 57
52 53
52 70
52 71
53 124
53 58
53 93
53 91
53 61
54 107
54 77
54 92
54 103
54 81
54 91
54 99
55 76
55 105
55 67
55 69
55 106
56 66
56 118
56 103
56 85
56 109
56 104
57 87
57 89
57 66
57 123
57 103
57 69
57 121
57 109
57 94
58 115
58 117
58 84
58 69
58 119
59 124
59 79
59 68
59 80
59 81
59 99
59 121
59 112
60 73
60 103
60 104
60 119
61 87
61 96
61 83
61 119
62 95
62 96
62 111
62 67
62 78
62 80
62 69
62 116
62 121
62 71
62 119
62 63
63 64
63 76
63 107
63 75
63 116
63 108
63 121
63 109
63 104
64 65
64 66
64 67
64 68
64 69
64 70
64 71
65 95
65 96
65 97
65 98
65 99
65 74
65 71
65 100
66 95
66 89
66 120
66 106
67 75
67 102
67 84
67 85
67 82
68 113
68 105
68 111
68 79
68 80
68 91
68 94
69 76
69 86
69 117
69 83
69 81
69 109
69 71
70 101
70 75
70 89
70 102
70 81
70 100
71 95
71 115
71 97
71 102
71 103
72 73
72 74
73 97
73 116
74 122
74 103
74 81
74 121
75 96
75 92
75 102
75 120
76 77
76 78
76 79
76 80
76 81
76 82
77 113
77 89
77 83
77 109
78 87
78 88
78 124
78 84
78 99
78 94
79 122
79 117
79 90
79 81
80 87
80 101
80 105
80 108
81 96
81 92
81 105
81 111
81 98
82 97
82 111
82 84
82 93
82 85
83 124
83 92
83 98
83 99
83 121
84 90
84 118
84 125
85 86
85 115
85 114
85 123
85 91
85 121
85 109
86 87
86 88
86 89
86 90
86 91
87 88
87 116
88 95
88 96
88 120
88 121
89 97
89 102
89 118
90 121
90 100
91 107
91 101
91 97
91 98
91 93
93 115
93 99
94 125
94 99
95 101
95 102
95 103
95 104
96 117
96 123
96 103
96 106
96 109
97 114
97 105
97 121
97 109
97 112
98 117
98 123
98 118
98 116
99 115
99 112
100 117
100 105
100 111
100 118
100 106
101 121
102 119
103 115
103 124
103 119
104 119
105 115
105 124
105 123
105 120
105 108
107 108
107 109
108 124
108 113
108 110
109 110
109 112
110 124
110 118
110 116
111 118
112 117
112 118
112 116
113 122
113 125
113 119
114 124
115 116
116 119
119 125
121 122
