0 1
0 2
0 3
0 4
0 5
0 6
0 7
0 8
0 9
0 10
0 11
0 12
0 13
0 14
0 15
1 16
1 17
1 18
1 19
1 20
1 21
1 22
1 23
1 24
1 25
1 26
1 27
1 15
1 28
2 36
2 29
2 63
2 64
2 65
2 52
2 66
2 67
2 8
2 68
2 49
2 69
3 36
3 18
3 4
3 22
3 25
3 49
3 90
3 12
3 91
3 69
3 28
4 46
4 17
4 86
4 113
4 116
4 41
4 26
4 118
4 42
4 12
4 14
4 15
4 107
5 36
5 37
5 101
5 113
5 96
5 25
5 42
5 12
5 58
5 91
5 34
6 46
6 100
6 65
6 37
6 71
6 40
6 77
6 110
6 96
6 72
6 15
6 61
7 99
7 82
7 47
7 85
7 39
7 95
7 96
7 68
7 58
7 69
7 15
7 61
8 29
8 38
8 110
8 32
8 97
8 68
8 12
8 104
8 76
8 28
9 70
9 51
9 63
9 82
9 64
9 83
9 52
9 54
9 78
9 96
9 103
9 11
9 74
9 57
9 106
9 61
10 46
10 51
10 84
10 53
10 103
10 42
10 104
10 13
10 28
11 17
11 32
11 118
11 33
11 120
11 43
11 105
11 119
11 76
11 35
12 48
12 40
12 125
12 72
12 43
12 80
12 13
12 106
12 81
12 115
12 35
13 70
13 99
13 51
13 37
13 110
13 27
13 42
13 104
13 92
13 114
13 44
13 69
13 28
14 50
14 17
14 100
14 64
14 84
14 38
14 85
14 40
14 23
14 26
14 27
14 88
14 57
14 121
14 108
14 75
14 106
14 111
15 46
15 50
15 70
15 64
15 37
15 113
15 67
15 26
15 79
15 104
15 69
16 29
16 30
16 31
16 22
16 23
16 32
16 27
16 33
16 34
16 35
17 77
17 23
17 24
17 78
17 79
17 80
17 45
17 81
18 36
18 70
18 93
18 94
18 83
18 47
18 95
18 96
18 97
18 90
18 79
18 80
19 36
19 94
19 31
19 22
19 53
19 78
19 43
19 81
19 61
20 98
20 51
20 84
20 38
20 95
20 72
20 33
20 91
20 121
20 60
20 111
21 46
21 30
21 31
21 24
21 49
21 58
21 34
21 121
21 28
21 62
22 82
22 39
22 68
22 118
22 88
22 42
22 43
22 91
22 44
22 76
22 122
22 61
23 46
23 52
23 47
23 41
23 78
23 27
23 42
23 114
23 75
23 106
24 70
24 29
24 82
24 94
24 52
24 116
24 102
24 27
24 125
24 42
24 80
24 104
24 121
24 108
24 28
24 62
25 70
25 100
25 31
25 77
25 26
25 73
25 104
25 76
26 50
26 30
26 93
26 53
26 71
26 123
26 79
26 91
26 122
26 111
27 70
27 86
27 113
27 48
27 41
27 57
27 92
27 34
27 81
28 70
28 30
28 93
28 82
28 100
28 83
28 85
28 102
28 49
28 104
28 121
28 69
28 59
29 82
29 64
29 65
29 83
29 84
29 85
29 86
29 40
29 41
29 87
29 88
29 74
29 42
29 43
29 89
30 36
30 31
30 77
30 42
30 43
30 57
30 92
30 81
31 51
31 66
31 110
31 33
31 74
31 43
31 104
32 99
32 84
32 38
32 47
32 124
32 40
32 96
32 73
32 43
32 91
32 105
32 121
32 106
33 63
33 100
33 38
33 124
33 55
33 77
33 41
33 123
33 74
33 42
33 44
33 60
33 107
33 115
34 99
34 82
34 84
34 85
34 124
34 110
34 114
34 69
34 76
35 93
35 65
35 95
35 40
35 41
35 80
35 60
35 89
36 37
36 38
36 39
36 40
36 41
36 42
36 43
36 44
36 45
37 70
37 67
37 120
37 80
37 91
37 108
37 109
38 83
38 123
38 42
38 80
38 108
38 69
38 60
38 109
39 53
39 67
39 110
39 72
39 80
39 59
40 85
40 113
40 95
40 117
40 97
40 120
40 44
40 122
41 93
41 63
41 100
41 112
41 116
41 55
41 68
41 73
41 43
41 91
41 119
41 108
42 94
42 71
42 102
42 117
42 97
42 103
42 109
43 63
43 94
43 83
43 47
43 124
43 113
43 48
43 55
43 87
43 97
43 125
43 90
43 74
43 91
43 81
43 62
44 100
44 83
44 113
44 87
44 96
44 45
45 54
45 86
45 95
45 77
45 125
45 92
45 58
45 60
46 47
46 48
46 49
47 83
47 66
47 55
47 77
47 68
47 73
47 104
47 69
47 59
47 60
47 122
47 107
48 51
48 94
48 83
48 84
48 112
48 124
48 97
48 119
49 98
49 56
49 118
49 72
49 74
49 120
49 104
49 81
49 115
50 51
50 52
50 53
50 54
50 55
50 56
50 57
50 58
50 59
50 60
50 61
50 62
51 94
51 112
51 113
51 87
51 97
52 101
52 86
52 55
52 88
52 114
53 66
53 102
53 87
53 79
53 92
53 58
53 111
53 115
54 70
54 63
54 94
54 71
54 78
54 123
54 120
54 121
54 111
55 116
55 61
56 93
56 58
56 114
56 59
56 122
56 81
57 86
57 75
58 70
58 100
58 113
58 66
58 68
58 72
58 103
58 92
58 59
59 124
59 77
59 120
59 105
59 69
59 122
59 62
60 83
60 85
60 120
60 80
60 76
60 111
61 99
61 63
61 71
61 88
61 79
61 115
62 63
62 101
62 124
62 77
62 87
62 78
62 74
62 79
62 69
63 100
63 64
63 65
63 72
63 114
63 109
63 115
64 117
65 66
65 95
65 90
66 82
66 101
66 96
66 88
66 79
66 104
66 81
67 71
67 123
67 117
67 106
68 98
68 82
68 97
68 88
68 90
68 109
69 70
69 87
69 117
69 92
69 115
70 71
70 72
70 73
70 74
70 75
70 76
71 94
71 84
71 118
71 114
72 99
72 113
72 87
72 123
72 118
72 79
72 91
73 83
73 113
73 117
73 97
73 125
73 90
73 80
73 121
73 122
73 107
74 93
74 82
74 83
74 101
74 113
74 123
74 117
74 125
74 90
74 89
75 113
75 97
75 120
75 105
75 89
76 112
76 113
76 87
76 123
76 109
77 98
77 84
77 85
77 86
77 103
77 121
77 89
77 111
78 98
78 93
78 112
78 102
78 117
78 88
78 80
78 119
78 89
78 81
79 100
79 101
79 124
79 102
79 110
79 88
79 115
80 99
80 94
80 113
80 118
80 103
80 105
81 103
81 105
81 107
82 83
82 86
82 116
82 96
82 97
82 90
82 91
83 88
83 119
83 107
84 117
84 120
85 124
85 90
85 105
86 99
86 113
86 117
86 91
86 122
86 111
87 95
88 123
88 120
88 105
89 115
90 93
91 124
91 118
91 114
92 124
92 125
92 114
92 111
92 107
93 95
93 110
93 111
94 101
94 119
95 98
95 116
95 102
95 120
96 120
96 122
96 111
97 119
98 99
98 100
98 101
98 102
98 103
98 104
98 105
98 106
98 107
99 108
99 109
99 106
100 107
101 112
101 102
101 123
102 114
103 112
103 105
103 122
104 112
104 116
104 123
106 113
106 117
107 118
107 111
108 109
108 115
109 115
110 112
110 116
111 124
111 123
111 118
112 118
113 124
113 119
113 122
114 125
115 116
115 117
115 118
115 122
116 118
117 119
118 125
118 120
118 119
119 124
119 122
120 125
122 125
123 124
124 125
