0 1
0 2
0 3
0 4
0 5
0 6
0 7
0 8
0 9
0 10
0 11
0 12
1 97
1 79
1 48
1 49
1 62
1 3
1 115
1 20
1 21
1 43
1 96
1 36
1 44
1 24
1 89
1 9
1 26
2 106
2 19
2 74
2 42
2 64
2 65
2 4
2 7
2 60
2 31
2 82
3 16
3 109
3 18
3 41
3 48
3 84
3 119
3 21
3 22
3 50
3 51
3 96
3 44
3 81
3 68
3 101
3 103
3 9
4 28
4 14
4 15
4 106
4 83
4 49
4 91
4 124
4 81
4 68
4 46
4 125
4 26
4 82
5 16
5 87
5 99
5 18
5 79
5 84
5 117
5 49
5 114
5 80
5 66
5 90
5 88
5 45
5 89
5 69
5 32
5 82
6 34
6 18
6 73
6 74
6 48
6 35
6 122
6 49
6 21
6 66
6 26
6 82
7 94
7 85
7 42
7 21
7 22
7 123
7 52
7 81
8 15
8 115
8 66
8 36
8 25
8 9
8 70
9 39
9 106
9 78
9 83
9 55
9 64
9 96
9 124
9 76
9 88
9 45
9 116
9 93
10 94
10 97
10 104
10 110
10 55
10 56
10 114
10 59
10 102
10 69
11 16
11 95
11 73
11 79
11 100
11 122
11 117
11 62
11 65
11 75
11 21
11 123
11 53
11 98
12 40
12 49
12 80
12 123
12 91
12 108
12 98
12 120
12 69
13 14
13 15
13 16
13 17
13 18
13 19
13 20
13 21
13 22
13 23
13 24
13 25
13 26
13 27
14 28
14 38
14 15
14 47
14 48
14 35
14 49
14 20
14 50
14 51
14 52
14 53
14 31
14 54
15 40
15 55
15 56
15 57
15 58
15 59
15 44
15 25
15 60
16 29
16 41
17 28
17 34
17 100
17 49
17 62
17 20
17 107
17 108
17 53
17 69
17 92
18 33
18 47
18 106
18 104
18 41
18 74
18 42
18 76
18 116
18 112
18 69
18 31
18 32
19 117
19 64
19 75
19 111
19 88
19 112
19 69
19 60
19 92
20 104
20 57
20 105
20 75
20 96
20 107
20 45
20 120
21 33
21 74
21 65
21 118
21 44
21 124
21 53
21 116
22 33
22 38
22 71
22 83
22 117
22 51
22 124
22 92
22 26
23 28
23 47
23 94
23 97
23 117
23 63
23 75
23 45
23 82
23 54
24 87
24 122
24 84
24 85
24 65
24 90
24 107
24 102
24 101
24 31
24 26
25 110
25 35
25 57
25 114
25 65
25 86
25 75
25 118
25 44
25 88
25 89
25 46
25 60
25 27
26 39
26 72
26 106
26 56
26 114
26 59
26 116
26 103
27 94
27 74
27 110
27 48
27 61
27 51
27 36
27 76
27 98
28 29
28 30
28 31
28 32
29 41
29 83
29 74
29 84
29 85
29 86
29 66
29 50
30 38
30 64
30 86
30 80
30 113
30 52
30 112
30 103
30 125
31 33
31 41
31 79
31 84
31 114
31 63
31 65
31 90
31 107
31 102
31 98
31 120
32 40
32 94
32 106
32 73
32 48
32 121
32 119
32 105
32 75
32 91
32 116
32 93
33 34
33 35
33 36
33 37
34 87
34 40
34 104
34 105
34 44
34 89
34 60
35 99
35 56
35 57
35 105
35 58
35 75
35 51
35 59
35 76
36 38
36 99
36 72
36 79
36 110
36 61
36 57
36 75
36 113
36 44
36 88
36 69
37 40
37 104
37 124
37 88
37 103
38 39
38 40
38 41
38 42
38 43
38 44
38 45
38 46
39 61
39 62
39 63
39 64
39 65
39 66
39 67
39 53
39 68
39 69
39 70
40 72
40 48
40 85
40 62
40 90
40 91
40 59
40 76
40 52
40 69
40 92
40 93
41 117
41 63
41 65
41 75
41 96
41 53
41 101
41 77
42 71
42 99
42 104
42 110
42 48
42 55
42 65
42 66
42 113
42 124
42 108
42 81
42 46
43 87
43 95
43 83
43 85
43 49
43 66
43 45
44 71
44 87
44 99
44 74
44 48
44 84
44 49
44 80
44 108
44 88
44 102
44 46
44 69
45 99
45 63
45 86
45 118
45 123
45 91
45 59
45 53
45 54
46 73
46 55
46 66
46 123
46 113
46 107
46 101
46 60
46 70
47 78
47 79
47 80
47 53
47 81
47 82
48 106
48 109
48 74
48 121
48 60
49 71
49 104
49 74
49 117
49 121
49 105
49 58
49 51
49 96
49 111
49 102
49 69
50 87
50 73
50 110
50 75
50 123
50 91
50 111
50 93
51 75
51 91
51 68
51 60
51 70
52 83
52 58
52 111
52 53
52 116
52 103
53 74
53 61
53 85
53 102
53 112
54 71
54 74
54 100
54 55
54 64
54 119
54 108
55 83
55 73
55 84
55 115
55 59
55 107
55 98
55 81
56 99
56 104
56 110
56 66
56 123
56 93
57 71
57 94
57 79
57 117
57 66
57 123
57 68
57 120
58 80
58 81
58 70
58 93
59 115
59 90
59 91
59 125
59 69
59 92
60 87
60 85
60 86
60 66
60 112
61 87
61 79
61 85
61 115
61 101
61 82
62 80
62 67
62 113
62 88
62 69
63 96
63 69
63 93
64 79
64 65
64 80
64 123
64 113
64 81
64 68
64 92
64 93
65 94
65 109
65 117
65 107
65 88
66 99
66 72
66 119
66 105
66 75
66 93
67 117
67 107
67 89
67 120
68 99
68 83
68 122
68 86
68 107
68 89
68 69
68 70
69 78
69 95
69 79
69 107
70 114
70 91
70 116
71 72
71 73
71 74
71 75
71 76
71 77
72 102
72 103
73 95
73 74
73 119
73 86
73 107
73 89
74 76
74 108
74 116
75 83
75 100
75 122
75 117
75 115
75 90
75 120
76 94
76 100
76 108
76 81
76 125
77 78
77 123
77 107
77 108
77 101
78 104
78 80
79 97
79 99
79 106
79 110
79 100
79 118
79 116
80 118
80 108
80 101
81 100
81 119
81 90
81 111
81 116
81 125
82 94
82 121
82 114
82 119
82 90
82 124
82 93
83 106
83 110
83 100
83 118
83 98
84 114
84 111
84 102
85 116
85 103
86 104
87 88
87 89
88 99
88 109
88 115
88 123
88 96
88 108
88 89
89 106
89 110
89 91
89 111
89 102
90 97
90 106
90 110
90 107
90 125
91 105
92 100
92 125
93 94
93 99
93 121
93 96
93 124
94 95
94 96
95 106
95 114
95 115
95 111
95 102
96 97
96 109
96 104
96 114
96 115
96 111
96 107
96 112
96 103
97 98
98 118
99 100
99 101
100 117
100 107
101 104
101 110
101 121
101 114
101 111
101 102
101 112
102 115
102 124
102 125
103 109
103 121
103 123
103 125
104 113
105 122
105 123
105 120
107 111
108 121
109 110
109 111
109 112
110 120
111 124
111 112
112 120
113 122
114 121
115 121
117 122
118 125
119 123
