0 1
0 2
0 3
0 4
0 5
0 6
0 7
0 8
0 9
0 10
0 11
1 12
1 2
1 62
1 63
1 64
1 65
1 8
1 66
1 67
1 26
1 51
1 11
1 60
2 59
2 14
2 97
2 98
2 16
2 21
2 99
2 86
2 66
2 55
2 27
2 89
2 100
3 52
3 59
3 103
3 109
3 111
3 23
3 66
3 71
3 38
3 92
3 11
4 68
4 83
4 14
4 102
4 81
4 32
4 63
4 19
4 20
4 99
4 105
4 23
4 24
4 108
4 88
4 100
5 29
5 31
5 64
5 86
5 39
5 10
5 93
6 76
6 79
6 22
6 8
6 24
6 106
6 26
6 100
6 124
6 56
7 78
7 103
7 76
7 116
7 16
7 81
7 64
7 20
7 36
7 88
7 28
7 89
8 75
8 79
8 104
8 34
8 35
8 122
8 37
8 67
8 73
8 93
9 42
9 69
9 84
9 16
9 19
9 65
9 111
9 105
9 36
9 55
9 107
9 88
9 28
9 89
9 39
9 10
9 56
10 12
10 29
10 13
10 30
10 62
10 18
10 19
10 114
10 120
10 20
10 99
10 111
10 66
10 106
10 71
10 54
10 27
10 72
10 88
10 39
10 11
10 57
11 47
11 103
11 79
11 123
12 13
12 14
12 15
12 16
12 17
12 18
12 19
12 20
12 21
12 22
12 23
12 24
12 25
12 26
12 27
12 28
13 47
13 48
13 19
13 49
13 50
13 35
13 51
14 31
14 69
14 79
14 94
14 95
14 96
14 67
14 74
15 83
15 97
15 18
15 85
15 109
15 91
15 49
15 50
15 107
16 68
16 53
16 104
16 17
16 80
16 85
16 119
16 95
16 70
16 25
16 107
16 61
17 81
17 109
17 54
17 107
18 75
18 31
18 104
18 110
18 70
18 36
18 115
19 78
19 30
19 53
19 85
19 34
19 119
19 35
19 96
19 110
19 87
19 82
19 72
19 61
20 68
20 97
20 91
20 119
20 35
20 106
20 45
20 67
20 27
20 61
21 118
21 85
21 33
21 109
21 110
21 121
21 87
21 113
21 27
21 72
21 93
22 47
22 33
22 101
22 72
22 51
22 92
23 75
23 62
23 80
23 32
23 63
23 65
23 96
23 66
23 70
23 77
23 121
23 122
23 26
23 73
23 60
24 41
24 52
24 80
24 32
24 101
24 37
24 67
24 51
24 74
24 40
25 75
25 47
25 84
25 120
25 99
25 121
25 38
25 92
26 83
26 99
26 94
26 49
26 86
26 70
26 125
26 82
26 107
26 117
26 40
27 29
27 47
27 103
27 97
27 98
27 65
27 109
27 35
27 60
27 40
28 75
28 116
28 104
28 48
28 94
28 70
28 36
28 40
29 30
29 31
29 32
29 33
29 34
29 35
29 36
29 37
29 38
29 39
29 40
30 90
30 48
30 91
30 44
30 70
30 55
30 45
30 82
30 38
30 92
30 93
31 102
31 103
31 104
31 63
31 105
31 106
31 37
32 68
32 116
32 120
32 94
32 86
32 66
32 71
32 38
32 89
32 39
33 102
33 76
33 65
33 94
33 66
33 123
34 78
34 90
34 64
34 65
34 99
34 77
34 46
34 39
34 58
35 59
35 42
35 111
35 96
35 106
35 54
35 123
35 107
35 73
35 40
36 53
36 102
36 104
36 114
36 113
37 103
37 42
37 43
37 85
37 120
37 54
37 113
37 115
38 97
38 76
38 98
38 43
38 65
38 111
38 50
38 86
38 44
38 55
38 87
38 123
38 46
38 89
38 58
39 83
39 102
39 104
39 96
39 70
39 82
39 117
39 124
39 60
39 61
39 58
40 75
40 103
40 90
40 48
40 120
40 110
40 46
40 100
40 57
41 42
41 43
41 44
41 45
41 46
42 83
42 103
42 98
42 112
42 96
42 93
43 118
43 85
43 91
43 49
43 95
43 96
43 121
43 72
43 51
43 46
43 100
43 57
44 98
44 119
44 49
44 95
44 96
44 55
44 46
45 78
45 98
45 120
45 111
45 105
45 77
45 87
45 73
46 118
46 84
46 109
46 120
46 70
46 60
47 103
47 86
47 105
47 108
47 89
47 57
48 63
48 120
48 86
48 71
48 55
48 100
49 68
49 53
49 64
49 106
49 123
49 56
49 60
49 58
50 68
50 78
50 102
50 97
50 90
50 111
50 86
50 66
50 89
51 52
51 90
51 80
51 105
52 53
52 54
52 55
52 56
52 57
52 58
53 68
53 79
53 90
53 63
53 87
53 72
54 79
54 104
54 91
54 119
54 101
54 82
54 61
55 83
55 97
55 84
55 104
55 119
55 77
55 67
56 105
56 110
56 124
57 97
57 112
57 85
57 91
57 96
57 110
57 107
57 124
58 80
58 91
58 110
58 82
58 73
58 60
59 60
59 61
60 102
60 116
60 81
60 96
60 71
61 68
61 75
61 90
61 114
61 111
61 106
61 107
61 73
61 89
61 115
62 80
62 101
62 92
63 97
63 79
63 119
63 101
63 110
63 82
64 102
64 85
64 91
64 119
64 77
64 122
64 107
64 117
64 115
65 102
65 97
65 79
65 85
65 99
65 94
65 66
65 70
65 77
65 125
65 107
65 117
65 92
65 100
66 76
66 112
66 91
66 110
66 106
66 77
66 89
67 102
67 98
67 90
67 106
67 123
68 69
68 70
68 71
68 72
68 73
68 74
69 103
69 104
69 77
69 113
69 100
70 76
70 116
70 81
70 106
70 113
70 117
71 75
71 84
71 79
71 109
71 91
71 110
71 121
71 117
71 89
72 103
72 97
72 114
72 91
72 87
72 108
73 76
73 120
73 111
73 96
73 115
74 103
74 116
74 120
74 105
74 108
74 113
75 76
75 77
76 116
76 90
76 109
76 91
76 87
76 117
76 88
77 102
77 116
77 91
77 99
77 106
77 117
78 79
78 80
78 81
78 82
79 119
79 87
80 81
80 82
80 89
80 115
80 93
81 120
81 99
81 106
81 92
82 114
82 120
82 111
82 106
82 125
82 124
83 84
83 85
83 86
83 87
83 88
83 89
84 98
84 114
84 120
84 101
84 113
84 88
84 100
85 112
85 91
85 111
85 105
85 96
85 125
86 94
86 110
86 106
86 121
86 125
87 118
87 104
87 101
87 124
88 103
88 112
88 94
88 95
88 123
88 107
88 124
89 91
89 125
89 100
90 104
90 109
90 94
90 93
91 106
91 100
92 104
92 105
92 107
93 125
94 120
94 99
94 101
94 106
94 125
94 113
95 114
96 109
96 115
97 114
97 113
97 115
98 117
99 102
99 109
99 111
99 101
100 119
100 121
100 123
101 104
101 111
102 107
103 109
103 110
104 122
104 123
104 113
105 124
106 119
106 121
106 122
106 117
107 118
107 125
107 113
108 114
108 111
108 124
109 125
109 123
110 119
111 116
111 122
112 116
112 122
113 118
113 123
114 117
115 119
115 124
118 119
119 124
120 125
122 125
124 125
