0 1
0 2
0 3
0 4
0 5
0 6
0 7
0 8
0 9
0 10
0 11
1 13
1 43
1 31
1 79
1 59
1 23
1 73
1 102
1 81
1 98
2 83
2 115
2 84
2 59
2 25
2 102
2 74
2 116
2 117
2 98
3 42
3 94
3 43
3 31
3 49
3 83
3 92
3 33
3 6
3 72
3 24
3 27
3 37
3 56
3 48
4 78
4 90
4 19
4 80
4 110
4 46
4 75
4 11
4 103
4 70
4 76
4 104
4 57
4 71
5 29
5 106
5 90
5 120
5 118
5 79
5 108
5 80
5 36
5 74
5 75
5 38
5 69
5 103
5 55
5 98
5 76
5 56
5 64
5 93
6 13
6 42
6 95
6 31
6 49
6 120
6 21
6 79
6 22
6 59
6 24
6 107
6 53
6 27
6 85
6 75
6 62
6 54
6 38
6 76
6 112
7 14
7 94
7 106
7 66
7 44
7 121
7 45
7 68
7 47
7 88
8 94
8 89
8 124
8 27
8 85
8 68
8 100
9 94
9 16
9 31
9 115
9 84
9 23
9 73
9 51
9 54
9 63
9 47
9 71
10 42
10 30
10 95
10 90
10 120
10 99
10 92
10 74
10 116
10 119
11 13
11 15
11 94
11 43
11 49
11 23
11 60
11 121
11 74
11 46
11 28
11 47
11 48
11 77
12 13
12 14
12 15
12 16
12 17
12 18
12 19
12 20
12 21
12 22
12 23
12 24
12 25
12 26
12 27
12 28
13 29
13 30
13 31
13 32
13 21
13 33
13 34
13 35
13 36
13 37
13 38
13 39
13 28
13 40
14 65
14 66
14 51
14 27
14 37
14 46
14 67
14 68
14 38
14 69
14 70
14 57
14 71
15 29
15 82
15 89
15 90
15 91
15 92
15 79
15 36
15 46
15 69
15 93
16 19
16 59
16 81
16 85
16 46
16 96
16 54
16 69
16 103
16 104
16 48
16 57
17 41
17 101
17 120
17 118
17 92
17 19
17 20
17 33
17 111
17 80
17 61
17 51
17 119
17 38
17 39
17 103
17 93
17 57
17 71
18 94
18 111
18 26
18 123
18 85
18 117
18 97
19 95
19 114
19 99
19 92
19 59
19 122
19 60
19 26
19 73
19 123
19 44
19 53
19 67
19 119
20 43
20 33
20 122
20 61
20 54
20 63
20 117
20 70
20 76
20 87
20 112
21 78
21 120
21 122
21 23
21 80
21 60
21 109
21 51
21 35
21 27
21 39
21 100
21 87
21 112
21 71
22 34
22 109
22 75
22 93
22 57
23 29
23 105
23 90
23 122
23 80
23 61
23 113
23 38
23 86
23 100
23 104
23 93
24 29
24 114
24 62
24 39
24 76
24 104
24 40
24 64
25 42
25 29
25 82
25 101
25 72
25 50
25 51
25 45
25 62
25 86
25 70
25 57
26 41
26 58
26 82
26 83
26 91
26 84
26 51
26 53
26 81
26 116
26 75
26 54
26 98
26 64
26 57
27 32
27 90
27 92
27 33
27 108
27 80
27 102
27 74
27 96
27 75
27 119
27 76
27 56
28 49
28 90
28 108
28 50
28 34
28 66
28 109
28 36
28 46
28 96
28 68
28 117
28 70
28 104
28 56
29 72
29 73
29 74
29 75
29 62
29 63
29 76
29 56
29 77
30 78
30 79
30 80
30 61
30 81
30 68
30 47
30 71
31 58
31 78
31 91
31 33
31 51
31 52
31 110
31 75
31 38
31 103
31 104
32 58
32 82
32 49
32 120
32 91
32 96
32 113
32 69
32 39
32 47
32 56
32 40
33 92
33 72
33 111
33 52
33 63
33 98
33 93
34 105
34 43
34 83
34 80
34 44
34 67
34 62
34 103
34 71
35 58
35 82
35 118
35 60
35 66
35 52
35 124
35 45
35 85
35 96
35 75
35 103
35 104
36 83
36 118
36 115
36 102
36 68
36 47
37 42
37 95
37 83
37 99
37 60
37 102
37 116
37 77
38 95
38 92
38 62
38 54
38 86
38 117
38 98
38 76
38 112
39 83
39 99
39 91
39 73
39 117
39 103
39 40
39 77
40 42
40 105
40 49
40 90
40 91
40 61
40 81
40 85
40 54
40 57
41 42
41 43
41 44
41 45
41 46
41 47
41 48
42 49
42 50
42 51
42 52
42 53
42 46
42 54
42 55
42 56
42 48
42 57
43 82
43 101
43 79
43 108
43 109
43 110
43 45
43 74
43 75
43 103
43 48
44 66
44 75
44 113
44 54
44 55
44 98
44 104
44 93
44 57
45 65
45 106
45 118
45 122
45 102
45 68
45 75
45 117
46 92
46 111
46 73
46 69
46 86
46 71
47 91
47 79
47 75
47 113
47 55
47 56
47 93
47 71
48 94
48 65
48 122
48 61
48 102
48 124
48 81
48 98
48 57
48 71
49 89
49 118
49 51
49 52
49 110
49 96
49 100
50 65
50 83
50 92
50 115
50 73
50 123
50 102
50 67
50 68
50 119
51 118
51 115
51 59
51 122
51 66
51 110
51 125
51 98
51 112
52 58
52 114
52 109
52 85
52 116
52 119
52 113
52 125
52 117
52 64
52 57
53 89
53 83
53 92
53 59
53 121
53 56
53 93
54 58
54 65
54 106
54 118
54 111
54 109
54 124
55 114
55 115
55 72
55 111
55 73
55 113
55 100
55 93
56 94
56 95
56 83
56 92
56 88
56 64
56 77
57 65
57 92
57 59
57 111
57 116
57 119
57 117
57 87
57 112
58 59
58 60
58 61
58 62
58 63
58 64
59 101
59 118
59 61
59 109
59 119
59 100
59 76
60 82
60 90
60 118
60 92
60 122
60 80
60 110
60 116
61 118
61 84
61 107
61 67
61 63
61 88
61 112
62 105
62 72
62 107
62 121
62 75
62 119
62 69
62 104
63 82
63 78
63 91
63 122
63 108
63 72
63 81
63 125
64 78
64 114
64 83
64 117
65 72
65 111
65 68
65 86
65 70
65 112
66 74
66 116
66 68
66 119
66 97
66 112
67 106
67 83
67 109
67 69
67 76
68 107
68 110
68 96
68 113
68 76
68 93
69 106
69 99
69 92
69 72
69 124
69 96
69 75
69 86
69 125
69 76
69 77
70 92
70 85
70 86
71 92
71 73
71 75
72 78
72 118
72 108
72 100
72 93
73 82
73 94
73 76
74 106
74 122
74 80
74 107
74 75
74 100
75 95
75 79
75 111
75 107
75 121
75 88
76 99
76 121
77 78
77 105
77 106
77 111
77 113
77 86
78 94
78 95
78 96
78 97
78 98
79 97
80 114
80 92
80 107
80 96
80 86
80 117
81 118
81 92
81 117
81 98
81 100
82 83
82 84
82 85
82 86
82 87
82 88
83 90
83 118
83 122
83 113
84 101
84 107
84 113
84 86
85 101
85 89
85 118
85 116
86 94
86 108
87 91
87 102
88 91
88 107
88 102
88 104
89 95
89 99
89 118
89 109
89 119
89 98
90 115
90 111
90 110
90 121
90 116
91 101
91 92
91 112
92 103
92 104
93 106
93 99
93 116
93 100
94 99
94 100
95 113
95 100
96 122
96 111
96 107
96 102
96 119
96 117
96 112
97 120
97 122
97 108
97 113
98 120
98 113
99 101
99 110
99 113
100 120
100 118
100 107
101 102
102 118
102 103
102 104
104 120
104 112
105 106
105 107
106 115
106 116
107 118
107 122
107 109
108 111
108 116
108 119
110 112
111 117
112 118
112 124
115 118
117 120
117 124
118 123
118 121
119 122
120 122
121 122
121 124
121 125
