0 1
0 2
0 5
0 10
0 12
0 15
0 26
0 28
0 29
0 30
0 34
0 35
1 0
1 2
1 5
1 10
1 12
1 15
1 26
1 28
1 29
1 30
1 34
2 0
2 1
2 5
2 10
2 12
2 15
2 26
2 28
2 29
2 30
2 34
3 14
3 15
3 17
3 25
3 26
3 27
4 8
4 15
4 16
4 22
4 23
4 26
4 33
4 35
5 0
5 1
5 2
5 10
5 12
5 15
5 26
5 28
5 29
5 30
5 34
6 7
6 9
6 11
6 13
6 15
6 19
6 21
6 26
6 32
6 33
7 6
7 9
7 11
7 13
7 15
7 19
7 21
7 26
7 32
8 4
8 15
8 16
8 22
8 23
8 26
8 33
8 35
9 6
9 7
9 11
9 13
9 15
9 19
9 21
9 26
9 32
10 0
10 1
10 2
10 5
10 12
10 15
10 26
10 28
10 29
10 30
10 34
11 6
11 7
11 9
11 13
11 15
11 19
11 21
11 26
11 32
12 0
12 1
12 2
12 5
12 10
12 15
12 26
12 28
12 29
12 30
12 34
13 6
13 7
13 9
13 11
13 15
13 19
13 21
13 26
13 32
14 3
14 15
14 17
14 25
14 26
14 27
15 0
15 1
15 2
15 3
15 4
15 5
15 6
15 7
15 8
15 9
15 10
15 11
15 12
15 13
15 14
15 16
15 17
15 18
15 19
15 20
15 21
15 22
15 23
15 24
15 25
15 26
15 27
15 28
15 29
15 30
15 31
15 32
15 33
15 34
15 35
16 4
16 8
16 15
16 22
16 23
16 26
16 33
16 35
17 3
17 14
17 15
17 25
17 26
17 27
18 15
18 20
18 24
18 26
18 31
19 6
19 7
19 9
19 11
19 13
19 15
19 21
19 26
19 32
19 33
20 15
20 18
20 24
20 26
20 31
21 6
21 7
21 9
21 11
21 13
21 15
21 19
21 26
21 32
22 4
22 8
22 15
22 16
22 23
22 26
22 33
22 35
23 4
23 8
23 15
23 16
23 22
23 26
23 33
23 35
24 15
24 18
24 20
24 26
24 31
25 3
25 14
25 15
25 17
25 26
25 27
26 0
26 1
26 2
26 3
26 4
26 5
26 6
26 7
26 8
26 9
26 10
26 11
26 12
26 13
26 14
26 15
26 16
26 17
26 18
26 19
26 20
26 21
26 22
26 23
26 24
26 25
26 27
26 28
26 29
26 30
26 31
26 32
26 33
26 34
26 35
27 3
27 14
27 15
27 17
27 25
27 26
28 0
28 1
28 2
28 5
28 10
28 12
28 15
28 26
28 29
28 30
28 34
29 0
29 1
29 2
29 5
29 10
29 12
29 15
29 26
29 28
29 30
29 34
30 0
30 1
30 2
30 5
30 10
30 12
30 15
30 26
30 28
30 29
30 34
31 15
31 18
31 20
31 24
31 26
32 6
32 7
32 9
32 11
32 13
32 15
32 19
32 21
32 26
33 4
33 6
33 8
33 15
33 16
33 19
33 22
33 23
33 26
33 35
34 0
34 1
34 2
34 5
34 10
34 12
34 15
34 26
34 28
34 29
34 30
35 0
35 4
35 8
35 15
35 16
35 22
35 23
35 26
35 33
