0 3
0 4
0 6
0 8
0 10
0 13
0 14
0 15
0 16
0 17
0 18
0 19
0 21
0 23
0 24
0 28
0 29
0 30
0 31
0 32
0 35
0 41
0 42
0 44
0 45
0 47
1 5
1 7
1 11
1 19
1 48
2 12
2 19
2 25
2 26
2 34
2 38
3 0
3 4
3 6
3 8
3 10
3 13
3 14
3 15
3 16
3 17
3 18
3 19
3 21
3 23
3 24
3 28
3 29
3 30
3 31
3 32
3 35
3 41
3 42
3 44
3 45
3 47
4 0
4 3
4 6
4 8
4 10
4 13
4 14
4 15
4 16
4 17
4 18
4 19
4 21
4 23
4 24
4 28
4 29
4 30
4 31
4 32
4 35
4 41
4 42
4 44
4 45
4 47
5 1
5 7
5 11
5 19
5 48
6 0
6 3
6 4
6 8
6 10
6 13
6 14
6 15
6 16
6 17
6 18
6 19
6 21
6 23
6 24
6 28
6 29
6 30
6 31
6 32
6 35
6 41
6 42
6 44
6 45
6 47
7 1
7 5
7 11
7 19
7 48
8 0
8 3
8 4
8 6
8 10
8 13
8 14
8 15
8 16
8 17
8 18
8 19
8 21
8 23
8 24
8 28
8 29
8 30
8 31
8 32
8 35
8 41
8 42
8 44
8 45
8 47
9 19
9 33
9 36
9 39
10 0
10 3
10 4
10 6
10 8
10 13
10 14
10 15
10 16
10 17
10 18
10 19
10 21
10 23
10 24
10 28
10 29
10 30
10 31
10 32
10 35
10 41
10 42
10 44
10 45
10 47
11 1
11 5
11 7
11 19
11 48
12 2
12 19
12 25
12 26
12 34
12 38
13 0
13 3
13 4
13 6
13 8
13 10
13 14
13 15
13 16
13 17
13 18
13 19
13 21
13 23
13 24
13 28
13 29
13 30
13 31
13 32
13 35
13 41
13 42
13 44
13 45
13 47
14 0
14 3
14 4
14 6
14 8
14 10
14 13
14 15
14 16
14 17
14 18
14 19
14 21
14 23
14 24
14 28
14 29
14 30
14 31
14 32
14 35
14 41
14 42
14 44
14 45
14 47
15 0
15 3
15 4
15 6
15 8
15 10
15 13
15 14
15 16
15 17
15 18
15 19
15 21
15 23
15 24
15 28
15 29
15 30
15 31
15 32
15 35
15 41
15 42
15 44
15 45
15 47
16 0
16 3
16 4
16 6
16 8
16 10
16 13
16 14
16 15
16 17
16 18
16 19
16 21
16 23
16 24
16 28
16 29
16 30
16 31
16 32
16 35
16 41
16 42
16 44
16 45
16 47
17 0
17 3
17 4
17 6
17 8
17 10
17 13
17 14
17 15
17 16
17 18
17 19
17 21
17 23
17 24
17 28
17 29
17 30
17 31
17 32
17 35
17 41
17 42
17 44
17 45
17 47
18 0
18 3
18 4
18 6
18 8
18 10
18 13
18 14
18 15
18 16
18 17
18 19
18 21
18 23
18 24
18 28
18 29
18 30
18 31
18 32
18 35
18 41
18 42
18 44
18 45
18 47
19 0
19 1
19 2
19 3
19 4
19 5
19 6
19 7
19 8
19 9
19 10
19 11
19 12
19 13
19 14
19 15
19 16
19 17
19 18
19 20
19 21
19 22
19 23
19 24
19 25
19 26
19 27
19 28
19 29
19 30
19 31
19 32
19 33
19 34
19 35
19 36
19 37
19 38
19 39
19 40
19 41
19 42
19 43
19 44
19 45
19 46
19 47
19 48
19 49
20 19
20 22
20 27
20 40
20 49
21 0
21 3
21 4
21 6
21 8
21 10
21 13
21 14
21 15
21 16
21 17
21 18
21 19
21 23
21 24
21 28
21 29
21 30
21 31
21 32
21 35
21 41
21 42
21 44
21 45
21 47
22 19
22 20
22 27
22 40
22 49
23 0
23 3
23 4
23 6
23 8
23 10
23 13
23 14
23 15
23 16
23 17
23 18
23 19
23 21
23 24
23 28
23 29
23 30
23 31
23 32
23 35
23 41
23 42
23 44
23 45
23 47
24 0
24 3
24 4
24 6
24 8
24 10
24 13
24 14
24 15
24 16
24 17
24 18
24 19
24 21
24 23
24 28
24 29
24 30
24 31
24 32
24 35
24 41
24 42
24 44
24 45
24 47
25 2
25 12
25 19
25 26
25 34
25 38
26 2
26 12
26 19
26 25
26 34
26 38
27 19
27 20
27 22
27 40
27 49
28 0
28 3
28 4
28 6
28 8
28 10
28 13
28 14
28 15
28 16
28 17
28 18
28 19
28 21
28 23
28 24
28 29
28 30
28 31
28 32
28 35
28 41
28 42
28 44
28 45
28 47
29 0
29 3
29 4
29 6
29 8
29 10
29 13
29 14
29 15
29 16
29 17
29 18
29 19
29 21
29 23
29 24
29 28
29 30
29 31
29 32
29 35
29 41
29 42
29 44
29 45
29 47
30 0
30 3
30 4
30 6
30 8
30 10
30 13
30 14
30 15
30 16
30 17
30 18
30 19
30 21
30 23
30 24
30 28
30 29
30 31
30 32
30 35
30 41
30 42
30 44
30 45
30 47
31 0
31 3
31 4
31 6
31 8
31 10
31 13
31 14
31 15
31 16
31 17
31 18
31 19
31 21
31 23
31 24
31 28
31 29
31 30
31 32
31 35
31 41
31 42
31 44
31 45
31 47
32 0
32 3
32 4
32 6
32 8
32 10
32 13
32 14
32 15
32 16
32 17
32 18
32 19
32 21
32 23
32 24
32 28
32 29
32 30
32 31
32 35
32 41
32 42
32 44
32 45
32 47
33 9
33 19
33 36
33 39
34 2
34 12
34 19
34 25
34 26
34 38
35 0
35 3
35 4
35 6
35 8
35 10
35 13
35 14
35 15
35 16
35 17
35 18
35 19
35 21
35 23
35 24
35 28
35 29
35 30
35 31
35 32
35 41
35 42
35 44
35 45
35 47
36 9
36 19
36 33
36 39
36 45
37 19
37 43
37 46
38 2
38 12
38 19
38 25
38 26
38 34
39 9
39 19
39 33
39 36
40 19
40 20
40 22
40 27
40 49
41 0
41 3
41 4
41 6
41 8
41 10
41 13
41 14
41 15
41 16
41 17
41 18
41 19
41 21
41 23
41 24
41 28
41 29
41 30
41 31
41 32
41 35
41 42
41 44
41 45
41 47
42 0
42 3
42 4
42 6
42 8
42 10
42 13
42 14
42 15
42 16
42 17
42 18
42 19
42 21
42 23
42 24
42 28
42 29
42 30
42 31
42 32
42 35
42 41
42 44
42 45
42 47
43 19
43 37
43 46
44 0
44 3
44 4
44 6
44 8
44 10
44 13
44 14
44 15
44 16
44 17
44 18
44 19
44 21
44 23
44 24
44 28
44 29
44 30
44 31
44 32
44 35
44 41
44 42
44 45
44 47
45 0
45 3
45 4
45 6
45 8
45 10
45 13
45 14
45 15
45 16
45 17
45 18
45 19
45 21
45 23
45 24
45 28
45 29
45 30
45 31
45 32
45 35
45 36
45 41
45 42
45 44
45 47
46 19
46 37
46 43
47 0
47 3
47 4
47 6
47 8
47 10
47 13
47 14
47 15
47 16
47 17
47 18
47 19
47 21
47 23
47 24
47 28
47 29
47 30
47 31
47 32
47 35
47 41
47 42
47 44
47 45
48 1
48 5
48 7
48 11
48 19
49 19
49 20
49 22
49 27
49 40
