0 1
0 2
0 8
0 17
0 18
0 23
0 25
0 29
0 31
0 32
0 33
0 34
0 35
0 40
0 41
0 42
0 44
0 46
0 50
1 0
1 2
1 8
1 17
1 18
1 23
1 25
1 29
1 31
1 32
1 33
1 34
1 35
1 40
1 41
1 42
1 44
1 46
1 50
2 0
2 1
2 8
2 17
2 18
2 23
2 25
2 29
2 31
2 32
2 33
2 34
2 35
2 40
2 41
2 42
2 44
2 46
2 49
2 50
2 52
3 7
3 16
3 17
3 25
3 29
3 33
3 34
3 40
3 42
3 44
3 47
3 50
3 51
4 9
4 14
4 15
4 24
4 26
4 28
4 29
4 30
4 36
4 38
4 39
4 40
4 42
4 43
4 45
4 48
4 50
5 6
5 21
5 22
5 29
5 37
5 42
5 50
5 52
5 53
5 54
6 5
6 10
6 11
6 12
6 13
6 19
6 20
6 21
6 22
6 27
6 29
6 37
6 42
6 49
6 50
6 52
6 53
6 54
7 3
7 16
7 17
7 25
7 29
7 33
7 34
7 40
7 42
7 44
7 47
7 49
7 50
7 51
8 0
8 1
8 2
8 17
8 18
8 23
8 25
8 29
8 31
8 32
8 33
8 34
8 35
8 40
8 41
8 42
8 44
8 46
8 50
9 4
9 14
9 15
9 24
9 26
9 28
9 29
9 30
9 36
9 38
9 39
9 40
9 42
9 43
9 45
9 48
9 50
10 6
10 11
10 12
10 13
10 19
10 20
10 27
10 29
10 33
10 42
10 49
10 50
11 6
11 10
11 12
11 13
11 19
11 20
11 27
11 29
11 42
11 49
11 50
12 6
12 10
12 11
12 13
12 19
12 20
12 27
12 29
12 42
12 49
12 50
13 6
13 10
13 11
13 12
13 19
13 20
13 27
13 29
13 42
13 49
13 50
14 4
14 9
14 15
14 24
14 26
14 28
14 29
14 30
14 36
14 38
14 39
14 40
14 42
14 43
14 45
14 48
14 50
15 4
15 9
15 14
15 24
15 26
15 28
15 29
15 30
15 31
15 32
15 33
15 36
15 38
15 39
15 40
15 41
15 42
15 43
15 45
15 48
15 49
15 50
16 3
16 7
16 17
16 25
16 29
16 33
16 34
16 40
16 42
16 44
16 47
16 50
16 51
17 0
17 1
17 2
17 3
17 7
17 8
17 16
17 18
17 23
17 25
17 29
17 31
17 32
17 33
17 34
17 35
17 40
17 41
17 42
17 44
17 46
17 47
17 50
17 51
18 0
18 1
18 2
18 8
18 17
18 23
18 25
18 29
18 31
18 32
18 33
18 34
18 35
18 40
18 41
18 42
18 44
18 46
18 50
19 6
19 10
19 11
19 12
19 13
19 20
19 27
19 29
19 33
19 39
19 42
19 49
19 50
20 6
20 10
20 11
20 12
20 13
20 19
20 27
20 29
20 42
20 49
20 50
21 5
21 6
21 22
21 29
21 37
21 42
21 50
21 52
21 53
21 54
22 5
22 6
22 21
22 29
22 37
22 42
22 50
22 52
22 53
22 54
23 0
23 1
23 2
23 8
23 17
23 18
23 25
23 29
23 31
23 32
23 33
23 34
23 35
23 40
23 41
23 42
23 44
23 46
23 50
24 4
24 9
24 14
24 15
24 26
24 28
24 29
24 30
24 33
24 36
24 38
24 39
24 40
24 42
24 43
24 45
24 48
24 50
24 52
25 0
25 1
25 2
25 3
25 7
25 8
25 16
25 17
25 18
25 23
25 29
25 31
25 32
25 33
25 34
25 35
25 40
25 41
25 42
25 44
25 46
25 47
25 50
25 51
26 4
26 9
26 14
26 15
26 24
26 28
26 29
26 30
26 36
26 38
26 39
26 40
26 42
26 43
26 45
26 48
26 50
26 52
27 6
27 10
27 11
27 12
27 13
27 19
27 20
27 29
27 42
27 49
27 50
28 4
28 9
28 14
28 15
28 24
28 26
28 29
28 30
28 36
28 38
28 39
28 40
28 42
28 43
28 45
28 48
28 50
29 0
29 1
29 2
29 3
29 4
29 5
29 6
29 7
29 8
29 9
29 10
29 11
29 12
29 13
29 14
29 15
29 16
29 17
29 18
29 19
29 20
29 21
29 22
29 23
29 24
29 25
29 26
29 27
29 28
29 30
29 31
29 32
29 33
29 34
29 35
29 36
29 37
29 38
29 39
29 40
29 41
29 42
29 43
29 44
29 45
29 46
29 47
29 48
29 49
29 50
29 51
29 52
29 53
29 54
30 4
30 9
30 14
30 15
30 24
30 26
30 28
30 29
30 36
30 38
30 39
30 40
30 42
30 43
30 45
30 48
30 50
31 0
31 1
31 2
31 8
31 15
31 17
31 18
31 23
31 25
31 29
31 32
31 33
31 34
31 35
31 40
31 41
31 42
31 44
31 46
31 49
31 50
32 0
32 1
32 2
32 8
32 15
32 17
32 18
32 23
32 25
32 29
32 31
32 33
32 34
32 35
32 40
32 41
32 42
32 44
32 46
32 49
32 50
33 0
33 1
33 2
33 3
33 7
33 8
33 10
33 15
33 16
33 17
33 18
33 19
33 23
33 24
33 25
33 29
33 31
33 32
33 34
33 35
33 40
33 41
33 42
33 44
33 46
33 47
33 49
33 50
33 51
33 52
34 0
34 1
34 2
34 3
34 7
34 8
34 16
34 17
34 18
34 23
34 25
34 29
34 31
34 32
34 33
34 35
34 40
34 41
34 42
34 44
34 46
34 47
34 50
34 51
35 0
35 1
35 2
35 8
35 17
35 18
35 23
35 25
35 29
35 31
35 32
35 33
35 34
35 40
35 41
35 42
35 44
35 46
35 50
36 4
36 9
36 14
36 15
36 24
36 26
36 28
36 29
36 30
36 38
36 39
36 40
36 42
36 43
36 45
36 48
36 50
37 5
37 6
37 21
37 22
37 29
37 42
37 50
37 52
37 53
37 54
38 4
38 9
38 14
38 15
38 24
38 26
38 28
38 29
38 30
38 36
38 39
38 40
38 42
38 43
38 45
38 48
38 50
39 4
39 9
39 14
39 15
39 19
39 24
39 26
39 28
39 29
39 30
39 36
39 38
39 40
39 42
39 43
39 45
39 48
39 50
40 0
40 1
40 2
40 3
40 4
40 7
40 8
40 9
40 14
40 15
40 16
40 17
40 18
40 23
40 24
40 25
40 26
40 28
40 29
40 30
40 31
40 32
40 33
40 34
40 35
40 36
40 38
40 39
40 41
40 42
40 43
40 44
40 45
40 46
40 47
40 48
40 49
40 50
40 51
41 0
41 1
41 2
41 8
41 15
41 17
41 18
41 23
41 25
41 29
41 31
41 32
41 33
41 34
41 35
41 40
41 42
41 44
41 46
41 49
41 50
42 0
42 1
42 2
42 3
42 4
42 5
42 6
42 7
42 8
42 9
42 10
42 11
42 12
42 13
42 14
42 15
42 16
42 17
42 18
42 19
42 20
42 21
42 22
42 23
42 24
42 25
42 26
42 27
42 28
42 29
42 30
42 31
42 32
42 33
42 34
42 35
42 36
42 37
42 38
42 39
42 40
42 41
42 43
42 44
42 45
42 46
42 47
42 48
42 49
42 50
42 51
42 52
42 53
42 54
43 4
43 9
43 14
43 15
43 24
43 26
43 28
43 29
43 30
43 36
43 38
43 39
43 40
43 42
43 45
43 48
43 50
44 0
44 1
44 2
44 3
44 7
44 8
44 16
44 17
44 18
44 23
44 25
44 29
44 31
44 32
44 33
44 34
44 35
44 40
44 41
44 42
44 46
44 47
44 50
44 51
45 4
45 9
45 14
45 15
45 24
45 26
45 28
45 29
45 30
45 36
45 38
45 39
45 40
45 42
45 43
45 48
45 50
46 0
46 1
46 2
46 8
46 17
46 18
46 23
46 25
46 29
46 31
46 32
46 33
46 34
46 35
46 40
46 41
46 42
46 44
46 50
47 3
47 7
47 16
47 17
47 25
47 29
47 33
47 34
47 40
47 42
47 44
47 50
47 51
48 4
48 9
48 14
48 15
48 24
48 26
48 28
48 29
48 30
48 36
48 38
48 39
48 40
48 42
48 43
48 45
48 50
49 2
49 6
49 7
49 10
49 11
49 12
49 13
49 15
49 19
49 20
49 27
49 29
49 31
49 32
49 33
49 40
49 41
49 42
49 50
49 52
50 0
50 1
50 2
50 3
50 4
50 5
50 6
50 7
50 8
50 9
50 10
50 11
50 12
50 13
50 14
50 15
50 16
50 17
50 18
50 19
50 20
50 21
50 22
50 23
50 24
50 25
50 26
50 27
50 28
50 29
50 30
50 31
50 32
50 33
50 34
50 35
50 36
50 37
50 38
50 39
50 40
50 41
50 42
50 43
50 44
50 45
50 46
50 47
50 48
50 49
50 51
50 52
50 53
50 54
51 3
51 7
51 16
51 17
51 25
51 29
51 33
51 34
51 40
51 42
51 44
51 47
51 50
52 2
52 5
52 6
52 21
52 22
52 24
52 26
52 29
52 33
52 37
52 42
52 49
52 50
52 53
52 54
53 5
53 6
53 21
53 22
53 29
53 37
53 42
53 50
53 52
53 54
54 5
54 6
54 21
54 22
54 29
54 37
54 42
54 50
54 52
54 53
