0 3
0 10
0 12
0 24
1 3
1 8
1 15
1 21
1 22
1 23
2 3
2 4
2 9
2 16
3 0
3 1
3 2
3 4
3 5
3 6
3 7
3 8
3 9
3 10
3 11
3 12
3 13
3 14
3 15
3 16
3 17
3 18
3 19
3 20
3 21
3 22
3 23
3 24
3 25
3 26
4 2
4 3
4 9
4 16
5 3
5 13
5 18
5 19
6 3
6 14
6 19
6 26
7 3
7 19
7 25
7 26
8 1
8 3
8 15
8 21
8 22
8 23
9 2
9 3
9 4
9 16
10 0
10 3
10 12
10 24
11 3
11 17
11 20
12 0
12 3
12 10
12 24
13 3
13 5
13 18
13 19
14 3
14 6
14 19
14 26
15 1
15 3
15 8
15 21
15 22
15 23
16 2
16 3
16 4
16 9
17 3
17 11
17 20
18 3
18 5
18 13
18 19
19 3
19 5
19 6
19 7
19 13
19 14
19 18
19 25
19 26
20 3
20 11
20 17
21 1
21 3
21 8
21 15
21 22
21 23
22 1
22 3
22 8
22 15
22 21
22 23
23 1
23 3
23 8
23 15
23 21
23 22
24 0
24 3
24 10
24 12
25 3
25 7
25 19
25 26
26 3
26 6
26 7
26 14
26 19
26 25
