0 2
0 6
0 9
0 10
0 13
0 16
0 20
1 5
1 8
1 9
1 11
1 12
1 14
1 19
2 0
2 6
2 9
2 10
2 13
2 16
2 20
3 4
3 6
3 7
3 9
4 3
4 6
4 7
4 9
5 1
5 8
5 9
5 11
5 12
5 14
5 19
6 0
6 2
6 3
6 4
6 7
6 9
6 10
6 13
6 16
6 20
7 3
7 4
7 6
7 9
8 1
8 5
8 9
8 11
8 12
8 14
8 19
9 0
9 1
9 2
9 3
9 4
9 5
9 6
9 7
9 8
9 10
9 11
9 12
9 13
9 14
9 15
9 16
9 17
9 18
9 19
9 20
9 21
9 22
10 0
10 2
10 6
10 9
10 13
10 16
10 20
11 1
11 5
11 8
11 9
11 12
11 14
11 19
12 1
12 5
12 8
12 9
12 11
12 14
12 19
13 0
13 2
13 6
13 9
13 10
13 16
13 20
14 1
14 5
14 8
14 9
14 11
14 12
14 19
15 9
15 17
15 18
15 21
15 22
16 0
16 2
16 6
16 9
16 10
16 13
16 20
17 9
17 15
17 18
17 21
17 22
18 9
18 15
18 17
18 21
18 22
19 1
19 5
19 8
19 9
19 11
19 12
19 14
20 0
20 2
20 6
20 9
20 10
20 13
20 16
21 9
21 15
21 17
21 18
21 22
22 9
22 15
22 17
22 18
22 21
