0 1
0 4
0 13
0 15
0 17
1 0
1 4
1 13
1 15
1 17
2 4
2 12
2 16
2 19
3 4
3 7
3 9
3 11
4 0
4 1
4 2
4 3
4 5
4 6
4 7
4 8
4 9
4 10
4 11
4 12
4 13
4 14
4 15
4 16
4 17
4 18
4 19
5 4
5 6
5 12
5 18
6 4
6 5
6 12
6 18
7 3
7 4
7 9
7 11
8 4
8 10
8 12
8 14
9 3
9 4
9 7
9 11
10 4
10 8
10 12
10 14
11 3
11 4
11 7
11 9
12 2
12 4
12 5
12 6
12 8
12 10
12 14
12 16
12 18
12 19
13 0
13 1
13 4
13 15
13 17
14 4
14 8
14 10
14 12
15 0
15 1
15 4
15 13
15 17
16 2
16 4
16 12
16 19
17 0
17 1
17 4
17 13
17 15
18 4
18 5
18 6
18 12
19 2
19 4
19 12
19 16
