0 1
0 2
0 3
0 4
0 5
0 6
0 7
0 8
0 9
0 10
0 11
0 12
0 13
0 14
0 15
0 16
0 17
0 18
0 19
0 20
0 21
0 22
0 23
0 24
0 25
0 26
0 27
0 28
0 29
0 30
0 31
0 32
0 33
0 34
0 35
0 36
0 37
0 38
0 39
0 40
0 41
0 42
0 43
0 44
0 45
1 0
1 11
1 13
1 25
1 34
1 44
2 0
2 6
2 10
2 20
2 27
2 28
2 29
2 30
2 34
3 0
3 21
3 34
3 35
3 38
3 39
3 43
3 45
4 0
4 12
4 25
4 31
4 33
4 34
4 37
5 0
5 18
5 19
5 23
5 26
5 32
5 34
5 36
6 0
6 2
6 10
6 20
6 27
6 28
6 29
6 30
6 34
7 0
7 9
7 15
7 16
7 17
7 26
7 34
7 40
7 41
7 42
8 0
8 14
8 18
8 22
8 24
8 34
9 0
9 7
9 15
9 16
9 17
9 26
9 34
9 40
9 41
9 42
10 0
10 2
10 6
10 20
10 27
10 28
10 29
10 30
10 34
11 0
11 1
11 13
11 25
11 34
11 44
12 0
12 4
12 25
12 31
12 34
12 37
13 0
13 1
13 11
13 25
13 34
13 44
14 0
14 8
14 18
14 22
14 24
14 34
15 0
15 7
15 9
15 16
15 17
15 26
15 28
15 34
15 40
15 41
15 42
16 0
16 7
16 9
16 15
16 17
16 26
16 34
16 40
16 41
16 42
17 0
17 7
17 9
17 15
17 16
17 26
17 28
17 34
17 40
17 41
17 42
18 0
18 5
18 8
18 14
18 19
18 22
18 23
18 24
18 26
18 32
18 34
18 36
19 0
19 5
19 18
19 23
19 26
19 32
19 34
19 36
20 0
20 2
20 6
20 10
20 27
20 28
20 29
20 30
20 34
21 0
21 3
21 34
21 35
21 38
21 39
21 43
21 45
22 0
22 8
22 14
22 18
22 24
22 34
23 0
23 5
23 18
23 19
23 32
23 34
24 0
24 8
24 14
24 18
24 22
24 34
25 0
25 1
25 4
25 11
25 12
25 13
25 31
25 33
25 34
25 37
25 44
26 0
26 5
26 7
26 9
26 15
26 16
26 17
26 18
26 19
26 32
26 34
26 36
26 40
26 41
26 42
27 0
27 2
27 6
27 10
27 20
27 28
27 29
27 30
27 34
27 36
28 0
28 2
28 6
28 10
28 15
28 17
28 20
28 27
28 29
28 30
28 34
28 42
29 0
29 2
29 6
29 10
29 20
29 27
29 28
29 30
29 34
30 0
30 2
30 6
30 10
30 20
30 27
30 28
30 29
30 34
31 0
31 4
31 12
31 25
31 33
31 34
31 37
32 0
32 5
32 18
32 19
32 23
32 26
32 34
32 36
33 0
33 4
33 25
33 31
33 34
33 37
34 0
34 1
34 2
34 3
34 4
34 5
34 6
34 7
34 8
34 9
34 10
34 11
34 12
34 13
34 14
34 15
34 16
34 17
34 18
34 19
34 20
34 21
34 22
34 23
34 24
34 25
34 26
34 27
34 28
34 29
34 30
34 31
34 32
34 33
34 35
34 36
34 37
34 38
34 39
34 40
34 41
34 42
34 43
34 44
34 45
35 0
35 3
35 21
35 34
35 38
35 39
35 43
35 45
36 0
36 5
36 18
36 19
36 26
36 27
36 32
36 34
37 0
37 4
37 12
37 25
37 31
37 33
37 34
38 0
38 3
38 21
38 34
38 35
38 39
38 43
38 45
39 0
39 3
39 21
39 34
39 35
39 38
39 43
39 45
40 0
40 7
40 9
40 15
40 16
40 17
40 26
40 34
40 41
40 42
41 0
41 7
41 9
41 15
41 16
41 17
41 26
41 34
41 40
41 42
41 45
42 0
42 7
42 9
42 15
42 16
42 17
42 26
42 28
42 34
42 40
42 41
43 0
43 3
43 21
43 34
43 35
43 38
43 39
43 45
44 0
44 1
44 11
44 13
44 25
44 34
45 0
45 3
45 21
45 34
45 35
45 38
45 39
45 41
45 43
