0 1
0 3
0 5
0 9
0 11
0 12
0 18
1 0
1 3
1 5
1 9
1 11
1 12
1 18
2 3
2 7
2 9
2 10
2 13
2 16
2 17
3 0
3 1
3 2
3 4
3 5
3 6
3 7
3 8
3 9
3 10
3 11
3 12
3 13
3 14
3 15
3 16
3 17
3 18
4 3
4 6
4 8
4 9
4 14
4 15
5 0
5 1
5 3
5 9
5 11
5 12
5 18
6 3
6 4
6 8
6 9
6 14
6 15
7 2
7 3
7 9
7 10
7 12
7 13
7 16
7 17
8 3
8 4
8 6
8 9
8 14
8 15
9 0
9 1
9 2
9 3
9 4
9 5
9 6
9 7
9 8
9 10
9 11
9 12
9 13
9 14
9 15
9 16
9 17
9 18
10 2
10 3
10 7
10 9
10 13
10 16
10 17
11 0
11 1
11 3
11 5
11 9
11 12
11 18
12 0
12 1
12 3
12 5
12 7
12 9
12 11
12 18
13 2
13 3
13 7
13 9
13 10
13 16
13 17
14 3
14 4
14 6
14 8
14 9
14 15
15 3
15 4
15 6
15 8
15 9
15 14
16 2
16 3
16 7
16 9
16 10
16 13
16 17
17 2
17 3
17 7
17 9
17 10
17 13
17 16
18 0
18 1
18 3
18 5
18 9
18 11
18 12
