0 1
0 5
0 9
0 11
0 15
0 16
1 0
1 5
1 9
1 11
1 15
1 16
2 3
2 6
2 10
2 11
2 12
2 17
2 18
2 19
2 20
3 2
3 4
3 6
3 7
3 8
3 10
3 11
3 12
3 13
3 14
3 17
3 18
3 19
3 20
4 3
4 7
4 8
4 11
4 13
4 14
5 0
5 1
5 9
5 11
5 15
5 16
6 2
6 3
6 9
6 10
6 11
6 12
6 17
6 18
6 19
6 20
7 3
7 4
7 8
7 11
7 13
7 14
8 3
8 4
8 7
8 11
8 13
8 14
9 0
9 1
9 5
9 6
9 11
9 15
9 16
10 2
10 3
10 6
10 11
10 12
10 17
10 18
10 19
10 20
11 0
11 1
11 2
11 3
11 4
11 5
11 6
11 7
11 8
11 9
11 10
11 12
11 13
11 14
11 15
11 16
11 17
11 18
11 19
11 20
12 2
12 3
12 6
12 10
12 11
12 17
12 18
12 19
12 20
13 3
13 4
13 7
13 8
13 11
13 14
14 3
14 4
14 7
14 8
14 11
14 13
15 0
15 1
15 5
15 9
15 11
15 16
16 0
16 1
16 5
16 9
16 11
16 15
17 2
17 3
17 6
17 10
17 11
17 12
17 18
17 19
17 20
18 2
18 3
18 6
18 10
18 11
18 12
18 17
18 19
18 20
19 2
19 3
19 6
19 10
19 11
19 12
19 17
19 18
19 20
20 2
20 3
20 6
20 10
20 11
20 12
20 17
20 18
20 19
