0 1
0 3
0 5
0 6
0 8
0 18
1 0
1 3
1 5
1 6
1 8
1 18
2 5
2 11
2 13
2 18
3 0
3 1
3 5
3 6
3 8
3 18
4 5
4 7
4 14
4 17
4 18
5 0
5 1
5 2
5 3
5 4
5 6
5 7
5 8
5 11
5 13
5 14
5 17
5 18
6 0
6 1
6 3
6 5
6 8
6 18
7 4
7 5
7 14
7 17
7 18
8 0
8 1
8 3
8 5
8 6
8 18
9 10
9 12
9 15
9 16
9 18
10 9
10 12
10 15
10 16
10 18
11 2
11 5
11 13
11 18
12 9
12 10
12 15
12 16
12 18
13 2
13 5
13 11
13 18
14 4
14 5
14 7
14 17
14 18
15 9
15 10
15 12
15 16
15 18
16 9
16 10
16 12
16 15
16 18
17 4
17 5
17 7
17 14
17 18
18 0
18 1
18 2
18 3
18 4
18 5
18 6
18 7
18 8
18 9
18 10
18 11
18 12
18 13
18 14
18 15
18 16
18 17
