0 1
0 10
0 11
0 14
0 16
1 0
1 10
1 11
1 14
1 16
2 6
2 7
2 9
2 11
2 12
2 14
2 17
3 4
3 5
3 8
3 11
3 13
3 15
4 3
4 5
4 8
4 11
4 13
4 15
5 3
5 4
5 8
5 11
5 13
5 15
6 2
6 11
6 14
6 17
7 2
7 9
7 11
7 12
7 14
8 3
8 4
8 5
8 11
8 13
8 15
9 2
9 7
9 11
9 12
9 14
10 0
10 1
10 11
10 14
10 16
11 0
11 1
11 2
11 3
11 4
11 5
11 6
11 7
11 8
11 9
11 10
11 12
11 13
11 14
11 15
11 16
11 17
12 2
12 7
12 9
12 11
12 14
13 3
13 4
13 5
13 8
13 11
13 15
14 0
14 1
14 2
14 6
14 7
14 9
14 10
14 11
14 12
14 16
14 17
15 3
15 4
15 5
15 8
15 11
15 13
16 0
16 1
16 10
16 11
16 14
17 2
17 6
17 11
17 14
