0 3
0 7
0 11
0 12
0 20
1 6
1 7
1 10
1 14
1 18
1 19
2 7
2 8
2 13
2 17
3 0
3 7
3 11
3 12
3 20
4 5
4 7
4 9
4 15
4 16
5 4
5 7
5 9
5 15
5 16
6 1
6 7
6 10
6 14
6 18
6 19
7 0
7 1
7 2
7 3
7 4
7 5
7 6
7 8
7 9
7 10
7 11
7 12
7 13
7 14
7 15
7 16
7 17
7 18
7 19
7 20
8 2
8 7
8 13
8 17
9 4
9 5
9 7
9 15
9 16
10 1
10 6
10 7
10 14
10 18
10 19
11 0
11 3
11 7
11 12
11 20
12 0
12 3
12 7
12 11
12 20
13 2
13 7
13 8
13 17
14 1
14 6
14 7
14 10
14 18
14 19
15 4
15 5
15 7
15 9
15 16
16 4
16 5
16 7
16 9
16 15
17 2
17 7
17 8
17 13
18 1
18 6
18 7
18 10
18 14
18 19
19 1
19 6
19 7
19 10
19 14
19 18
20 0
20 3
20 7
20 11
20 12
