0 2
0 6
0 7
0 8
0 15
1 4
1 8
1 11
1 12
1 13
1 14
2 0
2 6
2 7
2 8
2 15
3 5
3 8
3 9
3 18
4 1
4 8
4 11
4 12
4 13
4 14
5 3
5 8
5 9
5 18
6 0
6 2
6 7
6 8
6 15
7 0
7 2
7 6
7 8
7 15
8 0
8 1
8 2
8 3
8 4
8 5
8 6
8 7
8 9
8 10
8 11
8 12
8 13
8 14
8 15
8 16
8 17
8 18
9 3
9 5
9 8
9 18
10 8
10 16
10 17
11 1
11 4
11 8
11 12
11 13
11 14
12 1
12 4
12 8
12 11
12 13
12 14
13 1
13 4
13 8
13 11
13 12
13 14
14 1
14 4
14 8
14 11
14 12
14 13
15 0
15 2
15 6
15 7
15 8
16 8
16 10
16 17
17 8
17 10
17 16
18 3
18 5
18 8
18 9
