0 1
0 2
0 4
0 5
0 6
0 7
0 9
0 13
0 14
0 16
0 18
0 19
0 20
0 21
0 23
0 25
0 26
1 0
1 2
1 4
1 5
1 6
1 7
1 9
1 13
1 14
1 16
1 18
1 19
1 20
1 21
1 23
1 25
1 26
2 0
2 1
2 4
2 5
2 6
2 7
2 8
2 9
2 10
2 12
2 13
2 14
2 15
2 16
2 18
2 19
2 20
2 21
2 23
2 24
2 25
2 26
3 4
3 6
3 10
3 11
3 17
3 22
3 24
3 26
4 0
4 1
4 2
4 3
4 5
4 6
4 7
4 8
4 9
4 10
4 11
4 12
4 13
4 14
4 15
4 16
4 17
4 18
4 19
4 20
4 21
4 22
4 23
4 24
4 25
4 26
5 0
5 1
5 2
5 4
5 6
5 7
5 8
5 9
5 10
5 12
5 13
5 14
5 15
5 16
5 18
5 19
5 20
5 21
5 23
5 25
5 26
6 0
6 1
6 2
6 3
6 4
6 5
6 7
6 8
6 9
6 10
6 11
6 12
6 13
6 14
6 15
6 16
6 17
6 18
6 19
6 20
6 21
6 22
6 23
6 24
6 25
6 26
7 0
7 1
7 2
7 4
7 5
7 6
7 9
7 13
7 14
7 16
7 18
7 19
7 20
7 21
7 23
7 25
7 26
8 2
8 4
8 5
8 6
8 10
8 12
8 14
8 15
8 25
8 26
9 0
9 1
9 2
9 4
9 5
9 6
9 7
9 13
9 14
9 16
9 18
9 19
9 20
9 21
9 23
9 24
9 25
9 26
10 2
10 3
10 4
10 5
10 6
10 8
10 11
10 12
10 13
10 14
10 15
10 17
10 19
10 22
10 24
10 25
10 26
11 3
11 4
11 6
11 10
11 17
11 22
11 24
11 26
12 2
12 4
12 5
12 6
12 8
12 10
12 14
12 15
12 25
12 26
13 0
13 1
13 2
13 4
13 5
13 6
13 7
13 9
13 10
13 14
13 16
13 18
13 19
13 20
13 21
13 23
13 25
13 26
14 0
14 1
14 2
14 4
14 5
14 6
14 7
14 8
14 9
14 10
14 12
14 13
14 15
14 16
14 18
14 19
14 20
14 21
14 23
14 24
14 25
14 26
15 2
15 4
15 5
15 6
15 8
15 10
15 12
15 14
15 25
15 26
16 0
16 1
16 2
16 4
16 5
16 6
16 7
16 9
16 13
16 14
16 18
16 19
16 20
16 21
16 23
16 25
16 26
17 3
17 4
17 6
17 10
17 11
17 22
17 24
17 26
18 0
18 1
18 2
18 4
18 5
18 6
18 7
18 9
18 13
18 14
18 16
18 19
18 20
18 21
18 23
18 25
18 26
19 0
19 1
19 2
19 4
19 5
19 6
19 7
19 9
19 10
19 13
19 14
19 16
19 18
19 20
19 21
19 23
19 25
19 26
20 0
20 1
20 2
20 4
20 5
20 6
20 7
20 9
20 13
20 14
20 16
20 18
20 19
20 21
20 23
20 25
20 26
21 0
21 1
21 2
21 4
21 5
21 6
21 7
21 9
21 13
21 14
21 16
21 18
21 19
21 20
21 23
21 24
21 25
21 26
22 3
22 4
22 6
22 10
22 11
22 17
22 24
22 26
23 0
23 1
23 2
23 4
23 5
23 6
23 7
23 9
23 13
23 14
23 16
23 18
23 19
23 20
23 21
23 25
23 26
24 2
24 3
24 4
24 6
24 9
24 10
24 11
24 14
24 17
24 21
24 22
24 26
25 0
25 1
25 2
25 4
25 5
25 6
25 7
25 8
25 9
25 10
25 12
25 13
25 14
25 15
25 16
25 18
25 19
25 20
25 21
25 23
25 26
26 0
26 1
26 2
26 3
26 4
26 5
26 6
26 7
26 8
26 9
26 10
26 11
26 12
26 13
26 14
26 15
26 16
26 17
26 18
26 19
26 20
26 21
26 22
26 23
26 24
26 25
