0 1
0 10
0 11
0 13
0 16
1 0
1 2
1 3
1 4
1 5
1 6
1 7
1 8
1 9
1 10
1 11
1 12
1 13
1 14
1 15
1 16
1 17
1 18
1 19
1 20
2 1
2 4
2 6
2 7
2 15
2 18
3 1
3 9
3 10
3 12
4 1
4 2
4 6
4 7
4 15
4 18
5 1
5 8
5 11
5 14
5 17
5 19
5 20
6 1
6 2
6 4
6 7
6 15
6 18
7 1
7 2
7 4
7 6
7 15
7 18
8 1
8 5
8 11
8 14
8 17
8 19
8 20
9 1
9 3
9 10
9 12
10 0
10 1
10 3
10 9
10 11
10 12
10 13
10 16
11 0
11 1
11 5
11 8
11 10
11 13
11 14
11 16
11 17
11 19
11 20
12 1
12 3
12 9
12 10
13 0
13 1
13 10
13 11
13 16
14 1
14 5
14 8
14 11
14 17
14 19
14 20
15 1
15 2
15 4
15 6
15 7
15 18
16 0
16 1
16 10
16 11
16 13
17 1
17 5
17 8
17 11
17 14
17 19
17 20
18 1
18 2
18 4
18 6
18 7
18 15
19 1
19 5
19 8
19 11
19 14
19 17
19 20
20 1
20 5
20 8
20 11
20 14
20 17
20 19
