0 4
0 7
0 8
0 9
0 14
0 25
0 30
0 35
0 37
0 39
0 42
0 44
0 47
0 53
0 58
0 63
1 2
1 21
1 23
1 25
1 26
1 29
1 33
1 35
1 36
1 38
1 43
1 47
1 48
1 49
1 51
1 52
1 54
1 57
1 60
2 1
2 21
2 23
2 25
2 26
2 29
2 33
2 35
2 36
2 38
2 43
2 47
2 48
2 49
2 51
2 52
2 54
2 57
2 60
3 5
3 11
3 16
3 17
3 18
3 19
3 27
3 35
3 36
3 38
3 45
3 47
3 49
3 51
3 59
3 60
3 62
4 0
4 7
4 8
4 9
4 14
4 25
4 30
4 35
4 37
4 39
4 42
4 44
4 47
4 53
4 58
4 63
5 3
5 11
5 16
5 17
5 18
5 19
5 27
5 35
5 36
5 38
5 45
5 47
5 49
5 51
5 59
5 60
5 62
6 20
6 21
6 29
6 32
6 35
6 46
6 47
6 49
6 52
6 54
6 57
6 60
6 61
7 0
7 4
7 8
7 9
7 14
7 25
7 30
7 35
7 37
7 39
7 42
7 44
7 47
7 53
7 58
7 63
8 0
8 4
8 7
8 9
8 14
8 25
8 30
8 35
8 37
8 39
8 42
8 44
8 47
8 53
8 58
8 63
9 0
9 4
9 7
9 8
9 14
9 25
9 30
9 35
9 37
9 39
9 42
9 44
9 47
9 53
9 58
9 63
10 11
10 13
10 16
10 17
10 24
10 27
10 31
10 34
10 35
10 41
10 47
10 52
10 59
10 60
11 3
11 5
11 10
11 12
11 13
11 16
11 17
11 18
11 19
11 22
11 24
11 27
11 28
11 31
11 34
11 35
11 36
11 37
11 38
11 40
11 41
11 45
11 47
11 49
11 50
11 51
11 56
11 59
11 60
11 62
11 64
12 11
12 16
12 22
12 24
12 27
12 31
12 35
12 40
12 47
12 64
13 10
13 11
13 16
13 17
13 27
13 31
13 34
13 35
13 41
13 47
13 59
14 0
14 4
14 7
14 8
14 9
14 25
14 30
14 35
14 37
14 39
14 42
14 44
14 47
14 53
14 58
14 63
15 28
15 35
15 47
15 50
15 55
15 56
15 60
16 3
16 5
16 10
16 11
16 12
16 13
16 17
16 18
16 19
16 22
16 24
16 27
16 28
16 31
16 34
16 35
16 36
16 37
16 38
16 40
16 41
16 45
16 47
16 49
16 50
16 51
16 56
16 59
16 60
16 62
16 64
17 3
17 5
17 10
17 11
17 13
17 16
17 18
17 19
17 24
17 27
17 28
17 31
17 34
17 35
17 36
17 38
17 40
17 41
17 45
17 47
17 49
17 50
17 51
17 59
17 60
17 62
18 3
18 5
18 11
18 16
18 17
18 19
18 27
18 35
18 36
18 38
18 45
18 47
18 49
18 51
18 59
18 60
18 62
19 3
19 5
19 11
19 16
19 17
19 18
19 27
19 28
19 35
19 36
19 38
19 45
19 47
19 49
19 50
19 51
19 52
19 59
19 60
19 62
20 6
20 21
20 29
20 32
20 35
20 46
20 47
20 49
20 52
20 54
20 57
20 60
20 61
21 1
21 2
21 6
21 20
21 23
21 25
21 26
21 29
21 32
21 33
21 35
21 36
21 38
21 43
21 46
21 47
21 48
21 49
21 51
21 52
21 54
21 57
21 60
21 61
22 11
22 12
22 16
22 24
22 27
22 31
22 35
22 40
22 47
22 64
23 1
23 2
23 21
23 25
23 26
23 29
23 33
23 35
23 36
23 38
23 43
23 47
23 48
23 49
23 51
23 52
23 54
23 57
23 60
24 10
24 11
24 12
24 16
24 17
24 22
24 27
24 31
24 34
24 35
24 40
24 47
24 52
24 59
24 60
24 62
24 64
25 0
25 1
25 2
25 4
25 7
25 8
25 9
25 14
25 21
25 23
25 26
25 29
25 30
25 33
25 35
25 36
25 37
25 38
25 39
25 42
25 43
25 44
25 47
25 48
25 49
25 51
25 52
25 53
25 54
25 56
25 57
25 58
25 59
25 60
25 63
26 1
26 2
26 21
26 23
26 25
26 29
26 33
26 35
26 36
26 38
26 43
26 47
26 48
26 49
26 51
26 52
26 54
26 57
26 60
27 3
27 5
27 10
27 11
27 12
27 13
27 16
27 17
27 18
27 19
27 22
27 24
27 31
27 34
27 35
27 36
27 38
27 40
27 41
27 45
27 47
27 49
27 51
27 59
27 60
27 62
27 64
28 11
28 15
28 16
28 17
28 19
28 35
28 47
28 49
28 50
28 52
28 55
28 56
28 60
29 1
29 2
29 6
29 20
29 21
29 23
29 25
29 26
29 32
29 33
29 35
29 36
29 38
29 43
29 46
29 47
29 48
29 49
29 51
29 52
29 54
29 57
29 60
29 61
30 0
30 4
30 7
30 8
30 9
30 14
30 25
30 35
30 37
30 39
30 42
30 44
30 47
30 53
30 58
30 63
31 10
31 11
31 12
31 13
31 16
31 17
31 22
31 24
31 27
31 34
31 35
31 40
31 41
31 47
31 59
31 64
32 6
32 20
32 21
32 29
32 35
32 46
32 47
32 49
32 52
32 54
32 57
32 60
32 61
33 1
33 2
33 21
33 23
33 25
33 26
33 29
33 35
33 36
33 38
33 43
33 47
33 48
33 49
33 51
33 52
33 54
33 57
33 60
34 10
34 11
34 13
34 16
34 17
34 24
34 27
34 31
34 35
34 41
34 47
34 59
35 0
35 1
35 2
35 3
35 4
35 5
35 6
35 7
35 8
35 9
35 10
35 11
35 12
35 13
35 14
35 15
35 16
35 17
35 18
35 19
35 20
35 21
35 22
35 23
35 24
35 25
35 26
35 27
35 28
35 29
35 30
35 31
35 32
35 33
35 34
35 36
35 37
35 38
35 39
35 40
35 41
35 42
35 43
35 44
35 45
35 46
35 47
35 48
35 49
35 50
35 51
35 52
35 53
35 54
35 55
35 56
35 57
35 58
35 59
35 60
35 61
35 62
35 63
35 64
36 1
36 2
36 3
36 5
36 11
36 16
36 17
36 18
36 19
36 21
36 23
36 25
36 26
36 27
36 29
36 33
36 35
36 38
36 43
36 45
36 47
36 48
36 49
36 51
36 52
36 54
36 57
36 59
36 60
36 62
37 0
37 4
37 7
37 8
37 9
37 11
37 14
37 16
37 25
37 30
37 35
37 39
37 42
37 44
37 47
37 49
37 53
37 58
37 63
38 1
38 2
38 3
38 5
38 11
38 16
38 17
38 18
38 19
38 21
38 23
38 25
38 26
38 27
38 29
38 33
38 35
38 36
38 43
38 45
38 47
38 48
38 49
38 51
38 52
38 54
38 57
38 59
38 60
38 62
39 0
39 4
39 7
39 8
39 9
39 14
39 25
39 30
39 35
39 37
39 42
39 44
39 47
39 53
39 58
39 63
40 11
40 12
40 16
40 17
40 22
40 24
40 27
40 31
40 35
40 47
40 60
40 64
41 10
41 11
41 13
41 16
41 17
41 27
41 31
41 34
41 35
41 47
41 59
42 0
42 4
42 7
42 8
42 9
42 14
42 25
42 30
42 35
42 37
42 39
42 44
42 47
42 53
42 58
42 63
43 1
43 2
43 21
43 23
43 25
43 26
43 29
43 33
43 35
43 36
43 38
43 47
43 48
43 49
43 51
43 52
43 54
43 57
43 60
44 0
44 4
44 7
44 8
44 9
44 14
44 25
44 30
44 35
44 37
44 39
44 42
44 47
44 53
44 58
44 63
45 3
45 5
45 11
45 16
45 17
45 18
45 19
45 27
45 35
45 36
45 38
45 47
45 49
45 51
45 59
45 60
45 62
46 6
46 20
46 21
46 29
46 32
46 35
46 47
46 49
46 52
46 54
46 57
46 59
46 60
46 61
47 0
47 1
47 2
47 3
47 4
47 5
47 6
47 7
47 8
47 9
47 10
47 11
47 12
47 13
47 14
47 15
47 16
47 17
47 18
47 19
47 20
47 21
47 22
47 23
47 24
47 25
47 26
47 27
47 28
47 29
47 30
47 31
47 32
47 33
47 34
47 35
47 36
47 37
47 38
47 39
47 40
47 41
47 42
47 43
47 44
47 45
47 46
47 48
47 49
47 50
47 51
47 52
47 53
47 54
47 55
47 56
47 57
47 58
47 59
47 60
47 61
47 62
47 63
47 64
48 1
48 2
48 21
48 23
48 25
48 26
48 29
48 33
48 35
48 36
48 38
48 43
48 47
48 49
48 51
48 52
48 54
48 57
48 60
49 1
49 2
49 3
49 5
49 6
49 11
49 16
49 17
49 18
49 19
49 20
49 21
49 23
49 25
49 26
49 27
49 28
49 29
49 32
49 33
49 35
49 36
49 37
49 38
49 43
49 45
49 46
49 47
49 48
49 50
49 51
49 52
49 54
49 57
49 59
49 60
49 61
49 62
50 11
50 15
50 16
50 17
50 19
50 28
50 35
50 47
50 49
50 55
50 56
50 60
51 1
51 2
51 3
51 5
51 11
51 16
51 17
51 18
51 19
51 21
51 23
51 25
51 26
51 27
51 29
51 33
51 35
51 36
51 38
51 43
51 45
51 47
51 48
51 49
51 52
51 54
51 57
51 59
51 60
51 62
52 1
52 2
52 6
52 10
52 19
52 20
52 21
52 23
52 24
52 25
52 26
52 28
52 29
52 32
52 33
52 35
52 36
52 38
52 43
52 46
52 47
52 48
52 49
52 51
52 54
52 56
52 57
52 59
52 60
52 61
53 0
53 4
53 7
53 8
53 9
53 14
53 25
53 30
53 35
53 37
53 39
53 42
53 44
53 47
53 58
53 63
54 1
54 2
54 6
54 20
54 21
54 23
54 25
54 26
54 29
54 32
54 33
54 35
54 36
54 38
54 43
54 46
54 47
54 48
54 49
54 51
54 52
54 57
54 60
54 61
55 15
55 28
55 35
55 47
55 50
55 56
55 60
56 11
56 15
56 16
56 25
56 28
56 35
56 47
56 50
56 52
56 55
56 59
56 60
57 1
57 2
57 6
57 20
57 21
57 23
57 25
57 26
57 29
57 32
57 33
57 35
57 36
57 38
57 43
57 46
57 47
57 48
57 49
57 51
57 52
57 54
57 60
57 61
58 0
58 4
58 7
58 8
58 9
58 14
58 25
58 30
58 35
58 37
58 39
58 42
58 44
58 47
58 53
58 63
59 3
59 5
59 10
59 11
59 13
59 16
59 17
59 18
59 19
59 24
59 25
59 27
59 31
59 34
59 35
59 36
59 38
59 41
59 45
59 46
59 47
59 49
59 51
59 52
59 56
59 60
59 62
60 1
60 2
60 3
60 5
60 6
60 10
60 11
60 15
60 16
60 17
60 18
60 19
60 20
60 21
60 23
60 24
60 25
60 26
60 27
60 28
60 29
60 32
60 33
60 35
60 36
60 38
60 40
60 43
60 45
60 46
60 47
60 48
60 49
60 50
60 51
60 52
60 54
60 55
60 56
60 57
60 59
60 61
60 62
61 6
61 20
61 21
61 29
61 32
61 35
61 46
61 47
61 49
61 52
61 54
61 57
61 60
62 3
62 5
62 11
62 16
62 17
62 18
62 19
62 24
62 27
62 35
62 36
62 38
62 45
62 47
62 49
62 51
62 59
62 60
63 0
63 4
63 7
63 8
63 9
63 14
63 25
63 30
63 35
63 37
63 39
63 42
63 44
63 47
63 53
63 58
64 11
64 12
64 16
64 22
64 24
64 27
64 31
64 35
64 40
64 47
