0 8
0 12
0 30
0 34
1 4
1 6
1 17
1 19
1 23
1 30
1 37
1 39
2 14
2 15
2 16
2 21
2 30
3 5
3 9
3 10
3 11
3 13
3 18
3 20
3 24
3 27
3 30
3 38
4 1
4 6
4 17
4 19
4 23
4 30
4 37
4 39
5 3
5 9
5 10
5 11
5 13
5 18
5 20
5 24
5 27
5 30
5 38
6 1
6 4
6 17
6 19
6 23
6 30
6 37
6 39
7 13
7 20
7 24
7 27
7 29
7 30
7 33
7 34
7 35
7 36
8 0
8 12
8 30
8 34
9 3
9 5
9 10
9 11
9 13
9 14
9 18
9 20
9 24
9 27
9 30
9 35
9 36
9 38
10 3
10 5
10 9
10 11
10 13
10 18
10 20
10 24
10 27
10 30
10 38
11 3
11 5
11 9
11 10
11 13
11 18
11 20
11 24
11 27
11 30
11 38
12 0
12 8
12 30
12 34
13 3
13 5
13 7
13 9
13 10
13 11
13 14
13 18
13 20
13 24
13 27
13 29
13 30
13 33
13 34
13 35
13 36
13 38
14 2
14 9
14 13
14 15
14 16
14 20
14 21
14 24
14 27
14 30
14 35
14 36
15 2
15 14
15 16
15 21
15 30
16 2
16 14
16 15
16 21
16 30
17 1
17 4
17 6
17 19
17 23
17 30
17 37
17 39
18 3
18 5
18 9
18 10
18 11
18 13
18 20
18 24
18 27
18 30
18 32
18 38
19 1
19 4
19 6
19 17
19 23
19 25
19 28
19 30
19 32
19 37
19 39
20 3
20 5
20 7
20 9
20 10
20 11
20 13
20 14
20 18
20 22
20 24
20 27
20 29
20 30
20 33
20 34
20 35
20 36
20 38
21 2
21 14
21 15
21 16
21 30
22 20
22 24
22 26
22 30
22 31
22 40
23 1
23 4
23 6
23 17
23 19
23 30
23 31
23 37
23 39
24 3
24 5
24 7
24 9
24 10
24 11
24 13
24 14
24 18
24 20
24 22
24 27
24 29
24 30
24 33
24 34
24 35
24 36
24 38
25 19
25 28
25 30
25 32
25 37
25 39
26 22
26 30
26 31
26 40
27 3
27 5
27 7
27 9
27 10
27 11
27 13
27 14
27 18
27 20
27 24
27 29
27 30
27 33
27 34
27 35
27 36
27 38
28 19
28 25
28 30
28 32
28 37
28 39
29 7
29 13
29 20
29 24
29 27
29 30
29 33
29 34
29 35
29 36
30 0
30 1
30 2
30 3
30 4
30 5
30 6
30 7
30 8
30 9
30 10
30 11
30 12
30 13
30 14
30 15
30 16
30 17
30 18
30 19
30 20
30 21
30 22
30 23
30 24
30 25
30 26
30 27
30 28
30 29
30 31
30 32
30 33
30 34
30 35
30 36
30 37
30 38
30 39
30 40
31 22
31 23
31 26
31 30
31 40
32 18
32 19
32 25
32 28
32 30
32 37
32 39
33 7
33 13
33 20
33 24
33 27
33 29
33 30
33 34
33 35
33 36
34 0
34 7
34 8
34 12
34 13
34 20
34 24
34 27
34 29
34 30
34 33
34 35
34 36
35 7
35 9
35 13
35 14
35 20
35 24
35 27
35 29
35 30
35 33
35 34
35 36
36 7
36 9
36 13
36 14
36 20
36 24
36 27
36 29
36 30
36 33
36 34
36 35
36 39
37 1
37 4
37 6
37 17
37 19
37 23
37 25
37 28
37 30
37 32
37 39
38 3
38 5
38 9
38 10
38 11
38 13
38 18
38 20
38 24
38 27
38 30
39 1
39 4
39 6
39 17
39 19
39 23
39 25
39 28
39 30
39 32
39 36
39 37
40 22
40 26
40 30
40 31
