0 4
0 6
0 8
0 10
0 14
0 19
0 20
1 2
1 5
1 9
1 10
1 12
1 13
1 18
1 19
1 22
2 1
2 5
2 9
2 10
2 12
2 13
2 18
2 19
2 22
3 11
3 15
3 16
3 17
3 19
3 21
3 25
4 0
4 6
4 8
4 10
4 14
4 19
4 20
5 1
5 2
5 9
5 10
5 12
5 13
5 18
5 19
5 22
6 0
6 4
6 8
6 10
6 14
6 19
6 20
7 19
7 23
7 24
7 26
8 0
8 4
8 6
8 10
8 14
8 19
8 20
9 1
9 2
9 5
9 10
9 12
9 13
9 18
9 19
9 22
10 0
10 1
10 2
10 4
10 5
10 6
10 8
10 9
10 12
10 13
10 14
10 18
10 19
10 20
10 22
11 3
11 15
11 16
11 17
11 19
11 21
11 25
12 1
12 2
12 5
12 9
12 10
12 13
12 18
12 19
12 22
13 1
13 2
13 5
13 9
13 10
13 12
13 18
13 19
13 22
14 0
14 4
14 6
14 8
14 10
14 19
14 20
15 3
15 11
15 16
15 17
15 19
15 21
15 25
16 3
16 11
16 15
16 17
16 19
16 21
16 25
17 3
17 11
17 15
17 16
17 19
17 20
17 21
17 25
18 1
18 2
18 5
18 9
18 10
18 12
18 13
18 19
18 22
19 0
19 1
19 2
19 3
19 4
19 5
19 6
19 7
19 8
19 9
19 10
19 11
19 12
19 13
19 14
19 15
19 16
19 17
19 18
19 20
19 21
19 22
19 23
19 24
19 25
19 26
20 0
20 4
20 6
20 8
20 10
20 14
20 17
20 19
21 3
21 11
21 15
21 16
21 17
21 19
21 25
22 1
22 2
22 5
22 9
22 10
22 12
22 13
22 18
22 19
22 26
23 7
23 19
23 24
23 26
24 7
24 19
24 23
24 26
25 3
25 11
25 15
25 16
25 17
25 19
25 21
26 7
26 19
26 22
26 23
26 24
