0 2
0 4
0 6
0 12
0 21
1 5
1 10
1 12
1 13
1 15
1 22
2 0
2 4
2 6
2 12
2 21
3 12
3 17
3 20
3 25
4 0
4 2
4 6
4 12
4 21
5 1
5 10
5 12
5 13
5 15
5 22
6 0
6 2
6 4
6 12
6 21
7 10
7 12
7 16
7 18
8 12
8 19
8 23
9 11
9 12
9 14
9 24
10 1
10 5
10 7
10 12
10 13
10 15
10 16
10 18
10 22
11 9
11 12
11 14
11 24
12 0
12 1
12 2
12 3
12 4
12 5
12 6
12 7
12 8
12 9
12 10
12 11
12 13
12 14
12 15
12 16
12 17
12 18
12 19
12 20
12 21
12 22
12 23
12 24
12 25
13 1
13 5
13 10
13 12
13 15
13 22
14 9
14 11
14 12
14 24
15 1
15 5
15 10
15 12
15 13
15 22
16 7
16 10
16 12
16 18
17 3
17 12
17 20
17 25
18 7
18 10
18 12
18 16
19 8
19 12
19 23
20 3
20 12
20 17
20 25
21 0
21 2
21 4
21 6
21 12
22 1
22 5
22 10
22 12
22 13
22 15
23 8
23 12
23 19
24 9
24 11
24 12
24 14
25 3
25 12
25 17
25 20
