0 2
0 4
0 6
0 7
0 9
0 10
0 13
0 14
0 16
0 17
0 19
0 21
0 24
0 25
0 26
0 27
0 29
1 3
1 4
1 10
1 12
1 14
1 17
1 22
1 25
1 28
1 29
2 0
2 4
2 6
2 7
2 9
2 10
2 13
2 14
2 16
2 17
2 19
2 21
2 24
2 26
2 27
2 29
3 1
3 4
3 6
3 10
3 12
3 13
3 14
3 16
3 17
3 21
3 22
3 25
3 27
3 28
3 29
4 0
4 1
4 2
4 3
4 6
4 7
4 9
4 10
4 13
4 14
4 16
4 17
4 19
4 21
4 24
4 25
4 26
4 27
4 29
5 8
5 11
5 15
5 18
5 20
5 23
5 29
6 0
6 2
6 3
6 4
6 7
6 9
6 10
6 13
6 14
6 16
6 17
6 19
6 21
6 24
6 26
6 27
6 29
7 0
7 2
7 4
7 6
7 9
7 10
7 13
7 14
7 16
7 17
7 19
7 21
7 24
7 26
7 27
7 29
8 5
8 11
8 15
8 18
8 20
8 23
8 29
9 0
9 2
9 4
9 6
9 7
9 10
9 13
9 14
9 16
9 17
9 19
9 21
9 24
9 26
9 27
9 29
10 0
10 1
10 2
10 3
10 4
10 6
10 7
10 9
10 13
10 14
10 16
10 17
10 19
10 21
10 24
10 25
10 26
10 27
10 29
11 5
11 8
11 15
11 18
11 20
11 23
11 29
12 1
12 3
12 14
12 17
12 22
12 25
12 28
12 29
13 0
13 2
13 3
13 4
13 6
13 7
13 9
13 10
13 14
13 16
13 17
13 19
13 21
13 24
13 26
13 27
13 29
14 0
14 1
14 2
14 3
14 4
14 6
14 7
14 9
14 10
14 12
14 13
14 16
14 17
14 19
14 21
14 22
14 24
14 25
14 26
14 27
14 28
14 29
15 5
15 8
15 11
15 18
15 20
15 23
15 29
16 0
16 2
16 3
16 4
16 6
16 7
16 9
16 10
16 13
16 14
16 17
16 19
16 21
16 24
16 25
16 26
16 27
16 29
17 0
17 1
17 2
17 3
17 4
17 6
17 7
17 9
17 10
17 12
17 13
17 14
17 16
17 19
17 21
17 22
17 24
17 25
17 26
17 27
17 28
17 29
18 5
18 8
18 11
18 15
18 20
18 23
18 29
19 0
19 2
19 4
19 6
19 7
19 9
19 10
19 13
19 14
19 16
19 17
19 21
19 24
19 26
19 27
19 29
20 5
20 8
20 11
20 15
20 18
20 23
20 29
21 0
21 2
21 3
21 4
21 6
21 7
21 9
21 10
21 13
21 14
21 16
21 17
21 19
21 24
21 25
21 26
21 27
21 29
22 1
22 3
22 12
22 14
22 17
22 25
22 28
22 29
23 5
23 8
23 11
23 15
23 18
23 20
23 29
24 0
24 2
24 4
24 6
24 7
24 9
24 10
24 13
24 14
24 16
24 17
24 19
24 21
24 26
24 27
24 29
25 0
25 1
25 3
25 4
25 10
25 12
25 14
25 16
25 17
25 21
25 22
25 28
25 29
26 0
26 2
26 4
26 6
26 7
26 9
26 10
26 13
26 14
26 16
26 17
26 19
26 21
26 24
26 27
26 29
27 0
27 2
27 3
27 4
27 6
27 7
27 9
27 10
27 13
27 14
27 16
27 17
27 19
27 21
27 24
27 26
27 29
28 1
28 3
28 12
28 14
28 17
28 22
28 25
28 29
29 0
29 1
29 2
29 3
29 4
29 5
29 6
29 7
29 8
29 9
29 10
29 11
29 12
29 13
29 14
29 15
29 16
29 17
29 18
29 19
29 20
29 21
29 22
29 23
29 24
29 25
29 26
29 27
29 28
