0 1
0 2
0 6
0 9
0 12
0 16
0 22
1 0
1 2
1 6
1 9
1 12
1 16
1 22
2 0
2 1
2 6
2 9
2 12
2 14
2 16
2 22
3 5
3 7
3 8
3 10
3 12
3 18
3 19
3 24
4 12
4 13
4 17
4 20
4 23
5 3
5 7
5 8
5 10
5 12
5 18
5 19
5 24
6 0
6 1
6 2
6 9
6 12
6 16
6 22
7 3
7 5
7 8
7 10
7 12
7 18
7 19
7 24
8 3
8 5
8 7
8 10
8 12
8 18
8 19
8 24
9 0
9 1
9 2
9 6
9 12
9 14
9 16
9 22
10 3
10 5
10 7
10 8
10 12
10 18
10 19
10 24
11 12
11 14
11 15
11 21
12 0
12 1
12 2
12 3
12 4
12 5
12 6
12 7
12 8
12 9
12 10
12 11
12 13
12 14
12 15
12 16
12 17
12 18
12 19
12 20
12 21
12 22
12 23
12 24
13 4
13 12
13 17
13 20
13 23
14 2
14 9
14 11
14 12
14 15
14 21
15 11
15 12
15 14
15 21
16 0
16 1
16 2
16 6
16 9
16 12
16 22
17 4
17 12
17 13
17 20
17 23
18 3
18 5
18 7
18 8
18 10
18 12
18 19
18 24
19 3
19 5
19 7
19 8
19 10
19 12
19 18
19 24
20 4
20 12
20 13
20 17
20 23
21 11
21 12
21 14
21 15
22 0
22 1
22 2
22 6
22 9
22 12
22 16
23 4
23 12
23 13
23 17
23 20
24 3
24 5
24 7
24 8
24 10
24 12
24 18
24 19
