0 3
0 5
0 7
0 11
0 14
0 18
1 2
1 6
1 8
1 9
1 10
1 12
1 17
1 18
2 1
2 6
2 8
2 9
2 10
2 12
2 17
2 18
3 0
3 5
3 7
3 11
3 14
3 18
4 13
4 15
4 16
4 18
5 0
5 3
5 7
5 11
5 14
5 18
6 1
6 2
6 8
6 9
6 10
6 12
6 17
6 18
7 0
7 3
7 5
7 11
7 14
7 18
8 1
8 2
8 6
8 9
8 10
8 12
8 17
8 18
9 1
9 2
9 6
9 8
9 10
9 12
9 17
9 18
10 1
10 2
10 6
10 8
10 9
10 12
10 17
10 18
11 0
11 3
11 5
11 7
11 14
11 18
12 1
12 2
12 6
12 8
12 9
12 10
12 17
12 18
13 4
13 15
13 16
13 18
14 0
14 3
14 5
14 7
14 11
14 18
15 4
15 13
15 16
15 18
16 4
16 13
16 15
16 18
17 1
17 2
17 6
17 8
17 9
17 10
17 12
17 18
18 0
18 1
18 2
18 3
18 4
18 5
18 6
18 7
18 8
18 9
18 10
18 11
18 12
18 13
18 14
18 15
18 16
18 17
