0 3
0 9
0 18
0 19
0 21
1 2
1 4
1 5
1 18
1 22
2 1
2 4
2 5
2 18
2 22
3 0
3 9
3 18
3 19
3 21
4 1
4 2
4 5
4 18
4 22
5 1
5 2
5 4
5 18
5 22
6 8
6 12
6 13
6 14
6 15
6 16
6 17
6 18
7 10
7 11
7 18
7 20
7 23
8 6
8 12
8 13
8 14
8 15
8 16
8 17
8 18
9 0
9 3
9 18
9 19
9 21
10 7
10 11
10 18
10 20
10 23
11 7
11 10
11 18
11 20
11 23
12 6
12 8
12 13
12 14
12 15
12 16
12 17
12 18
13 6
13 8
13 12
13 14
13 15
13 16
13 17
13 18
14 6
14 8
14 12
14 13
14 15
14 16
14 17
14 18
15 6
15 8
15 12
15 13
15 14
15 16
15 17
15 18
16 6
16 8
16 12
16 13
16 14
16 15
16 17
16 18
17 6
17 8
17 12
17 13
17 14
17 15
17 16
17 18
18 0
18 1
18 2
18 3
18 4
18 5
18 6
18 7
18 8
18 9
18 10
18 11
18 12
18 13
18 14
18 15
18 16
18 17
18 19
18 20
18 21
18 22
18 23
19 0
19 3
19 9
19 18
19 21
20 7
20 10
20 11
20 18
20 23
21 0
21 3
21 9
21 18
21 19
22 1
22 2
22 4
22 5
22 18
23 7
23 10
23 11
23 18
23 20
