0 1
0 5
0 17
1 0
1 5
1 17
2 3
2 9
2 11
2 16
2 17
2 18
2 20
2 24
3 2
3 9
3 11
3 16
3 17
3 18
3 20
3 24
4 6
4 13
4 17
4 19
4 21
4 22
4 25
5 0
5 1
5 17
6 4
6 13
6 17
6 19
6 21
6 22
6 25
7 8
7 10
7 12
7 14
7 15
7 17
7 23
7 24
8 7
8 10
8 12
8 14
8 15
8 17
8 23
9 2
9 3
9 11
9 16
9 17
9 18
9 20
9 24
10 7
10 8
10 12
10 14
10 15
10 17
10 23
11 2
11 3
11 9
11 17
11 24
12 7
12 8
12 10
12 14
12 15
12 17
12 23
13 4
13 6
13 17
13 19
13 21
13 22
13 25
14 7
14 8
14 10
14 12
14 15
14 17
14 23
15 7
15 8
15 10
15 12
15 14
15 17
15 23
16 2
16 3
16 9
16 17
16 18
16 20
16 24
17 0
17 1
17 2
17 3
17 4
17 5
17 6
17 7
17 8
17 9
17 10
17 11
17 12
17 13
17 14
17 15
17 16
17 18
17 19
17 20
17 21
17 22
17 23
17 24
17 25
18 2
18 3
18 9
18 16
18 17
18 20
18 24
19 4
19 6
19 13
19 17
19 21
19 22
19 25
20 2
20 3
20 9
20 16
20 17
20 18
20 24
21 4
21 6
21 13
21 17
21 19
21 22
21 25
22 4
22 6
22 13
22 17
22 19
22 21
22 25
23 7
23 8
23 10
23 12
23 14
23 15
23 17
24 2
24 3
24 7
24 9
24 11
24 16
24 17
24 18
24 20
25 4
25 6
25 13
25 17
25 19
25 21
25 22
