0 1
0 2
0 3
0 4
0 5
0 6
0 7
0 8
0 9
0 10
0 11
0 12
0 13
0 14
0 15
0 16
0 17
0 18
1 0
1 7
1 8
1 10
1 12
2 0
2 9
2 13
2 14
2 16
3 0
3 6
3 11
3 18
4 0
4 5
4 15
4 17
5 0
5 4
5 15
5 17
6 0
6 3
6 11
6 18
7 0
7 1
7 8
7 10
7 12
8 0
8 1
8 7
8 10
8 12
9 0
9 2
9 13
9 14
9 16
10 0
10 1
10 7
10 8
10 12
11 0
11 3
11 6
11 18
12 0
12 1
12 7
12 8
12 10
13 0
13 2
13 9
13 14
13 16
14 0
14 2
14 9
14 13
14 16
15 0
15 4
15 5
15 17
16 0
16 2
16 9
16 13
16 14
17 0
17 4
17 5
17 15
18 0
18 3
18 6
18 11
