0 1
0 2
0 5
0 8
0 9
0 12
0 13
1 0
1 2
1 5
1 8
1 9
1 12
1 13
1 16
2 0
2 1
2 5
2 8
2 9
2 12
2 13
3 5
3 6
3 7
3 15
3 16
3 18
4 5
4 10
4 11
4 14
4 17
4 19
4 20
5 0
5 1
5 2
5 3
5 4
5 6
5 7
5 8
5 9
5 10
5 11
5 12
5 13
5 14
5 15
5 16
5 17
5 18
5 19
5 20
6 3
6 5
6 7
6 15
6 16
6 18
7 3
7 5
7 6
7 15
7 16
7 18
8 0
8 1
8 2
8 5
8 9
8 12
8 13
9 0
9 1
9 2
9 5
9 8
9 12
9 13
10 4
10 5
10 11
10 14
10 17
10 19
10 20
11 4
11 5
11 10
11 14
11 17
11 19
11 20
12 0
12 1
12 2
12 5
12 8
12 9
12 13
13 0
13 1
13 2
13 5
13 8
13 9
13 12
14 4
14 5
14 10
14 11
14 17
14 19
14 20
15 3
15 5
15 6
15 7
15 16
15 18
16 1
16 3
16 5
16 6
16 7
16 15
16 18
17 4
17 5
17 10
17 11
17 14
17 19
17 20
18 3
18 5
18 6
18 7
18 15
18 16
19 4
19 5
19 10
19 11
19 14
19 17
19 20
20 4
20 5
20 10
20 11
20 14
20 17
20 19
