0 1
0 2
0 3
0 6
0 8
0 9
0 10
0 11
0 12
0 13
0 14
0 17
0 18
0 20
1 0
1 2
1 3
1 6
1 8
1 9
1 10
1 11
1 12
1 13
1 14
1 17
1 18
1 20
2 0
2 1
2 3
2 6
2 8
2 9
2 10
2 11
2 12
2 13
2 14
2 17
2 18
2 20
3 0
3 1
3 2
3 6
3 8
3 9
3 10
3 11
3 12
3 13
3 14
3 17
3 18
3 20
4 5
4 7
4 9
4 15
4 16
4 17
4 18
4 19
5 4
5 7
5 9
5 15
5 16
5 17
5 18
5 19
6 0
6 1
6 2
6 3
6 8
6 9
6 10
6 11
6 12
6 13
6 14
6 17
6 18
6 20
7 4
7 5
7 9
7 15
7 16
7 17
7 18
7 19
8 0
8 1
8 2
8 3
8 6
8 9
8 10
8 11
8 12
8 13
8 14
8 17
8 18
8 20
9 0
9 1
9 2
9 3
9 4
9 5
9 6
9 7
9 8
9 10
9 11
9 12
9 13
9 14
9 15
9 16
9 17
9 18
9 19
9 20
10 0
10 1
10 2
10 3
10 6
10 8
10 9
10 11
10 12
10 13
10 14
10 17
10 18
10 20
11 0
11 1
11 2
11 3
11 6
11 8
11 9
11 10
11 12
11 13
11 14
11 17
11 18
11 20
12 0
12 1
12 2
12 3
12 6
12 8
12 9
12 10
12 11
12 13
12 14
12 17
12 18
12 20
13 0
13 1
13 2
13 3
13 6
13 8
13 9
13 10
13 11
13 12
13 14
13 17
13 18
13 20
14 0
14 1
14 2
14 3
14 6
14 8
14 9
14 10
14 11
14 12
14 13
14 17
14 18
14 20
15 4
15 5
15 7
15 9
15 16
15 17
15 18
15 19
16 4
16 5
16 7
16 9
16 15
16 17
16 18
16 19
17 0
17 1
17 2
17 3
17 4
17 5
17 6
17 7
17 8
17 9
17 10
17 11
17 12
17 13
17 14
17 15
17 16
17 18
17 19
17 20
18 0
18 1
18 2
18 3
18 4
18 5
18 6
18 7
18 8
18 9
18 10
18 11
18 12
18 13
18 14
18 15
18 16
18 17
18 19
18 20
19 4
19 5
19 7
19 9
19 15
19 16
19 17
19 18
20 0
20 1
20 2
20 3
20 6
20 8
20 9
20 10
20 11
20 12
20 13
20 14
20 17
20 18
