0 14
0 21
0 25
0 29
1 4
1 8
1 15
1 29
1 32
2 28
2 29
2 31
3 7
3 16
3 27
3 29
4 1
4 8
4 15
4 29
4 32
5 11
5 18
5 23
5 24
5 26
5 29
6 20
6 22
6 29
7 3
7 16
7 27
7 29
8 1
8 4
8 15
8 29
8 32
9 10
9 17
9 28
9 29
10 9
10 17
10 28
10 29
11 5
11 18
11 23
11 24
11 26
11 29
12 13
12 19
12 29
12 30
12 33
13 12
13 19
13 29
13 30
13 33
14 0
14 21
14 25
14 29
15 1
15 4
15 8
15 29
15 32
16 3
16 7
16 27
16 29
17 9
17 10
17 28
17 29
18 5
18 11
18 23
18 24
18 26
18 29
19 12
19 13
19 29
19 30
19 33
20 6
20 22
20 29
21 0
21 14
21 25
21 29
22 6
22 20
22 29
23 5
23 11
23 18
23 24
23 26
23 29
24 5
24 11
24 18
24 23
24 26
24 29
25 0
25 14
25 21
25 29
26 5
26 11
26 18
26 23
26 24
26 29
27 3
27 7
27 16
27 29
28 2
28 9
28 10
28 17
28 29
28 31
29 0
29 1
29 2
29 3
29 4
29 5
29 6
29 7
29 8
29 9
29 10
29 11
29 12
29 13
29 14
29 15
29 16
29 17
29 18
29 19
29 20
29 21
29 22
29 23
29 24
29 25
29 26
29 27
29 28
29 30
29 31
29 32
29 33
30 12
30 13
30 19
30 29
30 33
31 2
31 28
31 29
32 1
32 4
32 8
32 15
32 29
33 12
33 13
33 19
33 29
33 30
