0 2
0 3
0 5
0 7
0 8
0 9
0 11
0 13
1 4
1 5
1 6
1 10
1 12
1 14
2 0
2 3
2 5
2 7
2 8
2 9
2 11
2 13
3 0
3 2
3 5
3 7
3 8
3 9
3 11
3 13
4 1
4 5
4 6
4 10
4 12
4 14
5 0
5 1
5 2
5 3
5 4
5 6
5 7
5 8
5 9
5 10
5 11
5 12
5 13
5 14
6 1
6 4
6 5
6 10
6 12
6 14
7 0
7 2
7 3
7 5
7 8
7 9
7 11
7 13
8 0
8 2
8 3
8 5
8 7
8 9
8 11
8 13
9 0
9 2
9 3
9 5
9 7
9 8
9 11
9 13
10 1
10 4
10 5
10 6
10 12
10 14
11 0
11 2
11 3
11 5
11 7
11 8
11 9
11 13
12 1
12 4
12 5
12 6
12 10
12 14
13 0
13 2
13 3
13 5
13 7
13 8
13 9
13 11
14 1
14 4
14 5
14 6
14 10
14 12
