0 3
0 8
0 11
0 19
0 21
0 30
1 6
1 8
1 15
2 5
2 8
2 14
2 16
2 20
3 0
3 8
3 11
3 19
3 21
3 30
4 8
4 17
4 24
4 25
5 2
5 8
5 14
5 16
5 20
6 1
6 8
6 15
7 8
7 13
7 29
8 0
8 1
8 2
8 3
8 4
8 5
8 6
8 7
8 9
8 10
8 11
8 12
8 13
8 14
8 15
8 16
8 17
8 18
8 19
8 20
8 21
8 22
8 23
8 24
8 25
8 26
8 27
8 28
8 29
8 30
9 8
9 12
9 18
9 23
9 27
10 8
10 22
10 26
10 28
11 0
11 3
11 8
11 19
11 21
11 30
12 8
12 9
12 18
12 23
12 27
13 7
13 8
13 29
14 2
14 5
14 8
14 16
14 20
15 1
15 6
15 8
16 2
16 5
16 8
16 14
16 20
17 4
17 8
17 24
17 25
18 8
18 9
18 12
18 23
18 27
19 0
19 3
19 8
19 11
19 21
19 30
20 2
20 5
20 8
20 14
20 16
21 0
21 3
21 8
21 11
21 19
21 30
22 8
22 10
22 26
22 28
23 8
23 9
23 12
23 18
23 27
24 4
24 8
24 17
24 25
25 4
25 8
25 17
25 24
26 8
26 10
26 22
26 28
27 8
27 9
27 12
27 18
27 23
28 8
28 10
28 22
28 26
29 7
29 8
29 13
30 0
30 3
30 8
30 11
30 19
30 21
