0 3
0 4
0 7
0 12
0 13
0 15
1 2
1 4
1 10
1 11
1 14
2 1
2 4
2 10
2 11
2 14
3 0
3 4
3 7
3 12
3 13
3 15
4 0
4 1
4 2
4 3
4 5
4 6
4 7
4 8
4 9
4 10
4 11
4 12
4 13
4 14
4 15
5 4
5 6
5 8
5 9
6 4
6 5
6 8
6 9
7 0
7 3
7 4
7 12
7 13
7 15
8 4
8 5
8 6
8 9
8 15
9 4
9 5
9 6
9 8
10 1
10 2
10 4
10 11
10 14
11 1
11 2
11 4
11 10
11 14
12 0
12 3
12 4
12 7
12 13
12 15
13 0
13 3
13 4
13 7
13 12
13 15
14 1
14 2
14 4
14 10
14 11
15 0
15 3
15 4
15 7
15 8
15 12
15 13
