0 2
0 8
0 9
0 14
1 2
1 5
1 6
1 13
1 16
2 0
2 1
2 3
2 4
2 5
2 6
2 7
2 8
2 9
2 10
2 11
2 12
2 13
2 14
2 15
2 16
2 17
3 2
3 4
3 7
3 11
3 14
3 17
4 2
4 3
4 7
4 11
4 17
5 1
5 2
5 6
5 13
5 16
6 1
6 2
6 5
6 13
6 16
7 2
7 3
7 4
7 11
7 17
8 0
8 2
8 9
8 14
9 0
9 2
9 8
9 14
10 2
10 11
10 12
10 15
11 2
11 3
11 4
11 7
11 10
11 12
11 15
11 17
12 2
12 10
12 11
12 15
13 1
13 2
13 5
13 6
13 16
14 0
14 2
14 3
14 8
14 9
15 2
15 10
15 11
15 12
16 1
16 2
16 5
16 6
16 13
17 2
17 3
17 4
17 7
17 11
