0 2
0 5
0 7
0 17
1 2
1 3
1 8
1 10
2 0
2 1
2 3
2 4
2 5
2 6
2 7
2 8
2 9
2 10
2 11
2 12
2 13
2 14
2 15
2 16
2 17
3 1
3 2
3 8
3 10
4 2
4 6
4 11
4 15
5 0
5 2
5 7
5 17
6 2
6 4
6 11
6 15
7 0
7 2
7 5
7 17
8 1
8 2
8 3
8 10
9 2
9 12
9 13
9 14
9 16
10 1
10 2
10 3
10 8
11 2
11 4
11 6
11 15
12 2
12 9
12 13
12 14
12 16
13 2
13 9
13 12
13 14
13 16
14 2
14 9
14 12
14 13
14 16
15 2
15 4
15 6
15 11
16 2
16 9
16 12
16 13
16 14
17 0
17 2
17 5
17 7
