0 2
0 10
0 12
0 13
0 16
1 2
1 4
1 6
1 7
1 12
1 17
2 0
2 1
2 3
2 4
2 5
2 6
2 7
2 8
2 9
2 10
2 11
2 12
2 13
2 14
2 15
2 16
2 17
3 2
3 8
3 9
3 15
4 1
4 2
4 6
4 7
4 17
5 2
5 11
5 14
6 1
6 2
6 4
6 7
6 17
7 1
7 2
7 4
7 6
7 17
8 2
8 3
8 9
8 15
9 2
9 3
9 8
9 15
10 0
10 2
10 12
10 13
10 16
11 2
11 5
11 14
12 0
12 1
12 2
12 10
12 13
12 16
13 0
13 2
13 10
13 12
13 16
14 2
14 5
14 11
15 2
15 3
15 8
15 9
16 0
16 2
16 10
16 12
16 13
17 1
17 2
17 4
17 6
17 7
