0 5
0 9
0 15
0 23
0 25
1 4
1 10
1 11
1 16
1 20
1 23
2 8
2 18
2 19
2 23
3 6
3 9
3 21
3 22
3 23
3 24
4 1
4 10
4 11
4 16
4 20
4 23
5 0
5 9
5 15
5 23
5 25
6 3
6 9
6 21
6 22
6 23
6 24
7 12
7 13
7 14
7 17
7 23
8 2
8 18
8 19
8 23
9 0
9 3
9 5
9 6
9 15
9 21
9 22
9 23
9 24
9 25
10 1
10 4
10 11
10 15
10 16
10 20
10 23
11 1
11 4
11 10
11 16
11 20
11 23
12 7
12 13
12 14
12 17
12 23
13 7
13 12
13 14
13 17
13 23
14 7
14 12
14 13
14 17
14 23
15 0
15 5
15 9
15 10
15 22
15 23
15 25
16 1
16 4
16 10
16 11
16 20
16 23
17 7
17 12
17 13
17 14
17 23
18 2
18 8
18 19
18 23
19 2
19 8
19 18
19 23
20 1
20 4
20 10
20 11
20 16
20 23
21 3
21 6
21 9
21 22
21 23
21 24
22 3
22 6
22 9
22 15
22 21
22 23
22 24
23 0
23 1
23 2
23 3
23 4
23 5
23 6
23 7
23 8
23 9
23 10
23 11
23 12
23 13
23 14
23 15
23 16
23 17
23 18
23 19
23 20
23 21
23 22
23 24
23 25
24 3
24 6
24 9
24 21
24 22
24 23
25 0
25 5
25 9
25 15
25 23
