0 8
0 11
0 13
0 14
0 17
0 25
1 8
1 9
1 12
1 19
1 22
2 3
2 4
2 6
2 8
2 10
2 20
2 23
3 2
3 4
3 5
3 6
3 8
3 10
3 15
3 16
3 20
3 23
3 26
3 27
4 2
4 3
4 6
4 8
4 10
4 20
4 23
5 3
5 8
5 15
5 16
5 26
5 27
6 2
6 3
6 4
6 8
6 10
6 20
6 23
7 8
7 18
7 21
7 24
7 28
8 0
8 1
8 2
8 3
8 4
8 5
8 6
8 7
8 9
8 10
8 11
8 12
8 13
8 14
8 15
8 16
8 17
8 18
8 19
8 20
8 21
8 22
8 23
8 24
8 25
8 26
8 27
8 28
9 1
9 8
9 12
9 19
9 22
10 2
10 3
10 4
10 6
10 8
10 20
10 23
11 0
11 8
11 13
11 14
11 17
11 25
12 1
12 8
12 9
12 19
12 22
13 0
13 8
13 11
13 14
13 17
13 25
14 0
14 8
14 11
14 13
14 17
14 25
15 3
15 5
15 8
15 16
15 26
15 27
16 3
16 5
16 8
16 15
16 26
16 27
17 0
17 8
17 11
17 13
17 14
17 25
18 7
18 8
18 21
18 24
18 28
19 1
19 8
19 9
19 12
19 22
20 2
20 3
20 4
20 6
20 8
20 10
20 23
21 7
21 8
21 18
21 24
21 28
22 1
22 8
22 9
22 12
22 19
22 24
23 2
23 3
23 4
23 6
23 8
23 10
23 20
24 7
24 8
24 18
24 21
24 22
24 28
25 0
25 8
25 11
25 13
25 14
25 17
26 3
26 5
26 8
26 15
26 16
27 3
27 5
27 8
27 15
27 16
28 7
28 8
28 18
28 21
28 24
