0 1
0 2
0 4
0 7
0 11
0 12
0 13
0 17
0 18
0 19
0 20
0 21
0 22
0 25
0 26
0 27
0 28
0 29
0 32
1 0
1 2
1 4
1 7
1 11
1 12
1 13
1 17
1 18
1 19
1 20
1 21
1 22
1 25
1 26
1 27
1 28
1 29
1 32
2 0
2 1
2 4
2 7
2 11
2 12
2 13
2 17
2 18
2 19
2 20
2 21
2 22
2 25
2 26
2 27
2 28
2 29
2 32
3 7
3 9
3 11
3 17
3 20
3 21
3 23
3 26
3 28
3 29
3 31
3 32
3 33
4 0
4 1
4 2
4 7
4 11
4 12
4 13
4 17
4 18
4 19
4 20
4 21
4 22
4 25
4 26
4 27
4 28
4 29
4 32
5 6
5 8
5 10
5 14
5 15
5 16
5 21
5 24
5 30
5 34
6 5
6 8
6 10
6 14
6 15
6 16
6 21
6 24
6 30
6 34
7 0
7 1
7 2
7 3
7 4
7 9
7 11
7 12
7 13
7 17
7 18
7 19
7 20
7 21
7 22
7 23
7 25
7 26
7 27
7 28
7 29
7 31
7 32
7 33
8 5
8 6
8 10
8 14
8 15
8 16
8 21
8 24
8 30
8 34
9 3
9 7
9 11
9 17
9 20
9 21
9 23
9 26
9 28
9 29
9 31
9 32
9 33
10 5
10 6
10 8
10 14
10 15
10 16
10 21
10 24
10 30
10 34
11 0
11 1
11 2
11 3
11 4
11 7
11 9
11 12
11 13
11 17
11 18
11 19
11 20
11 21
11 22
11 23
11 25
11 26
11 27
11 28
11 29
11 31
11 32
11 33
12 0
12 1
12 2
12 4
12 7
12 11
12 13
12 17
12 18
12 19
12 20
12 21
12 22
12 25
12 26
12 27
12 28
12 29
12 32
13 0
13 1
13 2
13 4
13 7
13 11
13 12
13 17
13 18
13 19
13 20
13 21
13 22
13 25
13 26
13 27
13 28
13 29
13 32
14 5
14 6
14 8
14 10
14 15
14 16
14 21
14 24
14 30
14 34
15 5
15 6
15 8
15 10
15 14
15 16
15 21
15 24
15 30
15 34
16 5
16 6
16 8
16 10
16 14
16 15
16 21
16 24
16 30
16 34
17 0
17 1
17 2
17 3
17 4
17 7
17 9
17 11
17 12
17 13
17 18
17 19
17 20
17 21
17 22
17 23
17 25
17 26
17 27
17 28
17 29
17 31
17 32
17 33
18 0
18 1
18 2
18 4
18 7
18 11
18 12
18 13
18 17
18 19
18 20
18 21
18 22
18 25
18 26
18 27
18 28
18 29
18 32
19 0
19 1
19 2
19 4
19 7
19 11
19 12
19 13
19 17
19 18
19 20
19 21
19 22
19 25
19 26
19 27
19 28
19 29
19 32
20 0
20 1
20 2
20 3
20 4
20 7
20 9
20 11
20 12
20 13
20 17
20 18
20 19
20 21
20 22
20 23
20 25
20 26
20 27
20 28
20 29
20 31
20 32
20 33
21 0
21 1
21 2
21 3
21 4
21 5
21 6
21 7
21 8
21 9
21 10
21 11
21 12
21 13
21 14
21 15
21 16
21 17
21 18
21 19
21 20
21 22
21 23
21 24
21 25
21 26
21 27
21 28
21 29
21 30
21 31
21 32
21 33
21 34
22 0
22 1
22 2
22 4
22 7
22 11
22 12
22 13
22 17
22 18
22 19
22 20
22 21
22 25
22 26
22 27
22 28
22 29
22 32
23 3
23 7
23 9
23 11
23 17
23 20
23 21
23 26
23 28
23 29
23 31
23 32
23 33
24 5
24 6
24 8
24 10
24 14
24 15
24 16
24 21
24 30
24 34
25 0
25 1
25 2
25 4
25 7
25 11
25 12
25 13
25 17
25 18
25 19
25 20
25 21
25 22
25 26
25 27
25 28
25 29
25 32
26 0
26 1
26 2
26 3
26 4
26 7
26 9
26 11
26 12
26 13
26 17
26 18
26 19
26 20
26 21
26 22
26 23
26 25
26 27
26 28
26 29
26 31
26 32
26 33
27 0
27 1
27 2
27 4
27 7
27 11
27 12
27 13
27 17
27 18
27 19
27 20
27 21
27 22
27 25
27 26
27 28
27 29
27 32
28 0
28 1
28 2
28 3
28 4
28 7
28 9
28 11
28 12
28 13
28 17
28 18
28 19
28 20
28 21
28 22
28 23
28 25
28 26
28 27
28 29
28 31
28 32
28 33
29 0
29 1
29 2
29 3
29 4
29 7
29 9
29 11
29 12
29 13
29 17
29 18
29 19
29 20
29 21
29 22
29 23
29 25
29 26
29 27
29 28
29 31
29 32
29 33
30 5
30 6
30 8
30 10
30 14
30 15
30 16
30 21
30 24
30 34
31 3
31 7
31 9
31 11
31 17
31 20
31 21
31 23
31 26
31 28
31 29
31 32
31 33
32 0
32 1
32 2
32 3
32 4
32 7
32 9
32 11
32 12
32 13
32 17
32 18
32 19
32 20
32 21
32 22
32 23
32 25
32 26
32 27
32 28
32 29
32 31
32 33
33 3
33 7
33 9
33 11
33 17
33 20
33 21
33 23
33 26
33 28
33 29
33 31
33 32
34 5
34 6
34 8
34 10
34 14
34 15
34 16
34 21
34 24
34 30
