0 5
0 9
0 12
0 13
0 16
1 2
1 3
1 12
1 15
1 18
2 1
2 3
2 12
2 15
2 18
3 1
3 2
3 12
3 15
3 18
4 8
4 11
4 12
4 14
5 0
5 9
5 12
5 13
5 16
6 7
6 10
6 12
6 17
7 6
7 10
7 12
7 17
8 4
8 11
8 12
8 14
9 0
9 5
9 12
9 13
9 16
10 6
10 7
10 12
10 17
11 4
11 8
11 12
11 14
12 0
12 1
12 2
12 3
12 4
12 5
12 6
12 7
12 8
12 9
12 10
12 11
12 13
12 14
12 15
12 16
12 17
12 18
13 0
13 5
13 9
13 12
13 16
14 4
14 8
14 11
14 12
15 1
15 2
15 3
15 12
15 18
16 0
16 5
16 9
16 12
16 13
17 6
17 7
17 10
17 12
18 1
18 2
18 3
18 12
18 15
