0 2
0 5
0 7
0 16
0 18
0 19
1 2
1 4
1 10
1 23
1 26
1 27
1 30
2 0
2 1
2 3
2 4
2 5
2 6
2 7
2 8
2 9
2 10
2 11
2 12
2 13
2 14
2 15
2 16
2 17
2 18
2 19
2 20
2 21
2 22
2 23
2 24
2 25
2 26
2 27
2 28
2 29
2 30
2 31
2 32
2 33
2 34
3 2
3 11
3 12
3 31
3 34
4 1
4 2
4 10
4 23
4 26
4 27
4 30
5 0
5 2
5 7
5 16
5 18
5 19
6 2
6 16
6 18
6 19
6 22
7 0
7 2
7 5
7 8
7 16
7 18
7 19
7 29
8 2
8 7
8 16
8 18
8 19
8 29
9 2
9 12
9 13
9 20
9 25
9 33
10 1
10 2
10 4
10 23
10 26
10 27
10 30
11 2
11 3
11 12
11 31
11 34
12 2
12 3
12 9
12 11
12 22
12 31
12 34
13 2
13 9
13 33
14 2
14 15
14 17
14 24
14 25
14 32
15 2
15 14
15 17
15 24
15 25
15 32
16 0
16 2
16 5
16 6
16 7
16 8
16 18
16 19
16 21
16 22
16 29
17 2
17 14
17 15
17 24
17 25
17 32
18 0
18 2
18 5
18 6
18 7
18 8
18 16
18 19
18 22
18 29
19 0
19 2
19 5
19 6
19 7
19 8
19 16
19 18
19 22
19 29
20 2
20 9
20 21
20 28
21 2
21 16
21 20
21 28
22 2
22 6
22 12
22 16
22 18
22 19
23 1
23 2
23 4
23 10
23 26
23 27
23 30
24 2
24 14
24 15
24 17
24 25
24 32
25 2
25 9
25 14
25 15
25 17
25 24
25 32
26 1
26 2
26 4
26 10
26 23
26 27
26 30
27 1
27 2
27 4
27 10
27 23
27 26
27 30
28 2
28 20
28 21
29 2
29 7
29 8
29 16
29 18
29 19
30 1
30 2
30 4
30 10
30 23
30 26
30 27
31 2
31 3
31 11
31 12
31 34
32 2
32 14
32 15
32 17
32 24
32 25
33 2
33 9
33 13
34 2
34 3
34 11
34 12
34 31
