0 2
0 3
0 5
0 6
0 7
0 9
0 10
0 13
0 16
0 17
1 4
1 7
1 8
1 11
1 12
1 14
1 15
2 0
2 3
2 6
2 7
2 9
2 10
2 13
2 16
2 17
3 0
3 2
3 5
3 6
3 7
3 9
3 10
3 13
3 16
3 17
4 1
4 7
4 8
4 11
4 12
4 14
4 15
5 0
5 3
5 7
5 9
5 10
5 16
5 17
6 0
6 2
6 3
6 7
6 9
6 10
6 13
6 16
6 17
7 0
7 1
7 2
7 3
7 4
7 5
7 6
7 8
7 9
7 10
7 11
7 12
7 13
7 14
7 15
7 16
7 17
8 1
8 4
8 7
8 11
8 12
8 14
8 15
9 0
9 2
9 3
9 5
9 6
9 7
9 10
9 13
9 16
9 17
10 0
10 2
10 3
10 5
10 6
10 7
10 9
10 13
10 16
10 17
11 1
11 4
11 7
11 8
11 12
11 14
11 15
12 1
12 4
12 7
12 8
12 11
12 14
12 15
13 0
13 2
13 3
13 6
13 7
13 9
13 10
13 16
13 17
14 1
14 4
14 7
14 8
14 11
14 12
14 15
15 1
15 4
15 7
15 8
15 11
15 12
15 14
16 0
16 2
16 3
16 5
16 6
16 7
16 9
16 10
16 13
16 17
17 0
17 2
17 3
17 5
17 6
17 7
17 9
17 10
17 13
17 16
