0 11
0 12
0 35
0 40
1 10
1 11
1 13
1 14
1 25
1 28
1 30
1 34
1 48
2 7
2 9
2 11
2 23
2 27
3 8
3 11
3 15
3 22
4 11
4 19
4 21
4 26
4 37
5 11
5 29
5 38
5 41
5 47
6 11
6 16
6 17
6 18
6 32
6 40
6 43
6 46
7 2
7 9
7 11
7 23
7 27
8 3
8 11
8 15
8 22
9 2
9 7
9 11
9 23
9 27
10 1
10 11
10 13
10 14
10 25
10 28
10 30
10 34
10 48
11 0
11 1
11 2
11 3
11 4
11 5
11 6
11 7
11 8
11 9
11 10
11 12
11 13
11 14
11 15
11 16
11 17
11 18
11 19
11 20
11 21
11 22
11 23
11 24
11 25
11 26
11 27
11 28
11 29
11 30
11 31
11 32
11 33
11 34
11 35
11 36
11 37
11 38
11 39
11 40
11 41
11 42
11 43
11 44
11 45
11 46
11 47
11 48
12 0
12 11
12 26
12 35
12 40
13 1
13 10
13 11
13 14
13 25
13 28
13 30
13 34
13 48
14 1
14 10
14 11
14 13
14 25
14 28
14 30
14 34
14 48
15 3
15 8
15 11
15 22
16 6
16 11
16 17
16 18
16 32
16 40
16 43
16 46
17 6
17 11
17 16
17 18
17 32
17 40
17 43
17 46
18 6
18 11
18 16
18 17
18 32
18 40
18 43
18 46
19 4
19 11
19 21
19 26
19 37
20 11
20 31
20 36
20 42
20 45
21 4
21 11
21 19
21 26
21 37
22 3
22 8
22 11
22 15
23 2
23 7
23 9
23 11
23 27
24 11
24 33
24 39
24 44
25 1
25 10
25 11
25 13
25 14
25 28
25 30
25 34
25 48
26 4
26 11
26 12
26 19
26 21
26 37
27 2
27 7
27 9
27 11
27 23
28 1
28 10
28 11
28 13
28 14
28 25
28 30
28 34
28 48
29 5
29 11
29 38
29 41
29 47
30 1
30 10
30 11
30 13
30 14
30 25
30 28
30 34
30 48
31 11
31 20
31 36
31 42
31 45
32 6
32 11
32 16
32 17
32 18
32 40
32 43
32 46
33 11
33 24
33 35
33 39
33 44
34 1
34 10
34 11
34 13
34 14
34 25
34 28
34 30
34 48
35 0
35 11
35 12
35 33
35 40
36 11
36 20
36 31
36 42
36 45
37 4
37 11
37 19
37 21
37 26
38 5
38 11
38 29
38 41
38 47
39 11
39 24
39 33
39 44
40 0
40 6
40 11
40 12
40 16
40 17
40 18
40 32
40 35
40 43
40 46
41 5
41 11
41 29
41 38
41 47
42 11
42 20
42 31
42 36
42 45
43 6
43 11
43 16
43 17
43 18
43 32
43 40
43 46
44 11
44 24
44 33
44 39
45 11
45 20
45 31
45 36
45 42
46 6
46 11
46 16
46 17
46 18
46 32
46 40
46 43
47 5
47 11
47 29
47 38
47 41
48 1
48 10
48 11
48 13
48 14
48 25
48 28
48 30
48 34
