0 4
0 5
0 6
0 9
0 13
0 16
0 17
0 19
0 20
1 7
1 10
1 11
1 12
1 13
2 8
2 13
2 14
2 18
3 7
3 13
3 15
3 21
4 0
4 5
4 6
4 9
4 13
4 16
4 17
4 19
4 20
5 0
5 4
5 6
5 9
5 13
5 16
5 17
5 19
5 20
6 0
6 4
6 5
6 9
6 13
6 16
6 17
6 19
6 20
7 1
7 3
7 13
7 15
7 21
8 2
8 13
8 14
8 18
9 0
9 4
9 5
9 6
9 13
9 16
9 17
9 19
9 20
10 1
10 11
10 12
10 13
11 1
11 10
11 12
11 13
12 1
12 10
12 11
12 13
13 0
13 1
13 2
13 3
13 4
13 5
13 6
13 7
13 8
13 9
13 10
13 11
13 12
13 14
13 15
13 16
13 17
13 18
13 19
13 20
13 21
14 2
14 8
14 13
14 18
15 3
15 7
15 13
15 21
16 0
16 4
16 5
16 6
16 9
16 13
16 17
16 19
16 20
17 0
17 4
17 5
17 6
17 9
17 13
17 16
17 19
17 20
18 2
18 8
18 13
18 14
19 0
19 4
19 5
19 6
19 9
19 13
19 16
19 17
19 20
20 0
20 4
20 5
20 6
20 9
20 13
20 16
20 17
20 19
21 3
21 7
21 13
21 15
