0 4
0 5
0 8
0 10
0 12
0 13
0 16
0 17
0 18
1 2
1 3
1 5
1 6
1 11
1 15
2 1
2 3
2 5
2 11
2 15
3 1
3 2
3 5
3 6
3 11
3 15
4 0
4 5
4 8
4 10
4 12
4 13
4 16
4 17
4 18
5 0
5 1
5 2
5 3
5 4
5 6
5 7
5 8
5 9
5 10
5 11
5 12
5 13
5 14
5 15
5 16
5 17
5 18
6 1
6 3
6 5
6 11
6 15
7 5
7 9
7 14
8 0
8 4
8 5
8 10
8 12
8 13
8 16
8 17
8 18
9 5
9 7
9 14
10 0
10 4
10 5
10 8
10 12
10 13
10 16
10 17
10 18
11 1
11 2
11 3
11 5
11 6
11 15
12 0
12 4
12 5
12 8
12 10
12 13
12 16
12 17
12 18
13 0
13 4
13 5
13 8
13 10
13 12
13 16
13 17
13 18
14 5
14 7
14 9
15 1
15 2
15 3
15 5
15 6
15 11
16 0
16 4
16 5
16 8
16 10
16 12
16 13
16 17
16 18
17 0
17 4
17 5
17 8
17 10
17 12
17 13
17 16
17 18
18 0
18 4
18 5
18 8
18 10
18 12
18 13
18 16
18 17
