0 4
0 5
0 8
0 12
0 18
0 19
1 8
1 9
1 10
1 16
1 17
1 21
2 7
2 8
2 11
2 14
2 15
2 20
3 6
3 8
3 13
4 0
4 5
4 8
4 12
4 18
4 19
5 0
5 4
5 8
5 12
5 18
5 19
6 3
6 8
6 13
7 2
7 8
7 11
7 14
7 15
7 20
8 0
8 1
8 2
8 3
8 4
8 5
8 6
8 7
8 9
8 10
8 11
8 12
8 13
8 14
8 15
8 16
8 17
8 18
8 19
8 20
8 21
9 1
9 8
9 10
9 16
9 17
9 21
10 1
10 8
10 9
10 16
10 17
10 21
11 2
11 7
11 8
11 14
11 15
11 20
12 0
12 4
12 5
12 8
12 18
12 19
13 3
13 6
13 8
14 2
14 7
14 8
14 11
14 15
14 20
15 2
15 7
15 8
15 11
15 14
15 20
16 1
16 8
16 9
16 10
16 17
16 21
17 1
17 8
17 9
17 10
17 16
17 21
18 0
18 4
18 5
18 8
18 12
18 19
19 0
19 4
19 5
19 8
19 12
19 18
20 2
20 7
20 8
20 11
20 14
20 15
21 1
21 8
21 9
21 10
21 16
21 17
