0 1
1 2
1 48
1 3
1 51
1 52
1 53
1 54
1 55
1 4
2 3
2 4
3 5
3 9
3 36
3 29
3 32
3 42
3 35
3 33
3 31
3 8
3 61
3 63
3 65
3 39
3 60
3 30
3 24
3 40
3 41
3 68
3 64
3 11
3 12
3 56
3 34
3 69
3 7
3 50
3 70
3 71
3 4
3 72
3 10
3 73
5 6
5 7
5 8
5 9
5 10
5 11
5 12
5 13
5 14
5 15
5 16
5 17
5 18
5 19
6 7
7 8
8 9
8 36
8 29
8 63
8 56
8 24
8 39
8 40
8 12
8 41
8 64
8 11
8 65
8 50
9 31
9 32
9 33
9 34
9 35
11 36
11 42
11 37
11 62
11 39
11 12
11 38
11 76
11 40
11 24
11 41
11 56
11 58
12 62
12 39
12 75
12 40
12 41
12 38
12 56
13 16
13 17
13 19
13 14
13 15
13 18
14 16
14 17
14 19
14 15
14 18
15 16
15 17
15 19
15 18
16 17
16 18
16 19
17 18
17 19
18 19
19 42
19 56
20 21
20 22
20 23
20 24
20 25
20 26
20 27
20 28
20 29
20 30
21 23
21 29
21 26
21 27
21 28
21 22
21 30
21 24
22 23
22 29
22 42
22 26
22 27
22 43
22 30
22 28
22 24
23 42
23 25
23 29
23 30
23 43
23 27
23 24
23 28
23 26
24 36
24 44
24 29
24 46
24 42
24 37
24 26
24 27
24 43
24 47
24 25
24 40
24 41
24 30
24 28
25 29
25 26
25 27
25 30
26 29
26 42
26 43
26 28
26 27
26 30
27 29
27 42
27 38
27 43
27 28
27 30
28 29
28 42
28 43
28 30
29 43
29 39
29 30
29 42
30 42
30 43
31 32
31 35
31 33
31 34
32 33
32 34
32 35
33 35
33 34
34 35
36 37
36 38
36 39
36 40
36 41
37 39
37 38
37 40
37 41
38 42
38 62
38 39
38 43
38 40
38 41
39 40
39 41
40 41
42 56
42 57
42 43
42 58
42 59
42 60
42 61
43 74
44 45
46 47
49 50
50 68
56 57
56 61
56 63
56 60
56 64
57 60
57 61
58 67
59 60
60 61
60 75
61 66
61 67
