0 9
0 29
0 39
0 43
0 53
0 55
0 57
0 81
0 105
0 109
0 117
0 135
0 143
0 163
0 181
0 190
0 209
0 219
0 231
0 242
0 259
0 285
0 288
0 289
0 301
0 303
0 311
0 313
0 315
0 345
0 351
0 357
0 370
0 391
0 393
0 401
0 413
0 434
0 437
0 453
0 474
0 477
0 490
1 6
1 18
1 28
1 32
1 44
1 58
1 62
1 72
1 74
1 76
1 90
1 92
1 106
1 176
1 177
1 184
1 188
1 202
1 206
1 210
1 212
1 240
1 250
1 252
1 253
1 254
1 272
1 282
1 290
1 310
1 341
1 368
1 382
1 388
1 394
1 418
1 434
1 439
1 441
1 451
1 460
1 474
1 480
1 486
1 488
1 497
1 507
2 15
2 18
2 21
2 23
2 67
2 88
2 93
2 99
2 109
2 111
2 153
2 161
2 174
2 175
2 188
2 189
2 195
2 205
2 207
2 219
2 231
2 235
2 243
2 255
2 263
2 265
2 273
2 277
2 293
2 300
2 304
2 311
2 325
2 335
2 355
2 359
2 366
2 375
2 377
2 381
2 383
2 389
2 411
2 439
2 446
2 447
2 459
2 461
2 468
2 469
2 481
2 483
2 485
2 487
2 509
2 511
3 14
3 26
3 31
3 41
3 42
3 52
3 61
3 64
3 68
3 70
3 76
3 90
3 96
3 106
3 112
3 122
3 124
3 140
3 144
3 145
3 146
3 166
3 178
3 185
3 190
3 210
3 222
3 238
3 241
3 244
3 258
3 265
3 280
3 282
3 290
3 295
3 298
3 300
3 301
3 313
3 314
3 324
3 340
3 350
3 352
3 355
3 356
3 364
3 383
3 387
3 400
3 406
3 407
3 430
3 472
3 488
3 494
3 508
4 14
4 27
4 51
4 55
4 61
4 64
4 71
4 77
4 89
4 97
4 115
4 117
4 127
4 149
4 157
4 171
4 189
4 213
4 222
4 232
4 260
4 261
4 271
4 287
4 291
4 292
4 310
4 311
4 341
4 343
4 348
4 349
4 363
4 369
4 374
4 389
4 397
4 405
4 428
4 437
4 441
4 446
4 457
4 461
4 464
4 465
4 478
4 484
4 490
4 491
4 493
4 499
4 503
5 22
5 24
5 38
5 41
5 66
5 69
5 79
5 88
5 97
5 100
5 107
5 132
5 136
5 144
5 160
5 162
5 164
5 165
5 178
5 184
5 187
5 194
5 196
5 208
5 212
5 230
5 236
5 238
5 252
5 270
5 282
5 288
5 294
5 302
5 308
5 310
5 314
5 320
5 344
5 356
5 358
5 365
5 370
5 377
5 387
5 394
5 402
5 422
5 444
5 446
5 462
5 484
5 496
6 13
6 27
6 35
6 37
6 41
6 88
6 99
6 121
6 131
6 147
6 177
6 195
6 197
6 209
6 219
6 225
6 227
6 245
6 253
6 258
6 259
6 261
6 282
6 297
6 301
6 306
6 325
6 329
6 333
6 335
6 353
6 371
6 375
6 382
6 397
6 413
6 418
6 431
6 436
6 447
6 449
6 450
6 457
6 468
6 474
6 479
6 481
6 483
6 485
6 497
6 499
6 501
6 510
6 511
7 12
7 36
7 48
7 54
7 55
7 62
7 63
7 70
7 80
7 86
7 88
7 104
7 112
7 116
7 126
7 136
7 138
7 147
7 150
7 156
7 158
7 166
7 180
7 181
7 187
7 188
7 202
7 217
7 222
7 228
7 236
7 244
7 260
7 262
7 318
7 322
7 332
7 334
7 349
7 356
7 368
7 376
7 394
7 422
7 438
7 454
7 455
7 464
7 476
7 488
7 489
7 498
7 505
8 15
8 30
8 48
8 53
8 57
8 64
8 86
8 94
8 112
8 115
8 121
8 124
8 135
8 137
8 141
8 143
8 169
8 173
8 179
8 198
8 208
8 215
8 217
8 226
8 230
8 232
8 238
8 243
8 247
8 263
8 271
8 273
8 275
8 282
8 291
8 297
8 309
8 323
8 327
8 331
8 333
8 348
8 359
8 365
8 373
8 379
8 381
8 384
8 393
8 407
8 410
8 426
8 441
8 454
8 465
8 469
8 474
8 478
8 485
8 497
8 502
8 503
8 505
8 506
8 507
8 511
9 24
9 30
9 36
9 38
9 42
9 51
9 74
9 98
9 132
9 157
9 164
9 174
9 175
9 182
9 183
9 194
9 209
9 210
9 213
9 218
9 224
9 230
9 246
9 248
9 250
9 263
9 267
9 284
9 289
9 299
9 300
9 360
9 368
9 388
9 398
9 406
9 424
9 440
9 444
9 446
9 500
9 502
9 505
9 510
10 19
10 20
10 21
10 27
10 33
10 41
10 63
10 75
10 79
10 101
10 103
10 111
10 113
10 144
10 146
10 161
10 163
10 188
10 197
10 209
10 255
10 257
10 269
10 276
10 287
10 289
10 303
10 311
10 313
10 315
10 337
10 341
10 343
10 362
10 370
10 375
10 380
10 384
10 385
10 393
10 406
10 409
10 413
10 425
10 439
10 450
10 477
10 478
10 488
10 491
10 501
11 23
11 26
11 47
11 54
11 60
11 62
11 70
11 77
11 84
11 86
11 90
11 136
11 142
11 148
11 175
11 196
11 198
11 202
11 242
11 251
11 256
11 270
11 283
11 285
11 322
11 346
11 380
11 389
11 394
11 395
11 405
11 418
11 419
11 422
11 441
11 452
11 467
11 470
11 472
11 488
11 490
11 494
11 510
12 25
12 27
12 35
12 57
12 61
12 66
12 89
12 91
12 93
12 103
12 113
12 127
12 133
12 137
12 147
12 181
12 190
12 203
12 231
12 233
12 249
12 261
12 263
12 269
12 282
12 287
12 307
12 347
12 357
12 359
12 379
12 386
12 397
12 407
12 412
12 429
12 449
12 459
12 468
12 471
12 491
13 27
13 30
13 37
13 42
13 44
13 64
13 65
13 69
13 84
13 103
13 106
13 116
13 124
13 127
13 134
13 139
13 145
13 149
13 156
13 157
13 165
13 194
13 222
13 234
13 241
13 248
13 258
13 262
13 276
13 281
13 310
13 336
13 338
13 352
13 365
13 366
13 375
13 384
13 396
13 398
13 410
13 420
13 427
13 436
13 448
13 462
13 466
13 488
13 490
13 498
13 502
13 503
14 23
14 35
14 41
14 51
14 56
14 58
14 83
14 89
14 90
14 92
14 101
14 109
14 111
14 128
14 147
14 153
14 159
14 165
14 171
14 193
14 195
14 197
14 231
14 234
14 235
14 238
14 239
14 241
14 245
14 266
14 267
14 273
14 277
14 301
14 303
14 345
14 348
14 375
14 383
14 393
14 394
14 401
14 423
14 425
14 436
14 463
14 474
14 477
14 481
14 485
15 18
15 22
15 62
15 72
15 74
15 107
15 114
15 122
15 126
15 132
15 136
15 154
15 158
15 164
15 170
15 188
15 202
15 208
15 211
15 212
15 219
15 226
15 243
15 247
15 254
15 259
15 265
15 267
15 270
15 280
15 288
15 297
15 302
15 308
15 326
15 330
15 332
15 344
15 357
15 364
15 365
15 370
15 376
15 398
15 436
15 440
15 450
15 458
15 470
15 474
15 477
15 497
15 502
15 506
16 23
16 29
16 59
16 63
16 89
16 99
16 103
16 106
16 110
16 113
16 118
16 124
16 125
16 129
16 137
16 141
16 145
16 151
16 153
16 172
16 177
16 180
16 183
16 184
16 189
16 211
16 219
16 245
16 253
16 261
16 293
16 297
16 303
16 305
16 311
16 323
16 325
16 343
16 344
16 345
16 374
16 379
16 383
16 387
16 389
16 411
16 442
16 449
16 467
16 473
16 479
16 481
16 489
16 493
16 503
17 42
17 46
17 78
17 104
17 126
17 128
17 132
17 148
17 158
17 172
17 182
17 220
17 228
17 229
17 232
17 235
17 243
17 246
17 260
17 262
17 275
17 293
17 322
17 333
17 336
17 360
17 371
17 372
17 382
17 390
17 396
17 422
17 427
17 428
17 432
17 464
17 467
17 468
17 480
17 484
17 489
17 494
18 41
18 56
18 61
18 71
18 73
18 87
18 88
18 99
18 119
18 125
18 141
18 145
18 147
18 149
18 179
18 209
18 225
18 234
18 245
18 249
18 269
18 275
18 277
18 282
18 283
18 285
18 286
18 291
18 295
18 301
18 304
18 307
18 309
18 315
18 320
18 326
18 329
18 333
18 340
18 357
18 361
18 371
18 381
18 387
18 389
18 399
18 414
18 421
18 423
18 425
18 426
18 428
18 429
18 440
18 493
18 495
18 501
18 508
18 510
18 511
19 26
19 30
19 44
19 46
19 58
19 84
19 90
19 114
19 120
19 140
19 142
19 148
19 153
19 154
19 166
19 171
19 174
19 176
19 196
19 204
19 206
19 208
19 210
19 220
19 229
19 237
19 238
19 244
19 252
19 254
19 276
19 278
19 282
19 299
19 300
19 310
19 322
19 338
19 343
19 358
19 360
19 361
19 362
19 366
19 393
19 397
19 402
19 404
19 425
19 434
19 436
19 444
19 453
19 464
19 479
19 491
19 492
19 494
19 495
19 504
20 24
20 33
20 39
20 47
20 59
20 67
20 77
20 82
20 87
20 105
20 115
20 147
20 149
20 151
20 153
20 161
20 199
20 203
20 214
20 227
20 278
20 285
20 297
20 299
20 305
20 319
20 323
20 333
20 342
20 343
20 377
20 387
20 407
20 410
20 420
20 425
20 429
20 433
20 447
21 27
21 37
21 44
21 50
21 63
21 65
21 68
21 74
21 86
21 98
21 106
21 108
21 110
21 111
21 114
21 118
21 122
21 159
21 160
21 172
21 186
21 189
21 192
21 195
21 218
21 234
21 236
21 240
21 252
21 254
21 284
21 305
21 310
21 328
21 339
21 346
21 352
21 358
21 364
21 374
21 380
21 382
21 397
21 415
21 417
21 424
21 430
21 436
21 448
21 450
21 454
21 455
21 464
21 478
21 480
21 488
21 489
21 492
21 493
21 500
22 26
22 31
22 49
22 59
22 71
22 75
22 77
22 93
22 94
22 99
22 105
22 110
22 111
22 123
22 153
22 155
22 159
22 171
22 208
22 210
22 219
22 241
22 255
22 283
22 284
22 287
22 292
22 297
22 313
22 339
22 342
22 345
22 359
22 371
22 378
22 409
22 425
22 453
22 455
22 471
22 479
22 483
22 497
22 499
22 500
23 38
23 57
23 64
23 74
23 76
23 78
23 84
23 86
23 93
23 94
23 100
23 108
23 170
23 174
23 189
23 190
23 204
23 206
23 225
23 228
23 246
23 268
23 286
23 290
23 302
23 337
23 340
23 370
23 382
23 386
23 390
23 392
23 394
23 396
23 411
23 414
23 426
23 428
23 448
23 449
23 457
23 458
23 473
23 488
23 504
24 34
24 41
24 57
24 81
24 95
24 104
24 109
24 115
24 147
24 151
24 154
24 155
24 157
24 163
24 167
24 178
24 181
24 190
24 200
24 203
24 205
24 213
24 214
24 228
24 229
24 233
24 237
24 239
24 251
24 255
24 257
24 271
24 280
24 281
24 285
24 295
24 298
24 299
24 301
24 303
24 333
24 336
24 338
24 343
24 349
24 361
24 373
24 385
24 397
24 413
24 416
24 421
24 449
24 454
24 457
24 467
24 477
24 491
24 499
24 500
24 503
24 505
24 511
25 56
25 74
25 84
25 106
25 123
25 125
25 128
25 130
25 176
25 194
25 200
25 205
25 208
25 212
25 228
25 236
25 242
25 246
25 258
25 264
25 265
25 268
25 291
25 296
25 299
25 310
25 314
25 326
25 334
25 338
25 344
25 346
25 348
25 365
25 389
25 390
25 404
25 408
25 424
25 431
25 443
25 448
25 460
25 480
25 484
25 493
25 508
25 510
26 37
26 45
26 47
26 89
26 99
26 101
26 130
26 135
26 149
26 169
26 175
26 178
26 179
26 226
26 241
26 243
26 249
26 251
26 255
26 267
26 268
26 303
26 305
26 309
26 315
26 326
26 339
26 341
26 343
26 347
26 351
26 365
26 373
26 393
26 428
26 443
26 444
26 457
26 469
26 495
26 509
27 33
27 38
27 43
27 58
27 61
27 62
27 63
27 66
27 76
27 98
27 118
27 128
27 134
27 148
27 159
27 160
27 163
27 166
27 179
27 197
27 214
27 233
27 243
27 249
27 280
27 290
27 291
27 293
27 296
27 298
27 306
27 316
27 324
27 325
27 332
27 340
27 346
27 350
27 390
27 406
27 408
27 412
27 435
27 468
27 482
27 486
27 502
27 506
28 41
28 45
28 48
28 55
28 56
28 59
28 65
28 77
28 78
28 85
28 88
28 94
28 95
28 121
28 125
28 131
28 135
28 153
28 169
28 173
28 187
28 190
28 201
28 208
28 219
28 221
28 228
28 247
28 249
28 258
28 269
28 271
28 284
28 295
28 315
28 321
28 327
28 335
28 344
28 369
28 373
28 382
28 393
28 399
28 412
28 421
28 424
28 429
28 435
28 443
28 447
28 461
28 471
28 476
28 479
28 485
28 503
28 510
29 46
29 52
29 56
29 62
29 63
29 76
29 82
29 84
29 90
29 91
29 100
29 106
29 116
29 118
29 124
29 137
29 156
29 159
29 169
29 170
29 198
29 204
29 222
29 228
29 232
29 234
29 236
29 242
29 244
29 248
29 252
29 254
29 255
29 261
29 270
29 274
29 277
29 282
29 300
29 316
29 352
29 362
29 368
29 376
29 382
29 384
29 388
29 389
29 419
29 420
29 429
29 440
29 445
29 448
29 454
29 465
29 474
29 493
29 502
29 506
29 510
30 37
30 45
30 53
30 57
30 80
30 84
30 85
30 113
30 115
30 116
30 117
30 139
30 152
30 161
30 187
30 188
30 189
30 193
30 201
30 215
30 223
30 242
30 257
30 259
30 285
30 301
30 317
30 327
30 331
30 342
30 350
30 357
30 360
30 387
30 397
30 409
30 421
30 440
30 467
30 471
30 474
31 34
31 36
31 60
31 85
31 87
31 90
31 94
31 104
31 123
31 128
31 138
31 160
31 164
31 172
31 188
31 200
31 202
31 204
31 206
31 215
31 216
31 244
31 250
31 262
31 268
31 278
31 282
31 293
31 303
31 308
31 309
31 343
31 348
31 349
31 358
31 361
31 384
31 416
31 418
31 420
31 428
31 444
31 450
31 466
31 494
31 499
31 508
32 33
32 51
32 55
32 56
32 57
32 73
32 77
32 86
32 89
32 90
32 92
32 95
32 113
32 131
32 138
32 146
32 148
32 159
32 165
32 189
32 229
32 247
32 249
32 251
32 275
32 291
32 321
32 323
32 329
32 354
32 365
32 366
32 368
32 372
32 389
32 392
32 401
32 408
32 436
32 442
32 443
32 452
32 453
32 494
32 500
33 34
33 36
33 38
33 42
33 48
33 60
33 100
33 112
33 124
33 126
33 132
33 142
33 151
33 152
33 156
33 160
33 167
33 168
33 176
33 178
33 184
33 194
33 198
33 200
33 205
33 212
33 226
33 232
33 236
33 259
33 270
33 274
33 282
33 284
33 320
33 332
33 338
33 377
33 384
33 397
33 422
33 424
33 430
33 431
33 436
33 437
33 462
33 467
33 479
33 484
33 494
34 40
34 65
34 81
34 95
34 99
34 100
34 127
34 134
34 146
34 163
34 177
34 179
34 182
34 203
34 206
34 207
34 249
34 254
34 286
34 310
34 312
34 314
34 327
34 329
34 333
34 337
34 343
34 357
34 379
34 401
34 403
34 407
34 415
34 433
34 455
34 471
34 483
34 487
35 44
35 46
35 58
35 72
35 76
35 78
35 79
35 83
35 89
35 95
35 116
35 118
35 124
35 126
35 130
35 132
35 134
35 148
35 158
35 159
35 164
35 170
35 176
35 199
35 200
35 207
35 209
35 210
35 231
35 252
35 262
35 280
35 308
35 312
35 316
35 322
35 345
35 376
35 384
35 414
35 430
35 450
35 451
35 468
35 477
35 486
35 492
35 498
35 502
35 505
36 52
36 61
36 63
36 71
36 77
36 78
36 79
36 85
36 89
36 102
36 107
36 121
36 129
36 131
36 151
36 169
36 178
36 183
36 227
36 239
36 249
36 251
36 254
36 265
36 273
36 322
36 324
36 331
36 349
36 355
36 367
36 378
36 397
36 434
36 441
36 455
36 460
36 464
36 479
36 487
36 504
36 511
37 42
37 48
37 61
37 82
37 92
37 94
37 98
37 136
37 142
37 156
37 162
37 167
37 172
37 174
37 178
37 179
37 198
37 200
37 216
37 225
37 227
37 234
37 238
37 261
37 266
37 286
37 291
37 302
37 308
37 326
37 345
37 346
37 368
37 374
37 378
37 400
37 406
37 414
37 422
37 430
37 441
37 471
37 472
37 483
37 486
37 490
37 493
37 500
37 501
38 39
38 55
38 64
38 73
38 94
38 104
38 107
38 124
38 132
38 140
38 152
38 155
38 171
38 193
38 209
38 213
38 215
38 235
38 250
38 265
38 271
38 277
38 299
38 305
38 317
38 337
38 363
38 367
38 401
38 415
38 417
38 419
38 445
38 463
38 473
38 485
38 503
38 504
39 44
39 48
39 71
39 74
39 75
39 76
39 96
39 111
39 114
39 120
39 124
39 134
39 148
39 152
39 179
39 188
39 211
39 220
39 221
39 226
39 234
39 238
39 246
39 263
39 301
39 318
39 351
39 364
39 404
39 415
39 422
39 432
39 447
39 474
39 481
39 482
39 506
40 42
40 45
40 80
40 84
40 87
40 91
40 93
40 113
40 115
40 128
40 132
40 139
40 141
40 149
40 176
40 179
40 197
40 199
40 205
40 209
40 235
40 243
40 246
40 275
40 279
40 281
40 285
40 291
40 305
40 358
40 359
40 385
40 394
40 419
40 423
40 435
40 437
40 440
40 463
40 469
40 470
40 479
40 481
40 482
40 503
40 505
40 511
41 42
41 60
41 66
41 68
41 80
41 94
41 102
41 104
41 122
41 142
41 168
41 172
41 182
41 186
41 206
41 248
41 253
41 256
41 266
41 287
41 294
41 300
41 310
41 320
41 328
41 330
41 347
41 356
41 380
41 382
41 391
41 395
41 415
41 417
41 442
41 450
41 452
41 467
41 470
41 494
41 496
42 43
42 51
42 59
42 67
42 83
42 87
42 89
42 91
42 103
42 109
42 131
42 135
42 153
42 154
42 159
42 163
42 169
42 171
42 175
42 191
42 195
42 205
42 212
42 218
42 230
42 231
42 235
42 240
42 252
42 260
42 271
42 293
42 299
42 313
42 315
42 329
42 347
42 357
42 365
42 367
42 371
42 379
42 391
42 394
42 397
42 399
42 405
42 411
42 413
42 419
42 434
42 453
42 455
42 460
42 511
43 46
43 47
43 67
43 74
43 75
43 123
43 130
43 194
43 196
43 212
43 220
43 224
43 227
43 228
43 236
43 244
43 259
43 260
43 270
43 280
43 298
43 324
43 328
43 336
43 340
43 342
43 358
43 374
43 376
43 400
43 416
43 420
43 423
43 429
43 452
43 468
43 478
43 498
43 500
43 502
43 508
44 51
44 56
44 73
44 85
44 93
44 96
44 112
44 113
44 115
44 128
44 129
44 133
44 143
44 148
44 162
44 166
44 181
44 199
44 208
44 209
44 233
44 237
44 239
44 263
44 265
44 267
44 285
44 290
44 297
44 304
44 305
44 337
44 345
44 357
44 372
44 377
44 391
44 393
44 397
44 407
44 421
44 439
44 463
44 466
44 482
44 505
44 509
45 50
45 51
45 60
45 62
45 70
45 86
45 107
45 115
45 118
45 134
45 143
45 168
45 185
45 190
45 212
45 214
45 218
45 232
45 236
45 282
45 297
45 299
45 304
45 309
45 312
45 330
45 339
45 352
45 359
45 374
45 392
45 398
45 407
45 426
45 446
45 452
45 456
45 472
45 492
45 494
45 508
46 61
46 81
46 89
46 129
46 153
46 159
46 175
46 201
46 209
46 223
46 231
46 233
46 261
46 281
46 319
46 320
46 337
46 339
46 359
46 361
46 369
46 371
46 373
46 383
46 387
46 397
46 401
46 430
46 439
46 455
46 466
46 495
46 497
46 499
46 502
46 503
47 56
47 64
47 66
47 86
47 88
47 103
47 125
47 136
47 143
47 148
47 150
47 160
47 178
47 188
47 191
47 192
47 194
47 216
47 224
47 230
47 241
47 248
47 263
47 271
47 292
47 309
47 310
47 322
47 328
47 350
47 360
47 371
47 374
47 378
47 385
47 388
47 396
47 400
47 407
47 411
47 431
47 454
47 455
47 460
47 462
47 501
47 504
48 59
48 60
48 75
48 86
48 87
48 104
48 105
48 116
48 117
48 131
48 134
48 143
48 151
48 159
48 185
48 189
48 207
48 209
48 221
48 231
48 243
48 248
48 263
48 265
48 268
48 273
48 275
48 283
48 325
48 343
48 353
48 355
48 359
48 363
48 365
48 375
48 381
48 395
48 397
48 443
48 445
48 465
48 474
48 480
48 495
48 502
49 66
49 72
49 80
49 88
49 109
49 110
49 136
49 149
49 172
49 175
49 187
49 196
49 204
49 206
49 229
49 240
49 244
49 254
49 268
49 274
49 283
49 292
49 296
49 340
49 346
49 352
49 358
49 375
49 391
49 392
49 408
49 412
49 427
49 432
49 443
49 460
49 461
49 474
49 477
49 478
49 479
49 486
49 496
50 71
50 81
50 85
50 107
50 113
50 115
50 143
50 145
50 152
50 159
50 167
50 173
50 220
50 222
50 231
50 238
50 245
50 249
50 257
50 270
50 273
50 289
50 294
50 295
50 309
50 336
50 359
50 371
50 383
50 399
50 400
50 405
50 415
50 417
50 426
50 437
50 448
50 451
50 458
50 461
50 464
50 466
50 468
50 483
50 489
50 505
50 509
51 73
51 84
51 90
51 98
51 110
51 112
51 121
51 143
51 152
51 154
51 162
51 164
51 172
51 179
51 188
51 192
51 196
51 222
51 223
51 236
51 240
51 244
51 261
51 266
51 270
51 274
51 288
51 298
51 300
51 305
51 309
51 312
51 325
51 349
51 362
51 363
51 364
51 370
51 382
51 390
51 396
51 398
51 400
51 404
51 411
51 412
51 428
51 437
51 460
51 473
51 476
51 494
51 498
51 500
51 508
52 71
52 72
52 73
52 93
52 103
52 118
52 125
52 149
52 160
52 164
52 172
52 177
52 184
52 189
52 193
52 207
52 209
52 210
52 215
52 223
52 224
52 227
52 231
52 256
52 294
52 337
52 349
52 356
52 357
52 359
52 371
52 393
52 399
52 401
52 416
52 418
52 438
52 443
52 444
52 479
52 483
52 485
52 495
52 496
52 497
52 511
53 76
53 82
53 88
53 110
53 116
53 125
53 156
53 160
53 176
53 212
53 216
53 233
53 250
53 253
53 254
53 260
53 276
53 279
53 284
53 300
53 302
53 308
53 313
53 322
53 336
53 342
53 364
53 370
53 373
53 376
53 380
53 384
53 416
53 424
53 435
53 449
53 458
53 460
53 479
53 482
53 496
53 497
53 507
54 61
54 63
54 65
54 71
54 85
54 91
54 103
54 107
54 113
54 117
54 127
54 148
54 164
54 190
54 234
54 235
54 271
54 286
54 295
54 306
54 315
54 323
54 347
54 351
54 356
54 359
54 386
54 387
54 391
54 393
54 407
54 411
54 438
54 441
54 448
54 454
54 479
54 499
54 502
54 510
55 70
55 75
55 80
55 84
55 98
55 108
55 124
55 126
55 132
55 138
55 140
55 146
55 152
55 154
55 156
55 170
55 196
55 198
55 213
55 231
55 232
55 234
55 244
55 250
55 252
55 257
55 278
55 299
55 304
55 308
55 313
55 314
55 338
55 364
55 381
55 402
55 430
55 452
55 457
55 466
56 57
56 75
56 81
56 107
56 109
56 129
56 161
56 165
56 169
56 181
56 185
56 199
56 232
56 261
56 267
56 288
56 291
56 295
56 302
56 305
56 319
56 349
56 356
56 376
56 381
56 384
56 385
56 391
56 397
56 403
56 414
56 415
56 417
56 419
56 427
56 443
56 459
56 463
56 467
56 483
56 499
57 62
57 63
57 94
57 99
57 100
57 101
57 117
57 138
57 143
57 149
57 150
57 160
57 168
57 172
57 176
57 179
57 198
57 208
57 216
57 230
57 232
57 237
57 239
57 252
57 258
57 261
57 264
57 272
57 278
57 279
57 282
57 286
57 307
57 330
57 332
57 338
57 369
57 372
57 383
57 393
57 404
57 428
57 438
57 442
57 454
57 456
57 469
57 470
57 477
57 484
57 486
57 494
57 502
58 59
58 61
58 71
58 75
58 79
58 93
58 96
58 103
58 110
58 126
58 127
58 133
58 143
58 146
58 147
58 159
58 184
58 202
58 204
58 206
58 207
58 213
58 222
58 256
58 258
58 285
58 301
58 315
58 319
58 320
58 327
58 334
58 341
58 345
58 346
58 353
58 360
58 369
58 377
58 384
58 385
58 387
58 393
58 407
58 425
58 465
58 478
58 483
58 487
58 489
58 494
58 497
59 60
59 62
59 74
59 78
59 89
59 92
59 98
59 116
59 143
59 150
59 178
59 181
59 184
59 202
59 218
59 238
59 249
59 254
59 255
59 275
59 285
59 288
59 320
59 331
59 332
59 346
59 364
59 386
59 410
59 422
59 440
59 452
59 458
59 459
59 462
59 466
59 474
59 488
59 506
60 63
60 69
60 83
60 89
60 93
60 95
60 101
60 133
60 143
60 149
60 162
60 165
60 176
60 207
60 213
60 215
60 221
60 227
60 231
60 236
60 242
60 250
60 263
60 273
60 279
60 283
60 288
60 311
60 313
60 317
60 325
60 351
60 363
60 369
60 379
60 382
60 415
60 422
60 425
60 429
60 437
60 442
60 451
60 459
60 475
60 477
60 479
60 480
60 488
60 509
61 66
61 70
61 88
61 89
61 102
61 113
61 144
61 149
61 152
61 158
61 162
61 187
61 188
61 190
61 196
61 204
61 212
61 224
61 253
61 266
61 276
61 280
61 292
61 293
61 320
61 334
61 354
61 374
61 378
61 388
61 390
61 408
61 426
61 428
61 434
61 440
61 452
61 456
61 462
61 464
61 465
61 474
61 482
61 496
61 497
61 503
62 85
62 87
62 90
62 105
62 126
62 152
62 155
62 165
62 195
62 212
62 219
62 221
62 223
62 245
62 247
62 271
62 279
62 283
62 287
62 288
62 296
62 298
62 311
62 312
62 329
62 337
62 349
62 362
62 364
62 370
62 372
62 381
62 385
62 387
62 395
62 399
62 431
62 435
62 437
62 475
62 497
62 501
63 81
63 82
63 98
63 108
63 131
63 134
63 135
63 139
63 142
63 160
63 162
63 191
63 204
63 208
63 209
63 222
63 239
63 262
63 278
63 311
63 321
63 323
63 334
63 338
63 339
63 342
63 347
63 376
63 378
63 380
63 382
63 391
63 400
63 411
63 415
63 422
63 427
63 428
63 432
63 451
63 456
63 460
63 471
63 484
63 489
63 492
63 499
63 506
64 73
64 80
64 86
64 87
64 114
64 120
64 124
64 127
64 137
64 149
64 151
64 159
64 163
64 179
64 182
64 199
64 210
64 217
64 249
64 261
64 285
64 287
64 295
64 319
64 321
64 324
64 327
64 333
64 338
64 341
64 344
64 349
64 356
64 369
64 377
64 381
64 402
64 439
64 446
64 449
64 457
64 475
64 485
64 493
65 66
65 68
65 74
65 78
65 92
65 106
65 107
65 118
65 120
65 122
65 128
65 140
65 150
65 176
65 189
65 209
65 214
65 216
65 225
65 234
65 238
65 264
65 267
65 272
65 284
65 289
65 296
65 303
65 304
65 310
65 312
65 322
65 330
65 338
65 348
65 356
65 359
65 360
65 362
65 396
65 398
65 402
65 425
65 434
65 438
65 458
65 478
65 488
65 491
65 494
66 73
66 76
66 103
66 119
66 134
66 137
66 165
66 169
66 181
66 193
66 205
66 211
66 219
66 225
66 241
66 247
66 263
66 271
66 277
66 288
66 293
66 295
66 305
66 313
66 317
66 331
66 333
66 364
66 373
66 377
66 381
66 382
66 392
66 395
66 413
66 415
66 419
66 465
66 472
66 475
66 477
66 483
67 72
67 85
67 108
67 112
67 116
67 118
67 157
67 162
67 163
67 176
67 181
67 190
67 202
67 204
67 209
67 214
67 232
67 233
67 236
67 238
67 244
67 246
67 256
67 279
67 282
67 289
67 298
67 302
67 308
67 315
67 318
67 329
67 330
67 332
67 338
67 348
67 360
67 363
67 372
67 378
67 380
67 384
67 427
67 432
67 446
67 451
67 468
67 474
67 475
67 485
67 488
67 489
68 69
68 70
68 71
68 72
68 105
68 124
68 133
68 140
68 147
68 153
68 154
68 167
68 169
68 183
68 199
68 213
68 217
68 227
68 263
68 264
68 280
68 293
68 301
68 319
68 329
68 332
68 343
68 347
68 353
68 359
68 361
68 364
68 369
68 394
68 417
68 437
68 443
68 468
68 472
68 504
68 507
69 74
69 81
69 90
69 92
69 98
69 106
69 113
69 116
69 130
69 135
69 138
69 142
69 147
69 152
69 160
69 172
69 186
69 196
69 217
69 218
69 247
69 260
69 266
69 268
69 269
69 272
69 281
69 282
69 290
69 301
69 308
69 314
69 318
69 335
69 338
69 342
69 346
69 350
69 358
69 365
69 380
69 398
69 402
69 423
69 467
69 478
69 496
70 86
70 105
70 111
70 113
70 123
70 125
70 128
70 134
70 137
70 143
70 147
70 149
70 151
70 189
70 191
70 205
70 208
70 227
70 231
70 237
70 245
70 247
70 259
70 261
70 269
70 270
70 275
70 289
70 297
70 305
70 315
70 322
70 330
70 331
70 349
70 359
70 370
70 374
70 401
70 409
70 413
70 422
70 427
70 449
70 455
70 499
70 502
70 507
71 72
71 76
71 103
71 120
71 134
71 146
71 147
71 150
71 156
71 163
71 168
71 170
71 218
71 244
71 256
71 262
71 288
71 302
71 344
71 348
71 354
71 357
71 370
71 377
71 381
71 393
71 430
71 436
71 437
71 451
71 454
71 468
71 493
71 504
72 77
72 78
72 79
72 81
72 105
72 113
72 119
72 129
72 133
72 135
72 137
72 149
72 155
72 157
72 160
72 168
72 199
72 243
72 251
72 256
72 283
72 296
72 305
72 308
72 311
72 323
72 339
72 341
72 345
72 347
72 368
72 383
72 392
72 412
72 425
72 446
72 451
72 469
72 479
72 484
72 491
72 511
73 85
73 88
73 90
73 94
73 101
73 148
73 155
73 168
73 172
73 178
73 201
73 204
73 220
73 226
73 232
73 240
73 245
73 246
73 250
73 251
73 253
73 256
73 260
73 272
73 278
73 286
73 306
73 316
73 324
73 332
73 338
73 350
73 364
73 368
73 372
73 400
73 440
73 442
73 447
73 482
73 484
73 485
74 78
74 81
74 99
74 105
74 107
74 113
74 133
74 137
74 168
74 169
74 181
74 185
74 199
74 200
74 201
74 216
74 226
74 243
74 255
74 257
74 271
74 287
74 291
74 310
74 313
74 319
74 323
74 324
74 345
74 368
74 373
74 397
74 401
74 463
74 464
74 465
74 483
74 493
74 495
74 497
74 505
75 83
75 88
75 110
75 111
75 124
75 145
75 149
75 152
75 174
75 204
75 210
75 220
75 232
75 234
75 239
75 282
75 298
75 311
75 312
75 322
75 324
75 334
75 340
75 346
75 354
75 362
75 394
75 404
75 407
75 444
75 458
75 476
75 486
75 493
75 494
75 496
75 509
75 510
76 85
76 87
76 93
76 101
76 110
76 123
76 127
76 131
76 135
76 145
76 146
76 151
76 157
76 160
76 171
76 173
76 181
76 183
76 185
76 196
76 200
76 221
76 247
76 265
76 267
76 273
76 305
76 322
76 323
76 326
76 337
76 339
76 343
76 345
76 357
76 361
76 369
76 374
76 377
76 399
76 402
76 405
76 409
76 413
76 417
76 419
76 427
76 433
76 439
76 446
76 451
76 467
76 469
76 490
76 495
76 501
76 507
76 511
77 79
77 92
77 98
77 104
77 106
77 114
77 124
77 126
77 137
77 138
77 152
77 162
77 174
77 186
77 196
77 204
77 206
77 210
77 226
77 248
77 264
77 282
77 332
77 342
77 348
77 356
77 366
77 397
77 406
77 434
77 439
77 448
77 450
77 455
77 457
77 478
77 482
77 497
77 504
78 84
78 85
78 86
78 87
78 90
78 114
78 116
78 117
78 131
78 133
78 145
78 147
78 149
78 159
78 162
78 183
78 195
78 203
78 207
78 209
78 219
78 229
78 230
78 239
78 253
78 269
78 270
78 283
78 285
78 291
78 320
78 331
78 337
78 355
78 365
78 371
78 374
78 391
78 393
78 407
78 427
78 431
78 481
78 503
78 507
79 81
79 86
79 92
79 94
79 96
79 107
79 108
79 120
79 126
79 135
79 139
79 140
79 144
79 159
79 166
79 174
79 236
79 242
79 244
79 258
79 272
79 296
79 314
79 352
79 356
79 358
79 368
79 374
79 380
79 398
79 406
79 422
79 425
79 441
79 446
79 448
79 458
79 462
79 464
79 474
79 476
79 482
79 488
79 497
80 93
80 99
80 127
80 129
80 161
80 165
80 175
80 179
80 183
80 201
80 215
80 217
80 225
80 228
80 232
80 234
80 237
80 241
80 245
80 257
80 275
80 279
80 287
80 289
80 299
80 300
80 323
80 331
80 334
80 337
80 343
80 345
80 365
80 381
80 393
80 395
80 411
80 430
80 438
80 445
80 469
80 473
80 487
80 491
81 86
81 89
81 128
81 139
81 160
81 162
81 174
81 176
81 178
81 184
81 200
81 202
81 204
81 205
81 210
81 227
81 242
81 243
81 257
81 269
81 276
81 284
81 286
81 291
81 302
81 306
81 324
81 340
81 342
81 362
81 371
81 396
81 404
81 406
81 410
81 414
81 421
81 438
81 442
81 445
81 467
81 476
81 499
81 504
81 506
82 91
82 95
82 116
82 146
82 147
82 155
82 158
82 177
82 179
82 211
82 215
82 243
82 245
82 292
82 313
82 318
82 331
82 342
82 346
82 353
82 385
82 407
82 423
82 425
82 430
82 449
82 457
82 469
82 476
82 479
82 495
82 501
82 505
82 509
83 92
83 98
83 100
83 102
83 128
83 131
83 168
83 193
83 199
83 210
83 214
83 218
83 220
83 230
83 235
83 252
83 254
83 264
83 267
83 268
83 298
83 310
83 312
83 320
83 323
83 338
83 346
83 348
83 352
83 354
83 356
83 394
83 418
83 421
83 434
83 439
83 453
83 464
83 468
83 469
83 492
83 502
84 93
84 103
84 116
84 168
84 193
84 225
84 230
84 233
84 235
84 241
84 243
84 271
84 280
84 289
84 327
84 328
84 368
84 376
84 383
84 399
84 405
84 417
84 421
84 461
84 467
84 470
84 496
84 499
84 510
85 87
85 92
85 96
85 102
85 106
85 110
85 128
85 138
85 150
85 151
85 156
85 158
85 159
85 168
85 179
85 194
85 200
85 202
85 212
85 216
85 237
85 238
85 242
85 244
85 268
85 274
85 284
85 285
85 286
85 290
85 298
85 302
85 311
85 320
85 324
85 327
85 340
85 343
85 344
85 346
85 348
85 366
85 369
85 371
85 394
85 396
85 409
85 419
85 425
85 440
85 464
85 492
85 501
85 504
85 506
86 101
86 107
86 113
86 120
86 147
86 151
86 169
86 171
86 175
86 177
86 179
86 181
86 182
86 187
86 207
86 217
86 221
86 223
86 237
86 245
86 265
86 283
86 287
86 297
86 301
86 327
86 329
86 335
86 339
86 347
86 351
86 361
86 369
86 397
86 423
86 428
86 447
86 461
86 463
86 473
86 479
86 493
87 93
87 94
87 104
87 105
87 119
87 154
87 162
87 189
87 206
87 220
87 222
87 260
87 264
87 266
87 269
87 280
87 288
87 303
87 306
87 320
87 327
87 354
87 364
87 372
87 380
87 381
87 386
87 398
87 400
87 406
87 407
87 409
87 424
87 448
87 458
87 462
87 464
87 466
87 492
87 498
88 89
88 104
88 133
88 138
88 143
88 147
88 175
88 181
88 185
88 186
88 188
88 221
88 225
88 231
88 235
88 237
88 239
88 245
88 274
88 285
88 305
88 313
88 351
88 367
88 369
88 385
88 389
88 396
88 398
88 437
88 445
88 461
88 469
88 485
88 493
88 499
88 511
89 115
89 126
89 143
89 190
89 208
89 213
89 221
89 222
89 226
89 233
89 242
89 243
89 279
89 288
89 299
89 305
89 325
89 332
89 333
89 334
89 346
89 348
89 360
89 376
89 418
89 428
89 432
89 443
89 444
89 499
89 504
90 97
90 115
90 131
90 135
90 151
90 153
90 155
90 165
90 171
90 172
90 181
90 184
90 216
90 223
90 227
90 234
90 239
90 241
90 247
90 255
90 256
90 259
90 272
90 273
90 277
90 301
90 315
90 327
90 337
90 347
90 355
90 371
90 397
90 404
90 405
90 427
90 434
90 437
90 439
90 441
90 450
90 477
90 499
91 98
91 100
91 110
91 116
91 124
91 126
91 132
91 148
91 154
91 170
91 201
91 204
91 205
91 224
91 233
91 238
91 243
91 272
91 276
91 310
91 314
91 344
91 345
91 354
91 362
91 363
91 378
91 380
91 388
91 392
91 394
91 422
91 428
91 437
91 444
91 459
91 476
91 484
91 486
91 494
91 500
92 93
92 99
92 124
92 127
92 131
92 149
92 153
92 155
92 161
92 204
92 209
92 221
92 225
92 247
92 269
92 273
92 283
92 297
92 301
92 309
92 319
92 330
92 334
92 338
92 341
92 369
92 377
92 385
92 391
92 401
92 403
92 407
92 409
92 415
92 421
92 423
92 429
92 438
92 441
92 447
92 449
92 457
92 488
92 493
92 507
93 94
93 107
93 118
93 123
93 130
93 133
93 202
93 214
93 232
93 237
93 268
93 270
93 274
93 288
93 302
93 304
93 312
93 322
93 326
93 330
93 337
93 344
93 346
93 370
93 384
93 390
93 392
93 402
93 405
93 420
93 422
93 424
93 433
93 452
93 458
93 470
93 488
93 490
93 506
93 507
93 511
94 97
94 99
94 100
94 105
94 107
94 109
94 115
94 117
94 125
94 146
94 147
94 173
94 179
94 192
94 197
94 211
94 212
94 227
94 252
94 261
94 297
94 299
94 301
94 311
94 317
94 337
94 360
94 366
94 369
94 371
94 379
94 397
94 401
94 404
94 405
94 409
94 419
94 421
94 433
94 437
94 440
94 442
94 447
94 451
94 469
94 490
94 500
94 511
95 103
95 106
95 112
95 114
95 120
95 167
95 174
95 181
95 188
95 195
95 196
95 212
95 231
95 242
95 282
95 292
95 295
95 311
95 320
95 324
95 332
95 336
95 379
95 382
95 391
95 396
95 426
95 439
95 443
95 444
95 454
95 458
95 467
95 478
95 488
95 490
96 103
96 111
96 117
96 132
96 135
96 146
96 154
96 157
96 167
96 178
96 193
96 196
96 213
96 239
96 253
96 269
96 285
96 288
96 299
96 303
96 309
96 318
96 339
96 349
96 373
96 377
96 379
96 389
96 412
96 422
96 429
96 449
96 457
96 458
96 495
97 98
97 120
97 146
97 150
97 161
97 164
97 169
97 208
97 214
97 233
97 240
97 250
97 253
97 254
97 283
97 290
97 292
97 306
97 311
97 328
97 340
97 361
97 378
97 402
97 406
97 417
97 418
97 420
97 422
97 437
97 459
97 468
97 479
97 488
97 495
98 99
98 103
98 123
98 137
98 142
98 145
98 159
98 175
98 177
98 188
98 192
98 195
98 213
98 225
98 228
98 229
98 233
98 265
98 267
98 268
98 271
98 273
98 275
98 285
98 287
98 293
98 297
98 301
98 303
98 305
98 309
98 311
98 317
98 319
98 321
98 329
98 343
98 357
98 361
98 368
98 383
98 385
98 407
98 433
98 435
98 439
98 445
98 452
98 474
98 485
98 491
98 497
99 106
99 118
99 144
99 158
99 162
99 165
99 169
99 171
99 188
99 194
99 195
99 200
99 202
99 214
99 236
99 262
99 270
99 279
99 287
99 291
99 308
99 311
99 327
99 330
99 350
99 351
99 359
99 375
99 376
99 378
99 388
99 390
99 414
99 416
99 418
99 426
99 428
99 434
99 441
99 444
99 458
99 460
99 464
99 466
99 478
99 488
100 103
100 111
100 115
100 121
100 151
100 185
100 193
100 213
100 219
100 225
100 227
100 229
100 239
100 242
100 243
100 256
100 267
100 268
100 289
100 317
100 329
100 337
100 350
100 352
100 367
100 383
100 400
100 412
100 429
100 445
100 447
100 461
100 470
100 473
100 479
100 491
100 493
100 501
100 511
101 115
101 120
101 134
101 144
101 165
101 166
101 174
101 182
101 218
101 245
101 250
101 252
101 299
101 300
101 324
101 325
101 329
101 330
101 342
101 354
101 364
101 368
101 370
101 374
101 396
101 424
101 431
101 432
101 434
101 444
101 456
101 468
101 478
101 481
101 487
101 493
101 498
102 105
102 111
102 113
102 128
102 153
102 157
102 167
102 171
102 176
102 187
102 211
102 215
102 225
102 231
102 243
102 245
102 246
102 250
102 253
102 256
102 261
102 269
102 277
102 288
102 293
102 305
102 308
102 311
102 319
102 321
102 324
102 349
102 353
102 357
102 361
102 377
102 389
102 393
102 394
102 398
102 415
102 426
102 429
102 431
102 455
102 468
102 469
103 104
103 132
103 136
103 138
103 164
103 170
103 172
103 190
103 226
103 232
103 237
103 247
103 266
103 268
103 278
103 282
103 287
103 306
103 330
103 336
103 350
103 358
103 364
103 368
103 374
103 382
103 386
103 391
103 393
103 428
103 436
103 437
103 438
103 442
103 454
103 455
103 477
103 482
103 490
103 494
103 504
103 510
104 113
104 123
104 134
104 138
104 153
104 164
104 165
104 175
104 179
104 190
104 207
104 215
104 225
104 238
104 293
104 294
104 301
104 331
104 333
104 339
104 340
104 341
104 348
104 351
104 354
104 367
104 397
104 403
104 406
104 419
104 425
104 437
104 441
104 451
104 466
104 470
104 479
104 480
104 490
104 493
104 498
104 502
105 132
105 138
105 158
105 170
105 202
105 211
105 222
105 228
105 230
105 246
105 251
105 254
105 260
105 264
105 265
105 266
105 271
105 278
105 281
105 291
105 292
105 302
105 305
105 318
105 330
105 361
105 378
105 411
105 430
105 434
105 460
105 468
105 476
105 490
105 506
106 109
106 117
106 123
106 126
106 146
106 155
106 179
106 187
106 201
106 253
106 261
106 263
106 282
106 293
106 307
106 309
106 319
106 322
106 329
106 343
106 373
106 377
106 397
106 403
106 427
106 437
106 439
106 446
106 465
106 468
106 471
106 473
106 489
106 506
107 131
107 136
107 146
107 156
107 163
107 170
107 186
107 188
107 196
107 202
107 208
107 218
107 226
107 228
107 234
107 289
107 290
107 308
107 322
107 323
107 329
107 330
107 350
107 358
107 372
107 374
107 377
107 380
107 414
107 433
107 451
107 462
107 476
107 480
107 482
107 487
107 496
108 112
108 121
108 143
108 144
108 150
108 178
108 182
108 205
108 209
108 219
108 227
108 250
108 255
108 285
108 289
108 300
108 320
108 334
108 345
108 355
108 357
108 375
108 379
108 385
108 423
108 425
108 429
108 430
108 434
108 439
108 459
108 471
108 475
108 481
108 483
109 174
109 176
109 183
109 188
109 202
109 208
109 271
109 274
109 296
109 301
109 310
109 317
109 322
109 323
109 329
109 351
109 354
109 358
109 365
109 371
109 389
109 400
109 433
109 460
109 466
110 125
110 130
110 131
110 137
110 141
110 158
110 162
110 174
110 219
110 226
110 229
110 259
110 281
110 285
110 293
110 297
110 301
110 305
110 325
110 333
110 351
110 354
110 368
110 369
110 383
110 389
110 397
110 403
110 420
110 439
110 441
110 450
110 453
110 475
110 493
110 503
110 505
111 118
111 133
111 154
111 168
111 173
111 196
111 199
111 227
111 229
111 240
111 244
111 248
111 286
111 298
111 304
111 310
111 312
111 316
111 331
111 332
111 342
111 346
111 352
111 375
111 376
111 389
111 393
111 406
111 407
111 409
111 412
111 418
111 426
111 428
111 432
111 443
111 452
111 454
111 457
111 458
111 459
111 484
111 509
112 115
112 123
112 139
112 143
112 144
112 147
112 159
112 165
112 181
112 183
112 184
112 195
112 209
112 213
112 217
112 223
112 239
112 285
112 295
112 299
112 323
112 341
112 343
112 344
112 353
112 357
112 375
112 381
112 387
112 395
112 406
112 417
112 422
112 427
112 435
112 437
112 443
112 448
112 462
112 487
112 491
113 130
113 140
113 146
113 148
113 150
113 152
113 154
113 160
113 164
113 185
113 196
113 204
113 226
113 236
113 243
113 246
113 290
113 294
113 296
113 318
113 334
113 338
113 350
113 361
113 364
113 368
113 372
113 373
113 378
113 390
113 394
113 405
113 406
113 416
113 418
113 440
113 454
113 469
113 475
113 476
114 129
114 133
114 163
114 165
114 177
114 179
114 184
114 190
114 195
114 203
114 207
114 216
114 217
114 223
114 233
114 257
114 263
114 265
114 269
114 271
114 289
114 291
114 295
114 301
114 311
114 328
114 353
114 365
114 367
114 387
114 391
114 405
114 425
114 433
114 435
114 437
114 438
114 440
114 446
114 453
114 455
114 458
114 473
114 479
114 482
114 493
114 495
114 505
115 124
115 143
115 148
115 149
115 156
115 159
115 163
115 176
115 190
115 199
115 202
115 220
115 221
115 236
115 245
115 250
115 252
115 253
115 258
115 260
115 264
115 266
115 277
115 290
115 291
115 293
115 302
115 316
115 320
115 324
115 342
115 348
115 352
115 360
115 380
115 392
115 402
115 404
115 428
115 430
115 442
115 444
115 467
115 478
115 486
115 488
116 137
116 145
116 146
116 154
116 157
116 178
116 189
116 190
116 211
116 235
116 257
116 259
116 263
116 275
116 285
116 297
116 301
116 320
116 334
116 337
116 343
116 351
116 359
116 369
116 373
116 374
116 387
116 391
116 421
116 435
116 453
116 485
116 486
116 503
116 507
117 118
117 123
117 127
117 128
117 134
117 140
117 142
117 158
117 166
117 167
117 177
117 188
117 195
117 198
117 200
117 222
117 228
117 234
117 256
117 269
117 272
117 280
117 288
117 295
117 318
117 337
117 358
117 360
117 369
117 371
117 375
117 406
117 420
117 453
117 458
117 464
117 467
117 496
117 509
118 119
118 123
118 143
118 147
118 171
118 193
118 205
118 207
118 219
118 226
118 253
118 255
118 259
118 269
118 281
118 282
118 289
118 301
118 320
118 321
118 359
118 369
118 377
118 381
118 419
118 423
118 437
118 445
118 451
118 452
118 471
118 475
118 478
118 483
118 486
118 487
118 499
119 128
119 138
119 142
119 152
119 154
119 158
119 161
119 164
119 168
119 169
119 189
119 198
119 200
119 206
119 208
119 214
119 238
119 248
119 258
119 260
119 262
119 264
119 276
119 289
119 293
119 294
119 368
119 374
119 375
119 403
119 412
119 418
119 430
119 438
119 450
119 462
119 466
119 468
119 471
119 492
119 498
119 504
119 505
120 131
120 139
120 147
120 169
120 170
120 171
120 183
120 193
120 205
120 214
120 217
120 223
120 241
120 243
120 246
120 251
120 255
120 257
120 273
120 285
120 308
120 313
120 317
120 348
120 367
120 373
120 374
120 393
120 419
120 433
120 443
120 455
120 465
120 467
120 493
121 123
121 134
121 136
121 138
121 150
121 152
121 163
121 170
121 178
121 182
121 186
121 191
121 208
121 220
121 226
121 228
121 230
121 237
121 254
121 261
121 305
121 310
121 320
121 328
121 329
121 341
121 342
121 369
121 382
121 427
121 431
121 446
121 449
121 458
121 465
121 474
121 484
121 488
121 493
121 496
122 128
122 145
122 149
122 181
122 203
122 209
122 242
122 255
122 257
122 266
122 272
122 274
122 291
122 313
122 315
122 318
122 347
122 359
122 364
122 369
122 371
122 373
122 393
122 395
122 405
122 415
122 427
122 431
122 433
122 434
122 442
122 449
122 451
122 458
122 467
122 471
122 475
122 493
122 506
122 511
123 128
123 141
123 149
123 188
123 200
123 209
123 214
123 225
123 232
123 236
123 238
123 240
123 242
123 244
123 264
123 266
123 268
123 273
123 280
123 296
123 298
123 300
123 319
123 323
123 326
123 342
123 355
123 360
123 366
123 370
123 374
123 392
123 400
123 404
123 410
123 412
123 418
123 442
123 446
123 447
123 458
123 476
123 480
123 491
123 498
123 506
123 510
124 130
124 141
124 159
124 184
124 211
124 216
124 238
124 247
124 273
124 279
124 301
124 305
124 313
124 314
124 331
124 335
124 341
124 348
124 362
124 365
124 383
124 399
124 403
124 409
124 410
124 425
124 431
124 439
124 442
124 451
124 467
124 470
124 475
124 487
124 497
124 499
124 503
124 504
124 511
125 142
125 152
125 158
125 168
125 174
125 178
125 186
125 204
125 215
125 216
125 218
125 222
125 242
125 249
125 260
125 270
125 294
125 312
125 331
125 352
125 362
125 370
125 371
125 378
125 392
125 394
125 400
125 406
125 410
125 418
125 425
125 428
125 430
125 462
125 478
125 488
125 498
125 501
125 502
126 135
126 155
126 159
126 191
126 194
126 207
126 214
126 215
126 216
126 225
126 235
126 247
126 251
126 253
126 262
126 267
126 274
126 278
126 285
126 303
126 308
126 309
126 314
126 323
126 359
126 361
126 371
126 373
126 387
126 419
126 423
126 435
126 444
126 447
126 451
126 465
126 509
127 137
127 140
127 152
127 154
127 214
127 218
127 232
127 235
127 236
127 239
127 248
127 275
127 292
127 309
127 310
127 315
127 317
127 328
127 334
127 338
127 340
127 354
127 360
127 375
127 376
127 381
127 385
127 408
127 429
127 434
127 442
127 458
127 461
127 464
127 466
127 470
127 476
127 477
127 486
127 490
127 495
127 496
128 142
128 171
128 176
128 179
128 181
128 187
128 189
128 196
128 197
128 201
128 230
128 233
128 247
128 273
128 277
128 279
128 281
128 291
128 305
128 308
128 316
128 335
128 347
128 351
128 355
128 357
128 361
128 367
128 368
128 392
128 409
128 433
128 436
128 442
128 457
128 459
128 475
128 479
128 487
128 492
128 497
128 499
128 511
129 132
129 138
129 144
129 148
129 152
129 154
129 158
129 196
129 198
129 200
129 204
129 217
129 240
129 242
129 258
129 266
129 280
129 291
129 298
129 304
129 314
129 320
129 325
129 329
129 336
129 354
129 363
129 364
129 370
129 374
129 375
129 381
129 384
129 388
129 398
129 404
129 409
129 420
129 427
129 436
129 440
129 443
129 448
129 450
129 491
130 131
130 145
130 147
130 155
130 165
130 167
130 177
130 179
130 183
130 186
130 191
130 198
130 213
130 218
130 223
130 237
130 249
130 255
130 266
130 267
130 277
130 296
130 298
130 311
130 317
130 333
130 341
130 391
130 396
130 398
130 409
130 420
130 423
130 424
130 427
130 433
130 434
130 441
130 453
130 455
130 475
130 477
130 489
130 505
131 138
131 142
131 150
131 163
131 176
131 186
131 190
131 194
131 196
131 212
131 221
131 235
131 236
131 271
131 292
131 296
131 300
131 304
131 308
131 318
131 322
131 324
131 330
131 346
131 360
131 364
131 378
131 390
131 400
131 412
131 415
131 437
131 438
131 458
131 471
131 482
131 484
131 487
131 493
131 506
132 139
132 150
132 165
132 174
132 179
132 223
132 243
132 251
132 263
132 267
132 271
132 287
132 289
132 305
132 311
132 313
132 314
132 319
132 327
132 331
132 334
132 344
132 351
132 353
132 371
132 379
132 381
132 382
132 383
132 395
132 399
132 407
132 424
132 429
132 437
132 449
132 470
132 487
132 500
133 142
133 154
133 160
133 162
133 172
133 178
133 184
133 204
133 210
133 212
133 224
133 239
133 250
133 260
133 268
133 300
133 301
133 319
133 320
133 324
133 326
133 334
133 342
133 367
133 376
133 390
133 392
133 394
133 398
133 404
133 416
133 442
133 450
133 463
133 482
133 484
133 489
133 500
134 150
134 154
134 167
134 177
134 187
134 199
134 209
134 229
134 231
134 239
134 265
134 282
134 287
134 299
134 301
134 305
134 322
134 331
134 341
134 367
134 368
134 369
134 395
134 409
134 411
134 417
134 429
134 443
134 447
134 449
134 452
134 459
134 467
134 471
134 477
134 497
134 501
135 175
135 198
135 214
135 215
135 224
135 236
135 243
135 268
135 274
135 290
135 296
135 302
135 309
135 316
135 320
135 334
135 351
135 356
135 358
135 359
135 383
135 408
135 436
135 445
135 464
135 476
135 477
135 503
135 506
136 146
136 178
136 179
136 185
136 200
136 211
136 213
136 217
136 221
136 231
136 237
136 241
136 243
136 250
136 252
136 257
136 264
136 285
136 287
136 301
136 305
136 333
136 337
136 345
136 349
136 353
136 359
136 365
136 366
136 377
136 381
136 391
136 397
136 399
136 403
136 419
136 428
136 441
136 450
136 455
136 468
136 478
136 499
136 501
136 507
136 510
137 144
137 148
137 159
137 169
137 183
137 200
137 219
137 220
137 230
137 238
137 256
137 258
137 260
137 262
137 268
137 270
137 276
137 279
137 302
137 316
137 320
137 321
137 322
137 328
137 330
137 332
137 336
137 342
137 347
137 356
137 361
137 362
137 396
137 399
137 400
137 426
137 433
137 438
137 440
137 449
137 468
137 494
137 500
137 510
138 141
138 145
138 151
138 155
138 173
138 179
138 187
138 191
138 193
138 199
138 203
138 207
138 227
138 234
138 245
138 247
138 263
138 269
138 270
138 275
138 277
138 279
138 305
138 311
138 317
138 323
138 355
138 372
138 373
138 385
138 398
138 403
138 405
138 443
138 455
138 456
138 457
138 482
138 486
138 493
138 498
139 144
139 152
139 162
139 196
139 205
139 216
139 220
139 232
139 254
139 258
139 261
139 262
139 273
139 275
139 302
139 320
139 328
139 343
139 355
139 382
139 386
139 391
139 394
139 406
139 409
139 418
139 424
139 454
139 490
140 147
140 149
140 159
140 165
140 167
140 173
140 176
140 181
140 185
140 192
140 193
140 199
140 203
140 206
140 209
140 251
140 257
140 260
140 269
140 292
140 293
140 306
140 342
140 346
140 357
140 359
140 365
140 368
140 369
140 377
140 396
140 405
140 433
140 443
140 459
140 499
141 144
141 159
141 162
141 166
141 171
141 173
141 174
141 178
141 192
141 200
141 201
141 212
141 222
141 238
141 267
141 292
141 298
141 300
141 308
141 312
141 338
141 362
141 363
141 364
141 369
141 380
141 382
141 400
141 408
141 411
141 422
141 424
141 444
141 467
141 482
141 486
141 487
141 504
141 508
142 181
142 189
142 191
142 230
142 232
142 239
142 258
142 288
142 315
142 319
142 323
142 357
142 360
142 377
142 383
142 395
142 427
142 441
142 455
142 469
142 471
142 487
143 158
143 164
143 166
143 167
143 174
143 182
143 198
143 203
143 214
143 220
143 282
143 284
143 295
143 296
143 297
143 300
143 309
143 336
143 338
143 346
143 352
143 359
143 361
143 368
143 370
143 383
143 396
143 399
143 400
143 411
143 426
143 428
143 448
143 450
143 458
143 462
143 469
143 484
143 500
144 157
144 179
144 190
144 191
144 211
144 216
144 279
144 281
144 288
144 297
144 299
144 300
144 305
144 314
144 335
144 351
144 359
144 369
144 381
144 387
144 419
144 424
144 433
144 448
144 453
144 457
144 465
144 467
144 471
144 483
144 484
145 146
145 147
145 172
145 178
145 202
145 210
145 218
145 224
145 226
145 227
145 228
145 232
145 254
145 260
145 262
145 269
145 271
145 273
145 274
145 302
145 306
145 309
145 318
145 320
145 321
145 323
145 335
145 348
145 352
145 356
145 380
145 392
145 402
145 406
145 408
145 410
145 422
145 443
145 456
145 486
145 489
145 494
145 504
145 506
146 157
146 169
146 174
146 175
146 181
146 195
146 203
146 254
146 255
146 256
146 269
146 277
146 289
146 343
146 364
146 367
146 369
146 375
146 376
146 381
146 417
146 423
146 427
146 443
146 450
146 457
146 481
146 482
146 491
146 503
147 149
147 156
147 169
147 182
147 189
147 201
147 206
147 208
147 209
147 210
147 248
147 251
147 252
147 256
147 267
147 269
147 276
147 278
147 296
147 307
147 320
147 337
147 341
147 363
147 379
147 380
147 388
147 400
147 404
147 414
147 416
147 421
147 422
147 434
147 444
147 450
147 464
147 472
147 478
147 479
147 482
148 179
148 183
148 195
148 218
148 227
148 233
148 237
148 259
148 279
148 291
148 313
148 337
148 342
148 343
148 351
148 369
148 371
148 381
148 395
148 405
148 408
148 419
148 443
148 445
148 454
148 469
148 471
148 488
148 496
148 501
148 511
149 152
149 156
149 177
149 181
149 188
149 192
149 212
149 215
149 229
149 246
149 266
149 290
149 300
149 306
149 308
149 325
149 330
149 336
149 340
149 356
149 358
149 362
149 378
149 379
149 397
149 399
149 407
149 408
149 416
149 418
149 426
149 427
149 428
149 437
149 440
149 441
149 459
149 468
149 484
149 488
149 504
150 153
150 155
150 163
150 173
150 205
150 206
150 251
150 257
150 263
150 265
150 273
150 277
150 287
150 288
150 291
150 293
150 307
150 325
150 338
150 342
150 355
150 373
150 379
150 401
150 419
150 435
150 439
150 447
150 461
150 469
150 483
150 486
150 499
151 152
151 160
151 180
151 190
151 191
151 196
151 208
151 226
151 254
151 257
151 260
151 301
151 318
151 323
151 330
151 334
151 348
151 356
151 359
151 368
151 378
151 404
151 427
151 436
151 439
151 443
151 450
151 452
151 458
151 463
151 479
151 490
151 491
151 494
151 508
152 179
152 181
152 185
152 189
152 209
152 226
152 243
152 249
152 251
152 255
152 269
152 273
152 299
152 321
152 322
152 335
152 341
152 343
152 366
152 380
152 390
152 435
152 449
152 457
152 493
152 495
153 159
153 174
153 180
153 188
153 204
153 216
153 220
153 240
153 243
153 259
153 260
153 291
153 299
153 320
153 324
153 327
153 340
153 342
153 361
153 382
153 408
153 433
153 436
153 438
153 454
153 474
153 476
153 478
153 481
153 486
153 496
153 511
154 163
154 165
154 171
154 179
154 191
154 205
154 213
154 223
154 232
154 243
154 252
154 255
154 259
154 267
154 283
154 285
154 291
154 294
154 303
154 312
154 315
154 316
154 322
154 330
154 333
154 335
154 341
154 373
154 387
154 401
154 405
154 415
154 417
154 439
154 453
154 461
154 475
154 479
154 511
155 176
155 204
155 214
155 226
155 234
155 243
155 244
155 245
155 246
155 250
155 264
155 266
155 269
155 280
155 282
155 301
155 342
155 367
155 372
155 380
155 386
155 416
155 418
155 430
155 456
155 458
155 468
155 477
155 480
155 494
155 510
156 159
156 189
156 205
156 208
156 226
156 229
156 261
156 267
156 271
156 290
156 295
156 302
156 331
156 339
156 349
156 351
156 369
156 377
156 384
156 401
156 411
156 427
156 483
156 497
156 503
156 511
157 164
157 166
157 174
157 192
157 194
157 196
157 199
157 229
157 232
157 240
157 261
157 267
157 278
157 290
157 294
157 302
157 306
157 313
157 326
157 330
157 348
157 350
157 360
157 362
157 364
157 374
157 376
157 392
157 402
157 408
157 410
157 414
157 429
157 448
157 454
157 460
157 462
157 475
157 499
158 164
158 167
158 181
158 193
158 217
158 233
158 236
158 247
158 263
158 275
158 286
158 295
158 319
158 325
158 327
158 329
158 330
158 341
158 349
158 375
158 393
158 409
158 419
158 427
158 431
158 437
158 451
158 459
158 462
158 473
158 487
158 503
159 166
159 170
159 176
159 200
159 218
159 234
159 252
159 256
159 265
159 294
159 298
159 320
159 338
159 355
159 392
159 398
159 409
159 424
159 437
159 443
159 450
159 462
159 468
159 498
159 510
160 165
160 182
160 192
160 199
160 207
160 215
160 247
160 274
160 275
160 283
160 298
160 301
160 310
160 311
160 321
160 330
160 345
160 357
160 371
160 377
160 379
160 383
160 384
160 385
160 396
160 418
160 420
160 433
160 445
160 479
160 489
160 491
160 495
160 497
160 505
160 506
161 180
161 194
161 200
161 232
161 234
161 261
161 266
161 271
161 301
161 303
161 322
161 328
161 344
161 366
161 377
161 382
161 406
161 414
161 418
161 424
161 432
161 468
161 480
161 482
161 494
161 505
161 511
162 167
162 176
162 180
162 193
162 216
162 231
162 253
162 257
162 273
162 277
162 285
162 287
162 303
162 315
162 317
162 319
162 326
162 331
162 336
162 341
162 342
162 391
162 421
162 437
162 439
162 445
162 449
162 450
162 457
162 459
162 473
162 476
162 477
162 481
162 489
162 494
162 506
162 511
163 191
163 192
163 200
163 204
163 211
163 232
163 268
163 270
163 282
163 286
163 298
163 312
163 315
163 326
163 333
163 334
163 336
163 366
163 368
163 370
163 372
163 382
163 406
163 433
163 434
163 436
163 437
163 452
163 463
163 482
163 496
163 510
164 168
164 171
164 175
164 181
164 191
164 207
164 220
164 227
164 235
164 249
164 283
164 293
164 303
164 309
164 314
164 321
164 323
164 336
164 337
164 348
164 350
164 357
164 358
164 359
164 369
164 377
164 383
164 385
164 395
164 414
164 417
164 425
164 435
164 447
164 448
164 452
164 453
164 457
164 473
164 481
164 484
164 495
164 497
165 168
165 182
165 183
165 188
165 195
165 203
165 213
165 222
165 234
165 236
165 250
165 261
165 268
165 275
165 296
165 302
165 304
165 314
165 318
165 342
165 344
165 354
165 360
165 361
165 362
165 364
165 373
165 382
165 398
165 401
165 409
165 414
165 416
165 419
165 426
165 438
165 442
165 446
165 466
165 486
165 500
165 502
166 175
166 176
166 193
166 201
166 229
166 241
166 245
166 259
166 277
166 279
166 292
166 301
166 305
166 308
166 327
166 339
166 344
166 353
166 371
166 390
166 391
166 400
166 402
166 407
166 423
166 433
166 439
166 440
166 442
166 445
166 446
166 458
166 469
166 497
166 500
167 186
167 220
167 228
167 234
167 244
167 250
167 253
167 265
167 308
167 311
167 318
167 328
167 358
167 363
167 376
167 384
167 402
167 403
167 435
167 439
167 446
167 468
167 470
167 473
167 474
167 476
167 478
167 486
167 490
167 493
167 508
168 174
168 186
168 197
168 206
168 216
168 247
168 266
168 267
168 269
168 271
168 283
168 285
168 313
168 315
168 317
168 322
168 325
168 333
168 355
168 359
168 362
168 365
168 375
168 381
168 401
168 407
168 417
168 431
168 434
168 435
168 453
168 464
168 468
168 471
168 480
168 503
168 506
168 511
169 171
169 173
169 180
169 185
169 198
169 200
169 219
169 233
169 243
169 246
169 251
169 256
169 258
169 266
169 288
169 296
169 300
169 307
169 314
169 322
169 330
169 336
169 350
169 365
169 379
169 426
169 428
169 432
169 434
169 458
169 469
169 472
169 492
169 494
169 500
169 508
170 179
170 185
170 197
170 233
170 235
170 239
170 249
170 251
170 255
170 265
170 297
170 309
170 335
170 343
170 345
170 369
170 379
170 390
170 397
170 403
170 407
170 409
170 433
170 443
170 470
170 493
170 503
170 504
171 172
171 182
171 198
171 199
171 214
171 224
171 230
171 248
171 252
171 254
171 270
171 287
171 324
171 328
171 354
171 368
171 400
171 402
171 412
171 422
171 426
171 431
171 436
171 444
171 463
171 470
171 486
171 488
171 502
172 190
172 197
172 207
172 211
172 215
172 231
172 232
172 243
172 251
172 261
172 265
172 272
172 285
172 294
172 305
172 307
172 313
172 317
172 325
172 343
172 370
172 376
172 379
172 380
172 391
172 393
172 400
172 431
172 441
172 444
172 448
172 460
172 462
172 463
172 497
172 500
173 174
173 190
173 210
173 212
173 214
173 229
173 237
173 244
173 246
173 252
173 263
173 280
173 288
173 289
173 292
173 297
173 298
173 324
173 365
173 375
173 398
173 418
173 426
173 448
173 460
173 477
173 485
173 491
173 493
173 496
174 179
174 197
174 198
174 202
174 203
174 226
174 262
174 263
174 264
174 267
174 291
174 321
174 323
174 357
174 385
174 405
174 408
174 414
174 437
174 442
174 455
174 473
174 489
174 493
174 499
174 503
174 507
175 188
175 212
175 223
175 224
175 255
175 266
175 268
175 284
175 298
175 300
175 304
175 328
175 354
175 367
175 392
175 398
175 406
175 408
175 420
175 436
175 446
175 455
175 457
175 463
175 472
175 473
175 475
175 496
175 499
175 504
176 193
176 213
176 215
176 223
176 236
176 241
176 243
176 244
176 247
176 253
176 255
176 257
176 259
176 261
176 281
176 297
176 305
176 313
176 321
176 327
176 333
176 335
176 351
176 363
176 370
176 376
176 397
176 401
176 409
176 412
176 415
176 425
176 433
176 451
176 463
176 469
176 479
176 483
176 491
176 501
177 194
177 208
177 226
177 229
177 243
177 244
177 253
177 260
177 273
177 295
177 304
177 313
177 316
177 326
177 330
177 340
177 342
177 370
177 389
177 404
177 406
177 418
177 419
177 428
177 433
177 440
177 446
177 460
177 469
177 474
177 508
178 206
178 215
178 216
178 229
178 233
178 246
178 264
178 265
178 279
178 309
178 311
178 320
178 323
178 325
178 337
178 349
178 350
178 373
178 380
178 389
178 395
178 397
178 409
178 420
178 431
178 433
178 435
178 441
178 459
178 493
178 496
178 497
178 510
179 204
179 209
179 216
179 260
179 266
179 272
179 278
179 302
179 324
179 326
179 330
179 341
179 346
179 351
179 352
179 357
179 358
179 376
179 382
179 389
179 392
179 396
179 410
179 416
179 429
179 438
179 450
179 459
179 472
179 487
179 496
179 506
180 183
180 187
180 201
180 217
180 228
180 253
180 269
180 277
180 295
180 308
180 322
180 333
180 345
180 348
180 355
180 365
180 377
180 379
180 381
180 414
180 421
180 442
180 445
180 447
180 450
180 453
180 479
180 485
180 488
181 182
181 184
181 196
181 201
181 202
181 212
181 232
181 241
181 242
181 256
181 266
181 282
181 286
181 304
181 334
181 336
181 338
181 343
181 364
181 374
181 375
181 378
181 380
181 398
181 400
181 432
181 436
181 442
181 445
181 450
181 452
181 470
181 474
181 476
181 494
181 496
182 184
182 207
182 208
182 231
182 239
182 271
182 273
182 287
182 301
182 305
182 307
182 323
182 324
182 328
182 331
182 345
182 349
182 353
182 359
182 362
182 363
182 367
182 371
182 376
182 387
182 411
182 419
182 421
182 431
182 447
182 463
182 507
182 509
183 188
183 220
183 226
183 230
183 233
183 240
183 256
183 267
183 270
183 272
183 282
183 284
183 300
183 310
183 317
183 343
183 348
183 351
183 379
183 380
183 386
183 420
183 428
183 440
183 445
183 452
183 454
183 464
183 484
183 486
183 495
184 189
184 190
184 191
184 217
184 247
184 255
184 258
184 270
184 271
184 273
184 295
184 305
184 313
184 318
184 319
184 325
184 331
184 337
184 355
184 373
184 388
184 393
184 410
184 422
184 440
184 463
184 495
185 190
185 191
185 211
185 220
185 234
185 242
185 255
185 256
185 272
185 276
185 284
185 314
185 327
185 328
185 352
185 360
185 362
185 384
185 388
185 390
185 424
185 428
185 443
185 450
185 452
185 467
185 469
185 480
185 506
186 191
186 208
186 209
186 213
186 229
186 239
186 243
186 256
186 275
186 284
186 295
186 299
186 305
186 311
186 319
186 342
186 359
186 368
186 376
186 385
186 391
186 395
186 417
186 419
186 421
186 423
186 449
186 450
186 469
186 481
187 222
187 223
187 232
187 262
187 270
187 272
187 284
187 298
187 302
187 304
187 305
187 318
187 322
187 336
187 344
187 350
187 356
187 376
187 378
187 382
187 398
187 424
187 452
187 456
187 462
187 472
187 478
188 189
188 197
188 202
188 210
188 219
188 224
188 232
188 243
188 247
188 249
188 266
188 299
188 317
188 319
188 322
188 329
188 332
188 337
188 338
188 377
188 385
188 393
188 399
188 411
188 427
188 433
188 434
188 445
188 447
188 461
188 478
188 484
188 487
188 489
188 491
188 498
189 191
189 192
189 194
189 198
189 202
189 218
189 219
189 250
189 256
189 258
189 264
189 268
189 272
189 276
189 280
189 290
189 296
189 300
189 310
189 342
189 359
189 360
189 370
189 385
189 387
189 403
189 404
189 411
189 414
189 416
189 420
189 422
189 429
189 435
189 470
189 471
189 476
189 502
190 191
190 203
190 215
190 219
190 236
190 241
190 255
190 262
190 263
190 291
190 297
190 316
190 352
190 353
190 354
190 357
190 367
190 387
190 405
190 408
190 409
190 418
190 422
190 423
190 424
190 439
190 464
190 495
191 196
191 206
191 255
191 257
191 265
191 266
191 269
191 270
191 280
191 281
191 288
191 290
191 291
191 292
191 294
191 306
191 320
191 326
191 332
191 340
191 348
191 350
191 362
191 366
191 399
191 409
191 410
191 417
191 418
191 420
191 468
191 482
191 484
191 486
191 488
191 504
191 510
192 195
192 209
192 214
192 222
192 229
192 231
192 232
192 259
192 291
192 309
192 313
192 316
192 317
192 318
192 346
192 362
192 363
192 371
192 396
192 399
192 419
192 421
192 425
192 455
192 461
192 464
192 471
192 473
192 479
192 489
192 511
193 200
193 204
193 214
193 222
193 224
193 228
193 245
193 250
193 254
193 258
193 265
193 266
193 267
193 273
193 276
193 282
193 284
193 289
193 296
193 306
193 314
193 321
193 327
193 330
193 344
193 354
193 356
193 393
193 400
193 414
193 426
193 430
193 431
193 433
193 436
193 437
193 452
193 454
193 462
193 470
193 483
193 492
193 500
193 510
194 198
194 209
194 220
194 231
194 243
194 259
194 279
194 284
194 297
194 332
194 341
194 351
194 355
194 359
194 366
194 375
194 377
194 381
194 383
194 405
194 419
194 430
194 431
194 432
194 453
194 457
194 469
194 493
194 495
194 497
194 500
194 507
194 509
194 511
195 208
195 210
195 218
195 224
195 278
195 292
195 300
195 301
195 303
195 307
195 326
195 330
195 342
195 344
195 352
195 364
195 384
195 389
195 404
195 406
195 407
195 409
195 414
195 418
195 444
195 451
195 466
195 471
195 490
195 508
196 202
196 209
196 217
196 227
196 235
196 239
196 241
196 245
196 251
196 254
196 255
196 263
196 271
196 289
196 296
196 307
196 325
196 344
196 355
196 361
196 373
196 375
196 404
196 405
196 411
196 427
196 435
196 437
196 439
196 445
196 457
196 463
196 475
196 479
196 499
196 505
197 201
197 202
197 211
197 215
197 235
197 254
197 274
197 280
197 285
197 292
197 326
197 328
197 343
197 350
197 356
197 368
197 376
197 378
197 388
197 394
197 399
197 400
197 424
197 434
197 439
197 461
197 462
197 475
197 487
197 494
197 510
198 203
198 205
198 222
198 243
198 245
198 261
198 279
198 318
198 321
198 327
198 331
198 333
198 341
198 346
198 349
198 351
198 365
198 385
198 425
198 435
198 443
198 447
198 454
198 458
198 465
198 473
198 489
198 491
198 499
198 510
199 204
199 207
199 262
199 278
199 292
199 301
199 304
199 308
199 316
199 323
199 328
199 334
199 339
199 366
199 377
199 378
199 382
199 400
199 404
199 410
199 414
199 423
199 426
199 434
199 441
199 442
199 457
199 460
199 466
199 470
199 477
199 485
199 492
199 494
199 506
200 213
200 219
200 231
200 243
200 267
200 273
200 289
200 293
200 295
200 298
200 312
200 355
200 361
200 363
200 382
200 384
200 403
200 417
200 423
200 424
200 431
200 442
200 443
200 445
200 453
200 473
200 481
201 203
201 208
201 212
201 227
201 237
201 246
201 258
201 276
201 292
201 310
201 318
201 324
201 338
201 342
201 356
201 360
201 368
201 385
201 408
201 430
201 434
201 462
201 464
201 466
201 474
201 477
201 486
201 487
201 488
201 498
201 500
202 207
202 217
202 225
202 239
202 247
202 279
202 293
202 303
202 315
202 331
202 332
202 339
202 345
202 359
202 367
202 381
202 408
202 415
202 426
202 429
202 435
202 445
202 470
202 471
202 503
203 216
203 227
203 244
203 247
203 250
203 253
203 278
203 282
203 288
203 298
203 322
203 336
203 344
203 364
203 365
203 369
203 374
203 386
203 388
203 402
203 407
203 408
203 412
203 414
203 421
203 444
203 452
203 458
203 476
203 500
203 501
203 502
203 504
204 205
204 209
204 223
204 225
204 247
204 249
204 259
204 305
204 311
204 324
204 343
204 350
204 357
204 359
204 369
204 379
204 385
204 395
204 396
204 397
204 402
204 417
204 423
204 429
204 437
204 441
204 446
204 449
204 459
204 462
204 471
204 479
204 492
204 511
205 210
205 218
205 228
205 234
205 239
205 240
205 242
205 248
205 256
205 258
205 264
205 320
205 322
205 341
205 349
205 381
205 404
205 408
205 422
205 432
205 438
205 440
205 444
205 457
205 502
206 243
206 244
206 247
206 255
206 257
206 279
206 295
206 306
206 307
206 331
206 333
206 339
206 343
206 349
206 363
206 373
206 383
206 397
206 402
206 405
206 407
206 411
206 420
206 421
206 431
206 433
206 437
206 441
206 442
206 451
206 455
206 479
206 485
206 487
206 491
206 495
206 503
206 505
206 509
206 511
207 212
207 222
207 226
207 228
207 248
207 260
207 282
207 312
207 325
207 329
207 348
207 350
207 352
207 380
207 384
207 388
207 395
207 402
207 409
207 415
207 424
207 426
207 431
207 433
207 446
207 458
207 472
207 479
207 482
208 217
208 223
208 227
208 241
208 255
208 258
208 261
208 263
208 318
208 338
208 352
208 371
208 373
208 381
208 383
208 386
208 398
208 411
208 445
208 450
208 457
208 464
208 471
208 487
208 494
208 511
209 216
209 226
209 231
209 241
209 244
209 249
209 252
209 291
209 296
209 298
209 313
209 327
209 330
209 344
209 348
209 362
209 366
209 380
209 382
209 392
209 393
209 398
209 402
209 414
209 426
209 436
209 440
209 441
209 442
209 453
209 456
209 458
209 482
209 486
209 490
209 497
209 502
210 229
210 233
210 254
210 257
210 281
210 284
210 285
210 287
210 289
210 292
210 302
210 321
210 333
210 343
210 344
210 355
210 361
210 397
210 402
210 409
210 431
210 434
210 439
210 441
210 445
210 509
211 214
211 217
211 229
211 232
211 236
211 256
211 274
211 278
211 292
211 304
211 308
211 310
211 324
211 328
211 336
211 341
211 343
211 344
211 348
211 364
211 366
211 372
211 382
211 392
211 402
211 411
211 415
211 430
211 444
211 460
211 468
211 474
211 494
211 496
211 504
212 215
212 235
212 243
212 245
212 249
212 271
212 274
212 278
212 279
212 291
212 304
212 305
212 307
212 311
212 317
212 333
212 334
212 353
212 368
212 369
212 379
212 387
212 397
212 402
212 403
212 405
212 421
212 432
212 433
212 443
212 451
212 455
212 472
212 475
212 482
212 483
212 486
212 505
213 224
213 228
213 232
213 240
213 250
213 254
213 270
213 292
213 304
213 316
213 329
213 336
213 346
213 348
213 350
213 354
213 362
213 366
213 382
213 398
213 418
213 422
213 428
213 429
213 430
213 432
213 442
213 451
213 471
213 472
213 477
213 482
213 487
213 489
213 494
213 504
213 506
214 240
214 241
214 247
214 259
214 262
214 274
214 276
214 279
214 281
214 283
214 291
214 313
214 325
214 335
214 347
214 351
214 369
214 371
214 376
214 383
214 387
214 393
214 409
214 423
214 429
214 432
214 443
214 454
214 461
214 469
214 477
214 480
214 489
214 499
214 501
214 505
215 220
215 226
215 245
215 254
215 259
215 260
215 282
215 284
215 286
215 292
215 298
215 300
215 302
215 304
215 306
215 318
215 321
215 328
215 343
215 346
215 364
215 381
215 384
215 386
215 389
215 400
215 404
215 416
215 426
215 430
215 436
215 440
215 444
215 454
215 458
215 476
215 480
216 221
216 222
216 227
216 235
216 245
216 257
216 261
216 267
216 269
216 297
216 301
216 303
216 319
216 334
216 346
216 353
216 361
216 371
216 381
216 392
216 393
216 405
216 409
216 417
216 437
216 443
216 451
216 453
216 457
216 467
216 469
216 477
216 481
216 485
216 497
216 508
217 220
217 227
217 233
217 242
217 264
217 280
217 281
217 293
217 310
217 313
217 320
217 329
217 332
217 339
217 349
217 362
217 368
217 370
217 371
217 382
217 384
217 416
217 433
217 434
217 442
217 470
217 471
217 476
217 481
217 488
217 494
217 503
218 235
218 243
218 261
218 272
218 275
218 277
218 278
218 279
218 283
218 317
218 345
218 349
218 366
218 369
218 370
218 373
218 375
218 379
218 386
218 390
218 393
218 394
218 397
218 406
218 408
218 441
218 461
218 463
218 475
218 479
218 483
218 497
219 224
219 234
219 240
219 254
219 266
219 272
219 283
219 284
219 290
219 310
219 318
219 328
219 330
219 339
219 343
219 348
219 350
219 353
219 384
219 398
219 420
219 422
219 428
219 442
219 452
219 454
219 468
219 475
219 487
219 490
219 500
220 226
220 236
220 270
220 291
220 318
220 347
220 352
220 355
220 385
220 401
220 419
220 420
220 428
220 436
220 437
220 451
220 485
221 224
221 228
221 232
221 233
221 258
221 260
221 296
221 300
221 331
221 340
221 344
221 345
221 349
221 350
221 352
221 361
221 365
221 374
221 378
221 379
221 396
221 434
221 436
221 444
221 448
221 456
221 476
221 478
221 487
222 227
222 235
222 263
222 275
222 283
222 293
222 307
222 315
222 356
222 365
222 369
222 377
222 385
222 390
222 399
222 412
222 415
222 431
222 441
222 453
222 457
222 463
222 470
222 475
222 479
222 483
222 493
222 494
222 497
222 500
222 511
223 232
223 264
223 276
223 283
223 284
223 294
223 296
223 330
223 332
223 350
223 372
223 398
223 400
223 415
223 426
223 434
223 439
223 450
223 454
223 460
223 491
223 496
223 497
223 501
223 502
224 227
224 229
224 231
224 232
224 253
224 267
224 269
224 270
224 273
224 275
224 278
224 279
224 280
224 287
224 301
224 303
224 326
224 334
224 345
224 350
224 353
224 355
224 410
224 422
224 437
224 444
224 456
224 466
224 487
224 490
224 493
224 495
225 235
225 248
225 252
225 256
225 288
225 297
225 301
225 324
225 334
225 338
225 348
225 360
225 364
225 370
225 372
225 404
225 428
225 460
225 489
225 499
225 505
225 506
226 237
226 238
226 249
226 250
226 253
226 273
226 277
226 315
226 327
226 333
226 339
226 347
226 351
226 353
226 359
226 360
226 361
226 365
226 385
226 388
226 395
226 399
226 413
226 418
226 420
226 427
226 431
226 433
226 447
226 463
226 465
226 474
226 483
226 505
227 230
227 236
227 238
227 248
227 250
227 258
227 260
227 264
227 270
227 274
227 280
227 282
227 297
227 303
227 309
227 320
227 331
227 346
227 354
227 374
227 392
227 394
227 402
227 417
227 429
227 434
227 436
227 438
227 442
227 459
227 468
227 480
227 484
227 494
228 231
228 247
228 277
228 284
228 287
228 291
228 299
228 305
228 307
228 347
228 354
228 356
228 369
228 371
228 377
228 387
228 393
228 399
228 423
228 445
228 453
228 478
229 232
229 233
229 234
229 244
229 266
229 270
229 300
229 316
229 324
229 334
229 336
229 342
229 344
229 346
229 358
229 381
229 391
229 392
229 420
229 424
229 456
229 468
229 508
230 233
230 260
230 261
230 265
230 269
230 282
230 289
230 293
230 295
230 304
230 311
230 313
230 315
230 323
230 338
230 360
230 368
230 377
230 383
230 387
230 392
230 403
230 443
230 454
230 455
230 463
230 482
230 484
230 485
230 488
230 489
230 493
230 500
231 245
231 280
231 286
231 287
231 288
231 292
231 302
231 303
231 324
231 354
231 356
231 358
231 391
231 400
231 420
231 424
231 425
231 432
231 439
231 456
231 460
231 468
231 482
231 498
231 500
231 504
232 243
232 267
232 274
232 299
232 307
232 309
232 316
232 325
232 333
232 345
232 354
232 369
232 375
232 395
232 411
232 413
232 414
232 416
232 417
232 420
232 435
232 443
232 449
232 455
232 457
232 467
232 488
232 491
232 497
232 503
232 505
233 234
233 236
233 257
233 264
233 270
233 274
233 286
233 290
233 292
233 295
233 310
233 335
233 354
233 360
233 362
233 368
233 375
233 382
233 392
233 396
233 400
233 408
233 434
233 454
233 463
233 464
233 496
233 501
233 504
234 243
234 251
234 252
234 260
234 277
234 301
234 317
234 321
234 327
234 333
234 339
234 371
234 374
234 387
234 391
234 395
234 410
234 415
234 417
234 423
234 424
234 425
234 431
234 435
234 455
234 465
234 475
234 483
234 487
234 489
234 507
235 238
235 252
235 275
235 285
235 290
235 300
235 302
235 304
235 338
235 352
235 358
235 364
235 414
235 423
235 424
235 426
235 438
235 455
235 466
235 480
235 502
236 245
236 254
236 263
236 267
236 269
236 276
236 277
236 289
236 293
236 307
236 309
236 314
236 319
236 321
236 335
236 377
236 391
236 423
236 453
236 459
236 472
236 487
236 490
236 495
236 499
236 505
237 240
237 248
237 262
237 268
237 276
237 280
237 292
237 318
237 326
237 341
237 344
237 350
237 358
237 364
237 374
237 376
237 391
237 407
237 428
237 472
237 474
237 475
237 479
237 482
237 500
237 502
237 511
238 285
238 311
238 327
238 352
238 379
238 391
238 415
238 421
238 441
238 446
238 467
238 477
238 482
238 495
238 497
238 509
239 242
239 261
239 266
239 270
239 276
239 290
239 311
239 314
239 320
239 322
239 340
239 342
239 345
239 348
239 364
239 368
239 376
239 384
239 392
239 394
239 422
239 432
239 442
239 452
239 474
239 492
239 496
239 506
239 509
240 249
240 251
240 257
240 279
240 285
240 311
240 325
240 349
240 351
240 357
240 381
240 393
240 401
240 405
240 415
240 419
240 421
240 422
240 428
240 457
240 465
240 466
240 467
240 473
240 502
241 244
241 254
241 256
241 279
241 281
241 291
241 299
241 324
241 342
241 344
241 348
241 358
241 364
241 368
241 406
241 413
241 414
241 420
241 444
241 446
241 450
241 464
241 470
241 495
242 245
242 263
242 265
242 267
242 281
242 311
242 315
242 331
242 339
242 341
242 345
242 355
242 364
242 370
242 377
242 378
242 382
242 392
242 395
242 397
242 403
242 420
242 423
242 433
242 437
242 444
242 446
242 447
242 449
242 481
242 499
242 505
243 264
243 302
243 315
243 323
243 330
243 344
243 370
243 380
243 384
243 397
243 404
243 414
243 436
243 452
243 453
243 456
243 472
244 258
244 275
244 280
244 289
244 291
244 293
244 297
244 307
244 308
244 333
244 341
244 343
244 367
244 372
244 409
244 411
244 419
244 427
244 447
244 451
244 453
244 463
244 465
244 471
244 475
244 479
244 481
244 499
244 507
245 254
245 284
245 285
245 314
245 324
245 331
245 352
245 358
245 375
245 385
245 388
245 394
245 398
245 408
245 431
245 464
245 466
245 474
245 478
245 499
245 505
246 253
246 257
246 258
246 308
246 329
246 335
246 347
246 370
246 375
246 385
246 391
246 421
246 435
246 445
246 448
246 488
246 505
247 248
247 260
247 284
247 292
247 305
247 310
247 326
247 340
247 361
247 366
247 386
247 389
247 394
247 396
247 412
247 418
247 430
247 432
247 441
247 471
247 476
248 262
248 273
248 303
248 305
248 308
248 313
248 321
248 324
248 335
248 359
248 374
248 375
248 379
248 381
248 385
248 393
248 397
248 399
248 407
248 421
248 424
248 431
248 441
248 450
248 472
248 486
248 489
248 492
248 495
248 498
248 511
249 281
249 283
249 300
249 302
249 303
249 304
249 325
249 327
249 344
249 366
249 390
249 399
249 402
249 414
249 419
249 434
249 435
249 456
249 460
249 462
249 471
249 473
249 494
249 506
249 510
250 251
250 253
250 259
250 263
250 277
250 285
250 287
250 291
250 305
250 321
250 336
250 337
250 360
250 365
250 371
250 375
250 379
250 401
250 413
250 421
250 423
250 433
250 439
250 450
250 463
250 473
250 493
251 276
251 292
251 297
251 310
251 333
251 364
251 368
251 400
251 404
251 414
251 422
251 428
251 445
251 462
251 464
251 474
251 476
251 480
251 483
251 496
252 262
252 263
252 281
252 309
252 312
252 315
252 320
252 329
252 346
252 379
252 406
252 463
252 468
252 478
252 479
252 489
252 495
252 509
253 265
253 272
253 284
253 288
253 302
253 312
253 324
253 326
253 351
253 354
253 364
253 380
253 388
253 392
253 420
253 422
253 424
253 426
253 438
253 448
253 470
253 474
253 478
253 496
253 500
253 501
254 267
254 282
254 311
254 312
254 315
254 325
254 331
254 346
254 369
254 371
254 385
254 392
254 403
254 405
254 425
254 431
254 433
254 434
254 437
254 455
254 460
254 461
254 494
254 497
255 257
255 258
255 264
255 272
255 280
255 284
255 308
255 318
255 343
255 354
255 368
255 372
255 380
255 382
255 388
255 397
255 403
255 430
255 434
255 442
255 448
255 460
255 469
255 479
255 502
255 509
256 259
256 263
256 273
256 305
256 307
256 315
256 331
256 343
256 392
256 397
256 413
256 415
256 442
256 445
256 450
256 457
256 465
256 491
257 286
257 287
257 301
257 306
257 312
257 320
257 330
257 335
257 338
257 340
257 344
257 358
257 365
257 374
257 388
257 407
257 413
257 418
257 424
257 435
257 450
257 464
257 482
257 498
257 511
258 261
258 273
258 275
258 277
258 279
258 289
258 293
258 296
258 347
258 353
258 371
258 378
258 395
258 397
258 406
258 469
258 481
258 511
259 260
259 263
259 267
259 268
259 278
259 289
259 294
259 296
259 310
259 312
259 315
259 322
259 328
259 329
259 340
259 358
259 369
259 376
259 390
259 428
259 446
259 449
259 452
259 458
259 470
259 484
259 490
259 491
259 500
259 504
260 272
260 277
260 281
260 283
260 294
260 296
260 321
260 349
260 353
260 369
260 375
260 396
260 401
260 402
260 407
260 410
260 425
260 426
260 443
260 447
260 457
260 469
260 473
260 482
260 484
260 492
261 266
261 280
261 282
261 290
261 292
261 308
261 313
261 315
261 318
261 322
261 328
261 330
261 336
261 342
261 346
261 362
261 369
261 382
261 414
261 420
261 422
261 440
261 456
261 458
261 470
261 472
261 484
261 492
261 494
261 502
261 503
262 263
262 271
262 276
262 279
262 285
262 287
262 289
262 301
262 311
262 319
262 321
262 323
262 330
262 337
262 341
262 354
262 361
262 371
262 374
262 377
262 391
262 394
262 395
262 400
262 411
262 452
262 462
262 470
262 473
262 485
262 486
262 494
262 503
262 507
263 264
263 271
263 280
263 301
263 308
263 310
263 317
263 322
263 330
263 342
263 346
263 348
263 356
263 364
263 370
263 374
263 378
263 390
263 393
263 414
263 424
263 446
263 461
263 466
263 475
263 482
263 495
264 273
264 282
264 285
264 287
264 289
264 292
264 293
264 297
264 299
264 301
264 312
264 319
264 320
264 332
264 419
264 423
264 439
264 449
264 453
264 465
264 469
264 471
264 473
264 475
264 487
264 505
265 266
265 282
265 301
265 302
265 309
265 326
265 327
265 328
265 329
265 338
265 348
265 356
265 360
265 365
265 373
265 374
265 378
265 380
265 381
265 388
265 402
265 417
265 419
265 424
265 427
265 428
265 432
265 444
265 468
265 473
265 479
265 494
265 502
266 276
266 285
266 306
266 317
266 324
266 327
266 328
266 331
266 333
266 346
266 351
266 357
266 365
266 375
266 377
266 381
266 389
266 395
266 399
266 403
266 404
266 406
266 419
266 425
266 439
266 481
266 487
266 502
266 507
267 286
267 288
267 301
267 311
267 314
267 330
267 332
267 346
267 350
267 360
267 372
267 391
267 395
267 412
267 416
267 436
267 439
267 440
267 445
267 448
267 454
267 458
267 472
267 473
268 279
268 281
268 283
268 310
268 319
268 322
268 369
268 375
268 383
268 392
268 397
268 401
268 406
268 435
268 436
268 439
268 445
268 449
268 456
268 467
268 489
268 493
268 504
268 507
268 509
269 272
269 283
269 292
269 293
269 297
269 301
269 302
269 312
269 313
269 331
269 340
269 354
269 360
269 366
269 372
269 374
269 376
269 383
269 390
269 408
269 414
269 442
269 448
269 479
269 488
270 277
270 279
270 312
270 319
270 334
270 353
270 363
270 364
270 365
270 371
270 379
270 380
270 382
270 384
270 391
270 401
270 406
270 423
270 425
270 427
270 430
270 441
270 464
270 467
270 481
270 501
271 299
271 325
271 330
271 335
271 345
271 354
271 378
271 384
271 398
271 463
271 464
271 466
271 468
271 500
271 502
272 279
272 295
272 297
272 303
272 306
272 328
272 329
272 339
272 343
272 345
272 350
272 352
272 371
272 372
272 375
272 377
272 387
272 389
272 408
272 409
272 425
272 430
272 435
272 483
272 499
272 503
272 511
273 283
273 290
273 292
273 296
273 299
273 302
273 328
273 344
273 358
273 398
273 400
273 428
273 442
273 462
273 464
273 472
273 474
273 478
273 499
273 500
274 286
274 287
274 291
274 297
274 310
274 319
274 327
274 346
274 353
274 357
274 365
274 385
274 393
274 401
274 402
274 403
274 404
274 451
274 461
274 471
274 475
274 493
274 501
275 289
275 290
275 292
275 293
275 302
275 307
275 338
275 344
275 364
275 368
275 374
275 379
275 380
275 383
275 397
275 399
275 403
275 462
275 471
275 474
275 496
275 502
275 503
276 277
276 279
276 285
276 291
276 299
276 305
276 340
276 341
276 342
276 345
276 355
276 367
276 382
276 389
276 391
276 393
276 394
276 405
276 411
276 419
276 421
276 429
276 437
276 439
276 445
276 457
276 467
276 508
276 509
276 511
277 282
277 304
277 308
277 316
277 322
277 344
277 354
277 388
277 410
277 428
277 456
277 490
277 494
277 501
278 279
278 314
278 331
278 345
278 350
278 361
278 372
278 377
278 378
278 381
278 385
278 393
278 399
278 401
278 421
278 437
278 439
278 451
278 461
278 465
278 471
278 479
278 502
279 286
279 296
279 308
279 318
279 332
279 348
279 371
279 384
279 398
279 405
279 432
279 482
280 283
280 308
280 309
280 322
280 325
280 333
280 344
280 357
280 360
280 363
280 365
280 387
280 392
280 397
280 407
280 419
280 435
280 461
280 473
280 498
280 511
281 292
281 299
281 314
281 320
281 333
281 350
281 352
281 353
281 360
281 364
281 372
281 376
281 379
281 394
281 409
281 431
281 432
281 433
281 456
281 476
281 478
281 502
281 504
281 510
282 304
282 314
282 316
282 327
282 331
282 335
282 341
282 351
282 356
282 371
282 377
282 383
282 407
282 426
282 435
282 441
282 451
282 453
282 463
282 481
282 488
282 498
282 505
283 294
283 300
283 304
283 312
283 314
283 326
283 329
283 349
283 362
283 376
283 382
283 390
283 396
283 398
283 399
283 402
283 410
283 424
283 425
283 430
283 452
283 458
283 466
283 468
283 481
283 484
284 301
284 321
284 334
284 342
284 357
284 359
284 369
284 370
284 371
284 372
284 393
284 397
284 411
284 417
284 430
284 439
284 505
284 509
285 292
285 294
285 306
285 318
285 334
285 336
285 360
285 368
285 386
285 388
285 396
285 423
285 433
285 436
285 442
285 452
285 462
285 464
285 468
285 484
285 492
285 494
286 295
286 308
286 312
286 347
286 353
286 361
286 370
286 381
286 391
286 401
286 425
286 439
286 455
286 464
286 497
286 505
286 509
287 301
287 308
287 314
287 318
287 320
287 336
287 356
287 357
287 362
287 371
287 381
287 410
287 424
287 426
287 428
287 455
287 467
287 492
287 495
288 319
288 335
288 339
288 358
288 371
288 379
288 395
288 401
288 403
288 413
288 424
288 428
288 437
288 445
288 454
288 460
288 467
288 500
288 502
288 505
288 507
289 308
289 326
289 334
289 358
289 364
289 380
289 384
289 387
289 399
289 403
289 408
289 426
289 432
289 446
289 458
289 464
289 466
289 468
289 476
289 489
289 491
289 506
289 509
290 340
290 357
290 361
290 369
290 372
290 373
290 375
290 389
290 401
290 429
290 449
290 459
290 501
290 507
291 316
291 338
291 350
291 354
291 362
291 385
291 428
291 431
291 447
291 457
291 472
291 480
291 484
291 490
291 492
291 502
291 509
292 305
292 319
292 321
292 323
292 334
292 341
292 354
292 357
292 359
292 372
292 381
292 389
292 393
292 404
292 407
292 422
292 431
292 438
292 448
292 452
292 475
292 489
292 498
292 502
292 503
292 509
293 295
293 296
293 306
293 316
293 324
293 328
293 342
293 373
293 388
293 390
293 398
293 399
293 408
293 415
293 418
293 425
293 429
293 442
293 456
293 462
293 463
293 473
293 480
293 486
293 496
293 505
294 318
294 323
294 333
294 339
294 343
294 355
294 357
294 367
294 369
294 375
294 379
294 385
294 395
294 407
294 411
294 419
294 431
294 449
294 451
294 465
294 468
294 477
294 493
294 509
295 301
295 302
295 308
295 326
295 329
295 340
295 352
295 370
295 376
295 388
295 392
295 393
295 394
295 397
295 406
295 414
295 422
295 440
295 458
295 468
295 473
295 476
295 482
295 488
295 495
295 504
296 307
296 317
296 319
296 320
296 325
296 331
296 352
296 354
296 365
296 378
296 387
296 395
296 397
296 402
296 421
296 436
296 491
296 492
296 499
297 312
297 324
297 330
297 342
297 350
297 352
297 372
297 373
297 376
297 378
297 398
297 404
297 420
297 424
297 431
297 437
297 447
297 464
297 468
297 484
297 486
297 488
297 490
297 504
297 510
298 303
298 305
298 307
298 308
298 311
298 313
298 314
298 321
298 324
298 341
298 347
298 361
298 371
298 391
298 427
298 449
298 451
298 453
298 465
298 481
298 482
298 497
299 300
299 313
299 318
299 333
299 336
299 342
299 352
299 368
299 396
299 402
299 408
299 426
299 432
299 442
299 446
299 447
299 459
299 465
299 480
299 490
299 504
300 304
300 317
300 345
300 347
300 352
300 353
300 365
300 371
300 419
300 421
300 427
300 439
300 441
300 459
300 460
300 469
300 475
300 479
300 493
300 495
300 511
301 308
301 334
301 358
301 360
301 362
301 364
301 379
301 390
301 392
301 396
301 400
301 410
301 420
301 426
301 427
301 428
301 448
301 450
301 459
301 472
301 474
301 476
301 480
301 484
302 305
302 325
302 332
302 333
302 343
302 353
302 357
302 369
302 373
302 393
302 397
302 401
302 402
302 409
302 439
302 446
302 455
302 465
302 471
302 479
302 487
302 488
302 499
302 507
303 306
303 308
303 316
303 319
303 332
303 336
303 340
303 342
303 347
303 350
303 356
303 358
303 360
303 375
303 379
303 400
303 401
303 408
303 410
303 428
303 450
303 477
303 478
303 482
303 490
303 498
303 506
304 338
304 349
304 355
304 359
304 363
304 371
304 377
304 391
304 403
304 433
304 439
304 442
304 454
304 475
304 478
304 489
304 490
304 496
304 508
305 317
305 326
305 330
305 332
305 338
305 343
305 374
305 378
305 392
305 394
305 398
305 405
305 415
305 416
305 432
305 438
305 440
305 458
305 470
305 482
305 490
305 496
305 503
306 310
306 320
306 335
306 337
306 348
306 349
306 361
306 367
306 377
306 379
306 381
306 385
306 387
306 399
306 416
306 419
306 437
306 439
306 443
306 457
306 473
306 477
306 478
306 480
307 309
307 320
307 335
307 340
307 418
307 424
307 444
307 446
307 452
308 309
308 311
308 321
308 325
308 341
308 348
308 368
308 370
308 379
308 406
308 421
308 427
308 428
308 429
308 439
308 455
308 459
308 479
308 485
308 495
309 314
309 322
309 330
309 338
309 357
309 370
309 372
309 373
309 374
309 376
309 400
309 406
309 416
309 434
309 449
309 452
309 488
309 506
310 313
310 323
310 329
310 339
310 348
310 355
310 369
310 376
310 383
310 395
310 403
310 405
310 413
310 415
310 417
310 425
310 435
310 475
310 501
311 314
311 317
311 330
311 334
311 336
311 344
311 349
311 366
311 368
311 380
311 401
311 403
311 408
311 413
311 414
311 436
311 444
311 449
311 492
311 500
312 325
312 327
312 331
312 351
312 359
312 401
312 404
312 445
312 446
312 449
312 454
312 459
312 467
312 475
312 477
312 481
312 503
313 332
313 343
313 344
313 378
313 398
313 402
313 408
313 416
313 440
313 465
313 476
314 318
314 341
314 353
314 354
314 367
314 376
314 381
314 395
314 397
314 401
314 410
314 431
314 435
314 437
314 457
314 458
314 459
314 471
314 475
314 481
314 491
314 493
314 497
314 503
314 511
315 320
315 326
315 382
315 384
315 388
315 394
315 400
315 422
315 445
315 449
315 458
315 470
315 475
315 482
315 490
315 496
315 505
316 319
316 321
316 329
316 353
316 364
316 373
316 393
316 412
316 413
316 429
316 448
316 465
316 487
316 500
316 509
317 362
317 365
317 366
317 393
317 402
317 403
317 407
317 408
317 436
317 458
317 461
317 496
317 506
317 507
317 508
318 333
318 337
318 343
318 365
318 367
318 377
318 383
318 386
318 391
318 394
318 401
318 413
318 443
318 445
318 452
318 457
318 461
318 473
318 485
318 495
318 497
318 503
319 321
319 324
319 328
319 332
319 334
319 338
319 342
319 346
319 364
319 386
319 390
319 396
319 405
319 424
319 426
319 446
319 450
319 453
319 456
319 460
319 462
319 464
319 468
319 498
319 506
319 510
320 323
320 363
320 370
320 371
320 379
320 381
320 383
320 395
320 397
320 403
320 405
320 409
320 411
320 413
320 417
320 420
320 427
320 446
320 454
320 463
320 470
320 476
320 499
320 508
321 368
321 402
321 404
321 406
321 408
321 428
321 436
321 447
321 450
321 458
321 470
321 473
321 501
321 506
322 339
322 365
322 370
322 387
322 409
322 419
322 423
322 434
322 447
322 461
322 463
322 479
322 481
322 488
322 495
322 497
322 507
323 324
323 346
323 354
323 369
323 380
323 388
323 408
323 414
323 424
323 436
323 460
323 462
323 464
323 468
323 478
323 481
323 498
323 500
323 504
323 508
324 331
324 349
324 357
324 368
324 399
324 406
324 412
324 414
324 441
324 454
324 459
324 461
324 480
324 481
324 488
324 493
324 506
325 331
325 336
325 344
325 346
325 352
325 366
325 385
325 426
325 438
325 454
325 457
325 460
325 468
325 498
325 502
325 510
326 327
326 340
326 348
326 351
326 357
326 358
326 363
326 367
326 375
326 377
326 392
326 419
326 420
326 421
326 435
326 441
326 493
327 340
327 354
327 365
327 391
327 392
327 394
327 412
327 418
327 430
327 438
327 447
327 470
327 472
327 480
327 482
327 486
327 498
328 331
328 396
328 398
328 423
328 425
328 449
328 463
328 481
328 493
329 341
329 344
329 354
329 356
329 363
329 364
329 366
329 390
329 394
329 396
329 406
329 411
329 418
329 460
329 476
329 481
329 487
329 500
330 331
330 333
330 339
330 343
330 345
330 347
330 355
330 359
330 361
330 367
330 383
330 393
330 405
330 425
330 434
330 443
330 445
330 447
330 455
330 461
330 463
330 467
330 485
330 489
330 491
330 493
331 342
331 358
331 378
331 396
331 407
331 410
331 422
331 462
331 469
331 471
331 472
331 490
331 493
331 494
331 508
332 345
332 361
332 364
332 365
332 375
332 377
332 379
332 381
332 407
332 421
332 426
332 447
332 449
332 451
332 459
332 471
332 479
332 487
333 356
333 392
333 414
333 416
333 425
333 428
333 467
333 470
333 475
333 479
333 488
333 496
333 506
333 508
334 343
334 351
334 353
334 361
334 365
334 368
334 372
334 391
334 405
334 409
334 421
334 430
334 437
334 440
334 441
334 451
334 455
334 459
334 461
334 463
334 487
334 491
334 501
334 502
335 350
335 352
335 353
335 367
335 369
335 373
335 379
335 400
335 416
335 428
335 436
335 442
335 444
335 448
335 450
335 453
335 460
335 474
335 486
335 502
335 508
335 510
336 340
336 355
336 371
336 380
336 387
336 397
336 424
336 425
336 429
336 449
336 470
336 483
336 485
336 488
336 491
336 503
337 344
337 348
337 352
337 364
337 378
337 394
337 402
337 414
337 417
337 418
337 420
337 432
337 442
337 461
337 475
337 482
337 484
337 488
337 494
338 339
338 361
338 366
338 369
338 373
338 389
338 401
338 407
338 413
338 447
338 481
338 483
339 349
339 350
339 354
339 358
339 374
339 382
339 384
339 409
339 428
339 430
339 434
339 438
339 442
339 464
339 466
339 474
339 486
339 498
339 501
339 506
340 350
340 353
340 383
340 387
340 389
340 395
340 407
340 431
340 435
340 436
340 443
340 445
340 470
340 484
340 493
340 499
340 504
340 505
341 342
341 374
341 378
341 380
341 395
341 396
341 408
341 422
341 431
341 467
341 480
341 486
341 495
341 497
342 343
342 345
342 349
342 373
342 383
342 399
342 408
342 423
342 447
342 465
342 477
342 483
343 350
343 356
343 370
343 374
343 396
343 398
343 406
343 408
343 411
343 420
343 427
343 454
343 455
343 460
343 473
343 478
343 479
343 500
343 507
344 347
344 353
344 357
344 375
344 377
344 381
344 385
344 402
344 403
344 416
344 418
344 428
344 447
344 455
344 459
344 465
344 468
344 471
344 475
345 346
345 358
345 373
345 382
345 384
345 390
345 418
345 425
345 434
345 445
345 450
345 468
345 478
345 485
345 490
345 494
345 496
346 363
346 367
346 385
346 387
346 393
346 395
346 405
346 418
346 431
346 435
346 444
346 454
346 477
346 487
346 510
346 511
347 348
347 366
347 368
347 375
347 386
347 393
347 411
347 422
347 428
347 438
347 480
347 488
347 498
347 502
348 351
348 369
348 384
348 389
348 392
348 399
348 426
348 449
348 452
348 461
348 468
348 497
348 499
348 501
349 362
349 386
349 398
349 409
349 412
349 426
349 428
349 430
349 431
349 434
349 436
349 442
349 444
349 448
349 460
349 480
349 486
350 368
350 369
350 403
350 409
350 419
350 420
350 437
350 445
350 447
350 451
350 459
350 460
350 463
350 465
350 477
350 493
350 495
350 507
351 375
351 380
351 386
351 400
351 404
351 408
351 410
351 420
351 456
351 461
351 463
351 464
351 465
351 470
351 471
351 488
351 492
351 493
351 494
351 508
352 362
352 371
352 383
352 387
352 389
352 391
352 393
352 398
352 414
352 425
352 435
352 447
352 449
352 453
352 475
352 479
352 493
352 501
353 356
353 358
353 360
353 385
353 397
353 400
353 408
353 410
353 417
353 426
353 434
353 436
353 444
353 468
353 474
353 488
353 492
353 497
353 498
353 508
354 357
354 359
354 363
354 365
354 387
354 399
354 400
354 409
354 414
354 419
354 423
354 435
354 439
354 453
354 464
354 467
354 473
354 479
354 492
355 359
355 400
355 403
355 434
355 436
355 445
355 454
355 457
355 470
355 475
355 478
356 357
356 367
356 384
356 411
356 417
356 435
356 453
356 469
356 472
356 475
356 479
356 487
357 366
357 368
357 376
357 379
357 386
357 398
357 400
357 406
357 407
357 428
357 454
357 455
357 462
357 473
357 488
357 493
357 494
357 496
357 498
357 502
357 508
357 510
358 362
358 375
358 401
358 431
358 433
358 453
358 454
358 475
358 477
358 480
358 482
358 483
358 485
358 494
358 502
358 503
359 396
359 418
359 442
359 452
359 462
359 473
359 477
359 490
359 504
360 365
360 367
360 395
360 407
360 426
360 435
360 467
360 471
360 480
360 489
360 501
361 362
361 365
361 366
361 386
361 392
361 399
361 400
361 404
361 410
361 412
361 417
361 436
361 448
361 450
361 457
361 462
361 476
361 482
362 364
362 367
362 376
362 389
362 401
362 405
362 408
362 421
362 422
362 429
362 447
362 473
362 500
362 503
363 370
363 371
363 372
363 376
363 380
363 382
363 394
363 397
363 402
363 408
363 412
363 464
363 476
363 478
363 484
363 488
363 498
364 365
364 369
364 377
364 390
364 392
364 419
364 425
364 439
364 479
364 485
364 499
364 503
365 368
365 390
365 396
365 404
365 406
365 409
365 414
365 416
365 444
365 452
365 462
365 468
365 470
365 476
365 478
365 486
366 417
366 425
366 429
366 435
366 447
366 449
366 451
366 461
366 465
366 475
366 497
366 505
367 375
367 380
367 384
367 387
367 398
367 416
367 417
367 425
367 442
367 458
367 471
367 494
367 504
367 508
368 371
368 383
368 384
368 385
368 395
368 397
368 413
368 422
368 443
368 444
368 446
368 465
368 491
368 505
369 374
369 405
369 415
369 416
369 428
369 432
369 436
369 449
369 456
369 460
369 468
369 471
369 480
369 498
370 379
370 387
370 403
370 412
370 423
370 426
370 441
370 455
370 465
370 474
370 487
371 396
371 406
371 408
371 414
371 416
371 422
371 432
371 435
371 438
371 466
371 470
371 473
371 481
372 388
372 395
372 405
372 419
372 423
372 450
372 453
372 455
372 479
372 482
372 491
373 376
373 380
373 390
373 392
373 394
373 416
373 436
373 438
373 446
373 460
373 466
373 472
373 480
373 492
374 381
374 423
374 446
374 465
374 487
374 503
374 509
375 395
375 404
375 408
375 414
375 430
375 433
375 452
375 456
375 462
375 467
375 493
375 494
375 504
376 391
376 417
376 427
376 429
376 439
376 443
376 445
376 452
376 465
376 479
376 480
376 491
376 511
377 384
377 391
377 394
377 396
377 404
377 406
377 425
377 432
377 460
377 464
377 472
377 492
377 493
377 510
378 389
378 393
378 403
378 405
378 414
378 451
378 453
378 461
378 465
378 478
378 485
378 508
379 380
379 386
379 392
379 408
379 438
379 439
379 446
379 462
379 471
379 472
379 484
379 499
379 501
380 387
380 403
380 405
380 433
380 449
380 459
380 471
380 483
380 485
380 491
380 497
380 506
380 507
380 511
381 394
381 425
381 426
381 440
381 449
381 457
381 472
381 476
381 478
381 486
381 498
381 504
382 391
382 396
382 409
382 415
382 431
382 434
382 439
382 441
382 449
382 453
382 457
382 481
382 484
382 491
382 494
382 495
383 397
383 420
383 441
383 459
383 478
383 482
383 490
383 494
384 385
384 402
384 419
384 423
384 435
384 439
384 451
384 453
384 463
384 464
384 470
384 473
384 475
384 477
384 484
384 485
384 497
384 503
385 394
385 404
385 411
385 412
385 432
385 438
385 440
385 462
385 472
385 473
385 474
385 492
385 500
386 389
386 401
386 403
386 434
386 435
386 437
386 488
386 497
386 505
387 406
387 414
387 428
387 434
387 452
387 456
387 500
387 509
387 510
388 393
388 399
388 403
388 407
388 410
388 411
388 417
388 439
388 442
388 453
388 462
388 471
388 479
388 494
388 500
389 400
389 402
389 404
389 410
389 434
389 442
389 454
389 465
389 476
389 486
389 489
389 498
390 401
390 407
390 423
390 456
390 461
390 475
390 479
390 480
390 485
390 487
390 500
390 501
390 511
391 414
391 426
391 438
391 442
391 453
391 454
391 460
391 470
391 472
391 476
391 488
391 494
391 498
391 500
391 504
392 397
392 401
392 405
392 417
392 425
392 428
392 435
392 463
392 470
392 483
392 511
393 400
393 416
393 417
393 419
393 420
393 422
393 446
393 452
393 468
393 469
393 482
393 500
393 503
393 506
393 508
394 403
394 423
394 439
394 444
394 447
394 461
394 467
394 481
394 489
394 495
395 396
395 400
395 404
395 408
395 410
395 415
395 428
395 430
395 436
395 450
395 459
395 472
395 484
395 487
395 494
395 502
395 506
395 508
395 510
396 415
396 447
396 453
396 472
396 479
396 497
396 502
396 505
397 398
397 406
397 418
397 420
397 436
397 454
397 468
397 486
397 508
398 399
398 402
398 403
398 419
398 451
398 454
398 455
398 458
398 470
398 471
398 481
398 487
398 507
398 509
399 421
399 444
399 450
399 468
399 474
399 476
399 481
399 489
399 494
399 502
400 407
400 431
400 433
400 447
400 448
400 449
400 453
400 459
400 461
400 465
400 469
400 471
400 491
400 497
400 506
401 402
401 415
401 420
401 435
401 441
401 442
401 484
401 496
401 500
401 501
401 508
402 407
402 429
402 431
402 435
402 441
402 445
402 453
402 455
402 475
402 476
402 478
402 487
402 494
403 424
403 428
403 434
403 457
403 481
403 486
403 492
404 409
404 410
404 426
404 427
404 430
404 432
404 449
404 465
404 477
404 482
404 493
404 499
404 501
404 508
404 509
405 416
405 427
405 432
405 455
405 460
405 472
405 482
405 492
406 426
406 427
406 459
406 463
406 469
406 482
406 491
406 507
407 408
407 411
407 412
407 426
407 466
407 470
407 475
407 479
407 488
407 502
408 409
408 413
408 414
408 415
408 425
408 430
408 431
408 435
408 436
408 441
408 470
408 475
408 481
408 492
408 497
408 500
409 416
409 420
409 438
409 439
409 446
409 452
409 453
409 463
409 469
409 472
409 476
409 478
409 493
409 494
409 496
410 415
410 419
410 436
410 449
410 454
410 457
410 459
410 465
410 469
410 488
410 494
410 506
411 420
411 425
411 440
411 458
411 460
411 488
411 499
411 506
412 413
412 424
412 425
412 445
412 461
412 469
412 483
412 486
412 489
412 493
412 494
412 507
413 418
413 433
413 458
413 461
413 472
413 482
413 486
413 508
414 415
414 418
414 421
414 425
414 445
414 453
414 458
414 460
414 469
414 481
414 483
414 485
414 487
414 491
414 500
414 503
415 436
415 444
415 470
415 480
415 487
415 490
415 497
416 441
416 458
416 466
416 494
416 503
417 426
417 431
417 435
417 446
417 460
417 472
417 486
417 502
417 504
417 508
418 447
418 449
418 455
418 459
418 461
418 479
418 480
418 485
418 489
418 491
418 505
419 450
419 456
419 464
419 504
420 435
420 442
420 445
420 451
420 463
420 485
420 491
420 493
420 500
420 503
420 507
420 511
421 440
421 446
421 450
421 471
421 483
421 493
421 502
421 504
421 508
421 511
422 447
422 448
422 457
422 463
422 495
422 500
422 503
422 507
423 438
423 439
423 466
423 478
423 482
423 484
423 503
424 428
424 446
424 447
424 449
424 457
424 459
424 471
424 473
424 475
424 493
425 426
425 442
425 456
425 460
425 484
425 485
425 490
425 496
426 432
426 435
426 438
426 441
426 455
426 483
426 486
426 494
426 505
426 509
427 435
427 438
427 477
427 483
427 486
427 511
428 469
428 471
428 495
428 508
429 444
429 446
429 459
429 493
430 439
430 445
430 446
430 462
430 463
430 499
430 507
430 509
431 432
431 436
431 440
431 450
431 464
431 478
431 482
431 498
432 433
432 455
432 470
432 493
432 499
432 504
432 509
433 436
433 464
433 468
433 470
433 474
433 477
433 488
433 496
433 500
434 435
434 439
434 447
434 451
434 457
434 461
434 463
434 464
434 471
434 488
434 493
434 501
434 502
434 506
434 509
435 440
435 447
435 452
435 454
435 460
435 471
435 488
435 506
436 439
436 442
436 457
436 479
436 489
436 509
437 438
437 461
437 473
437 503
438 439
438 442
438 446
438 455
438 504
439 442
439 446
439 448
439 476
439 486
439 490
440 448
440 463
440 491
440 501
440 511
441 442
441 443
441 460
441 465
441 482
441 488
441 490
441 508
442 455
442 469
442 471
442 491
442 497
442 508
443 450
443 460
443 465
443 468
443 472
443 490
443 500
444 457
444 461
444 467
444 469
444 485
444 486
444 489
444 511
445 452
445 456
445 461
445 467
445 494
445 499
446 452
446 461
446 469
446 492
446 499
447 450
447 498
447 510
448 450
448 455
448 459
448 463
448 468
448 479
448 499
448 501
449 450
449 459
449 468
449 470
449 472
449 494
449 498
449 500
450 451
450 459
450 462
450 476
450 483
450 493
450 494
450 509
450 511
451 456
451 468
451 472
451 474
452 473
452 483
452 485
452 487
452 495
452 499
453 463
453 469
453 482
453 492
453 494
453 503
453 504
453 508
454 461
454 466
454 487
454 489
454 505
455 456
455 468
455 473
455 490
455 500
456 464
456 465
456 471
456 475
456 485
456 507
457 468
457 488
457 490
457 500
457 508
458 479
458 490
458 493
458 495
458 497
459 460
459 466
459 470
459 483
460 465
460 472
460 483
460 485
460 488
460 497
460 500
461 471
461 480
461 488
461 496
461 500
461 510
462 476
462 492
462 493
462 497
462 503
462 505
463 484
463 506
463 508
464 467
464 475
464 477
464 482
464 483
464 496
464 505
465 466
465 470
465 478
465 490
465 491
465 509
466 471
466 483
466 499
466 511
467 475
467 480
467 483
467 486
467 493
467 498
467 506
467 511
468 470
468 478
468 481
468 510
469 470
469 479
469 480
469 490
469 496
469 499
469 506
469 510
470 480
470 486
470 499
470 503
471 472
473 482
473 505
474 476
474 480
474 487
474 488
474 489
474 507
475 500
475 502
475 504
476 479
476 484
476 487
476 501
476 503
477 483
477 499
478 487
478 491
478 509
479 481
479 494
479 504
479 511
481 484
481 494
481 501
481 504
482 493
482 503
482 507
483 484
483 494
484 499
484 507
484 510
485 490
485 500
485 504
485 507
485 510
486 489
486 493
486 495
486 501
487 488
487 505
487 511
488 493
488 497
488 501
488 505
489 492
489 501
489 508
490 511
491 506
492 495
492 499
492 507
492 509
493 496
493 504
494 499
494 501
495 504
495 507
496 499
496 506
497 510
499 504
501 503
501 504
502 503
502 509
505 506
507 508
508 511
