0 17
0 31
0 43
0 71
0 75
0 85
0 117
0 119
0 122
0 124
0 125
0 167
0 188
0 196
0 209
0 223
0 231
0 263
0 267
0 279
0 297
0 311
0 318
0 321
0 345
0 351
0 352
0 362
0 363
0 365
0 389
0 396
0 409
0 421
0 425
0 427
0 431
0 458
0 493
0 501
1 22
1 30
1 38
1 64
1 68
1 81
1 82
1 87
1 107
1 141
1 154
1 190
1 196
1 204
1 225
1 227
1 240
1 248
1 251
1 257
1 258
1 266
1 286
1 307
1 319
1 324
1 335
1 338
1 342
1 344
1 346
1 354
1 356
1 357
1 358
1 365
1 368
1 390
1 400
1 412
1 414
1 416
1 418
1 422
1 439
1 440
1 460
1 464
1 476
1 492
1 498
1 505
2 7
2 9
2 11
2 17
2 20
2 23
2 25
2 62
2 75
2 92
2 103
2 112
2 128
2 135
2 141
2 159
2 169
2 187
2 215
2 223
2 235
2 256
2 261
2 280
2 299
2 305
2 315
2 317
2 344
2 350
2 369
2 382
2 387
2 409
2 413
2 419
2 437
2 439
2 444
2 447
2 463
2 465
2 503
2 508
3 12
3 14
3 24
3 26
3 47
3 53
3 54
3 65
3 86
3 91
3 94
3 104
3 118
3 124
3 128
3 158
3 160
3 165
3 166
3 184
3 186
3 208
3 210
3 222
3 231
3 233
3 280
3 288
3 300
3 302
3 303
3 304
3 311
3 316
3 318
3 326
3 334
3 336
3 338
3 343
3 350
3 354
3 356
3 393
3 405
3 418
3 420
3 425
3 428
3 430
3 440
3 478
3 481
3 488
3 506
4 5
4 9
4 23
4 25
4 31
4 33
4 37
4 43
4 50
4 64
4 67
4 69
4 75
4 89
4 95
4 113
4 115
4 121
4 122
4 136
4 145
4 172
4 191
4 203
4 209
4 210
4 213
4 223
4 229
4 235
4 242
4 243
4 245
4 258
4 271
4 302
4 317
4 333
4 343
4 365
4 369
4 371
4 375
4 377
4 381
4 402
4 405
4 429
4 442
4 447
4 453
4 489
4 511
5 12
5 19
5 20
5 30
5 52
5 63
5 67
5 69
5 74
5 75
5 79
5 82
5 94
5 100
5 106
5 118
5 120
5 146
5 158
5 182
5 205
5 206
5 216
5 218
5 250
5 251
5 258
5 260
5 284
5 304
5 306
5 344
5 346
5 384
5 386
5 387
5 408
5 411
5 422
5 426
5 440
5 444
5 450
5 455
5 458
5 462
5 464
5 468
5 474
5 481
5 492
5 498
5 510
6 10
6 15
6 49
6 53
6 63
6 77
6 97
6 109
6 116
6 127
6 156
6 157
6 172
6 181
6 207
6 209
6 219
6 222
6 227
6 235
6 241
6 243
6 258
6 261
6 279
6 281
6 283
6 297
6 299
6 319
6 335
6 337
6 359
6 363
6 367
6 371
6 372
6 386
6 391
6 401
6 426
6 437
6 453
6 471
6 473
6 479
6 483
6 511
7 9
7 12
7 14
7 16
7 24
7 27
7 32
7 38
7 50
7 51
7 53
7 54
7 86
7 101
7 109
7 112
7 121
7 123
7 124
7 125
7 133
7 141
7 155
7 172
7 214
7 216
7 230
7 243
7 244
7 254
7 256
7 277
7 278
7 279
7 302
7 303
7 307
7 312
7 314
7 316
7 336
7 340
7 356
7 362
7 363
7 368
7 370
7 402
7 428
7 442
7 462
7 481
7 484
8 12
8 18
8 19
8 28
8 30
8 31
8 33
8 42
8 53
8 59
8 60
8 67
8 85
8 96
8 104
8 124
8 125
8 131
8 135
8 151
8 158
8 161
8 175
8 187
8 224
8 237
8 239
8 250
8 256
8 267
8 273
8 289
8 301
8 307
8 308
8 331
8 339
8 359
8 363
8 379
8 401
8 405
8 419
8 421
8 439
8 444
8 446
8 447
8 448
8 485
8 491
8 495
8 504
8 509
9 12
9 18
9 33
9 70
9 91
9 92
9 105
9 108
9 120
9 122
9 132
9 136
9 152
9 158
9 167
9 168
9 170
9 196
9 210
9 213
9 225
9 237
9 241
9 244
9 252
9 256
9 258
9 274
9 276
9 308
9 324
9 327
9 328
9 336
9 341
9 346
9 354
9 362
9 364
9 368
9 382
9 386
9 393
9 406
9 413
9 429
9 438
9 445
9 454
9 481
9 484
9 486
9 492
9 499
10 17
10 26
10 75
10 117
10 158
10 161
10 166
10 174
10 193
10 241
10 255
10 263
10 288
10 295
10 303
10 304
10 321
10 330
10 357
10 365
10 382
10 404
10 405
10 415
10 418
10 433
10 440
10 447
10 451
10 452
10 455
10 457
10 476
11 14
11 16
11 22
11 25
11 41
11 44
11 54
11 67
11 68
11 71
11 75
11 78
11 91
11 93
11 106
11 110
11 112
11 130
11 134
11 135
11 141
11 148
11 151
11 164
11 176
11 180
11 198
11 200
11 211
11 222
11 236
11 242
11 264
11 270
11 280
11 286
11 290
11 292
11 298
11 312
11 326
11 338
11 352
11 363
11 380
11 396
11 401
11 414
11 439
11 440
11 441
11 462
11 464
11 470
11 473
11 474
11 475
11 505
11 507
12 19
12 42
12 53
12 83
12 91
12 93
12 95
12 99
12 132
12 133
12 140
12 143
12 149
12 167
12 173
12 183
12 221
12 225
12 235
12 241
12 259
12 261
12 293
12 315
12 321
12 325
12 338
12 343
12 397
12 400
12 403
12 439
12 443
12 445
12 453
12 465
12 481
12 499
12 509
13 28
13 29
13 32
13 36
13 42
13 44
13 48
13 58
13 67
13 92
13 112
13 116
13 122
13 124
13 184
13 186
13 188
13 194
13 215
13 228
13 241
13 255
13 260
13 261
13 284
13 310
13 320
13 321
13 322
13 327
13 328
13 344
13 346
13 354
13 362
13 402
13 450
13 453
13 456
13 503
13 509
14 25
14 26
14 29
14 45
14 49
14 55
14 56
14 58
14 65
14 91
14 111
14 126
14 131
14 145
14 157
14 167
14 171
14 181
14 183
14 211
14 215
14 237
14 243
14 255
14 275
14 288
14 294
14 297
14 299
14 304
14 305
14 308
14 317
14 338
14 341
14 364
14 365
14 379
14 381
14 398
14 405
14 407
14 409
14 411
14 415
14 427
14 439
14 453
14 458
14 465
14 467
14 497
14 499
14 505
15 56
15 79
15 84
15 100
15 102
15 114
15 140
15 144
15 154
15 170
15 184
15 185
15 188
15 191
15 202
15 208
15 214
15 224
15 228
15 242
15 261
15 264
15 278
15 304
15 306
15 317
15 326
15 330
15 332
15 335
15 344
15 360
15 361
15 371
15 378
15 385
15 392
15 403
15 409
15 410
15 419
15 421
15 430
15 442
15 448
15 451
15 472
15 473
15 484
15 488
15 490
15 492
15 499
15 500
16 31
16 51
16 54
16 77
16 81
16 91
16 115
16 123
16 126
16 127
16 152
16 163
16 169
16 183
16 198
16 211
16 215
16 217
16 227
16 233
16 241
16 246
16 256
16 261
16 273
16 291
16 293
16 301
16 325
16 335
16 339
16 347
16 351
16 375
16 393
16 405
16 407
16 413
16 431
16 433
16 434
16 437
16 443
16 449
16 454
16 465
16 471
16 473
16 475
16 482
16 487
16 497
16 503
16 504
16 511
17 18
17 20
17 32
17 34
17 61
17 62
17 70
17 74
17 94
17 98
17 111
17 135
17 148
17 158
17 160
17 164
17 176
17 185
17 198
17 227
17 232
17 234
17 242
17 271
17 274
17 286
17 289
17 293
17 299
17 301
17 306
17 318
17 325
17 336
17 338
17 340
17 342
17 356
17 358
17 384
17 386
17 422
17 424
17 429
17 434
17 449
17 452
17 454
17 456
17 468
17 476
17 477
17 509
18 23
18 57
18 73
18 105
18 111
18 123
18 129
18 133
18 153
18 159
18 217
18 221
18 222
18 226
18 231
18 249
18 253
18 264
18 275
18 277
18 283
18 319
18 369
18 373
18 378
18 379
18 386
18 392
18 453
18 465
18 476
18 478
18 487
18 503
18 507
19 22
19 31
19 41
19 44
19 51
19 68
19 70
19 73
19 78
19 88
19 112
19 130
19 144
19 149
19 156
19 159
19 160
19 162
19 182
19 186
19 192
19 198
19 208
19 210
19 211
19 213
19 216
19 220
19 228
19 229
19 230
19 232
19 235
19 246
19 250
19 252
19 264
19 268
19 272
19 283
19 284
19 293
19 332
19 337
19 343
19 352
19 364
19 376
19 386
19 395
19 414
19 420
19 438
19 442
19 450
19 472
19 477
19 482
20 23
20 41
20 51
20 63
20 72
20 93
20 101
20 108
20 113
20 119
20 131
20 139
20 155
20 161
20 165
20 179
20 189
20 191
20 195
20 198
20 199
20 211
20 219
20 233
20 255
20 274
20 275
20 295
20 299
20 301
20 335
20 342
20 346
20 361
20 367
20 409
20 413
20 416
20 419
20 449
20 467
20 473
20 487
20 495
20 497
21 22
21 30
21 52
21 56
21 62
21 74
21 88
21 98
21 110
21 116
21 126
21 127
21 131
21 135
21 140
21 146
21 160
21 166
21 173
21 196
21 206
21 239
21 246
21 249
21 254
21 260
21 264
21 266
21 284
21 289
21 302
21 309
21 322
21 340
21 348
21 350
21 352
21 365
21 368
21 380
21 388
21 391
21 418
21 420
21 422
21 448
21 454
21 460
21 472
22 23
22 25
22 26
22 31
22 45
22 53
22 55
22 59
22 76
22 91
22 93
22 107
22 126
22 129
22 135
22 137
22 140
22 152
22 153
22 160
22 175
22 185
22 217
22 218
22 236
22 259
22 262
22 281
22 284
22 287
22 293
22 295
22 297
22 310
22 320
22 324
22 351
22 358
22 379
22 393
22 397
22 399
22 405
22 419
22 421
22 423
22 425
22 434
22 435
22 449
22 457
22 463
22 465
22 467
22 469
22 471
22 472
22 478
22 481
22 489
22 491
22 509
23 35
23 39
23 44
23 56
23 106
23 118
23 122
23 132
23 137
23 138
23 140
23 143
23 152
23 159
23 175
23 182
23 198
23 202
23 204
23 214
23 218
23 230
23 240
23 244
23 246
23 251
23 276
23 300
23 306
23 312
23 313
23 318
23 319
23 332
23 335
23 344
23 351
23 366
23 376
23 387
23 399
23 402
23 424
23 440
23 442
23 443
23 450
23 462
23 464
23 465
23 466
23 472
23 480
23 490
23 504
23 511
24 25
24 35
24 40
24 45
24 68
24 69
24 77
24 83
24 132
24 135
24 136
24 147
24 169
24 207
24 214
24 217
24 235
24 243
24 267
24 287
24 320
24 340
24 347
24 348
24 349
24 357
24 361
24 369
24 384
24 386
24 395
24 406
24 407
24 455
24 490
24 501
25 26
25 32
25 34
25 39
25 50
25 52
25 54
25 64
25 75
25 82
25 90
25 102
25 104
25 129
25 136
25 141
25 152
25 174
25 182
25 207
25 230
25 232
25 244
25 257
25 286
25 287
25 288
25 290
25 298
25 305
25 308
25 322
25 325
25 329
25 336
25 337
25 344
25 352
25 356
25 376
25 380
25 398
25 399
25 401
25 411
25 421
25 424
25 450
25 462
25 486
25 492
25 496
25 500
25 508
25 510
26 28
26 43
26 48
26 55
26 67
26 73
26 74
26 89
26 92
26 101
26 117
26 137
26 151
26 157
26 159
26 184
26 189
26 193
26 197
26 201
26 205
26 222
26 224
26 225
26 255
26 256
26 265
26 269
26 270
26 272
26 273
26 277
26 279
26 300
26 311
26 313
26 328
26 337
26 341
26 349
26 350
26 357
26 363
26 367
26 380
26 397
26 409
26 411
26 448
26 473
26 479
26 485
26 487
26 503
27 32
27 38
27 54
27 56
27 62
27 67
27 72
27 76
27 78
27 82
27 109
27 119
27 127
27 138
27 144
27 146
27 148
27 150
27 178
27 188
27 190
27 204
27 244
27 262
27 270
27 274
27 277
27 280
27 282
27 292
27 297
27 298
27 308
27 312
27 324
27 342
27 343
27 351
27 354
27 385
27 395
27 402
27 404
27 405
27 412
27 440
27 450
27 458
27 473
27 478
27 486
27 491
27 492
27 493
27 496
28 61
28 70
28 82
28 95
28 98
28 105
28 137
28 138
28 153
28 161
28 163
28 165
28 180
28 181
28 189
28 193
28 204
28 226
28 240
28 260
28 285
28 290
28 293
28 303
28 316
28 321
28 325
28 347
28 349
28 359
28 361
28 363
28 365
28 387
28 389
28 411
28 417
28 423
28 429
28 447
28 455
28 469
28 497
28 501
28 505
28 508
28 509
29 36
29 71
29 74
29 98
29 104
29 110
29 139
29 145
29 153
29 158
29 164
29 168
29 186
29 200
29 206
29 210
29 234
29 244
29 248
29 250
29 254
29 307
29 309
29 326
29 334
29 338
29 344
29 354
29 360
29 364
29 368
29 372
29 376
29 379
29 382
29 383
29 404
29 407
29 415
29 418
29 426
29 444
29 482
29 491
29 498
29 510
30 77
30 83
30 107
30 139
30 140
30 142
30 153
30 177
30 186
30 187
30 191
30 214
30 223
30 226
30 241
30 247
30 249
30 257
30 281
30 303
30 304
30 327
30 347
30 353
30 357
30 383
30 391
30 396
30 409
30 417
30 439
30 447
30 450
30 462
30 483
30 491
30 497
30 501
30 503
30 505
31 32
31 38
31 40
31 42
31 50
31 61
31 74
31 76
31 94
31 99
31 102
31 106
31 110
31 163
31 168
31 170
31 176
31 178
31 193
31 194
31 201
31 204
31 222
31 224
31 238
31 260
31 276
31 285
31 288
31 294
31 308
31 310
31 336
31 344
31 360
31 361
31 365
31 381
31 399
31 402
31 444
31 458
31 464
31 466
31 492
31 510
32 45
32 50
32 59
32 69
32 84
32 87
32 94
32 95
32 99
32 107
32 116
32 117
32 129
32 132
32 141
32 152
32 160
32 163
32 164
32 173
32 181
32 198
32 205
32 209
32 220
32 223
32 225
32 237
32 241
32 264
32 271
32 281
32 285
32 291
32 299
32 301
32 311
32 329
32 330
32 348
32 353
32 363
32 366
32 371
32 386
32 395
32 397
32 403
32 409
32 411
32 417
32 428
32 431
32 448
32 450
32 457
32 459
32 462
32 477
32 480
32 499
32 509
33 70
33 72
33 74
33 77
33 80
33 86
33 88
33 95
33 122
33 123
33 140
33 143
33 152
33 160
33 181
33 184
33 188
33 192
33 195
33 196
33 206
33 216
33 229
33 230
33 242
33 243
33 260
33 274
33 275
33 286
33 300
33 301
33 302
33 312
33 313
33 332
33 347
33 379
33 386
33 394
33 416
33 424
33 435
33 448
33 457
33 464
33 467
33 473
33 475
33 480
33 499
33 500
33 505
34 36
34 41
34 45
34 49
34 57
34 60
34 61
34 74
34 91
34 95
34 103
34 113
34 135
34 148
34 163
34 179
34 189
34 191
34 213
34 221
34 235
34 237
34 239
34 245
34 249
34 253
34 273
34 281
34 287
34 303
34 307
34 319
34 329
34 353
34 354
34 356
34 357
34 359
34 382
34 403
34 419
34 420
34 438
34 439
34 442
34 451
34 457
34 469
34 473
34 479
34 488
34 489
34 493
34 494
34 502
34 505
35 36
35 38
35 40
35 52
35 76
35 94
35 114
35 125
35 136
35 151
35 152
35 154
35 156
35 176
35 188
35 204
35 206
35 213
35 222
35 225
35 233
35 255
35 258
35 271
35 272
35 279
35 309
35 313
35 316
35 325
35 335
35 346
35 376
35 394
35 402
35 406
35 454
35 455
35 464
35 480
35 483
35 492
35 494
35 496
35 506
36 51
36 54
36 82
36 101
36 104
36 112
36 130
36 133
36 155
36 177
36 243
36 253
36 269
36 309
36 317
36 326
36 329
36 343
36 349
36 358
36 361
36 367
36 373
36 390
36 393
36 399
36 409
36 465
36 474
36 475
36 483
36 486
36 491
36 493
37 47
37 67
37 73
37 101
37 104
37 106
37 108
37 118
37 120
37 138
37 152
37 192
37 212
37 226
37 233
37 236
37 247
37 253
37 255
37 260
37 262
37 266
37 276
37 288
37 306
37 307
37 308
37 340
37 368
37 378
37 385
37 387
37 397
37 398
37 430
37 434
37 436
37 437
37 440
37 448
37 458
37 466
37 476
37 484
37 502
38 43
38 56
38 65
38 69
38 71
38 74
38 75
38 79
38 96
38 109
38 125
38 135
38 141
38 149
38 159
38 161
38 170
38 180
38 185
38 192
38 221
38 225
38 235
38 261
38 279
38 280
38 286
38 293
38 308
38 315
38 329
38 339
38 342
38 348
38 353
38 365
38 405
38 431
38 441
38 445
38 455
38 461
38 463
38 467
38 475
38 481
38 486
38 487
38 489
38 493
38 497
38 502
39 44
39 54
39 57
39 72
39 87
39 90
39 102
39 108
39 128
39 132
39 134
39 137
39 147
39 154
39 160
39 185
39 186
39 190
39 191
39 208
39 214
39 240
39 258
39 264
39 279
39 287
39 312
39 317
39 320
39 322
39 323
39 336
39 340
39 344
39 350
39 354
39 356
39 404
39 414
39 420
39 422
39 438
39 440
39 448
39 461
39 482
39 497
39 498
40 81
40 84
40 97
40 114
40 115
40 133
40 143
40 153
40 161
40 189
40 190
40 205
40 212
40 219
40 223
40 224
40 234
40 237
40 262
40 269
40 270
40 275
40 278
40 299
40 305
40 316
40 321
40 325
40 361
40 369
40 379
40 402
40 433
40 434
40 437
40 461
40 473
40 501
41 51
41 68
41 69
41 74
41 88
41 99
41 100
41 102
41 114
41 118
41 125
41 126
41 151
41 163
41 170
41 172
41 176
41 182
41 194
41 214
41 220
41 223
41 228
41 235
41 273
41 286
41 288
41 309
41 312
41 330
41 338
41 339
41 345
41 356
41 370
41 371
41 372
41 382
41 390
41 392
41 399
41 420
41 444
41 462
41 470
41 472
41 478
41 488
41 492
41 508
42 56
42 67
42 69
42 77
42 85
42 98
42 112
42 118
42 130
42 131
42 133
42 137
42 145
42 150
42 197
42 205
42 208
42 219
42 220
42 245
42 247
42 249
42 251
42 263
42 281
42 289
42 291
42 294
42 315
42 325
42 327
42 333
42 338
42 341
42 349
42 360
42 391
42 401
42 439
42 450
42 457
42 479
42 494
42 497
42 503
43 44
43 54
43 64
43 67
43 78
43 80
43 98
43 100
43 109
43 112
43 128
43 130
43 152
43 170
43 179
43 205
43 211
43 218
43 252
43 264
43 276
43 280
43 288
43 291
43 292
43 293
43 296
43 301
43 306
43 330
43 340
43 362
43 370
43 392
43 402
43 411
43 416
43 428
43 435
43 441
43 443
43 450
43 463
43 466
43 484
43 486
43 500
44 76
44 93
44 105
44 107
44 117
44 121
44 132
44 137
44 139
44 141
44 143
44 169
44 171
44 195
44 203
44 227
44 257
44 259
44 263
44 288
44 305
44 313
44 317
44 319
44 347
44 357
44 361
44 371
44 372
44 376
44 377
44 381
44 389
44 393
44 409
44 435
44 443
44 469
44 470
44 471
44 473
44 484
44 493
44 499
44 511
45 52
45 53
45 59
45 63
45 90
45 92
45 96
45 102
45 109
45 142
45 176
45 184
45 202
45 208
45 214
45 216
45 220
45 231
45 248
45 262
45 264
45 268
45 270
45 284
45 296
45 308
45 322
45 332
45 348
45 364
45 368
45 372
45 374
45 378
45 385
45 393
45 408
45 412
45 415
45 424
45 433
45 440
45 452
45 462
45 482
45 503
46 50
46 51
46 61
46 73
46 91
46 99
46 101
46 105
46 117
46 132
46 135
46 145
46 156
46 166
46 184
46 203
46 223
46 229
46 235
46 251
46 265
46 268
46 271
46 281
46 291
46 310
46 317
46 340
46 362
46 385
46 390
46 403
46 413
46 448
46 467
46 473
46 481
46 501
46 502
46 503
47 50
47 62
47 65
47 74
47 98
47 124
47 132
47 152
47 164
47 174
47 181
47 185
47 196
47 203
47 214
47 227
47 248
47 256
47 258
47 260
47 269
47 282
47 290
47 305
47 313
47 318
47 337
47 364
47 368
47 403
47 406
47 416
47 442
47 446
47 464
47 470
47 490
47 503
48 59
48 61
48 70
48 76
48 80
48 106
48 111
48 117
48 121
48 138
48 157
48 177
48 186
48 206
48 209
48 217
48 235
48 245
48 247
48 251
48 253
48 257
48 259
48 275
48 289
48 292
48 297
48 298
48 301
48 322
48 325
48 333
48 343
48 350
48 352
48 375
48 391
48 407
48 419
48 423
48 428
48 441
48 448
48 452
48 453
48 463
48 471
48 483
48 496
48 499
48 501
48 503
48 505
49 56
49 59
49 72
49 73
49 80
49 82
49 95
49 98
49 101
49 114
49 116
49 119
49 141
49 142
49 154
49 160
49 162
49 164
49 178
49 183
49 186
49 187
49 188
49 192
49 198
49 204
49 219
49 230
49 231
49 242
49 248
49 261
49 272
49 286
49 290
49 318
49 324
49 332
49 336
49 338
49 348
49 378
49 381
49 382
49 388
49 397
49 399
49 408
49 410
49 426
49 428
49 432
49 436
49 457
49 468
49 488
49 496
49 498
49 509
49 510
50 51
50 62
50 71
50 72
50 89
50 99
50 105
50 126
50 127
50 135
50 154
50 155
50 156
50 166
50 181
50 194
50 195
50 213
50 215
50 230
50 241
50 243
50 248
50 249
50 253
50 313
50 315
50 321
50 333
50 334
50 357
50 364
50 413
50 417
50 428
50 435
50 456
50 465
50 467
50 481
50 489
50 495
50 501
51 66
51 78
51 80
51 87
51 92
51 101
51 118
51 136
51 142
51 168
51 172
51 180
51 191
51 194
51 196
51 203
51 212
51 237
51 245
51 252
51 257
51 258
51 262
51 263
51 265
51 266
51 272
51 294
51 304
51 309
51 324
51 328
51 346
51 358
51 363
51 376
51 377
51 383
51 392
51 396
51 397
51 412
51 413
51 416
51 424
51 429
51 430
51 454
51 456
51 472
51 486
51 490
51 492
51 508
51 510
52 57
52 63
52 73
52 118
52 119
52 122
52 125
52 143
52 193
52 201
52 204
52 205
52 207
52 215
52 235
52 237
52 245
52 248
52 255
52 267
52 309
52 315
52 322
52 323
52 335
52 341
52 357
52 378
52 387
52 393
52 407
52 419
52 426
52 429
52 445
52 481
52 483
52 502
53 70
53 98
53 106
53 129
53 132
53 145
53 152
53 156
53 158
53 166
53 168
53 170
53 172
53 180
53 198
53 222
53 223
53 238
53 263
53 286
53 304
53 307
53 309
53 310
53 315
53 318
53 322
53 335
53 358
53 372
53 410
53 416
53 422
53 428
53 436
53 442
53 472
53 476
53 499
53 504
54 70
54 71
54 75
54 93
54 100
54 103
54 107
54 128
54 131
54 133
54 141
54 143
54 159
54 189
54 193
54 209
54 212
54 231
54 249
54 270
54 273
54 283
54 290
54 304
54 323
54 329
54 364
54 379
54 387
54 391
54 401
54 403
54 421
54 427
54 460
54 473
54 484
54 485
54 487
55 62
55 72
55 78
55 114
55 120
55 126
55 127
55 129
55 130
55 133
55 160
55 176
55 183
55 188
55 193
55 206
55 210
55 228
55 234
55 242
55 248
55 258
55 269
55 271
55 300
55 303
55 311
55 322
55 325
55 328
55 338
55 341
55 356
55 360
55 366
55 387
55 407
55 409
55 414
55 416
55 430
55 456
55 462
55 496
55 506
56 90
56 93
56 97
56 110
56 114
56 123
56 149
56 160
56 162
56 165
56 171
56 199
56 204
56 209
56 219
56 233
56 246
56 263
56 265
56 269
56 300
56 313
56 321
56 326
56 329
56 331
56 341
56 342
56 343
56 347
56 351
56 357
56 363
56 368
56 370
56 373
56 410
56 419
56 435
56 436
56 443
56 444
56 459
56 463
56 473
56 501
56 507
57 90
57 94
57 98
57 116
57 119
57 120
57 127
57 128
57 136
57 142
57 150
57 161
57 163
57 168
57 183
57 188
57 196
57 202
57 204
57 208
57 219
57 222
57 238
57 261
57 265
57 281
57 298
57 299
57 306
57 315
57 324
57 342
57 350
57 368
57 380
57 390
57 398
57 433
57 438
57 440
57 442
57 493
57 508
58 66
58 73
58 77
58 78
58 79
58 111
58 117
58 128
58 137
58 149
58 151
58 152
58 153
58 155
58 169
58 176
58 177
58 179
58 180
58 183
58 189
58 193
58 199
58 203
58 215
58 231
58 233
58 251
58 257
58 272
58 275
58 295
58 298
58 299
58 311
58 325
58 329
58 339
58 343
58 344
58 345
58 346
58 349
58 357
58 363
58 370
58 383
58 389
58 395
58 403
58 421
58 451
58 453
58 455
58 461
58 462
58 463
58 467
58 509
59 66
59 78
59 86
59 94
59 106
59 109
59 110
59 112
59 128
59 129
59 131
59 134
59 146
59 148
59 154
59 174
59 183
59 186
59 192
59 195
59 200
59 206
59 212
59 249
59 263
59 274
59 284
59 286
59 304
59 305
59 310
59 323
59 372
59 386
59 395
59 402
59 448
59 450
59 460
59 498
59 500
60 67
60 69
60 71
60 75
60 101
60 104
60 106
60 109
60 113
60 115
60 129
60 130
60 131
60 145
60 173
60 208
60 217
60 219
60 223
60 235
60 238
60 245
60 247
60 249
60 261
60 265
60 267
60 278
60 288
60 290
60 299
60 307
60 333
60 348
60 349
60 351
60 353
60 370
60 381
60 383
60 386
60 431
60 455
60 457
60 459
60 472
60 495
61 71
61 78
61 80
61 87
61 102
61 118
61 120
61 122
61 138
61 142
61 154
61 158
61 162
61 170
61 180
61 198
61 210
61 214
61 220
61 222
61 225
61 240
61 255
61 256
61 286
61 289
61 292
61 303
61 310
61 312
61 313
61 316
61 317
61 322
61 324
61 326
61 330
61 339
61 344
61 346
61 348
61 368
61 371
61 385
61 398
61 404
61 405
61 440
61 442
61 458
61 465
61 466
61 468
61 484
61 496
61 498
61 500
61 502
61 505
61 511
62 65
62 72
62 91
62 100
62 127
62 131
62 135
62 172
62 175
62 177
62 191
62 193
62 195
62 219
62 226
62 241
62 245
62 247
62 251
62 253
62 278
62 286
62 289
62 290
62 291
62 301
62 305
62 306
62 318
62 331
62 337
62 341
62 343
62 353
62 355
62 383
62 400
62 405
62 407
62 418
62 419
62 420
62 430
62 434
62 435
62 447
62 451
62 463
62 479
62 489
62 497
63 64
63 88
63 92
63 134
63 142
63 143
63 152
63 194
63 210
63 212
63 217
63 228
63 251
63 254
63 259
63 263
63 270
63 274
63 281
63 284
63 286
63 296
63 298
63 304
63 316
63 331
63 334
63 360
63 372
63 394
63 404
63 406
63 418
63 427
63 431
63 456
63 461
63 465
63 468
63 470
63 472
63 484
63 485
64 75
64 81
64 85
64 91
64 94
64 101
64 108
64 116
64 127
64 131
64 137
64 144
64 157
64 225
64 232
64 258
64 259
64 269
64 284
64 285
64 296
64 297
64 307
64 345
64 355
64 356
64 358
64 363
64 366
64 367
64 371
64 372
64 381
64 400
64 405
64 408
64 417
64 421
64 446
64 454
64 457
64 459
64 460
64 461
64 469
64 471
64 473
64 479
64 493
64 501
64 503
65 74
65 80
65 86
65 90
65 94
65 130
65 134
65 136
65 180
65 186
65 187
65 213
65 216
65 222
65 238
65 247
65 296
65 304
65 308
65 312
65 321
65 336
65 340
65 341
65 346
65 418
65 420
65 467
65 497
65 498
65 504
66 73
66 95
66 107
66 113
66 121
66 131
66 141
66 143
66 163
66 172
66 177
66 186
66 192
66 195
66 214
66 215
66 216
66 220
66 223
66 224
66 234
66 247
66 281
66 291
66 297
66 302
66 303
66 305
66 309
66 330
66 351
66 359
66 360
66 375
66 399
66 401
66 403
66 405
66 410
66 413
66 419
66 421
66 423
66 425
66 431
66 443
66 451
66 465
66 485
66 490
66 505
66 509
67 73
67 90
67 123
67 144
67 148
67 165
67 166
67 171
67 184
67 186
67 191
67 209
67 222
67 242
67 248
67 256
67 260
67 264
67 265
67 268
67 296
67 310
67 311
67 312
67 327
67 349
67 350
67 352
67 354
67 378
67 379
67 380
67 396
67 424
67 426
67 434
67 456
67 458
67 480
67 489
67 496
67 505
68 106
68 112
68 119
68 135
68 142
68 148
68 149
68 157
68 162
68 173
68 183
68 185
68 193
68 201
68 205
68 206
68 214
68 229
68 231
68 238
68 247
68 250
68 259
68 275
68 283
68 288
68 290
68 312
68 321
68 356
68 357
68 364
68 367
68 381
68 383
68 385
68 395
68 413
68 419
68 441
68 459
68 473
68 479
68 495
68 502
68 503
68 507
69 78
69 81
69 102
69 115
69 117
69 122
69 132
69 133
69 142
69 144
69 154
69 162
69 168
69 170
69 188
69 192
69 204
69 226
69 230
69 234
69 239
69 243
69 278
69 282
69 284
69 297
69 314
69 321
69 326
69 333
69 345
69 346
69 353
69 356
69 364
69 372
69 396
69 402
69 428
69 444
69 456
69 472
69 496
69 510
70 71
70 93
70 103
70 109
70 117
70 131
70 157
70 165
70 171
70 189
70 197
70 199
70 203
70 211
70 215
70 229
70 230
70 235
70 244
70 245
70 246
70 275
70 311
70 329
70 331
70 335
70 358
70 363
70 403
70 421
70 425
70 451
70 477
70 497
71 75
71 98
71 101
71 103
71 108
71 112
71 120
71 126
71 141
71 142
71 145
71 161
71 174
71 188
71 190
71 200
71 215
71 219
71 236
71 237
71 239
71 245
71 248
71 252
71 263
71 266
71 268
71 271
71 274
71 284
71 292
71 302
71 303
71 319
71 320
71 327
71 328
71 334
71 348
71 369
71 372
71 378
71 398
71 400
71 401
71 409
71 430
71 435
71 436
71 446
71 447
71 456
71 468
71 488
71 494
71 499
71 500
72 83
72 89
72 98
72 102
72 121
72 125
72 126
72 129
72 135
72 151
72 171
72 177
72 179
72 196
72 209
72 227
72 231
72 233
72 239
72 247
72 271
72 275
72 285
72 297
72 299
72 320
72 323
72 325
72 333
72 337
72 342
72 343
72 365
72 370
72 375
72 377
72 395
72 455
72 459
72 462
72 463
72 467
72 485
72 487
72 503
73 74
73 80
73 85
73 91
73 92
73 130
73 134
73 136
73 152
73 194
73 208
73 222
73 224
73 254
73 258
73 260
73 275
73 278
73 288
73 290
73 318
73 327
73 350
73 364
73 376
73 378
73 380
73 384
73 387
73 392
73 397
73 416
73 417
73 419
73 438
73 440
73 448
73 458
73 460
73 464
73 472
73 474
73 480
73 498
73 499
74 98
74 117
74 121
74 124
74 127
74 129
74 157
74 159
74 166
74 179
74 183
74 203
74 205
74 237
74 255
74 271
74 289
74 291
74 292
74 313
74 319
74 321
74 337
74 339
74 347
74 391
74 417
74 432
74 433
74 441
74 443
74 451
74 453
74 457
74 478
74 489
74 493
74 495
74 498
74 501
74 507
75 96
75 106
75 108
75 135
75 152
75 170
75 176
75 178
75 184
75 190
75 196
75 216
75 218
75 228
75 240
75 256
75 262
75 266
75 268
75 284
75 294
75 298
75 299
75 308
75 324
75 343
75 348
75 350
75 353
75 361
75 378
75 384
75 386
75 391
75 394
75 396
75 400
75 412
75 417
75 418
75 423
75 434
75 464
75 470
75 471
75 472
75 474
75 475
75 492
75 500
75 510
76 77
76 103
76 115
76 121
76 123
76 140
76 143
76 154
76 169
76 171
76 178
76 216
76 221
76 233
76 237
76 260
76 267
76 280
76 295
76 307
76 313
76 315
76 331
76 342
76 345
76 362
76 363
76 399
76 431
76 445
76 449
76 457
76 459
76 463
76 465
76 471
76 496
76 503
76 505
77 104
77 108
77 116
77 132
77 136
77 139
77 152
77 160
77 164
77 184
77 200
77 212
77 214
77 228
77 258
77 284
77 298
77 303
77 306
77 313
77 346
77 354
77 359
77 370
77 376
77 393
77 396
77 405
77 450
77 506
77 510
78 81
78 83
78 104
78 110
78 115
78 121
78 124
78 155
78 166
78 169
78 181
78 185
78 187
78 199
78 221
78 245
78 247
78 255
78 271
78 275
78 290
78 293
78 301
78 310
78 316
78 326
78 331
78 335
78 358
78 378
78 385
78 386
78 393
78 397
78 399
78 401
78 403
78 421
78 459
78 467
78 508
78 511
79 116
79 128
79 144
79 145
79 165
79 168
79 176
79 184
79 202
79 214
79 234
79 236
79 238
79 242
79 258
79 270
79 275
79 299
79 304
79 310
79 320
79 326
79 339
79 344
79 353
79 366
79 379
79 396
79 412
79 414
79 418
79 424
79 428
79 434
79 444
79 452
79 458
79 459
79 465
79 470
79 474
79 490
79 503
79 505
80 125
80 132
80 134
80 135
80 147
80 148
80 153
80 181
80 184
80 191
80 197
80 207
80 221
80 233
80 245
80 251
80 261
80 265
80 277
80 290
80 305
80 321
80 335
80 367
80 380
80 383
80 393
80 395
80 401
80 402
80 403
80 409
80 410
80 426
80 434
80 439
80 443
80 446
80 454
80 455
80 461
80 462
80 469
80 470
80 479
80 485
80 487
80 492
80 495
80 511
81 102
81 104
81 109
81 134
81 137
81 148
81 166
81 180
81 185
81 194
81 205
81 209
81 212
81 216
81 221
81 236
81 252
81 288
81 292
81 329
81 340
81 356
81 360
81 361
81 384
81 398
81 427
81 452
81 460
81 466
81 473
81 480
81 486
81 490
81 492
81 494
82 83
82 95
82 111
82 117
82 137
82 163
82 190
82 205
82 213
82 221
82 226
82 233
82 247
82 255
82 263
82 265
82 289
82 290
82 300
82 313
82 317
82 325
82 364
82 383
82 388
82 403
82 423
82 462
82 463
82 485
82 488
82 502
82 507
83 84
83 119
83 120
83 124
83 130
83 138
83 141
83 146
83 154
83 184
83 188
83 190
83 215
83 220
83 234
83 238
83 260
83 282
83 284
83 300
83 308
83 339
83 348
83 350
83 360
83 372
83 376
83 382
83 396
83 410
83 414
83 434
83 457
83 476
84 85
84 93
84 94
84 95
84 101
84 104
84 111
84 129
84 134
84 137
84 139
84 157
84 165
84 167
84 169
84 179
84 189
84 229
84 233
84 238
84 267
84 280
84 299
84 308
84 321
84 341
84 353
84 360
84 369
84 377
84 379
84 383
84 393
84 399
84 401
84 411
84 415
84 420
84 439
84 441
84 448
84 456
84 464
84 479
84 489
84 509
85 94
85 98
85 104
85 105
85 115
85 126
85 131
85 136
85 138
85 146
85 147
85 150
85 154
85 166
85 180
85 184
85 196
85 210
85 214
85 220
85 224
85 228
85 229
85 230
85 232
85 235
85 241
85 246
85 252
85 255
85 256
85 286
85 288
85 292
85 307
85 316
85 320
85 326
85 334
85 347
85 353
85 360
85 378
85 380
85 382
85 403
85 420
85 430
85 434
85 438
85 440
85 446
85 450
85 456
85 467
85 469
85 484
85 492
85 498
86 91
86 93
86 109
86 111
86 113
86 117
86 126
86 127
86 128
86 137
86 149
86 157
86 171
86 177
86 182
86 198
86 209
86 213
86 231
86 235
86 267
86 269
86 277
86 289
86 295
86 299
86 303
86 305
86 316
86 317
86 337
86 339
86 357
86 375
86 379
86 381
86 385
86 389
86 395
86 397
86 405
86 407
86 423
86 434
86 439
86 444
86 451
86 465
86 469
86 475
86 493
87 95
87 128
87 132
87 133
87 148
87 154
87 173
87 222
87 228
87 234
87 239
87 242
87 250
87 272
87 281
87 282
87 354
87 362
87 364
87 367
87 368
87 376
87 378
87 384
87 398
87 422
87 430
87 432
87 436
87 438
87 445
87 450
87 466
87 484
88 107
88 110
88 119
88 123
88 128
88 133
88 150
88 175
88 177
88 187
88 201
88 203
88 205
88 213
88 267
88 273
88 281
88 290
88 292
88 310
88 335
88 345
88 355
88 359
88 375
88 379
88 385
88 391
88 402
88 408
88 417
88 427
88 429
88 432
88 435
88 458
88 463
88 465
88 481
88 507
88 508
88 511
89 109
89 114
89 124
89 130
89 133
89 142
89 144
89 154
89 170
89 173
89 174
89 176
89 180
89 184
89 192
89 193
89 196
89 200
89 204
89 208
89 242
89 244
89 245
89 249
89 254
89 258
89 262
89 285
89 292
89 298
89 312
89 318
89 323
89 344
89 346
89 354
89 364
89 365
89 407
89 417
89 428
89 434
89 450
89 452
89 475
89 477
89 478
89 482
89 497
90 107
90 113
90 131
90 159
90 160
90 163
90 179
90 241
90 269
90 283
90 286
90 288
90 292
90 310
90 311
90 313
90 336
90 339
90 345
90 349
90 382
90 406
90 429
90 437
90 449
90 485
90 487
90 489
90 499
91 92
91 100
91 114
91 126
91 138
91 139
91 143
91 152
91 164
91 196
91 197
91 198
91 200
91 216
91 226
91 244
91 245
91 246
91 261
91 268
91 292
91 294
91 298
91 308
91 325
91 340
91 368
91 392
91 397
91 401
91 422
91 438
91 450
91 454
91 474
91 492
91 494
92 97
92 101
92 105
92 108
92 121
92 139
92 147
92 150
92 173
92 174
92 180
92 185
92 192
92 215
92 221
92 233
92 234
92 246
92 275
92 285
92 287
92 291
92 322
92 325
92 339
92 347
92 353
92 367
92 389
92 395
92 405
92 409
92 416
92 425
92 457
92 461
92 465
92 469
92 499
92 505
93 94
93 104
93 106
93 112
93 134
93 139
93 148
93 165
93 166
93 174
93 180
93 184
93 203
93 207
93 212
93 246
93 256
93 260
93 268
93 293
93 312
93 320
93 326
93 330
93 333
93 337
93 338
93 340
93 354
93 368
93 376
93 386
93 388
93 402
93 412
93 420
93 422
93 423
93 426
93 432
93 443
93 470
93 486
93 504
93 506
93 507
93 509
94 95
94 131
94 145
94 161
94 163
94 170
94 195
94 202
94 225
94 229
94 239
94 240
94 247
94 248
94 257
94 265
94 274
94 285
94 299
94 300
94 303
94 311
94 317
94 321
94 337
94 340
94 341
94 342
94 371
94 373
94 377
94 383
94 401
94 410
94 413
94 414
94 415
94 428
94 429
94 437
94 445
94 447
94 461
94 479
94 491
94 499
94 509
95 96
95 97
95 100
95 103
95 112
95 119
95 128
95 130
95 131
95 140
95 144
95 163
95 171
95 182
95 216
95 220
95 227
95 230
95 234
95 254
95 260
95 276
95 284
95 297
95 302
95 308
95 314
95 329
95 330
95 334
95 352
95 357
95 358
95 360
95 364
95 374
95 384
95 404
95 408
95 414
95 417
95 438
95 450
95 466
95 490
95 508
96 97
96 108
96 109
96 113
96 123
96 125
96 132
96 135
96 147
96 161
96 163
96 215
96 239
96 247
96 261
96 284
96 334
96 337
96 383
96 405
96 415
96 433
96 437
96 441
96 447
96 459
96 473
96 474
96 475
96 479
96 481
96 490
96 495
96 502
96 504
96 511
97 101
97 104
97 118
97 122
97 130
97 150
97 151
97 152
97 154
97 161
97 172
97 186
97 191
97 192
97 194
97 218
97 219
97 223
97 224
97 248
97 253
97 268
97 274
97 281
97 304
97 309
97 310
97 312
97 334
97 337
97 384
97 390
97 410
97 417
97 429
97 448
97 457
97 490
97 508
97 510
98 102
98 105
98 140
98 159
98 165
98 185
98 186
98 211
98 218
98 221
98 225
98 229
98 235
98 253
98 272
98 277
98 283
98 285
98 287
98 299
98 305
98 319
98 325
98 331
98 333
98 334
98 338
98 343
98 347
98 353
98 380
98 381
98 383
98 385
98 395
98 401
98 403
98 412
98 413
98 425
98 429
98 431
98 433
98 440
98 442
98 449
98 480
98 488
98 489
98 507
98 509
98 511
99 110
99 119
99 145
99 148
99 150
99 152
99 154
99 156
99 172
99 177
99 180
99 182
99 186
99 198
99 206
99 208
99 237
99 244
99 250
99 290
99 292
99 300
99 307
99 310
99 323
99 326
99 332
99 334
99 336
99 358
99 362
99 380
99 396
99 402
99 404
99 408
99 414
99 444
99 465
99 469
99 476
99 486
99 490
99 496
99 497
99 499
99 502
99 504
100 103
100 115
100 127
100 131
100 133
100 139
100 145
100 147
100 168
100 192
100 197
100 215
100 223
100 229
100 231
100 237
100 244
100 279
100 289
100 291
100 292
100 297
100 303
100 310
100 313
100 329
100 343
100 349
100 353
100 357
100 383
100 402
100 416
100 433
100 437
100 439
100 444
100 455
100 461
100 469
100 492
100 499
100 505
100 507
100 509
101 118
101 119
101 127
101 128
101 130
101 132
101 135
101 142
101 150
101 156
101 158
101 160
101 164
101 166
101 167
101 174
101 178
101 194
101 197
101 202
101 204
101 208
101 210
101 212
101 216
101 220
101 254
101 266
101 327
101 352
101 368
101 382
101 404
101 412
101 424
101 430
101 442
101 446
101 452
101 470
101 492
102 113
102 114
102 119
102 124
102 137
102 149
102 195
102 201
102 207
102 213
102 233
102 241
102 248
102 265
102 281
102 303
102 307
102 319
102 323
102 351
102 374
102 385
102 405
102 438
102 444
102 471
102 483
102 498
102 499
103 105
103 106
103 112
103 122
103 128
103 132
103 138
103 146
103 148
103 150
103 164
103 178
103 183
103 187
103 208
103 212
103 220
103 224
103 232
103 238
103 244
103 250
103 252
103 276
103 278
103 280
103 286
103 334
103 338
103 342
103 354
103 358
103 370
103 434
103 452
103 458
103 472
103 473
103 486
104 109
104 119
104 129
104 147
104 149
104 155
104 205
104 213
104 223
104 241
104 248
104 261
104 268
104 269
104 289
104 297
104 311
104 314
104 321
104 328
104 335
104 337
104 339
104 357
104 358
104 359
104 365
104 374
104 378
104 379
104 382
104 386
104 387
104 426
104 427
104 440
104 443
104 447
104 458
104 461
104 467
104 469
104 477
104 478
104 487
104 493
105 120
105 124
105 134
105 144
105 150
105 152
105 160
105 168
105 192
105 193
105 194
105 207
105 222
105 228
105 232
105 246
105 252
105 282
105 283
105 301
105 316
105 329
105 330
105 338
105 347
105 348
105 352
105 364
105 376
105 380
105 399
105 404
105 408
105 424
105 425
105 429
105 432
105 445
105 454
105 467
105 470
105 493
105 494
105 504
106 111
106 121
106 133
106 137
106 139
106 145
106 147
106 150
106 172
106 174
106 177
106 192
106 193
106 203
106 230
106 242
106 243
106 245
106 255
106 261
106 263
106 272
106 279
106 282
106 295
106 299
106 305
106 315
106 333
106 349
106 370
106 402
106 407
106 409
106 417
106 423
106 424
106 428
106 435
106 439
106 447
106 451
106 453
106 459
106 469
106 507
107 111
107 114
107 123
107 128
107 136
107 170
107 194
107 202
107 204
107 209
107 216
107 224
107 232
107 234
107 250
107 266
107 274
107 290
107 302
107 307
107 312
107 342
107 351
107 384
107 404
107 416
107 420
107 434
107 446
107 454
107 472
107 485
107 486
107 495
108 155
108 156
108 157
108 171
108 185
108 188
108 191
108 205
108 211
108 217
108 220
108 228
108 263
108 265
108 278
108 283
108 310
108 312
108 313
108 320
108 330
108 333
108 339
108 341
108 348
108 349
108 350
108 353
108 367
108 371
108 395
108 407
108 409
108 426
108 443
108 447
108 455
108 457
108 463
108 465
108 469
108 471
108 483
108 487
108 507
109 110
109 116
109 120
109 126
109 158
109 160
109 166
109 168
109 177
109 184
109 196
109 199
109 209
109 226
109 233
109 240
109 246
109 264
109 288
109 289
109 291
109 293
109 308
109 320
109 336
109 342
109 346
109 365
109 367
109 376
109 387
109 392
109 413
109 414
109 430
109 440
109 454
109 482
109 506
110 111
110 143
110 145
110 149
110 150
110 159
110 171
110 184
110 198
110 244
110 245
110 248
110 249
110 255
110 262
110 266
110 271
110 278
110 281
110 291
110 293
110 297
110 305
110 309
110 315
110 321
110 327
110 331
110 333
110 345
110 356
110 373
110 383
110 394
110 403
110 410
110 411
110 419
110 421
110 423
110 428
110 447
110 455
110 479
110 482
110 485
110 491
110 495
110 505
111 120
111 142
111 143
111 160
111 166
111 168
111 179
111 194
111 206
111 224
111 228
111 236
111 261
111 264
111 270
111 276
111 280
111 286
111 292
111 316
111 318
111 319
111 346
111 354
111 358
111 363
111 371
111 374
111 385
111 398
111 426
111 451
111 459
111 478
111 486
111 506
111 510
112 127
112 137
112 143
112 147
112 159
112 163
112 166
112 173
112 175
112 185
112 197
112 210
112 223
112 227
112 228
112 231
112 233
112 249
112 263
112 267
112 277
112 293
112 295
112 315
112 319
112 333
112 335
112 339
112 345
112 347
112 349
112 351
112 363
112 373
112 375
112 393
112 411
112 412
112 461
112 467
112 469
112 471
112 511
113 119
113 138
113 153
113 174
113 178
113 193
113 213
113 218
113 221
113 240
113 244
113 261
113 263
113 264
113 266
113 279
113 292
113 298
113 302
113 316
113 319
113 339
113 372
113 376
113 386
113 392
113 408
113 414
113 439
113 456
113 466
113 470
113 472
113 487
113 490
113 511
114 140
114 146
114 149
114 153
114 155
114 167
114 171
114 177
114 185
114 192
114 194
114 197
114 199
114 203
114 225
114 229
114 232
114 242
114 245
114 246
114 250
114 259
114 273
114 277
114 278
114 301
114 317
114 321
114 359
114 367
114 370
114 371
114 377
114 389
114 393
114 395
114 401
114 403
114 409
114 422
114 431
114 443
114 449
114 457
114 458
114 484
114 504
114 511
115 119
115 156
115 158
115 168
115 170
115 176
115 222
115 224
115 228
115 252
115 260
115 270
115 272
115 295
115 296
115 303
115 336
115 350
115 354
115 366
115 372
115 406
115 410
115 418
115 430
115 431
115 455
115 497
115 500
116 123
116 124
116 133
116 163
116 164
116 172
116 174
116 181
116 191
116 193
116 195
116 199
116 212
116 220
116 223
116 235
116 239
116 245
116 247
116 255
116 262
116 264
116 269
116 273
116 283
116 297
116 301
116 318
116 322
116 325
116 331
116 340
116 347
116 375
116 377
116 397
116 407
116 413
116 421
116 432
116 433
116 434
116 436
116 438
116 439
116 442
116 445
116 447
116 453
116 459
116 496
117 126
117 133
117 136
117 142
117 154
117 156
117 170
117 181
117 184
117 206
117 208
117 227
117 231
117 242
117 244
117 258
117 273
117 274
117 280
117 286
117 292
117 294
117 298
117 300
117 302
117 305
117 310
117 324
117 327
117 340
117 350
117 352
117 380
117 388
117 392
117 396
117 399
117 412
117 413
117 428
117 429
117 441
117 443
117 446
117 447
117 450
117 456
117 462
117 464
117 474
117 478
117 480
117 483
118 124
118 125
118 128
118 129
118 169
118 181
118 183
118 199
118 208
118 211
118 218
118 225
118 227
118 232
118 233
118 237
118 247
118 253
118 285
118 305
118 327
118 337
118 349
118 372
118 391
118 397
118 401
118 415
118 427
118 435
118 436
118 439
118 441
118 448
118 471
118 477
118 489
118 495
118 499
118 505
118 510
119 123
119 130
119 140
119 148
119 175
119 177
119 190
119 198
119 202
119 205
119 235
119 238
119 242
119 244
119 247
119 252
119 263
119 274
119 275
119 280
119 281
119 284
119 286
119 295
119 306
119 316
119 330
119 366
119 372
119 376
119 380
119 388
119 391
119 402
119 412
119 416
119 417
119 418
119 426
119 436
119 466
119 467
119 472
119 484
120 127
120 155
120 169
120 171
120 184
120 185
120 189
120 205
120 225
120 238
120 239
120 244
120 255
120 261
120 267
120 277
120 299
120 304
120 311
120 317
120 318
120 320
120 331
120 344
120 347
120 357
120 383
120 389
120 394
120 398
120 411
120 413
120 416
120 421
120 423
120 425
120 432
120 435
120 439
120 441
120 459
120 463
120 466
120 468
120 477
120 483
120 493
120 497
120 498
121 132
121 146
121 147
121 148
121 152
121 162
121 164
121 174
121 179
121 189
121 225
121 226
121 230
121 238
121 240
121 250
121 264
121 265
121 266
121 269
121 280
121 290
121 296
121 298
121 314
121 318
121 326
121 327
121 336
121 372
121 383
121 384
121 386
121 407
121 408
121 420
121 422
121 454
121 481
121 488
121 508
121 510
122 128
122 135
122 136
122 139
122 143
122 150
122 151
122 155
122 172
122 181
122 200
122 203
122 221
122 241
122 253
122 260
122 273
122 274
122 283
122 285
122 286
122 291
122 297
122 299
122 301
122 337
122 347
122 356
122 357
122 360
122 388
122 389
122 401
122 403
122 407
122 409
122 411
122 415
122 426
122 486
122 489
122 505
122 507
123 130
123 135
123 144
123 146
123 153
123 160
123 163
123 164
123 176
123 198
123 200
123 202
123 206
123 209
123 211
123 212
123 274
123 278
123 286
123 288
123 292
123 310
123 314
123 316
123 331
123 344
123 350
123 358
123 361
123 374
123 376
123 386
123 390
123 400
123 402
123 407
123 421
123 428
123 431
123 440
123 442
123 444
123 446
123 484
123 488
123 496
124 145
124 153
124 154
124 155
124 165
124 175
124 181
124 185
124 187
124 194
124 196
124 199
124 207
124 215
124 223
124 235
124 269
124 289
124 307
124 315
124 325
124 367
124 381
124 383
124 386
124 401
124 407
124 422
124 425
124 429
124 433
124 440
124 454
124 463
124 465
124 483
124 485
124 505
125 148
125 150
125 152
125 164
125 192
125 198
125 200
125 204
125 212
125 220
125 222
125 226
125 228
125 233
125 242
125 288
125 292
125 295
125 299
125 300
125 307
125 310
125 332
125 336
125 340
125 344
125 360
125 362
125 384
125 390
125 395
125 400
125 419
125 430
125 452
125 454
125 468
125 494
125 495
125 508
126 129
126 135
126 143
126 150
126 161
126 186
126 193
126 211
126 213
126 221
126 229
126 231
126 241
126 250
126 257
126 261
126 269
126 275
126 288
126 299
126 311
126 314
126 333
126 335
126 357
126 365
126 371
126 383
126 388
126 390
126 399
126 405
126 419
126 427
126 433
126 437
126 439
126 449
126 453
126 458
126 461
126 462
126 463
126 465
126 473
126 505
127 147
127 154
127 166
127 192
127 206
127 208
127 234
127 261
127 274
127 280
127 315
127 328
127 332
127 352
127 357
127 366
127 370
127 372
127 385
127 400
127 402
127 414
127 418
127 420
127 436
127 438
127 444
127 451
127 464
127 486
128 129
128 173
128 190
128 227
128 234
128 243
128 245
128 251
128 260
128 267
128 277
128 281
128 285
128 293
128 301
128 313
128 315
128 319
128 327
128 339
128 341
128 355
128 360
128 365
128 369
128 375
128 381
128 392
128 406
128 429
128 447
128 452
128 473
128 479
128 483
128 496
128 511
129 150
129 170
129 172
129 180
129 182
129 198
129 200
129 212
129 234
129 236
129 248
129 250
129 252
129 262
129 272
129 280
129 299
129 301
129 312
129 319
129 329
129 341
129 342
129 376
129 378
129 394
129 405
129 426
129 436
129 454
129 474
129 484
129 492
130 134
130 147
130 149
130 150
130 155
130 159
130 161
130 175
130 177
130 198
130 202
130 206
130 225
130 227
130 231
130 236
130 258
130 259
130 261
130 271
130 275
130 293
130 318
130 320
130 334
130 340
130 355
130 377
130 378
130 391
130 395
130 421
130 424
130 447
130 451
130 459
130 463
130 470
130 483
130 503
130 507
131 134
131 136
131 138
131 178
131 184
131 194
131 198
131 205
131 206
131 214
131 216
131 255
131 256
131 258
131 270
131 278
131 282
131 284
131 300
131 308
131 318
131 336
131 338
131 371
131 374
131 377
131 378
131 390
131 394
131 401
131 404
131 422
131 424
131 436
131 440
131 452
131 455
131 468
131 470
131 473
131 482
131 490
131 498
131 504
131 509
132 173
132 183
132 184
132 191
132 198
132 199
132 234
132 235
132 245
132 249
132 255
132 267
132 276
132 300
132 309
132 317
132 326
132 350
132 366
132 375
132 379
132 382
132 403
132 412
132 416
132 427
132 444
132 451
132 452
132 454
132 461
132 465
132 469
132 476
132 497
132 499
133 140
133 152
133 174
133 175
133 192
133 199
133 202
133 209
133 216
133 220
133 221
133 227
133 261
133 274
133 276
133 288
133 294
133 297
133 306
133 314
133 341
133 350
133 358
133 374
133 380
133 385
133 386
133 389
133 406
133 412
133 419
133 446
133 463
133 466
133 471
133 472
133 474
133 490
133 496
133 498
134 135
134 137
134 143
134 155
134 162
134 171
134 175
134 187
134 202
134 225
134 229
134 249
134 269
134 293
134 305
134 311
134 327
134 336
134 341
134 345
134 349
134 353
134 361
134 376
134 385
134 395
134 397
134 399
134 404
134 410
134 426
134 429
134 437
134 443
134 463
134 465
134 479
134 483
134 491
134 510
134 511
135 156
135 158
135 159
135 174
135 202
135 214
135 216
135 218
135 227
135 230
135 236
135 244
135 245
135 262
135 284
135 314
135 318
135 327
135 332
135 334
135 349
135 350
135 354
135 361
135 366
135 374
135 377
135 380
135 382
135 392
135 394
135 402
135 403
135 404
135 406
135 412
135 422
135 432
135 438
135 452
135 470
135 476
135 480
135 498
135 500
135 507
136 138
136 140
136 143
136 201
136 219
136 233
136 241
136 250
136 251
136 263
136 287
136 321
136 322
136 323
136 329
136 337
136 348
136 349
136 357
136 359
136 363
136 375
136 378
136 381
136 385
136 387
136 391
136 393
136 399
136 401
136 415
136 421
136 426
136 431
136 433
136 477
136 479
136 483
136 508
136 509
137 138
137 143
137 150
137 169
137 174
137 184
137 189
137 190
137 191
137 193
137 204
137 221
137 242
137 264
137 275
137 282
137 304
137 316
137 346
137 350
137 364
137 366
137 370
137 374
137 382
137 386
137 399
137 400
137 410
137 414
137 428
137 429
137 434
137 442
137 458
137 460
137 476
137 478
137 480
137 484
137 490
137 494
137 496
137 503
138 205
138 207
138 209
138 213
138 216
138 217
138 237
138 250
138 251
138 255
138 257
138 291
138 301
138 311
138 315
138 325
138 328
138 333
138 349
138 351
138 389
138 399
138 409
138 415
138 417
138 433
138 447
138 453
138 459
138 461
138 463
138 481
138 483
138 501
139 156
139 157
139 158
139 160
139 166
139 180
139 202
139 211
139 258
139 296
139 308
139 316
139 317
139 319
139 324
139 326
139 362
139 376
139 382
139 383
139 410
139 420
139 424
139 450
139 452
139 494
139 504
140 143
140 153
140 155
140 157
140 169
140 174
140 175
140 179
140 191
140 203
140 214
140 231
140 255
140 281
140 284
140 299
140 331
140 337
140 343
140 349
140 361
140 373
140 379
140 391
140 393
140 395
140 457
140 473
140 476
140 499
140 505
141 147
141 150
141 170
141 181
141 184
141 195
141 198
141 201
141 208
141 220
141 228
141 232
141 241
141 256
141 268
141 272
141 280
141 297
141 300
141 303
141 307
141 314
141 325
141 333
141 334
141 336
141 341
141 356
141 357
141 362
141 366
141 368
141 375
141 376
141 398
141 410
141 412
141 432
141 435
141 442
141 446
141 453
141 458
141 471
141 476
141 486
141 503
141 510
141 511
142 159
142 163
142 169
142 179
142 183
142 186
142 203
142 209
142 219
142 231
142 246
142 285
142 301
142 309
142 314
142 320
142 337
142 340
142 342
142 346
142 350
142 351
142 358
142 361
142 368
142 385
142 389
142 403
142 408
142 409
142 421
142 427
142 445
142 455
142 459
142 466
142 468
142 471
142 492
142 499
142 501
142 507
143 152
143 159
143 162
143 164
143 165
143 168
143 178
143 184
143 194
143 200
143 204
143 218
143 222
143 226
143 229
143 236
143 244
143 278
143 328
143 356
143 368
143 372
143 378
143 379
143 380
143 384
143 407
143 416
143 432
143 443
143 448
143 454
143 470
143 476
143 486
143 499
143 501
143 510
144 149
144 171
144 175
144 182
144 194
144 199
144 217
144 219
144 223
144 225
144 228
144 237
144 248
144 250
144 251
144 253
144 255
144 259
144 269
144 275
144 289
144 299
144 303
144 325
144 328
144 337
144 339
144 345
144 355
144 366
144 375
144 391
144 398
144 403
144 406
144 408
144 431
144 438
144 444
144 455
144 463
144 493
144 495
145 156
145 161
145 182
145 184
145 207
145 212
145 214
145 228
145 248
145 254
145 258
145 262
145 268
145 279
145 310
145 312
145 320
145 334
145 336
145 341
145 352
145 395
145 404
145 414
145 425
145 432
145 460
145 468
145 502
145 508
146 156
146 163
146 169
146 181
146 189
146 193
146 194
146 199
146 205
146 209
146 211
146 213
146 214
146 216
146 239
146 248
146 251
146 259
146 287
146 290
146 291
146 293
146 297
146 311
146 323
146 325
146 329
146 347
146 349
146 353
146 357
146 387
146 409
146 415
146 449
146 467
146 480
146 483
146 499
146 503
147 162
147 180
147 204
147 208
147 210
147 212
147 230
147 245
147 268
147 304
147 310
147 321
147 328
147 354
147 362
147 363
147 380
147 392
147 394
147 410
147 416
147 417
147 422
147 424
147 430
147 444
147 470
147 506
148 151
148 160
148 179
148 208
148 231
148 241
148 252
148 266
148 281
148 282
148 291
148 292
148 295
148 297
148 300
148 309
148 311
148 313
148 323
148 351
148 359
148 360
148 369
148 387
148 389
148 395
148 396
148 405
148 417
148 437
148 467
148 473
148 477
148 489
148 501
148 504
148 505
149 155
149 156
149 159
149 170
149 175
149 180
149 182
149 204
149 206
149 212
149 213
149 219
149 226
149 234
149 240
149 250
149 252
149 260
149 263
149 268
149 272
149 286
149 291
149 298
149 304
149 306
149 307
149 313
149 314
149 330
149 342
149 347
149 350
149 358
149 400
149 403
149 408
149 414
149 424
149 444
149 486
149 487
149 491
149 492
150 160
150 167
150 168
150 173
150 187
150 195
150 197
150 217
150 219
150 243
150 251
150 261
150 273
150 285
150 297
150 299
150 303
150 315
150 359
150 362
150 368
150 393
150 395
150 413
150 431
150 455
150 457
150 465
150 466
151 160
151 171
151 173
151 184
151 190
151 194
151 208
151 212
151 216
151 224
151 228
151 230
151 235
151 242
151 250
151 256
151 268
151 272
151 284
151 290
151 296
151 304
151 311
151 317
151 336
151 359
151 366
151 368
151 372
151 376
151 381
151 386
151 387
151 402
151 406
151 408
151 409
151 466
151 469
152 165
152 171
152 203
152 220
152 221
152 227
152 241
152 242
152 255
152 260
152 263
152 265
152 273
152 279
152 281
152 289
152 291
152 293
152 315
152 323
152 329
152 334
152 338
152 341
152 347
152 355
152 361
152 363
152 381
152 389
152 397
152 398
152 404
152 417
152 423
152 431
152 447
152 473
152 479
152 493
152 496
153 182
153 183
153 188
153 193
153 196
153 205
153 214
153 226
153 227
153 242
153 277
153 294
153 302
153 308
153 315
153 328
153 330
153 332
153 336
153 343
153 344
153 374
153 380
153 388
153 391
153 406
153 423
153 436
153 468
153 472
153 489
153 494
153 496
154 164
154 169
154 177
154 196
154 237
154 249
154 265
154 269
154 279
154 311
154 317
154 327
154 328
154 329
154 358
154 359
154 366
154 367
154 371
154 373
154 395
154 415
154 420
154 425
154 446
154 453
154 458
154 465
154 469
154 486
154 497
155 170
155 201
155 206
155 211
155 216
155 224
155 229
155 238
155 241
155 254
155 258
155 262
155 267
155 276
155 280
155 281
155 288
155 312
155 318
155 320
155 349
155 394
155 402
155 404
155 434
155 441
155 480
155 488
155 492
155 510
156 167
156 183
156 191
156 192
156 202
156 203
156 215
156 219
156 233
156 237
156 243
156 249
156 254
156 279
156 281
156 297
156 300
156 307
156 321
156 333
156 338
156 351
156 373
156 391
156 407
156 417
156 436
156 437
156 445
156 467
156 498
156 502
157 158
157 160
157 172
157 174
157 228
157 256
157 261
157 270
157 279
157 284
157 298
157 322
157 329
157 351
157 352
157 377
157 378
157 380
157 386
157 394
157 398
157 400
157 410
157 414
157 420
157 422
157 439
157 502
158 185
158 189
158 195
158 197
158 206
158 207
158 215
158 219
158 220
158 227
158 231
158 241
158 245
158 260
158 272
158 279
158 284
158 289
158 293
158 297
158 306
158 319
158 321
158 323
158 326
158 335
158 341
158 342
158 348
158 362
158 363
158 371
158 373
158 395
158 405
158 433
158 435
158 455
158 473
158 475
158 479
158 499
158 501
159 164
159 226
159 242
159 246
159 248
159 253
159 254
159 262
159 314
159 338
159 358
159 361
159 379
159 385
159 396
159 410
159 412
159 413
159 418
159 421
159 428
159 438
159 461
159 462
159 469
159 472
159 484
159 511
160 179
160 183
160 189
160 209
160 211
160 251
160 259
160 287
160 291
160 301
160 315
160 325
160 335
160 336
160 337
160 349
160 359
160 363
160 369
160 375
160 383
160 401
160 405
160 409
160 413
160 414
160 447
160 451
160 466
160 471
160 472
160 486
160 495
160 503
160 505
160 509
161 169
161 173
161 174
161 207
161 228
161 229
161 246
161 252
161 256
161 257
161 258
161 260
161 265
161 290
161 316
161 338
161 357
161 358
161 372
161 374
161 378
161 389
161 390
161 393
161 416
161 422
161 426
161 430
161 457
161 460
161 464
161 468
161 472
161 476
161 490
162 170
162 190
162 192
162 229
162 231
162 235
162 245
162 246
162 262
162 265
162 293
162 304
162 318
162 319
162 325
162 328
162 343
162 347
162 349
162 391
162 393
162 399
162 403
162 413
162 431
162 463
162 485
162 489
162 495
162 507
162 509
163 164
163 167
163 178
163 179
163 185
163 188
163 194
163 196
163 210
163 213
163 220
163 234
163 246
163 247
163 256
163 259
163 273
163 276
163 292
163 300
163 308
163 330
163 355
163 358
163 360
163 364
163 366
163 372
163 382
163 396
163 404
163 440
163 441
163 454
163 465
163 469
163 481
163 494
164 165
164 177
164 193
164 202
164 208
164 214
164 231
164 233
164 235
164 263
164 279
164 295
164 315
164 325
164 326
164 343
164 350
164 380
164 395
164 397
164 421
164 431
164 459
164 477
164 479
164 481
164 511
165 182
165 188
165 202
165 208
165 212
165 238
165 242
165 248
165 258
165 261
165 285
165 312
165 316
165 335
165 337
165 348
165 351
165 380
165 391
165 395
165 396
165 408
165 409
165 424
165 436
165 445
165 446
165 450
165 467
165 472
165 476
165 480
165 508
166 175
166 177
166 182
166 195
166 203
166 217
166 227
166 246
166 269
166 309
166 319
166 333
166 337
166 353
166 355
166 362
166 371
166 375
166 383
166 405
166 417
166 419
166 421
166 423
166 427
166 445
166 451
166 470
166 472
166 474
166 483
166 493
166 495
166 503
167 185
167 192
167 194
167 198
167 222
167 231
167 232
167 238
167 268
167 269
167 286
167 298
167 304
167 305
167 320
167 334
167 350
167 366
167 378
167 380
167 392
167 410
167 436
167 458
167 472
167 495
167 496
167 504
167 505
167 506
168 177
168 187
168 195
168 199
168 209
168 215
168 223
168 227
168 246
168 251
168 267
168 269
168 271
168 272
168 281
168 283
168 285
168 287
168 317
168 319
168 338
168 353
168 355
168 371
168 372
168 375
168 401
168 409
168 414
168 424
168 425
168 430
168 442
168 443
168 449
168 456
168 457
168 459
168 473
168 483
168 484
168 485
169 170
169 172
169 175
169 193
169 195
169 197
169 198
169 210
169 212
169 213
169 221
169 226
169 230
169 232
169 254
169 260
169 287
169 301
169 303
169 304
169 313
169 314
169 321
169 354
169 364
169 397
169 414
169 420
169 428
169 434
169 445
169 460
169 462
169 472
169 482
169 498
170 174
170 207
170 211
170 223
170 249
170 263
170 275
170 281
170 290
170 313
170 315
170 329
170 349
170 351
170 363
170 373
170 381
170 389
170 399
170 402
170 411
170 413
170 420
170 433
170 434
170 462
170 469
170 478
170 501
171 176
171 181
171 196
171 222
171 226
171 236
171 279
171 286
171 304
171 306
171 308
171 332
171 348
171 352
171 366
171 370
171 383
171 408
171 412
171 416
171 420
171 432
171 438
171 485
171 490
172 179
172 185
172 188
172 192
172 197
172 203
172 219
172 223
172 231
172 232
172 241
172 251
172 256
172 261
172 278
172 280
172 285
172 286
172 287
172 301
172 309
172 311
172 313
172 315
172 317
172 327
172 337
172 341
172 358
172 365
172 383
172 393
172 409
172 411
172 443
172 453
172 471
172 477
172 489
172 493
173 180
173 208
173 218
173 222
173 229
173 238
173 242
173 245
173 247
173 248
173 250
173 261
173 264
173 293
173 304
173 306
173 316
173 322
173 323
173 325
173 328
173 347
173 355
173 366
173 368
173 374
173 390
173 394
173 400
173 401
173 406
173 424
173 428
173 436
173 438
173 442
173 446
173 448
173 465
173 473
173 486
173 489
173 490
173 492
173 498
174 179
174 189
174 195
174 209
174 219
174 239
174 247
174 261
174 267
174 291
174 295
174 301
174 304
174 306
174 331
174 334
174 361
174 365
174 367
174 369
174 371
174 381
174 385
174 389
174 420
174 425
174 427
174 439
174 441
174 451
174 455
174 463
174 471
174 495
174 499
174 505
175 190
175 200
175 218
175 226
175 247
175 262
175 263
175 264
175 291
175 292
175 300
175 344
175 356
175 385
175 394
175 400
175 413
175 418
175 420
175 427
175 428
175 442
175 444
175 449
175 456
175 457
175 468
175 472
175 495
175 508
175 509
176 185
176 189
176 209
176 227
176 262
176 268
176 281
176 293
176 303
176 321
176 325
176 357
176 359
176 369
176 374
176 401
176 416
176 428
176 435
176 441
176 445
176 455
176 461
176 465
176 476
176 479
176 486
176 487
176 503
176 510
177 194
177 196
177 212
177 214
177 216
177 223
177 242
177 264
177 268
177 284
177 285
177 290
177 293
177 298
177 318
177 341
177 344
177 357
177 362
177 408
177 426
177 434
177 443
177 453
177 454
177 460
177 472
177 476
177 486
177 510
178 179
178 198
178 211
178 215
178 229
178 230
178 231
178 233
178 241
178 247
178 254
178 255
178 273
178 294
178 302
178 311
178 319
178 327
178 353
178 369
178 373
178 376
178 385
178 399
178 405
178 431
178 438
178 439
178 441
178 450
178 453
178 455
178 468
178 483
178 484
178 485
178 489
178 491
178 501
178 511
179 182
179 197
179 202
179 214
179 232
179 246
179 249
179 278
179 300
179 302
179 306
179 316
179 328
179 344
179 345
179 348
179 388
179 394
179 400
179 401
179 427
179 428
179 432
179 441
179 448
179 450
179 454
179 468
179 476
179 499
179 504
179 510
180 181
180 187
180 191
180 196
180 205
180 210
180 211
180 239
180 263
180 274
180 301
180 305
180 309
180 318
180 332
180 337
180 345
180 353
180 355
180 366
180 367
180 369
180 372
180 373
180 391
180 405
180 412
180 425
180 437
180 463
180 475
180 486
180 491
180 503
180 511
181 182
181 189
181 200
181 202
181 223
181 227
181 240
181 246
181 248
181 264
181 270
181 280
181 302
181 306
181 308
181 310
181 312
181 317
181 327
181 349
181 356
181 364
181 386
181 388
181 411
181 425
181 426
181 430
181 436
181 442
181 444
181 450
181 460
181 466
181 482
181 486
181 492
181 494
181 503
181 507
182 189
182 191
182 225
182 233
182 243
182 248
182 251
182 257
182 277
182 280
182 285
182 288
182 295
182 302
182 305
182 307
182 325
182 327
182 357
182 369
182 375
182 387
182 398
182 405
182 446
182 457
182 485
182 499
182 503
182 509
183 188
183 202
183 218
183 222
183 225
183 226
183 227
183 238
183 242
183 243
183 258
183 266
183 288
183 303
183 336
183 355
183 356
183 360
183 365
183 375
183 386
183 390
183 397
183 410
183 418
183 424
183 436
183 438
183 446
183 450
183 451
183 452
183 454
183 463
183 464
183 470
183 478
183 486
184 191
184 211
184 220
184 221
184 240
184 245
184 263
184 269
184 271
184 273
184 281
184 283
184 287
184 303
184 317
184 325
184 333
184 335
184 340
184 355
184 370
184 383
184 385
184 387
184 400
184 411
184 421
184 429
184 441
184 447
184 455
184 461
184 467
184 487
184 499
184 503
185 210
185 228
185 240
185 272
185 284
185 285
185 299
185 302
185 320
185 325
185 343
185 352
185 354
185 362
185 376
185 380
185 404
185 410
185 414
185 422
185 430
185 438
185 490
185 492
186 203
186 219
186 221
186 229
186 239
186 245
186 254
186 259
186 268
186 275
186 277
186 281
186 302
186 314
186 322
186 325
186 329
186 340
186 355
186 371
186 373
186 377
186 381
186 388
186 390
186 399
186 404
186 412
186 419
186 432
186 435
186 455
186 475
186 489
186 495
186 499
186 507
187 200
187 207
187 210
187 216
187 222
187 225
187 228
187 232
187 236
187 238
187 241
187 248
187 258
187 259
187 299
187 314
187 322
187 325
187 336
187 348
187 351
187 355
187 358
187 361
187 366
187 370
187 376
187 386
187 390
187 395
187 396
187 406
187 408
187 414
187 434
187 441
187 442
187 444
187 484
187 492
187 500
187 507
188 199
188 238
188 244
188 255
188 257
188 275
188 281
188 287
188 295
188 303
188 309
188 331
188 332
188 343
188 368
188 387
188 413
188 429
188 432
188 435
188 443
188 455
188 471
188 477
188 493
188 503
189 194
189 218
189 219
189 223
189 239
189 248
189 280
189 284
189 286
189 304
189 308
189 310
189 320
189 322
189 327
189 332
189 342
189 348
189 350
189 362
189 386
189 398
189 400
189 401
189 425
189 440
189 444
189 472
189 488
189 504
189 508
190 193
190 199
190 203
190 229
190 234
190 247
190 269
190 276
190 277
190 278
190 281
190 290
190 302
190 303
190 315
190 318
190 338
190 355
190 361
190 379
190 388
190 399
190 404
190 419
190 427
190 431
190 432
190 443
190 444
190 461
190 469
190 477
190 481
190 485
190 495
190 497
190 506
191 198
191 202
191 208
191 213
191 218
191 219
191 220
191 234
191 240
191 244
191 251
191 255
191 258
191 270
191 271
191 278
191 284
191 285
191 291
191 320
191 326
191 336
191 354
191 365
191 378
191 383
191 390
191 398
191 418
191 438
191 444
191 446
191 475
191 480
191 481
191 485
191 486
191 492
192 198
192 199
192 204
192 220
192 225
192 229
192 235
192 251
192 267
192 283
192 296
192 297
192 303
192 309
192 310
192 311
192 315
192 318
192 325
192 327
192 328
192 345
192 365
192 367
192 381
192 388
192 435
192 442
192 445
192 449
192 481
193 196
193 200
193 204
193 228
193 256
193 270
193 276
193 278
193 289
193 299
193 313
193 325
193 330
193 346
193 348
193 350
193 355
193 356
193 366
193 394
193 402
193 464
193 469
193 470
193 475
193 476
193 479
193 494
194 199
194 207
194 243
194 245
194 260
194 283
194 294
194 301
194 303
194 331
194 369
194 377
194 379
194 391
194 394
194 407
194 416
194 431
194 451
194 503
194 504
194 505
194 506
195 198
195 201
195 206
195 208
195 220
195 237
195 238
195 255
195 258
195 280
195 281
195 286
195 290
195 318
195 320
195 328
195 346
195 353
195 363
195 364
195 370
195 371
195 374
195 384
195 396
195 426
195 428
195 434
195 444
195 451
195 456
195 465
195 466
195 474
195 500
195 502
195 506
195 508
196 207
196 229
196 230
196 256
196 257
196 258
196 265
196 268
196 275
196 282
196 283
196 299
196 308
196 311
196 313
196 324
196 335
196 355
196 361
196 365
196 374
196 384
196 400
196 403
196 411
196 417
196 433
196 443
196 453
196 482
196 487
196 491
196 503
196 511
197 200
197 218
197 220
197 234
197 246
197 253
197 262
197 265
197 270
197 274
197 294
197 298
197 301
197 321
197 338
197 341
197 342
197 349
197 354
197 360
197 380
197 390
197 400
197 436
197 464
197 480
197 483
197 494
197 498
197 506
198 203
198 205
198 233
198 237
198 239
198 247
198 249
198 267
198 269
198 271
198 283
198 287
198 289
198 297
198 299
198 310
198 315
198 320
198 323
198 327
198 329
198 343
198 349
198 356
198 363
198 380
198 390
198 395
198 397
198 404
198 415
198 419
198 425
198 431
198 459
198 466
198 473
198 479
198 499
199 206
199 212
199 213
199 219
199 228
199 230
199 248
199 250
199 260
199 268
199 285
199 292
199 295
199 299
199 307
199 314
199 322
199 326
199 346
199 360
199 363
199 368
199 398
199 409
199 414
199 416
199 428
199 430
199 434
199 446
199 450
199 459
199 470
199 479
199 486
199 488
199 494
199 504
200 205
200 221
200 227
200 243
200 244
200 245
200 257
200 261
200 263
200 277
200 291
200 306
200 319
200 320
200 323
200 339
200 340
200 391
200 392
200 425
200 434
200 459
200 461
200 474
200 481
200 483
200 486
200 509
201 208
201 210
201 264
201 283
201 284
201 288
201 302
201 312
201 314
201 359
201 360
201 368
201 382
201 396
201 398
201 399
201 400
201 407
201 414
201 440
201 471
201 474
201 477
201 488
201 490
201 497
202 205
202 213
202 215
202 236
202 237
202 241
202 257
202 262
202 269
202 275
202 280
202 285
202 297
202 298
202 299
202 323
202 329
202 339
202 345
202 351
202 365
202 369
202 379
202 385
202 395
202 406
202 414
202 415
202 455
202 459
202 494
202 510
203 206
203 232
203 255
203 266
203 275
203 280
203 282
203 286
203 298
203 311
203 316
203 360
203 380
203 385
203 395
203 396
203 408
203 409
203 414
203 418
203 424
203 428
203 430
203 446
203 455
203 462
203 463
203 468
203 470
203 472
203 487
203 499
203 508
204 227
204 228
204 231
204 237
204 257
204 259
204 265
204 281
204 283
204 298
204 319
204 323
204 325
204 341
204 349
204 351
204 359
204 378
204 379
204 381
204 393
204 401
204 405
204 415
204 425
204 430
204 435
204 454
204 459
204 473
204 479
204 481
204 493
204 495
205 206
205 208
205 216
205 224
205 230
205 232
205 233
205 244
205 248
205 262
205 272
205 278
205 280
205 282
205 286
205 290
205 300
205 301
205 304
205 310
205 317
205 335
205 343
205 350
205 364
205 380
205 384
205 390
205 393
205 394
205 398
205 402
205 405
205 414
205 434
205 456
205 502
205 508
206 209
206 215
206 221
206 236
206 248
206 263
206 265
206 268
206 277
206 283
206 285
206 289
206 291
206 296
206 299
206 328
206 329
206 333
206 355
206 357
206 359
206 371
206 377
206 401
206 407
206 409
206 435
206 440
206 447
206 467
206 473
206 475
206 479
206 482
206 488
206 491
206 492
206 505
206 511
207 223
207 228
207 248
207 256
207 264
207 269
207 276
207 294
207 298
207 300
207 301
207 303
207 313
207 316
207 326
207 336
207 344
207 356
207 360
207 362
207 374
207 376
207 382
207 392
207 399
207 402
207 405
207 408
207 421
207 439
207 443
207 452
207 453
207 460
207 462
207 463
207 488
207 503
207 504
208 212
208 215
208 228
208 239
208 242
208 249
208 255
208 258
208 265
208 273
208 291
208 293
208 295
208 297
208 312
208 321
208 327
208 329
208 339
208 350
208 351
208 355
208 362
208 399
208 411
208 423
208 439
208 441
208 447
208 451
208 467
208 468
208 485
208 503
208 511
209 219
209 220
209 224
209 230
209 257
209 260
209 262
209 270
209 300
209 304
209 306
209 333
209 340
209 365
209 369
209 376
209 394
209 399
209 418
209 426
209 430
209 434
209 448
209 451
209 478
209 482
209 486
209 489
209 506
210 221
210 241
210 243
210 247
210 250
210 262
210 264
210 281
210 297
210 299
210 303
210 317
210 325
210 328
210 351
210 357
210 363
210 381
210 408
210 418
210 421
210 423
210 427
210 435
210 442
210 453
210 461
210 467
210 469
210 470
210 473
210 475
210 481
210 507
210 511
211 214
211 220
211 240
211 245
211 255
211 294
211 328
211 338
211 344
211 349
211 357
211 383
211 384
211 399
211 409
211 412
211 414
211 426
211 430
211 458
211 466
211 468
211 470
211 471
211 488
211 489
211 492
211 494
211 510
212 216
212 229
212 232
212 255
212 283
212 301
212 305
212 307
212 309
212 317
212 332
212 341
212 359
212 399
212 401
212 413
212 425
212 429
212 435
212 438
212 447
212 457
212 459
212 462
212 469
212 471
212 489
212 505
212 511
213 226
213 234
213 247
213 249
213 250
213 258
213 266
213 268
213 276
213 285
213 296
213 298
213 301
213 332
213 346
213 358
213 368
213 384
213 404
213 406
213 407
213 420
213 424
213 426
213 428
213 460
213 468
213 482
213 485
214 225
214 243
214 261
214 288
214 297
214 311
214 326
214 335
214 338
214 347
214 351
214 382
214 408
214 409
214 411
214 420
214 423
214 425
214 429
214 431
214 459
214 462
214 472
214 476
214 478
214 510
215 255
215 264
215 269
215 308
215 324
215 326
215 328
215 335
215 336
215 346
215 349
215 350
215 352
215 357
215 372
215 376
215 377
215 394
215 415
215 422
215 438
215 446
215 468
215 492
216 218
216 221
216 227
216 230
216 231
216 249
216 257
216 264
216 293
216 297
216 301
216 314
216 325
216 345
216 361
216 399
216 400
216 401
216 427
216 433
216 436
216 455
216 456
216 479
216 490
216 499
217 218
217 226
217 267
217 268
217 278
217 320
217 326
217 331
217 342
217 348
217 360
217 364
217 384
217 387
217 388
217 422
217 428
217 436
217 448
217 474
217 482
217 501
217 506
218 233
218 247
218 257
218 258
218 260
218 263
218 289
218 316
218 325
218 341
218 343
218 350
218 366
218 383
218 393
218 403
218 406
218 413
218 427
218 431
218 433
218 441
218 453
218 465
218 511
219 221
219 231
219 238
219 241
219 242
219 254
219 258
219 268
219 274
219 280
219 283
219 304
219 324
219 328
219 330
219 332
219 339
219 348
219 354
219 382
219 388
219 412
219 422
219 430
219 433
219 440
219 484
219 486
219 494
219 508
220 235
220 237
220 240
220 245
220 254
220 289
220 306
220 311
220 317
220 347
220 359
220 367
220 368
220 401
220 403
220 409
220 417
220 425
220 428
220 433
220 434
220 444
220 459
220 469
220 479
220 509
221 224
221 225
221 232
221 233
221 242
221 248
221 250
221 252
221 256
221 260
221 264
221 266
221 274
221 287
221 288
221 291
221 292
221 296
221 302
221 307
221 323
221 334
221 348
221 350
221 355
221 358
221 362
221 375
221 382
221 394
221 400
221 402
221 404
221 423
221 436
221 440
221 450
221 452
221 455
221 472
221 475
221 476
221 486
221 499
221 500
221 505
222 227
222 233
222 261
222 271
222 277
222 295
222 299
222 321
222 337
222 349
222 379
222 382
222 401
222 407
222 423
222 441
222 443
222 447
222 449
222 451
222 467
222 499
222 503
223 230
223 247
223 255
223 258
223 270
223 274
223 280
223 285
223 289
223 300
223 304
223 314
223 350
223 352
223 389
223 393
223 394
223 402
223 404
223 414
223 428
223 430
223 439
223 443
223 456
223 488
224 227
224 244
224 259
224 263
224 265
224 275
224 276
224 284
224 287
224 293
224 302
224 313
224 314
224 315
224 323
224 337
224 343
224 349
224 355
224 359
224 361
224 369
224 375
224 377
224 386
224 387
224 397
224 399
224 401
224 425
224 427
224 431
224 437
224 441
224 449
224 475
224 477
224 494
225 232
225 234
225 236
225 238
225 242
225 253
225 254
225 257
225 277
225 293
225 300
225 339
225 360
225 366
225 374
225 378
225 379
225 384
225 392
225 396
225 409
225 410
225 416
225 444
225 453
225 468
225 490
225 496
226 230
226 231
226 237
226 240
226 260
226 264
226 265
226 269
226 293
226 295
226 299
226 313
226 349
226 353
226 367
226 369
226 371
226 385
226 393
226 395
226 400
226 407
226 415
226 417
226 421
226 443
226 462
226 467
226 469
226 479
226 485
226 500
226 501
226 503
226 511
227 240
227 262
227 270
227 284
227 288
227 290
227 294
227 303
227 320
227 364
227 374
227 384
227 388
227 401
227 414
227 436
227 444
227 446
227 470
227 482
227 484
227 488
227 490
227 494
228 231
228 255
228 259
228 273
228 279
228 287
228 297
228 333
228 341
228 370
228 375
228 379
228 385
228 387
228 399
228 423
228 427
228 430
228 433
228 443
228 459
228 467
228 477
228 481
229 230
229 232
229 239
229 250
229 266
229 267
229 271
229 290
229 294
229 312
229 319
229 321
229 332
229 339
229 354
229 362
229 364
229 374
229 404
229 464
229 470
229 474
229 476
229 500
229 502
229 508
229 510
230 233
230 239
230 243
230 293
230 297
230 301
230 327
230 339
230 340
230 341
230 343
230 364
230 365
230 371
230 377
230 387
230 389
230 395
230 397
230 403
230 417
230 424
230 427
230 435
230 439
230 450
230 469
230 483
230 499
230 505
231 249
231 256
231 272
231 274
231 295
231 298
231 314
231 322
231 328
231 345
231 368
231 377
231 378
231 388
231 396
231 412
231 414
231 420
231 426
231 441
231 454
231 462
231 468
231 478
231 492
231 498
231 500
231 507
231 508
232 253
232 259
232 282
232 297
232 318
232 327
232 331
232 334
232 339
232 342
232 351
232 379
232 396
232 402
232 408
232 415
232 425
232 435
232 438
232 456
232 461
232 485
232 503
233 236
233 252
233 262
233 290
233 294
233 300
233 322
233 326
233 328
233 358
233 383
233 398
233 416
233 422
233 438
233 454
233 458
233 478
233 493
234 255
234 266
234 279
234 283
234 285
234 299
234 301
234 305
234 329
234 335
234 339
234 341
234 343
234 350
234 351
234 359
234 387
234 397
234 401
234 407
234 419
234 422
234 434
234 436
234 447
234 466
234 480
234 484
234 492
234 507
235 262
235 267
235 306
235 317
235 320
235 338
235 358
235 370
235 376
235 390
235 398
235 406
235 430
235 435
235 436
235 440
235 446
235 458
235 465
235 488
235 496
236 252
236 259
236 262
236 265
236 286
236 300
236 309
236 310
236 327
236 350
236 372
236 391
236 398
236 399
236 417
236 420
236 421
236 435
236 439
236 441
236 445
236 447
236 455
236 457
236 464
236 471
236 486
236 487
236 495
236 499
236 506
237 245
237 248
237 251
237 262
237 264
237 265
237 278
237 294
237 295
237 310
237 330
237 348
237 351
237 352
237 362
237 369
237 384
237 389
237 399
237 406
237 414
237 442
237 464
237 480
237 484
237 497
237 509
238 248
238 269
238 277
238 299
238 303
238 307
238 320
238 327
238 339
238 362
238 371
238 376
238 379
238 380
238 399
238 401
238 437
238 451
238 477
238 500
238 503
238 511
239 250
239 256
239 258
239 262
239 268
239 290
239 301
239 312
239 327
239 330
239 354
239 373
239 384
239 386
239 408
239 420
239 421
239 423
239 454
239 465
239 484
239 488
239 499
239 502
239 510
240 247
240 263
240 269
240 283
240 295
240 301
240 309
240 328
240 329
240 331
240 335
240 340
240 363
240 387
240 397
240 399
240 403
240 408
240 412
240 437
240 449
240 455
240 467
240 483
240 499
241 256
241 262
241 275
241 294
241 302
241 306
241 327
241 338
241 341
241 387
241 410
241 412
241 425
241 440
241 447
241 484
241 486
241 490
241 493
241 498
241 502
242 259
242 262
242 283
242 287
242 305
242 319
242 323
242 331
242 337
242 350
242 357
242 361
242 362
242 368
242 375
242 419
242 442
242 457
242 458
242 469
242 476
242 481
242 485
242 492
242 497
242 503
243 248
243 251
243 258
243 262
243 264
243 278
243 308
243 329
243 333
243 335
243 338
243 339
243 342
243 366
243 392
243 400
243 402
243 410
243 414
243 436
243 454
243 482
243 484
243 500
243 502
243 506
244 251
244 261
244 263
244 267
244 271
244 277
244 279
244 293
244 303
244 307
244 317
244 323
244 341
244 360
244 364
244 370
244 379
244 383
244 397
244 409
244 415
244 421
244 425
244 435
244 443
244 453
244 473
245 255
245 280
245 284
245 302
245 314
245 336
245 343
245 356
245 358
245 364
245 376
245 386
245 390
245 392
245 393
245 398
245 404
245 406
245 413
245 417
245 430
245 444
245 450
245 466
245 470
245 475
245 476
245 482
245 483
245 490
245 496
246 263
246 277
246 286
246 294
246 301
246 308
246 311
246 319
246 323
246 339
246 352
246 355
246 359
246 363
246 391
246 410
246 433
246 435
246 440
246 462
246 467
246 475
246 481
246 482
246 485
246 487
246 489
246 493
246 495
246 501
246 507
246 509
247 248
247 251
247 253
247 273
247 276
247 284
247 288
247 312
247 326
247 348
247 359
247 364
247 372
247 384
247 386
247 396
247 408
247 411
247 428
247 429
247 434
247 438
247 457
247 466
247 478
247 488
247 506
247 508
248 266
248 278
248 279
248 283
248 285
248 289
248 321
248 329
248 339
248 343
248 349
248 352
248 360
248 361
248 390
248 398
248 411
248 419
248 428
248 429
248 437
248 445
248 481
248 491
248 495
248 501
248 504
249 254
249 256
249 260
249 265
249 270
249 294
249 304
249 316
249 330
249 333
249 334
249 352
249 356
249 380
249 384
249 388
249 389
249 410
249 419
249 420
249 427
249 443
249 444
249 484
249 491
249 495
249 505
249 510
250 256
250 257
250 261
250 264
250 269
250 273
250 282
250 285
250 349
250 361
250 363
250 365
250 367
250 391
250 397
250 413
250 415
250 416
250 418
250 421
250 435
250 445
250 451
250 469
250 470
250 473
250 483
250 496
250 497
250 504
250 509
251 268
251 290
251 302
251 312
251 340
251 360
251 375
251 396
251 420
251 434
251 436
251 464
251 494
252 263
252 265
252 275
252 284
252 295
252 329
252 341
252 343
252 351
252 355
252 357
252 363
252 365
252 371
252 389
252 407
252 425
252 434
252 435
252 438
252 443
252 444
252 452
252 498
252 511
253 257
253 280
253 281
253 288
253 308
253 316
253 318
253 320
253 322
253 325
253 346
253 405
253 439
253 446
253 455
253 469
253 474
253 491
253 494
254 268
254 274
254 281
254 285
254 289
254 295
254 297
254 305
254 309
254 311
254 359
254 362
254 385
254 395
254 402
254 421
254 453
254 455
254 469
254 485
254 496
254 511
255 258
255 264
255 270
255 278
255 284
255 309
255 326
255 338
255 348
255 364
255 368
255 398
255 402
255 404
255 406
255 410
255 414
255 425
255 476
255 479
256 259
256 266
256 273
256 295
256 299
256 344
256 379
256 401
256 421
256 423
256 436
256 440
256 453
256 455
256 485
256 507
257 264
257 272
257 286
257 298
257 308
257 319
257 325
257 328
257 335
257 342
257 346
257 350
257 352
257 358
257 372
257 374
257 383
257 388
257 400
257 408
257 412
257 416
257 423
257 433
257 448
257 466
257 470
257 471
257 474
257 479
257 484
257 496
257 508
258 262
258 265
258 267
258 272
258 273
258 287
258 305
258 320
258 339
258 353
258 364
258 401
258 402
258 420
258 441
258 450
258 472
258 477
258 491
258 492
258 503
259 264
259 274
259 276
259 285
259 314
259 318
259 320
259 322
259 327
259 334
259 336
259 372
259 388
259 394
259 406
259 409
259 418
259 428
259 429
259 440
259 466
260 269
260 275
260 283
260 285
260 295
260 323
260 325
260 332
260 339
260 341
260 349
260 366
260 371
260 374
260 379
260 385
260 391
260 394
260 395
260 403
260 415
260 421
260 437
260 438
260 444
260 463
260 465
260 471
260 473
260 480
260 483
260 492
260 497
260 509
261 266
261 275
261 284
261 290
261 296
261 297
261 302
261 307
261 308
261 309
261 316
261 323
261 330
261 350
261 358
261 370
261 388
261 390
261 398
261 400
261 406
261 420
261 432
261 442
261 444
261 456
261 464
261 466
261 470
261 484
261 487
261 490
261 494
261 498
261 502
261 509
262 293
262 300
262 313
262 331
262 343
262 355
262 357
262 365
262 382
262 397
262 409
262 446
262 453
262 460
262 483
262 499
262 509
263 266
263 284
263 309
263 310
263 314
263 318
263 319
263 334
263 349
263 366
263 370
263 376
263 378
263 386
263 392
263 404
263 412
263 416
263 438
263 442
263 446
263 450
263 464
263 481
263 488
264 281
264 287
264 292
264 305
264 319
264 329
264 331
264 337
264 342
264 352
264 359
264 367
264 379
264 381
264 399
264 402
264 409
264 415
264 439
264 453
264 455
264 465
264 473
264 475
264 479
264 491
264 501
264 507
264 511
265 276
265 280
265 292
265 314
265 318
265 338
265 372
265 389
265 391
265 403
265 406
265 409
265 426
265 430
265 437
265 440
265 461
265 472
265 474
265 484
265 491
265 506
265 507
266 269
266 271
266 274
266 286
266 307
266 309
266 313
266 320
266 341
266 344
266 349
266 355
266 361
266 365
266 368
266 371
266 377
266 389
266 393
266 401
266 415
266 426
266 427
266 435
266 437
266 461
266 479
267 294
267 295
267 306
267 337
267 340
267 360
267 366
267 384
267 385
267 389
267 394
267 402
267 412
267 418
267 420
267 424
267 438
267 444
267 448
267 456
267 459
267 464
267 474
267 482
267 484
267 485
267 486
267 508
267 510
268 271
268 275
268 281
268 296
268 305
268 311
268 332
268 333
268 351
268 364
268 372
268 375
268 381
268 387
268 395
268 401
268 421
268 424
268 457
268 463
268 470
268 471
268 502
268 504
269 278
269 282
269 290
269 292
269 304
269 318
269 342
269 390
269 421
269 438
269 446
269 460
269 464
269 468
269 484
269 485
269 500
269 502
269 506
270 273
270 279
270 281
270 283
270 288
270 295
270 296
270 304
270 311
270 312
270 315
270 335
270 336
270 345
270 348
270 365
270 370
270 385
270 399
270 405
270 414
270 415
270 449
270 463
270 465
270 481
270 489
270 497
271 274
271 278
271 296
271 298
271 322
271 326
271 337
271 366
271 374
271 387
271 390
271 392
271 414
271 425
271 426
271 438
271 442
271 444
271 450
271 451
271 454
271 491
271 494
271 496
272 280
272 285
272 291
272 304
272 313
272 317
272 327
272 338
272 345
272 351
272 361
272 369
272 371
272 376
272 382
272 383
272 395
272 486
272 511
273 278
273 288
273 290
273 302
273 304
273 307
273 308
273 310
273 326
273 327
273 332
273 356
273 362
273 370
273 378
273 390
273 395
273 400
273 434
273 443
273 448
273 459
273 481
273 483
273 487
273 490
273 493
274 279
274 293
274 297
274 335
274 349
274 364
274 377
274 402
274 407
274 411
274 419
274 421
274 431
274 439
274 453
274 459
274 465
274 473
274 475
274 479
274 481
274 491
275 282
275 285
275 288
275 299
275 352
275 353
275 370
275 372
275 377
275 380
275 389
275 392
275 398
275 406
275 409
275 415
275 438
275 452
275 473
275 481
275 511
276 292
276 297
276 303
276 325
276 353
276 363
276 375
276 387
276 419
276 421
276 437
276 439
276 448
276 449
276 458
276 490
276 495
276 500
276 510
277 278
277 286
277 288
277 294
277 296
277 306
277 309
277 316
277 322
277 391
277 396
277 410
277 436
277 442
277 444
277 467
277 472
277 477
277 478
277 488
277 490
277 495
277 500
277 503
277 504
278 292
278 295
278 303
278 327
278 333
278 349
278 351
278 383
278 393
278 406
278 413
278 418
278 426
278 429
278 444
278 448
278 461
278 483
278 485
278 492
278 496
278 503
278 507
279 297
279 299
279 311
279 324
279 332
279 339
279 346
279 356
279 387
279 390
279 407
279 412
279 414
279 416
279 434
279 452
279 454
279 456
279 478
280 283
280 314
280 341
280 372
280 373
280 376
280 377
280 383
280 384
280 393
280 413
280 426
280 435
280 437
280 441
280 457
280 473
280 479
280 483
280 491
280 496
280 497
281 291
281 300
281 312
281 321
281 324
281 349
281 350
281 351
281 370
281 376
281 402
281 416
281 418
281 444
281 450
281 460
281 482
281 484
281 506
281 508
282 298
282 311
282 313
282 328
282 332
282 335
282 343
282 346
282 349
282 358
282 359
282 363
282 376
282 383
282 387
282 399
282 417
282 423
282 437
282 441
282 442
282 444
282 461
282 464
282 469
282 481
282 486
282 505
283 298
283 317
283 326
283 340
283 354
283 362
283 368
283 402
283 405
283 414
283 454
283 474
283 495
283 497
283 506
283 507
283 510
284 292
284 312
284 322
284 334
284 337
284 338
284 344
284 360
284 363
284 365
284 367
284 379
284 381
284 383
284 412
284 415
284 425
284 435
284 436
284 449
284 458
284 469
284 473
284 477
284 479
285 292
285 294
285 298
285 316
285 329
285 334
285 335
285 338
285 362
285 364
285 366
285 372
285 385
285 399
285 402
285 406
285 416
285 436
285 458
285 470
285 473
285 478
285 489
285 494
285 500
285 502
286 305
286 314
286 320
286 326
286 327
286 339
286 343
286 361
286 394
286 409
286 423
286 430
286 465
286 479
286 496
287 288
287 292
287 296
287 297
287 298
287 304
287 306
287 317
287 323
287 326
287 328
287 348
287 353
287 370
287 373
287 374
287 386
287 392
287 414
287 416
287 430
287 435
287 446
287 448
287 458
287 466
287 476
287 489
287 511
288 293
288 295
288 297
288 319
288 322
288 343
288 357
288 360
288 365
288 400
288 403
288 427
288 442
288 444
288 451
288 456
288 460
288 463
288 486
288 488
288 490
288 492
288 501
288 503
288 509
289 294
289 300
289 306
289 307
289 308
289 322
289 330
289 332
289 338
289 342
289 344
289 350
289 360
289 379
289 382
289 383
289 394
289 396
289 400
289 420
289 436
289 437
289 452
289 454
289 456
289 457
289 464
289 484
289 504
290 299
290 305
290 319
290 323
290 339
290 341
290 353
290 358
290 360
290 361
290 367
290 389
290 396
290 403
290 407
290 408
290 411
290 437
290 467
290 470
290 473
290 489
290 494
290 507
291 295
291 309
291 322
291 338
291 350
291 362
291 374
291 378
291 382
291 391
291 400
291 402
291 418
291 420
291 438
291 448
291 450
291 458
291 465
291 468
291 484
292 298
292 301
292 323
292 339
292 347
292 355
292 380
292 388
292 419
292 427
292 434
292 435
292 439
292 445
292 463
292 479
292 489
292 507
293 334
293 338
293 364
293 366
293 370
293 372
293 374
293 375
293 380
293 385
293 386
293 388
293 395
293 400
293 407
293 410
293 424
293 426
293 462
293 470
293 492
293 502
294 314
294 330
294 347
294 361
294 363
294 388
294 390
294 397
294 405
294 429
294 437
294 439
294 449
294 453
294 463
294 487
294 490
294 493
294 501
295 296
295 300
295 305
295 333
295 336
295 343
295 354
295 368
295 370
295 372
295 376
295 378
295 386
295 394
295 399
295 416
295 429
295 434
295 446
295 466
295 474
295 479
295 480
295 481
295 486
295 501
296 305
296 325
296 328
296 334
296 338
296 354
296 371
296 374
296 387
296 391
296 393
296 399
296 401
296 409
296 423
296 427
296 431
296 433
296 445
296 461
296 463
296 473
296 483
296 511
297 301
297 314
297 319
297 392
297 402
297 428
297 432
297 448
297 476
297 482
297 500
297 508
298 320
298 335
298 348
298 360
298 379
298 383
298 393
298 394
298 403
298 408
298 409
298 420
298 424
298 438
298 441
298 453
298 454
298 458
298 465
298 467
298 473
298 487
298 493
298 495
298 501
299 302
299 310
299 322
299 390
299 410
299 413
299 421
299 442
299 450
299 474
299 482
299 486
299 496
299 500
299 504
300 315
300 345
300 359
300 373
300 385
300 389
300 393
300 409
300 417
300 435
300 437
300 439
300 443
300 447
300 452
300 474
300 481
300 489
300 495
300 511
301 316
301 320
301 321
301 328
301 338
301 339
301 342
301 362
301 380
301 386
301 392
301 396
301 406
301 418
301 440
301 474
301 478
301 486
302 319
302 323
302 327
302 373
302 395
302 401
302 403
302 410
302 419
302 425
302 433
302 465
302 486
302 498
302 499
303 314
303 321
303 346
303 348
303 371
303 375
303 386
303 388
303 398
303 399
303 404
303 408
303 410
303 423
303 426
303 427
303 430
303 436
303 437
303 442
303 448
303 450
303 468
303 478
303 482
303 484
304 323
304 332
304 355
304 358
304 359
304 361
304 369
304 371
304 413
304 414
304 419
304 427
304 428
304 439
304 459
304 471
304 472
304 473
304 475
304 485
304 486
304 495
304 509
305 313
305 316
305 320
305 322
305 340
305 354
305 355
305 356
305 368
305 374
305 380
305 386
305 402
305 419
305 420
305 426
305 427
305 428
305 433
305 438
305 443
305 452
305 456
305 468
305 495
305 508
306 313
306 349
306 355
306 359
306 360
306 383
306 388
306 400
306 405
306 407
306 424
306 441
306 451
306 465
306 468
306 477
306 495
306 497
307 313
307 330
307 344
307 358
307 386
307 390
307 410
307 412
307 416
307 422
307 440
307 447
307 448
307 450
307 480
307 483
307 493
307 494
307 501
308 309
308 322
308 328
308 330
308 337
308 338
308 339
308 343
308 355
308 360
308 363
308 369
308 389
308 393
308 395
308 409
308 418
308 424
308 425
308 454
308 471
308 489
309 314
309 326
309 348
309 352
309 372
309 374
309 408
309 414
309 417
309 420
309 458
309 462
309 463
309 474
309 480
309 489
309 498
309 505
309 510
310 320
310 327
310 335
310 337
310 343
310 353
310 385
310 389
310 399
310 415
310 433
310 439
310 445
310 491
310 495
311 322
311 342
311 352
311 354
311 359
311 360
311 376
311 410
311 412
311 416
311 426
311 428
311 436
311 441
311 450
311 457
311 469
311 475
311 477
311 479
311 483
311 504
312 343
312 357
312 367
312 370
312 375
312 382
312 409
312 411
312 415
312 421
312 427
312 433
312 437
312 451
312 455
312 469
312 471
312 489
313 332
313 354
313 366
313 374
313 386
313 410
313 412
313 416
313 436
313 450
313 452
313 453
313 455
313 472
313 478
313 482
313 488
313 490
313 501
313 502
313 506
313 507
314 337
314 349
314 351
314 365
314 371
314 409
314 425
314 435
314 438
314 453
314 461
314 473
314 476
315 332
315 350
315 356
315 375
315 376
315 380
315 386
315 404
315 406
315 424
315 426
315 432
315 448
315 464
315 469
315 482
315 492
315 504
316 325
316 331
316 333
316 337
316 348
316 349
316 361
316 379
316 387
316 413
316 414
316 445
316 449
316 461
316 465
316 474
316 477
316 484
316 494
316 497
316 499
317 318
317 332
317 362
317 390
317 392
317 399
317 400
317 401
317 403
317 406
317 432
317 438
317 442
317 446
317 456
317 458
317 464
317 470
317 482
317 486
317 497
318 325
318 331
318 333
318 338
318 371
318 373
318 390
318 392
318 400
318 409
318 425
318 437
318 447
318 449
318 464
318 475
318 485
318 489
318 505
318 510
319 352
319 358
319 363
319 367
319 372
319 374
319 376
319 380
319 382
319 390
319 393
319 398
319 413
319 418
319 456
319 458
319 472
319 476
319 479
319 487
319 499
320 329
320 333
320 349
320 359
320 362
320 369
320 379
320 384
320 385
320 405
320 407
320 416
320 417
320 420
320 427
320 430
320 435
320 443
320 449
320 477
320 483
320 496
320 503
320 510
321 334
321 338
321 343
321 347
321 377
321 388
321 399
321 410
321 419
321 422
321 426
321 433
321 442
321 483
321 491
321 502
322 325
322 327
322 339
322 351
322 357
322 364
322 409
322 415
322 445
322 454
322 456
322 462
322 479
322 480
322 491
323 326
323 332
323 347
323 391
323 392
323 394
323 403
323 410
323 412
323 440
323 448
323 488
323 496
324 325
324 331
324 337
324 341
324 358
324 368
324 384
324 405
324 409
324 417
324 422
324 425
324 433
324 435
324 437
324 440
324 457
324 465
324 471
324 477
324 499
324 501
324 505
325 328
325 330
325 333
325 342
325 344
325 350
325 362
325 385
325 419
325 432
325 450
325 453
325 470
325 488
325 490
325 501
326 327
326 334
326 359
326 363
326 367
326 368
326 377
326 380
326 385
326 399
326 405
326 439
326 449
326 452
326 456
326 477
326 482
326 491
326 501
327 334
327 346
327 355
327 357
327 364
327 388
327 389
327 390
327 398
327 408
327 414
327 416
327 427
327 440
327 452
327 464
327 473
327 480
327 490
328 329
328 350
328 354
328 370
328 376
328 391
328 407
328 411
328 417
328 425
328 439
328 444
328 463
328 469
328 470
328 473
328 485
328 486
328 498
329 346
329 356
329 361
329 362
329 406
329 434
329 436
329 438
329 440
329 442
329 448
329 452
329 458
329 510
330 341
330 343
330 347
330 352
330 377
330 379
330 382
330 407
330 408
330 412
330 415
330 425
330 436
330 459
330 467
330 475
330 495
331 337
331 338
331 348
331 362
331 384
331 391
331 394
331 398
331 432
331 437
331 442
331 445
331 452
331 462
331 470
331 472
331 482
331 494
331 502
332 340
332 349
332 351
332 356
332 369
332 373
332 391
332 393
332 403
332 411
332 413
332 415
332 419
332 429
332 431
332 439
332 457
332 458
332 489
332 491
332 492
332 511
333 340
333 356
333 366
333 368
333 370
333 372
333 397
333 408
333 414
333 416
333 430
333 450
333 459
333 466
333 489
333 492
333 501
334 343
334 345
334 367
334 369
334 392
334 397
334 403
334 421
334 427
334 437
334 445
334 464
334 465
334 467
334 471
334 489
334 491
334 495
334 501
334 511
335 342
335 356
335 361
335 363
335 370
335 373
335 382
335 385
335 394
335 395
335 406
335 410
335 417
335 437
335 446
335 456
335 465
335 470
335 473
335 478
335 494
335 506
336 339
336 353
336 355
336 359
336 378
336 380
336 393
336 395
336 405
336 415
336 429
336 437
336 449
336 451
336 465
336 477
336 479
336 493
336 503
336 505
336 509
337 345
337 350
337 352
337 369
337 382
337 384
337 386
337 398
337 408
337 412
337 424
337 440
337 447
337 450
337 451
337 458
337 469
337 477
337 485
337 508
338 365
338 367
338 375
338 389
338 392
338 399
338 401
338 405
338 425
338 427
338 439
338 441
338 449
338 462
338 463
338 473
339 348
339 379
339 388
339 392
339 398
339 400
339 403
339 404
339 406
339 408
339 416
339 425
339 439
339 444
339 456
339 483
339 486
339 500
339 508
340 341
340 351
340 367
340 415
340 434
340 441
340 446
340 453
340 469
340 496
341 354
341 365
341 377
341 379
341 398
341 400
341 411
341 414
341 420
341 428
341 430
341 458
341 482
341 483
341 494
341 496
341 511
342 355
342 357
342 361
342 369
342 371
342 411
342 413
342 429
342 435
342 466
342 495
342 499
343 344
343 352
343 380
343 392
343 394
343 396
343 407
343 424
343 428
343 444
343 454
343 455
343 462
343 489
343 502
344 345
344 383
344 388
344 395
344 397
344 407
344 421
344 451
344 459
344 465
344 467
344 482
344 491
344 503
344 505
344 511
345 362
345 366
345 373
345 386
345 388
345 414
345 433
345 439
345 450
345 476
345 498
345 504
346 360
346 369
346 375
346 395
346 396
346 423
346 425
346 433
346 437
346 441
346 451
346 453
346 462
346 472
346 475
346 489
346 505
347 348
347 383
347 398
347 399
347 400
347 406
347 412
347 414
347 416
347 418
347 442
347 484
347 492
347 496
347 504
348 397
348 411
348 414
348 438
348 469
348 477
348 493
348 499
348 508
349 366
349 377
349 380
349 384
349 389
349 398
349 412
349 414
349 431
349 432
349 433
349 441
349 455
349 470
349 472
349 483
349 489
349 505
350 355
350 357
350 369
350 373
350 379
350 411
350 415
350 429
350 453
350 462
350 482
350 507
350 509
351 358
351 359
351 370
351 374
351 378
351 386
351 399
351 410
351 422
351 424
351 428
351 434
351 451
351 456
351 462
351 467
351 480
351 482
351 492
351 496
351 509
351 510
352 360
352 362
352 399
352 400
352 405
352 408
352 443
352 465
352 475
352 477
352 496
352 501
352 502
353 364
353 381
353 382
353 397
353 404
353 410
353 411
353 416
353 418
353 420
353 426
353 438
353 440
353 447
353 458
353 475
353 477
353 479
353 486
353 502
353 504
353 508
354 386
354 389
354 411
354 435
354 436
354 458
354 465
354 467
354 476
354 487
354 499
354 501
354 507
355 360
355 362
355 366
355 367
355 371
355 385
355 390
355 418
355 446
355 449
355 459
355 461
355 469
355 470
355 482
355 488
355 500
355 502
355 506
356 364
356 368
356 371
356 380
356 395
356 399
356 403
356 405
356 406
356 413
356 421
356 441
356 483
356 490
356 494
356 495
356 497
356 503
356 508
357 364
357 369
357 379
357 384
357 386
357 390
357 394
357 406
357 415
357 434
357 436
357 438
357 440
357 444
357 446
357 455
357 458
357 462
357 469
357 470
357 475
357 488
357 491
358 363
358 393
358 395
358 401
358 411
358 413
358 414
358 416
358 439
358 451
358 455
358 460
358 461
358 497
359 380
359 385
359 390
359 392
359 394
359 395
359 398
359 400
359 420
359 421
359 428
359 430
359 433
359 438
359 442
359 452
359 458
359 470
359 484
359 486
359 504
360 381
360 393
360 394
360 406
360 408
360 409
360 431
360 442
360 463
360 465
360 472
360 485
360 487
360 491
361 364
361 370
361 372
361 374
361 379
361 386
361 404
361 422
361 430
361 432
361 461
361 484
361 486
361 488
361 494
362 367
362 371
362 383
362 385
362 397
362 403
362 405
362 408
362 412
362 419
362 421
362 422
362 430
362 442
362 443
362 447
362 465
362 470
362 477
362 481
362 485
362 488
362 493
362 499
363 381
363 390
363 402
363 431
363 438
363 471
363 496
363 506
364 367
364 381
364 387
364 411
364 422
364 431
364 445
364 447
364 469
364 474
364 493
364 499
364 501
364 506
364 507
365 368
365 370
365 377
365 382
365 394
365 410
365 413
365 418
365 422
365 438
365 440
365 448
365 455
365 458
365 464
365 472
365 484
365 486
365 496
365 502
366 369
366 371
366 374
366 375
366 385
366 397
366 409
366 412
366 415
366 428
366 434
366 453
366 459
366 477
367 385
367 414
367 422
367 424
367 426
367 438
367 450
367 458
367 459
367 466
367 468
367 494
367 508
368 372
368 392
368 399
368 408
368 409
368 415
368 425
368 427
368 431
368 441
368 451
368 485
368 489
368 495
368 499
369 380
369 388
369 398
369 402
369 410
369 430
369 456
369 462
369 480
369 482
369 484
369 488
369 490
369 496
369 502
370 386
370 391
370 397
370 407
370 417
370 461
370 480
370 482
370 485
370 489
370 503
370 506
371 374
371 384
371 390
371 394
371 398
371 401
371 408
371 412
371 422
371 430
371 431
371 434
371 435
371 453
371 470
371 476
371 484
371 486
371 489
371 498
371 500
371 506
372 387
372 405
372 411
372 428
372 430
372 436
372 447
372 454
372 455
372 458
372 478
372 503
372 509
373 384
373 394
373 416
373 430
373 456
374 401
374 403
374 419
374 437
374 441
374 447
374 455
374 459
374 471
374 475
374 478
374 481
374 493
374 501
375 386
375 394
375 406
375 410
375 428
375 443
375 445
375 446
375 464
375 474
375 476
375 479
375 489
375 491
375 502
375 510
376 381
376 383
376 389
376 398
376 407
376 409
376 411
376 423
376 425
376 452
376 455
376 469
376 475
376 510
377 379
377 380
377 426
377 428
377 446
377 460
377 511
378 437
378 443
378 448
378 460
378 466
378 472
378 501
379 426
379 437
379 440
379 443
379 450
379 456
379 463
379 473
379 478
379 480
379 494
379 511
380 382
380 383
380 389
380 429
380 433
380 451
380 453
381 382
381 383
381 397
381 408
381 424
381 426
381 446
381 448
381 464
381 478
381 482
381 484
381 490
381 496
382 399
382 404
382 439
382 447
382 457
382 474
382 477
382 491
382 501
382 503
382 509
382 510
383 402
383 410
383 412
383 421
383 422
383 423
383 427
383 429
383 452
383 476
383 484
383 497
384 387
384 393
384 399
384 411
384 421
384 429
384 457
384 477
384 483
384 494
384 502
385 388
385 394
385 396
385 408
385 414
385 416
385 430
385 434
385 442
385 454
385 457
385 460
385 490
385 491
385 496
385 506
385 508
386 391
386 393
386 395
386 397
386 403
386 415
386 423
386 425
386 427
386 452
386 468
386 471
386 475
386 481
386 487
386 489
386 501
386 507
386 511
387 434
387 436
387 439
387 449
387 457
387 503
388 391
388 393
388 407
388 413
388 417
388 418
388 442
388 453
388 467
388 487
388 491
389 404
389 405
389 411
389 412
389 422
389 426
389 438
389 441
389 443
389 448
389 456
389 482
389 484
389 494
389 511
390 401
390 408
390 410
390 417
390 451
390 465
390 467
390 469
390 470
390 491
390 493
390 496
390 497
390 501
390 505
390 509
391 409
391 416
391 418
391 428
391 438
391 447
391 452
391 466
391 480
391 502
392 408
392 410
392 413
392 435
392 438
392 449
392 469
392 475
392 485
392 501
392 509
393 410
393 416
393 417
393 424
393 440
393 455
393 478
393 494
393 509
393 510
394 398
394 399
394 401
394 407
394 413
394 419
394 422
394 437
394 466
394 501
395 407
395 409
395 416
395 422
395 428
395 438
395 440
395 443
395 453
395 488
395 492
395 494
395 500
395 510
396 397
396 400
396 415
396 418
396 431
396 437
396 445
396 447
396 451
396 453
396 460
396 465
396 473
396 481
396 487
396 491
396 499
397 406
397 412
397 422
397 424
397 434
397 442
397 452
397 454
397 470
397 502
397 503
398 400
398 413
398 433
398 445
398 450
398 454
398 496
398 505
399 405
399 417
399 426
399 448
399 455
399 456
399 468
399 473
399 474
399 484
399 494
399 508
400 401
400 421
400 424
400 429
400 443
400 476
400 492
400 503
401 404
401 415
401 416
401 422
401 425
401 429
401 448
401 458
401 490
402 407
402 410
402 425
402 443
402 447
402 451
402 455
402 457
402 461
402 470
402 471
402 475
402 487
402 489
403 405
403 425
403 428
403 430
403 438
403 439
403 442
403 456
403 460
403 470
403 472
403 474
403 480
403 496
403 508
404 413
404 416
404 426
404 448
404 451
404 479
404 496
404 499
404 511
405 410
405 424
405 432
405 450
405 492
406 433
406 435
406 439
406 445
406 446
406 448
406 459
406 465
406 468
406 473
406 479
406 488
406 505
406 506
407 408
407 423
407 429
407 444
407 485
407 488
407 489
407 496
407 498
407 500
407 502
407 504
408 411
408 413
408 431
408 433
408 451
408 457
408 458
408 459
408 463
408 468
408 471
408 479
408 485
408 503
409 422
409 452
409 470
409 474
409 489
409 498
409 506
409 509
410 415
410 423
410 429
410 437
410 443
410 447
410 459
410 479
410 480
410 501
410 503
410 507
410 509
411 423
411 424
411 428
411 451
411 454
411 468
411 476
411 483
411 504
412 425
412 426
412 435
412 447
412 449
412 455
412 459
412 461
412 472
412 477
412 491
412 501
412 511
413 422
413 430
413 438
413 484
413 511
414 430
414 445
414 455
414 488
415 431
415 434
415 444
415 447
415 449
415 460
415 476
415 480
415 498
415 499
415 502
415 503
416 429
416 433
416 454
416 491
417 418
417 424
417 457
417 458
417 476
417 487
418 441
418 455
418 464
418 479
418 495
418 502
418 507
418 508
418 511
419 420
419 434
419 438
419 439
419 451
419 452
419 460
419 472
419 481
419 496
419 506
420 425
420 428
420 430
420 437
420 438
420 454
420 459
420 461
420 463
420 466
420 467
420 477
420 491
420 495
420 497
420 502
420 505
420 509
421 434
421 446
421 448
421 457
421 476
421 478
421 481
421 492
421 510
422 437
422 441
422 475
422 499
423 429
423 448
423 476
423 482
423 483
423 510
424 483
424 486
425 426
425 430
425 438
425 445
425 476
425 479
425 492
425 494
425 510
426 439
426 447
426 453
426 457
426 495
426 499
427 434
427 444
427 448
427 476
427 478
427 490
428 445
428 459
428 465
428 469
428 470
428 481
428 491
429 436
429 446
429 447
429 448
429 450
429 451
429 465
429 476
429 500
430 431
430 437
430 449
430 455
430 466
430 469
430 481
430 497
430 503
431 448
431 470
431 488
431 498
431 506
432 435
432 449
432 457
432 459
432 462
432 467
432 469
432 495
433 447
433 460
433 468
433 470
433 477
433 484
433 505
434 437
434 441
434 451
434 462
435 436
435 465
435 467
435 468
435 476
435 490
435 500
435 508
436 462
436 509
437 448
437 454
437 456
437 484
437 492
437 494
437 496
438 441
438 443
438 451
438 457
438 463
438 480
438 502
438 510
439 442
439 451
439 455
439 462
439 480
439 482
439 483
439 492
439 510
439 511
440 454
440 463
440 466
440 484
440 489
440 490
440 495
440 499
440 500
441 445
441 456
441 460
441 474
442 451
442 459
442 469
442 471
442 494
442 495
442 497
442 509
443 452
443 454
443 457
443 462
443 471
443 481
443 486
443 505
443 506
444 453
444 455
444 476
444 489
444 493
445 451
445 453
445 458
445 478
445 492
445 502
446 449
446 460
446 465
446 469
446 470
446 472
446 475
446 492
446 507
447 458
447 459
447 488
447 503
447 510
448 488
448 489
448 493
448 501
448 503
449 451
449 454
449 474
449 476
449 481
449 484
449 492
449 493
449 500
449 505
450 459
450 471
450 476
450 489
450 499
451 466
451 474
451 489
451 494
451 501
451 502
451 508
452 453
452 469
452 471
452 481
452 485
452 502
452 509
453 454
453 456
453 464
453 479
453 480
453 481
453 490
453 492
453 502
454 469
454 471
454 475
454 494
454 497
455 457
455 472
455 484
456 461
456 467
456 469
456 489
456 502
456 509
457 476
457 487
457 489
457 498
457 501
457 502
458 461
458 472
458 481
458 489
458 491
458 499
459 464
459 470
459 480
459 508
460 468
460 471
460 475
460 484
460 493
460 503
461 462
461 469
461 480
461 498
462 489
462 493
462 499
462 509
463 494
463 496
463 504
464 467
464 473
464 475
464 485
464 500
464 501
464 510
465 466
465 471
465 496
465 505
466 467
466 469
466 471
466 475
466 489
466 491
466 494
467 482
467 491
467 506
467 509
468 483
468 485
468 495
468 506
469 472
469 489
469 492
469 499
469 502
469 507
470 473
470 482
470 505
470 510
471 472
471 486
471 487
471 497
471 503
471 504
472 487
472 491
472 507
473 480
473 490
473 498
473 508
474 475
474 479
474 481
474 483
474 503
475 498
476 478
476 481
476 491
476 511
477 478
477 486
477 504
478 480
478 481
478 495
478 507
479 484
479 501
479 508
479 509
480 504
480 511
481 488
481 509
482 497
482 505
483 484
483 486
483 495
483 510
484 501
484 511
485 499
485 506
486 489
486 503
486 506
487 498
487 503
488 491
488 497
488 508
488 511
489 492
489 493
489 504
491 493
491 502
491 504
491 508
491 511
493 500
493 505
495 498
496 502
496 511
497 502
497 504
501 503
501 508
502 503
504 505
504 511
509 510
