0 2
0 4
0 6
0 9
0 16
0 18
0 23
0 31
0 32
0 37
0 39
0 44
0 45
0 46
0 50
0 62
0 64
0 68
0 69
0 77
0 83
0 89
0 91
0 93
0 100
0 102
0 104
2 4
2 6
2 9
2 16
2 18
2 23
2 31
2 32
2 37
2 39
2 44
2 45
2 46
2 50
2 62
2 64
2 68
2 69
2 77
2 83
2 89
2 91
2 93
2 100
2 102
2 104
4 3
4 6
4 9
4 10
4 16
4 18
4 23
4 26
4 28
4 29
4 31
4 32
4 33
4 35
4 37
4 39
4 44
4 45
4 46
4 48
4 50
4 53
4 54
4 57
4 58
4 59
4 62
4 63
4 64
4 68
4 69
4 70
4 73
4 77
4 83
4 89
4 91
4 93
4 94
4 98
4 100
4 101
4 102
4 104
6 9
6 10
6 16
6 18
6 23
6 26
6 30
6 31
6 32
6 35
6 36
6 37
6 39
6 44
6 45
6 46
6 50
6 62
6 64
6 68
6 69
6 73
6 77
6 83
6 89
6 91
6 93
6 100
6 102
6 104
9 1
9 3
9 5
9 7
9 8
9 10
9 11
9 12
9 13
9 14
9 15
9 16
9 17
9 18
9 19
9 20
9 21
9 22
9 23
9 24
9 25
9 26
9 27
9 28
9 29
9 30
9 31
9 32
9 33
9 34
9 35
9 36
9 37
9 38
9 39
9 40
9 41
9 42
9 43
9 44
9 45
9 46
9 47
9 48
9 49
9 50
9 51
9 52
9 53
9 54
9 55
9 56
9 57
9 58
9 59
9 60
9 61
9 62
9 63
9 64
9 65
9 66
9 67
9 68
9 69
9 70
9 71
9 72
9 73
9 74
9 75
9 76
9 77
9 78
9 79
9 80
9 81
9 82
9 83
9 84
9 85
9 86
9 87
9 88
9 89
9 90
9 91
9 92
9 93
9 94
9 95
9 96
9 97
9 98
9 99
9 100
9 101
9 102
9 103
9 104
9 105
9 106
9 107
9 108
16 18
16 23
16 31
16 32
16 37
16 39
16 44
16 45
16 46
16 50
16 62
16 64
16 68
16 69
16 77
16 83
16 89
16 91
16 93
16 94
16 100
16 102
16 104
18 10
18 23
18 27
18 31
18 32
18 35
18 37
18 39
18 44
18 45
18 46
18 50
18 62
18 64
18 68
18 69
18 73
18 77
18 83
18 89
18 91
18 93
18 100
18 102
18 104
23 5
23 15
23 31
23 32
23 35
23 37
23 39
23 44
23 45
23 46
23 50
23 59
23 62
23 64
23 68
23 69
23 73
23 77
23 83
23 87
23 89
23 91
23 93
23 95
23 100
23 102
23 104
23 107
31 17
31 20
31 24
31 26
31 32
31 37
31 39
31 44
31 45
31 46
31 50
31 51
31 62
31 64
31 66
31 68
31 69
31 77
31 82
31 83
31 89
31 91
31 92
31 93
31 94
31 100
31 102
31 104
32 37
32 39
32 44
32 45
32 46
32 50
32 62
32 64
32 68
32 69
32 77
32 83
32 89
32 91
32 93
32 100
32 102
32 104
37 39
37 44
37 45
37 46
37 50
37 62
37 64
37 68
37 69
37 77
37 83
37 89
37 91
37 93
37 95
37 100
37 102
37 104
39 20
39 21
39 26
39 30
39 41
39 44
39 45
39 46
39 50
39 51
39 57
39 62
39 64
39 68
39 69
39 77
39 78
39 82
39 83
39 89
39 91
39 93
39 100
39 102
39 104
44 3
44 10
44 28
44 30
44 33
44 35
44 45
44 46
44 50
44 53
44 54
44 59
44 60
44 62
44 63
44 64
44 68
44 69
44 70
44 73
44 77
44 83
44 87
44 89
44 91
44 93
44 98
44 100
44 102
44 103
44 104
45 36
45 46
45 50
45 62
45 64
45 68
45 69
45 77
45 83
45 89
45 91
45 93
45 100
45 102
45 104
46 3
46 10
46 28
46 30
46 33
46 35
46 50
46 53
46 54
46 59
46 62
46 63
46 64
46 68
46 69
46 70
46 73
46 77
46 83
46 89
46 91
46 93
46 98
46 100
46 102
46 104
50 62
50 64
50 68
50 69
50 77
50 83
50 89
50 91
50 93
50 100
50 102
50 104
62 3
62 10
62 20
62 21
62 28
62 33
62 35
62 41
62 51
62 53
62 54
62 59
62 63
62 64
62 68
62 69
62 70
62 73
62 77
62 82
62 83
62 87
62 89
62 91
62 93
62 98
62 100
62 102
62 104
64 3
64 10
64 15
64 27
64 28
64 33
64 35
64 36
64 53
64 54
64 57
64 59
64 63
64 68
64 69
64 70
64 73
64 77
64 83
64 87
64 89
64 91
64 93
64 98
64 100
64 102
64 104
68 69
68 77
68 83
68 89
68 91
68 93
68 100
68 102
68 104
69 26
69 36
69 77
69 83
69 87
69 89
69 91
69 93
69 100
69 102
69 104
77 10
77 26
77 30
77 35
77 36
77 42
77 73
77 83
77 89
77 91
77 93
77 100
77 102
77 104
83 3
83 26
83 29
83 48
83 57
83 58
83 63
83 89
83 91
83 93
83 97
83 100
83 101
83 102
83 104
89 61
89 91
89 93
89 100
89 102
89 104
89 108
91 13
91 57
91 78
91 87
91 93
91 100
91 102
91 104
93 51
93 100
93 102
93 104
100 26
100 30
100 51
100 102
100 104
102 3
102 10
102 22
102 26
102 27
102 28
102 29
102 30
102 33
102 35
102 36
102 48
102 53
102 54
102 57
102 58
102 59
102 63
102 70
102 73
102 82
102 98
102 101
102 104
104 57
1 8
1 10
1 11
1 12
1 17
1 30
1 42
1 43
1 47
1 60
1 65
1 67
1 76
1 78
1 86
1 90
1 97
1 103
1 105
1 106
8 7
8 11
8 12
8 17
8 30
8 36
8 38
8 42
8 43
8 47
8 52
8 55
8 56
8 60
8 65
8 66
8 67
8 72
8 74
8 76
8 78
8 82
8 85
8 86
8 90
8 97
8 103
8 105
8 106
10 3
10 26
10 28
10 29
10 30
10 33
10 35
10 42
10 51
10 53
10 54
10 57
10 58
10 59
10 60
10 63
10 67
10 70
10 73
10 76
10 98
10 101
10 103
11 7
11 12
11 17
11 19
11 22
11 24
11 25
11 30
11 36
11 38
11 40
11 42
11 43
11 47
11 52
11 55
11 56
11 60
11 65
11 66
11 67
11 72
11 74
11 76
11 78
11 82
11 84
11 85
11 86
11 88
11 90
11 92
11 94
11 96
11 97
11 103
11 105
11 106
12 7
12 17
12 22
12 24
12 25
12 30
12 36
12 38
12 42
12 43
12 47
12 52
12 55
12 56
12 60
12 65
12 66
12 67
12 72
12 74
12 76
12 78
12 82
12 84
12 85
12 86
12 90
12 97
12 103
12 105
12 106
17 19
17 20
17 30
17 36
17 42
17 43
17 47
17 51
17 52
17 55
17 60
17 65
17 66
17 67
17 72
17 76
17 78
17 82
17 86
17 90
17 97
17 103
17 105
17 106
30 5
30 42
30 43
30 47
30 52
30 60
30 65
30 67
30 76
30 78
30 86
30 90
30 94
30 97
30 103
30 105
30 106
42 5
42 43
42 47
42 60
42 65
42 67
42 76
42 78
42 86
42 90
42 94
42 97
42 103
42 105
42 106
43 47
43 60
43 65
43 67
43 76
43 78
43 86
43 90
43 97
43 103
43 105
43 106
47 5
47 27
47 60
47 65
47 67
47 76
47 78
47 86
47 90
47 97
47 103
47 105
47 106
60 5
60 51
60 65
60 67
60 76
60 78
60 86
60 90
60 97
60 103
60 105
60 106
65 7
65 19
65 24
65 25
65 38
65 55
65 56
65 66
65 67
65 72
65 74
65 76
65 78
65 82
65 85
65 86
65 90
65 94
65 97
65 103
65 105
65 106
67 5
67 76
67 78
67 80
67 86
67 90
67 94
67 97
67 103
67 105
67 106
67 107
76 5
76 78
76 86
76 90
76 94
76 97
76 103
76 105
76 106
76 107
78 5
78 86
78 90
78 97
78 103
78 105
78 106
86 5
86 27
86 90
86 97
86 103
86 105
86 106
90 7
90 22
90 24
90 25
90 36
90 52
90 55
90 66
90 72
90 74
90 82
90 84
90 97
90 103
90 105
90 106
97 5
97 103
97 105
97 106
103 5
103 94
103 105
103 106
105 20
105 106
3 13
3 26
3 28
3 29
3 33
3 35
3 48
3 53
3 54
3 57
3 58
3 59
3 63
3 70
3 73
3 98
3 101
13 5
13 14
13 15
13 27
13 34
13 36
13 49
13 52
13 55
13 57
13 61
13 71
13 75
13 79
13 80
13 81
13 87
13 95
13 99
13 107
13 108
26 29
26 48
26 57
26 58
26 63
26 101
28 33
28 35
28 53
28 54
28 59
28 63
28 70
28 73
28 98
29 48
29 57
29 58
29 63
29 70
29 101
33 27
33 35
33 53
33 54
33 59
33 63
33 70
33 73
33 98
35 53
35 54
35 59
35 63
35 70
35 73
35 87
35 98
48 57
48 58
48 63
48 101
53 54
53 58
53 59
53 63
53 70
53 73
53 98
54 59
54 63
54 70
54 73
54 98
57 27
57 36
57 58
57 63
57 98
57 101
58 63
58 101
59 15
59 63
59 70
59 73
59 94
59 98
63 70
63 73
63 98
63 101
70 73
70 98
73 98
98 27
98 36
98 87
94 20
94 24
94 25
94 51
94 88
94 92
5 14
5 15
5 20
5 27
5 34
5 36
5 49
5 52
5 55
5 61
5 71
5 75
5 79
5 80
5 81
5 87
5 95
5 99
5 107
5 108
14 15
14 27
14 34
14 36
14 49
14 52
14 55
14 61
14 71
14 75
14 79
14 80
14 81
14 87
14 95
14 99
14 107
14 108
15 27
15 34
15 36
15 49
15 52
15 55
15 61
15 71
15 75
15 79
15 80
15 81
15 87
15 95
15 99
15 107
15 108
20 21
20 22
20 25
20 34
20 38
20 41
20 51
20 56
20 66
20 82
20 84
27 34
27 36
27 49
27 52
27 55
27 61
27 71
27 75
27 79
27 80
27 81
27 87
27 95
27 99
27 107
27 108
34 22
34 24
34 36
34 41
34 49
34 51
34 52
34 55
34 56
34 61
34 71
34 75
34 79
34 80
34 81
34 87
34 95
34 99
34 107
34 108
36 19
36 40
36 49
36 52
36 55
36 61
36 71
36 72
36 75
36 79
36 80
36 81
36 87
36 95
36 96
36 99
36 107
36 108
49 52
49 55
49 61
49 71
49 75
49 79
49 80
49 81
49 87
49 95
49 99
49 107
49 108
52 19
52 40
52 55
52 61
52 71
52 72
52 75
52 79
52 80
52 81
52 87
52 95
52 96
52 99
52 107
52 108
55 7
55 19
55 22
55 24
55 25
55 38
55 40
55 56
55 61
55 66
55 71
55 72
55 74
55 75
55 79
55 80
55 81
55 82
55 84
55 85
55 87
55 95
55 96
55 99
55 107
55 108
61 71
61 75
61 79
61 80
61 81
61 87
61 95
61 99
61 107
61 108
71 75
71 79
71 80
71 81
71 87
71 95
71 99
71 107
71 108
75 79
75 80
75 81
75 87
75 95
75 99
75 107
75 108
79 80
79 81
79 87
79 95
79 99
79 107
79 108
80 81
80 87
80 95
80 99
80 107
80 108
81 87
81 95
81 99
81 107
81 108
87 95
87 99
87 107
87 108
95 99
95 107
95 108
99 107
99 108
107 108
7 22
7 24
7 25
7 38
7 56
7 66
7 72
7 74
7 82
7 84
7 85
22 24
22 25
22 56
22 66
22 72
22 74
22 82
22 84
22 88
22 92
24 25
24 56
24 66
24 72
24 74
24 82
24 84
24 85
24 88
24 92
25 56
25 66
25 72
25 74
25 82
25 84
25 88
25 92
38 21
38 41
38 51
38 56
38 66
38 72
38 74
38 82
38 85
56 41
56 66
56 72
56 74
56 82
56 84
56 85
66 21
66 41
66 51
66 72
66 74
66 82
66 84
66 85
72 19
72 40
72 74
72 82
72 84
72 85
72 96
74 21
74 82
74 84
74 85
82 21
82 41
82 51
82 84
82 85
19 40
19 96
21 41
21 51
40 96
41 51
88 92
