0 8
0 11
0 15
0 19
0 20
0 37
0 39
0 49
0 57
0 58
0 59
0 64
0 77
0 81
0 85
0 91
8 11
8 37
8 39
8 49
8 59
8 64
8 85
11 15
11 16
11 19
11 20
11 33
11 37
11 39
11 41
11 43
11 49
11 57
11 59
11 64
11 85
11 89
11 91
15 37
15 39
15 49
15 59
15 85
19 3
19 29
19 39
19 49
19 58
19 59
19 61
19 69
19 77
19 80
19 81
20 16
20 33
20 37
20 39
20 41
20 43
20 49
20 57
20 59
20 64
20 85
20 89
20 91
37 39
37 49
37 57
37 59
37 64
37 85
37 91
39 1
39 2
39 3
39 4
39 5
39 6
39 7
39 9
39 10
39 12
39 13
39 14
39 16
39 17
39 18
39 21
39 22
39 23
39 24
39 25
39 26
39 27
39 28
39 29
39 30
39 31
39 32
39 33
39 34
39 35
39 36
39 38
39 40
39 41
39 42
39 43
39 44
39 45
39 46
39 47
39 48
39 49
39 50
39 51
39 52
39 53
39 54
39 55
39 56
39 57
39 58
39 59
39 60
39 61
39 62
39 63
39 64
39 65
39 66
39 67
39 68
39 69
39 70
39 71
39 72
39 73
39 74
39 75
39 76
39 77
39 78
39 79
39 80
39 81
39 82
39 83
39 84
39 85
39 86
39 87
39 88
39 89
39 90
39 91
39 92
49 57
49 58
49 59
49 64
49 77
49 80
49 81
49 85
49 91
57 59
57 64
57 85
57 91
58 4
58 23
58 28
58 35
58 42
58 59
58 64
58 77
58 80
58 81
58 87
58 92
59 64
59 77
59 80
59 81
59 85
59 91
64 1
64 4
64 9
64 10
64 13
64 17
64 24
64 25
64 27
64 32
64 42
64 50
64 53
64 55
64 56
64 60
64 68
64 73
64 76
64 77
64 85
64 87
64 88
64 91
77 4
77 23
77 28
77 35
77 42
77 80
77 81
77 87
77 92
81 29
81 61
81 69
81 80
85 91
1 9
1 17
1 27
1 32
1 50
1 53
1 55
1 56
1 60
1 68
1 73
9 27
9 50
9 53
9 55
9 56
9 68
9 73
17 32
17 55
17 60
17 68
17 73
27 50
27 53
27 55
27 56
27 68
27 73
32 25
32 40
32 53
32 55
32 60
32 68
32 73
32 86
32 90
50 53
50 55
50 56
50 68
50 73
53 25
53 55
53 56
53 60
53 68
53 73
55 25
55 56
55 60
55 68
55 73
56 68
56 73
60 25
60 40
60 68
60 73
60 75
60 86
60 90
68 73
73 25
73 76
73 88
2 18
2 48
2 72
18 48
18 72
48 72
3 5
3 14
3 28
3 35
3 65
3 70
3 75
3 80
3 84
5 14
5 65
5 70
5 75
5 84
14 65
14 70
14 75
14 84
28 23
28 26
28 29
28 35
28 36
28 38
28 71
28 78
28 92
35 23
35 26
35 36
35 38
35 71
35 78
35 92
65 7
65 31
65 45
65 51
65 70
65 75
65 84
70 75
70 84
75 7
75 31
75 45
75 51
75 84
75 92
80 29
80 61
80 69
4 42
4 87
42 82
42 87
6 52
6 54
6 62
6 78
6 83
52 54
52 62
52 78
52 83
54 62
54 78
54 83
62 78
62 83
78 12
78 22
78 30
78 36
78 38
78 40
78 44
78 46
78 63
78 66
78 67
78 74
78 79
78 82
78 83
78 86
78 90
78 92
7 31
7 45
7 51
31 45
31 51
45 51
10 13
10 24
13 24
16 21
16 33
16 34
16 41
16 43
16 89
33 41
33 43
33 89
41 43
41 89
43 89
12 22
12 30
12 63
12 67
12 79
22 30
22 63
22 67
22 79
30 63
30 67
30 79
63 44
63 47
63 67
63 74
63 79
63 82
67 79
21 34
29 61
29 69
61 69
23 26
23 71
23 92
26 71
26 92
71 92
92 36
92 38
25 76
25 88
76 88
36 38
40 46
40 66
40 86
40 90
86 46
86 66
86 90
90 46
90 66
44 47
44 74
44 82
46 66
47 74
47 82
74 82
