0 6
0 7
0 9
0 18
0 35
6 7
6 9
6 12
6 14
6 18
6 27
6 35
7 1
7 2
7 3
7 4
7 5
7 8
7 9
7 10
7 11
7 12
7 13
7 14
7 15
7 16
7 17
7 18
7 19
7 20
7 21
7 22
7 23
7 24
7 25
7 26
7 27
7 28
7 29
7 30
7 31
7 32
7 33
7 34
7 35
7 36
9 1
9 4
9 12
9 14
9 17
9 18
9 35
18 1
18 4
18 17
18 35
35 1
35 4
35 12
35 17
1 4
1 17
4 17
2 3
2 8
2 13
2 15
2 19
2 22
2 26
2 30
2 33
2 36
3 8
3 13
3 15
3 19
3 22
3 26
3 30
3 33
3 36
8 13
8 15
8 19
8 22
8 26
8 30
8 33
8 36
13 15
13 19
13 22
13 26
13 30
13 33
13 36
15 19
15 22
15 26
15 30
15 33
15 36
19 22
19 26
19 30
19 33
19 36
22 26
22 30
22 33
22 36
26 30
26 33
26 36
30 33
30 36
33 36
12 31
27 21
27 23
27 29
10 24
10 32
11 20
11 24
11 32
16 25
16 31
20 24
24 32
28 29
