0 17
0 22
0 25
17 1
17 2
17 3
17 4
17 5
17 6
17 7
17 8
17 9
17 10
17 11
17 12
17 13
17 14
17 15
17 16
17 18
17 19
17 20
17 21
17 22
17 23
17 24
17 25
17 26
17 27
17 28
17 29
17 30
17 31
17 32
22 1
22 6
22 13
22 25
22 28
22 32
25 1
25 3
25 4
25 5
25 6
25 7
25 9
25 14
25 16
25 23
25 24
25 26
25 27
25 28
25 30
25 32
1 4
1 26
1 28
1 30
1 32
4 20
4 26
4 28
4 29
4 30
4 32
26 28
26 30
26 32
28 2
28 5
28 6
28 7
28 9
28 12
28 13
28 18
28 19
28 23
28 24
28 27
28 30
28 31
28 32
30 32
32 9
2 5
2 6
2 7
2 9
2 23
2 24
2 27
2 31
5 6
5 7
5 9
5 12
5 13
5 18
5 19
5 23
5 24
5 27
5 31
6 7
6 9
6 12
6 13
6 18
6 19
6 23
6 24
6 27
6 31
7 9
7 12
7 13
7 18
7 19
7 23
7 24
7 27
7 31
9 11
9 12
9 13
9 18
9 19
9 23
9 24
9 27
9 31
23 12
23 13
23 18
23 19
23 24
23 27
23 31
24 12
24 13
24 18
24 19
24 27
24 31
27 12
27 13
27 18
27 19
27 31
3 14
20 11
20 16
20 21
29 8
29 10
29 15
12 19
8 10
8 15
10 15
11 16
11 21
16 21
