0 4
0 5
0 10
0 11
0 17
0 29
0 30
0 40
0 41
0 43
0 50
0 52
0 55
0 56
0 60
4 5
4 8
4 9
4 10
4 12
4 13
4 14
4 15
4 16
4 19
4 26
4 28
4 29
4 38
4 39
4 40
4 44
4 45
4 52
4 55
4 56
4 59
4 60
4 64
5 26
5 40
5 55
5 56
10 9
10 11
10 12
10 17
10 19
10 22
10 26
10 29
10 40
10 43
10 45
10 48
10 49
10 50
10 51
10 55
10 57
10 60
10 68
10 69
11 7
11 12
11 40
11 43
11 50
11 56
17 40
17 52
17 55
17 56
17 57
17 69
29 6
29 7
29 9
29 12
29 19
29 22
29 26
29 27
29 30
29 37
29 40
29 41
29 43
29 44
29 45
29 46
29 50
29 56
29 59
29 60
29 66
29 70
30 7
30 9
30 22
30 40
30 41
30 43
30 46
30 50
30 52
30 60
30 66
30 70
40 1
40 2
40 3
40 6
40 7
40 8
40 9
40 12
40 13
40 14
40 15
40 16
40 18
40 19
40 20
40 21
40 22
40 23
40 24
40 25
40 26
40 27
40 28
40 31
40 32
40 33
40 34
40 35
40 36
40 37
40 38
40 39
40 41
40 42
40 43
40 44
40 45
40 46
40 47
40 48
40 49
40 50
40 51
40 52
40 53
40 54
40 55
40 56
40 57
40 58
40 59
40 60
40 61
40 62
40 63
40 64
40 65
40 66
40 67
40 68
40 69
40 70
41 6
41 7
41 9
41 22
41 43
41 45
41 46
41 50
41 60
41 66
41 70
43 7
43 12
43 22
43 48
43 50
43 56
43 60
43 70
50 6
50 7
50 9
50 22
50 45
50 46
50 48
50 60
50 66
50 70
52 16
52 44
52 56
52 59
55 13
55 26
55 38
55 56
56 1
56 2
56 12
56 19
56 20
56 22
56 26
56 35
56 36
56 37
56 48
56 51
56 54
56 58
56 60
56 63
56 68
60 7
60 9
60 12
60 19
60 22
60 39
60 44
60 45
60 46
60 48
60 66
60 68
60 70
1 2
1 6
1 12
1 19
1 20
1 23
1 24
1 33
1 35
1 42
1 45
1 47
1 48
1 53
1 54
1 58
1 63
1 64
2 12
2 19
2 21
2 35
2 48
2 54
2 58
2 63
6 9
6 12
6 19
6 23
6 27
6 28
6 31
6 42
6 45
6 47
6 48
6 54
6 61
12 8
12 9
12 14
12 15
12 19
12 20
12 22
12 23
12 24
12 27
12 28
12 31
12 35
12 36
12 39
12 42
12 45
12 47
12 48
12 51
12 54
12 58
12 63
12 67
19 9
19 20
19 21
19 23
19 26
19 27
19 28
19 31
19 35
19 37
19 42
19 45
19 47
19 48
19 53
19 54
19 58
19 61
19 63
19 64
19 65
19 67
20 23
20 33
20 35
20 37
20 42
20 47
20 48
20 53
20 54
20 58
20 64
20 65
23 9
23 21
23 27
23 31
23 33
23 37
23 42
23 45
23 47
23 48
23 53
23 54
23 58
23 64
23 65
24 45
24 48
33 48
33 54
33 58
33 64
35 26
35 48
35 54
35 58
35 63
42 9
42 27
42 31
42 45
42 47
42 48
42 53
42 54
45 9
45 21
45 25
45 27
45 28
45 31
45 37
45 47
45 48
45 53
45 54
45 61
45 62
45 64
45 65
45 67
47 9
47 21
47 27
47 31
47 37
47 48
47 53
47 54
47 64
47 65
48 9
48 21
48 27
48 31
48 37
48 53
48 54
48 58
48 63
48 64
48 65
48 67
53 21
53 27
53 37
53 54
53 64
53 65
54 9
54 21
54 27
54 31
54 37
54 58
54 63
54 64
54 65
58 63
58 64
64 21
64 27
64 37
64 39
64 65
21 9
21 27
21 37
21 65
3 18
3 25
3 26
3 32
3 34
3 49
3 62
3 67
3 68
18 25
18 26
18 32
18 34
18 49
18 62
18 67
18 68
25 26
25 27
25 32
25 34
25 49
25 62
25 67
25 68
26 13
26 32
26 34
26 37
26 38
26 49
26 57
26 61
26 62
26 67
26 68
26 69
32 34
32 49
32 57
32 62
32 67
32 68
32 69
34 49
34 62
34 67
34 68
49 57
49 61
49 62
49 67
49 68
49 69
62 27
62 61
62 67
62 68
67 27
67 44
67 61
67 68
68 37
68 57
68 69
8 14
8 15
8 28
8 39
9 7
9 22
9 27
9 31
9 46
9 61
9 66
9 70
13 38
14 15
14 28
14 39
14 61
15 28
15 39
16 44
16 59
28 31
28 39
44 59
27 31
27 37
27 61
27 65
61 36
7 22
7 46
7 66
7 70
22 46
22 66
22 70
46 70
66 51
66 70
51 36
57 69
37 65
