0 6
0 9
0 10
0 13
0 15
0 19
0 24
0 26
0 33
6 1
6 2
6 3
6 4
6 5
6 7
6 8
6 9
6 10
6 11
6 12
6 13
6 14
6 15
6 16
6 17
6 18
6 19
6 20
6 21
6 22
6 23
6 24
6 25
6 26
6 27
6 28
6 29
6 30
6 31
6 32
6 33
6 34
9 10
9 13
9 15
9 19
9 24
9 26
9 33
10 5
10 7
10 11
10 12
10 13
10 15
10 19
10 24
10 25
10 26
10 31
10 33
13 15
13 19
13 24
13 26
13 33
15 19
15 24
15 26
15 33
19 1
19 2
19 3
19 4
19 5
19 8
19 14
19 16
19 17
19 18
19 20
19 21
19 22
19 23
19 24
19 26
19 27
19 28
19 29
19 30
19 31
19 32
19 33
19 34
24 26
24 33
26 5
26 7
26 11
26 12
26 25
26 31
26 33
33 5
33 7
33 11
33 12
33 25
33 31
1 2
1 3
1 4
1 5
1 8
1 14
1 16
1 17
1 18
1 20
1 21
1 22
1 23
1 27
1 28
1 29
1 30
1 31
1 32
1 34
2 3
2 4
2 5
2 8
2 14
2 16
2 17
2 18
2 20
2 21
2 22
2 23
2 27
2 28
2 29
2 30
2 31
2 32
2 34
3 4
3 5
3 8
3 14
3 16
3 17
3 18
3 20
3 21
3 22
3 23
3 27
3 28
3 29
3 30
3 31
3 32
3 34
4 5
4 8
4 12
4 14
4 16
4 17
4 18
4 20
4 21
4 22
4 23
4 27
4 28
4 29
4 30
4 31
4 32
4 34
5 8
5 14
5 16
5 17
5 18
5 20
5 21
5 22
5 23
5 27
5 28
5 29
5 30
5 31
5 32
5 34
8 14
8 16
8 17
8 18
8 20
8 21
8 22
8 23
8 27
8 28
8 29
8 30
8 31
8 32
8 34
14 16
14 17
14 18
14 20
14 21
14 22
14 23
14 27
14 28
14 29
14 30
14 31
14 32
14 34
16 17
16 18
16 20
16 21
16 22
16 23
16 27
16 28
16 29
16 30
16 31
16 32
16 34
17 18
17 20
17 21
17 22
17 23
17 27
17 28
17 29
17 30
17 31
17 32
17 34
18 20
18 21
18 22
18 23
18 27
18 28
18 29
18 30
18 31
18 32
18 34
20 21
20 22
20 23
20 27
20 28
20 29
20 30
20 31
20 32
20 34
21 22
21 23
21 27
21 28
21 29
21 30
21 31
21 32
21 34
22 23
22 27
22 28
22 29
22 30
22 31
22 32
22 34
23 27
23 28
23 29
23 30
23 31
23 32
23 34
27 28
27 29
27 30
27 31
27 32
27 34
28 29
28 30
28 31
28 32
28 34
29 30
29 31
29 32
29 34
30 31
30 32
30 34
31 7
31 11
31 12
31 25
31 32
31 34
32 34
12 7
12 11
12 25
7 11
7 25
11 25
