0 2
0 5
0 6
0 10
0 13
0 14
0 16
0 18
0 27
0 30
0 31
0 48
0 49
0 52
0 55
2 5
2 6
2 10
2 13
2 14
2 16
2 18
2 27
2 30
2 31
2 48
2 49
2 52
2 55
5 6
5 10
5 13
5 14
5 16
5 18
5 27
5 30
5 31
5 48
5 49
5 52
5 55
6 10
6 13
6 14
6 16
6 18
6 27
6 30
6 31
6 39
6 48
6 49
6 52
6 55
10 13
10 14
10 16
10 18
10 27
10 30
10 31
10 48
10 49
10 52
10 55
13 14
13 16
13 18
13 27
13 30
13 31
13 39
13 48
13 49
13 52
13 55
14 1
14 3
14 4
14 7
14 8
14 9
14 11
14 12
14 15
14 16
14 17
14 18
14 19
14 20
14 21
14 22
14 23
14 24
14 25
14 26
14 27
14 28
14 29
14 30
14 31
14 32
14 33
14 34
14 35
14 36
14 37
14 38
14 39
14 40
14 41
14 42
14 43
14 44
14 45
14 46
14 47
14 48
14 49
14 50
14 51
14 52
14 53
14 54
14 55
14 56
16 18
16 27
16 30
16 31
16 48
16 49
16 52
16 55
18 27
18 30
18 31
18 39
18 48
18 49
18 52
18 55
27 30
27 31
27 48
27 49
27 52
27 55
30 31
30 48
30 49
30 52
30 55
31 48
31 49
31 52
31 55
48 39
48 49
48 52
48 55
49 52
49 55
52 39
52 55
55 39
1 4
1 9
1 15
1 20
1 35
1 36
4 3
4 7
4 9
4 15
4 20
4 22
4 23
4 35
4 36
4 41
9 15
9 20
9 35
9 36
9 53
9 54
15 3
15 7
15 11
15 19
15 20
15 22
15 23
15 35
15 36
15 40
15 41
15 44
15 45
15 47
15 53
15 54
20 3
20 23
20 35
20 36
35 3
35 7
35 11
35 22
35 23
35 28
35 32
35 36
35 41
35 43
35 45
35 50
36 3
36 7
36 22
36 23
36 41
3 7
3 22
3 23
3 41
7 22
7 23
7 41
22 23
22 41
23 41
41 11
41 24
41 28
41 44
41 45
41 50
39 37
8 12
8 21
8 24
8 26
8 32
8 33
8 34
8 38
8 44
8 45
8 50
8 54
8 56
12 21
12 24
12 32
12 33
12 45
12 50
21 24
21 32
21 33
21 45
21 50
24 11
24 28
24 32
24 33
24 45
24 46
24 50
26 34
26 38
26 44
26 45
26 54
26 56
32 33
32 45
32 50
33 45
33 50
34 11
34 28
34 38
34 43
34 44
34 45
34 46
34 50
34 54
34 56
38 11
38 28
38 43
38 44
38 45
38 46
38 50
38 54
38 56
44 17
44 19
44 25
44 29
44 40
44 42
44 45
44 47
44 51
44 53
44 54
44 56
45 11
45 28
45 43
45 46
45 50
45 54
45 56
50 11
50 28
50 43
50 46
54 53
54 56
56 46
53 19
53 40
53 47
11 28
11 43
11 46
28 43
28 46
43 46
17 25
17 29
17 42
17 51
19 40
19 47
25 29
25 42
25 51
29 42
29 51
40 47
42 51
