0 1
0 13
0 15
0 34
0 35
1 6
1 13
1 15
1 20
1 31
1 35
1 36
1 39
13 2
13 3
13 4
13 5
13 6
13 7
13 8
13 9
13 10
13 11
13 12
13 14
13 15
13 16
13 17
13 18
13 19
13 20
13 21
13 22
13 23
13 24
13 25
13 26
13 27
13 28
13 29
13 30
13 31
13 32
13 33
13 34
13 35
13 36
13 37
13 38
13 39
15 22
15 34
34 11
35 21
35 23
35 24
35 25
35 33
35 39
6 20
6 36
20 36
31 10
31 21
36 5
36 10
39 24
39 25
2 16
2 23
2 24
16 24
23 14
23 24
24 33
3 14
3 18
3 27
14 18
14 26
18 26
27 17
27 22
27 26
27 30
27 38
4 12
4 32
12 11
12 30
12 32
7 9
7 10
7 22
9 10
9 22
10 8
10 19
10 21
10 22
22 17
22 30
8 21
19 29
11 28
11 30
28 30
30 17
26 33
26 37
26 38
33 37
