0 1
0 9
0 17
0 19
0 35
0 37
0 38
1 9
1 17
1 19
1 32
1 35
1 37
1 38
9 17
9 19
9 35
9 37
9 38
17 19
17 35
17 37
17 38
19 35
19 37
19 38
35 32
35 37
35 38
35 47
37 32
37 38
38 2
38 3
38 4
38 5
38 6
38 7
38 8
38 10
38 11
38 12
38 13
38 14
38 15
38 16
38 18
38 20
38 21
38 22
38 23
38 24
38 25
38 26
38 27
38 28
38 29
38 30
38 31
38 32
38 33
38 34
38 36
38 39
38 40
38 41
38 42
38 43
38 44
38 45
38 46
38 47
38 48
38 49
38 50
32 47
2 3
2 4
2 5
2 7
2 14
2 16
2 18
2 26
2 27
2 33
2 36
3 4
3 5
3 7
3 14
3 16
3 18
3 26
3 27
3 33
3 36
4 5
4 7
4 14
4 16
4 18
4 26
4 27
4 33
4 36
5 7
5 14
5 16
5 18
5 26
5 27
5 33
5 36
7 10
7 14
7 16
7 18
7 20
7 25
7 26
7 27
7 33
7 36
7 39
14 16
14 18
14 26
14 27
14 33
14 36
14 46
16 18
16 20
16 25
16 26
16 27
16 28
16 33
16 36
16 39
16 40
18 26
18 27
18 33
18 36
26 27
26 33
26 36
27 20
27 25
27 28
27 33
27 36
27 39
27 40
27 46
33 36
6 8
6 21
6 30
6 31
6 50
8 21
8 30
8 31
8 50
21 30
21 31
21 50
30 31
30 50
31 50
10 20
10 28
10 40
10 41
10 43
10 44
10 46
20 23
20 24
20 25
20 28
20 40
20 41
20 43
20 44
20 46
25 39
25 40
28 24
28 40
28 41
28 43
28 44
28 46
40 22
40 24
40 41
40 42
40 43
40 44
40 46
40 47
40 48
41 24
41 43
41 44
41 46
43 24
43 44
43 46
44 24
44 46
46 23
46 24
12 22
12 34
12 42
12 47
12 48
22 34
22 42
22 47
22 48
34 42
34 47
34 48
42 47
42 48
47 48
23 29
23 45
29 49
