0 1
0 4
0 8
0 15
0 19
0 21
0 22
0 25
0 27
0 29
0 31
1 4
1 8
1 9
1 11
1 19
1 21
1 22
1 25
1 27
1 28
1 29
1 31
4 2
4 3
4 5
4 6
4 7
4 8
4 9
4 10
4 11
4 12
4 13
4 14
4 15
4 16
4 17
4 18
4 19
4 20
4 21
4 22
4 23
4 24
4 25
4 26
4 27
4 28
4 29
4 30
4 31
4 32
8 9
8 11
8 15
8 19
8 21
8 22
8 25
8 27
8 28
8 29
8 31
8 32
15 6
15 7
15 12
15 21
15 23
15 29
15 32
19 9
19 11
19 14
19 21
19 22
19 25
19 27
19 28
19 29
19 31
21 9
21 11
21 22
21 25
21 27
21 28
21 29
21 31
22 25
22 27
22 29
22 31
25 27
25 29
25 31
27 9
27 11
27 28
27 29
27 31
29 9
29 11
29 23
29 28
29 31
29 32
31 9
31 11
31 28
9 11
9 28
11 28
2 5
2 18
2 24
2 30
5 30
18 24
3 13
6 7
6 12
6 23
6 32
7 12
7 23
7 32
10 16
10 20
12 23
12 32
16 20
17 26
17 32
23 32
