0 3
0 6
0 25
0 43
0 45
0 47
0 48
0 67
0 76
0 87
0 94
0 139
0 148
0 150
0 151
0 156
0 166
0 169
0 175
0 184
3 6
3 25
3 43
3 47
3 48
3 67
3 87
3 166
3 169
6 43
6 47
6 67
6 76
6 94
6 139
6 150
6 151
6 166
6 169
6 175
25 43
25 48
25 67
25 87
25 166
43 1
43 2
43 4
43 5
43 7
43 8
43 9
43 10
43 11
43 12
43 13
43 14
43 15
43 16
43 17
43 18
43 19
43 20
43 21
43 22
43 23
43 24
43 26
43 27
43 28
43 29
43 30
43 31
43 32
43 33
43 34
43 35
43 36
43 37
43 38
43 39
43 40
43 41
43 42
43 44
43 45
43 46
43 47
43 48
43 49
43 50
43 51
43 52
43 53
43 54
43 55
43 56
43 57
43 58
43 59
43 60
43 61
43 62
43 63
43 64
43 65
43 66
43 67
43 68
43 69
43 70
43 71
43 72
43 73
43 74
43 75
43 76
43 77
43 78
43 79
43 80
43 81
43 82
43 83
43 84
43 85
43 86
43 87
43 88
43 89
43 90
43 91
43 92
43 93
43 94
43 95
43 96
43 97
43 98
43 99
43 100
43 101
43 102
43 103
43 104
43 105
43 106
43 107
43 108
43 109
43 110
43 111
43 112
43 113
43 114
43 115
43 116
43 117
43 118
43 119
43 120
43 121
43 122
43 123
43 124
43 125
43 126
43 127
43 128
43 129
43 130
43 131
43 132
43 133
43 134
43 135
43 136
43 137
43 138
43 139
43 140
43 141
43 142
43 143
43 144
43 145
43 146
43 147
43 148
43 149
43 150
43 151
43 152
43 153
43 154
43 155
43 156
43 157
43 158
43 159
43 160
43 161
43 162
43 163
43 164
43 165
43 166
43 167
43 168
43 169
43 170
43 171
43 172
43 173
43 174
43 175
43 176
43 177
43 178
43 179
43 180
43 181
43 182
43 183
43 184
43 185
43 186
43 187
43 188
43 189
43 190
45 97
45 148
45 156
45 166
47 42
47 54
47 58
47 67
47 76
47 94
47 104
47 139
47 140
47 144
47 150
47 151
47 166
47 169
47 172
47 175
47 187
48 67
48 87
48 166
67 87
67 166
76 11
76 34
76 35
76 39
76 72
76 90
76 94
76 96
76 115
76 120
76 125
76 129
76 137
76 140
76 143
76 150
76 151
76 157
76 169
76 172
76 175
87 166
94 31
94 80
94 139
94 150
94 151
94 169
94 172
94 175
94 190
139 151
139 175
148 156
148 166
150 35
150 72
150 90
150 96
150 115
150 120
150 125
150 129
150 137
150 143
150 151
150 157
150 169
150 172
150 175
151 19
151 35
151 70
151 72
151 90
151 96
151 115
151 125
151 129
151 137
151 142
151 143
151 157
151 169
151 175
151 177
151 178
156 166
166 7
166 42
166 79
166 85
166 93
166 121
166 122
166 132
166 136
166 158
166 184
169 11
169 20
169 35
169 46
169 72
169 90
169 96
169 105
169 115
169 125
169 126
169 129
169 137
169 143
169 147
169 157
169 165
169 172
169 175
169 184
169 188
175 35
175 46
175 55
175 90
175 129
175 143
175 172
184 10
184 65
184 172
1 4
1 32
1 64
1 68
1 69
1 71
1 72
1 77
1 78
1 83
1 86
1 89
1 92
1 110
1 125
1 138
1 141
1 145
1 147
1 155
1 160
1 179
1 185
4 32
4 64
4 68
4 69
4 71
4 72
4 77
4 78
4 86
4 89
4 92
4 110
4 125
4 138
4 141
4 145
4 147
4 160
4 179
4 185
32 64
32 68
32 69
32 71
32 72
32 77
32 78
32 86
32 89
32 92
32 110
32 125
32 138
32 141
32 145
32 147
32 160
32 179
32 185
64 68
64 69
64 71
64 72
64 77
64 78
64 86
64 89
64 92
64 110
64 125
64 138
64 141
64 145
64 147
64 160
64 179
64 185
68 69
68 71
68 72
68 77
68 78
68 86
68 89
68 92
68 110
68 125
68 138
68 141
68 145
68 147
68 160
68 179
68 185
69 71
69 72
69 77
69 78
69 86
69 89
69 92
69 110
69 125
69 138
69 141
69 145
69 147
69 160
69 179
69 185
71 5
71 17
71 28
71 41
71 44
71 49
71 57
71 63
71 72
71 73
71 75
71 77
71 78
71 84
71 86
71 89
71 91
71 92
71 98
71 99
71 107
71 109
71 110
71 119
71 125
71 127
71 138
71 141
71 145
71 147
71 152
71 159
71 160
71 161
71 162
71 164
71 167
71 173
71 179
71 185
71 187
72 5
72 8
72 11
72 13
72 15
72 19
72 20
72 21
72 22
72 26
72 27
72 28
72 30
72 31
72 34
72 35
72 38
72 41
72 42
72 44
72 46
72 54
72 61
72 70
72 73
72 74
72 75
72 77
72 78
72 80
72 82
72 83
72 86
72 88
72 89
72 90
72 91
72 92
72 96
72 98
72 105
72 106
72 107
72 109
72 110
72 115
72 121
72 124
72 125
72 129
72 132
72 137
72 138
72 141
72 142
72 143
72 144
72 145
72 147
72 154
72 155
72 157
72 159
72 160
72 161
72 162
72 163
72 165
72 172
72 174
72 177
72 178
72 179
72 181
72 185
72 187
72 188
72 190
77 41
77 73
77 78
77 86
77 89
77 92
77 98
77 99
77 110
77 125
77 138
77 141
77 145
77 147
77 160
77 179
77 185
78 86
78 89
78 92
78 110
78 125
78 138
78 141
78 145
78 147
78 160
78 179
78 185
83 125
83 147
83 155
86 60
86 89
86 92
86 110
86 125
86 132
86 134
86 138
86 141
86 145
86 147
86 160
86 179
86 185
89 92
89 110
89 125
89 138
89 141
89 145
89 147
89 160
89 179
89 185
92 5
92 17
92 28
92 41
92 44
92 49
92 57
92 63
92 73
92 75
92 84
92 91
92 98
92 99
92 107
92 109
92 110
92 119
92 125
92 127
92 138
92 141
92 145
92 147
92 152
92 159
92 160
92 161
92 162
92 164
92 167
92 173
92 179
92 185
92 187
110 125
110 138
110 141
110 145
110 147
110 160
110 179
110 185
125 2
125 5
125 8
125 9
125 11
125 12
125 13
125 14
125 15
125 17
125 18
125 19
125 20
125 21
125 22
125 23
125 24
125 26
125 27
125 28
125 29
125 30
125 31
125 33
125 34
125 35
125 36
125 37
125 38
125 39
125 40
125 41
125 42
125 44
125 46
125 49
125 50
125 51
125 52
125 53
125 54
125 56
125 57
125 58
125 59
125 60
125 61
125 62
125 63
125 66
125 70
125 73
125 74
125 75
125 79
125 80
125 82
125 84
125 85
125 88
125 90
125 91
125 93
125 95
125 96
125 97
125 98
125 99
125 100
125 101
125 102
125 103
125 104
125 105
125 106
125 107
125 108
125 109
125 111
125 112
125 113
125 114
125 115
125 116
125 117
125 118
125 119
125 121
125 123
125 124
125 126
125 127
125 128
125 129
125 130
125 131
125 132
125 133
125 134
125 135
125 137
125 138
125 140
125 141
125 142
125 143
125 144
125 145
125 146
125 147
125 149
125 152
125 153
125 154
125 155
125 157
125 159
125 160
125 161
125 162
125 163
125 164
125 165
125 167
125 168
125 170
125 171
125 172
125 173
125 174
125 176
125 177
125 178
125 179
125 180
125 181
125 182
125 183
125 185
125 186
125 187
125 188
125 189
125 190
138 46
138 141
138 145
138 147
138 160
138 172
138 179
138 185
141 145
141 147
141 160
141 179
141 185
145 147
145 160
145 179
145 185
147 20
147 101
147 155
147 160
147 179
147 185
160 179
160 185
179 185
2 18
2 66
2 93
2 97
2 100
2 114
2 128
2 146
2 149
2 153
18 93
18 97
18 100
18 128
18 146
18 153
66 19
66 70
66 93
66 100
66 114
66 128
66 146
66 149
66 153
66 177
93 7
93 19
93 36
93 42
93 55
93 70
93 79
93 81
93 85
93 97
93 100
93 114
93 121
93 122
93 128
93 132
93 136
93 146
93 149
93 153
93 158
93 174
93 177
93 180
93 181
93 182
97 100
97 128
97 146
97 153
100 11
100 24
100 29
100 58
100 85
100 114
100 116
100 117
100 128
100 130
100 146
100 149
100 153
100 186
100 187
114 128
114 146
114 149
114 153
128 85
128 146
128 149
128 153
146 85
146 149
146 153
149 153
5 28
5 91
5 98
5 119
5 159
28 91
28 98
28 159
91 98
91 159
91 164
98 17
98 41
98 44
98 49
98 57
98 63
98 73
98 84
98 99
98 119
98 127
98 152
98 159
98 162
98 164
98 167
98 173
98 187
119 17
119 44
119 49
119 57
119 63
119 84
119 99
119 127
119 152
119 164
119 167
119 173
119 187
7 42
7 79
7 85
7 121
7 122
7 132
7 136
7 158
7 181
42 79
42 81
42 85
42 121
42 122
42 132
42 136
42 158
42 174
42 181
79 23
79 50
79 85
79 121
79 122
79 132
79 134
79 135
79 136
79 142
79 144
79 158
79 168
79 187
85 11
85 23
85 44
85 50
85 54
85 121
85 122
85 132
85 134
85 135
85 136
85 144
85 158
85 168
85 187
121 12
121 37
121 44
121 54
121 56
121 60
121 122
121 132
121 133
121 136
121 144
121 158
121 163
121 168
121 170
121 171
121 186
121 187
122 132
122 136
122 158
132 12
132 23
132 37
132 44
132 50
132 54
132 56
132 60
132 133
132 134
132 135
132 136
132 144
132 158
132 163
132 168
132 170
132 171
132 180
132 186
132 187
136 158
158 180
181 81
181 174
8 15
8 34
8 61
8 82
8 106
8 124
8 187
15 61
15 82
15 124
15 187
34 27
34 50
34 82
34 106
34 120
34 135
34 168
34 187
34 188
61 82
61 124
61 187
82 24
82 29
82 54
82 106
82 117
82 124
82 144
82 186
82 187
106 27
106 50
106 120
106 135
106 168
106 187
106 188
124 187
187 9
187 11
187 12
187 17
187 23
187 24
187 29
187 37
187 39
187 44
187 49
187 50
187 54
187 56
187 57
187 58
187 60
187 62
187 63
187 84
187 95
187 99
187 101
187 104
187 108
187 112
187 116
187 117
187 120
187 123
187 126
187 127
187 130
187 133
187 140
187 142
187 144
187 152
187 163
187 164
187 167
187 168
187 170
187 171
187 173
187 176
187 182
187 186
9 23
9 39
9 50
9 56
9 62
9 95
9 104
9 108
9 112
9 123
9 126
9 140
9 144
9 168
9 176
23 11
23 12
23 37
23 39
23 50
23 56
23 60
23 62
23 95
23 101
23 104
23 108
23 112
23 123
23 126
23 133
23 134
23 135
23 140
23 142
23 144
23 163
23 168
23 171
23 176
23 182
39 50
39 56
39 62
39 95
39 104
39 108
39 112
39 123
39 126
39 140
39 144
39 168
39 176
50 11
50 12
50 37
50 56
50 60
50 62
50 95
50 101
50 104
50 108
50 112
50 123
50 126
50 133
50 134
50 135
50 140
50 142
50 144
50 163
50 168
50 171
50 176
50 182
56 11
56 12
56 37
56 54
56 60
56 62
56 95
56 101
56 104
56 108
56 112
56 123
56 126
56 133
56 140
56 144
56 163
56 168
56 170
56 171
56 176
56 182
62 95
62 104
62 108
62 112
62 123
62 126
62 140
62 144
62 168
62 176
95 104
95 108
95 112
95 123
95 126
95 140
95 144
95 168
95 176
104 44
104 54
104 108
104 112
104 123
104 126
104 140
104 144
104 168
104 176
108 112
108 123
108 126
108 140
108 144
108 168
108 176
112 123
112 126
112 140
112 144
112 168
112 176
123 74
123 126
123 140
123 144
123 154
123 168
123 176
126 140
126 144
126 168
126 172
126 176
140 44
140 54
140 60
140 144
140 168
140 176
144 11
144 12
144 24
144 29
144 37
144 44
144 54
144 60
144 101
144 117
144 133
144 142
144 163
144 168
144 171
144 176
144 182
144 186
168 11
168 12
168 37
168 54
168 60
168 101
168 133
168 134
168 135
168 142
168 163
168 170
168 171
168 176
168 182
10 16
10 65
10 120
16 65
16 120
65 120
120 60
11 13
11 22
11 26
11 30
11 38
11 44
11 54
11 88
11 135
11 171
11 182
13 22
13 26
13 30
13 38
13 88
22 26
22 30
22 38
22 88
26 30
26 38
26 88
30 38
30 88
38 88
44 17
44 49
44 54
44 57
44 60
44 63
44 84
44 99
44 127
44 152
44 163
44 164
44 167
44 171
44 173
44 186
54 12
54 24
54 29
54 37
54 60
54 117
54 133
54 163
54 170
54 171
54 186
135 134
171 12
171 37
171 60
171 101
171 133
171 163
171 170
171 182
182 12
182 36
182 37
182 55
182 60
182 81
182 101
182 133
182 163
182 170
182 180
12 37
12 60
12 101
12 133
12 163
12 170
37 60
37 101
37 133
37 163
37 170
60 101
60 133
60 163
60 170
101 20
101 133
101 163
101 170
133 163
133 170
163 170
170 36
170 180
14 33
14 40
14 51
14 52
14 53
14 59
14 111
14 113
14 118
14 183
14 189
33 40
33 51
33 52
33 53
33 59
33 111
33 113
33 118
33 183
33 189
40 51
40 52
40 53
40 59
40 111
40 113
40 118
40 183
40 189
51 52
51 53
51 59
51 102
51 103
51 111
51 113
51 118
51 131
51 183
51 189
52 53
52 59
52 111
52 113
52 118
52 183
52 189
53 59
53 102
53 103
53 111
53 113
53 118
53 131
53 183
53 189
59 111
59 113
59 118
59 183
59 189
111 102
111 103
111 113
111 118
111 131
111 183
111 189
113 55
113 118
113 183
113 189
118 131
118 183
118 189
183 189
189 36
189 55
17 49
17 57
17 63
17 84
17 99
17 127
17 152
17 164
17 167
17 173
49 57
49 63
49 84
49 99
49 127
49 152
49 164
49 167
49 173
57 63
57 84
57 99
57 127
57 152
57 164
57 167
57 173
63 84
63 99
63 127
63 152
63 164
63 167
63 173
84 99
84 127
84 152
84 164
84 167
84 173
99 55
99 127
99 152
99 164
99 167
99 173
127 152
127 162
127 164
127 167
127 173
152 164
152 167
152 173
164 162
164 167
164 173
167 173
19 70
19 142
19 177
19 178
70 142
70 177
70 178
142 177
142 178
177 178
20 46
20 105
20 165
20 172
20 188
46 105
46 165
46 172
46 188
105 165
105 172
105 188
165 172
165 188
172 188
188 27
21 31
21 41
21 80
21 190
31 80
31 190
41 73
80 190
24 29
24 58
24 116
24 117
24 130
24 186
29 58
29 116
29 117
29 130
29 186
58 116
58 117
58 130
58 186
116 117
116 130
116 186
117 130
117 186
130 186
35 90
35 96
35 115
35 129
35 137
35 143
35 157
90 96
90 115
90 129
90 137
90 143
90 157
96 115
96 129
96 137
96 143
96 157
115 129
115 137
115 143
115 157
129 137
129 143
129 157
137 143
137 157
143 157
36 55
36 81
36 180
55 81
55 103
55 180
81 174
81 180
74 154
75 107
75 109
75 161
75 162
102 103
102 131
103 131
107 109
107 161
107 162
109 161
109 162
161 162
