0 16
0 32
16 1
16 15
16 17
16 20
16 31
16 32
16 35
32 1
32 2
32 3
32 4
32 5
32 6
32 7
32 8
32 9
32 10
32 11
32 12
32 13
32 14
32 15
32 17
32 18
32 19
32 20
32 21
32 22
32 23
32 24
32 25
32 26
32 27
32 28
32 29
32 30
32 31
32 33
32 34
32 35
1 6
1 15
1 17
1 18
1 20
6 17
6 18
15 17
15 20
15 25
15 29
17 2
17 4
17 10
17 14
17 18
17 20
17 23
17 27
20 4
20 8
20 19
20 22
20 24
20 25
20 26
20 29
20 31
20 33
20 35
3 8
3 25
3 29
8 25
8 28
8 29
25 28
25 29
29 11
29 12
29 21
29 22
29 24
29 28
29 33
29 34
5 9
9 7
9 13
9 23
23 27
11 21
12 34
31 35
19 26
