0 8
0 9
0 25
0 26
0 42
0 48
0 60
0 86
0 92
0 100
0 105
0 109
0 113
0 118
8 1
8 2
8 3
8 4
8 5
8 6
8 7
8 9
8 10
8 11
8 12
8 13
8 14
8 15
8 16
8 17
8 18
8 19
8 20
8 21
8 22
8 23
8 24
8 25
8 26
8 27
8 28
8 29
8 30
8 31
8 32
8 33
8 34
8 35
8 36
8 37
8 38
8 39
8 40
8 41
8 42
8 43
8 44
8 45
8 46
8 47
8 48
8 49
8 50
8 51
8 52
8 53
8 54
8 55
8 56
8 57
8 58
8 59
8 60
8 61
8 62
8 63
8 64
8 65
8 66
8 67
8 68
8 69
8 70
8 71
8 72
8 73
8 74
8 75
8 76
8 77
8 78
8 79
8 80
8 81
8 82
8 83
8 84
8 85
8 86
8 87
8 88
8 89
8 90
8 91
8 92
8 93
8 94
8 95
8 96
8 97
8 98
8 99
8 100
8 101
8 102
8 103
8 104
8 105
8 106
8 107
8 108
8 109
8 110
8 111
8 112
8 113
8 114
8 115
8 116
8 117
8 118
8 119
8 120
8 121
9 6
9 25
9 26
9 42
9 48
9 49
9 60
9 78
9 86
9 92
9 100
9 105
9 109
9 113
9 118
25 22
25 26
25 27
25 42
25 43
25 48
25 60
25 65
25 78
25 86
25 92
25 100
25 105
25 109
25 113
25 118
26 1
26 2
26 3
26 5
26 6
26 7
26 14
26 16
26 21
26 22
26 24
26 27
26 35
26 37
26 41
26 42
26 44
26 45
26 46
26 48
26 49
26 51
26 54
26 55
26 60
26 61
26 64
26 70
26 73
26 75
26 78
26 85
26 86
26 92
26 93
26 94
26 96
26 99
26 100
26 101
26 103
26 105
26 109
26 111
26 113
26 118
26 120
26 121
42 11
42 20
42 21
42 22
42 27
42 35
42 37
42 41
42 43
42 45
42 48
42 60
42 61
42 70
42 78
42 85
42 86
42 92
42 99
42 100
42 103
42 105
42 109
42 111
42 113
42 118
48 2
48 5
48 6
48 10
48 11
48 20
48 37
48 55
48 59
48 60
48 63
48 64
48 72
48 73
48 80
48 86
48 92
48 98
48 100
48 101
48 104
48 105
48 106
48 109
48 111
48 113
48 117
48 118
48 119
60 2
60 6
60 17
60 22
60 27
60 45
60 61
60 62
60 65
60 72
60 78
60 86
60 92
60 100
60 103
60 105
60 109
60 111
60 113
60 118
86 2
86 11
86 17
86 20
86 21
86 22
86 27
86 35
86 37
86 41
86 43
86 45
86 61
86 65
86 70
86 72
86 78
86 85
86 92
86 99
86 100
86 103
86 105
86 109
86 111
86 113
86 118
92 100
92 105
92 109
92 113
92 118
100 6
100 11
100 20
100 22
100 27
100 37
100 41
100 43
100 45
100 61
100 64
100 65
100 70
100 78
100 105
100 108
100 109
100 113
100 118
105 6
105 11
105 20
105 21
105 22
105 27
105 35
105 37
105 41
105 43
105 45
105 61
105 64
105 65
105 70
105 78
105 85
105 99
105 103
105 109
105 111
105 113
105 118
109 22
109 65
109 78
109 113
109 118
113 2
113 6
113 11
113 17
113 21
113 22
113 27
113 35
113 37
113 41
113 45
113 46
113 50
113 51
113 55
113 57
113 61
113 65
113 70
113 72
113 73
113 75
113 78
113 85
113 98
113 99
113 103
113 111
113 118
1 3
1 6
1 7
1 14
1 16
1 24
1 44
1 45
1 49
1 54
1 55
1 73
1 94
1 96
1 120
1 121
3 6
3 7
3 14
3 16
3 24
3 44
3 45
3 49
3 54
3 55
3 73
3 94
3 96
3 120
3 121
6 2
6 5
6 7
6 10
6 11
6 14
6 16
6 19
6 20
6 24
6 33
6 37
6 38
6 43
6 44
6 45
6 46
6 49
6 50
6 51
6 54
6 55
6 57
6 59
6 63
6 64
6 72
6 73
6 75
6 78
6 80
6 87
6 93
6 94
6 96
6 98
6 101
6 103
6 104
6 106
6 107
6 111
6 117
6 120
6 121
7 14
7 16
7 44
7 45
7 49
7 54
7 55
7 73
7 93
7 94
7 96
7 120
7 121
14 2
14 16
14 19
14 33
14 38
14 41
14 44
14 45
14 49
14 54
14 55
14 64
14 72
14 73
14 94
14 96
14 111
14 120
14 121
16 44
16 45
16 49
16 54
16 55
16 73
16 94
16 96
16 120
16 121
24 2
24 5
24 37
24 45
24 46
24 54
24 55
24 73
24 93
24 121
44 19
44 33
44 38
44 45
44 49
44 54
44 55
44 71
44 73
44 94
44 96
44 108
44 117
44 120
44 121
45 2
45 5
45 10
45 11
45 17
45 19
45 20
45 22
45 33
45 37
45 38
45 40
45 43
45 46
45 49
45 50
45 51
45 54
45 55
45 57
45 59
45 64
45 65
45 72
45 73
45 75
45 80
45 87
45 91
45 93
45 94
45 96
45 98
45 101
45 103
45 104
45 107
45 111
45 119
45 120
45 121
49 54
49 55
49 73
49 94
49 96
49 120
49 121
54 55
54 73
54 94
54 96
54 120
54 121
55 2
55 5
55 10
55 11
55 19
55 20
55 33
55 37
55 38
55 43
55 46
55 50
55 51
55 57
55 59
55 63
55 64
55 72
55 73
55 75
55 80
55 87
55 93
55 94
55 96
55 98
55 101
55 103
55 104
55 106
55 107
55 111
55 117
55 119
55 120
55 121
73 2
73 5
73 10
73 11
73 19
73 20
73 33
73 37
73 38
73 43
73 46
73 50
73 51
73 59
73 64
73 72
73 75
73 93
73 94
73 96
73 101
73 103
73 107
73 111
73 120
73 121
94 96
94 120
94 121
96 120
96 121
120 33
120 61
120 64
120 121
121 93
2 5
2 10
2 11
2 17
2 19
2 33
2 37
2 38
2 43
2 46
2 50
2 51
2 57
2 59
2 63
2 64
2 65
2 72
2 75
2 80
2 87
2 93
2 98
2 101
2 103
2 104
2 106
2 107
2 111
2 117
2 119
5 37
5 46
5 59
5 64
10 11
10 37
10 46
10 59
10 63
10 72
10 101
10 103
10 111
11 17
11 20
11 22
11 37
11 40
11 43
11 46
11 50
11 57
11 59
11 65
11 72
11 80
11 87
11 91
11 98
11 103
11 104
11 106
11 111
11 117
11 119
17 40
17 46
17 50
17 65
17 72
17 80
17 91
17 98
17 103
17 111
19 33
19 38
19 43
19 46
19 59
19 72
19 111
33 38
33 43
33 46
33 59
33 61
33 72
33 111
37 20
37 22
37 43
37 46
37 50
37 51
37 59
37 75
37 93
37 101
37 103
37 111
38 43
38 46
38 59
38 72
38 107
38 111
43 20
43 22
43 46
43 59
43 61
43 64
43 65
43 72
43 78
43 111
46 40
46 50
46 51
46 59
46 72
46 75
46 80
46 91
46 93
46 98
46 101
46 103
46 107
46 111
50 20
50 40
50 57
50 65
50 80
50 91
50 98
50 111
51 75
51 93
51 101
51 111
57 65
57 87
57 98
57 104
57 111
59 63
59 65
59 72
59 101
59 103
59 107
59 111
59 117
63 72
63 101
64 22
64 72
64 78
64 111
65 22
65 27
65 61
65 72
65 78
65 98
65 103
65 111
65 117
72 101
72 103
72 107
72 111
75 93
75 101
75 111
80 40
80 91
80 98
80 104
80 106
80 111
87 98
93 12
93 101
98 40
98 91
98 104
98 106
98 111
98 117
98 119
101 111
103 21
103 22
103 27
103 35
103 41
103 61
103 70
103 78
103 85
103 99
103 111
104 106
104 117
104 119
106 117
106 119
107 111
111 4
111 12
111 13
111 15
111 18
111 20
111 21
111 22
111 23
111 27
111 28
111 29
111 30
111 31
111 32
111 34
111 35
111 36
111 39
111 40
111 41
111 47
111 52
111 53
111 56
111 58
111 61
111 62
111 66
111 67
111 68
111 69
111 70
111 71
111 74
111 76
111 77
111 78
111 79
111 81
111 82
111 83
111 84
111 85
111 88
111 89
111 90
111 91
111 95
111 97
111 99
111 102
111 108
111 110
111 112
111 114
111 115
111 116
117 108
117 119
4 12
4 13
4 18
4 23
4 31
4 34
4 36
4 47
4 52
4 53
4 56
4 58
4 62
4 66
4 67
4 68
4 69
4 70
4 71
4 74
4 76
4 77
4 79
4 81
4 82
4 83
4 84
4 88
4 89
4 90
4 95
4 97
4 108
4 112
4 114
4 115
4 116
12 13
12 15
12 18
12 23
12 28
12 29
12 31
12 32
12 34
12 36
12 39
12 47
12 52
12 53
12 56
12 58
12 62
12 66
12 67
12 68
12 69
12 70
12 71
12 74
12 76
12 77
12 79
12 81
12 82
12 83
12 84
12 88
12 89
12 90
12 95
12 97
12 108
12 110
12 112
12 114
12 115
12 116
13 15
13 18
13 23
13 28
13 29
13 31
13 32
13 34
13 36
13 39
13 47
13 52
13 53
13 56
13 58
13 62
13 66
13 67
13 68
13 69
13 70
13 71
13 74
13 76
13 77
13 79
13 81
13 82
13 83
13 84
13 88
13 89
13 90
13 95
13 97
13 108
13 110
13 112
13 114
13 115
13 116
18 15
18 23
18 28
18 29
18 31
18 32
18 34
18 36
18 39
18 47
18 52
18 53
18 56
18 58
18 62
18 66
18 67
18 68
18 69
18 70
18 71
18 74
18 76
18 77
18 79
18 81
18 82
18 83
18 84
18 88
18 89
18 90
18 95
18 97
18 108
18 110
18 112
18 114
18 115
18 116
23 15
23 28
23 29
23 31
23 32
23 34
23 36
23 39
23 47
23 52
23 53
23 56
23 58
23 62
23 66
23 67
23 68
23 69
23 70
23 71
23 74
23 76
23 77
23 79
23 81
23 82
23 83
23 84
23 88
23 89
23 90
23 95
23 97
23 108
23 110
23 112
23 114
23 115
23 116
31 15
31 28
31 29
31 32
31 34
31 36
31 39
31 47
31 52
31 53
31 56
31 58
31 62
31 66
31 67
31 68
31 69
31 70
31 71
31 74
31 76
31 77
31 79
31 81
31 82
31 83
31 84
31 88
31 89
31 90
31 95
31 97
31 108
31 110
31 112
31 114
31 115
31 116
34 15
34 28
34 29
34 32
34 36
34 39
34 47
34 52
34 53
34 56
34 58
34 62
34 66
34 67
34 68
34 69
34 70
34 71
34 74
34 76
34 77
34 79
34 81
34 82
34 83
34 84
34 88
34 89
34 90
34 95
34 97
34 108
34 110
34 112
34 114
34 115
34 116
36 15
36 28
36 29
36 32
36 39
36 47
36 52
36 53
36 56
36 58
36 62
36 66
36 67
36 68
36 69
36 70
36 71
36 74
36 76
36 77
36 79
36 81
36 82
36 83
36 84
36 88
36 89
36 90
36 95
36 97
36 108
36 110
36 112
36 114
36 115
36 116
47 15
47 28
47 29
47 32
47 39
47 52
47 53
47 56
47 58
47 62
47 66
47 67
47 68
47 69
47 70
47 71
47 74
47 76
47 77
47 79
47 81
47 82
47 83
47 84
47 88
47 89
47 90
47 95
47 97
47 108
47 110
47 112
47 114
47 115
47 116
52 15
52 28
52 29
52 32
52 39
52 53
52 56
52 58
52 62
52 66
52 67
52 68
52 69
52 70
52 71
52 74
52 76
52 77
52 79
52 81
52 82
52 83
52 84
52 88
52 89
52 90
52 95
52 97
52 108
52 110
52 112
52 114
52 115
52 116
53 15
53 28
53 29
53 32
53 39
53 56
53 58
53 62
53 66
53 67
53 68
53 69
53 70
53 71
53 74
53 76
53 77
53 79
53 81
53 82
53 83
53 84
53 88
53 89
53 90
53 95
53 97
53 108
53 110
53 112
53 114
53 115
53 116
56 15
56 28
56 29
56 32
56 39
56 58
56 62
56 66
56 67
56 68
56 69
56 70
56 71
56 74
56 76
56 77
56 79
56 81
56 82
56 83
56 84
56 88
56 89
56 90
56 95
56 97
56 108
56 110
56 112
56 114
56 115
56 116
58 15
58 28
58 29
58 32
58 39
58 62
58 66
58 67
58 68
58 69
58 70
58 71
58 74
58 76
58 77
58 79
58 81
58 82
58 83
58 84
58 89
58 90
58 95
58 97
58 108
58 110
58 112
58 114
58 115
58 116
62 15
62 28
62 29
62 32
62 39
62 66
62 67
62 68
62 69
62 70
62 71
62 74
62 76
62 77
62 79
62 81
62 82
62 83
62 84
62 88
62 89
62 90
62 95
62 97
62 108
62 110
62 112
62 114
62 115
62 116
66 15
66 28
66 29
66 32
66 39
66 67
66 68
66 69
66 70
66 71
66 74
66 76
66 77
66 79
66 81
66 82
66 83
66 84
66 88
66 89
66 90
66 95
66 97
66 108
66 110
66 112
66 114
66 115
66 116
67 15
67 28
67 29
67 32
67 39
67 68
67 69
67 70
67 71
67 74
67 76
67 77
67 79
67 81
67 82
67 83
67 84
67 88
67 89
67 90
67 95
67 97
67 108
67 110
67 112
67 114
67 115
67 116
68 15
68 28
68 29
68 32
68 39
68 69
68 70
68 71
68 74
68 76
68 77
68 79
68 81
68 82
68 83
68 84
68 88
68 89
68 90
68 95
68 97
68 108
68 110
68 112
68 114
68 115
68 116
69 15
69 28
69 29
69 32
69 39
69 70
69 71
69 74
69 76
69 77
69 79
69 81
69 82
69 83
69 84
69 88
69 89
69 90
69 95
69 97
69 108
69 110
69 112
69 114
69 115
69 116
70 15
70 21
70 22
70 27
70 28
70 29
70 32
70 35
70 39
70 41
70 61
70 71
70 74
70 76
70 77
70 78
70 79
70 81
70 82
70 83
70 84
70 85
70 88
70 89
70 90
70 95
70 97
70 99
70 108
70 110
70 112
70 114
70 115
70 116
71 15
71 28
71 29
71 32
71 39
71 74
71 76
71 77
71 79
71 81
71 82
71 83
71 84
71 88
71 89
71 90
71 95
71 97
71 108
71 110
71 112
71 114
71 115
71 116
74 15
74 28
74 29
74 32
74 39
74 76
74 77
74 79
74 81
74 82
74 83
74 84
74 88
74 89
74 90
74 95
74 97
74 108
74 110
74 112
74 114
74 115
74 116
76 15
76 28
76 29
76 32
76 39
76 77
76 79
76 81
76 82
76 83
76 84
76 88
76 89
76 90
76 95
76 97
76 108
76 110
76 112
76 114
76 115
76 116
77 15
77 28
77 29
77 32
77 39
77 79
77 81
77 82
77 83
77 84
77 88
77 89
77 90
77 95
77 97
77 108
77 110
77 112
77 114
77 115
77 116
79 15
79 28
79 29
79 32
79 39
79 81
79 82
79 83
79 84
79 88
79 89
79 90
79 95
79 97
79 108
79 110
79 112
79 114
79 115
79 116
81 15
81 28
81 29
81 32
81 39
81 82
81 83
81 84
81 88
81 89
81 90
81 95
81 97
81 108
81 110
81 112
81 114
81 115
81 116
82 15
82 28
82 29
82 32
82 39
82 83
82 84
82 88
82 89
82 90
82 95
82 97
82 108
82 110
82 112
82 114
82 115
82 116
83 15
83 28
83 29
83 32
83 39
83 84
83 88
83 89
83 90
83 95
83 97
83 108
83 110
83 112
83 114
83 115
83 116
84 15
84 28
84 29
84 32
84 39
84 88
84 89
84 90
84 95
84 97
84 108
84 110
84 112
84 114
84 115
84 116
88 89
88 90
88 95
88 97
88 108
88 112
88 114
88 115
88 116
89 15
89 28
89 29
89 32
89 39
89 90
89 95
89 97
89 108
89 110
89 112
89 114
89 115
89 116
90 15
90 28
90 29
90 32
90 39
90 95
90 97
90 108
90 110
90 112
90 114
90 115
90 116
95 15
95 28
95 29
95 32
95 39
95 97
95 108
95 110
95 112
95 114
95 115
95 116
97 15
97 28
97 29
97 32
97 39
97 108
97 110
97 112
97 114
97 115
97 116
108 41
108 112
108 114
108 115
108 116
112 15
112 28
112 29
112 32
112 39
112 110
112 114
112 115
112 116
114 15
114 28
114 29
114 32
114 39
114 110
114 115
114 116
115 15
115 28
115 29
115 32
115 39
115 110
115 116
116 15
116 28
116 29
116 32
116 39
116 110
20 22
78 21
78 22
78 27
78 35
78 41
78 61
78 85
78 99
15 28
15 29
15 32
15 39
15 110
21 22
21 27
21 35
21 41
21 61
21 85
21 99
22 27
22 35
22 41
22 61
22 85
22 99
27 35
27 41
27 61
27 85
27 99
28 29
28 30
28 32
28 39
28 102
28 110
29 32
29 39
29 110
30 102
32 39
32 110
35 41
35 61
35 85
35 99
39 110
40 91
41 61
41 85
41 99
61 85
61 99
85 99
