0 8
0 9
0 19
0 20
0 32
0 37
0 42
0 44
0 46
0 48
0 54
0 55
0 57
0 63
0 69
0 70
0 72
0 76
0 79
0 83
0 89
0 103
0 106
8 1
8 2
8 6
8 12
8 14
8 18
8 19
8 20
8 23
8 24
8 25
8 27
8 28
8 30
8 31
8 32
8 34
8 35
8 37
8 38
8 39
8 40
8 42
8 43
8 44
8 45
8 46
8 47
8 48
8 49
8 54
8 55
8 56
8 57
8 59
8 61
8 63
8 64
8 67
8 68
8 69
8 70
8 71
8 72
8 73
8 75
8 76
8 77
8 78
8 79
8 82
8 83
8 84
8 86
8 87
8 88
8 89
8 95
8 96
8 99
8 100
8 103
8 106
8 107
9 11
9 13
9 15
9 29
9 33
9 41
9 51
9 52
9 60
9 62
9 66
9 68
9 71
9 72
9 93
9 104
19 1
19 2
19 6
19 12
19 14
19 18
19 20
19 23
19 24
19 25
19 27
19 28
19 30
19 31
19 32
19 34
19 35
19 37
19 38
19 39
19 40
19 42
19 43
19 44
19 45
19 46
19 47
19 48
19 49
19 54
19 55
19 56
19 57
19 59
19 61
19 63
19 64
19 67
19 68
19 69
19 70
19 71
19 72
19 73
19 75
19 76
19 77
19 78
19 79
19 82
19 83
19 84
19 86
19 87
19 88
19 89
19 95
19 96
19 99
19 100
19 103
19 106
19 107
20 1
20 2
20 6
20 12
20 14
20 18
20 23
20 24
20 25
20 27
20 28
20 30
20 31
20 32
20 34
20 35
20 37
20 38
20 39
20 40
20 42
20 43
20 44
20 45
20 46
20 47
20 48
20 49
20 54
20 55
20 56
20 57
20 59
20 61
20 63
20 64
20 67
20 68
20 69
20 70
20 71
20 72
20 73
20 75
20 76
20 77
20 78
20 79
20 82
20 83
20 84
20 86
20 87
20 88
20 89
20 95
20 96
20 99
20 100
20 103
20 106
20 107
32 1
32 2
32 6
32 12
32 14
32 18
32 23
32 24
32 25
32 27
32 28
32 30
32 31
32 34
32 35
32 37
32 38
32 39
32 40
32 42
32 43
32 44
32 45
32 46
32 47
32 48
32 49
32 54
32 55
32 56
32 57
32 59
32 61
32 63
32 64
32 67
32 68
32 69
32 70
32 71
32 72
32 73
32 75
32 76
32 77
32 78
32 79
32 82
32 83
32 84
32 86
32 87
32 88
32 89
32 95
32 96
32 99
32 100
32 103
32 106
32 107
37 1
37 12
37 23
37 30
37 42
37 43
37 44
37 46
37 48
37 54
37 57
37 63
37 67
37 69
37 70
37 72
37 76
37 79
37 83
37 87
37 88
37 89
37 90
37 95
37 103
37 106
42 1
42 2
42 6
42 12
42 14
42 18
42 23
42 24
42 25
42 27
42 28
42 30
42 31
42 34
42 35
42 38
42 39
42 40
42 43
42 44
42 45
42 46
42 47
42 48
42 49
42 54
42 55
42 56
42 57
42 59
42 61
42 63
42 64
42 67
42 68
42 69
42 70
42 71
42 72
42 73
42 75
42 76
42 77
42 78
42 79
42 82
42 83
42 84
42 86
42 87
42 88
42 89
42 95
42 96
42 99
42 100
42 103
42 106
42 107
44 1
44 2
44 6
44 12
44 14
44 18
44 23
44 24
44 25
44 27
44 28
44 30
44 31
44 34
44 35
44 38
44 39
44 40
44 43
44 45
44 46
44 47
44 48
44 49
44 54
44 55
44 56
44 57
44 59
44 61
44 63
44 64
44 67
44 68
44 69
44 70
44 71
44 72
44 73
44 75
44 76
44 77
44 78
44 79
44 82
44 83
44 84
44 86
44 87
44 88
44 89
44 95
44 96
44 99
44 100
44 103
44 106
44 107
46 1
46 2
46 6
46 7
46 11
46 12
46 14
46 18
46 23
46 24
46 25
46 27
46 28
46 29
46 30
46 31
46 33
46 34
46 35
46 38
46 39
46 40
46 43
46 45
46 47
46 48
46 49
46 51
46 54
46 55
46 56
46 57
46 59
46 61
46 62
46 63
46 64
46 67
46 68
46 69
46 70
46 71
46 72
46 73
46 75
46 76
46 77
46 78
46 79
46 82
46 83
46 84
46 85
46 86
46 87
46 88
46 89
46 95
46 96
46 99
46 100
46 103
46 106
46 107
46 108
48 1
48 2
48 6
48 12
48 14
48 18
48 23
48 24
48 25
48 27
48 28
48 30
48 31
48 34
48 35
48 38
48 39
48 40
48 43
48 45
48 47
48 49
48 54
48 55
48 56
48 57
48 59
48 61
48 63
48 64
48 67
48 68
48 69
48 70
48 71
48 72
48 73
48 75
48 76
48 77
48 78
48 79
48 82
48 83
48 84
48 86
48 87
48 88
48 89
48 95
48 96
48 99
48 100
48 103
48 106
48 107
54 1
54 2
54 6
54 12
54 14
54 18
54 23
54 24
54 25
54 27
54 28
54 30
54 31
54 34
54 35
54 38
54 39
54 40
54 43
54 45
54 47
54 49
54 55
54 56
54 57
54 59
54 61
54 63
54 64
54 67
54 68
54 69
54 70
54 71
54 72
54 73
54 75
54 76
54 77
54 78
54 79
54 82
54 83
54 84
54 86
54 87
54 88
54 89
54 95
54 96
54 99
54 100
54 103
54 106
54 107
55 1
55 2
55 6
55 12
55 14
55 18
55 23
55 24
55 25
55 27
55 28
55 30
55 31
55 34
55 35
55 38
55 39
55 40
55 43
55 45
55 47
55 49
55 56
55 57
55 59
55 61
55 63
55 64
55 67
55 68
55 69
55 70
55 71
55 72
55 73
55 75
55 76
55 77
55 78
55 79
55 82
55 83
55 84
55 86
55 87
55 88
55 89
55 95
55 96
55 99
55 100
55 103
55 106
55 107
57 1
57 2
57 6
57 7
57 11
57 12
57 14
57 18
57 23
57 24
57 25
57 27
57 28
57 29
57 30
57 31
57 33
57 34
57 35
57 38
57 39
57 40
57 43
57 45
57 47
57 49
57 51
57 56
57 59
57 61
57 62
57 63
57 64
57 67
57 68
57 69
57 70
57 71
57 72
57 73
57 75
57 76
57 77
57 78
57 79
57 82
57 83
57 84
57 85
57 86
57 87
57 88
57 89
57 95
57 96
57 99
57 100
57 103
57 106
57 107
57 108
63 1
63 2
63 6
63 12
63 14
63 18
63 23
63 24
63 25
63 27
63 28
63 30
63 31
63 34
63 35
63 38
63 39
63 40
63 43
63 45
63 47
63 49
63 56
63 59
63 61
63 64
63 67
63 68
63 69
63 70
63 71
63 72
63 73
63 75
63 76
63 77
63 78
63 79
63 82
63 83
63 84
63 86
63 87
63 88
63 89
63 95
63 96
63 99
63 100
63 103
63 106
63 107
69 1
69 2
69 6
69 12
69 14
69 18
69 23
69 24
69 25
69 27
69 28
69 30
69 31
69 34
69 35
69 38
69 39
69 40
69 43
69 45
69 47
69 49
69 56
69 59
69 61
69 64
69 67
69 68
69 70
69 71
69 72
69 73
69 75
69 76
69 77
69 78
69 79
69 82
69 83
69 84
69 86
69 87
69 88
69 89
69 95
69 96
69 99
69 100
69 103
69 106
69 107
70 1
70 2
70 6
70 12
70 14
70 18
70 23
70 24
70 25
70 27
70 28
70 30
70 31
70 34
70 35
70 38
70 39
70 40
70 43
70 45
70 47
70 49
70 56
70 59
70 61
70 64
70 67
70 68
70 71
70 72
70 73
70 75
70 76
70 77
70 78
70 79
70 82
70 83
70 84
70 86
70 87
70 88
70 89
70 95
70 96
70 99
70 100
70 103
70 106
70 107
72 1
72 2
72 3
72 4
72 5
72 6
72 7
72 10
72 11
72 12
72 13
72 14
72 15
72 16
72 17
72 18
72 21
72 22
72 23
72 24
72 25
72 26
72 27
72 28
72 29
72 30
72 31
72 33
72 34
72 35
72 36
72 38
72 39
72 40
72 41
72 43
72 45
72 47
72 49
72 50
72 51
72 52
72 53
72 56
72 58
72 59
72 60
72 61
72 62
72 64
72 65
72 66
72 67
72 68
72 71
72 73
72 74
72 75
72 76
72 77
72 78
72 79
72 80
72 81
72 82
72 83
72 84
72 85
72 86
72 87
72 88
72 89
72 90
72 91
72 92
72 93
72 94
72 95
72 96
72 97
72 98
72 99
72 100
72 101
72 102
72 103
72 104
72 105
72 106
72 107
72 108
76 1
76 2
76 6
76 12
76 14
76 18
76 23
76 24
76 25
76 27
76 28
76 30
76 31
76 34
76 35
76 38
76 39
76 40
76 43
76 45
76 47
76 49
76 51
76 56
76 59
76 61
76 64
76 67
76 68
76 71
76 73
76 75
76 77
76 78
76 79
76 82
76 83
76 84
76 86
76 87
76 88
76 89
76 95
76 96
76 99
76 100
76 103
76 106
76 107
79 1
79 2
79 6
79 12
79 14
79 18
79 23
79 24
79 25
79 27
79 28
79 30
79 31
79 34
79 35
79 38
79 39
79 40
79 43
79 45
79 47
79 49
79 56
79 59
79 61
79 64
79 67
79 68
79 71
79 73
79 75
79 77
79 78
79 82
79 83
79 84
79 86
79 87
79 88
79 89
79 95
79 96
79 99
79 100
79 103
79 106
79 107
83 1
83 2
83 6
83 12
83 14
83 18
83 23
83 24
83 25
83 27
83 28
83 30
83 31
83 34
83 35
83 38
83 39
83 40
83 43
83 45
83 47
83 49
83 56
83 59
83 61
83 64
83 67
83 68
83 71
83 73
83 75
83 77
83 78
83 82
83 84
83 86
83 87
83 88
83 89
83 90
83 95
83 96
83 99
83 100
83 103
83 106
83 107
89 1
89 2
89 6
89 12
89 14
89 17
89 18
89 23
89 24
89 25
89 26
89 27
89 28
89 30
89 31
89 34
89 35
89 38
89 39
89 40
89 43
89 45
89 47
89 49
89 50
89 56
89 59
89 61
89 64
89 67
89 68
89 71
89 73
89 75
89 77
89 78
89 81
89 82
89 84
89 86
89 87
89 88
89 95
89 96
89 99
89 100
89 103
89 104
89 106
89 107
103 1
103 2
103 6
103 12
103 14
103 18
103 23
103 24
103 25
103 27
103 28
103 30
103 31
103 34
103 35
103 38
103 39
103 40
103 43
103 45
103 47
103 49
103 56
103 59
103 61
103 64
103 67
103 68
103 71
103 73
103 75
103 77
103 78
103 82
103 84
103 86
103 87
103 88
103 95
103 96
103 99
103 100
103 106
103 107
106 1
106 2
106 6
106 7
106 11
106 12
106 14
106 18
106 23
106 24
106 25
106 26
106 27
106 28
106 29
106 30
106 31
106 33
106 34
106 35
106 38
106 39
106 40
106 43
106 45
106 47
106 49
106 51
106 56
106 59
106 61
106 62
106 64
106 67
106 68
106 71
106 73
106 75
106 77
106 78
106 82
106 84
106 85
106 86
106 87
106 88
106 95
106 96
106 99
106 100
106 107
106 108
1 2
1 6
1 12
1 14
1 18
1 23
1 24
1 25
1 27
1 28
1 30
1 31
1 34
1 35
1 38
1 39
1 40
1 43
1 45
1 47
1 49
1 56
1 59
1 61
1 64
1 67
1 68
1 71
1 73
1 75
1 77
1 78
1 82
1 84
1 86
1 87
1 88
1 90
1 95
1 96
1 99
1 100
1 107
2 6
2 12
2 14
2 18
2 23
2 24
2 25
2 27
2 28
2 30
2 31
2 34
2 35
2 38
2 39
2 40
2 43
2 45
2 47
2 49
2 56
2 59
2 61
2 64
2 67
2 68
2 71
2 73
2 75
2 77
2 78
2 82
2 84
2 86
2 87
2 88
2 95
2 96
2 99
2 100
2 107
6 7
6 11
6 12
6 13
6 14
6 18
6 23
6 24
6 25
6 27
6 28
6 29
6 30
6 31
6 33
6 34
6 35
6 38
6 39
6 40
6 43
6 45
6 47
6 49
6 51
6 56
6 59
6 61
6 62
6 64
6 67
6 68
6 71
6 73
6 75
6 77
6 78
6 81
6 82
6 84
6 85
6 86
6 87
6 88
6 95
6 96
6 99
6 100
6 107
6 108
12 14
12 18
12 23
12 24
12 25
12 26
12 27
12 28
12 30
12 31
12 33
12 34
12 35
12 38
12 39
12 40
12 43
12 45
12 47
12 49
12 56
12 59
12 61
12 64
12 67
12 68
12 71
12 73
12 75
12 77
12 78
12 82
12 84
12 86
12 87
12 88
12 95
12 96
12 99
12 100
12 107
14 18
14 23
14 24
14 25
14 27
14 28
14 30
14 31
14 34
14 35
14 38
14 39
14 40
14 43
14 45
14 47
14 49
14 56
14 59
14 61
14 64
14 67
14 68
14 71
14 73
14 75
14 77
14 78
14 82
14 84
14 86
14 87
14 88
14 90
14 95
14 96
14 99
14 100
14 107
18 23
18 24
18 25
18 27
18 28
18 30
18 31
18 34
18 35
18 38
18 39
18 40
18 43
18 45
18 47
18 49
18 51
18 56
18 59
18 61
18 64
18 67
18 68
18 71
18 73
18 75
18 77
18 78
18 82
18 84
18 86
18 87
18 88
18 95
18 96
18 99
18 100
18 107
23 24
23 25
23 26
23 27
23 28
23 30
23 31
23 34
23 35
23 38
23 39
23 40
23 43
23 45
23 47
23 49
23 56
23 59
23 61
23 64
23 67
23 68
23 71
23 73
23 75
23 77
23 78
23 82
23 84
23 86
23 87
23 88
23 95
23 96
23 99
23 100
23 107
24 25
24 27
24 28
24 30
24 31
24 34
24 35
24 38
24 39
24 40
24 43
24 45
24 47
24 49
24 56
24 59
24 61
24 64
24 67
24 68
24 71
24 73
24 75
24 77
24 78
24 82
24 84
24 86
24 87
24 88
24 95
24 96
24 99
24 100
24 107
25 27
25 28
25 30
25 31
25 34
25 35
25 38
25 39
25 40
25 43
25 45
25 47
25 49
25 56
25 59
25 61
25 64
25 67
25 68
25 71
25 73
25 75
25 77
25 78
25 82
25 84
25 86
25 87
25 88
25 95
25 96
25 99
25 100
25 107
27 28
27 30
27 31
27 34
27 35
27 38
27 39
27 40
27 43
27 45
27 47
27 49
27 56
27 59
27 61
27 64
27 67
27 68
27 71
27 73
27 75
27 77
27 78
27 82
27 84
27 86
27 87
27 88
27 95
27 96
27 99
27 100
27 107
28 30
28 31
28 34
28 35
28 38
28 39
28 40
28 43
28 45
28 47
28 49
28 56
28 59
28 61
28 64
28 67
28 68
28 71
28 73
28 75
28 77
28 78
28 82
28 84
28 86
28 87
28 88
28 95
28 96
28 99
28 100
28 104
28 107
30 7
30 11
30 29
30 31
30 33
30 34
30 35
30 38
30 39
30 40
30 43
30 45
30 47
30 49
30 51
30 56
30 59
30 61
30 62
30 64
30 67
30 68
30 71
30 73
30 75
30 77
30 78
30 82
30 84
30 85
30 86
30 87
30 88
30 95
30 96
30 99
30 100
30 107
30 108
31 34
31 35
31 38
31 39
31 40
31 43
31 45
31 47
31 49
31 56
31 59
31 61
31 64
31 67
31 68
31 71
31 73
31 75
31 77
31 78
31 82
31 84
31 86
31 87
31 88
31 95
31 96
31 99
31 100
31 107
34 35
34 38
34 39
34 40
34 43
34 45
34 47
34 49
34 56
34 59
34 61
34 64
34 67
34 68
34 71
34 73
34 75
34 77
34 78
34 82
34 84
34 86
34 87
34 88
34 95
34 96
34 99
34 100
34 107
35 22
35 38
35 39
35 40
35 43
35 45
35 47
35 49
35 56
35 59
35 61
35 64
35 67
35 68
35 71
35 73
35 75
35 77
35 78
35 82
35 84
35 86
35 87
35 88
35 95
35 96
35 99
35 100
35 107
38 39
38 40
38 43
38 45
38 47
38 49
38 56
38 59
38 61
38 64
38 67
38 68
38 71
38 73
38 75
38 77
38 78
38 82
38 84
38 86
38 87
38 88
38 95
38 96
38 99
38 100
38 107
39 7
39 11
39 16
39 22
39 29
39 33
39 40
39 43
39 45
39 47
39 49
39 50
39 51
39 53
39 56
39 58
39 59
39 61
39 62
39 64
39 67
39 68
39 71
39 73
39 75
39 77
39 78
39 82
39 84
39 85
39 86
39 87
39 88
39 91
39 95
39 96
39 97
39 99
39 100
39 104
39 107
39 108
40 43
40 45
40 47
40 49
40 56
40 59
40 61
40 64
40 67
40 68
40 71
40 73
40 75
40 77
40 78
40 82
40 84
40 86
40 87
40 88
40 95
40 96
40 99
40 100
40 107
43 45
43 47
43 49
43 51
43 56
43 59
43 61
43 64
43 67
43 68
43 71
43 73
43 75
43 77
43 78
43 82
43 84
43 86
43 87
43 88
43 95
43 96
43 99
43 100
43 107
45 47
45 49
45 56
45 59
45 61
45 64
45 67
45 68
45 71
45 73
45 75
45 77
45 78
45 82
45 84
45 86
45 87
45 88
45 95
45 96
45 99
45 100
45 107
47 49
47 56
47 59
47 61
47 64
47 67
47 68
47 71
47 73
47 75
47 77
47 78
47 82
47 84
47 86
47 87
47 88
47 95
47 96
47 99
47 100
47 107
49 56
49 59
49 61
49 64
49 67
49 68
49 71
49 73
49 75
49 77
49 78
49 82
49 84
49 86
49 87
49 88
49 95
49 96
49 99
49 100
49 107
56 59
56 61
56 64
56 67
56 68
56 71
56 73
56 75
56 77
56 78
56 82
56 84
56 86
56 87
56 88
56 95
56 96
56 99
56 100
56 107
59 61
59 64
59 67
59 68
59 71
59 73
59 75
59 77
59 78
59 82
59 84
59 86
59 87
59 88
59 95
59 96
59 99
59 100
59 107
61 64
61 67
61 68
61 71
61 73
61 75
61 77
61 78
61 82
61 84
61 86
61 87
61 88
61 95
61 96
61 99
61 100
61 107
64 67
64 68
64 71
64 73
64 75
64 77
64 78
64 82
64 84
64 86
64 87
64 88
64 95
64 96
64 99
64 100
64 107
67 7
67 11
67 29
67 33
67 51
67 62
67 68
67 71
67 73
67 75
67 77
67 78
67 82
67 84
67 85
67 86
67 87
67 88
67 95
67 96
67 99
67 100
67 107
67 108
68 3
68 26
68 33
68 51
68 71
68 73
68 75
68 77
68 78
68 81
68 82
68 84
68 86
68 87
68 88
68 90
68 95
68 96
68 99
68 100
68 107
68 108
71 26
71 52
71 73
71 75
71 77
71 78
71 82
71 84
71 86
71 87
71 88
71 95
71 96
71 99
71 100
71 107
73 75
73 77
73 78
73 82
73 84
73 86
73 87
73 88
73 95
73 96
73 99
73 100
73 107
75 77
75 78
75 82
75 84
75 86
75 87
75 88
75 95
75 96
75 99
75 100
75 107
77 78
77 82
77 84
77 86
77 87
77 88
77 95
77 96
77 99
77 100
77 107
78 51
78 82
78 84
78 86
78 87
78 88
78 95
78 96
78 99
78 100
78 107
82 84
82 86
82 87
82 88
82 95
82 96
82 99
82 100
82 107
84 26
84 86
84 87
84 88
84 95
84 96
84 99
84 100
84 107
86 87
86 88
86 95
86 96
86 99
86 100
86 107
87 88
87 95
87 96
87 99
87 100
87 107
88 26
88 33
88 95
88 96
88 99
88 100
88 107
95 96
95 99
95 100
95 107
96 3
96 7
96 11
96 29
96 33
96 51
96 62
96 85
96 99
96 100
96 107
96 108
99 100
99 107
100 107
107 7
107 11
107 13
107 16
107 22
107 29
107 33
107 50
107 51
107 53
107 58
107 62
107 81
107 85
107 91
107 97
107 104
107 108
3 33
3 81
33 7
33 11
33 29
33 51
33 62
33 81
33 85
33 93
33 108
81 7
81 10
81 11
81 13
81 26
81 85
81 108
4 74
74 5
7 11
7 13
7 16
7 22
7 29
7 51
7 53
7 58
7 62
7 85
7 91
7 97
7 104
7 108
11 13
11 29
11 51
11 62
11 85
11 108
13 29
13 41
13 66
13 85
13 108
29 51
29 60
29 62
29 66
29 85
29 108
51 16
51 22
51 26
51 53
51 58
51 62
51 85
51 91
51 97
51 104
51 108
62 52
62 85
62 108
85 21
85 36
85 41
85 50
85 60
85 65
85 66
85 98
85 102
85 108
108 10
16 22
16 53
16 58
16 91
16 97
16 104
22 53
22 58
22 91
22 97
22 104
53 58
53 91
53 97
53 104
58 91
58 97
58 104
91 97
91 104
97 104
104 10
104 17
104 50
104 66
15 52
15 66
52 10
52 17
66 17
66 98
10 17
36 50
36 65
36 98
65 98
92 94
92 101
92 105
94 101
94 105
101 105
