0 5
0 15
0 22
0 24
0 27
0 29
5 9
5 14
5 15
5 17
5 27
5 33
15 1
15 2
15 3
15 4
15 6
15 7
15 8
15 9
15 10
15 11
15 12
15 13
15 14
15 16
15 17
15 18
15 19
15 20
15 21
15 22
15 23
15 24
15 25
15 26
15 27
15 28
15 29
15 30
15 31
15 32
15 33
15 34
22 24
22 27
22 29
24 27
24 29
27 1
27 7
27 13
27 29
27 32
1 7
1 13
1 32
7 2
7 13
7 26
7 32
13 32
2 12
2 20
2 25
2 26
12 20
20 25
25 3
25 16
25 23
26 4
26 9
26 14
26 21
26 28
26 30
26 33
26 34
4 9
4 14
4 21
4 28
4 30
4 33
9 14
9 21
9 28
9 30
9 33
14 21
14 28
14 30
14 33
21 28
21 30
21 33
28 30
28 33
30 33
33 17
17 6
8 31
16 23
18 34
