0 2
0 4
0 13
0 18
2 1
2 3
2 4
2 5
2 7
2 8
2 9
2 11
2 12
2 13
2 15
2 16
2 18
2 20
2 21
2 24
2 25
2 26
2 27
2 29
2 30
2 31
2 32
2 33
2 34
2 35
2 36
2 37
4 13
4 18
13 7
13 18
13 36
13 37
18 1
18 3
18 5
18 6
18 7
18 8
18 9
18 10
18 11
18 12
18 14
18 15
18 16
18 17
18 19
18 20
18 21
18 22
18 23
18 24
18 25
18 26
18 27
18 28
18 29
18 30
18 31
18 32
18 33
18 34
18 35
18 36
18 37
18 38
1 3
1 5
1 8
1 9
1 12
1 15
1 16
1 26
1 33
3 5
3 8
3 9
3 12
3 15
3 16
3 21
3 26
3 27
3 30
3 31
3 33
5 8
5 9
5 12
5 15
5 16
5 26
5 33
8 9
8 12
8 15
8 16
8 26
8 33
9 11
9 12
9 15
9 16
9 20
9 25
9 26
9 32
9 33
12 15
12 16
12 26
12 33
15 11
15 16
15 20
15 25
15 26
15 27
15 30
15 32
15 33
16 26
16 27
16 30
16 31
16 33
26 11
26 20
26 25
26 32
26 33
7 36
7 37
11 20
11 25
11 32
20 25
20 32
21 29
21 36
24 34
24 35
25 32
27 30
29 36
30 19
30 22
30 31
34 35
36 37
6 10
6 14
6 17
6 19
6 22
6 23
6 28
6 38
10 14
10 17
10 19
10 22
10 23
10 28
10 38
14 17
14 19
14 22
14 23
14 28
14 38
17 19
17 22
17 23
17 28
17 38
19 22
19 23
19 28
19 38
22 23
22 28
22 38
23 28
23 38
28 38
