0 1
0 3
0 5
0 6
0 7
0 11
0 16
0 17
0 18
0 19
0 22
0 29
0 32
0 33
0 36
0 38
1 3
1 5
1 19
1 22
1 29
1 32
1 33
1 38
3 5
3 19
3 22
3 29
3 32
3 33
3 38
5 6
5 7
5 8
5 11
5 12
5 16
5 17
5 18
5 19
5 22
5 25
5 29
5 32
5 33
5 34
5 36
5 38
6 7
6 18
6 19
6 25
6 29
6 34
6 36
7 18
7 19
7 29
7 36
11 8
11 12
11 14
11 16
11 17
11 18
11 19
11 25
11 29
16 17
16 18
16 29
17 12
17 14
17 18
17 19
17 25
17 29
18 8
18 19
18 25
18 29
18 36
19 2
19 4
19 8
19 9
19 10
19 12
19 13
19 14
19 15
19 21
19 22
19 23
19 24
19 25
19 26
19 27
19 28
19 29
19 31
19 32
19 33
19 35
19 36
19 37
19 38
22 29
22 32
22 33
22 38
29 2
29 4
29 8
29 9
29 10
29 12
29 13
29 14
29 15
29 20
29 21
29 23
29 24
29 25
29 26
29 27
29 28
29 30
29 31
29 32
29 33
29 34
29 35
29 36
29 37
29 38
32 33
32 38
33 38
36 2
36 13
36 21
36 23
36 25
36 26
36 28
36 34
2 13
2 21
2 23
2 26
2 28
13 21
13 23
13 26
13 28
21 23
21 26
21 28
23 26
23 28
26 28
4 9
4 27
4 35
4 37
9 24
9 27
9 35
9 37
27 24
27 35
27 37
35 10
35 15
35 24
35 31
35 37
37 24
8 25
12 14
25 34
24 10
24 15
24 31
10 15
10 31
15 31
14 20
14 30
20 30
