0 2
0 5
0 6
0 7
0 10
0 12
0 13
0 21
0 24
0 25
0 29
0 30
0 34
0 35
0 39
0 40
0 41
0 46
0 48
0 53
0 54
0 60
0 64
0 65
0 69
0 74
0 76
0 80
0 82
0 83
0 84
0 87
2 3
2 5
2 10
2 12
2 21
2 29
2 31
2 34
2 35
2 39
2 41
2 44
2 45
2 57
2 58
2 61
2 62
2 69
2 79
2 81
2 83
2 84
5 3
5 6
5 10
5 12
5 21
5 29
5 31
5 34
5 35
5 41
5 44
5 45
5 57
5 58
5 62
5 69
5 79
5 81
5 83
5 84
6 4
6 10
6 12
6 16
6 21
6 23
6 24
6 26
6 29
6 34
6 35
6 39
6 40
6 41
6 45
6 46
6 49
6 50
6 55
6 57
6 60
6 65
6 66
6 67
6 69
6 74
6 78
6 83
6 84
6 89
6 90
6 92
7 9
7 10
7 13
7 19
7 20
7 24
7 25
7 28
7 29
7 30
7 32
7 33
7 40
7 41
7 48
7 52
7 53
7 54
7 59
7 60
7 63
7 64
7 70
7 72
7 73
7 74
7 76
7 80
7 82
7 83
7 84
7 87
10 3
10 4
10 12
10 13
10 14
10 16
10 21
10 22
10 23
10 24
10 25
10 26
10 29
10 30
10 34
10 35
10 39
10 40
10 41
10 45
10 46
10 48
10 49
10 50
10 53
10 54
10 55
10 57
10 58
10 60
10 61
10 64
10 65
10 66
10 67
10 69
10 74
10 76
10 78
10 79
10 80
10 82
10 83
10 84
10 87
10 88
10 89
10 90
10 91
10 92
12 3
12 4
12 21
12 29
12 31
12 34
12 35
12 44
12 45
12 57
12 58
12 60
12 62
12 66
12 69
12 74
12 78
12 79
12 81
12 83
12 84
12 90
12 92
13 9
13 19
13 20
13 24
13 25
13 28
13 29
13 30
13 32
13 33
13 40
13 41
13 48
13 52
13 53
13 54
13 59
13 60
13 63
13 64
13 70
13 72
13 73
13 74
13 76
13 80
13 82
13 83
13 84
13 87
21 29
21 35
21 39
21 40
21 41
21 57
21 61
21 69
21 74
21 80
21 83
21 84
21 87
24 4
24 23
24 25
24 30
24 35
24 37
24 39
24 40
24 41
24 48
24 50
24 53
24 54
24 57
24 60
24 64
24 65
24 67
24 74
24 76
24 80
24 82
24 83
24 84
24 87
25 20
25 30
25 33
25 36
25 40
25 41
25 48
25 53
25 54
25 57
25 60
25 64
25 73
25 74
25 76
25 80
25 82
25 83
25 84
25 87
29 3
29 19
29 30
29 31
29 35
29 39
29 40
29 46
29 47
29 51
29 60
29 62
29 63
29 64
29 66
29 73
29 76
29 83
29 84
29 90
29 92
29 93
30 19
30 20
30 33
30 36
30 38
30 40
30 41
30 48
30 53
30 54
30 60
30 64
30 73
30 74
30 75
30 76
30 80
30 82
30 83
30 84
30 87
34 4
34 23
34 31
34 35
34 44
34 45
34 46
34 57
34 60
34 62
34 67
34 74
34 79
34 83
34 84
35 4
35 16
35 23
35 31
35 37
35 39
35 44
35 46
35 49
35 50
35 57
35 60
35 61
35 62
35 65
35 66
35 67
35 69
35 74
35 78
35 79
35 80
35 83
35 84
35 87
35 90
35 92
39 4
39 23
39 46
39 57
39 61
39 65
39 67
39 74
39 79
39 83
39 84
39 91
40 9
40 19
40 28
40 33
40 41
40 48
40 53
40 54
40 59
40 60
40 63
40 64
40 73
40 74
40 76
40 80
40 82
40 83
40 84
40 87
41 9
41 19
41 28
41 33
41 48
41 51
41 53
41 54
41 56
41 59
41 60
41 63
41 64
41 69
41 73
41 74
41 76
41 80
41 82
41 83
41 84
41 87
46 1
46 3
46 17
46 47
46 51
46 61
46 83
46 84
46 85
46 92
48 9
48 20
48 28
48 32
48 33
48 53
48 54
48 59
48 60
48 63
48 64
48 74
48 76
48 80
48 82
48 83
48 84
48 87
53 9
53 20
53 28
53 32
53 33
53 54
53 59
53 60
53 63
53 64
53 70
53 72
53 73
53 74
53 76
53 80
53 82
53 83
53 84
53 87
54 4
54 60
54 64
54 74
54 76
54 80
54 82
54 83
54 84
54 87
60 4
60 19
60 20
60 33
60 57
60 64
60 66
60 69
60 73
60 74
60 76
60 78
60 80
60 82
60 83
60 84
60 87
60 90
60 92
64 9
64 19
64 20
64 28
64 32
64 33
64 36
64 38
64 59
64 70
64 73
64 74
64 75
64 76
64 80
64 82
64 83
64 84
64 87
64 92
65 4
65 23
65 50
65 67
65 74
65 80
65 83
65 84
65 93
69 3
69 45
69 57
69 58
69 63
69 66
69 74
69 78
69 79
69 81
69 83
69 84
69 87
69 90
69 92
74 4
74 23
74 45
74 49
74 50
74 57
74 61
74 66
74 67
74 76
74 78
74 80
74 82
74 83
74 84
74 87
74 90
74 92
76 9
76 19
76 20
76 28
76 32
76 33
76 59
76 63
76 70
76 72
76 73
76 80
76 82
76 83
76 84
76 87
80 4
80 47
80 49
80 50
80 82
80 83
80 84
80 87
82 9
82 20
82 28
82 32
82 33
82 59
82 70
82 73
82 83
82 84
82 87
83 1
83 3
83 4
83 8
83 9
83 11
83 14
83 15
83 16
83 17
83 18
83 19
83 20
83 22
83 23
83 26
83 27
83 28
83 31
83 32
83 33
83 36
83 37
83 38
83 42
83 43
83 44
83 45
83 47
83 49
83 50
83 51
83 52
83 55
83 56
83 57
83 58
83 59
83 61
83 62
83 63
83 66
83 67
83 68
83 70
83 71
83 72
83 73
83 75
83 77
83 78
83 79
83 81
83 84
83 85
83 86
83 87
83 88
83 89
83 90
83 91
83 92
83 93
84 3
84 4
84 23
84 31
84 37
84 38
84 44
84 45
84 49
84 50
84 57
84 58
84 61
84 62
84 66
84 67
84 73
84 75
84 78
84 79
84 87
84 90
84 92
1 51
1 85
51 3
51 8
51 11
51 15
51 17
51 18
51 27
51 42
51 43
51 47
51 52
51 56
51 63
51 68
51 71
51 72
51 77
51 85
51 86
51 92
51 93
85 18
85 27
85 42
85 43
85 47
85 56
85 63
85 68
85 71
85 72
85 77
85 86
85 93
3 45
3 57
3 58
3 62
3 63
3 66
3 79
3 81
3 92
31 44
31 57
31 62
31 79
44 45
44 57
44 62
44 79
45 57
45 58
45 62
45 79
45 81
57 4
57 37
57 50
57 58
57 61
57 62
57 66
57 67
57 78
57 79
57 90
57 92
58 66
58 79
61 50
62 63
62 79
62 81
63 8
63 15
63 18
63 27
63 42
63 43
63 47
63 56
63 68
63 71
63 72
63 77
63 86
63 93
66 78
66 90
66 92
92 78
92 90
92 93
4 23
4 49
4 50
4 67
23 16
23 49
23 67
49 14
49 16
49 22
49 26
49 55
49 88
49 89
49 91
16 14
16 22
16 26
16 55
16 88
16 89
16 91
26 14
26 22
26 55
26 88
26 89
26 91
55 14
55 22
55 88
55 89
55 91
78 90
89 14
89 22
89 88
89 91
9 20
9 28
9 32
9 33
9 59
9 70
19 73
20 28
20 32
20 33
20 59
20 73
28 32
28 33
28 59
32 33
32 42
32 59
33 59
33 70
33 73
52 11
52 18
52 27
52 93
72 18
72 27
72 42
72 43
72 47
72 56
72 68
72 71
72 77
72 86
72 93
73 38
73 75
8 15
8 56
8 86
15 56
15 86
56 18
56 27
56 42
56 43
56 47
56 68
56 71
56 77
56 86
56 93
86 18
86 27
86 42
86 43
86 47
86 68
86 71
86 77
86 93
14 22
14 88
14 91
22 88
22 91
88 91
11 18
11 27
18 27
18 42
18 43
18 47
18 68
18 71
18 77
18 93
27 42
27 43
27 47
27 68
27 71
27 77
27 93
42 43
42 47
42 68
42 71
42 77
42 93
43 47
43 68
43 71
43 77
43 93
47 68
47 71
47 77
47 93
68 71
68 77
68 93
71 77
71 93
77 93
38 75
