0 9
0 24
0 34
0 38
0 49
9 24
9 49
24 2
24 34
24 38
24 49
34 38
34 49
38 2
38 10
38 15
38 17
38 27
38 36
38 39
38 43
38 49
49 1
49 2
49 3
49 4
49 5
49 6
49 7
49 8
49 10
49 11
49 12
49 13
49 14
49 15
49 16
49 17
49 18
49 19
49 20
49 21
49 22
49 23
49 25
49 26
49 27
49 28
49 29
49 30
49 31
49 32
49 33
49 35
49 36
49 37
49 39
49 40
49 41
49 42
49 43
49 44
49 45
49 46
49 47
49 48
49 50
49 51
49 52
49 53
49 54
49 55
49 56
1 2
1 5
2 5
2 27
2 47
2 48
27 14
47 4
47 7
47 8
47 20
47 44
3 22
3 23
3 28
3 35
3 39
3 42
3 43
22 23
22 28
22 35
22 39
22 42
22 43
23 28
23 35
23 39
23 42
23 43
28 35
28 39
28 42
28 43
35 21
35 39
35 42
35 43
35 55
39 42
39 43
42 43
4 7
4 8
4 20
4 44
4 45
7 6
7 8
7 10
7 20
7 44
7 45
8 20
8 44
20 6
20 44
20 45
44 6
44 10
44 16
44 36
44 45
44 51
44 52
45 6
45 10
45 16
45 51
45 52
6 30
6 55
6 56
30 55
55 11
56 29
56 33
56 36
10 37
11 41
41 17
12 18
12 19
18 19
13 29
13 33
29 17
29 33
29 40
29 54
16 51
16 52
51 52
17 25
26 31
26 53
36 50
