0 23
0 27
23 22
23 26
23 27
23 30
23 36
23 37
27 1
27 2
27 3
27 4
27 5
27 6
27 7
27 8
27 9
27 10
27 11
27 12
27 13
27 14
27 15
27 16
27 17
27 18
27 19
27 20
27 21
27 22
27 24
27 25
27 26
27 28
27 29
27 30
27 31
27 32
27 33
27 34
27 35
27 36
27 37
27 38
27 39
1 3
1 11
1 14
1 35
3 6
3 13
3 14
3 20
3 32
11 14
11 21
11 34
14 7
14 16
14 19
14 20
14 21
14 24
14 30
14 31
14 33
14 34
14 35
2 24
2 31
24 9
24 15
24 17
24 20
24 26
24 29
24 31
24 38
31 20
31 34
6 13
6 32
13 16
13 18
13 32
20 5
20 9
20 25
20 28
20 29
20 32
4 34
34 8
34 12
34 39
5 25
5 28
25 28
7 16
7 19
7 21
7 33
16 19
16 21
16 33
19 21
19 33
21 33
8 12
9 29
10 30
30 22
30 26
30 36
30 37
15 17
15 26
15 38
17 26
17 38
26 22
26 38
36 37
