0 4
0 24
0 37
4 1
4 2
4 3
4 5
4 6
4 7
4 8
4 9
4 10
4 11
4 12
4 13
4 14
4 15
4 16
4 17
4 18
4 19
4 20
4 21
4 22
4 23
4 24
4 25
4 26
4 27
4 28
4 29
4 30
4 31
4 32
4 33
4 34
4 35
4 36
4 37
4 38
4 39
4 40
4 41
4 42
4 43
4 44
4 45
4 46
4 47
4 48
4 49
4 50
4 51
4 52
4 53
4 54
4 55
4 56
4 57
4 58
4 59
4 60
4 61
4 62
4 63
4 64
4 65
4 66
4 67
4 68
4 69
4 70
4 71
4 72
4 73
4 74
4 75
24 1
24 12
24 16
24 37
24 55
24 58
24 63
24 64
24 74
24 75
37 19
37 25
37 38
37 42
37 63
37 67
37 74
1 7
1 14
1 19
1 35
1 38
1 43
1 49
1 59
1 65
1 66
1 67
1 73
7 18
7 38
7 52
14 35
14 59
14 73
19 9
19 38
19 47
19 50
19 52
19 54
19 62
19 68
35 34
35 40
35 43
35 44
35 46
35 51
35 59
35 67
35 69
35 73
38 52
38 54
38 56
38 62
43 34
43 40
43 51
43 53
43 59
43 67
43 69
43 73
49 12
49 29
49 44
49 45
49 58
49 73
59 67
59 73
65 52
66 27
66 53
66 58
66 70
66 72
67 5
67 21
67 22
67 26
67 28
67 33
67 39
67 40
67 41
67 44
67 45
67 46
67 63
67 70
67 72
67 73
73 12
73 17
73 29
73 40
73 44
73 75
2 13
2 39
2 52
2 60
2 61
2 70
13 6
13 20
13 31
13 39
13 61
13 64
13 71
39 31
52 9
52 56
52 62
52 64
52 70
60 8
60 10
60 56
70 8
70 62
3 25
3 42
25 42
42 40
42 48
42 54
5 21
5 22
5 26
5 28
5 33
5 41
5 45
5 46
5 53
6 8
6 11
6 56
10 56
12 17
12 29
12 44
12 75
15 48
15 50
17 29
17 32
18 27
18 44
18 57
21 26
21 28
21 41
21 45
22 33
22 40
22 46
22 53
22 54
22 69
23 50
23 53
23 54
23 63
26 28
26 41
26 45
26 53
27 53
27 57
27 58
28 41
28 45
29 44
29 75
30 68
33 45
33 46
33 53
34 51
34 53
34 69
40 46
40 54
41 45
44 53
44 58
44 69
44 72
45 63
46 69
47 54
47 62
48 50
53 54
53 58
53 63
53 69
54 62
54 63
63 69
63 74
64 71
