0 3
0 5
0 13
0 18
0 27
0 30
0 44
3 4
3 5
3 6
3 10
3 11
3 12
3 13
3 18
3 19
3 20
3 21
3 22
3 24
3 25
3 26
3 27
3 28
3 29
3 30
3 33
3 34
3 35
3 36
3 37
3 38
3 39
3 41
3 42
3 43
3 44
5 4
5 6
5 10
5 12
5 13
5 19
5 20
5 21
5 22
5 24
5 25
5 26
5 27
5 28
5 29
5 30
5 33
5 34
5 35
5 36
5 37
5 39
5 41
5 42
5 43
5 44
13 4
13 6
13 10
13 11
13 12
13 18
13 19
13 20
13 21
13 22
13 24
13 25
13 26
13 27
13 28
13 29
13 30
13 33
13 35
13 36
13 37
13 38
13 39
13 41
13 42
13 43
13 44
18 22
18 27
18 30
27 8
27 16
27 30
27 34
27 39
27 40
27 44
30 1
30 2
30 4
30 6
30 7
30 8
30 9
30 10
30 11
30 12
30 14
30 15
30 16
30 17
30 19
30 20
30 21
30 22
30 23
30 24
30 25
30 26
30 28
30 29
30 31
30 32
30 33
30 34
30 35
30 36
30 37
30 38
30 39
30 40
30 41
30 42
30 43
30 44
44 4
44 6
44 10
44 12
44 19
44 20
44 21
44 22
44 24
44 25
44 26
44 28
44 29
44 33
44 34
44 35
44 36
44 37
44 39
44 41
44 42
44 43
1 32
2 8
2 15
2 16
2 17
2 34
2 40
8 15
8 16
8 17
8 34
8 39
8 40
15 7
15 9
15 14
15 16
15 17
15 28
15 34
15 40
16 17
16 34
16 40
17 34
17 40
34 40
40 7
40 9
40 14
4 6
4 10
4 12
4 19
4 20
4 21
4 22
4 23
4 24
4 25
4 26
4 28
4 29
4 31
4 33
4 35
4 36
4 37
4 39
4 41
4 42
4 43
6 10
6 12
6 19
6 20
6 21
6 22
6 24
6 25
6 26
6 28
6 29
6 33
6 35
6 36
6 37
6 39
6 41
6 42
6 43
10 12
10 19
10 20
10 21
10 22
10 24
10 25
10 26
10 28
10 29
10 33
10 35
10 36
10 37
10 39
10 41
10 42
10 43
11 38
12 19
12 20
12 21
12 22
12 24
12 25
12 26
12 28
12 29
12 33
12 35
12 36
12 37
12 39
12 41
12 42
12 43
19 20
19 21
19 22
19 24
19 25
19 26
19 28
19 29
19 33
19 35
19 36
19 37
19 39
19 41
19 42
19 43
20 21
20 22
20 24
20 25
20 26
20 28
20 29
20 33
20 35
20 36
20 37
20 39
20 41
20 42
20 43
21 22
21 24
21 25
21 26
21 28
21 29
21 33
21 35
21 36
21 37
21 39
21 41
21 42
21 43
22 24
22 25
22 26
22 28
22 29
22 33
22 35
22 36
22 37
22 39
22 41
22 42
22 43
24 25
24 26
24 28
24 29
24 33
24 35
24 36
24 37
24 39
24 41
24 42
24 43
25 23
25 26
25 28
25 29
25 33
25 35
25 36
25 37
25 39
25 41
25 42
25 43
26 28
26 29
26 33
26 35
26 36
26 37
26 39
26 41
26 42
26 43
28 29
28 33
28 35
28 36
28 37
28 39
28 41
28 42
28 43
29 33
29 35
29 36
29 37
29 39
29 41
29 42
29 43
33 35
33 36
33 37
33 39
33 41
33 42
33 43
35 36
35 37
35 39
35 41
35 42
35 43
36 37
36 39
36 41
36 42
36 43
37 39
37 41
37 42
37 43
39 41
39 42
39 43
41 42
41 43
42 43
43 23
43 31
23 31
7 9
