0 20
0 22
0 24
0 30
0 43
0 47
0 55
0 62
0 71
0 76
0 84
0 89
0 90
0 93
20 5
20 22
20 39
20 47
20 71
20 76
20 84
20 87
20 90
20 93
22 4
22 5
22 6
22 7
22 9
22 14
22 16
22 19
22 21
22 23
22 24
22 25
22 27
22 30
22 34
22 39
22 40
22 43
22 46
22 47
22 49
22 50
22 51
22 52
22 54
22 55
22 56
22 58
22 60
22 61
22 62
22 63
22 64
22 66
22 68
22 71
22 74
22 76
22 77
22 79
22 82
22 84
22 85
22 88
22 89
22 90
22 93
24 5
24 16
24 25
24 27
24 30
24 34
24 39
24 43
24 47
24 50
24 54
24 55
24 58
24 60
24 63
24 68
24 71
24 76
24 84
24 89
24 90
24 93
30 5
30 16
30 25
30 27
30 34
30 39
30 43
30 47
30 50
30 54
30 55
30 58
30 60
30 63
30 68
30 71
30 76
30 84
30 89
30 90
30 93
43 5
43 7
43 16
43 19
43 25
43 27
43 34
43 39
43 47
43 50
43 54
43 55
43 58
43 60
43 61
43 62
43 63
43 68
43 71
43 76
43 84
43 89
43 90
43 91
43 93
47 5
47 11
47 16
47 25
47 27
47 34
47 39
47 45
47 50
47 54
47 55
47 58
47 60
47 63
47 68
47 70
47 71
47 73
47 76
47 84
47 89
47 90
47 93
55 5
55 16
55 25
55 27
55 34
55 39
55 50
55 53
55 54
55 58
55 60
55 63
55 64
55 68
55 70
55 71
55 76
55 84
55 89
55 90
55 93
62 6
62 7
62 11
62 19
62 52
62 61
62 76
62 81
62 93
71 5
71 16
71 25
71 27
71 34
71 39
71 50
71 54
71 58
71 60
71 63
71 68
71 76
71 84
71 87
71 89
71 90
71 93
76 1
76 2
76 3
76 4
76 5
76 6
76 7
76 8
76 9
76 10
76 11
76 12
76 13
76 14
76 15
76 16
76 17
76 18
76 19
76 21
76 23
76 25
76 26
76 27
76 28
76 29
76 31
76 32
76 33
76 34
76 35
76 36
76 37
76 38
76 39
76 40
76 41
76 42
76 44
76 45
76 46
76 48
76 49
76 50
76 51
76 52
76 53
76 54
76 56
76 57
76 58
76 59
76 60
76 61
76 63
76 64
76 65
76 66
76 67
76 68
76 69
76 70
76 72
76 73
76 74
76 75
76 77
76 78
76 79
76 80
76 81
76 82
76 83
76 84
76 85
76 86
76 87
76 88
76 89
76 90
76 91
76 92
76 93
76 94
76 95
84 5
84 16
84 25
84 27
84 34
84 39
84 50
84 53
84 54
84 58
84 60
84 63
84 68
84 70
84 89
84 90
84 93
89 5
89 16
89 25
89 27
89 34
89 39
89 50
89 54
89 58
89 60
89 63
89 68
89 90
89 93
90 5
90 16
90 25
90 27
90 34
90 39
90 50
90 54
90 58
90 60
90 63
90 68
90 93
93 5
93 16
93 23
93 25
93 27
93 34
93 39
93 50
93 54
93 58
93 60
93 63
93 68
93 82
1 19
19 3
19 4
19 7
19 10
19 13
19 14
19 18
19 21
19 26
19 29
19 35
19 38
19 44
19 45
19 48
19 59
19 61
19 64
19 65
19 66
19 67
19 72
19 74
19 75
19 83
19 88
19 92
19 94
2 12
2 15
2 17
2 28
2 32
2 33
2 41
2 42
2 53
2 57
2 69
2 78
2 80
2 91
2 95
12 15
12 17
12 28
12 32
12 33
12 41
12 42
12 53
12 57
12 69
12 78
12 80
12 91
12 95
15 17
15 28
15 32
15 33
15 41
15 42
15 53
15 57
15 69
15 78
15 80
15 91
15 95
17 28
17 32
17 33
17 41
17 42
17 53
17 57
17 69
17 78
17 80
17 91
17 95
28 32
28 33
28 41
28 42
28 53
28 57
28 69
28 73
28 78
28 80
28 91
28 95
32 33
32 41
32 42
32 53
32 57
32 69
32 78
32 80
32 91
32 95
33 41
33 42
33 53
33 57
33 69
33 78
33 80
33 91
33 95
41 42
41 53
41 57
41 69
41 78
41 80
41 91
41 95
42 53
42 57
42 69
42 78
42 80
42 91
42 95
53 57
53 69
53 78
53 80
53 91
53 95
57 11
57 69
57 78
57 80
57 81
57 91
57 95
69 78
69 80
69 91
69 95
78 80
78 91
78 95
80 3
80 45
80 48
80 67
80 91
80 95
91 50
91 72
91 95
3 36
3 45
3 65
3 67
45 35
45 65
45 67
45 92
65 35
65 48
65 75
65 83
65 92
4 14
14 13
14 66
14 94
5 16
5 25
5 27
5 34
5 39
5 50
5 54
5 58
5 60
5 63
5 68
16 25
16 27
16 34
16 39
16 50
16 54
16 58
16 60
16 63
16 68
25 27
25 34
25 39
25 50
25 54
25 58
25 60
25 63
25 68
27 23
27 34
27 39
27 50
27 54
27 58
27 60
27 63
27 68
27 82
34 50
34 54
34 58
34 60
34 63
39 50
39 54
39 58
39 60
39 63
39 68
50 18
50 23
50 54
50 58
50 60
50 63
50 64
50 68
50 82
54 58
54 60
54 63
54 68
58 60
58 63
58 68
60 63
60 68
63 68
7 11
7 61
7 81
11 37
11 70
11 73
11 81
11 87
61 79
81 8
81 13
81 73
81 86
8 13
8 86
13 59
9 40
9 51
9 77
9 79
9 85
40 37
40 51
40 77
40 79
40 85
51 77
51 79
51 85
77 79
77 85
79 85
10 18
10 26
10 38
10 44
10 72
10 74
18 44
18 64
18 74
26 29
26 38
26 66
26 72
38 29
38 66
38 72
44 74
72 37
72 66
74 64
74 66
37 70
37 73
37 87
70 64
70 73
70 87
73 87
66 21
66 29
66 64
66 88
66 92
66 94
21 88
35 48
35 75
35 83
35 92
48 75
48 83
48 92
75 83
75 92
83 92
23 82
46 56
