0 6
0 23
0 29
0 30
0 49
0 50
0 52
0 60
0 61
0 67
0 85
0 89
6 23
6 29
6 30
6 49
6 50
6 52
6 60
6 61
6 67
6 85
6 89
23 9
23 29
23 30
23 33
23 43
23 49
23 50
23 52
23 53
23 60
23 61
23 67
23 85
23 89
29 9
29 24
29 30
29 31
29 33
29 43
29 49
29 50
29 52
29 53
29 60
29 61
29 65
29 67
29 71
29 82
29 85
29 89
30 9
30 24
30 33
30 43
30 49
30 50
30 52
30 60
30 61
30 65
30 67
30 85
30 89
49 50
49 52
49 60
49 61
49 67
49 85
49 89
50 9
50 24
50 33
50 43
50 52
50 60
50 61
50 65
50 67
50 85
50 89
52 5
52 7
52 10
52 12
52 17
52 18
52 19
52 20
52 22
52 24
52 26
52 28
52 31
52 34
52 37
52 40
52 41
52 43
52 44
52 51
52 53
52 54
52 55
52 59
52 60
52 61
52 62
52 64
52 66
52 67
52 75
52 76
52 78
52 82
52 84
52 85
52 86
52 87
52 88
52 89
60 9
60 24
60 33
60 43
60 61
60 65
60 67
60 85
60 89
61 9
61 33
61 43
61 67
61 85
61 89
67 1
67 2
67 3
67 4
67 5
67 7
67 8
67 9
67 10
67 11
67 12
67 13
67 14
67 15
67 16
67 17
67 18
67 19
67 20
67 21
67 22
67 24
67 25
67 26
67 27
67 28
67 31
67 32
67 33
67 34
67 35
67 36
67 37
67 38
67 39
67 40
67 41
67 42
67 43
67 44
67 45
67 46
67 47
67 48
67 51
67 53
67 54
67 55
67 56
67 57
67 58
67 59
67 62
67 63
67 64
67 65
67 66
67 68
67 69
67 70
67 71
67 72
67 73
67 74
67 75
67 76
67 77
67 78
67 79
67 80
67 81
67 82
67 83
67 84
67 85
67 86
67 87
67 88
67 89
85 9
85 10
85 12
85 18
85 24
85 26
85 31
85 33
85 34
85 43
85 53
85 54
85 55
85 59
85 62
85 71
85 78
85 82
85 86
85 89
89 9
89 10
89 12
89 18
89 24
89 26
89 31
89 33
89 34
89 43
89 53
89 54
89 55
89 59
89 62
89 65
89 71
89 78
89 82
89 86
1 24
1 39
1 46
1 71
1 83
24 11
24 13
24 14
24 16
24 19
24 20
24 27
24 28
24 37
24 38
24 39
24 42
24 46
24 48
24 53
24 65
24 66
24 68
24 71
24 73
24 79
24 80
24 83
24 84
24 87
24 88
39 46
39 71
39 83
46 16
46 38
46 48
46 71
46 83
71 9
71 21
71 33
71 45
71 57
71 63
71 81
71 83
2 15
2 18
2 25
2 42
2 47
2 58
2 70
15 18
15 25
15 42
15 47
15 58
15 70
18 10
18 12
18 25
18 26
18 31
18 34
18 42
18 43
18 47
18 53
18 54
18 55
18 58
18 59
18 62
18 70
18 78
18 82
18 86
25 3
25 42
25 47
25 58
25 70
42 43
42 47
42 53
42 58
42 70
47 58
47 70
58 70
3 4
3 21
3 36
3 72
3 79
3 82
4 21
4 36
4 72
4 79
21 36
21 72
21 79
36 72
36 79
72 79
79 13
79 14
79 16
79 27
79 73
82 10
82 12
82 26
82 31
82 33
82 34
82 43
82 53
82 54
82 55
82 59
82 62
82 78
82 86
5 7
5 40
5 41
5 51
5 64
5 76
7 17
7 22
7 40
7 44
7 64
7 75
7 76
40 41
40 51
40 64
40 76
41 51
64 17
64 22
64 44
64 75
64 76
76 17
76 22
76 44
76 75
17 22
17 44
17 75
22 44
22 75
44 75
8 11
8 32
8 35
8 55
8 56
8 68
8 69
8 74
8 77
11 32
11 35
11 55
11 56
11 68
11 69
11 74
11 77
32 35
32 55
32 56
32 68
32 69
32 74
32 77
35 55
35 56
35 68
35 69
35 74
35 77
55 10
55 12
55 26
55 31
55 34
55 43
55 53
55 54
55 56
55 59
55 62
55 68
55 69
55 74
55 77
55 78
55 86
56 68
56 69
56 74
56 77
68 69
68 74
68 77
69 74
69 77
74 77
9 33
9 43
9 45
9 57
9 63
9 81
33 10
33 26
33 31
33 43
33 45
33 53
33 57
33 63
33 81
43 10
43 12
43 26
43 31
43 34
43 53
43 54
43 59
43 62
43 78
43 86
45 57
45 63
45 81
57 63
57 81
63 81
10 12
10 26
10 31
10 34
10 53
10 54
10 59
10 62
10 78
10 86
12 26
12 31
12 34
12 53
12 54
12 59
12 62
12 78
12 86
26 31
26 34
26 53
26 54
26 59
26 62
26 78
26 86
31 34
31 53
31 54
31 59
31 62
31 78
31 86
34 53
34 54
34 59
34 62
34 78
34 86
53 54
53 59
53 62
53 78
53 86
54 59
54 62
54 78
54 86
59 62
59 78
59 86
62 78
62 86
78 86
13 14
13 16
13 27
13 73
14 16
14 27
14 73
16 27
16 38
16 48
16 73
16 80
27 73
38 48
19 20
19 28
19 37
19 66
19 84
19 87
19 88
20 28
20 37
20 66
20 84
20 87
20 88
28 37
28 66
28 84
28 87
28 88
37 66
37 84
37 87
37 88
66 84
66 87
66 88
84 87
84 88
87 88
