0 10
0 15
0 18
0 19
0 26
0 28
10 1
10 2
10 3
10 4
10 5
10 6
10 7
10 8
10 9
10 11
10 12
10 13
10 14
10 15
10 16
10 17
10 18
10 19
10 20
10 21
10 22
10 23
10 24
10 25
10 26
10 27
10 28
10 29
10 30
10 31
10 32
15 19
18 4
18 5
18 9
18 14
18 28
19 1
19 12
19 14
26 28
28 9
28 11
1 12
1 14
12 14
14 25
2 7
2 13
2 17
2 20
2 27
2 29
2 30
2 31
2 32
13 17
13 20
13 29
13 30
13 32
17 3
17 9
17 20
17 29
17 30
17 32
20 29
20 30
20 32
29 30
29 32
30 32
31 5
31 6
31 8
31 21
31 22
31 24
31 25
3 9
5 16
5 21
5 24
5 25
21 24
21 25
24 25
6 8
6 22
8 22
