0 5
0 11
0 17
0 21
0 30
0 31
0 37
5 11
5 17
5 21
5 30
5 31
5 37
11 1
11 2
11 3
11 4
11 6
11 7
11 8
11 9
11 10
11 12
11 13
11 14
11 15
11 16
11 17
11 18
11 19
11 20
11 21
11 22
11 23
11 24
11 25
11 26
11 27
11 28
11 29
11 30
11 31
11 32
11 33
11 34
11 35
11 36
11 37
11 38
11 39
11 40
11 41
17 2
17 3
17 6
17 7
17 13
17 15
17 19
17 20
17 21
17 22
17 26
17 30
17 31
17 32
17 37
17 39
17 40
21 7
21 29
21 30
21 31
21 37
30 31
30 37
31 37
1 12
1 16
1 18
1 24
1 27
1 28
1 33
1 34
12 16
12 18
12 24
12 27
12 28
12 33
12 34
16 18
16 24
16 27
16 28
16 33
16 34
18 24
18 27
18 28
18 33
18 34
24 27
24 28
24 33
24 34
27 28
27 33
27 34
28 33
28 34
33 2
33 7
33 19
33 34
33 36
34 2
2 3
2 6
2 7
2 13
2 15
2 19
2 20
2 22
2 26
2 32
2 39
2 40
3 6
3 7
3 13
3 15
3 19
3 20
3 22
3 26
3 32
3 39
3 40
6 19
6 20
6 22
6 26
6 32
6 39
7 13
7 15
7 19
7 32
7 36
7 40
13 15
13 19
13 32
13 40
15 19
15 32
15 40
19 20
19 22
19 26
19 32
19 39
19 40
20 22
20 26
20 32
20 39
22 26
22 32
22 39
26 4
26 8
26 9
26 10
26 14
26 23
26 25
26 29
26 32
26 35
26 36
26 38
26 39
26 41
32 39
32 40
4 9
4 14
4 23
4 25
4 35
4 36
4 38
4 41
9 14
9 23
9 25
9 35
9 36
9 38
9 41
14 8
14 10
14 23
14 25
14 29
14 35
14 36
14 38
14 41
23 25
23 35
23 36
23 38
23 41
25 35
25 36
25 38
25 41
35 8
35 10
35 29
35 36
35 38
35 41
36 38
36 41
38 10
38 41
41 8
41 10
41 29
8 29
