0 3
0 20
0 22
0 31
3 20
3 22
20 1
20 2
20 5
20 14
20 17
20 22
20 27
20 28
20 29
20 30
20 31
22 1
22 2
22 4
22 5
22 6
22 7
22 8
22 9
22 10
22 11
22 12
22 13
22 14
22 15
22 16
22 17
22 18
22 19
22 21
22 23
22 24
22 25
22 26
22 27
22 28
22 29
22 30
22 31
22 32
31 1
1 2
1 17
2 13
2 21
17 21
17 27
13 14
13 18
13 21
21 4
21 6
21 7
21 8
21 9
21 10
21 11
21 12
21 15
21 25
4 19
4 24
4 32
19 26
24 32
5 28
28 30
6 7
6 8
6 9
6 11
6 12
6 15
6 25
7 8
7 9
7 11
7 12
7 15
7 25
8 9
8 11
8 12
8 15
8 25
9 11
9 12
9 15
9 25
11 10
11 12
11 15
11 16
11 23
11 25
11 26
12 15
12 25
15 25
10 16
10 23
10 26
23 18
29 30
