0 5
0 14
0 26
0 29
0 30
0 42
0 43
0 46
0 50
0 55
0 76
0 77
0 81
0 84
0 87
0 89
0 90
5 21
5 26
5 29
5 30
5 35
5 42
5 43
5 46
5 55
5 57
5 63
5 76
5 77
5 87
5 88
5 90
5 92
14 21
14 26
14 37
14 42
14 43
14 46
14 50
14 76
14 81
14 87
14 90
26 3
26 10
26 21
26 30
26 35
26 36
26 37
26 42
26 43
26 46
26 50
26 53
26 54
26 55
26 57
26 63
26 69
26 73
26 76
26 77
26 80
26 81
26 86
26 87
26 90
26 92
29 3
29 7
29 10
29 19
29 22
29 25
29 30
29 38
29 42
29 53
29 55
29 58
29 59
29 62
29 67
29 69
29 71
29 73
29 76
29 77
29 79
29 87
29 90
30 10
30 21
30 35
30 37
30 42
30 43
30 46
30 55
30 57
30 63
30 71
30 76
30 77
30 86
30 87
30 90
30 92
42 1
42 2
42 3
42 4
42 6
42 7
42 8
42 9
42 10
42 11
42 12
42 13
42 15
42 16
42 17
42 18
42 19
42 20
42 21
42 22
42 23
42 24
42 25
42 27
42 28
42 31
42 32
42 33
42 34
42 35
42 36
42 37
42 38
42 39
42 40
42 41
42 43
42 44
42 45
42 46
42 47
42 48
42 49
42 50
42 51
42 52
42 53
42 54
42 55
42 56
42 57
42 58
42 59
42 60
42 61
42 62
42 63
42 64
42 65
42 66
42 67
42 68
42 69
42 70
42 71
42 72
42 73
42 74
42 75
42 76
42 77
42 78
42 79
42 80
42 81
42 82
42 83
42 84
42 85
42 86
42 87
42 88
42 89
42 90
42 91
42 92
42 93
42 94
43 3
43 10
43 20
43 21
43 35
43 36
43 37
43 46
43 50
43 53
43 54
43 55
43 57
43 60
43 63
43 69
43 73
43 76
43 77
43 81
43 86
43 87
43 90
43 92
46 21
46 35
46 37
46 50
46 55
46 63
46 76
46 87
46 89
46 90
50 21
50 37
50 76
50 81
50 87
50 90
55 10
55 21
55 35
55 57
55 63
55 76
55 77
55 86
55 87
55 90
55 92
76 3
76 10
76 13
76 21
76 25
76 35
76 36
76 37
76 38
76 53
76 54
76 57
76 58
76 59
76 62
76 63
76 64
76 67
76 69
76 70
76 73
76 77
76 79
76 80
76 81
76 86
76 87
76 90
76 92
77 3
77 25
77 38
77 53
77 58
77 59
77 67
77 69
77 73
77 79
77 87
77 90
81 87
81 90
84 2
84 6
84 23
84 27
84 31
84 40
84 56
84 72
87 3
87 7
87 10
87 21
87 25
87 28
87 35
87 36
87 37
87 38
87 52
87 53
87 54
87 57
87 58
87 59
87 63
87 67
87 68
87 69
87 73
87 79
87 80
87 86
87 88
87 89
87 90
87 92
89 7
89 19
89 24
89 28
89 35
89 49
89 61
89 64
89 83
89 85
89 91
89 93
89 94
90 3
90 10
90 20
90 21
90 35
90 36
90 37
90 53
90 54
90 57
90 60
90 63
90 69
90 73
90 80
90 86
90 92
1 8
1 12
1 16
1 19
1 33
1 35
1 41
1 44
1 47
1 52
1 82
1 85
8 19
8 33
8 35
8 44
8 47
8 52
8 82
8 85
12 16
12 35
12 41
12 52
12 82
12 85
16 7
16 11
16 35
16 37
16 41
16 45
16 52
16 75
16 82
16 85
19 9
19 18
19 24
19 33
19 34
19 35
19 38
19 44
19 47
19 48
19 49
19 52
19 54
19 62
19 67
19 82
19 85
19 91
33 35
33 44
33 47
33 52
33 82
33 85
35 7
35 9
35 11
35 13
35 15
35 18
35 24
35 28
35 32
35 34
35 36
35 39
35 41
35 44
35 45
35 47
35 48
35 49
35 52
35 54
35 57
35 61
35 62
35 63
35 64
35 70
35 74
35 75
35 78
35 80
35 82
35 83
35 85
35 88
35 91
35 92
35 93
35 94
41 7
41 37
41 52
41 82
41 85
44 47
44 52
44 82
44 85
47 9
47 18
47 32
47 34
47 48
47 52
47 54
47 78
47 82
47 85
52 7
52 11
52 37
52 45
52 75
52 82
52 85
82 7
82 9
82 11
82 18
82 32
82 34
82 37
82 45
82 48
82 54
82 75
82 78
82 85
85 9
85 18
85 24
85 32
85 34
85 48
85 49
85 54
85 62
85 78
85 91
2 6
2 23
2 27
2 31
2 40
2 56
2 72
6 23
6 27
6 31
6 40
6 56
6 72
23 27
23 31
23 40
23 56
23 72
27 31
27 40
27 56
27 72
31 4
31 17
31 22
31 40
31 51
31 56
31 65
31 71
31 72
40 56
40 72
56 72
72 4
72 17
72 22
72 51
72 65
72 71
3 25
3 38
3 53
3 58
3 59
3 67
3 69
3 73
3 79
25 38
25 53
25 58
25 59
25 67
25 69
25 73
25 79
38 7
38 10
38 21
38 53
38 58
38 59
38 67
38 69
38 73
38 79
38 94
53 58
53 59
53 67
53 69
53 73
53 79
58 59
58 67
58 69
58 73
58 79
59 67
59 69
59 73
59 79
67 7
67 10
67 21
67 22
67 69
67 71
67 73
67 79
67 94
69 73
69 79
73 79
4 17
4 22
4 51
4 65
4 71
17 22
17 51
17 65
17 71
22 51
22 65
22 71
51 65
51 71
65 71
21 7
21 10
21 37
21 80
21 86
21 94
63 10
63 20
63 60
63 92
88 10
88 15
88 39
88 74
92 10
92 13
92 20
92 60
92 62
92 64
92 70
7 28
7 37
7 49
7 60
7 61
7 83
7 91
37 80
49 24
49 61
49 83
49 91
49 93
49 94
60 20
61 24
61 91
61 94
83 24
83 91
91 24
91 94
9 15
9 18
9 32
9 34
9 48
9 54
9 78
15 18
15 39
15 48
15 74
18 34
18 48
18 54
32 34
32 48
32 54
32 78
34 48
34 54
34 78
48 54
48 78
54 36
54 78
54 80
10 86
86 66
86 68
11 45
11 75
45 75
13 62
13 64
13 70
62 64
62 70
64 70
39 74
24 94
66 68
