0 1
0 3
0 9
0 25
0 34
0 35
0 38
0 42
0 45
1 2
1 3
1 8
1 9
1 21
1 24
1 25
1 29
1 34
1 35
1 38
1 41
1 42
1 43
1 45
3 4
3 5
3 6
3 7
3 8
3 9
3 10
3 11
3 12
3 13
3 14
3 15
3 16
3 18
3 20
3 25
3 26
3 28
3 30
3 31
3 32
3 33
3 34
3 35
3 37
3 38
3 39
3 42
3 45
3 46
3 47
9 2
9 4
9 5
9 6
9 7
9 8
9 10
9 11
9 12
9 13
9 14
9 15
9 16
9 18
9 20
9 21
9 24
9 25
9 26
9 28
9 29
9 30
9 31
9 32
9 33
9 34
9 35
9 37
9 38
9 39
9 41
9 42
9 43
9 44
9 45
9 46
9 47
25 2
25 4
25 5
25 6
25 7
25 8
25 10
25 11
25 12
25 13
25 14
25 15
25 16
25 17
25 18
25 19
25 20
25 21
25 22
25 23
25 24
25 26
25 27
25 28
25 29
25 30
25 31
25 32
25 33
25 34
25 35
25 36
25 37
25 38
25 39
25 40
25 41
25 42
25 43
25 44
25 45
25 46
25 47
34 6
34 26
34 30
34 35
34 38
34 42
34 45
35 4
35 5
35 6
35 7
35 8
35 10
35 11
35 12
35 13
35 14
35 15
35 16
35 18
35 20
35 26
35 28
35 30
35 31
35 32
35 33
35 37
35 38
35 39
35 42
35 44
35 45
35 46
35 47
38 2
38 4
38 5
38 6
38 7
38 8
38 10
38 11
38 12
38 13
38 14
38 15
38 16
38 17
38 18
38 19
38 20
38 21
38 22
38 23
38 24
38 26
38 27
38 28
38 29
38 30
38 31
38 32
38 33
38 36
38 37
38 39
38 40
38 41
38 42
38 43
38 44
38 45
38 46
38 47
42 8
42 26
42 30
42 45
45 7
45 10
45 11
45 14
45 20
45 26
45 28
45 30
45 47
2 8
2 24
2 29
2 41
2 43
2 44
8 10
8 21
8 26
8 28
8 30
8 37
8 44
21 10
21 37
21 44
24 29
24 41
24 43
29 41
29 43
41 43
44 10
44 26
44 28
44 30
4 5
4 10
4 12
4 13
4 14
4 15
4 16
4 18
4 26
4 30
4 31
4 33
4 39
4 46
5 10
5 12
5 13
5 15
5 16
5 18
5 26
5 30
5 31
5 33
5 39
5 46
6 26
6 30
7 10
7 11
7 14
7 20
7 26
7 28
7 30
7 32
7 37
7 47
10 11
10 12
10 13
10 14
10 15
10 16
10 18
10 20
10 26
10 28
10 30
10 31
10 32
10 33
10 37
10 39
10 46
10 47
11 14
11 20
11 26
11 28
11 30
11 32
11 37
11 47
12 13
12 15
12 16
12 18
12 26
12 30
12 31
12 33
12 39
12 46
13 15
13 16
13 18
13 26
13 30
13 31
13 33
13 39
13 46
14 20
14 26
14 28
14 30
14 32
14 37
14 47
15 16
15 18
15 26
15 30
15 31
15 33
15 39
15 46
16 18
16 26
16 30
16 31
16 33
16 39
16 46
18 26
18 30
18 31
18 33
18 39
18 46
20 26
20 28
20 30
20 32
20 37
20 47
26 28
26 30
26 31
26 32
26 33
26 37
26 39
26 46
26 47
28 30
28 32
28 37
28 47
30 31
30 32
30 33
30 37
30 39
30 46
30 47
31 33
31 39
31 46
32 37
32 47
33 39
33 46
37 47
39 46
17 19
17 22
17 23
17 27
17 36
17 40
19 22
19 23
19 27
19 36
19 40
22 23
22 27
22 36
22 40
23 27
23 36
23 40
27 36
27 40
36 40
