0 5
0 18
5 1
5 2
5 3
5 4
5 6
5 7
5 8
5 9
5 10
5 11
5 12
5 13
5 14
5 15
5 16
5 17
5 18
5 19
5 20
5 21
5 22
5 23
5 24
5 25
5 26
5 27
5 28
5 29
5 30
5 31
5 32
5 33
5 34
5 35
5 36
5 37
5 38
5 39
5 40
5 41
5 42
5 43
5 44
18 2
18 11
18 24
18 28
18 37
18 39
18 44
1 11
11 3
11 4
11 7
11 8
11 10
11 14
11 26
11 31
11 32
11 33
11 37
11 44
2 39
39 3
39 16
39 20
39 36
39 38
39 44
3 4
3 24
4 10
4 26
4 32
24 14
24 36
10 7
10 8
10 14
10 32
10 33
26 20
26 25
26 32
32 8
32 14
32 20
32 25
6 31
6 35
8 14
8 42
12 37
12 38
14 25
14 44
15 20
15 37
16 20
16 27
16 34
21 33
23 29
25 40
27 34
28 37
29 44
36 41
36 43
