0 14
0 16
0 35
0 36
0 57
0 70
0 72
0 100
0 101
0 115
0 117
0 122
0 146
0 152
0 153
0 160
0 161
14 1
14 3
14 5
14 6
14 7
14 10
14 12
14 16
14 19
14 25
14 26
14 30
14 35
14 36
14 39
14 41
14 42
14 44
14 46
14 49
14 51
14 53
14 54
14 56
14 57
14 59
14 62
14 64
14 66
14 68
14 70
14 71
14 72
14 73
14 77
14 79
14 80
14 81
14 82
14 83
14 89
14 90
14 92
14 96
14 99
14 100
14 104
14 106
14 107
14 111
14 112
14 115
14 117
14 118
14 121
14 122
14 123
14 125
14 129
14 130
14 131
14 132
14 135
14 136
14 137
14 143
14 144
14 145
14 146
14 149
14 150
14 151
14 152
14 153
14 155
14 156
14 158
14 160
14 161
14 168
14 176
14 177
14 179
14 180
14 182
14 186
14 187
16 1
16 3
16 5
16 6
16 10
16 12
16 19
16 24
16 25
16 30
16 31
16 32
16 35
16 36
16 38
16 41
16 45
16 46
16 48
16 49
16 51
16 56
16 57
16 58
16 61
16 63
16 64
16 65
16 66
16 68
16 70
16 71
16 72
16 73
16 76
16 81
16 82
16 83
16 85
16 89
16 92
16 94
16 96
16 98
16 99
16 100
16 104
16 107
16 109
16 111
16 112
16 115
16 117
16 121
16 122
16 125
16 126
16 127
16 130
16 131
16 132
16 133
16 134
16 136
16 137
16 140
16 143
16 144
16 145
16 146
16 149
16 150
16 151
16 152
16 153
16 154
16 156
16 160
16 161
16 168
16 173
16 176
16 179
16 180
16 186
16 187
35 1
35 2
35 3
35 4
35 5
35 6
35 7
35 8
35 9
35 10
35 11
35 12
35 13
35 15
35 17
35 18
35 19
35 20
35 21
35 22
35 23
35 24
35 25
35 26
35 27
35 28
35 29
35 30
35 31
35 32
35 33
35 34
35 36
35 37
35 38
35 39
35 40
35 41
35 42
35 43
35 44
35 45
35 46
35 47
35 48
35 49
35 50
35 51
35 52
35 53
35 54
35 55
35 56
35 57
35 58
35 59
35 60
35 61
35 62
35 63
35 64
35 65
35 66
35 67
35 68
35 69
35 70
35 71
35 72
35 73
35 74
35 75
35 76
35 77
35 78
35 79
35 80
35 81
35 82
35 83
35 84
35 85
35 86
35 87
35 88
35 89
35 90
35 91
35 92
35 93
35 94
35 95
35 96
35 97
35 98
35 99
35 100
35 101
35 102
35 103
35 104
35 105
35 106
35 107
35 108
35 109
35 110
35 111
35 112
35 113
35 114
35 115
35 116
35 117
35 118
35 119
35 120
35 121
35 122
35 123
35 124
35 125
35 126
35 127
35 128
35 129
35 130
35 131
35 132
35 133
35 134
35 135
35 136
35 137
35 138
35 139
35 140
35 141
35 142
35 143
35 144
35 145
35 146
35 147
35 148
35 149
35 150
35 151
35 152
35 153
35 154
35 155
35 156
35 157
35 158
35 159
35 160
35 161
35 162
35 163
35 164
35 165
35 166
35 167
35 168
35 169
35 170
35 171
35 172
35 173
35 174
35 175
35 176
35 177
35 178
35 179
35 180
35 181
35 182
35 183
35 184
35 185
35 186
35 187
35 188
35 189
36 1
36 3
36 4
36 5
36 7
36 10
36 12
36 19
36 24
36 25
36 26
36 30
36 31
36 38
36 39
36 41
36 42
36 44
36 46
36 47
36 48
36 49
36 53
36 54
36 56
36 59
36 61
36 62
36 64
36 66
36 68
36 70
36 71
36 72
36 73
36 79
36 80
36 81
36 82
36 83
36 89
36 90
36 92
36 96
36 99
36 100
36 107
36 111
36 112
36 115
36 117
36 118
36 121
36 122
36 123
36 125
36 127
36 129
36 130
36 131
36 137
36 140
36 143
36 144
36 145
36 146
36 149
36 150
36 151
36 152
36 153
36 155
36 158
36 160
36 161
36 168
36 176
36 179
36 180
36 181
36 182
36 186
36 187
57 6
57 10
57 24
57 38
57 41
57 51
57 66
57 68
57 70
57 81
57 93
57 104
57 112
57 115
57 117
57 122
57 132
57 137
57 146
57 152
57 156
57 157
57 180
70 1
70 2
70 3
70 5
70 6
70 7
70 8
70 10
70 12
70 13
70 15
70 17
70 19
70 24
70 25
70 26
70 27
70 29
70 30
70 31
70 32
70 37
70 38
70 39
70 41
70 43
70 45
70 46
70 48
70 49
70 50
70 51
70 53
70 54
70 55
70 56
70 58
70 59
70 60
70 62
70 63
70 64
70 65
70 66
70 68
70 69
70 71
70 72
70 73
70 76
70 77
70 79
70 80
70 81
70 82
70 83
70 84
70 85
70 89
70 90
70 92
70 93
70 94
70 95
70 96
70 97
70 98
70 99
70 100
70 103
70 104
70 105
70 106
70 107
70 109
70 111
70 112
70 113
70 114
70 115
70 117
70 118
70 120
70 121
70 122
70 123
70 124
70 125
70 126
70 127
70 128
70 130
70 131
70 132
70 133
70 134
70 136
70 137
70 138
70 140
70 143
70 144
70 145
70 146
70 147
70 149
70 150
70 152
70 153
70 154
70 155
70 156
70 157
70 158
70 159
70 160
70 161
70 164
70 165
70 167
70 168
70 170
70 171
70 172
70 173
70 174
70 175
70 176
70 177
70 179
70 180
70 182
70 186
70 187
70 188
72 1
72 3
72 4
72 5
72 10
72 25
72 26
72 41
72 42
72 43
72 46
72 54
72 62
72 64
72 71
72 73
72 77
72 80
72 92
72 99
72 100
72 106
72 112
72 115
72 117
72 118
72 121
72 122
72 123
72 125
72 127
72 129
72 130
72 144
72 146
72 150
72 151
72 152
72 153
72 158
72 160
72 161
72 168
100 1
100 3
100 4
100 5
100 10
100 12
100 20
100 26
100 34
100 41
100 42
100 43
100 44
100 47
100 54
100 61
100 71
100 73
100 77
100 80
100 82
100 83
100 88
100 91
100 97
100 99
100 101
100 106
100 107
100 112
100 115
100 117
100 121
100 122
100 125
100 130
100 131
100 135
100 143
100 144
100 145
100 146
100 152
100 153
100 160
100 161
100 166
100 168
100 176
100 177
100 180
100 181
100 188
101 1
101 3
101 7
101 10
101 12
101 20
101 24
101 34
101 41
101 43
101 46
101 49
101 53
101 62
101 64
101 71
101 73
101 81
101 88
101 91
101 99
101 107
101 117
101 121
101 125
101 127
101 130
101 131
101 145
101 152
101 160
101 161
101 163
101 166
101 180
101 181
101 182
115 1
115 2
115 3
115 5
115 6
115 8
115 10
115 12
115 13
115 15
115 17
115 19
115 24
115 25
115 26
115 27
115 29
115 30
115 37
115 38
115 41
115 45
115 46
115 48
115 49
115 50
115 55
115 56
115 58
115 59
115 60
115 62
115 64
115 66
115 68
115 69
115 71
115 73
115 79
115 80
115 81
115 84
115 89
115 90
115 92
115 93
115 94
115 95
115 97
115 99
115 103
115 104
115 105
115 107
115 109
115 111
115 112
115 113
115 114
115 117
115 118
115 120
115 121
115 122
115 123
115 124
115 125
115 127
115 128
115 130
115 131
115 133
115 136
115 137
115 138
115 140
115 143
115 144
115 145
115 146
115 147
115 150
115 152
115 153
115 154
115 156
115 157
115 158
115 159
115 160
115 161
115 164
115 165
115 166
115 167
115 168
115 170
115 171
115 172
115 173
115 174
115 175
115 176
115 177
115 178
115 179
115 180
115 186
115 187
115 188
117 1
117 3
117 4
117 5
117 6
117 8
117 10
117 11
117 12
117 17
117 18
117 19
117 20
117 24
117 25
117 26
117 29
117 30
117 31
117 32
117 34
117 37
117 38
117 40
117 41
117 42
117 43
117 45
117 46
117 47
117 48
117 49
117 50
117 51
117 54
117 56
117 58
117 59
117 61
117 62
117 63
117 64
117 65
117 66
117 68
117 71
117 73
117 74
117 76
117 77
117 79
117 80
117 81
117 82
117 83
117 85
117 87
117 88
117 89
117 90
117 91
117 92
117 94
117 96
117 97
117 98
117 99
117 104
117 106
117 107
117 109
117 110
117 111
117 112
117 116
117 118
117 121
117 122
117 123
117 124
117 125
117 126
117 127
117 129
117 130
117 131
117 132
117 133
117 134
117 136
117 137
117 139
117 140
117 142
117 143
117 144
117 145
117 146
117 149
117 150
117 151
117 152
117 153
117 154
117 156
117 158
117 160
117 161
117 163
117 164
117 166
117 168
117 171
117 172
117 173
117 174
117 176
117 178
117 179
117 180
117 181
117 182
117 183
117 184
117 186
117 187
122 1
122 2
122 3
122 5
122 6
122 8
122 10
122 11
122 12
122 13
122 15
122 17
122 19
122 24
122 25
122 26
122 27
122 29
122 30
122 31
122 32
122 37
122 38
122 41
122 44
122 45
122 46
122 48
122 49
122 50
122 51
122 54
122 55
122 56
122 58
122 59
122 60
122 61
122 62
122 63
122 64
122 65
122 66
122 68
122 69
122 71
122 73
122 76
122 77
122 79
122 80
122 81
122 82
122 83
122 84
122 85
122 87
122 89
122 90
122 92
122 93
122 94
122 95
122 96
122 97
122 98
122 99
122 103
122 104
122 105
122 106
122 107
122 109
122 111
122 112
122 113
122 114
122 118
122 120
122 121
122 123
122 124
122 125
122 126
122 127
122 128
122 130
122 131
122 132
122 133
122 134
122 135
122 136
122 137
122 138
122 140
122 143
122 144
122 145
122 146
122 147
122 149
122 150
122 151
122 152
122 153
122 154
122 156
122 157
122 158
122 159
122 160
122 161
122 164
122 165
122 166
122 167
122 168
122 170
122 171
122 172
122 173
122 174
122 175
122 176
122 177
122 178
122 179
122 180
122 183
122 184
122 186
122 187
122 188
146 1
146 2
146 3
146 5
146 6
146 7
146 8
146 10
146 12
146 13
146 15
146 17
146 19
146 24
146 25
146 26
146 27
146 29
146 30
146 31
146 32
146 37
146 38
146 39
146 41
146 44
146 45
146 46
146 48
146 49
146 50
146 51
146 53
146 55
146 56
146 58
146 59
146 60
146 62
146 63
146 64
146 65
146 66
146 68
146 69
146 71
146 73
146 76
146 77
146 79
146 80
146 81
146 82
146 83
146 84
146 85
146 89
146 90
146 92
146 93
146 94
146 95
146 96
146 97
146 98
146 99
146 103
146 104
146 105
146 107
146 109
146 111
146 112
146 113
146 114
146 118
146 120
146 121
146 123
146 124
146 125
146 126
146 127
146 128
146 130
146 131
146 132
146 133
146 134
146 135
146 136
146 137
146 138
146 140
146 143
146 144
146 145
146 147
146 149
146 150
146 152
146 153
146 154
146 155
146 156
146 157
146 158
146 159
146 160
146 161
146 164
146 165
146 167
146 168
146 170
146 171
146 172
146 173
146 174
146 175
146 176
146 177
146 179
146 180
146 182
146 186
146 187
146 188
152 1
152 2
152 3
152 5
152 6
152 7
152 8
152 10
152 12
152 13
152 15
152 17
152 19
152 24
152 25
152 26
152 27
152 29
152 30
152 31
152 32
152 37
152 38
152 39
152 41
152 43
152 45
152 46
152 48
152 49
152 50
152 51
152 53
152 54
152 55
152 56
152 58
152 59
152 60
152 61
152 62
152 63
152 64
152 65
152 66
152 68
152 69
152 71
152 73
152 76
152 79
152 80
152 81
152 82
152 83
152 84
152 85
152 89
152 90
152 91
152 92
152 93
152 94
152 95
152 96
152 97
152 98
152 99
152 103
152 104
152 105
152 106
152 107
152 109
152 111
152 112
152 113
152 114
152 118
152 120
152 121
152 123
152 124
152 125
152 126
152 127
152 128
152 130
152 131
152 132
152 133
152 134
152 136
152 137
152 138
152 140
152 143
152 144
152 145
152 147
152 149
152 150
152 151
152 153
152 154
152 155
152 156
152 157
152 158
152 159
152 160
152 161
152 163
152 164
152 165
152 166
152 167
152 168
152 170
152 171
152 172
152 173
152 174
152 175
152 176
152 179
152 180
152 181
152 182
152 186
152 187
152 188
153 5
153 8
153 10
153 13
153 17
153 24
153 27
153 29
153 37
153 41
153 50
153 60
153 69
153 81
153 95
153 97
153 103
153 105
153 113
153 114
153 120
153 121
153 124
153 127
153 138
153 140
153 144
153 147
153 159
153 160
153 161
153 164
153 165
153 170
153 171
153 172
153 174
153 175
153 176
153 179
160 1
160 2
160 3
160 5
160 7
160 9
160 10
160 12
160 15
160 17
160 19
160 20
160 21
160 22
160 23
160 24
160 26
160 29
160 30
160 31
160 32
160 33
160 34
160 37
160 38
160 39
160 41
160 42
160 43
160 45
160 46
160 47
160 48
160 49
160 53
160 54
160 55
160 56
160 58
160 59
160 62
160 63
160 64
160 65
160 67
160 68
160 69
160 71
160 73
160 75
160 76
160 77
160 79
160 80
160 81
160 84
160 85
160 86
160 88
160 89
160 90
160 91
160 92
160 94
160 98
160 99
160 102
160 107
160 109
160 112
160 116
160 118
160 121
160 123
160 124
160 125
160 126
160 127
160 128
160 129
160 130
160 131
160 133
160 134
160 136
160 137
160 140
160 141
160 142
160 144
160 145
160 149
160 151
160 154
160 155
160 158
160 161
160 166
160 167
160 168
160 169
160 171
160 173
160 174
160 176
160 178
160 179
160 180
160 181
160 182
160 184
160 188
161 1
161 3
161 4
161 5
161 7
161 10
161 12
161 19
161 20
161 21
161 23
161 24
161 25
161 26
161 30
161 32
161 34
161 38
161 39
161 41
161 42
161 43
161 45
161 46
161 47
161 48
161 49
161 53
161 54
161 56
161 58
161 61
161 62
161 63
161 64
161 65
161 66
161 68
161 71
161 73
161 75
161 76
161 77
161 80
161 81
161 85
161 88
161 89
161 91
161 92
161 94
161 98
161 99
161 106
161 107
161 109
161 112
161 116
161 118
161 121
161 123
161 125
161 126
161 127
161 129
161 130
161 131
161 133
161 134
161 136
161 137
161 141
161 142
161 144
161 145
161 149
161 150
161 151
161 154
161 155
161 158
161 163
161 166
161 168
161 173
161 176
161 177
161 178
161 179
161 180
161 181
161 182
1 4
1 10
1 12
1 20
1 24
1 25
1 34
1 41
1 42
1 43
1 46
1 47
1 54
1 61
1 62
1 64
1 71
1 73
1 77
1 80
1 81
1 88
1 91
1 92
1 99
1 107
1 111
1 118
1 121
1 123
1 125
1 127
1 130
1 137
1 143
1 145
1 150
1 163
1 168
1 176
1 180
1 181
1 186
1 187
4 7
4 20
4 25
4 26
4 42
4 43
4 46
4 47
4 48
4 54
4 61
4 64
4 71
4 73
4 80
4 92
4 118
4 123
4 127
4 130
4 145
4 150
4 168
4 181
10 5
10 6
10 7
10 8
10 12
10 17
10 19
10 20
10 24
10 26
10 29
10 30
10 31
10 34
10 37
10 38
10 39
10 41
10 42
10 43
10 46
10 48
10 49
10 50
10 53
10 54
10 56
10 58
10 62
10 64
10 66
10 68
10 71
10 73
10 77
10 80
10 81
10 88
10 89
10 91
10 92
10 93
10 94
10 97
10 99
10 104
10 107
10 109
10 112
10 118
10 121
10 124
10 125
10 127
10 129
10 130
10 131
10 133
10 137
10 140
10 144
10 145
10 151
10 154
10 155
10 156
10 157
10 158
10 163
10 164
10 168
10 171
10 172
10 173
10 174
10 179
10 180
10 181
10 182
12 3
12 7
12 19
12 20
12 21
12 23
12 24
12 30
12 31
12 32
12 34
12 38
12 41
12 43
12 45
12 46
12 49
12 53
12 56
12 62
12 63
12 64
12 65
12 66
12 68
12 71
12 73
12 75
12 76
12 81
12 82
12 85
12 88
12 89
12 91
12 92
12 98
12 99
12 107
12 112
12 121
12 125
12 126
12 127
12 130
12 131
12 134
12 136
12 137
12 144
12 145
12 149
12 163
12 166
12 168
12 176
12 177
12 178
12 179
12 180
12 181
12 182
20 34
20 41
20 42
20 43
20 46
20 73
20 88
20 91
20 99
20 107
20 121
20 125
20 130
20 145
20 180
20 181
24 5
24 6
24 8
24 13
24 17
24 19
24 27
24 29
24 31
24 37
24 38
24 41
24 43
24 46
24 48
24 49
24 50
24 56
24 58
24 60
24 62
24 64
24 66
24 68
24 69
24 71
24 77
24 81
24 89
24 93
24 94
24 95
24 97
24 99
24 103
24 104
24 105
24 109
24 112
24 113
24 114
24 120
24 121
24 124
24 125
24 127
24 130
24 133
24 137
24 138
24 140
24 144
24 145
24 147
24 154
24 156
24 157
24 159
24 163
24 164
24 165
24 168
24 170
24 171
24 172
24 173
24 174
24 175
24 179
24 180
25 3
25 43
25 46
25 49
25 54
25 64
25 71
25 73
25 77
25 82
25 83
25 92
25 96
25 99
25 111
25 118
25 123
25 127
25 130
25 137
25 143
25 144
25 150
25 168
25 176
25 186
25 187
34 41
34 73
34 88
34 91
34 99
34 107
34 121
34 125
34 130
34 145
34 180
34 181
41 2
41 3
41 5
41 6
41 7
41 8
41 13
41 15
41 17
41 19
41 21
41 26
41 27
41 29
41 30
41 31
41 32
41 37
41 38
41 39
41 42
41 43
41 45
41 46
41 48
41 49
41 50
41 53
41 54
41 55
41 56
41 58
41 59
41 60
41 62
41 63
41 64
41 65
41 66
41 68
41 69
41 71
41 73
41 76
41 77
41 79
41 80
41 81
41 84
41 85
41 87
41 88
41 89
41 90
41 91
41 92
41 93
41 94
41 95
41 97
41 98
41 99
41 103
41 104
41 105
41 107
41 109
41 112
41 113
41 114
41 116
41 118
41 120
41 121
41 123
41 124
41 125
41 126
41 127
41 128
41 129
41 130
41 131
41 133
41 134
41 136
41 137
41 138
41 140
41 141
41 142
41 144
41 145
41 147
41 149
41 151
41 154
41 155
41 156
41 157
41 158
41 159
41 163
41 164
41 165
41 166
41 167
41 168
41 170
41 171
41 172
41 173
41 174
41 175
41 176
41 177
41 178
41 179
41 180
41 181
41 182
41 188
42 5
42 26
42 43
42 46
42 47
42 54
42 59
42 61
42 62
42 64
42 71
42 73
42 80
42 92
42 110
42 118
42 121
42 125
42 129
42 130
42 144
42 151
42 158
42 168
42 181
43 7
43 18
43 21
43 23
43 30
43 32
43 44
43 46
43 49
43 52
43 54
43 63
43 71
43 73
43 75
43 77
43 81
43 88
43 91
43 92
43 99
43 107
43 110
43 116
43 118
43 121
43 123
43 127
43 130
43 131
43 134
43 142
43 145
43 148
43 150
43 166
43 168
43 178
43 180
43 181
43 182
46 3
46 19
46 26
46 38
46 48
46 49
46 54
46 56
46 58
46 59
46 62
46 64
46 68
46 71
46 73
46 77
46 79
46 80
46 81
46 82
46 83
46 90
46 92
46 94
46 96
46 99
46 109
46 111
46 112
46 118
46 121
46 123
46 125
46 127
46 130
46 131
46 133
46 137
46 143
46 144
46 145
46 150
46 154
46 158
46 163
46 168
46 173
46 176
46 179
46 180
46 186
46 187
47 19
47 44
47 59
47 61
47 73
47 80
47 127
47 130
47 181
54 3
54 5
54 26
54 62
54 64
54 71
54 73
54 77
54 80
54 82
54 83
54 92
54 97
54 99
54 106
54 112
54 118
54 121
54 123
54 125
54 127
54 129
54 130
54 143
54 144
54 150
54 151
54 158
54 168
54 176
61 5
61 19
61 38
61 44
61 48
61 59
61 73
61 80
61 127
61 130
61 140
61 144
61 151
61 176
61 179
61 181
62 3
62 5
62 19
62 26
62 56
62 59
62 64
62 71
62 73
62 79
62 80
62 81
62 90
62 92
62 118
62 121
62 123
62 125
62 127
62 129
62 130
62 131
62 137
62 144
62 145
62 151
62 158
62 163
62 168
62 176
62 177
62 180
64 5
64 19
64 26
64 38
64 48
64 49
64 56
64 58
64 59
64 68
64 71
64 73
64 79
64 80
64 81
64 90
64 92
64 94
64 109
64 112
64 118
64 121
64 123
64 125
64 127
64 128
64 129
64 130
64 131
64 133
64 137
64 144
64 145
64 151
64 154
64 158
64 163
64 168
64 173
64 176
64 179
64 180
64 187
71 2
71 3
71 5
71 15
71 17
71 19
71 26
71 29
71 30
71 37
71 38
71 44
71 45
71 48
71 49
71 55
71 56
71 58
71 59
71 68
71 69
71 73
71 77
71 79
71 80
71 81
71 82
71 83
71 84
71 89
71 90
71 92
71 94
71 95
71 96
71 97
71 99
71 106
71 107
71 109
71 111
71 112
71 118
71 121
71 123
71 124
71 125
71 127
71 128
71 129
71 130
71 131
71 133
71 135
71 136
71 137
71 140
71 143
71 144
71 145
71 149
71 150
71 151
71 154
71 158
71 167
71 168
71 171
71 173
71 174
71 176
71 177
71 179
71 186
71 187
71 188
73 3
73 5
73 7
73 19
73 26
73 30
73 49
73 53
73 56
73 66
73 77
73 79
73 80
73 81
73 88
73 89
73 91
73 92
73 99
73 107
73 116
73 118
73 121
73 123
73 125
73 127
73 129
73 130
73 131
73 136
73 137
73 142
73 144
73 145
73 150
73 151
73 158
73 166
73 168
73 176
73 177
73 178
73 180
73 181
73 182
77 5
77 44
77 92
77 99
77 106
77 118
77 123
77 125
77 127
77 130
77 134
77 135
77 137
77 144
77 145
77 150
77 168
77 177
80 3
80 5
80 19
80 26
80 56
80 59
80 79
80 90
80 92
80 95
80 118
80 121
80 123
80 125
80 129
80 130
80 131
80 137
80 144
80 151
80 158
80 168
80 175
80 176
80 181
81 5
81 6
81 8
81 13
81 17
81 19
81 27
81 29
81 30
81 31
81 37
81 38
81 50
81 51
81 56
81 60
81 66
81 68
81 69
81 89
81 92
81 95
81 97
81 99
81 103
81 104
81 105
81 107
81 112
81 113
81 114
81 120
81 121
81 124
81 125
81 127
81 130
81 131
81 132
81 136
81 137
81 138
81 140
81 144
81 145
81 147
81 156
81 159
81 163
81 164
81 165
81 168
81 170
81 171
81 172
81 174
81 175
81 176
81 179
81 180
88 52
88 91
88 99
88 107
88 121
88 125
88 130
88 145
88 180
88 181
91 21
91 23
91 75
91 99
91 107
91 121
91 125
91 130
91 131
91 142
91 145
91 166
91 180
91 181
91 188
92 3
92 5
92 7
92 19
92 26
92 30
92 39
92 53
92 56
92 89
92 107
92 118
92 121
92 123
92 125
92 127
92 129
92 130
92 131
92 136
92 137
92 144
92 145
92 150
92 151
92 155
92 158
92 168
92 176
92 177
92 182
99 2
99 3
99 15
99 17
99 26
99 29
99 30
99 37
99 45
99 49
99 55
99 69
99 82
99 83
99 84
99 96
99 97
99 105
99 107
99 111
99 112
99 121
99 124
99 125
99 128
99 130
99 137
99 140
99 143
99 144
99 145
99 150
99 154
99 167
99 168
99 171
99 174
99 176
99 179
99 180
99 181
99 188
107 3
107 7
107 19
107 30
107 31
107 39
107 44
107 49
107 53
107 56
107 66
107 89
107 116
107 121
107 125
107 130
107 131
107 136
107 137
107 142
107 144
107 145
107 155
107 166
107 168
107 176
107 178
107 180
107 181
107 182
107 183
111 3
111 49
111 79
111 82
111 83
111 96
111 137
111 143
111 144
111 150
111 176
111 186
111 187
118 5
118 19
118 26
118 56
118 59
118 79
118 90
118 121
118 123
118 125
118 127
118 129
118 130
118 131
118 137
118 142
118 144
118 150
118 151
118 158
118 168
118 176
121 2
121 3
121 5
121 7
121 8
121 13
121 15
121 17
121 21
121 23
121 26
121 27
121 29
121 31
121 37
121 38
121 45
121 48
121 49
121 50
121 53
121 55
121 56
121 58
121 60
121 68
121 69
121 75
121 84
121 94
121 95
121 97
121 103
121 105
121 109
121 112
121 113
121 114
121 120
121 124
121 125
121 127
121 128
121 129
121 130
121 131
121 133
121 137
121 138
121 140
121 144
121 145
121 147
121 151
121 154
121 158
121 159
121 163
121 164
121 165
121 166
121 167
121 168
121 170
121 171
121 172
121 173
121 174
121 175
121 179
121 180
121 181
121 182
121 188
123 19
123 26
123 56
123 59
123 79
123 90
123 125
123 127
123 130
123 131
123 137
123 144
123 150
123 158
123 168
123 176
125 5
125 19
125 26
125 38
125 45
125 48
125 49
125 56
125 58
125 59
125 68
125 79
125 90
125 94
125 109
125 112
125 127
125 129
125 130
125 131
125 133
125 137
125 144
125 145
125 151
125 154
125 158
125 163
125 168
125 173
125 176
125 179
125 180
125 181
125 182
127 5
127 8
127 13
127 17
127 19
127 27
127 29
127 31
127 37
127 38
127 48
127 49
127 50
127 56
127 58
127 60
127 68
127 69
127 89
127 94
127 95
127 97
127 103
127 105
127 109
127 112
127 113
127 114
127 120
127 124
127 130
127 133
127 137
127 138
127 140
127 144
127 145
127 147
127 150
127 151
127 154
127 159
127 163
127 164
127 165
127 168
127 170
127 171
127 172
127 173
127 174
127 175
127 176
127 179
127 180
130 3
130 5
130 7
130 19
130 26
130 30
130 32
130 38
130 39
130 44
130 45
130 48
130 49
130 53
130 56
130 58
130 63
130 65
130 68
130 76
130 85
130 87
130 89
130 90
130 94
130 98
130 106
130 109
130 112
130 116
130 126
130 129
130 131
130 133
130 134
130 136
130 137
130 140
130 142
130 144
130 145
130 149
130 150
130 151
130 154
130 155
130 158
130 163
130 166
130 168
130 173
130 176
130 177
130 178
130 179
130 180
130 181
130 182
137 3
137 6
137 19
137 26
137 30
137 31
137 38
137 48
137 49
137 51
137 56
137 58
137 59
137 66
137 68
137 79
137 82
137 83
137 89
137 90
137 94
137 96
137 104
137 109
137 112
137 131
137 132
137 133
137 136
137 143
137 144
137 145
137 150
137 154
137 156
137 158
137 168
137 173
137 176
137 179
137 180
137 186
137 187
143 3
143 26
143 49
143 82
143 83
143 96
143 97
143 144
143 150
143 168
143 176
143 186
143 187
145 3
145 7
145 19
145 21
145 30
145 32
145 38
145 39
145 45
145 48
145 49
145 53
145 56
145 58
145 63
145 65
145 66
145 68
145 76
145 85
145 89
145 94
145 98
145 106
145 109
145 112
145 116
145 126
145 131
145 133
145 134
145 136
145 141
145 142
145 144
145 149
145 154
145 155
145 163
145 166
145 168
145 173
145 176
145 177
145 178
145 179
145 180
145 181
145 182
150 3
150 49
150 82
150 83
150 96
150 144
150 168
150 176
150 186
150 187
163 180
168 3
168 5
168 7
168 19
168 26
168 30
168 38
168 39
168 48
168 49
168 53
168 56
168 58
168 59
168 68
168 79
168 82
168 83
168 89
168 90
168 94
168 97
168 106
168 109
168 112
168 129
168 131
168 133
168 136
168 144
168 151
168 154
168 155
168 158
168 173
168 176
168 177
168 179
168 182
176 3
176 5
176 19
176 26
176 30
176 38
176 48
176 49
176 56
176 59
176 79
176 82
176 83
176 89
176 90
176 95
176 96
176 97
176 103
176 131
176 136
176 140
176 144
176 151
176 158
176 175
176 179
176 186
176 187
180 6
180 19
180 31
180 38
180 44
180 51
180 66
180 68
180 89
180 93
180 104
180 112
180 132
180 144
180 156
180 157
180 179
180 181
181 131
181 166
186 187
187 128
2 15
2 17
2 29
2 37
2 45
2 49
2 55
2 69
2 84
2 112
2 124
2 128
2 140
2 154
2 167
2 171
2 174
2 188
15 17
15 29
15 37
15 45
15 49
15 55
15 69
15 84
15 112
15 124
15 128
15 140
15 154
15 167
15 171
15 174
15 188
17 5
17 8
17 13
17 27
17 29
17 37
17 45
17 49
17 50
17 55
17 60
17 69
17 84
17 95
17 97
17 103
17 105
17 112
17 113
17 114
17 120
17 124
17 128
17 133
17 138
17 140
17 147
17 154
17 159
17 164
17 165
17 167
17 170
17 171
17 172
17 173
17 174
17 175
17 179
17 188
29 5
29 8
29 13
29 27
29 37
29 45
29 49
29 50
29 55
29 60
29 69
29 84
29 95
29 97
29 103
29 105
29 112
29 113
29 114
29 120
29 124
29 128
29 138
29 140
29 147
29 154
29 159
29 164
29 165
29 167
29 170
29 171
29 172
29 174
29 175
29 179
29 188
37 5
37 8
37 13
37 27
37 45
37 49
37 50
37 55
37 60
37 69
37 84
37 95
37 97
37 103
37 105
37 112
37 113
37 114
37 120
37 124
37 128
37 133
37 138
37 140
37 147
37 154
37 159
37 164
37 165
37 167
37 170
37 171
37 172
37 173
37 174
37 175
37 179
37 188
45 32
45 49
45 55
45 63
45 65
45 69
45 76
45 84
45 85
45 98
45 112
45 124
45 126
45 128
45 134
45 140
45 149
45 154
45 167
45 171
45 174
45 182
45 188
49 3
49 7
49 38
49 48
49 53
49 55
49 56
49 58
49 68
49 69
49 82
49 83
49 84
49 94
49 96
49 109
49 112
49 124
49 128
49 131
49 133
49 140
49 144
49 154
49 166
49 167
49 171
49 173
49 174
49 179
49 182
49 188
55 7
55 50
55 69
55 84
55 112
55 124
55 128
55 140
55 154
55 167
55 171
55 174
55 188
69 5
69 7
69 8
69 13
69 27
69 60
69 84
69 95
69 103
69 105
69 112
69 113
69 114
69 120
69 124
69 128
69 138
69 140
69 147
69 154
69 159
69 165
69 167
69 170
69 171
69 172
69 174
69 175
69 179
69 188
84 112
84 124
84 128
84 140
84 154
84 167
84 171
84 174
84 188
112 3
112 6
112 11
112 26
112 38
112 48
112 51
112 56
112 58
112 66
112 68
112 87
112 93
112 94
112 104
112 106
112 109
112 124
112 128
112 132
112 133
112 140
112 144
112 149
112 154
112 156
112 157
112 167
112 171
112 173
112 174
112 179
112 183
112 184
112 188
124 5
124 8
124 13
124 27
124 50
124 60
124 95
124 97
124 103
124 105
124 113
124 114
124 120
124 128
124 138
124 140
124 147
124 154
124 159
124 164
124 165
124 167
124 170
124 171
124 172
124 174
124 175
124 179
124 188
128 140
128 154
128 167
128 171
128 174
128 188
140 5
140 8
140 13
140 27
140 38
140 48
140 50
140 51
140 60
140 94
140 95
140 97
140 103
140 105
140 113
140 114
140 120
140 133
140 138
140 144
140 147
140 151
140 154
140 159
140 164
140 165
140 167
140 170
140 171
140 172
140 174
140 175
140 179
140 188
154 38
154 48
154 56
154 58
154 68
154 94
154 109
154 133
154 138
154 165
154 167
154 171
154 173
154 174
154 179
154 188
167 171
167 174
167 188
171 5
171 8
171 13
171 27
171 50
171 60
171 95
171 97
171 103
171 105
171 113
171 114
171 120
171 138
171 147
171 159
171 164
171 165
171 170
171 172
171 174
171 175
171 179
171 188
174 5
174 8
174 13
174 27
174 50
174 60
174 95
174 97
174 103
174 105
174 113
174 114
174 120
174 138
174 147
174 159
174 164
174 165
174 170
174 172
174 175
174 179
174 188
188 67
3 7
3 26
3 53
3 68
3 82
3 83
3 96
3 106
3 131
3 144
3 149
3 166
3 179
3 182
7 30
7 39
7 53
7 56
7 131
7 144
7 155
7 166
7 182
26 5
26 19
26 48
26 56
26 59
26 79
26 82
26 83
26 90
26 97
26 106
26 129
26 131
26 144
26 151
26 158
26 165
53 30
53 39
53 56
53 131
53 144
53 155
53 166
53 177
53 182
68 6
68 19
68 31
68 38
68 48
68 51
68 56
68 58
68 66
68 89
68 94
68 104
68 109
68 132
68 133
68 144
68 149
68 156
68 173
68 179
82 83
82 96
82 97
82 144
83 96
83 97
83 144
96 144
106 144
131 19
131 30
131 39
131 56
131 59
131 66
131 75
131 79
131 89
131 90
131 136
131 144
131 155
131 158
131 166
131 177
131 178
131 182
144 5
144 19
144 30
144 31
144 38
144 39
144 44
144 48
144 56
144 59
144 79
144 89
144 90
144 95
144 97
144 129
144 135
144 136
144 151
144 155
144 158
144 177
144 179
144 182
149 32
149 63
149 65
149 76
149 85
149 98
149 126
149 134
166 66
166 155
166 177
166 178
166 182
179 5
179 8
179 13
179 19
179 27
179 31
179 38
179 48
179 50
179 56
179 58
179 60
179 89
179 94
179 95
179 97
179 103
179 105
179 109
179 113
179 114
179 120
179 133
179 138
179 147
179 151
179 159
179 164
179 165
179 170
179 172
179 173
179 175
182 30
182 39
182 56
182 79
182 90
182 142
182 155
48 5
48 38
48 56
48 58
48 94
48 109
48 133
48 151
48 173
5 8
5 13
5 27
5 38
5 44
5 50
5 60
5 95
5 97
5 103
5 105
5 113
5 114
5 120
5 129
5 135
5 138
5 147
5 151
5 158
5 159
5 164
5 165
5 170
5 172
5 175
5 177
8 13
8 27
8 50
8 60
8 95
8 97
8 103
8 105
8 113
8 114
8 120
8 138
8 147
8 159
8 164
8 165
8 170
8 172
8 175
13 27
13 60
13 95
13 103
13 105
13 113
13 114
13 120
13 138
13 147
13 159
13 165
13 170
13 172
13 175
27 60
27 95
27 103
27 105
27 113
27 114
27 120
27 133
27 138
27 147
27 159
27 165
27 170
27 172
27 173
27 175
38 6
38 19
38 31
38 56
38 58
38 66
38 89
38 93
38 94
38 104
38 109
38 133
38 151
38 156
38 157
38 173
44 19
44 59
44 135
44 177
50 97
50 164
50 172
60 95
60 103
60 105
60 113
60 114
60 120
60 138
60 147
60 159
60 165
60 170
60 172
60 175
95 97
95 103
95 105
95 113
95 114
95 120
95 138
95 147
95 159
95 165
95 170
95 172
95 175
97 164
97 165
97 172
97 175
103 105
103 113
103 114
103 120
103 138
103 147
103 159
103 165
103 170
103 172
103 175
105 113
105 114
105 120
105 138
105 147
105 159
105 165
105 170
105 172
105 175
113 114
113 120
113 138
113 147
113 159
113 165
113 170
113 172
113 175
114 120
114 138
114 147
114 159
114 165
114 170
114 172
114 175
120 138
120 147
120 159
120 165
120 170
120 172
120 175
129 151
129 158
135 177
138 147
138 159
138 165
138 170
138 172
138 175
147 159
147 165
147 170
147 172
147 175
151 158
158 19
158 56
158 59
158 79
158 90
159 165
159 170
159 172
159 175
164 172
165 51
165 170
165 172
165 175
170 172
170 175
172 175
177 6
177 66
177 178
6 51
6 66
6 93
6 104
6 110
6 132
6 156
6 157
51 66
51 104
51 132
51 156
66 30
66 93
66 104
66 132
66 156
66 157
66 178
93 104
93 156
93 157
104 132
104 156
104 157
110 18
110 23
110 40
110 74
110 139
110 148
132 156
156 157
30 19
30 31
30 39
30 56
30 89
30 116
30 136
30 142
30 155
30 178
30 183
39 56
39 155
56 19
56 58
56 59
56 79
56 89
56 90
56 94
56 109
56 133
56 136
56 155
56 173
9 67
9 86
9 141
9 169
67 86
67 141
67 169
86 141
86 169
141 169
19 31
19 59
19 79
19 89
19 90
19 136
31 89
58 94
58 109
58 133
58 173
89 136
94 109
94 133
94 173
109 133
109 173
133 173
11 87
11 183
11 184
87 183
87 184
183 184
21 23
21 75
23 18
23 75
23 148
32 63
32 65
32 76
32 85
32 98
32 126
32 134
63 65
63 76
63 85
63 98
63 126
63 134
65 76
65 85
65 98
65 126
65 134
76 85
76 98
76 126
76 134
85 98
85 126
85 134
98 126
98 134
126 134
178 116
178 142
59 79
59 90
79 90
18 40
18 74
18 139
18 148
40 74
40 139
74 139
28 185
28 189
185 189
116 142
78 102
78 108
102 108
102 162
