0 10
0 11
0 15
0 18
0 22
0 24
0 25
0 40
0 41
10 5
10 11
10 15
10 18
10 22
10 24
10 25
10 40
10 41
11 15
11 18
11 24
11 25
11 40
11 41
11 44
15 7
15 9
15 12
15 14
15 16
15 18
15 19
15 21
15 22
15 24
15 25
15 26
15 28
15 29
15 30
15 31
15 32
15 34
15 36
15 37
15 38
15 40
15 41
15 42
15 43
15 44
15 45
15 48
15 49
15 50
15 52
15 53
15 54
15 56
18 22
18 24
18 25
18 40
18 41
22 25
22 40
22 41
24 25
24 40
24 41
25 1
25 2
25 3
25 4
25 5
25 6
25 7
25 8
25 9
25 12
25 13
25 14
25 16
25 17
25 19
25 20
25 21
25 23
25 26
25 27
25 28
25 29
25 30
25 31
25 32
25 33
25 34
25 35
25 36
25 37
25 38
25 39
25 40
25 41
25 42
25 43
25 44
25 45
25 46
25 47
25 48
25 49
25 50
25 51
25 52
25 53
25 54
25 55
25 56
25 57
25 58
25 59
25 60
40 41
1 6
1 23
1 39
1 52
6 23
6 39
6 52
23 4
23 5
23 39
23 51
23 52
39 52
52 12
52 16
52 26
52 29
52 34
52 36
52 38
52 42
52 49
52 53
2 20
2 21
2 36
2 54
2 56
2 57
20 21
20 36
20 54
20 56
20 57
21 12
21 14
21 27
21 30
21 32
21 35
21 36
21 45
21 47
21 54
21 56
21 57
21 59
36 12
36 16
36 26
36 29
36 34
36 38
36 42
36 49
36 53
36 54
36 56
36 57
54 14
54 27
54 30
54 32
54 56
54 57
56 7
56 12
56 14
56 19
56 27
56 30
56 32
56 35
56 37
56 47
56 48
56 50
56 57
56 59
3 4
3 5
3 8
3 13
3 51
3 58
4 5
4 8
4 13
4 35
4 51
4 58
5 8
5 13
5 16
5 35
5 42
5 51
5 53
5 58
8 13
8 51
8 58
13 51
13 58
51 16
51 35
51 42
51 53
51 58
58 17
58 33
35 7
35 30
35 44
16 12
16 26
16 29
16 34
16 38
16 42
16 49
16 53
42 12
42 26
42 29
42 34
42 38
42 49
42 53
53 12
53 26
53 29
53 34
53 38
53 49
7 19
7 37
7 48
7 50
19 37
19 48
19 50
37 48
37 50
48 9
48 28
48 31
48 43
48 44
48 50
50 9
50 28
50 31
50 43
50 44
9 28
9 31
9 43
9 44
28 31
28 43
28 44
31 43
31 44
43 44
12 26
12 29
12 34
12 38
12 49
26 29
26 34
26 38
26 49
29 34
29 38
29 49
34 38
34 49
38 49
49 45
14 27
14 30
14 32
27 30
30 32
30 45
30 47
30 59
17 33
47 59
46 55
46 60
55 60
