0 6
0 8
0 30
6 8
6 30
8 1
8 2
8 3
8 4
8 5
8 7
8 9
8 10
8 11
8 12
8 13
8 14
8 15
8 16
8 17
8 18
8 19
8 20
8 21
8 22
8 23
8 24
8 25
8 26
8 27
8 28
8 29
8 30
8 31
8 32
30 3
30 5
30 19
30 20
30 22
30 27
30 29
30 32
1 5
1 20
1 24
5 3
5 20
5 24
20 3
20 24
2 9
2 17
2 26
9 13
9 26
17 7
17 12
17 16
17 23
4 11
4 12
4 15
4 23
12 15
12 23
12 31
15 10
15 21
23 31
10 21
13 14
16 21
19 22
19 27
19 29
19 32
22 27
22 29
22 32
25 28
27 29
27 32
29 32
