0 12
0 13
0 15
0 16
0 18
0 25
12 13
12 15
12 16
12 18
12 25
13 15
13 16
13 18
13 25
15 1
15 3
15 4
15 5
15 6
15 9
15 16
15 18
15 21
15 23
15 25
15 26
15 28
15 30
15 31
15 35
15 36
15 37
15 38
16 18
16 25
18 1
18 2
18 3
18 4
18 5
18 6
18 7
18 8
18 9
18 10
18 11
18 14
18 17
18 19
18 20
18 21
18 22
18 23
18 24
18 25
18 26
18 27
18 28
18 29
18 30
18 31
18 32
18 33
18 34
18 35
18 36
18 37
18 38
18 39
1 37
1 38
37 4
37 6
37 23
37 28
37 38
2 3
2 7
2 17
2 33
3 4
3 6
3 7
3 17
3 28
3 33
7 6
7 8
7 10
7 11
7 14
7 17
7 24
7 27
7 33
17 11
17 33
33 6
33 8
33 11
33 14
33 24
4 6
4 28
6 8
6 14
6 28
6 29
6 34
5 9
5 21
5 26
5 30
5 31
5 35
5 36
9 21
9 26
9 30
9 31
9 35
9 36
21 26
21 30
21 31
21 35
21 36
26 30
26 31
26 35
26 36
30 31
30 35
30 36
31 35
31 36
35 36
8 14
29 34
10 19
10 20
10 22
10 27
10 32
10 39
19 20
19 22
19 32
19 39
20 22
20 32
20 39
22 32
22 39
32 39
