0 3
0 5
0 7
0 15
0 17
0 19
0 23
0 24
0 32
0 33
0 45
0 64
3 1
3 4
3 5
3 7
3 15
3 17
3 23
3 24
3 26
3 30
3 32
3 33
3 36
3 40
3 41
3 43
3 44
3 45
3 48
3 49
3 53
3 54
3 59
3 63
3 64
5 2
5 7
5 12
5 15
5 17
5 18
5 23
5 24
5 32
5 33
5 45
5 64
7 15
7 17
7 19
7 23
7 24
7 26
7 27
7 32
7 33
7 35
7 40
7 41
7 44
7 45
7 52
7 54
7 55
7 59
7 64
15 1
15 6
15 17
15 19
15 23
15 24
15 26
15 27
15 32
15 33
15 35
15 36
15 40
15 41
15 43
15 45
15 49
15 52
15 55
15 64
17 19
17 23
17 24
17 32
17 33
17 45
17 64
19 1
19 6
19 23
19 26
19 27
19 33
19 35
19 36
19 43
19 45
19 49
19 55
19 64
23 2
23 11
23 24
23 26
23 27
23 30
23 32
23 33
23 35
23 37
23 39
23 40
23 41
23 45
23 51
23 52
23 54
23 55
23 57
23 58
23 64
24 2
24 32
24 33
24 45
24 64
32 26
32 33
32 40
32 41
32 45
32 52
32 64
33 1
33 2
33 4
33 6
33 8
33 9
33 10
33 11
33 12
33 13
33 14
33 16
33 18
33 20
33 21
33 22
33 25
33 26
33 27
33 28
33 29
33 30
33 31
33 34
33 35
33 36
33 37
33 38
33 39
33 40
33 41
33 42
33 43
33 44
33 45
33 46
33 47
33 48
33 49
33 50
33 51
33 52
33 53
33 54
33 55
33 56
33 57
33 58
33 59
33 60
33 61
33 62
33 63
33 64
45 64
64 1
64 6
64 26
64 27
64 35
64 36
64 43
64 49
64 55
1 6
1 26
1 35
1 36
1 43
1 48
1 49
6 26
6 35
6 36
6 43
6 49
26 16
26 35
26 36
26 40
26 43
26 49
35 27
35 36
35 43
35 49
35 55
36 11
36 43
36 49
36 54
43 48
43 49
48 44
48 49
2 4
2 11
2 12
2 18
2 30
2 37
2 39
2 40
2 41
2 54
2 57
2 58
4 10
4 12
4 13
4 14
4 16
4 18
4 20
4 21
4 22
4 25
4 28
4 30
4 34
4 42
4 53
4 56
4 63
11 30
11 37
11 39
11 41
11 54
11 57
11 58
12 16
12 18
12 28
12 30
12 31
12 42
12 53
12 56
12 57
18 16
18 28
18 30
18 31
18 42
18 53
18 56
18 57
30 8
30 9
30 10
30 13
30 14
30 16
30 20
30 21
30 22
30 25
30 28
30 29
30 31
30 34
30 37
30 38
30 39
30 41
30 42
30 46
30 47
30 50
30 51
30 53
30 54
30 56
30 57
30 58
30 60
30 62
30 63
37 16
37 20
37 39
37 41
37 51
37 54
37 57
37 58
39 9
39 16
39 20
39 41
39 51
39 54
39 57
39 58
40 54
41 54
41 57
41 58
54 16
54 44
54 51
54 57
54 58
54 59
57 9
57 16
57 20
57 46
57 51
57 58
44 59
53 10
53 13
53 14
53 16
53 21
53 25
53 28
53 31
53 34
53 42
53 46
53 56
53 60
53 63
59 10
63 10
63 13
63 14
63 21
63 25
63 28
63 31
63 34
10 9
10 13
10 14
10 21
10 22
10 25
10 28
10 31
10 34
13 14
13 21
13 25
13 28
13 31
13 34
14 21
14 25
14 28
14 31
14 34
14 50
16 20
16 22
16 28
16 42
16 51
16 56
16 61
16 62
20 22
20 42
20 56
21 22
21 25
21 28
21 31
21 34
21 60
22 25
22 28
22 34
22 42
22 56
25 28
25 31
25 34
28 31
28 34
28 42
28 56
34 31
42 9
42 47
42 56
56 31
8 29
8 38
29 38
38 61
9 47
31 50
31 51
50 51
61 62
