0 5
0 6
0 22
0 27
0 37
0 43
0 52
0 57
0 63
0 69
0 70
0 72
0 73
0 77
0 81
0 93
0 98
0 101
0 108
0 109
0 111
0 113
0 115
0 120
5 6
5 22
5 24
5 27
5 37
5 38
5 43
5 45
5 51
5 52
5 57
5 58
5 63
5 69
5 70
5 71
5 72
5 73
5 74
5 77
5 81
5 89
5 93
5 98
5 101
5 108
5 109
5 111
5 113
5 115
5 118
5 120
5 122
6 4
6 7
6 8
6 9
6 11
6 12
6 14
6 17
6 18
6 19
6 20
6 21
6 22
6 25
6 26
6 27
6 30
6 31
6 36
6 37
6 38
6 39
6 40
6 41
6 43
6 44
6 46
6 47
6 48
6 49
6 50
6 51
6 52
6 56
6 57
6 58
6 60
6 61
6 63
6 65
6 67
6 68
6 69
6 70
6 72
6 73
6 75
6 76
6 77
6 81
6 83
6 90
6 91
6 93
6 94
6 95
6 96
6 97
6 98
6 101
6 102
6 103
6 108
6 109
6 111
6 112
6 113
6 114
6 115
6 116
6 119
6 120
22 27
22 37
22 43
22 52
22 57
22 63
22 67
22 69
22 70
22 72
22 73
22 77
22 81
22 93
22 98
22 101
22 108
22 109
22 111
22 113
22 115
22 120
27 37
27 43
27 52
27 57
27 63
27 69
27 70
27 72
27 73
27 77
27 81
27 93
27 98
27 101
27 108
27 109
27 111
27 113
27 115
27 120
37 4
37 7
37 8
37 9
37 11
37 14
37 17
37 18
37 19
37 20
37 21
37 25
37 26
37 29
37 30
37 31
37 34
37 36
37 38
37 39
37 40
37 43
37 46
37 48
37 49
37 50
37 51
37 52
37 56
37 57
37 60
37 61
37 63
37 65
37 67
37 68
37 69
37 70
37 72
37 73
37 75
37 77
37 78
37 81
37 83
37 91
37 93
37 94
37 95
37 96
37 97
37 98
37 101
37 102
37 103
37 108
37 109
37 111
37 112
37 113
37 115
37 119
37 120
37 123
43 4
43 7
43 8
43 9
43 11
43 14
43 16
43 17
43 18
43 19
43 20
43 21
43 25
43 26
43 30
43 31
43 32
43 34
43 36
43 38
43 39
43 40
43 46
43 48
43 49
43 50
43 51
43 52
43 56
43 57
43 60
43 61
43 63
43 65
43 67
43 68
43 69
43 70
43 71
43 72
43 73
43 74
43 75
43 77
43 81
43 83
43 89
43 91
43 93
43 94
43 95
43 96
43 97
43 98
43 100
43 101
43 102
43 103
43 108
43 109
43 111
43 112
43 113
43 115
43 119
43 120
43 121
52 57
52 63
52 69
52 70
52 72
52 73
52 77
52 81
52 93
52 98
52 101
52 108
52 109
52 111
52 113
52 115
52 120
57 63
57 69
57 70
57 72
57 73
57 77
57 81
57 93
57 98
57 101
57 108
57 109
57 111
57 113
57 115
57 120
63 69
63 70
63 72
63 73
63 77
63 81
63 93
63 98
63 101
63 108
63 109
63 111
63 113
63 115
63 120
69 70
69 72
69 73
69 77
69 81
69 93
69 98
69 101
69 108
69 109
69 111
69 113
69 115
69 120
70 72
70 73
70 77
70 81
70 93
70 98
70 101
70 108
70 109
70 111
70 113
70 115
70 120
72 73
72 77
72 81
72 93
72 98
72 101
72 108
72 109
72 111
72 113
72 115
72 120
73 77
73 81
73 93
73 98
73 101
73 108
73 109
73 111
73 113
73 115
73 120
77 1
77 4
77 7
77 8
77 9
77 10
77 11
77 12
77 13
77 14
77 15
77 17
77 18
77 19
77 20
77 21
77 23
77 24
77 25
77 26
77 30
77 31
77 33
77 34
77 36
77 38
77 39
77 40
77 41
77 42
77 44
77 46
77 47
77 48
77 49
77 50
77 51
77 53
77 54
77 55
77 56
77 58
77 59
77 60
77 61
77 64
77 65
77 66
77 67
77 68
77 75
77 76
77 81
77 83
77 86
77 87
77 88
77 90
77 91
77 93
77 94
77 95
77 96
77 97
77 98
77 99
77 101
77 102
77 103
77 104
77 106
77 107
77 108
77 109
77 111
77 112
77 113
77 114
77 115
77 116
77 117
77 118
77 119
77 120
77 124
81 93
81 98
81 101
81 108
81 109
81 111
81 113
81 115
81 120
93 1
93 2
93 3
93 4
93 7
93 8
93 9
93 10
93 11
93 12
93 13
93 14
93 15
93 16
93 17
93 18
93 19
93 20
93 21
93 23
93 24
93 25
93 26
93 28
93 29
93 30
93 31
93 32
93 33
93 34
93 35
93 36
93 38
93 39
93 40
93 41
93 42
93 44
93 45
93 46
93 47
93 48
93 49
93 50
93 51
93 53
93 54
93 55
93 56
93 58
93 59
93 60
93 61
93 62
93 64
93 65
93 66
93 67
93 68
93 71
93 74
93 75
93 76
93 78
93 79
93 80
93 82
93 83
93 84
93 85
93 86
93 87
93 88
93 89
93 90
93 91
93 92
93 94
93 95
93 96
93 97
93 98
93 99
93 100
93 101
93 102
93 103
93 104
93 105
93 106
93 107
93 108
93 109
93 110
93 111
93 112
93 113
93 114
93 115
93 116
93 117
93 118
93 119
93 120
93 121
93 122
93 123
93 124
93 125
93 126
98 38
98 51
98 61
98 62
98 79
98 82
98 85
98 92
98 101
98 105
98 108
98 109
98 111
98 113
98 115
98 120
98 126
101 108
101 109
101 111
101 113
101 115
101 120
108 88
108 109
108 111
108 113
108 115
108 120
109 111
109 113
109 115
109 120
111 8
111 11
111 14
111 17
111 18
111 19
111 21
111 25
111 26
111 36
111 40
111 46
111 48
111 49
111 50
111 65
111 68
111 83
111 94
111 95
111 97
111 103
111 112
111 113
111 115
111 120
113 1
113 4
113 7
113 8
113 9
113 10
113 11
113 12
113 13
113 14
113 15
113 17
113 18
113 19
113 20
113 21
113 23
113 25
113 26
113 30
113 31
113 33
113 34
113 36
113 38
113 39
113 40
113 41
113 42
113 44
113 46
113 47
113 48
113 49
113 50
113 51
113 53
113 54
113 55
113 56
113 58
113 59
113 60
113 61
113 64
113 65
113 66
113 67
113 68
113 75
113 76
113 83
113 86
113 87
113 88
113 90
113 91
113 94
113 95
113 96
113 97
113 99
113 102
113 103
113 104
113 106
113 107
113 112
113 114
113 115
113 116
113 117
113 119
113 120
113 124
115 7
115 11
115 44
115 60
115 88
115 119
115 120
120 24
120 30
120 31
120 38
120 51
120 58
120 67
120 94
120 102
120 119
1 12
1 13
1 23
1 42
1 53
1 59
1 64
1 66
1 68
1 87
1 99
1 104
1 107
1 117
12 10
12 11
12 13
12 15
12 23
12 33
12 38
12 39
12 41
12 42
12 47
12 53
12 54
12 55
12 58
12 59
12 64
12 66
12 68
12 75
12 76
12 86
12 87
12 88
12 90
12 99
12 104
12 106
12 107
12 114
12 116
12 117
12 124
13 23
13 42
13 53
13 59
13 64
13 66
13 68
13 87
13 99
13 104
13 107
13 117
23 20
23 42
23 53
23 59
23 64
23 66
23 68
23 87
23 99
23 104
23 107
23 117
42 53
42 59
42 64
42 66
42 68
42 87
42 99
42 104
42 107
42 117
53 59
53 64
53 66
53 68
53 87
53 99
53 104
53 107
53 117
59 64
59 66
59 68
59 87
59 99
59 104
59 107
59 117
64 66
64 68
64 87
64 99
64 104
64 107
64 117
66 68
66 87
66 99
66 104
66 107
66 117
68 8
68 11
68 14
68 17
68 18
68 19
68 21
68 25
68 26
68 36
68 38
68 40
68 41
68 46
68 47
68 48
68 49
68 50
68 58
68 65
68 75
68 76
68 83
68 87
68 90
68 94
68 95
68 97
68 99
68 103
68 104
68 107
68 112
68 114
68 116
68 117
87 99
87 104
87 107
87 112
87 117
99 104
99 107
99 117
104 20
104 107
104 117
107 117
2 3
2 4
2 15
2 33
2 39
2 41
2 54
2 56
2 86
2 88
2 106
2 116
2 118
2 125
3 125
4 7
4 9
4 15
4 20
4 25
4 30
4 31
4 33
4 34
4 38
4 39
4 40
4 41
4 49
4 51
4 54
4 56
4 60
4 61
4 67
4 75
4 91
4 96
4 97
4 102
4 116
4 119
15 7
15 10
15 33
15 39
15 41
15 54
15 55
15 56
15 60
15 67
15 75
15 86
15 88
15 106
15 116
15 118
15 119
15 124
33 10
33 39
33 40
33 41
33 54
33 55
33 56
33 60
33 75
33 86
33 88
33 106
33 116
33 119
33 124
39 7
39 9
39 10
39 20
39 25
39 30
39 31
39 34
39 38
39 41
39 49
39 51
39 54
39 55
39 56
39 60
39 61
39 67
39 75
39 84
39 86
39 88
39 91
39 96
39 97
39 102
39 106
39 116
39 118
39 119
39 124
41 10
41 11
41 38
41 47
41 54
41 55
41 56
41 58
41 60
41 75
41 76
41 86
41 88
41 90
41 106
41 114
41 116
41 124
54 7
54 10
54 55
54 56
54 60
54 67
54 75
54 86
54 88
54 106
54 116
54 118
54 119
54 124
56 7
56 9
56 20
56 30
56 31
56 38
56 51
56 60
56 61
56 67
56 75
56 91
56 96
56 102
56 116
56 119
86 10
86 55
86 67
86 75
86 88
86 106
86 116
86 118
86 119
86 124
88 10
88 55
88 75
88 106
88 116
88 124
106 10
106 55
106 60
106 67
106 75
106 116
106 119
106 124
116 10
116 11
116 38
116 47
116 55
116 58
116 60
116 75
116 76
116 90
116 114
116 124
118 7
118 24
118 45
118 71
118 74
118 89
118 91
118 122
7 9
7 20
7 25
7 30
7 31
7 34
7 38
7 49
7 51
7 60
7 61
7 67
7 75
7 91
7 96
7 97
7 102
7 119
9 20
9 25
9 30
9 31
9 34
9 38
9 51
9 60
9 61
9 67
9 75
9 91
9 96
9 97
9 102
9 119
20 18
20 25
20 30
20 31
20 38
20 51
20 60
20 61
20 67
20 75
20 91
20 96
20 102
20 119
25 8
25 11
25 14
25 17
25 18
25 19
25 21
25 26
25 30
25 36
25 38
25 40
25 46
25 48
25 49
25 50
25 51
25 60
25 65
25 67
25 75
25 83
25 91
25 94
25 95
25 96
25 97
25 102
25 103
25 112
25 119
30 31
30 34
30 38
30 49
30 51
30 60
30 61
30 67
30 75
30 91
30 96
30 97
30 102
30 119
31 16
31 38
31 51
31 58
31 60
31 61
31 67
31 71
31 74
31 75
31 89
31 91
31 96
31 102
31 119
31 122
34 38
34 51
34 60
34 67
34 71
34 74
34 75
34 80
34 84
34 91
34 96
34 97
34 102
34 110
34 119
38 11
38 47
38 49
38 51
38 58
38 60
38 61
38 67
38 75
38 76
38 90
38 91
38 94
38 96
38 97
38 102
38 114
38 119
40 8
40 11
40 14
40 17
40 18
40 19
40 21
40 26
40 36
40 46
40 48
40 49
40 50
40 65
40 83
40 94
40 95
40 97
40 103
40 112
49 8
49 11
49 14
49 17
49 18
49 19
49 21
49 26
49 36
49 46
49 48
49 50
49 60
49 65
49 67
49 83
49 94
49 95
49 97
49 103
49 112
49 119
51 58
51 60
51 61
51 67
51 75
51 78
51 91
51 96
51 97
51 102
51 119
51 123
60 10
60 29
60 61
60 65
60 67
60 75
60 91
60 94
60 96
60 97
60 102
60 119
60 122
61 67
61 75
61 91
61 96
61 102
61 119
67 58
67 75
67 91
67 96
67 97
67 102
67 119
75 10
75 11
75 47
75 55
75 58
75 76
75 90
75 91
75 96
75 97
75 102
75 114
75 119
75 124
91 96
91 97
91 102
91 119
96 58
96 78
96 97
96 102
96 119
96 123
97 8
97 11
97 14
97 17
97 18
97 19
97 21
97 26
97 29
97 36
97 46
97 48
97 50
97 65
97 83
97 94
97 95
97 102
97 103
97 112
97 119
102 16
102 58
102 71
102 119
119 71
24 45
24 58
24 71
24 74
24 89
24 122
45 71
45 74
45 89
45 122
58 11
58 17
58 47
58 76
58 78
58 90
58 112
58 114
58 123
71 16
71 29
71 32
71 74
71 78
71 80
71 84
71 89
71 100
71 110
71 121
71 122
71 123
74 16
74 78
74 80
74 84
74 89
74 100
74 110
74 122
74 123
89 16
89 29
89 32
89 78
89 80
89 100
89 110
89 121
89 122
89 123
122 16
122 28
122 35
8 11
8 14
8 17
8 18
8 19
8 21
8 26
8 36
8 46
8 48
8 50
8 65
8 83
8 94
8 95
8 103
8 112
11 14
11 17
11 18
11 19
11 21
11 26
11 36
11 44
11 46
11 47
11 48
11 50
11 65
11 76
11 83
11 90
11 94
11 95
11 103
11 112
11 114
14 17
14 18
14 19
14 21
14 26
14 36
14 46
14 48
14 50
14 65
14 83
14 94
14 95
14 103
14 112
17 18
17 19
17 21
17 26
17 36
17 46
17 48
17 50
17 65
17 83
17 94
17 95
17 103
17 112
18 19
18 21
18 26
18 36
18 46
18 48
18 50
18 65
18 83
18 94
18 95
18 103
18 112
19 21
19 26
19 36
19 46
19 48
19 50
19 65
19 83
19 94
19 95
19 103
19 112
21 26
21 36
21 46
21 48
21 50
21 65
21 83
21 94
21 95
21 103
21 112
26 36
26 46
26 48
26 50
26 65
26 83
26 94
26 95
26 103
26 112
36 46
36 48
36 50
36 65
36 83
36 94
36 95
36 103
36 112
46 48
46 50
46 65
46 83
46 94
46 95
46 103
46 112
47 76
47 90
47 114
48 50
48 65
48 83
48 94
48 95
48 103
48 112
50 65
50 83
50 94
50 95
50 103
50 112
65 83
65 94
65 95
65 103
65 112
76 90
76 114
83 94
83 95
83 103
83 112
90 114
94 95
94 103
94 112
95 103
95 112
103 112
114 10
10 55
10 124
55 124
124 126
16 32
16 100
16 121
32 80
32 100
32 121
100 121
28 35
29 78
29 80
29 110
29 123
78 80
78 110
78 123
80 84
80 110
80 123
110 123
62 79
62 82
62 85
62 92
62 105
62 126
79 82
79 85
79 92
79 105
79 126
82 85
82 92
82 105
82 126
85 92
85 105
85 126
92 105
92 126
105 126
