0 4
0 11
0 13
0 18
0 20
0 23
0 25
0 32
0 37
0 42
0 43
0 47
0 50
0 53
4 1
4 2
4 3
4 5
4 6
4 7
4 8
4 9
4 10
4 11
4 12
4 13
4 14
4 15
4 16
4 17
4 18
4 19
4 20
4 21
4 22
4 23
4 24
4 25
4 26
4 27
4 28
4 29
4 30
4 31
4 32
4 33
4 34
4 35
4 36
4 37
4 38
4 39
4 40
4 41
4 42
4 43
4 44
4 45
4 46
4 47
4 48
4 49
4 50
4 51
4 52
4 53
11 2
11 3
11 5
11 6
11 7
11 12
11 14
11 15
11 18
11 19
11 20
11 21
11 23
11 24
11 26
11 27
11 30
11 31
11 32
11 33
11 34
11 35
11 36
11 37
11 38
11 39
11 40
11 42
11 43
11 44
11 47
11 48
11 50
11 52
13 5
13 8
13 9
13 16
13 17
13 18
13 22
13 25
13 27
13 28
13 29
13 41
13 45
13 46
13 49
13 50
13 51
13 52
13 53
18 2
18 3
18 5
18 6
18 7
18 8
18 12
18 14
18 15
18 16
18 19
18 20
18 21
18 23
18 24
18 26
18 30
18 31
18 32
18 33
18 34
18 35
18 36
18 37
18 38
18 39
18 40
18 42
18 43
18 44
18 47
18 48
18 50
18 52
20 23
20 25
20 27
20 36
20 37
20 42
20 43
20 50
20 53
23 2
23 3
23 5
23 6
23 7
23 12
23 14
23 15
23 19
23 21
23 24
23 26
23 30
23 31
23 32
23 33
23 34
23 35
23 36
23 37
23 38
23 39
23 40
23 42
23 43
23 44
23 47
23 48
23 50
23 52
25 5
25 8
25 9
25 16
25 17
25 21
25 22
25 27
25 28
25 29
25 41
25 45
25 46
25 49
25 50
25 51
25 52
25 53
32 2
32 12
32 30
32 35
32 36
32 37
32 42
32 43
32 47
32 50
37 5
37 21
37 27
37 36
37 42
37 43
37 47
37 50
42 2
42 3
42 5
42 6
42 7
42 12
42 14
42 15
42 19
42 21
42 24
42 26
42 30
42 31
42 33
42 34
42 35
42 36
42 38
42 39
42 40
42 43
42 44
42 47
42 48
42 50
42 52
43 1
43 2
43 3
43 5
43 6
43 7
43 10
43 12
43 14
43 15
43 19
43 21
43 24
43 26
43 30
43 31
43 33
43 34
43 35
43 36
43 38
43 39
43 40
43 44
43 47
43 48
43 50
43 52
47 1
47 2
47 5
47 6
47 8
47 12
47 14
47 15
47 16
47 19
47 21
47 24
47 26
47 28
47 33
47 34
47 35
47 36
47 39
47 40
47 41
47 44
47 48
47 50
47 53
50 2
50 5
50 6
50 7
50 8
50 9
50 12
50 14
50 15
50 16
50 17
50 19
50 21
50 22
50 24
50 26
50 27
50 28
50 29
50 30
50 33
50 34
50 35
50 36
50 39
50 40
50 41
50 44
50 45
50 46
50 48
50 49
50 51
50 52
50 53
53 5
53 8
53 9
53 16
53 17
53 21
53 22
53 27
53 28
53 29
53 30
53 36
53 41
53 45
53 46
53 49
53 51
53 52
1 15
1 21
1 30
1 48
15 2
15 19
15 26
15 35
15 39
21 5
21 8
21 12
21 14
21 19
21 24
21 26
21 27
21 30
21 35
21 36
21 39
21 40
21 44
21 45
21 48
30 2
30 12
30 35
30 36
48 6
48 7
48 33
48 34
48 35
48 36
48 39
48 40
48 44
2 3
2 12
2 19
2 26
2 31
2 35
2 36
2 38
2 39
3 31
3 38
3 39
12 5
12 14
12 19
12 24
12 26
12 35
12 36
12 39
12 40
19 5
19 14
19 24
19 26
19 35
19 36
19 39
19 40
26 5
26 14
26 24
26 35
26 36
26 39
26 40
31 38
31 39
35 5
35 6
35 7
35 10
35 14
35 24
35 33
35 34
35 36
35 39
35 40
35 44
36 5
36 7
36 8
36 14
36 24
36 27
36 34
36 39
36 40
36 45
38 39
39 5
39 14
39 24
39 40
39 44
5 8
5 9
5 14
5 16
5 17
5 22
5 24
5 27
5 28
5 29
5 40
5 41
5 45
5 46
5 49
5 51
5 52
6 33
6 34
6 44
7 34
7 40
8 9
8 16
8 17
8 22
8 27
8 28
8 29
8 41
8 45
8 46
8 49
8 51
8 52
9 16
9 17
9 22
9 27
9 28
9 29
9 41
9 45
9 46
9 49
9 51
9 52
14 24
14 40
16 17
16 22
16 27
16 28
16 29
16 41
16 45
16 46
16 49
16 51
16 52
17 22
17 27
17 28
17 29
17 41
17 45
17 46
17 49
17 51
17 52
22 27
22 28
22 29
22 41
22 45
22 46
22 49
22 51
22 52
24 40
27 28
27 29
27 41
27 45
27 46
27 49
27 51
27 52
28 29
28 41
28 45
28 46
28 49
28 51
28 52
29 41
29 45
29 46
29 49
29 51
29 52
33 34
33 44
34 40
34 44
40 44
41 45
41 46
41 49
41 51
41 52
45 46
45 49
45 51
45 52
46 49
46 51
46 52
49 51
49 52
51 52
