0 1
0 11
0 15
0 16
0 18
0 21
0 23
0 24
0 28
0 29
0 31
0 33
0 35
0 37
0 39
0 42
0 47
0 52
1 11
1 15
1 16
1 17
1 18
1 21
1 24
1 28
1 29
1 31
1 33
1 35
1 37
1 39
1 42
1 47
1 52
11 15
11 16
11 18
11 21
11 23
11 24
11 28
11 29
11 31
11 33
11 35
11 37
11 39
11 42
11 47
11 52
15 16
15 18
15 21
15 23
15 24
15 28
15 29
15 31
15 33
15 35
15 37
15 39
15 42
15 47
15 52
16 18
16 21
16 24
16 28
16 29
16 31
16 33
16 35
16 37
16 39
16 42
16 47
16 49
16 52
18 21
18 24
18 28
18 29
18 31
18 33
18 35
18 37
18 39
18 42
18 47
18 52
21 24
21 28
21 29
21 31
21 33
21 35
21 37
21 39
21 42
21 47
21 52
23 6
23 17
23 24
23 26
23 33
23 35
23 37
23 48
24 28
24 29
24 31
24 33
24 35
24 37
24 39
24 42
24 47
24 52
28 29
28 31
28 33
28 35
28 37
28 38
28 39
28 42
28 47
28 52
29 31
29 33
29 35
29 37
29 39
29 42
29 47
29 52
31 33
31 35
31 37
31 39
31 42
31 47
31 52
33 5
33 6
33 8
33 17
33 22
33 26
33 35
33 37
33 39
33 42
33 45
33 47
33 52
35 2
35 3
35 4
35 5
35 6
35 7
35 8
35 9
35 10
35 12
35 13
35 14
35 17
35 19
35 20
35 22
35 25
35 26
35 27
35 30
35 32
35 34
35 36
35 37
35 38
35 39
35 40
35 41
35 42
35 43
35 44
35 45
35 46
35 47
35 48
35 49
35 50
35 51
35 52
37 39
37 42
37 47
37 52
39 42
39 47
39 52
42 38
42 47
42 52
47 52
52 45
17 6
17 26
2 4
2 9
2 10
2 12
2 14
2 19
2 20
2 25
2 27
2 30
2 34
2 40
2 41
2 46
2 50
2 51
4 9
4 10
4 12
4 14
4 19
4 20
4 25
4 27
4 30
4 34
4 40
4 41
4 46
4 50
4 51
9 10
9 12
9 14
9 19
9 20
9 25
9 27
9 30
9 34
9 40
9 41
9 46
9 50
9 51
10 12
10 14
10 19
10 20
10 25
10 27
10 30
10 34
10 40
10 41
10 46
10 50
10 51
12 14
12 19
12 20
12 25
12 27
12 30
12 34
12 40
12 41
12 46
12 50
12 51
14 19
14 20
14 25
14 27
14 30
14 34
14 40
14 41
14 46
14 50
14 51
19 20
19 25
19 27
19 30
19 34
19 40
19 41
19 46
19 50
19 51
20 25
20 27
20 30
20 34
20 40
20 41
20 46
20 50
20 51
25 27
25 30
25 34
25 40
25 41
25 46
25 50
25 51
27 30
27 34
27 40
27 41
27 46
27 50
27 51
30 34
30 40
30 41
30 46
30 50
30 51
34 40
34 41
34 46
34 50
34 51
40 41
40 46
40 50
40 51
41 46
41 50
41 51
46 50
46 51
50 44
50 48
50 51
3 48
48 32
48 44
5 6
5 8
5 22
5 45
6 8
6 22
6 45
8 22
8 45
22 45
7 36
7 49
36 49
13 38
