0 37
0 39
0 47
0 61
0 67
0 71
37 7
37 10
37 23
37 32
37 34
37 39
37 44
37 47
37 59
37 61
37 63
37 67
37 70
37 71
39 1
39 2
39 3
39 4
39 5
39 6
39 7
39 8
39 9
39 10
39 11
39 12
39 13
39 14
39 15
39 16
39 17
39 18
39 19
39 20
39 21
39 22
39 23
39 24
39 25
39 26
39 27
39 28
39 29
39 30
39 31
39 32
39 33
39 34
39 35
39 36
39 38
39 40
39 41
39 42
39 43
39 44
39 45
39 46
39 47
39 48
39 49
39 50
39 51
39 52
39 53
39 54
39 55
39 56
39 57
39 58
39 59
39 60
39 61
39 62
39 63
39 64
39 65
39 66
39 67
39 68
39 69
39 70
39 71
39 72
39 73
39 74
47 61
47 67
47 71
61 3
61 4
61 6
61 7
61 10
61 14
61 17
61 19
61 21
61 23
61 24
61 29
61 31
61 32
61 34
61 44
61 45
61 46
61 53
61 58
61 59
61 63
61 64
61 65
61 66
61 67
61 70
61 71
61 72
61 73
67 7
67 10
67 23
67 32
67 44
67 46
67 58
67 63
67 70
67 71
67 72
71 6
71 21
71 23
71 32
71 44
71 59
71 70
71 72
1 2
1 15
1 26
1 30
1 33
1 35
1 43
1 50
1 55
2 15
2 26
2 30
2 33
2 35
2 43
2 50
2 55
15 3
15 12
15 13
15 14
15 26
15 30
15 33
15 35
15 36
15 38
15 41
15 43
15 50
15 55
15 56
15 57
15 64
15 65
15 66
26 30
26 33
26 35
26 43
26 50
26 55
30 33
30 35
30 43
30 50
30 55
33 35
33 43
33 50
33 55
35 43
35 50
35 55
43 50
43 55
50 55
3 7
3 13
3 24
3 36
3 38
3 56
3 57
3 64
3 65
3 66
7 6
7 10
7 19
7 21
7 23
7 32
7 34
7 44
7 45
7 46
7 53
7 58
7 59
7 65
7 70
7 72
7 73
13 36
13 38
13 56
13 57
13 64
13 65
13 66
24 4
24 6
24 17
24 19
24 31
24 34
24 44
24 53
24 59
24 70
24 72
24 73
36 38
36 56
36 57
36 64
36 65
36 66
38 56
38 57
38 64
38 65
38 66
56 12
56 14
56 41
56 57
56 64
56 65
56 66
57 64
57 65
57 66
64 12
64 14
64 41
64 65
64 66
65 14
65 23
65 27
65 34
65 44
65 59
65 66
66 12
66 14
66 41
4 17
4 31
4 44
4 53
4 72
17 18
17 31
17 44
17 49
17 51
17 53
17 63
17 72
31 44
31 49
31 53
31 72
44 6
44 19
44 21
44 23
44 32
44 34
44 45
44 48
44 53
44 59
44 70
44 72
44 73
53 10
53 21
53 29
53 45
53 49
53 59
53 63
53 72
53 73
72 6
72 19
72 21
72 23
72 32
72 34
72 48
72 59
72 63
72 70
72 73
5 18
5 28
5 51
5 54
18 9
18 28
18 51
18 52
18 54
18 63
18 68
28 8
28 9
28 25
28 42
28 49
28 51
28 52
28 54
51 54
51 63
51 68
54 63
54 68
6 19
6 21
6 23
6 34
6 45
6 48
6 59
6 70
6 73
19 10
19 21
19 23
19 34
19 45
19 59
19 73
21 23
21 34
21 48
21 59
21 70
21 73
23 10
23 32
23 34
23 48
23 59
23 63
23 70
23 73
34 10
34 45
34 48
34 59
34 70
34 73
45 10
48 59
48 73
59 32
59 70
59 73
70 32
70 73
10 41
10 63
32 46
32 58
32 63
46 58
8 25
8 42
8 49
25 42
25 49
42 49
49 29
9 52
41 12
41 69
63 68
11 16
11 20
11 22
11 60
11 74
16 20
16 22
16 60
16 74
20 22
20 60
20 74
22 60
22 74
60 74
40 62
40 69
62 69
