0 3
0 4
0 5
0 7
0 8
0 13
0 15
0 16
0 17
0 25
0 36
0 38
0 41
0 43
0 49
0 50
0 54
0 56
0 58
0 62
0 64
3 5
3 7
3 8
3 13
3 15
3 16
3 17
3 25
3 36
3 38
3 41
3 43
3 49
3 50
3 54
3 56
3 58
3 62
3 64
4 5
4 7
4 16
4 36
4 38
4 41
4 43
4 49
4 54
4 56
4 58
4 64
5 1
5 2
5 7
5 8
5 11
5 13
5 15
5 16
5 17
5 18
5 19
5 20
5 21
5 22
5 24
5 25
5 26
5 29
5 30
5 31
5 36
5 38
5 41
5 43
5 44
5 45
5 47
5 49
5 50
5 53
5 54
5 55
5 56
5 58
5 59
5 60
5 62
5 64
5 65
5 66
5 69
7 8
7 13
7 15
7 16
7 17
7 25
7 27
7 28
7 33
7 36
7 38
7 41
7 43
7 49
7 50
7 54
7 56
7 57
7 58
7 62
7 64
7 69
8 10
8 13
8 15
8 16
8 18
8 23
8 24
8 25
8 28
8 32
8 35
8 36
8 37
8 38
8 40
8 41
8 42
8 43
8 49
8 50
8 54
8 56
8 58
8 61
8 62
8 63
8 64
13 6
13 12
13 15
13 16
13 17
13 25
13 27
13 28
13 33
13 36
13 38
13 41
13 43
13 49
13 50
13 54
13 56
13 57
13 58
13 62
13 64
13 69
15 16
15 17
15 25
15 34
15 36
15 38
15 41
15 43
15 49
15 50
15 54
15 56
15 58
15 62
15 64
16 1
16 2
16 6
16 9
16 10
16 11
16 12
16 14
16 17
16 18
16 19
16 20
16 21
16 22
16 23
16 24
16 25
16 26
16 27
16 28
16 29
16 30
16 31
16 32
16 33
16 34
16 35
16 36
16 37
16 38
16 39
16 40
16 41
16 42
16 43
16 44
16 45
16 46
16 47
16 48
16 49
16 50
16 51
16 52
16 53
16 54
16 55
16 56
16 57
16 58
16 59
16 60
16 61
16 62
16 63
16 64
16 65
16 66
16 67
16 68
16 69
17 12
17 27
17 28
17 33
17 36
17 38
17 41
17 43
17 49
17 54
17 56
17 57
17 58
17 64
17 69
25 6
25 23
25 27
25 33
25 35
25 36
25 38
25 41
25 43
25 49
25 50
25 54
25 56
25 58
25 62
25 64
25 68
25 69
36 11
36 38
36 41
36 43
36 49
36 50
36 54
36 56
36 58
36 62
36 64
38 6
38 11
38 12
38 14
38 24
38 27
38 28
38 33
38 39
38 41
38 43
38 46
38 49
38 50
38 51
38 54
38 56
38 57
38 58
38 60
38 61
38 62
38 64
38 69
41 6
41 12
41 27
41 28
41 33
41 43
41 49
41 50
41 54
41 56
41 57
41 58
41 62
41 64
41 69
43 6
43 11
43 12
43 14
43 24
43 27
43 28
43 33
43 35
43 39
43 46
43 49
43 50
43 51
43 54
43 56
43 57
43 58
43 60
43 61
43 62
43 64
43 69
49 2
49 6
49 11
49 12
49 14
49 24
49 27
49 28
49 30
49 33
49 39
49 46
49 50
49 51
49 54
49 55
49 56
49 57
49 58
49 60
49 61
49 62
49 64
49 66
49 69
50 54
50 56
50 58
50 62
50 64
54 27
54 28
54 33
54 56
54 58
54 62
54 64
56 6
56 11
56 14
56 27
56 28
56 33
56 35
56 39
56 46
56 47
56 51
56 57
56 58
56 61
56 62
56 64
56 69
58 6
58 11
58 12
58 14
58 24
58 27
58 28
58 33
58 35
58 39
58 46
58 51
58 57
58 60
58 61
58 62
58 64
58 69
62 33
62 64
64 6
64 12
64 23
64 27
64 28
64 33
64 57
64 69
1 2
1 18
1 20
1 21
1 22
1 24
1 29
1 31
1 44
1 45
1 47
1 55
1 59
1 65
1 66
2 11
2 18
2 19
2 20
2 21
2 22
2 24
2 26
2 29
2 30
2 31
2 39
2 44
2 45
2 47
2 55
2 59
2 60
2 65
2 66
18 10
18 19
18 20
18 21
18 22
18 23
18 24
18 26
18 29
18 30
18 31
18 32
18 35
18 37
18 40
18 42
18 44
18 45
18 47
18 55
18 59
18 63
18 65
18 66
20 21
20 22
20 24
20 26
20 29
20 31
20 44
20 45
20 47
20 55
20 59
20 65
20 66
21 22
21 24
21 29
21 31
21 44
21 45
21 47
21 55
21 59
21 65
21 66
22 24
22 26
22 29
22 31
22 44
22 45
22 47
22 55
22 59
22 65
22 66
24 6
24 9
24 10
24 11
24 12
24 14
24 19
24 23
24 26
24 29
24 30
24 31
24 32
24 34
24 35
24 37
24 39
24 40
24 42
24 44
24 45
24 46
24 47
24 48
24 51
24 52
24 55
24 59
24 60
24 61
24 63
24 65
24 66
24 67
24 68
24 69
29 19
29 26
29 30
29 31
29 32
29 37
29 44
29 45
29 47
29 55
29 59
29 65
29 66
29 67
31 9
31 19
31 26
31 30
31 37
31 44
31 45
31 47
31 53
31 55
31 59
31 65
31 66
44 9
44 19
44 30
44 32
44 45
44 47
44 55
44 59
44 65
44 66
44 67
45 9
45 19
45 26
45 30
45 32
45 47
45 55
45 59
45 65
45 66
45 67
47 14
47 51
47 55
47 59
47 65
47 66
55 9
55 11
55 19
55 26
55 30
55 32
55 37
55 53
55 59
55 60
55 65
55 66
55 67
55 69
59 19
59 26
59 30
59 53
59 65
59 66
65 66
66 11
66 19
66 30
66 60
11 6
11 12
11 14
11 30
11 39
11 46
11 51
11 60
11 61
11 69
19 30
30 60
39 6
39 12
39 14
39 27
39 37
39 46
39 51
39 60
39 61
39 67
39 69
60 6
60 12
60 14
60 46
60 51
60 61
60 69
69 6
69 12
69 14
69 23
69 27
69 28
69 33
69 35
69 46
69 51
69 61
6 12
6 14
6 27
6 46
6 51
6 61
12 14
12 46
12 51
12 61
14 27
14 37
14 46
14 51
14 61
27 28
27 33
27 35
27 51
27 57
46 51
46 61
51 61
61 34
28 23
28 33
28 34
28 37
28 57
33 23
33 34
10 23
10 32
10 35
10 37
10 40
10 42
10 63
23 32
23 35
23 37
23 40
23 42
23 63
32 35
32 37
32 40
32 42
32 63
32 67
35 37
35 40
35 42
35 63
37 40
37 42
37 63
37 67
40 42
40 63
42 63
9 34
9 67
34 48
34 52
34 67
34 68
67 48
67 52
67 68
48 52
48 68
52 68
