0 2
0 5
0 10
0 12
0 13
0 14
0 15
0 20
0 26
0 28
0 36
2 14
2 16
2 24
2 25
2 26
2 38
5 14
5 15
5 36
10 12
10 13
10 14
10 15
10 20
10 23
10 25
10 26
10 28
10 31
10 34
10 35
10 36
12 8
12 13
12 14
12 15
12 17
12 23
12 28
12 31
12 34
12 35
12 36
12 40
13 14
13 15
13 28
13 36
14 1
14 3
14 4
14 6
14 7
14 8
14 9
14 11
14 15
14 16
14 17
14 18
14 19
14 20
14 21
14 22
14 23
14 24
14 25
14 26
14 27
14 28
14 29
14 30
14 31
14 32
14 33
14 34
14 35
14 36
14 37
14 38
14 39
14 40
15 8
15 17
15 20
15 23
15 25
15 26
15 28
15 31
15 34
15 35
15 36
15 40
20 23
20 25
20 26
20 36
20 38
26 23
26 25
26 36
26 38
28 8
28 17
28 31
28 34
28 35
28 36
28 38
28 40
36 23
36 25
36 31
36 34
36 35
1 3
1 9
1 27
3 9
3 27
9 27
27 22
27 33
27 37
16 24
16 25
16 38
24 25
24 38
25 23
25 38
4 7
4 11
4 18
4 30
4 32
4 39
7 11
7 18
7 30
7 32
7 39
11 18
11 30
11 32
11 39
18 6
18 19
18 21
18 29
18 30
18 32
18 39
30 32
30 39
32 39
6 19
6 21
6 29
19 21
19 29
21 29
8 17
8 31
8 35
8 40
17 34
17 35
17 40
31 23
31 34
31 35
35 23
35 34
35 40
23 34
22 33
22 37
33 37
