0 3
0 7
0 12
0 13
0 14
0 15
0 36
0 39
0 40
0 45
0 46
0 51
0 53
0 58
3 1
3 2
3 4
3 5
3 6
3 7
3 8
3 9
3 10
3 11
3 12
3 13
3 14
3 15
3 16
3 17
3 18
3 19
3 20
3 21
3 22
3 23
3 24
3 25
3 26
3 27
3 28
3 29
3 30
3 31
3 32
3 33
3 34
3 35
3 36
3 37
3 38
3 39
3 40
3 41
3 42
3 43
3 44
3 45
3 46
3 47
3 48
3 49
3 50
3 51
3 52
3 53
3 54
3 55
3 56
3 57
3 58
7 5
7 6
7 9
7 12
7 13
7 14
7 15
7 16
7 18
7 19
7 20
7 21
7 25
7 28
7 29
7 32
7 35
7 36
7 37
7 39
7 40
7 41
7 43
7 44
7 45
7 46
7 48
7 49
7 50
7 51
7 52
7 53
7 54
7 55
7 56
7 57
7 58
12 1
12 2
12 5
12 6
12 9
12 13
12 14
12 15
12 16
12 18
12 19
12 20
12 21
12 25
12 26
12 28
12 29
12 32
12 35
12 36
12 37
12 39
12 40
12 41
12 42
12 43
12 44
12 45
12 46
12 48
12 49
12 50
12 51
12 52
12 53
12 54
12 55
12 56
12 57
12 58
13 5
13 6
13 9
13 14
13 15
13 16
13 18
13 19
13 20
13 21
13 25
13 28
13 29
13 32
13 35
13 36
13 37
13 39
13 40
13 41
13 43
13 44
13 45
13 46
13 48
13 49
13 50
13 51
13 53
13 54
13 55
13 56
13 57
13 58
14 4
14 10
14 15
14 30
14 34
14 36
14 39
14 40
14 45
14 46
14 47
14 51
14 53
14 58
15 2
15 18
15 32
15 35
15 36
15 39
15 40
15 44
15 45
15 46
15 49
15 51
15 53
15 54
15 55
15 57
15 58
36 39
36 40
36 45
36 46
36 51
36 53
36 58
39 1
39 2
39 5
39 6
39 9
39 18
39 19
39 20
39 21
39 25
39 26
39 28
39 29
39 32
39 35
39 37
39 40
39 41
39 42
39 43
39 44
39 45
39 46
39 48
39 49
39 50
39 51
39 53
39 54
39 55
39 56
39 57
39 58
40 16
40 45
40 46
40 51
40 53
40 58
45 5
45 6
45 9
45 16
45 18
45 19
45 20
45 21
45 25
45 28
45 29
45 32
45 35
45 37
45 41
45 43
45 44
45 46
45 48
45 49
45 50
45 51
45 52
45 53
45 54
45 55
45 56
45 57
45 58
46 5
46 6
46 9
46 18
46 19
46 20
46 21
46 25
46 28
46 32
46 35
46 37
46 41
46 43
46 44
46 48
46 49
46 50
46 51
46 53
46 54
46 55
46 56
46 57
46 58
51 2
51 41
51 44
51 53
51 56
51 58
53 1
53 2
53 4
53 5
53 6
53 8
53 9
53 10
53 11
53 16
53 17
53 18
53 19
53 20
53 21
53 22
53 23
53 24
53 25
53 26
53 27
53 28
53 29
53 30
53 31
53 32
53 33
53 34
53 35
53 37
53 38
53 41
53 42
53 43
53 44
53 47
53 48
53 49
53 50
53 52
53 54
53 55
53 56
53 57
53 58
1 26
1 29
1 37
1 42
26 29
26 37
26 42
29 28
29 37
29 41
29 42
29 44
29 50
29 56
37 42
42 28
42 50
2 4
2 6
2 8
2 10
2 11
2 17
2 19
2 20
2 22
2 23
2 24
2 25
2 27
2 30
2 31
2 32
2 33
2 34
2 35
2 38
2 41
2 44
2 47
2 50
2 56
4 8
4 10
4 11
4 17
4 22
4 23
4 24
4 27
4 30
4 31
4 32
4 33
4 34
4 38
4 44
4 47
6 5
6 9
6 19
6 20
6 21
6 28
6 44
8 10
8 11
8 17
8 22
8 23
8 24
8 27
8 30
8 31
8 33
8 34
8 38
8 44
8 47
10 11
10 17
10 22
10 23
10 24
10 27
10 30
10 31
10 32
10 33
10 34
10 38
10 44
10 47
11 17
11 22
11 23
11 24
11 27
11 30
11 31
11 33
11 34
11 38
11 44
11 47
17 22
17 23
17 24
17 27
17 30
17 31
17 33
17 34
17 38
17 44
17 47
19 5
19 9
19 21
19 44
20 25
20 28
20 35
20 41
20 43
20 44
20 52
20 56
22 23
22 24
22 27
22 30
22 31
22 33
22 34
22 38
22 44
22 47
23 24
23 27
23 30
23 31
23 33
23 34
23 38
23 44
23 47
24 27
24 30
24 31
24 33
24 34
24 38
24 44
24 47
25 28
25 32
25 35
25 41
25 44
25 48
25 52
25 54
25 56
25 57
27 30
27 31
27 33
27 34
27 38
27 44
27 47
30 31
30 32
30 33
30 34
30 38
30 44
30 47
31 33
31 34
31 38
31 44
31 47
32 28
32 41
32 44
32 48
32 54
32 56
32 57
33 34
33 38
33 44
33 47
34 38
34 44
34 47
35 18
35 28
35 41
35 43
35 44
35 49
35 52
35 54
35 55
35 56
35 57
38 44
38 47
41 16
41 28
41 43
41 44
41 48
41 50
41 52
41 54
41 56
41 57
44 18
44 28
44 43
44 47
44 48
44 49
44 50
44 54
44 55
44 56
44 57
50 28
50 54
50 56
50 57
56 16
56 28
56 43
56 48
56 52
56 54
56 57
5 9
5 16
5 21
5 54
9 16
9 21
9 54
16 21
16 28
16 52
18 49
18 54
18 55
18 57
21 54
28 48
28 52
28 54
28 57
48 54
48 57
49 54
49 55
49 57
54 55
54 57
55 57
