0 3
0 4
0 6
0 13
0 21
0 24
0 25
0 29
3 4
3 6
3 13
3 21
3 24
3 25
3 29
4 6
4 13
4 21
4 24
4 25
6 1
6 2
6 11
6 13
6 16
6 17
6 18
6 19
6 20
6 21
6 22
6 23
6 24
6 25
6 27
6 28
6 29
13 1
13 2
13 5
13 8
13 9
13 10
13 11
13 12
13 14
13 15
13 16
13 17
13 18
13 19
13 20
13 21
13 22
13 23
13 24
13 25
13 26
13 27
13 28
13 29
13 30
13 32
21 24
21 25
24 1
24 2
24 5
24 7
24 8
24 9
24 10
24 11
24 12
24 14
24 15
24 16
24 17
24 18
24 19
24 20
24 22
24 23
24 25
24 26
24 27
24 28
24 29
24 30
24 31
24 32
25 1
25 10
25 16
25 26
25 28
29 1
29 2
29 8
29 9
29 11
29 12
29 14
29 15
29 16
29 17
29 18
29 19
29 20
29 22
29 23
29 26
29 27
29 28
29 32
1 2
1 11
1 12
1 14
1 15
1 16
1 17
1 18
1 19
1 20
1 22
1 23
1 26
1 27
1 28
1 32
2 11
2 16
2 17
2 18
2 19
2 20
2 22
2 23
2 27
2 28
11 8
11 9
11 12
11 14
11 15
11 19
11 22
11 23
11 26
11 27
11 28
11 32
12 8
12 9
12 22
12 28
14 15
14 19
14 22
14 26
14 27
14 32
15 19
15 22
15 26
15 27
15 32
16 17
16 18
16 19
16 20
16 23
16 26
16 27
16 28
17 18
17 19
17 20
17 23
17 27
18 19
18 20
18 23
18 27
19 20
19 22
19 23
19 26
19 27
19 28
19 32
20 23
20 27
22 8
22 9
22 23
22 26
22 27
22 28
22 32
23 27
26 27
26 28
26 32
27 32
28 8
28 9
28 32
32 8
5 10
5 30
10 30
7 31
8 9
