0 24
0 25
0 39
24 1
24 2
24 3
24 4
24 5
24 6
24 7
24 8
24 9
24 10
24 11
24 12
24 13
24 14
24 15
24 16
24 17
24 18
24 19
24 20
24 21
24 22
24 23
24 25
24 26
24 27
24 28
24 29
24 30
24 31
24 32
24 33
24 34
24 35
24 36
24 37
24 38
24 39
24 40
24 41
24 42
24 43
24 44
24 45
24 46
24 47
24 48
24 49
24 50
24 51
24 52
24 53
24 54
24 55
24 56
24 57
24 58
24 59
24 60
24 61
24 62
24 63
24 64
24 65
24 66
24 67
25 9
25 15
25 17
25 20
25 22
25 23
25 26
25 29
25 30
25 31
25 34
25 37
25 39
25 49
25 50
25 52
25 55
25 57
39 1
39 60
2 6
2 7
2 11
2 18
2 41
2 43
2 44
2 45
2 51
2 56
2 62
2 63
2 67
6 7
6 11
6 18
6 41
6 43
6 44
6 45
6 51
6 56
6 62
6 63
6 67
7 11
7 18
7 41
7 43
7 44
7 45
7 51
7 56
7 62
7 63
7 67
11 18
11 21
11 41
11 43
11 44
11 45
11 51
11 56
11 62
11 63
11 67
18 41
18 43
18 44
18 45
18 51
18 56
18 62
18 63
18 67
41 21
41 43
41 44
41 45
41 51
41 56
41 62
41 63
41 67
43 21
43 44
43 45
43 51
43 56
43 62
43 63
43 67
44 45
44 51
44 56
44 62
44 63
44 67
45 21
45 22
45 51
45 56
45 62
45 63
45 67
51 21
51 56
51 62
51 63
51 67
56 62
56 63
56 67
62 21
62 63
62 67
63 67
3 27
4 38
4 54
38 15
38 21
38 31
38 32
38 42
38 47
38 48
38 54
38 64
54 15
54 16
54 32
54 42
54 48
5 19
5 31
19 8
19 13
19 15
19 31
19 36
19 65
31 15
31 21
31 32
31 33
31 36
31 46
31 48
31 61
31 65
31 66
8 13
13 40
10 58
58 23
58 35
58 53
21 48
21 64
12 15
12 32
15 32
15 36
15 47
15 48
15 65
32 47
32 48
32 61
14 59
14 60
59 60
36 33
36 46
36 61
36 65
48 42
48 64
17 23
17 34
17 57
23 34
34 26
34 29
34 30
34 37
34 49
57 20
57 22
57 55
20 55
55 22
26 29
26 30
26 37
26 49
29 30
29 37
29 49
30 37
30 49
33 46
33 61
35 53
37 49
46 61
50 52
