0 38
0 40
0 46
0 56
0 67
0 70
0 71
38 40
38 46
38 56
38 67
38 70
38 71
40 46
40 56
40 67
40 70
40 71
46 56
46 67
46 70
46 71
56 1
56 2
56 3
56 4
56 5
56 6
56 7
56 8
56 9
56 10
56 11
56 12
56 13
56 14
56 15
56 16
56 17
56 18
56 19
56 20
56 21
56 22
56 23
56 24
56 25
56 26
56 27
56 28
56 29
56 30
56 31
56 32
56 33
56 34
56 35
56 36
56 37
56 39
56 41
56 42
56 43
56 44
56 45
56 47
56 48
56 49
56 50
56 51
56 52
56 53
56 54
56 55
56 57
56 58
56 59
56 60
56 61
56 62
56 63
56 64
56 65
56 66
56 67
56 68
56 69
56 70
56 71
56 72
56 73
56 74
56 75
56 76
56 77
67 70
67 71
70 71
1 39
1 47
1 60
1 72
1 75
39 9
39 22
39 27
39 32
39 47
39 48
39 50
39 54
39 60
39 61
39 72
39 75
39 76
47 24
47 33
47 60
47 72
47 75
47 77
60 2
60 15
60 36
60 37
60 51
60 55
60 59
60 72
60 73
60 75
72 75
75 77
2 3
2 4
2 13
2 15
2 17
2 18
2 20
2 22
2 36
2 37
2 41
2 50
2 51
2 55
2 58
2 59
2 66
2 68
2 73
2 76
2 77
3 4
3 13
3 17
3 18
3 20
3 22
3 41
3 50
3 58
3 59
3 66
3 68
3 73
3 77
4 12
4 13
4 17
4 18
4 20
4 22
4 41
4 50
4 58
4 66
4 68
4 77
13 9
13 17
13 18
13 20
13 22
13 27
13 41
13 50
13 58
13 61
13 66
13 68
13 76
13 77
15 36
15 37
15 51
15 55
15 59
15 73
17 9
17 18
17 20
17 22
17 27
17 41
17 42
17 50
17 53
17 57
17 58
17 61
17 66
17 68
17 69
17 76
17 77
18 9
18 20
18 22
18 27
18 33
18 41
18 50
18 58
18 61
18 66
18 68
18 76
18 77
20 9
20 21
20 22
20 26
20 27
20 30
20 32
20 33
20 41
20 42
20 48
20 50
20 53
20 57
20 58
20 61
20 62
20 66
20 68
20 69
20 76
20 77
22 9
22 27
22 28
22 32
22 41
22 42
22 48
22 50
22 53
22 54
22 57
22 58
22 61
22 66
22 68
22 69
22 76
22 77
36 8
36 37
36 49
36 51
36 55
36 59
36 73
37 34
37 45
37 51
37 52
37 55
37 59
37 73
41 5
41 7
41 9
41 23
41 27
41 32
41 42
41 48
41 50
41 53
41 57
41 58
41 61
41 62
41 65
41 66
41 68
41 69
41 74
41 76
41 77
50 5
50 7
50 9
50 23
50 27
50 28
50 32
50 42
50 48
50 53
50 54
50 57
50 58
50 61
50 62
50 65
50 66
50 68
50 69
50 74
50 76
50 77
51 34
51 35
51 45
51 52
51 55
51 59
51 73
55 59
55 73
58 26
58 42
58 53
58 57
58 61
58 66
58 68
58 69
58 77
59 11
59 73
66 9
66 32
66 42
66 48
66 53
66 57
66 61
66 68
66 69
66 77
68 77
73 23
73 27
73 33
73 42
76 9
76 27
76 32
76 48
76 61
76 62
76 77
77 9
77 27
77 32
77 42
77 48
77 53
77 57
77 61
77 62
77 69
12 6
12 10
12 19
12 24
12 26
12 31
12 44
5 7
5 61
7 61
61 9
61 27
61 32
61 42
61 48
61 53
61 54
61 57
61 69
6 10
6 19
6 24
6 26
6 31
6 44
10 14
10 19
10 24
10 26
10 28
10 31
10 35
10 44
19 24
19 26
19 31
19 44
19 48
24 26
24 31
24 44
26 31
26 42
26 44
31 35
31 44
8 14
8 49
9 27
9 28
9 32
9 48
9 54
9 62
27 28
27 32
27 42
27 48
27 54
28 32
32 48
32 54
32 62
48 54
48 62
35 11
35 21
35 25
35 29
35 43
35 63
11 16
11 21
11 25
11 29
11 43
11 63
11 64
16 21
16 43
16 64
21 25
21 29
21 30
21 33
21 43
21 63
21 64
25 29
25 43
25 63
29 43
29 63
43 63
43 64
42 53
42 57
42 69
53 57
53 69
57 69
33 30
23 65
23 74
65 74
34 45
34 52
45 52
