0 30
0 36
0 38
30 36
30 38
36 38
38 1
38 2
38 3
38 4
38 5
38 6
38 7
38 8
38 9
38 10
38 11
38 12
38 13
38 14
38 15
38 16
38 17
38 18
38 19
38 20
38 21
38 22
38 23
38 24
38 25
38 26
38 27
38 28
38 29
38 31
38 32
38 33
38 34
38 35
38 37
38 39
38 40
38 41
38 42
38 43
38 44
38 45
38 46
38 47
1 20
1 28
1 32
20 2
20 4
20 7
20 10
20 14
20 23
20 28
20 29
20 32
20 43
20 45
28 7
28 23
28 32
28 43
28 45
32 7
32 23
32 43
32 45
2 4
2 14
4 3
4 5
4 6
4 7
4 8
4 11
4 12
4 13
4 14
4 15
4 16
4 17
4 19
4 21
4 22
4 24
4 25
4 26
4 31
4 35
4 37
4 39
4 40
4 41
4 42
4 46
3 5
3 8
3 11
3 12
3 13
3 15
3 16
3 17
3 19
3 21
3 22
3 24
3 25
3 26
3 31
3 35
3 37
3 39
3 40
3 41
3 42
3 46
5 11
5 13
5 16
5 21
5 31
8 6
8 12
8 15
8 17
8 19
8 22
8 24
8 25
8 26
8 31
8 35
8 37
8 39
8 40
8 41
8 42
8 44
8 46
11 13
11 16
11 21
11 24
11 31
11 34
12 15
12 16
12 17
12 19
12 22
12 24
12 25
12 26
12 31
12 35
12 37
12 39
12 40
12 41
12 42
12 46
13 16
13 21
13 31
15 6
15 17
15 19
15 22
15 24
15 25
15 26
15 31
15 35
15 37
15 39
15 40
15 41
15 42
15 44
15 46
16 21
16 31
16 37
16 41
17 9
17 19
17 22
17 24
17 25
17 26
17 31
17 35
17 37
17 39
17 40
17 41
17 42
17 46
19 6
19 9
19 22
19 24
19 25
19 26
19 31
19 35
19 37
19 39
19 40
19 41
19 42
19 46
21 31
22 6
22 24
22 25
22 26
22 31
22 34
22 35
22 37
22 39
22 40
22 41
22 42
22 44
22 46
24 6
24 25
24 26
24 31
24 34
24 35
24 37
24 39
24 40
24 41
24 42
24 44
24 46
25 6
25 26
25 31
25 35
25 37
25 39
25 40
25 41
25 42
25 44
25 46
26 31
26 35
26 37
26 39
26 40
26 41
26 42
26 46
31 7
31 34
31 35
31 37
31 39
31 40
31 41
31 42
31 46
35 37
35 39
35 40
35 41
35 42
35 46
37 6
37 9
37 34
37 39
37 40
37 41
37 42
37 44
37 46
39 6
39 34
39 40
39 41
39 42
39 44
39 46
40 6
40 41
40 42
40 44
40 46
41 6
41 42
41 44
41 46
42 46
46 6
46 34
46 44
6 34
6 44
7 23
7 43
7 45
34 44
23 43
23 45
43 45
10 29
18 33
33 27
33 47
27 47
