0 2
0 6
0 7
0 18
0 22
0 35
0 40
0 43
0 45
0 47
0 53
0 56
0 59
0 60
0 61
0 67
0 69
0 70
0 74
0 82
0 85
0 87
0 91
0 92
0 93
0 95
0 102
0 108
0 112
0 115
0 120
0 122
0 134
0 138
0 141
0 142
2 6
2 7
2 18
2 22
2 34
2 35
2 38
2 40
2 43
2 45
2 47
2 50
2 53
2 55
2 56
2 59
2 60
2 61
2 67
2 69
2 70
2 74
2 82
2 85
2 87
2 91
2 92
2 93
2 95
2 97
2 101
2 102
2 108
2 110
2 112
2 114
2 115
2 117
2 120
2 122
2 130
2 134
2 138
2 141
2 142
6 7
6 18
6 22
6 35
6 40
6 43
6 45
6 47
6 53
6 56
6 59
6 60
6 61
6 67
6 69
6 70
6 74
6 82
6 85
6 87
6 91
6 92
6 93
6 95
6 102
6 108
6 112
6 115
6 120
6 122
6 134
6 138
6 141
6 142
7 18
7 22
7 35
7 40
7 43
7 45
7 47
7 53
7 56
7 59
7 60
7 61
7 67
7 69
7 70
7 74
7 82
7 85
7 87
7 91
7 92
7 93
7 95
7 102
7 108
7 112
7 115
7 120
7 122
7 134
7 138
7 141
7 142
18 22
18 35
18 40
18 43
18 45
18 47
18 53
18 56
18 59
18 60
18 61
18 67
18 69
18 70
18 74
18 82
18 85
18 87
18 91
18 92
18 93
18 95
18 102
18 108
18 112
18 115
18 120
18 122
18 134
18 138
18 141
18 142
22 35
22 40
22 43
22 45
22 47
22 53
22 56
22 59
22 60
22 61
22 67
22 69
22 70
22 74
22 82
22 85
22 87
22 91
22 92
22 93
22 95
22 102
22 108
22 112
22 115
22 120
22 122
22 134
22 138
22 141
22 142
35 40
35 43
35 45
35 47
35 53
35 56
35 59
35 60
35 61
35 67
35 69
35 70
35 74
35 82
35 85
35 87
35 91
35 92
35 93
35 95
35 102
35 108
35 112
35 115
35 120
35 122
35 134
35 138
35 141
35 142
40 43
40 45
40 47
40 53
40 56
40 59
40 60
40 61
40 67
40 69
40 70
40 74
40 82
40 85
40 87
40 91
40 92
40 93
40 95
40 102
40 108
40 112
40 115
40 120
40 122
40 134
40 138
40 141
40 142
43 45
43 47
43 53
43 56
43 59
43 60
43 61
43 67
43 69
43 70
43 74
43 82
43 85
43 87
43 91
43 92
43 93
43 95
43 102
43 108
43 112
43 115
43 120
43 122
43 134
43 138
43 141
43 142
45 47
45 53
45 56
45 59
45 60
45 61
45 67
45 69
45 70
45 74
45 82
45 85
45 87
45 91
45 92
45 93
45 95
45 102
45 108
45 112
45 115
45 120
45 122
45 134
45 138
45 141
45 142
47 53
47 56
47 59
47 60
47 61
47 67
47 69
47 70
47 74
47 82
47 85
47 87
47 91
47 92
47 93
47 95
47 102
47 108
47 112
47 115
47 120
47 122
47 134
47 138
47 141
47 142
53 56
53 59
53 60
53 61
53 67
53 69
53 70
53 74
53 82
53 85
53 87
53 91
53 92
53 93
53 95
53 102
53 108
53 112
53 115
53 120
53 122
53 134
53 138
53 141
53 142
56 59
56 60
56 61
56 67
56 69
56 70
56 74
56 82
56 85
56 87
56 91
56 92
56 93
56 95
56 102
56 108
56 112
56 115
56 120
56 122
56 134
56 138
56 141
56 142
59 3
59 51
59 55
59 60
59 61
59 67
59 69
59 70
59 74
59 82
59 85
59 87
59 91
59 92
59 93
59 95
59 101
59 102
59 108
59 112
59 114
59 115
59 120
59 122
59 130
59 134
59 138
59 141
59 142
60 1
60 3
60 4
60 5
60 8
60 9
60 10
60 11
60 12
60 13
60 14
60 15
60 16
60 17
60 19
60 20
60 21
60 23
60 24
60 25
60 26
60 27
60 28
60 29
60 30
60 31
60 32
60 33
60 34
60 36
60 37
60 38
60 39
60 41
60 42
60 44
60 46
60 48
60 49
60 50
60 51
60 52
60 54
60 55
60 57
60 58
60 61
60 62
60 63
60 64
60 65
60 66
60 67
60 68
60 69
60 70
60 71
60 72
60 73
60 74
60 75
60 76
60 77
60 78
60 79
60 80
60 81
60 82
60 83
60 84
60 85
60 86
60 87
60 88
60 89
60 90
60 91
60 92
60 93
60 94
60 95
60 96
60 97
60 98
60 99
60 100
60 101
60 102
60 103
60 104
60 105
60 106
60 107
60 108
60 109
60 110
60 111
60 112
60 113
60 114
60 115
60 116
60 117
60 118
60 119
60 120
60 121
60 122
60 123
60 124
60 125
60 126
60 127
60 128
60 129
60 130
60 131
60 132
60 133
60 134
60 135
60 136
60 137
60 138
60 139
60 140
60 141
60 142
60 143
61 67
61 69
61 70
61 74
61 82
61 85
61 87
61 91
61 92
61 93
61 95
61 102
61 108
61 112
61 115
61 120
61 122
61 134
61 138
61 141
61 142
67 69
67 70
67 74
67 82
67 84
67 85
67 87
67 91
67 92
67 93
67 95
67 102
67 108
67 112
67 115
67 120
67 122
67 134
67 138
67 141
67 142
69 70
69 74
69 82
69 85
69 87
69 91
69 92
69 93
69 95
69 102
69 108
69 112
69 115
69 120
69 122
69 134
69 138
69 141
69 142
70 74
70 82
70 85
70 87
70 91
70 92
70 93
70 95
70 102
70 108
70 112
70 115
70 120
70 122
70 134
70 138
70 141
70 142
74 82
74 85
74 87
74 91
74 92
74 93
74 95
74 102
74 108
74 112
74 115
74 120
74 122
74 134
74 138
74 141
74 142
82 85
82 87
82 91
82 92
82 93
82 95
82 102
82 108
82 112
82 115
82 120
82 122
82 134
82 138
82 141
82 142
85 87
85 91
85 92
85 93
85 95
85 102
85 108
85 112
85 115
85 120
85 122
85 134
85 138
85 141
85 142
87 91
87 92
87 93
87 95
87 102
87 108
87 112
87 115
87 120
87 122
87 134
87 138
87 141
87 142
91 84
91 92
91 93
91 95
91 102
91 108
91 112
91 115
91 120
91 122
91 134
91 138
91 141
91 142
92 93
92 95
92 102
92 108
92 112
92 115
92 120
92 122
92 134
92 138
92 141
92 142
93 95
93 102
93 108
93 112
93 115
93 120
93 122
93 134
93 138
93 141
93 142
95 102
95 108
95 112
95 115
95 120
95 122
95 134
95 138
95 141
95 142
102 108
102 112
102 115
102 120
102 122
102 134
102 138
102 141
102 142
108 112
108 115
108 120
108 122
108 134
108 138
108 141
108 142
112 115
112 120
112 122
112 134
112 138
112 141
112 142
115 120
115 122
115 134
115 138
115 141
115 142
120 122
120 134
120 138
120 141
120 142
122 134
122 138
122 141
122 142
134 138
134 141
134 142
138 101
138 141
138 142
141 142
1 9
1 33
1 51
1 68
1 76
1 105
1 107
1 113
1 124
1 130
1 132
1 140
1 143
9 15
9 27
9 28
9 30
9 33
9 34
9 48
9 51
9 52
9 58
9 62
9 65
9 68
9 76
9 77
9 79
9 84
9 101
9 105
9 106
9 107
9 113
9 123
9 124
9 126
9 130
9 132
9 140
9 143
33 3
33 5
33 11
33 14
33 23
33 26
33 30
33 34
33 38
33 42
33 50
33 51
33 55
33 62
33 64
33 68
33 76
33 99
33 101
33 103
33 105
33 107
33 113
33 114
33 116
33 117
33 124
33 130
33 132
33 133
33 140
33 143
51 3
51 38
51 50
51 55
51 68
51 73
51 76
51 97
51 101
51 103
51 105
51 107
51 110
51 113
51 114
51 124
51 130
51 132
51 140
51 143
68 15
68 27
68 52
68 76
68 79
68 105
68 107
68 113
68 124
68 130
68 132
68 140
68 143
76 3
76 4
76 5
76 8
76 10
76 11
76 14
76 19
76 20
76 21
76 23
76 25
76 26
76 30
76 31
76 34
76 36
76 37
76 38
76 39
76 41
76 42
76 44
76 50
76 54
76 55
76 57
76 64
76 65
76 66
76 73
76 77
76 78
76 79
76 83
76 86
76 88
76 89
76 90
76 97
76 99
76 100
76 101
76 103
76 104
76 105
76 107
76 110
76 111
76 113
76 114
76 116
76 117
76 119
76 124
76 125
76 126
76 128
76 130
76 131
76 132
76 133
76 135
76 139
76 140
76 143
105 28
105 30
105 34
105 48
105 52
105 58
105 65
105 77
105 79
105 84
105 101
105 106
105 107
105 113
105 123
105 124
105 126
105 130
105 132
105 140
105 143
107 4
107 12
107 15
107 19
107 24
107 26
107 27
107 28
107 30
107 34
107 38
107 42
107 48
107 52
107 55
107 58
107 62
107 64
107 65
107 71
107 75
107 77
107 79
107 81
107 84
107 86
107 101
107 103
107 104
107 106
107 109
107 113
107 114
107 118
107 119
107 121
107 123
107 124
107 126
107 129
107 130
107 132
107 133
107 140
107 143
113 124
113 130
113 132
113 140
113 143
124 4
124 12
124 15
124 17
124 19
124 24
124 26
124 27
124 30
124 34
124 38
124 39
124 49
124 50
124 52
124 55
124 58
124 62
124 63
124 64
124 65
124 73
124 75
124 77
124 81
124 84
124 86
124 88
124 97
124 101
124 103
124 104
124 109
124 110
124 114
124 118
124 119
124 121
124 125
124 129
124 130
124 132
124 133
124 140
124 143
130 3
130 4
130 5
130 8
130 10
130 11
130 12
130 14
130 15
130 17
130 19
130 20
130 21
130 23
130 24
130 25
130 26
130 27
130 28
130 30
130 31
130 34
130 36
130 37
130 38
130 39
130 41
130 42
130 44
130 48
130 49
130 50
130 52
130 54
130 55
130 57
130 58
130 62
130 63
130 64
130 65
130 66
130 73
130 75
130 77
130 78
130 79
130 81
130 84
130 86
130 88
130 90
130 97
130 99
130 100
130 101
130 103
130 104
130 106
130 109
130 110
130 114
130 116
130 117
130 118
130 119
130 121
130 123
130 125
130 126
130 128
130 129
130 131
130 132
130 133
130 135
130 139
130 140
130 143
132 3
132 30
132 89
132 101
132 103
132 133
132 140
132 143
140 15
140 28
140 30
140 34
140 48
140 52
140 58
140 65
140 77
140 79
140 84
140 101
140 106
140 123
140 126
140 143
143 89
143 133
34 3
34 5
34 8
34 10
34 11
34 14
34 20
34 23
34 25
34 26
34 28
34 30
34 31
34 36
34 37
34 38
34 41
34 42
34 44
34 48
34 50
34 55
34 57
34 58
34 64
34 66
34 73
34 77
34 78
34 79
34 84
34 86
34 90
34 97
34 99
34 100
34 101
34 106
34 110
34 114
34 116
34 117
34 123
34 125
34 126
34 128
34 131
34 133
34 135
38 3
38 5
38 21
38 26
38 30
38 42
38 50
38 54
38 55
38 64
38 71
38 73
38 75
38 97
38 101
38 103
38 104
38 110
38 114
38 116
38 117
38 133
50 3
50 5
50 8
50 10
50 11
50 14
50 20
50 23
50 25
50 26
50 30
50 31
50 36
50 37
50 41
50 42
50 44
50 55
50 57
50 64
50 66
50 73
50 77
50 78
50 90
50 97
50 99
50 100
50 101
50 103
50 110
50 114
50 116
50 117
50 128
50 131
50 135
55 3
55 5
55 8
55 10
55 11
55 14
55 20
55 23
55 25
55 26
55 30
55 31
55 36
55 37
55 41
55 42
55 44
55 57
55 64
55 66
55 71
55 73
55 75
55 77
55 78
55 90
55 97
55 99
55 100
55 101
55 103
55 104
55 110
55 111
55 114
55 116
55 117
55 128
55 131
55 133
55 135
97 3
97 5
97 8
97 10
97 11
97 14
97 20
97 23
97 25
97 30
97 31
97 36
97 37
97 41
97 42
97 44
97 57
97 64
97 66
97 73
97 77
97 78
97 90
97 99
97 100
97 101
97 103
97 110
97 114
97 116
97 117
97 128
97 131
97 135
101 3
101 4
101 5
101 8
101 10
101 11
101 14
101 20
101 21
101 23
101 25
101 26
101 28
101 30
101 31
101 36
101 37
101 41
101 42
101 44
101 48
101 54
101 57
101 58
101 62
101 64
101 66
101 73
101 77
101 78
101 79
101 84
101 86
101 90
101 99
101 100
101 103
101 104
101 106
101 110
101 114
101 116
101 117
101 123
101 125
101 126
101 128
101 131
101 133
101 135
101 139
110 3
110 5
110 8
110 10
110 11
110 14
110 20
110 23
110 25
110 30
110 31
110 36
110 37
110 41
110 42
110 44
110 57
110 64
110 66
110 73
110 77
110 78
110 90
110 99
110 100
110 103
110 114
110 116
110 117
110 128
110 131
110 135
114 3
114 5
114 8
114 10
114 11
114 14
114 20
114 23
114 25
114 26
114 30
114 31
114 36
114 37
114 41
114 42
114 44
114 57
114 64
114 66
114 73
114 77
114 78
114 90
114 99
114 100
114 103
114 111
114 116
114 117
114 125
114 128
114 131
114 133
114 135
117 3
117 5
117 8
117 10
117 11
117 14
117 20
117 23
117 25
117 26
117 30
117 31
117 36
117 37
117 41
117 42
117 44
117 57
117 64
117 66
117 73
117 77
117 78
117 90
117 99
117 100
117 116
117 128
117 131
117 133
117 135
3 5
3 8
3 10
3 11
3 14
3 20
3 23
3 25
3 30
3 31
3 36
3 37
3 41
3 42
3 44
3 57
3 64
3 66
3 73
3 75
3 77
3 78
3 90
3 99
3 100
3 111
3 116
3 128
3 131
3 133
3 135
5 8
5 10
5 11
5 14
5 20
5 23
5 25
5 26
5 30
5 31
5 36
5 37
5 41
5 42
5 44
5 57
5 64
5 66
5 73
5 77
5 78
5 90
5 99
5 100
5 116
5 128
5 131
5 135
8 10
8 11
8 14
8 20
8 23
8 25
8 30
8 31
8 36
8 37
8 41
8 42
8 44
8 57
8 64
8 66
8 73
8 77
8 78
8 90
8 99
8 100
8 116
8 128
8 131
8 135
10 11
10 14
10 20
10 23
10 25
10 30
10 31
10 36
10 37
10 41
10 42
10 44
10 57
10 64
10 66
10 73
10 77
10 78
10 90
10 99
10 100
10 111
10 116
10 128
10 131
10 133
10 135
11 14
11 20
11 23
11 25
11 30
11 31
11 36
11 37
11 41
11 42
11 44
11 57
11 64
11 66
11 73
11 77
11 78
11 90
11 99
11 100
11 111
11 116
11 128
11 131
11 135
14 20
14 23
14 25
14 30
14 31
14 36
14 37
14 41
14 42
14 44
14 57
14 64
14 66
14 73
14 77
14 78
14 90
14 99
14 100
14 116
14 125
14 128
14 131
14 133
14 135
20 23
20 25
20 30
20 31
20 36
20 37
20 41
20 42
20 44
20 57
20 64
20 66
20 73
20 77
20 78
20 90
20 99
20 100
20 116
20 128
20 131
20 135
23 25
23 30
23 31
23 36
23 37
23 41
23 42
23 44
23 57
23 64
23 66
23 73
23 77
23 78
23 90
23 99
23 100
23 116
23 128
23 131
23 135
25 30
25 31
25 36
25 37
25 41
25 42
25 44
25 57
25 64
25 66
25 73
25 77
25 78
25 90
25 99
25 100
25 116
25 128
25 131
25 135
30 4
30 12
30 13
30 15
30 17
30 19
30 21
30 24
30 26
30 27
30 28
30 31
30 32
30 36
30 37
30 39
30 41
30 42
30 44
30 48
30 49
30 52
30 54
30 57
30 58
30 62
30 63
30 64
30 65
30 66
30 71
30 72
30 73
30 75
30 77
30 78
30 79
30 81
30 83
30 84
30 86
30 88
30 89
30 90
30 94
30 96
30 98
30 99
30 100
30 103
30 104
30 106
30 109
30 116
30 118
30 119
30 121
30 123
30 125
30 126
30 127
30 128
30 129
30 131
30 133
30 135
30 136
30 139
31 36
31 37
31 41
31 42
31 44
31 57
31 64
31 66
31 73
31 77
31 78
31 89
31 90
31 99
31 100
31 116
31 128
31 131
31 133
31 135
36 37
36 41
36 42
36 44
36 57
36 62
36 64
36 66
36 73
36 75
36 77
36 78
36 90
36 99
36 100
36 111
36 116
36 128
36 131
36 133
36 135
37 41
37 42
37 44
37 57
37 64
37 66
37 73
37 77
37 78
37 90
37 99
37 100
37 116
37 128
37 131
37 135
41 42
41 44
41 57
41 64
41 66
41 73
41 77
41 78
41 90
41 99
41 100
41 116
41 128
41 131
41 135
42 26
42 44
42 57
42 64
42 66
42 73
42 77
42 78
42 90
42 99
42 100
42 116
42 125
42 128
42 131
42 133
42 135
44 57
44 64
44 66
44 73
44 77
44 78
44 90
44 99
44 100
44 116
44 128
44 131
44 135
57 64
57 66
57 73
57 77
57 78
57 90
57 99
57 100
57 116
57 128
57 131
57 135
64 4
64 26
64 62
64 66
64 73
64 75
64 77
64 78
64 86
64 90
64 99
64 100
64 116
64 121
64 128
64 131
64 135
66 73
66 77
66 78
66 90
66 99
66 100
66 116
66 128
66 131
66 135
73 77
73 78
73 90
73 99
73 100
73 103
73 116
73 128
73 131
73 135
75 4
75 12
75 19
75 24
75 26
75 62
75 81
75 86
75 103
75 118
75 121
75 129
77 4
77 16
77 17
77 28
77 32
77 39
77 46
77 48
77 49
77 58
77 62
77 63
77 72
77 78
77 79
77 80
77 81
77 84
77 88
77 89
77 90
77 94
77 96
77 98
77 99
77 100
77 103
77 106
77 111
77 116
77 119
77 123
77 126
77 128
77 129
77 131
77 133
77 135
77 136
78 90
78 99
78 100
78 116
78 128
78 131
78 135
90 99
90 100
90 116
90 128
90 131
90 135
99 100
99 116
99 128
99 131
99 135
100 116
100 128
100 131
100 135
111 16
111 46
111 48
111 80
111 119
111 133
116 26
116 128
116 131
116 135
128 4
128 17
128 32
128 62
128 89
128 94
128 104
128 131
128 135
131 135
133 4
133 17
133 21
133 39
133 49
133 54
133 62
133 63
133 81
133 83
133 88
133 89
133 103
133 104
133 119
4 12
4 13
4 17
4 19
4 24
4 26
4 32
4 39
4 49
4 62
4 63
4 81
4 83
4 86
4 88
4 94
4 96
4 98
4 103
4 118
4 119
4 121
4 127
4 129
4 136
12 19
12 24
12 26
12 62
12 81
12 86
12 103
12 118
12 121
12 129
13 62
13 83
13 103
13 127
17 32
17 39
17 49
17 62
17 63
17 72
17 81
17 88
17 89
17 94
17 96
17 98
17 103
17 119
17 129
17 136
19 24
19 26
19 62
19 81
19 86
19 103
19 118
19 121
19 129
24 26
24 62
24 81
24 86
24 103
24 118
24 121
24 125
24 129
26 62
26 81
26 86
26 103
26 104
26 118
26 121
26 129
32 62
32 94
39 49
39 62
39 63
39 81
39 88
39 96
39 103
39 119
49 62
49 63
49 81
49 88
49 96
49 103
49 119
62 15
62 27
62 52
62 63
62 65
62 72
62 79
62 81
62 83
62 86
62 88
62 89
62 94
62 96
62 98
62 103
62 109
62 118
62 119
62 121
62 127
62 129
62 136
63 72
63 81
63 88
63 89
63 103
63 119
81 86
81 88
81 103
81 118
81 119
81 121
81 129
83 103
83 127
86 103
86 118
86 121
86 125
86 129
88 96
88 103
88 119
98 103
98 129
98 136
103 15
103 27
103 52
103 65
103 109
103 118
103 119
103 121
103 127
103 129
103 136
118 121
118 129
121 129
129 29
129 136
129 137
15 27
15 52
15 65
15 79
15 109
15 126
27 52
27 65
27 79
27 109
28 48
28 58
28 79
28 84
28 106
28 123
28 126
48 58
48 79
48 84
48 106
48 123
48 126
52 65
52 79
52 109
52 126
58 79
58 84
58 106
58 123
58 126
65 79
65 109
65 126
79 84
79 106
79 123
79 126
84 106
84 123
84 126
106 123
106 126
123 126
125 21
125 54
125 104
125 139
16 46
16 80
46 80
72 89
21 54
21 104
21 139
54 104
54 139
104 71
104 139
29 137
