0 6
0 10
0 14
0 18
0 19
0 20
0 21
0 22
0 27
0 28
0 30
0 33
0 37
0 38
0 40
0 41
0 42
0 44
0 45
6 10
6 19
6 20
6 22
6 27
6 28
6 38
6 40
6 41
6 42
10 4
10 19
10 20
10 22
10 27
10 28
10 36
10 38
10 40
10 41
10 42
14 21
14 27
14 37
14 42
18 11
18 30
18 33
18 38
18 42
18 45
19 20
19 22
19 27
19 28
19 38
19 40
19 41
19 42
20 2
20 4
20 7
20 17
20 21
20 22
20 27
20 28
20 38
20 40
20 41
20 42
21 9
21 22
21 24
21 27
21 28
21 30
21 37
21 42
21 44
22 24
22 27
22 28
22 38
22 40
22 41
22 42
27 25
27 28
27 37
27 38
27 40
27 41
27 42
27 44
27 45
28 5
28 12
28 15
28 24
28 30
28 31
28 36
28 38
28 40
28 41
28 42
30 9
30 38
30 42
30 45
33 7
33 8
33 11
33 23
33 42
37 42
38 4
38 36
38 40
38 41
38 42
38 45
40 9
40 41
40 42
40 45
41 42
42 1
42 2
42 3
42 4
42 5
42 7
42 8
42 9
42 11
42 12
42 13
42 15
42 16
42 17
42 23
42 24
42 25
42 26
42 29
42 31
42 32
42 34
42 35
42 36
42 39
42 43
42 44
42 45
1 3
1 16
1 26
1 29
1 35
1 39
3 16
3 26
3 29
3 35
3 39
16 26
16 29
16 35
16 39
26 29
26 35
26 39
29 35
29 39
35 39
2 4
2 17
2 32
4 7
4 17
4 32
4 36
17 7
17 32
7 8
7 23
36 5
36 12
36 15
36 24
36 31
5 12
5 15
5 24
5 31
12 15
12 31
15 31
24 31
8 23
