0 27
0 58
27 1
27 2
27 3
27 4
27 5
27 6
27 7
27 8
27 9
27 10
27 11
27 12
27 13
27 14
27 15
27 16
27 17
27 18
27 19
27 20
27 21
27 22
27 23
27 24
27 25
27 26
27 28
27 29
27 30
27 31
27 32
27 33
27 34
27 35
27 36
27 37
27 38
27 39
27 40
27 41
27 42
27 43
27 44
27 45
27 46
27 47
27 48
27 49
27 50
27 51
27 52
27 53
27 54
27 55
27 56
27 57
27 58
27 59
27 60
27 61
27 62
27 63
27 64
27 65
27 66
27 67
27 68
27 69
58 1
58 7
58 10
58 13
58 35
58 37
58 38
58 47
58 57
58 61
58 66
58 69
1 13
1 24
1 30
1 35
1 38
1 57
1 66
13 5
13 35
13 38
13 57
13 66
24 30
24 32
24 38
24 57
24 59
24 66
30 3
30 9
30 11
30 12
30 15
30 32
30 36
30 37
30 39
30 44
30 46
30 56
30 57
30 59
30 63
30 65
35 38
35 57
35 66
38 3
38 31
38 57
38 66
57 3
57 54
57 59
57 61
57 66
57 67
66 7
66 10
66 47
2 5
3 7
3 9
3 11
3 12
3 15
3 31
3 32
3 34
3 36
3 37
3 39
3 40
3 46
3 47
3 56
3 59
3 63
7 4
7 6
7 8
7 9
7 10
7 11
7 14
7 16
7 17
7 18
7 19
7 20
7 21
7 22
7 23
7 25
7 26
7 28
7 29
7 33
7 41
7 42
7 43
7 45
7 46
7 47
7 48
7 49
7 50
7 51
7 52
7 53
7 54
7 55
7 56
7 60
7 61
7 62
7 63
7 64
7 65
7 67
7 68
7 69
9 4
9 10
9 11
9 12
9 15
9 16
9 25
9 26
9 28
9 29
9 31
9 32
9 34
9 36
9 37
9 39
9 40
9 44
9 45
9 50
9 56
9 59
9 62
9 63
9 65
9 68
11 4
11 6
11 8
11 10
11 12
11 14
11 15
11 16
11 17
11 18
11 19
11 20
11 21
11 22
11 23
11 25
11 26
11 28
11 29
11 31
11 32
11 33
11 34
11 36
11 37
11 39
11 40
11 41
11 42
11 43
11 44
11 45
11 46
11 47
11 48
11 49
11 50
11 51
11 52
11 53
11 54
11 55
11 56
11 59
11 60
11 61
11 62
11 63
11 64
11 65
11 67
11 68
11 69
12 15
12 31
12 32
12 34
12 36
12 37
12 39
12 40
12 47
12 59
12 63
15 32
15 36
15 37
15 39
15 59
15 63
31 32
31 34
31 36
31 37
31 39
31 40
31 44
31 54
31 63
32 19
32 36
32 37
32 39
32 40
32 46
32 59
32 63
34 36
34 37
34 39
34 40
36 37
36 39
36 40
36 46
36 47
36 56
36 59
36 63
36 65
37 39
37 40
37 44
37 46
37 47
37 56
37 59
37 63
37 65
37 69
39 40
39 44
39 46
39 56
39 59
39 63
39 65
40 59
46 6
46 8
46 10
46 14
46 16
46 17
46 18
46 19
46 20
46 21
46 22
46 23
46 25
46 26
46 28
46 29
46 33
46 41
46 42
46 43
46 45
46 47
46 48
46 49
46 50
46 51
46 52
46 53
46 54
46 55
46 56
46 59
46 60
46 61
46 62
46 64
46 65
46 67
46 68
46 69
47 6
47 8
47 10
47 14
47 17
47 18
47 19
47 20
47 21
47 22
47 23
47 26
47 28
47 33
47 41
47 42
47 43
47 45
47 48
47 49
47 50
47 51
47 52
47 53
47 54
47 55
47 60
47 61
47 62
47 64
47 65
47 67
47 69
56 4
56 10
56 16
56 19
56 20
56 22
56 23
56 25
56 26
56 28
56 29
56 33
56 45
56 49
56 50
56 52
56 54
56 62
56 65
56 68
59 63
63 19
63 29
63 50
63 68
63 69
4 10
4 14
4 16
4 25
4 26
4 28
4 29
4 45
4 50
4 54
4 62
4 64
4 65
4 68
10 6
10 8
10 14
10 16
10 17
10 18
10 19
10 20
10 21
10 22
10 23
10 25
10 26
10 28
10 29
10 33
10 41
10 42
10 43
10 45
10 48
10 49
10 50
10 51
10 52
10 53
10 54
10 55
10 60
10 61
10 62
10 64
10 65
10 67
10 68
10 69
14 6
14 8
14 17
14 18
14 19
14 20
14 21
14 22
14 23
14 26
14 28
14 29
14 33
14 41
14 42
14 43
14 45
14 48
14 49
14 50
14 51
14 52
14 53
14 54
14 55
14 60
14 61
14 62
14 64
14 65
14 67
14 68
14 69
16 19
16 22
16 23
16 25
16 26
16 28
16 29
16 45
16 50
16 52
16 54
16 62
16 65
16 68
25 19
25 22
25 23
25 26
25 28
25 29
25 45
25 50
25 52
25 54
25 62
25 65
25 68
26 6
26 8
26 17
26 18
26 19
26 20
26 21
26 22
26 23
26 28
26 29
26 33
26 41
26 42
26 43
26 45
26 48
26 49
26 50
26 51
26 52
26 53
26 54
26 55
26 60
26 61
26 62
26 64
26 65
26 67
26 68
26 69
28 6
28 8
28 17
28 18
28 19
28 20
28 21
28 22
28 23
28 29
28 33
28 41
28 42
28 43
28 45
28 48
28 49
28 50
28 51
28 52
28 53
28 54
28 55
28 60
28 61
28 62
28 64
28 65
28 67
28 68
28 69
29 19
29 20
29 22
29 23
29 33
29 45
29 49
29 50
29 52
29 54
29 62
29 64
29 65
29 68
29 69
45 6
45 8
45 17
45 18
45 19
45 20
45 21
45 22
45 23
45 33
45 41
45 42
45 43
45 48
45 49
45 50
45 51
45 52
45 53
45 54
45 55
45 60
45 61
45 62
45 64
45 65
45 67
45 68
45 69
50 6
50 8
50 17
50 18
50 19
50 20
50 21
50 22
50 23
50 33
50 41
50 42
50 43
50 48
50 49
50 51
50 52
50 53
50 54
50 55
50 60
50 61
50 62
50 64
50 65
50 67
50 68
50 69
54 6
54 8
54 17
54 18
54 19
54 20
54 21
54 22
54 23
54 33
54 41
54 42
54 43
54 48
54 49
54 51
54 52
54 53
54 55
54 60
54 61
54 62
54 64
54 65
54 67
54 68
54 69
62 6
62 8
62 17
62 18
62 19
62 20
62 21
62 22
62 23
62 33
62 41
62 42
62 43
62 48
62 49
62 51
62 52
62 53
62 55
62 60
62 61
62 64
62 65
62 67
62 68
62 69
64 6
64 8
64 17
64 18
64 19
64 20
64 21
64 22
64 23
64 33
64 41
64 42
64 43
64 48
64 49
64 51
64 52
64 53
64 55
64 60
64 61
64 65
64 67
64 68
64 69
65 6
65 8
65 17
65 18
65 19
65 20
65 21
65 22
65 23
65 33
65 41
65 42
65 43
65 48
65 49
65 51
65 52
65 53
65 55
65 60
65 61
65 67
65 68
65 69
68 19
68 22
68 23
68 52
68 69
6 8
6 17
6 18
6 19
6 20
6 21
6 22
6 23
6 33
6 41
6 42
6 43
6 48
6 49
6 51
6 52
6 53
6 55
6 60
6 61
6 67
6 69
8 17
8 18
8 19
8 20
8 21
8 22
8 23
8 33
8 41
8 42
8 43
8 48
8 49
8 51
8 52
8 53
8 55
8 60
8 61
8 67
8 69
17 18
17 19
17 20
17 21
17 22
17 23
17 33
17 41
17 42
17 43
17 48
17 49
17 51
17 52
17 53
17 55
17 60
17 61
17 67
17 69
18 19
18 20
18 21
18 22
18 23
18 33
18 41
18 42
18 43
18 48
18 49
18 51
18 52
18 53
18 55
18 60
18 61
18 67
18 69
19 20
19 21
19 22
19 23
19 33
19 41
19 42
19 43
19 48
19 49
19 51
19 52
19 53
19 55
19 60
19 61
19 67
19 69
20 21
20 22
20 23
20 33
20 41
20 42
20 43
20 48
20 49
20 51
20 52
20 53
20 55
20 60
20 61
20 67
20 69
21 22
21 23
21 33
21 41
21 42
21 43
21 48
21 49
21 51
21 52
21 53
21 55
21 60
21 61
21 67
21 69
22 23
22 33
22 41
22 42
22 43
22 48
22 49
22 51
22 52
22 53
22 55
22 60
22 61
22 67
22 69
23 33
23 41
23 42
23 43
23 48
23 49
23 51
23 52
23 53
23 55
23 60
23 61
23 67
23 69
33 41
33 42
33 43
33 48
33 49
33 51
33 52
33 53
33 55
33 60
33 61
33 67
33 69
41 42
41 43
41 48
41 49
41 51
41 52
41 53
41 55
41 60
41 61
41 67
41 69
42 43
42 48
42 49
42 51
42 52
42 53
42 55
42 60
42 61
42 67
42 69
43 48
43 49
43 51
43 52
43 53
43 55
43 60
43 61
43 67
43 69
48 49
48 51
48 52
48 53
48 55
48 60
48 61
48 67
48 69
49 51
49 52
49 53
49 55
49 60
49 61
49 67
49 69
51 52
51 53
51 55
51 60
51 61
51 67
51 69
52 53
52 55
52 60
52 61
52 67
52 69
53 55
53 60
53 61
53 67
53 69
55 60
55 61
55 67
55 69
60 61
60 67
60 69
61 67
61 69
67 69
