0 13
0 27
13 27
27 1
27 2
27 3
27 4
27 5
27 6
27 7
27 8
27 9
27 10
27 11
27 12
27 14
27 15
27 16
27 17
27 18
27 19
27 20
27 21
27 22
27 23
27 24
27 25
27 26
27 28
27 29
27 30
27 31
27 32
27 33
27 34
27 35
27 36
27 37
27 38
27 39
27 40
27 41
1 2
1 8
1 11
1 12
1 17
1 22
1 26
1 32
1 36
2 8
2 11
2 12
2 14
2 15
2 17
2 18
2 22
2 26
2 32
2 33
2 36
2 37
2 41
8 11
8 12
8 14
8 15
8 17
8 18
8 22
8 26
8 32
8 33
8 36
8 37
8 41
11 12
11 36
12 17
12 22
12 26
12 32
12 36
17 14
17 15
17 18
17 22
17 26
17 32
17 33
17 36
17 37
17 41
22 14
22 15
22 18
22 26
22 32
22 33
22 36
22 37
22 41
26 32
26 36
32 14
32 15
32 18
32 33
32 36
32 37
32 41
36 3
36 4
36 5
36 6
36 7
36 9
36 10
36 14
36 15
36 16
36 18
36 19
36 20
36 21
36 23
36 24
36 25
36 28
36 29
36 30
36 31
36 33
36 34
36 35
36 37
36 38
36 39
36 40
36 41
14 3
14 4
14 5
14 6
14 9
14 10
14 15
14 16
14 18
14 19
14 21
14 24
14 28
14 30
14 34
14 35
14 37
14 39
15 18
15 37
18 3
18 4
18 5
18 6
18 9
18 10
18 16
18 19
18 21
18 24
18 28
18 30
18 34
18 35
18 37
18 39
33 41
3 4
3 5
3 6
3 9
3 10
3 16
3 19
3 21
3 24
3 28
3 30
3 34
3 35
3 39
4 5
4 6
4 9
4 10
4 16
4 19
4 21
4 24
4 28
4 30
4 34
4 35
4 39
5 6
5 7
5 9
5 10
5 16
5 19
5 20
5 21
5 23
5 24
5 25
5 28
5 30
5 34
5 35
5 39
6 7
6 9
6 10
6 16
6 19
6 20
6 21
6 23
6 24
6 25
6 28
6 30
6 34
6 35
6 39
9 7
9 10
9 16
9 19
9 20
9 21
9 23
9 24
9 25
9 28
9 30
9 34
9 35
9 39
10 16
10 19
10 21
10 24
10 28
10 30
10 34
10 35
10 39
16 19
16 21
16 24
16 28
16 30
16 34
16 35
16 39
19 7
19 20
19 21
19 23
19 24
19 25
19 28
19 30
19 34
19 35
19 39
21 7
21 20
21 23
21 24
21 25
21 28
21 30
21 34
21 35
21 39
24 7
24 20
24 23
24 25
24 28
24 30
24 34
24 35
24 39
28 30
28 34
28 35
28 39
30 34
30 35
30 39
34 35
34 39
35 7
35 20
35 23
35 25
35 39
7 20
7 23
7 25
20 23
20 25
23 25
29 31
29 38
29 40
31 38
31 40
38 40
