0 4
0 10
0 15
0 18
0 19
0 21
0 23
0 34
0 38
0 40
0 41
0 42
0 45
0 47
0 58
0 61
0 63
0 73
0 75
0 81
0 82
0 83
0 84
4 10
4 15
4 18
4 19
4 21
4 22
4 23
4 34
4 38
4 40
4 41
4 42
4 45
4 47
4 50
4 58
4 61
4 63
4 73
4 75
4 81
4 82
4 83
4 84
10 21
10 23
10 38
10 40
10 47
10 61
10 75
10 81
10 82
10 84
15 18
15 19
15 36
15 40
15 41
15 56
15 57
15 63
15 66
15 74
15 75
15 83
18 19
18 36
18 40
18 41
18 56
18 57
18 63
18 66
18 74
18 75
18 83
19 2
19 6
19 7
19 8
19 12
19 14
19 17
19 22
19 24
19 27
19 30
19 38
19 39
19 40
19 41
19 45
19 46
19 47
19 49
19 50
19 51
19 55
19 56
19 57
19 58
19 63
19 64
19 66
19 68
19 70
19 71
19 74
19 75
19 76
19 78
19 79
19 81
19 83
19 87
19 91
21 23
21 38
21 47
21 61
21 62
21 75
21 81
21 82
21 84
23 38
23 47
23 61
23 75
23 81
23 82
23 84
34 38
34 40
34 42
34 73
34 75
38 2
38 7
38 8
38 12
38 17
38 22
38 26
38 30
38 40
38 42
38 45
38 47
38 49
38 50
38 51
38 61
38 62
38 71
38 73
38 75
38 76
38 78
38 79
38 81
38 82
38 84
38 91
40 41
40 42
40 45
40 63
40 73
40 75
40 83
40 84
41 36
41 56
41 57
41 63
41 66
41 74
41 75
41 83
42 73
42 75
45 2
45 8
45 12
45 22
45 47
45 49
45 50
45 51
45 75
45 76
45 79
45 91
47 2
47 7
47 8
47 12
47 17
47 22
47 26
47 30
47 39
47 49
47 50
47 51
47 54
47 61
47 71
47 73
47 75
47 76
47 78
47 79
47 81
47 82
47 84
47 85
47 90
47 91
58 6
58 12
58 39
58 75
58 87
61 75
61 81
61 82
61 84
63 36
63 56
63 57
63 66
63 74
63 75
63 83
73 22
73 39
73 50
73 75
75 1
75 2
75 3
75 5
75 6
75 7
75 8
75 9
75 11
75 12
75 13
75 14
75 16
75 17
75 20
75 22
75 24
75 25
75 26
75 27
75 28
75 29
75 30
75 31
75 32
75 33
75 35
75 36
75 37
75 39
75 43
75 44
75 46
75 48
75 49
75 50
75 51
75 52
75 53
75 54
75 55
75 56
75 57
75 59
75 60
75 62
75 64
75 65
75 66
75 67
75 68
75 69
75 70
75 71
75 72
75 74
75 76
75 77
75 78
75 79
75 80
75 81
75 82
75 83
75 84
75 85
75 86
75 87
75 88
75 89
75 90
75 91
81 1
81 2
81 7
81 17
81 22
81 24
81 25
81 28
81 30
81 33
81 46
81 48
81 50
81 54
81 60
81 62
81 65
81 69
81 71
81 78
81 82
81 84
81 85
81 90
81 91
82 33
82 52
82 62
82 84
83 36
83 56
83 57
83 66
83 74
1 2
1 25
1 28
1 48
1 54
1 60
1 65
1 69
2 8
2 12
2 22
2 25
2 28
2 48
2 49
2 50
2 51
2 54
2 60
2 65
2 69
2 76
2 79
2 85
2 90
2 91
25 28
25 48
25 54
25 60
25 65
25 69
28 48
28 54
28 60
28 65
28 69
48 9
48 16
48 32
48 35
48 54
48 60
48 65
48 67
48 69
48 77
48 79
54 22
54 49
54 50
54 60
54 65
54 69
54 85
54 90
54 91
60 32
60 65
60 67
60 69
60 77
65 69
8 7
8 12
8 22
8 27
8 49
8 50
8 51
8 55
8 76
8 79
8 91
12 6
12 7
12 14
12 22
12 26
12 27
12 39
12 49
12 50
12 51
12 55
12 76
12 79
12 87
12 91
22 7
22 17
22 30
22 49
22 50
22 51
22 71
22 76
22 78
22 79
22 85
22 90
22 91
49 44
49 50
49 51
49 76
49 79
49 91
50 7
50 17
50 30
50 51
50 71
50 76
50 78
50 79
50 85
50 90
50 91
51 7
51 27
51 55
51 76
51 79
51 91
76 79
76 91
79 77
79 91
85 90
85 91
90 91
3 5
3 29
3 31
3 43
3 44
3 55
3 59
3 72
5 29
5 31
5 43
5 44
5 59
5 72
29 16
29 26
29 31
29 43
29 44
29 53
29 56
29 59
29 72
31 16
31 26
31 43
31 44
31 53
31 55
31 56
31 59
31 64
31 72
43 16
43 26
43 44
43 53
43 56
43 59
43 72
44 14
44 16
44 20
44 26
44 37
44 53
44 56
44 59
44 72
44 80
55 6
55 7
55 13
55 14
55 24
55 27
55 39
55 64
55 68
55 87
59 16
59 26
59 53
59 56
59 72
72 16
72 26
72 53
72 56
6 39
6 87
39 87
7 14
7 17
7 27
7 30
7 71
7 78
14 20
14 27
14 33
14 37
14 52
14 70
14 80
17 30
17 71
17 78
27 64
30 71
30 78
71 78
9 16
9 35
16 26
16 35
16 53
16 56
16 70
11 13
13 64
26 53
26 56
64 24
64 68
20 37
20 80
33 52
33 70
37 80
52 70
70 53
36 57
36 66
36 74
56 53
57 66
57 74
66 74
24 46
32 67
32 77
67 77
86 89
88 89
