0 12
0 18
0 19
0 20
0 21
0 33
0 44
0 47
0 50
0 51
0 58
0 61
0 66
0 69
12 1
12 2
12 3
12 7
12 10
12 11
12 18
12 19
12 20
12 21
12 24
12 25
12 26
12 27
12 29
12 33
12 38
12 39
12 40
12 41
12 43
12 44
12 45
12 46
12 47
12 48
12 50
12 51
12 52
12 55
12 57
12 58
12 60
12 61
12 63
12 64
12 65
12 66
12 69
12 71
12 72
12 73
18 1
18 2
18 3
18 7
18 10
18 11
18 19
18 20
18 21
18 24
18 25
18 26
18 27
18 29
18 33
18 38
18 39
18 40
18 41
18 43
18 44
18 45
18 46
18 47
18 48
18 50
18 51
18 52
18 55
18 57
18 58
18 60
18 61
18 63
18 64
18 65
18 66
18 69
18 71
18 72
18 73
19 1
19 2
19 3
19 4
19 5
19 6
19 7
19 8
19 9
19 10
19 11
19 13
19 14
19 15
19 16
19 17
19 20
19 21
19 22
19 23
19 24
19 25
19 26
19 27
19 28
19 29
19 30
19 31
19 32
19 33
19 34
19 35
19 36
19 37
19 38
19 39
19 40
19 41
19 42
19 43
19 44
19 45
19 46
19 47
19 48
19 49
19 50
19 51
19 52
19 53
19 54
19 55
19 56
19 57
19 58
19 59
19 60
19 61
19 62
19 63
19 64
19 65
19 66
19 67
19 68
19 69
19 70
19 71
19 72
19 73
19 74
20 21
20 33
20 44
20 47
20 50
20 51
20 58
20 61
20 66
20 67
20 69
21 24
21 29
21 33
21 39
21 41
21 44
21 46
21 47
21 50
21 51
21 57
21 58
21 61
21 66
21 69
21 71
21 73
33 1
33 2
33 7
33 11
33 24
33 25
33 27
33 29
33 38
33 39
33 40
33 41
33 44
33 45
33 46
33 47
33 48
33 50
33 51
33 52
33 55
33 57
33 58
33 61
33 63
33 64
33 65
33 66
33 69
33 71
33 72
33 73
44 1
44 2
44 3
44 7
44 10
44 11
44 24
44 25
44 26
44 27
44 29
44 38
44 39
44 40
44 41
44 43
44 45
44 46
44 47
44 48
44 50
44 51
44 52
44 55
44 57
44 58
44 60
44 61
44 63
44 64
44 65
44 66
44 69
44 71
44 72
44 73
47 10
47 50
47 51
47 58
47 61
47 66
47 69
50 1
50 2
50 7
50 10
50 11
50 24
50 25
50 26
50 27
50 29
50 38
50 39
50 40
50 41
50 43
50 46
50 48
50 51
50 52
50 55
50 57
50 58
50 60
50 61
50 63
50 64
50 65
50 66
50 69
50 71
50 72
50 73
51 45
51 58
51 61
51 66
51 69
58 1
58 2
58 3
58 7
58 10
58 11
58 24
58 25
58 26
58 27
58 29
58 38
58 39
58 40
58 41
58 43
58 45
58 46
58 48
58 52
58 55
58 57
58 60
58 61
58 63
58 64
58 65
58 66
58 69
58 71
58 72
58 73
61 1
61 2
61 7
61 11
61 24
61 25
61 27
61 29
61 38
61 39
61 41
61 46
61 48
61 52
61 55
61 57
61 63
61 64
61 65
61 66
61 69
61 71
61 72
61 73
66 52
66 57
66 69
66 72
69 10
1 27
1 38
1 39
1 41
1 46
1 52
1 57
1 63
1 72
1 73
27 11
27 38
27 46
27 52
27 55
27 57
27 72
38 11
38 26
38 39
38 40
38 41
38 43
38 45
38 46
38 52
38 57
38 60
38 63
38 65
38 72
38 73
39 2
39 7
39 10
39 22
39 24
39 29
39 41
39 46
39 52
39 57
39 63
39 64
39 65
39 71
39 72
39 73
41 8
41 52
41 57
41 63
41 72
41 73
46 24
46 29
46 52
46 55
46 57
46 71
46 72
46 73
52 26
52 40
52 43
52 45
52 55
52 57
52 60
52 63
52 65
52 72
52 73
57 8
57 11
57 24
57 25
57 26
57 29
57 40
57 43
57 55
57 60
57 63
57 65
57 71
57 72
57 73
63 72
63 73
72 26
72 40
72 43
72 45
72 55
72 60
72 65
72 73
73 24
73 29
73 65
73 71
2 7
2 11
2 22
2 25
2 28
2 45
2 53
2 64
2 67
2 74
7 11
7 22
7 25
7 45
7 64
7 74
11 3
11 10
11 25
11 64
22 9
22 16
22 28
22 30
22 31
22 34
22 35
22 36
22 37
22 45
22 49
22 64
22 70
22 74
25 10
25 64
28 6
28 9
28 15
28 16
28 17
28 30
28 31
28 34
28 35
28 36
28 37
28 45
28 49
28 54
28 56
28 64
28 67
28 68
28 70
28 74
45 4
45 5
45 6
45 8
45 9
45 13
45 14
45 15
45 16
45 17
45 23
45 30
45 31
45 32
45 34
45 35
45 36
45 37
45 42
45 49
45 53
45 54
45 56
45 59
45 62
45 64
45 67
45 68
45 70
45 74
53 6
53 13
53 59
53 64
53 70
64 31
64 36
64 67
64 74
67 9
67 15
67 17
67 23
67 31
67 32
67 36
67 49
67 54
67 56
67 68
67 74
74 9
74 15
74 16
74 17
74 30
74 31
74 34
74 35
74 36
74 37
74 49
74 54
74 56
74 68
74 70
3 10
10 43
4 8
4 62
8 5
8 6
8 13
8 14
8 16
8 32
8 37
8 59
8 62
8 68
8 70
62 14
62 32
5 14
5 42
5 68
5 70
14 16
14 37
14 68
14 70
68 15
68 16
68 17
68 31
68 36
68 37
68 54
68 56
68 70
70 6
70 9
70 13
70 16
70 30
70 31
70 34
70 35
70 36
70 37
70 49
70 59
6 13
6 59
13 59
16 9
16 30
16 31
16 34
16 35
16 36
16 37
16 49
32 23
37 9
37 30
37 31
37 34
37 35
37 36
37 49
9 30
9 31
9 34
9 35
9 36
9 49
30 31
30 34
30 35
30 36
30 49
31 15
31 17
31 34
31 35
31 36
31 49
31 54
31 56
34 35
34 36
34 49
35 36
35 49
36 15
36 17
36 49
36 54
36 56
43 26
43 40
43 60
43 65
24 29
24 71
26 40
26 60
26 65
29 71
40 48
40 60
40 65
60 65
15 17
15 54
15 56
17 54
17 56
54 56
