0 7
0 18
0 23
0 28
0 33
7 1
7 2
7 3
7 4
7 5
7 6
7 8
7 9
7 10
7 11
7 12
7 13
7 14
7 15
7 16
7 17
7 18
7 19
7 20
7 21
7 22
7 23
7 24
7 25
7 26
7 27
7 28
7 29
7 30
7 31
7 32
7 33
7 34
7 35
7 36
18 23
18 28
18 33
23 1
23 2
23 4
23 6
23 8
23 9
23 12
23 17
23 19
23 20
23 21
23 25
23 26
23 27
23 28
23 29
23 31
23 32
23 33
23 34
23 36
28 1
28 2
28 4
28 6
28 8
28 9
28 10
28 12
28 13
28 14
28 15
28 17
28 19
28 20
28 21
28 24
28 25
28 26
28 27
28 29
28 30
28 31
28 32
28 33
28 34
28 35
28 36
1 2
1 4
1 31
1 36
2 4
2 31
2 36
4 6
4 9
4 10
4 12
4 15
4 20
4 24
4 25
4 29
4 30
4 31
4 34
4 36
31 36
3 5
3 11
3 16
3 22
5 11
5 16
5 22
11 16
11 22
16 22
6 9
6 17
6 20
6 27
6 34
9 17
9 20
9 21
9 26
9 27
9 29
9 32
9 34
10 13
10 14
10 15
10 24
10 25
10 30
10 35
12 25
15 13
15 14
15 24
15 25
15 30
15 35
20 8
20 17
20 19
20 21
20 25
20 26
20 27
20 29
20 32
20 34
24 13
24 14
24 25
24 30
24 35
25 13
25 14
25 30
25 34
25 35
29 8
29 19
29 21
29 26
29 32
30 13
30 14
30 35
34 17
34 27
17 27
8 19
8 21
8 26
8 32
13 35
19 21
19 26
19 32
21 26
21 32
26 32
