0 1
0 12
0 24
0 26
0 36
0 40
0 42
0 44
0 46
0 48
0 51
0 53
0 54
1 3
1 4
1 5
1 8
1 10
1 16
1 19
1 21
1 22
1 24
1 25
1 26
1 29
1 31
1 36
1 37
1 41
1 42
1 45
1 46
1 51
1 54
12 26
12 40
12 48
12 51
12 53
24 8
24 11
24 26
24 30
24 36
24 38
24 39
24 42
24 44
24 45
24 46
24 50
24 51
24 54
26 2
26 3
26 4
26 5
26 6
26 7
26 8
26 9
26 10
26 11
26 13
26 14
26 15
26 16
26 17
26 18
26 19
26 20
26 21
26 22
26 23
26 25
26 27
26 28
26 29
26 30
26 31
26 32
26 33
26 34
26 35
26 36
26 37
26 38
26 39
26 40
26 41
26 42
26 43
26 44
26 45
26 46
26 47
26 48
26 49
26 50
26 51
26 52
26 53
26 54
36 42
36 46
36 51
36 54
40 48
40 51
40 53
42 3
42 8
42 9
42 10
42 11
42 13
42 18
42 21
42 22
42 25
42 29
42 30
42 31
42 35
42 38
42 39
42 44
42 45
42 46
42 49
42 50
42 51
42 54
44 8
44 30
44 38
44 39
44 46
44 50
44 51
44 54
46 3
46 5
46 8
46 11
46 17
46 19
46 30
46 37
46 38
46 39
46 45
46 48
46 50
46 51
46 53
46 54
48 19
48 51
48 53
51 8
51 11
51 19
51 30
51 38
51 39
51 45
51 50
51 53
51 54
53 19
54 3
54 4
54 8
54 10
54 11
54 13
54 16
54 18
54 19
54 21
54 22
54 25
54 29
54 30
54 31
54 37
54 38
54 39
54 41
54 45
54 50
3 21
3 22
3 25
3 29
3 31
4 10
4 16
4 19
4 29
4 37
4 41
5 17
8 11
8 30
8 38
8 39
8 45
8 50
10 9
10 13
10 16
10 18
10 19
10 29
10 35
10 37
10 41
10 49
16 19
16 29
16 37
16 41
16 43
19 14
19 29
19 32
19 37
19 41
19 43
19 52
21 22
21 25
21 29
21 31
22 25
22 29
22 31
25 29
25 31
29 14
29 31
29 32
29 37
29 41
29 43
29 52
37 41
2 6
2 33
6 13
6 33
17 23
13 9
13 18
13 35
13 49
7 15
7 23
7 34
7 47
15 23
15 34
15 47
23 34
23 47
34 47
38 39
38 50
39 50
9 18
9 35
9 49
18 35
18 49
35 49
14 32
14 43
14 52
32 43
32 52
43 52
20 27
20 28
27 28
