0 2
0 18
0 21
0 22
0 27
2 1
2 3
2 4
2 6
2 9
2 13
2 14
2 20
2 21
2 22
2 29
2 35
2 36
18 17
18 19
18 21
18 22
18 25
18 27
18 32
18 34
21 1
21 3
21 5
21 6
21 9
21 14
21 15
21 17
21 19
21 22
21 25
21 27
21 28
21 32
21 34
21 35
21 36
22 1
22 3
22 4
22 5
22 6
22 7
22 8
22 9
22 10
22 11
22 12
22 13
22 14
22 15
22 16
22 17
22 19
22 20
22 23
22 24
22 25
22 26
22 27
22 28
22 29
22 30
22 31
22 32
22 33
22 34
22 35
22 36
22 37
27 17
27 25
1 3
1 8
1 13
1 35
1 36
3 8
3 35
3 36
8 7
8 11
8 12
8 16
8 33
8 36
8 37
13 4
13 9
13 20
13 29
35 15
35 36
36 9
36 10
36 30
36 32
4 9
4 20
4 29
6 9
6 14
9 14
20 29
20 32
7 11
7 12
7 16
7 31
7 33
7 37
11 12
11 16
11 33
11 37
12 16
12 33
12 37
16 31
16 33
16 37
31 33
31 37
33 37
10 30
30 32
17 25
19 32
19 34
32 34
24 26
