0 4
0 13
0 25
0 42
0 44
0 70
0 74
0 94
0 97
0 103
4 1
4 6
4 7
4 9
4 10
4 13
4 15
4 23
4 25
4 34
4 37
4 42
4 44
4 52
4 57
4 62
4 63
4 67
4 70
4 74
4 77
4 79
4 87
4 94
4 95
4 97
4 102
4 103
4 104
4 105
4 106
4 107
13 25
13 27
13 35
13 42
13 44
13 45
13 57
13 61
13 70
13 73
13 74
13 79
13 94
13 97
13 103
13 107
25 5
25 14
25 18
25 23
25 30
25 36
25 37
25 42
25 44
25 45
25 63
25 70
25 74
25 79
25 92
25 94
25 95
25 97
25 103
25 104
42 6
42 44
42 57
42 67
42 70
42 73
42 74
42 77
42 94
42 95
42 97
42 102
42 103
42 105
42 107
44 27
44 35
44 45
44 57
44 61
44 70
44 73
44 74
44 79
44 94
44 97
44 103
44 107
70 74
70 94
70 97
70 103
74 1
74 2
74 3
74 5
74 6
74 7
74 8
74 9
74 10
74 11
74 12
74 14
74 15
74 16
74 17
74 18
74 19
74 20
74 21
74 22
74 23
74 24
74 26
74 27
74 28
74 29
74 30
74 31
74 32
74 33
74 34
74 35
74 36
74 37
74 38
74 39
74 40
74 41
74 43
74 45
74 46
74 47
74 48
74 49
74 50
74 51
74 52
74 53
74 54
74 55
74 56
74 57
74 58
74 59
74 60
74 61
74 62
74 63
74 64
74 65
74 66
74 67
74 68
74 69
74 71
74 72
74 73
74 75
74 76
74 77
74 78
74 79
74 80
74 81
74 82
74 83
74 84
74 85
74 86
74 87
74 88
74 89
74 90
74 91
74 92
74 93
74 94
74 95
74 96
74 97
74 98
74 99
74 100
74 101
74 102
74 103
74 104
74 105
74 106
74 107
94 7
94 15
94 23
94 34
94 37
94 62
94 63
94 87
94 97
94 103
94 107
97 79
97 83
97 103
97 106
1 6
1 10
1 52
1 105
6 10
6 52
6 77
6 95
6 102
10 52
105 61
105 67
2 9
2 12
2 21
2 22
2 23
2 28
2 46
2 51
2 55
2 56
2 59
2 65
2 76
2 78
2 80
2 89
2 92
2 98
9 12
9 14
9 20
9 23
9 37
9 41
9 46
9 51
9 54
9 59
9 61
9 65
9 79
9 104
9 106
12 8
12 14
12 23
12 37
12 41
12 46
12 51
12 54
12 59
12 65
12 75
12 95
12 104
21 3
21 26
21 37
21 56
21 67
21 71
21 73
21 92
21 98
22 23
22 28
22 34
22 53
22 59
22 75
22 82
22 91
22 99
22 104
23 5
23 7
23 8
23 11
23 14
23 15
23 16
23 17
23 18
23 20
23 26
23 28
23 29
23 30
23 31
23 32
23 33
23 34
23 36
23 37
23 38
23 39
23 40
23 41
23 43
23 45
23 46
23 49
23 50
23 51
23 53
23 54
23 55
23 56
23 58
23 59
23 60
23 63
23 64
23 65
23 75
23 76
23 78
23 79
23 80
23 81
23 82
23 84
23 88
23 89
23 91
23 92
23 93
23 95
23 96
23 98
23 99
23 100
23 104
23 106
28 46
28 56
28 59
28 76
28 80
28 89
46 8
46 14
46 20
46 37
46 39
46 41
46 54
46 59
46 65
46 75
46 80
46 95
46 104
51 5
51 11
51 14
51 26
51 36
51 37
51 38
51 55
51 63
51 65
51 78
51 79
51 95
51 98
51 104
51 106
55 5
55 11
55 26
55 36
55 37
55 38
55 63
55 78
55 79
55 95
55 98
55 104
55 106
56 76
56 80
56 89
56 92
56 98
59 8
59 20
59 37
59 41
59 54
59 65
59 75
59 104
65 8
65 14
65 37
65 41
65 54
65 75
65 79
65 93
65 95
65 104
76 80
76 89
78 5
78 11
78 26
78 36
78 37
78 38
78 63
78 79
78 95
78 98
78 104
78 106
80 89
92 5
92 14
92 18
92 36
92 37
92 45
92 63
92 79
92 95
92 98
92 104
98 5
98 11
98 26
98 36
98 37
98 38
98 63
98 79
98 95
98 104
98 106
3 26
3 37
3 71
3 73
26 5
26 7
26 11
26 36
26 37
26 38
26 63
26 71
26 79
26 95
26 104
26 106
37 5
37 7
37 8
37 11
37 14
37 15
37 16
37 17
37 18
37 20
37 29
37 30
37 31
37 32
37 33
37 34
37 36
37 38
37 39
37 40
37 41
37 43
37 45
37 49
37 50
37 54
37 57
37 58
37 60
37 62
37 63
37 64
37 67
37 73
37 75
37 79
37 81
37 82
37 84
37 87
37 88
37 93
37 95
37 96
37 99
37 100
37 104
37 106
37 107
71 67
73 27
73 35
73 45
73 57
73 61
73 67
73 79
73 107
7 15
7 34
7 45
7 62
7 63
7 87
7 107
15 30
15 34
15 35
15 36
15 45
15 62
15 63
15 64
15 79
15 87
15 104
15 107
34 30
34 53
34 63
34 75
34 91
34 104
57 27
57 35
57 45
57 61
57 67
57 79
57 107
62 63
62 87
62 107
63 5
63 11
63 14
63 16
63 18
63 29
63 30
63 31
63 36
63 38
63 45
63 58
63 64
63 75
63 79
63 87
63 93
63 95
63 100
63 104
63 106
63 107
67 47
67 72
77 95
77 102
79 5
79 11
79 14
79 18
79 27
79 30
79 35
79 36
79 38
79 45
79 61
79 64
79 95
79 104
79 106
79 107
87 36
87 45
87 107
95 5
95 11
95 14
95 18
95 36
95 38
95 41
95 45
95 75
95 102
95 104
95 106
104 5
104 8
104 11
104 14
104 16
104 17
104 18
104 20
104 29
104 30
104 31
104 32
104 33
104 36
104 38
104 39
104 40
104 41
104 43
104 45
104 49
104 50
104 53
104 54
104 58
104 60
104 64
104 75
104 81
104 82
104 84
104 88
104 91
104 93
104 96
104 99
104 100
104 106
106 5
106 11
106 36
106 38
107 27
107 35
107 45
107 61
107 83
5 11
5 14
5 18
5 31
5 36
5 38
5 45
5 58
11 36
11 38
14 18
14 36
14 45
14 93
18 36
18 45
31 16
31 29
31 36
31 58
31 75
31 93
31 100
36 38
36 45
36 58
36 83
45 27
45 35
45 61
45 83
58 16
58 29
58 75
58 93
58 100
8 41
8 75
41 75
75 16
75 20
75 29
75 35
75 53
75 54
75 91
75 93
75 100
20 54
61 27
61 35
27 35
93 16
93 29
93 39
93 40
93 50
93 82
93 100
30 17
30 32
30 33
30 39
30 43
30 49
30 60
30 64
30 66
30 81
30 84
30 96
30 99
16 29
16 39
16 40
16 82
16 100
29 39
29 40
29 50
29 82
29 88
29 100
39 17
39 32
39 33
39 40
39 43
39 49
39 50
39 60
39 81
39 82
39 84
39 88
39 96
39 99
40 50
40 82
82 50
82 99
17 32
17 33
17 43
17 49
17 60
17 81
17 84
17 96
17 99
32 33
32 43
32 49
32 60
32 81
32 84
32 96
32 99
33 43
33 49
33 60
33 81
33 84
33 96
33 99
43 49
43 60
43 81
43 84
43 96
43 99
49 60
49 81
49 84
49 96
49 99
60 81
60 84
60 96
60 99
81 24
81 84
81 96
81 99
84 96
84 99
96 99
19 86
53 91
24 66
83 68
83 90
47 72
48 69
48 90
69 90
90 68
85 101
