0 2
0 6
0 18
0 20
0 22
0 24
0 28
0 29
0 34
0 36
0 40
0 43
2 1
2 6
2 8
2 9
2 13
2 15
2 16
2 18
2 20
2 24
2 28
2 29
2 34
2 36
2 38
2 40
2 41
2 43
6 18
6 20
6 24
6 28
6 29
6 34
6 36
6 40
6 43
18 9
18 11
18 12
18 20
18 22
18 24
18 25
18 28
18 29
18 34
18 36
18 37
18 39
18 40
18 43
20 1
20 8
20 9
20 13
20 15
20 16
20 17
20 24
20 28
20 29
20 31
20 34
20 36
20 38
20 40
20 41
20 43
22 3
22 4
22 5
22 7
22 9
22 10
22 12
22 14
22 15
22 19
22 21
22 23
22 25
22 26
22 27
22 29
22 30
22 31
22 32
22 33
22 35
22 36
22 37
22 39
22 41
22 42
22 44
24 28
24 29
24 34
24 36
24 40
24 43
28 9
28 17
28 29
28 34
28 36
28 40
28 43
29 1
29 3
29 4
29 7
29 8
29 9
29 10
29 11
29 12
29 13
29 14
29 15
29 16
29 17
29 19
29 21
29 23
29 27
29 32
29 33
29 34
29 35
29 36
29 37
29 38
29 39
29 40
29 41
29 42
29 43
34 1
34 8
34 9
34 13
34 15
34 16
34 36
34 38
34 40
34 41
34 43
36 1
36 3
36 4
36 5
36 7
36 8
36 9
36 10
36 11
36 12
36 13
36 14
36 15
36 16
36 17
36 19
36 21
36 23
36 25
36 26
36 27
36 30
36 31
36 32
36 33
36 35
36 37
36 38
36 39
36 40
36 41
36 42
36 43
36 44
40 43
43 1
43 8
43 9
43 13
43 15
43 16
43 38
43 41
1 8
1 9
1 13
1 15
1 16
1 38
1 41
8 9
8 13
8 15
8 16
8 38
8 41
9 10
9 11
9 12
9 13
9 14
9 15
9 16
9 17
9 19
9 23
9 25
9 32
9 33
9 35
9 37
9 38
9 39
9 41
13 15
13 16
13 38
13 41
15 3
15 4
15 7
15 16
15 21
15 27
15 38
15 41
15 42
16 38
16 41
38 41
41 3
41 4
41 7
41 21
41 27
41 42
3 4
3 7
3 21
3 27
3 42
4 7
4 21
4 27
4 42
7 21
7 27
7 42
21 27
21 42
27 42
5 26
5 30
5 31
5 44
26 30
26 31
26 44
30 31
30 44
31 39
31 44
10 12
10 14
10 23
10 32
10 37
11 12
12 14
12 19
12 23
12 25
12 32
12 33
12 35
12 37
12 39
14 23
14 32
14 37
19 33
19 35
19 37
23 32
23 37
32 37
33 35
33 37
35 37
37 39
