0 1
0 17
0 21
0 26
0 32
0 37
1 12
1 17
1 26
1 32
1 37
1 58
17 26
17 32
17 37
21 2
21 18
21 23
21 30
21 37
21 42
21 43
21 47
21 49
21 56
21 64
26 32
26 37
32 12
32 18
32 19
32 24
32 37
32 42
32 47
32 56
37 2
37 3
37 4
37 5
37 6
37 7
37 8
37 9
37 10
37 11
37 12
37 13
37 14
37 15
37 16
37 18
37 19
37 20
37 22
37 23
37 24
37 25
37 27
37 28
37 29
37 30
37 31
37 33
37 34
37 35
37 36
37 38
37 39
37 40
37 41
37 42
37 43
37 44
37 45
37 46
37 47
37 48
37 49
37 50
37 51
37 52
37 53
37 54
37 55
37 56
37 57
37 58
37 59
37 60
37 61
37 62
37 63
37 64
12 2
12 3
12 6
12 9
12 18
12 23
12 24
12 27
12 29
12 36
12 39
12 40
12 42
12 44
12 47
12 48
12 51
12 53
12 56
12 58
12 59
12 63
58 2
58 3
58 6
58 9
58 18
58 22
58 23
58 24
58 25
58 27
58 29
58 33
58 36
58 39
58 40
58 41
58 44
58 47
58 48
58 51
2 8
2 18
2 19
2 24
2 30
2 35
2 42
2 43
2 56
2 63
8 3
8 19
8 35
8 42
8 45
8 56
8 63
18 3
18 22
18 25
18 33
18 36
18 40
18 41
18 42
18 47
18 56
19 23
19 35
19 42
19 56
19 63
24 3
24 9
24 23
24 27
24 39
24 40
24 42
24 47
24 51
24 63
30 11
30 16
30 43
30 47
30 59
35 3
35 42
35 45
35 56
35 63
42 3
42 5
42 7
42 10
42 13
42 23
42 34
42 36
42 40
42 43
42 45
42 47
42 56
42 62
42 63
43 3
43 5
43 10
43 11
43 13
43 14
43 16
43 20
43 31
43 34
43 46
43 47
43 52
43 54
43 55
43 57
43 59
43 62
56 3
56 23
56 36
56 45
56 47
56 63
63 3
63 6
63 27
63 45
63 47
3 7
3 36
3 45
3 47
7 4
7 15
7 28
7 29
7 47
7 50
7 53
7 61
36 22
36 25
36 33
36 40
36 41
47 6
47 9
47 11
47 16
47 23
47 27
47 39
47 51
47 59
4 15
4 28
4 29
4 50
4 53
4 61
15 28
15 29
15 50
15 53
15 61
28 29
28 50
28 53
28 61
29 6
29 44
29 48
29 50
29 53
29 61
50 53
50 61
53 61
5 10
5 13
5 14
5 20
5 31
5 34
5 46
5 52
5 54
5 55
5 57
5 62
10 13
10 14
10 20
10 31
10 34
10 46
10 52
10 54
10 55
10 57
10 62
13 14
13 20
13 31
13 34
13 46
13 52
13 54
13 55
13 57
13 62
14 20
14 31
14 34
14 38
14 46
14 52
14 54
14 55
14 57
14 60
14 62
20 31
20 34
20 46
20 52
20 54
20 55
20 57
20 62
31 34
31 38
31 46
31 52
31 54
31 55
31 57
31 60
31 62
34 46
34 52
34 54
34 55
34 57
34 62
46 52
46 54
46 55
46 57
46 62
52 54
52 55
52 57
52 62
54 55
54 57
54 62
55 57
55 62
57 62
6 27
6 44
6 48
27 9
27 23
27 39
27 51
44 48
9 23
9 39
9 51
23 39
23 51
39 51
11 16
11 59
16 59
40 22
40 25
40 33
40 41
38 60
22 25
22 33
22 41
25 33
25 41
33 41
49 64
