0 15
0 20
0 28
0 31
0 42
0 55
0 81
0 98
15 30
15 53
15 98
20 42
20 98
28 31
28 42
28 81
28 97
28 98
31 42
31 81
31 98
42 81
42 98
55 6
55 14
55 19
55 21
55 23
55 41
55 43
55 58
55 60
55 61
55 68
55 71
55 75
55 76
55 81
55 84
55 89
55 94
55 98
81 98
98 1
98 2
98 3
98 4
98 5
98 6
98 7
98 8
98 9
98 10
98 11
98 12
98 13
98 14
98 16
98 17
98 18
98 19
98 21
98 22
98 23
98 24
98 25
98 26
98 27
98 29
98 30
98 32
98 33
98 34
98 35
98 36
98 37
98 38
98 39
98 40
98 41
98 43
98 44
98 45
98 46
98 47
98 48
98 49
98 50
98 51
98 52
98 53
98 54
98 56
98 57
98 58
98 59
98 60
98 61
98 62
98 63
98 64
98 65
98 66
98 67
98 68
98 69
98 70
98 71
98 72
98 73
98 74
98 75
98 76
98 77
98 78
98 79
98 80
98 82
98 83
98 84
98 85
98 86
98 87
98 88
98 89
98 90
98 91
98 92
98 93
98 94
98 95
98 96
98 97
98 99
98 100
98 101
98 102
98 103
98 104
98 105
98 106
98 107
98 108
1 3
1 14
1 19
1 21
1 26
1 29
1 41
1 43
1 58
1 60
1 61
1 66
1 68
1 71
1 73
1 75
1 76
1 84
1 86
1 89
1 94
1 105
3 10
3 14
3 19
3 21
3 23
3 26
3 29
3 37
3 41
3 43
3 56
3 60
3 61
3 63
3 71
3 72
3 75
3 76
3 84
3 85
3 86
3 87
3 89
3 90
3 92
3 94
3 96
3 100
3 103
3 105
14 6
14 8
14 19
14 21
14 23
14 26
14 29
14 33
14 34
14 38
14 41
14 43
14 46
14 58
14 60
14 61
14 66
14 68
14 71
14 73
14 75
14 76
14 84
14 86
14 89
14 92
14 94
14 102
14 105
19 6
19 21
19 23
19 26
19 29
19 34
19 38
19 41
19 43
19 58
19 60
19 61
19 66
19 68
19 71
19 73
19 75
19 76
19 84
19 89
19 92
19 94
19 102
19 105
21 6
21 23
21 26
21 29
21 33
21 34
21 38
21 41
21 43
21 46
21 52
21 58
21 60
21 61
21 66
21 68
21 71
21 73
21 75
21 76
21 77
21 84
21 86
21 89
21 92
21 94
21 102
21 105
26 23
26 29
26 41
26 43
26 60
26 61
26 66
26 68
26 71
26 73
26 75
26 76
26 84
26 86
26 89
26 94
26 105
29 2
29 10
29 16
29 32
29 34
29 37
29 41
29 43
29 56
29 57
29 60
29 61
29 63
29 67
29 71
29 72
29 75
29 76
29 84
29 85
29 86
29 87
29 89
29 90
29 92
29 94
29 96
29 100
29 103
29 104
29 105
41 6
41 23
41 34
41 38
41 43
41 58
41 60
41 61
41 66
41 68
41 71
41 73
41 75
41 76
41 84
41 86
41 89
41 94
41 102
41 105
43 6
43 23
43 34
43 38
43 58
43 60
43 61
43 66
43 68
43 71
43 73
43 75
43 76
43 84
43 86
43 89
43 94
43 102
43 105
58 6
58 23
58 34
58 60
58 61
58 66
58 68
58 71
58 73
58 75
58 76
58 84
58 89
58 94
60 6
60 23
60 61
60 68
60 71
60 75
60 76
60 84
60 86
60 89
60 94
60 105
61 2
61 6
61 23
61 38
61 46
61 66
61 68
61 71
61 73
61 75
61 76
61 77
61 84
61 86
61 89
61 92
61 94
61 99
61 102
61 105
66 18
66 34
66 38
66 64
66 68
66 71
66 73
66 75
66 76
66 84
66 89
66 94
66 102
68 6
68 23
68 38
68 71
68 73
68 75
68 76
68 84
68 89
68 94
68 102
68 105
71 6
71 18
71 23
71 64
71 73
71 75
71 76
71 84
71 86
71 89
71 94
71 105
73 34
73 38
73 75
73 76
73 84
73 89
73 94
73 102
75 6
75 23
75 33
75 34
75 46
75 76
75 84
75 86
75 89
75 92
75 94
75 102
75 105
76 6
76 16
76 23
76 34
76 36
76 38
76 39
76 67
76 69
76 74
76 80
76 84
76 86
76 89
76 92
76 94
76 102
76 105
76 107
84 6
84 23
84 33
84 34
84 38
84 46
84 52
84 86
84 89
84 92
84 94
84 102
84 105
86 18
86 23
86 89
86 94
86 105
89 6
89 16
89 23
89 38
89 72
89 92
89 94
89 105
94 6
94 23
94 92
94 102
94 105
105 2
105 8
105 23
105 40
105 92
2 4
2 7
2 8
2 9
2 11
2 12
2 16
2 17
2 22
2 23
2 27
2 32
2 33
2 35
2 46
2 47
2 48
2 49
2 57
2 59
2 65
2 67
2 72
2 77
2 79
2 82
2 88
2 91
2 93
2 97
2 99
2 101
2 103
2 104
2 108
4 8
4 9
4 12
4 22
4 23
4 27
4 32
4 33
4 34
4 46
4 48
4 49
4 57
4 65
4 72
4 79
4 82
4 91
4 97
4 101
4 108
7 11
7 12
7 16
7 22
7 67
7 77
7 88
7 91
7 97
7 103
7 104
8 9
8 12
8 23
8 27
8 32
8 33
8 35
8 46
8 48
8 49
8 57
8 65
8 72
8 79
8 82
8 88
8 91
8 97
8 101
8 108
9 12
9 23
9 27
9 32
9 33
9 35
9 46
9 48
9 49
9 57
9 65
9 72
9 79
9 82
9 91
9 97
9 101
9 108
11 12
11 16
11 22
11 67
11 77
11 88
11 91
11 97
11 104
12 16
12 17
12 22
12 23
12 27
12 32
12 33
12 35
12 46
12 47
12 48
12 49
12 57
12 59
12 65
12 67
12 72
12 77
12 79
12 82
12 88
12 91
12 93
12 97
12 99
12 101
12 103
12 104
12 108
16 10
16 17
16 22
16 63
16 67
16 72
16 74
16 77
16 87
16 88
16 91
16 92
16 96
16 97
16 104
17 10
17 32
17 33
17 35
17 47
17 57
17 59
17 72
17 79
17 88
17 91
17 93
17 97
17 99
17 103
17 108
22 10
22 34
22 67
22 77
22 88
22 91
22 97
22 103
22 104
22 106
23 6
23 27
23 32
23 33
23 35
23 46
23 48
23 49
23 57
23 65
23 72
23 79
23 82
23 91
23 97
23 101
23 102
23 108
27 32
27 33
27 46
27 48
27 49
27 57
27 65
27 72
27 77
27 79
27 82
27 91
27 97
27 101
27 108
32 33
32 35
32 46
32 47
32 48
32 49
32 57
32 59
32 62
32 65
32 72
32 79
32 82
32 91
32 93
32 97
32 99
32 101
32 103
32 108
33 35
33 46
33 47
33 48
33 49
33 57
33 59
33 65
33 72
33 79
33 82
33 88
33 91
33 93
33 97
33 99
33 101
33 103
33 104
33 108
35 46
35 47
35 57
35 59
35 72
35 79
35 82
35 93
35 97
35 99
35 101
35 108
46 48
46 49
46 57
46 65
46 69
46 72
46 77
46 79
46 82
46 88
46 91
46 97
46 101
46 103
46 108
47 57
47 59
47 72
47 79
47 93
47 97
47 99
47 108
48 49
48 57
48 59
48 65
48 72
48 79
48 82
48 91
48 97
48 101
48 108
49 57
49 65
49 72
49 79
49 82
49 91
49 97
49 101
49 108
57 52
57 59
57 65
57 67
57 72
57 79
57 82
57 88
57 91
57 93
57 97
57 99
57 101
57 103
57 104
57 108
59 72
59 79
59 93
59 97
59 99
59 108
65 72
65 79
65 82
65 91
65 97
65 101
65 108
67 36
67 39
67 62
67 72
67 74
67 77
67 80
67 88
67 91
67 97
67 104
67 107
72 10
72 37
72 56
72 63
72 79
72 82
72 85
72 87
72 88
72 90
72 91
72 92
72 93
72 96
72 97
72 99
72 100
72 101
72 103
72 104
72 108
77 38
77 79
77 88
77 91
77 97
77 104
77 108
79 82
79 88
79 91
79 93
79 95
79 97
79 99
79 101
79 103
79 108
82 88
82 91
82 97
82 101
82 108
88 91
88 97
88 101
88 103
88 104
88 108
91 97
91 99
91 101
91 103
91 104
91 108
93 97
93 99
93 108
97 99
97 101
97 103
97 104
97 108
99 30
99 40
99 56
99 96
99 103
99 104
99 108
101 103
101 108
103 10
103 37
103 56
103 63
103 85
103 87
103 90
103 92
103 96
103 104
103 108
104 63
104 96
104 108
108 63
108 69
10 37
10 56
10 63
10 85
10 87
10 90
10 92
10 96
37 56
37 63
37 85
37 87
37 90
37 92
37 96
56 30
56 63
56 69
56 85
56 87
56 90
56 92
56 96
63 85
63 87
63 90
63 92
63 96
85 64
85 87
85 90
85 92
85 96
85 100
87 90
87 92
87 96
90 92
90 96
92 96
92 100
96 69
34 38
34 102
5 45
5 51
5 78
45 51
51 83
51 95
13 30
30 83
30 106
38 102
74 36
74 39
74 62
74 80
74 107
18 64
52 40
52 54
52 62
52 70
83 95
62 40
62 54
62 70
36 39
36 80
36 107
39 69
39 80
39 107
80 107
69 44
40 54
40 70
54 70
