0 4
0 6
0 7
0 9
0 11
0 12
0 13
0 16
0 20
0 21
0 23
0 26
0 27
0 29
0 30
0 31
0 35
0 36
0 37
0 41
0 43
0 45
0 52
0 53
0 60
0 61
0 64
0 65
0 66
0 73
0 81
0 84
0 86
0 89
0 93
0 98
0 100
0 101
0 104
0 106
0 111
0 116
0 117
0 120
0 121
0 122
0 127
0 128
0 129
4 6
4 7
4 8
4 9
4 11
4 12
4 13
4 16
4 18
4 20
4 21
4 23
4 26
4 27
4 29
4 30
4 31
4 35
4 36
4 37
4 41
4 43
4 45
4 47
4 52
4 53
4 58
4 60
4 61
4 64
4 65
4 66
4 70
4 73
4 79
4 81
4 83
4 84
4 86
4 89
4 93
4 98
4 100
4 101
4 104
4 106
4 111
4 112
4 113
4 116
4 117
4 119
4 120
4 121
4 122
4 123
4 127
4 128
4 129
4 130
4 131
6 7
6 9
6 11
6 12
6 13
6 16
6 20
6 21
6 23
6 26
6 27
6 29
6 30
6 31
6 35
6 36
6 37
6 41
6 43
6 45
6 52
6 53
6 60
6 61
6 64
6 65
6 66
6 73
6 81
6 84
6 86
6 89
6 93
6 98
6 100
6 101
6 104
6 106
6 111
6 116
6 117
6 120
6 121
6 122
6 127
6 128
6 129
7 8
7 9
7 11
7 12
7 13
7 16
7 20
7 21
7 23
7 26
7 27
7 29
7 30
7 31
7 35
7 36
7 37
7 41
7 43
7 45
7 47
7 52
7 53
7 54
7 58
7 60
7 61
7 64
7 65
7 66
7 70
7 71
7 73
7 79
7 81
7 83
7 84
7 86
7 89
7 93
7 98
7 100
7 101
7 104
7 106
7 111
7 112
7 113
7 116
7 117
7 119
7 120
7 121
7 122
7 123
7 127
7 128
7 129
7 130
7 131
9 11
9 12
9 13
9 16
9 20
9 21
9 23
9 26
9 27
9 29
9 30
9 31
9 35
9 36
9 37
9 41
9 43
9 45
9 52
9 53
9 60
9 61
9 64
9 65
9 66
9 73
9 81
9 84
9 86
9 89
9 93
9 98
9 100
9 101
9 104
9 106
9 111
9 116
9 117
9 120
9 121
9 122
9 127
9 128
9 129
11 2
11 5
11 8
11 12
11 13
11 16
11 20
11 21
11 23
11 26
11 27
11 29
11 30
11 31
11 35
11 36
11 37
11 41
11 43
11 44
11 45
11 47
11 52
11 53
11 54
11 58
11 60
11 61
11 64
11 65
11 66
11 70
11 73
11 75
11 79
11 81
11 83
11 84
11 86
11 89
11 93
11 98
11 100
11 101
11 104
11 105
11 106
11 111
11 112
11 113
11 116
11 117
11 119
11 120
11 121
11 122
11 123
11 127
11 128
11 129
11 130
11 131
12 2
12 5
12 13
12 16
12 20
12 21
12 23
12 26
12 27
12 29
12 30
12 31
12 35
12 36
12 37
12 41
12 43
12 44
12 45
12 52
12 53
12 54
12 60
12 61
12 64
12 65
12 66
12 73
12 75
12 79
12 81
12 84
12 86
12 89
12 93
12 98
12 100
12 101
12 104
12 105
12 106
12 111
12 112
12 116
12 117
12 119
12 120
12 121
12 122
12 127
12 128
12 129
13 5
13 8
13 16
13 19
13 20
13 21
13 23
13 26
13 27
13 29
13 30
13 31
13 35
13 36
13 37
13 38
13 39
13 41
13 43
13 44
13 45
13 46
13 47
13 52
13 53
13 57
13 58
13 60
13 61
13 64
13 65
13 66
13 67
13 68
13 70
13 73
13 79
13 81
13 83
13 84
13 86
13 89
13 92
13 93
13 98
13 100
13 101
13 104
13 105
13 106
13 107
13 111
13 112
13 113
13 116
13 117
13 118
13 119
13 120
13 121
13 122
13 123
13 127
13 128
13 129
13 130
13 131
16 20
16 21
16 23
16 26
16 27
16 29
16 30
16 31
16 35
16 36
16 37
16 41
16 43
16 45
16 52
16 53
16 60
16 61
16 64
16 65
16 66
16 73
16 81
16 84
16 86
16 89
16 93
16 98
16 100
16 101
16 104
16 106
16 111
16 116
16 117
16 120
16 121
16 122
16 127
16 128
16 129
20 8
20 21
20 23
20 26
20 27
20 29
20 30
20 31
20 35
20 36
20 37
20 41
20 43
20 45
20 47
20 52
20 53
20 54
20 58
20 60
20 61
20 64
20 65
20 66
20 70
20 71
20 73
20 79
20 81
20 83
20 84
20 86
20 89
20 93
20 98
20 100
20 101
20 104
20 106
20 111
20 112
20 113
20 116
20 117
20 119
20 120
20 121
20 122
20 123
20 127
20 128
20 129
20 130
20 131
21 23
21 26
21 27
21 29
21 30
21 31
21 35
21 36
21 37
21 41
21 43
21 45
21 52
21 53
21 60
21 61
21 64
21 65
21 66
21 73
21 81
21 84
21 86
21 89
21 93
21 98
21 100
21 101
21 104
21 106
21 111
21 116
21 117
21 120
21 121
21 122
21 127
21 128
21 129
23 26
23 27
23 29
23 30
23 31
23 35
23 36
23 37
23 41
23 43
23 45
23 52
23 53
23 60
23 61
23 64
23 65
23 66
23 73
23 81
23 84
23 86
23 89
23 93
23 98
23 100
23 101
23 104
23 106
23 111
23 116
23 117
23 120
23 121
23 122
23 127
23 128
23 129
23 130
26 2
26 5
26 8
26 15
26 18
26 27
26 29
26 30
26 31
26 35
26 36
26 37
26 41
26 43
26 44
26 45
26 47
26 52
26 53
26 54
26 58
26 60
26 61
26 64
26 65
26 66
26 70
26 71
26 73
26 75
26 79
26 81
26 83
26 84
26 86
26 87
26 89
26 93
26 98
26 100
26 101
26 104
26 105
26 106
26 109
26 111
26 112
26 113
26 116
26 117
26 119
26 120
26 121
26 122
26 123
26 127
26 128
26 129
26 130
26 131
27 8
27 15
27 29
27 30
27 31
27 35
27 36
27 37
27 41
27 43
27 45
27 47
27 52
27 53
27 54
27 58
27 60
27 61
27 64
27 65
27 66
27 70
27 71
27 73
27 79
27 81
27 83
27 84
27 86
27 87
27 89
27 93
27 98
27 100
27 101
27 104
27 106
27 111
27 112
27 113
27 116
27 117
27 119
27 120
27 121
27 122
27 123
27 127
27 128
27 129
27 130
27 131
29 30
29 31
29 35
29 36
29 37
29 41
29 43
29 45
29 52
29 53
29 60
29 61
29 64
29 65
29 66
29 73
29 81
29 84
29 86
29 89
29 93
29 98
29 100
29 101
29 104
29 106
29 111
29 116
29 117
29 120
29 121
29 122
29 127
29 128
29 129
30 31
30 35
30 36
30 37
30 41
30 43
30 45
30 52
30 53
30 60
30 61
30 64
30 65
30 66
30 73
30 81
30 84
30 86
30 89
30 93
30 98
30 100
30 101
30 104
30 106
30 111
30 116
30 117
30 120
30 121
30 122
30 127
30 128
30 129
31 35
31 36
31 37
31 41
31 43
31 45
31 52
31 53
31 60
31 61
31 64
31 65
31 66
31 73
31 81
31 84
31 86
31 89
31 93
31 98
31 100
31 101
31 104
31 106
31 111
31 116
31 117
31 120
31 121
31 122
31 127
31 128
31 129
35 36
35 37
35 41
35 43
35 45
35 52
35 53
35 60
35 61
35 64
35 65
35 66
35 73
35 81
35 84
35 86
35 89
35 93
35 98
35 100
35 101
35 104
35 106
35 111
35 116
35 117
35 120
35 121
35 122
35 127
35 128
35 129
36 2
36 5
36 8
36 10
36 18
36 19
36 24
36 25
36 32
36 33
36 34
36 37
36 38
36 39
36 40
36 41
36 42
36 43
36 44
36 45
36 46
36 47
36 49
36 50
36 52
36 53
36 54
36 55
36 56
36 57
36 58
36 59
36 60
36 61
36 62
36 64
36 65
36 66
36 67
36 68
36 69
36 70
36 71
36 72
36 73
36 74
36 75
36 77
36 78
36 79
36 80
36 81
36 82
36 83
36 84
36 85
36 86
36 88
36 89
36 90
36 91
36 92
36 93
36 94
36 95
36 98
36 99
36 100
36 101
36 104
36 105
36 106
36 107
36 109
36 110
36 111
36 112
36 113
36 114
36 115
36 116
36 117
36 118
36 119
36 120
36 121
36 122
36 123
36 124
36 125
36 126
36 127
36 128
36 129
36 130
36 131
37 41
37 43
37 45
37 52
37 53
37 60
37 61
37 64
37 65
37 66
37 73
37 81
37 84
37 86
37 89
37 93
37 98
37 100
37 101
37 104
37 106
37 111
37 116
37 117
37 120
37 121
37 122
37 123
37 127
37 128
37 129
41 43
41 45
41 52
41 53
41 60
41 61
41 64
41 65
41 66
41 73
41 81
41 84
41 86
41 89
41 93
41 98
41 100
41 101
41 104
41 106
41 111
41 116
41 117
41 120
41 121
41 122
41 127
41 128
41 129
43 8
43 45
43 47
43 52
43 53
43 58
43 60
43 61
43 64
43 65
43 66
43 70
43 73
43 79
43 81
43 83
43 84
43 86
43 89
43 93
43 98
43 100
43 101
43 104
43 106
43 111
43 112
43 113
43 116
43 117
43 119
43 120
43 121
43 122
43 123
43 127
43 128
43 129
43 130
43 131
45 1
45 2
45 10
45 14
45 15
45 18
45 25
45 28
45 39
45 40
45 50
45 52
45 53
45 54
45 55
45 57
45 58
45 60
45 61
45 64
45 65
45 66
45 67
45 70
45 73
45 77
45 79
45 81
45 82
45 84
45 85
45 86
45 87
45 89
45 90
45 93
45 94
45 98
45 100
45 101
45 102
45 103
45 104
45 105
45 106
45 109
45 111
45 112
45 113
45 115
45 116
45 117
45 118
45 119
45 120
45 121
45 122
45 126
45 127
45 128
45 129
45 130
52 38
52 53
52 60
52 61
52 64
52 65
52 66
52 73
52 80
52 81
52 84
52 86
52 89
52 93
52 98
52 100
52 101
52 104
52 105
52 106
52 111
52 113
52 116
52 117
52 120
52 121
52 122
52 127
52 128
52 129
53 8
53 47
53 58
53 60
53 61
53 64
53 65
53 66
53 70
53 73
53 79
53 81
53 83
53 84
53 86
53 89
53 93
53 98
53 100
53 101
53 104
53 106
53 111
53 112
53 113
53 116
53 117
53 119
53 120
53 121
53 122
53 123
53 127
53 128
53 129
53 130
53 131
60 61
60 64
60 65
60 66
60 73
60 81
60 84
60 86
60 89
60 93
60 98
60 100
60 101
60 104
60 106
60 111
60 116
60 117
60 120
60 121
60 122
60 127
60 128
60 129
61 1
61 2
61 3
61 5
61 8
61 10
61 14
61 15
61 17
61 18
61 19
61 22
61 24
61 25
61 28
61 32
61 33
61 34
61 38
61 39
61 40
61 42
61 44
61 46
61 47
61 48
61 49
61 50
61 51
61 54
61 55
61 56
61 57
61 58
61 59
61 62
61 63
61 64
61 65
61 66
61 67
61 68
61 69
61 70
61 71
61 72
61 73
61 74
61 75
61 76
61 77
61 78
61 79
61 80
61 81
61 82
61 83
61 84
61 85
61 86
61 87
61 88
61 89
61 90
61 91
61 92
61 93
61 94
61 95
61 96
61 97
61 98
61 99
61 100
61 101
61 102
61 103
61 104
61 105
61 106
61 107
61 108
61 109
61 110
61 111
61 112
61 113
61 114
61 115
61 116
61 117
61 118
61 119
61 120
61 121
61 122
61 123
61 124
61 125
61 126
61 127
61 128
61 129
61 130
61 131
64 65
64 66
64 73
64 81
64 84
64 86
64 89
64 93
64 98
64 100
64 101
64 104
64 106
64 111
64 116
64 117
64 120
64 121
64 122
64 127
64 128
64 129
65 66
65 73
65 81
65 84
65 86
65 89
65 93
65 98
65 100
65 101
65 104
65 106
65 111
65 116
65 117
65 120
65 121
65 122
65 127
65 128
65 129
66 73
66 81
66 84
66 86
66 89
66 93
66 98
66 100
66 101
66 104
66 106
66 111
66 116
66 117
66 120
66 121
66 122
66 127
66 128
66 129
73 8
73 10
73 47
73 58
73 70
73 79
73 81
73 83
73 84
73 86
73 89
73 93
73 98
73 100
73 101
73 104
73 106
73 111
73 112
73 113
73 116
73 117
73 119
73 120
73 121
73 122
73 123
73 127
73 128
73 129
73 130
73 131
81 2
81 15
81 18
81 54
81 57
81 79
81 84
81 86
81 89
81 93
81 98
81 100
81 101
81 104
81 106
81 111
81 112
81 115
81 116
81 117
81 118
81 119
81 120
81 121
81 122
81 127
81 128
81 129
84 86
84 89
84 93
84 98
84 100
84 101
84 104
84 106
84 111
84 116
84 117
84 120
84 121
84 122
84 127
84 128
84 129
86 15
86 89
86 93
86 98
86 100
86 101
86 104
86 106
86 111
86 116
86 117
86 120
86 121
86 122
86 127
86 128
86 129
86 131
89 2
89 5
89 44
89 54
89 71
89 75
89 79
89 93
89 98
89 100
89 101
89 104
89 105
89 106
89 111
89 112
89 116
89 117
89 119
89 120
89 121
89 122
89 127
89 128
89 129
93 2
93 5
93 15
93 19
93 44
93 54
93 57
93 75
93 79
93 92
93 98
93 100
93 101
93 104
93 105
93 106
93 111
93 112
93 116
93 117
93 119
93 120
93 121
93 122
93 127
93 128
93 129
98 100
98 101
98 104
98 106
98 111
98 116
98 117
98 120
98 121
98 122
98 127
98 128
98 129
100 101
100 104
100 106
100 111
100 116
100 117
100 120
100 121
100 122
100 127
100 128
100 129
101 104
101 106
101 111
101 116
101 117
101 120
101 121
101 122
101 127
101 128
101 129
104 106
104 111
104 116
104 117
104 120
104 121
104 122
104 127
104 128
104 129
106 5
106 57
106 92
106 111
106 116
106 117
106 120
106 121
106 122
106 127
106 128
106 129
111 8
111 47
111 54
111 58
111 70
111 71
111 79
111 83
111 112
111 113
111 116
111 117
111 119
111 120
111 121
111 122
111 123
111 127
111 128
111 129
111 130
111 131
116 2
116 3
116 5
116 8
116 10
116 18
116 19
116 24
116 25
116 32
116 33
116 34
116 38
116 39
116 40
116 42
116 44
116 46
116 47
116 49
116 50
116 54
116 55
116 56
116 57
116 58
116 59
116 62
116 67
116 68
116 69
116 70
116 72
116 74
116 75
116 77
116 78
116 79
116 80
116 82
116 85
116 88
116 90
116 91
116 92
116 94
116 95
116 99
116 105
116 107
116 109
116 110
116 113
116 114
116 115
116 117
116 118
116 120
116 121
116 122
116 123
116 124
116 125
116 126
116 127
116 128
116 129
116 130
116 131
117 2
117 5
117 8
117 15
117 18
117 44
117 47
117 54
117 58
117 70
117 71
117 75
117 79
117 83
117 87
117 105
117 112
117 113
117 119
117 120
117 121
117 122
117 123
117 127
117 128
117 129
117 130
117 131
120 121
120 122
120 127
120 128
120 129
121 122
121 127
121 128
121 129
122 2
122 5
122 8
122 10
122 18
122 19
122 24
122 25
122 32
122 33
122 34
122 38
122 39
122 40
122 42
122 44
122 46
122 47
122 49
122 50
122 54
122 55
122 56
122 57
122 58
122 59
122 62
122 67
122 68
122 69
122 70
122 72
122 74
122 75
122 77
122 78
122 79
122 80
122 82
122 85
122 88
122 90
122 91
122 92
122 94
122 95
122 99
122 105
122 107
122 109
122 110
122 113
122 114
122 115
122 118
122 123
122 124
122 125
122 126
122 127
122 128
122 129
122 130
122 131
127 112
127 119
127 123
127 128
127 129
128 8
128 47
128 54
128 58
128 70
128 71
128 79
128 83
128 112
128 113
128 119
128 123
128 129
128 130
128 131
1 10
1 14
1 15
1 25
1 28
1 39
1 40
1 50
1 55
1 57
1 58
1 67
1 68
1 70
1 77
1 82
1 85
1 87
1 90
1 94
1 102
1 103
1 105
1 109
1 112
1 113
1 119
1 126
1 130
10 2
10 5
10 8
10 14
10 15
10 18
10 19
10 24
10 25
10 28
10 32
10 33
10 34
10 38
10 39
10 40
10 42
10 44
10 46
10 47
10 49
10 50
10 54
10 55
10 56
10 57
10 58
10 59
10 62
10 67
10 68
10 69
10 70
10 72
10 74
10 75
10 77
10 78
10 79
10 80
10 82
10 85
10 87
10 88
10 90
10 91
10 92
10 94
10 95
10 99
10 102
10 103
10 105
10 107
10 109
10 110
10 112
10 113
10 114
10 115
10 118
10 119
10 123
10 124
10 125
10 126
10 130
10 131
14 15
14 25
14 28
14 39
14 40
14 50
14 55
14 57
14 58
14 67
14 70
14 77
14 82
14 85
14 87
14 94
14 102
14 103
14 105
14 109
14 112
14 113
14 119
14 126
14 130
15 2
15 18
15 19
15 25
15 28
15 39
15 40
15 42
15 50
15 54
15 55
15 57
15 58
15 67
15 70
15 71
15 77
15 79
15 82
15 85
15 87
15 94
15 102
15 103
15 105
15 109
15 112
15 113
15 115
15 118
15 119
15 126
15 130
25 2
25 5
25 8
25 18
25 19
25 24
25 28
25 32
25 33
25 34
25 38
25 39
25 40
25 42
25 44
25 46
25 47
25 49
25 50
25 54
25 55
25 56
25 57
25 58
25 59
25 62
25 67
25 68
25 69
25 70
25 72
25 74
25 75
25 77
25 78
25 79
25 80
25 82
25 85
25 87
25 88
25 90
25 91
25 92
25 94
25 95
25 99
25 102
25 103
25 105
25 107
25 109
25 110
25 112
25 113
25 114
25 115
25 118
25 119
25 123
25 124
25 125
25 126
25 130
25 131
28 39
28 40
28 42
28 50
28 55
28 57
28 58
28 67
28 70
28 77
28 82
28 85
28 87
28 94
28 102
28 103
28 105
28 109
28 112
28 113
28 119
28 126
28 130
39 2
39 5
39 8
39 18
39 19
39 24
39 32
39 33
39 34
39 38
39 40
39 42
39 44
39 46
39 47
39 49
39 50
39 54
39 55
39 56
39 57
39 58
39 59
39 62
39 67
39 68
39 69
39 70
39 72
39 74
39 75
39 77
39 78
39 79
39 80
39 82
39 85
39 87
39 88
39 90
39 91
39 92
39 94
39 95
39 99
39 102
39 103
39 105
39 107
39 109
39 110
39 112
39 113
39 114
39 115
39 118
39 119
39 123
39 124
39 125
39 126
39 130
39 131
40 2
40 5
40 8
40 18
40 19
40 24
40 32
40 33
40 34
40 38
40 42
40 44
40 46
40 47
40 49
40 50
40 54
40 55
40 56
40 57
40 58
40 59
40 62
40 67
40 68
40 69
40 70
40 72
40 74
40 75
40 77
40 78
40 79
40 80
40 82
40 85
40 87
40 88
40 90
40 91
40 92
40 94
40 95
40 99
40 102
40 103
40 105
40 107
40 109
40 110
40 112
40 113
40 114
40 115
40 118
40 119
40 123
40 124
40 125
40 126
40 130
40 131
50 2
50 5
50 8
50 18
50 19
50 24
50 32
50 33
50 34
50 38
50 42
50 44
50 46
50 47
50 49
50 54
50 55
50 56
50 57
50 58
50 59
50 62
50 67
50 68
50 69
50 70
50 72
50 74
50 75
50 77
50 78
50 79
50 80
50 82
50 85
50 87
50 88
50 90
50 91
50 92
50 94
50 95
50 99
50 102
50 103
50 105
50 107
50 109
50 110
50 112
50 113
50 114
50 115
50 118
50 119
50 123
50 124
50 125
50 126
50 130
50 131
55 2
55 5
55 8
55 18
55 19
55 24
55 32
55 33
55 34
55 38
55 42
55 44
55 46
55 47
55 49
55 54
55 56
55 57
55 58
55 59
55 62
55 67
55 68
55 69
55 70
55 72
55 74
55 75
55 76
55 77
55 78
55 79
55 80
55 82
55 85
55 87
55 88
55 90
55 91
55 92
55 94
55 95
55 99
55 102
55 103
55 105
55 107
55 109
55 110
55 112
55 113
55 114
55 115
55 118
55 119
55 123
55 124
55 125
55 126
55 130
55 131
57 2
57 5
57 8
57 18
57 19
57 24
57 32
57 33
57 34
57 38
57 42
57 44
57 46
57 47
57 49
57 54
57 56
57 58
57 59
57 62
57 67
57 68
57 69
57 70
57 72
57 74
57 75
57 77
57 78
57 79
57 80
57 82
57 85
57 87
57 88
57 90
57 91
57 92
57 94
57 95
57 99
57 102
57 103
57 105
57 107
57 109
57 110
57 112
57 113
57 114
57 115
57 118
57 119
57 123
57 124
57 125
57 126
57 130
57 131
58 2
58 5
58 8
58 18
58 19
58 24
58 32
58 33
58 34
58 38
58 42
58 44
58 46
58 47
58 49
58 54
58 56
58 59
58 62
58 67
58 68
58 69
58 70
58 72
58 74
58 75
58 77
58 78
58 79
58 80
58 82
58 83
58 85
58 87
58 88
58 90
58 91
58 92
58 94
58 95
58 99
58 102
58 103
58 105
58 107
58 109
58 110
58 112
58 113
58 114
58 115
58 118
58 119
58 123
58 124
58 125
58 126
58 130
58 131
67 2
67 5
67 8
67 18
67 19
67 24
67 32
67 33
67 34
67 38
67 42
67 44
67 46
67 47
67 49
67 54
67 56
67 59
67 62
67 68
67 69
67 70
67 72
67 74
67 75
67 77
67 78
67 79
67 80
67 82
67 85
67 87
67 88
67 90
67 91
67 92
67 94
67 95
67 99
67 102
67 103
67 105
67 107
67 109
67 110
67 112
67 113
67 114
67 115
67 118
67 119
67 123
67 124
67 125
67 126
67 130
67 131
68 2
68 5
68 8
68 18
68 19
68 24
68 32
68 33
68 34
68 38
68 42
68 44
68 46
68 47
68 49
68 54
68 56
68 59
68 62
68 69
68 70
68 72
68 74
68 75
68 77
68 78
68 79
68 80
68 82
68 85
68 88
68 90
68 91
68 92
68 94
68 95
68 99
68 105
68 107
68 109
68 110
68 113
68 114
68 115
68 118
68 123
68 124
68 125
68 126
68 130
68 131
70 2
70 5
70 8
70 18
70 19
70 24
70 32
70 33
70 34
70 38
70 42
70 44
70 46
70 47
70 49
70 54
70 56
70 59
70 62
70 69
70 72
70 74
70 75
70 77
70 78
70 79
70 80
70 82
70 83
70 85
70 87
70 88
70 90
70 91
70 92
70 94
70 95
70 99
70 102
70 103
70 105
70 107
70 109
70 110
70 112
70 113
70 114
70 115
70 118
70 119
70 123
70 124
70 125
70 126
70 130
70 131
77 2
77 5
77 8
77 18
77 19
77 24
77 32
77 33
77 34
77 38
77 42
77 44
77 46
77 47
77 49
77 54
77 56
77 59
77 62
77 69
77 72
77 74
77 75
77 78
77 79
77 80
77 82
77 85
77 87
77 88
77 90
77 91
77 92
77 94
77 95
77 99
77 102
77 103
77 105
77 107
77 109
77 110
77 112
77 113
77 114
77 115
77 118
77 119
77 123
77 124
77 125
77 126
77 130
77 131
82 2
82 5
82 8
82 18
82 19
82 24
82 32
82 33
82 34
82 38
82 42
82 44
82 46
82 47
82 49
82 54
82 56
82 59
82 62
82 69
82 72
82 74
82 75
82 78
82 79
82 80
82 85
82 87
82 88
82 90
82 91
82 92
82 94
82 95
82 99
82 102
82 103
82 105
82 107
82 109
82 110
82 112
82 113
82 114
82 115
82 118
82 119
82 123
82 124
82 125
82 126
82 130
82 131
85 2
85 5
85 8
85 18
85 19
85 24
85 32
85 33
85 34
85 38
85 42
85 44
85 46
85 47
85 49
85 54
85 56
85 59
85 62
85 69
85 72
85 74
85 75
85 78
85 79
85 80
85 87
85 88
85 90
85 91
85 92
85 94
85 95
85 99
85 102
85 103
85 105
85 107
85 109
85 110
85 112
85 113
85 114
85 115
85 118
85 119
85 123
85 124
85 125
85 126
85 130
85 131
87 2
87 18
87 71
87 75
87 79
87 94
87 102
87 103
87 105
87 109
87 112
87 113
87 119
87 126
87 130
90 2
90 5
90 8
90 18
90 19
90 24
90 32
90 33
90 34
90 38
90 42
90 44
90 46
90 47
90 49
90 54
90 56
90 59
90 62
90 69
90 72
90 74
90 75
90 78
90 79
90 80
90 88
90 91
90 92
90 94
90 95
90 99
90 105
90 107
90 109
90 110
90 114
90 115
90 118
90 123
90 124
90 125
90 126
90 130
90 131
94 2
94 5
94 8
94 18
94 19
94 24
94 32
94 33
94 34
94 38
94 42
94 44
94 46
94 47
94 49
94 54
94 56
94 59
94 62
94 69
94 72
94 74
94 75
94 78
94 79
94 80
94 88
94 91
94 92
94 95
94 99
94 102
94 103
94 105
94 107
94 109
94 110
94 112
94 113
94 114
94 115
94 118
94 119
94 123
94 124
94 125
94 126
94 130
94 131
102 103
102 105
102 109
102 112
102 113
102 119
102 126
102 130
103 105
103 109
103 112
103 113
103 119
103 126
103 130
105 2
105 5
105 8
105 18
105 19
105 24
105 32
105 33
105 34
105 38
105 42
105 44
105 46
105 47
105 49
105 54
105 56
105 59
105 62
105 69
105 72
105 74
105 75
105 78
105 79
105 80
105 88
105 91
105 92
105 95
105 99
105 107
105 109
105 110
105 112
105 113
105 114
105 115
105 118
105 119
105 123
105 124
105 125
105 126
105 130
105 131
109 2
109 5
109 8
109 18
109 19
109 24
109 32
109 33
109 34
109 38
109 42
109 44
109 46
109 47
109 49
109 54
109 56
109 59
109 62
109 69
109 72
109 74
109 75
109 78
109 79
109 80
109 88
109 91
109 92
109 95
109 99
109 107
109 110
109 112
109 113
109 114
109 115
109 118
109 119
109 123
109 124
109 125
109 126
109 130
109 131
112 2
112 5
112 8
112 18
112 42
112 44
112 47
112 54
112 71
112 75
112 79
112 83
112 113
112 115
112 118
112 119
112 123
112 126
112 130
112 131
113 5
113 8
113 19
113 38
113 44
113 46
113 47
113 54
113 79
113 83
113 92
113 107
113 118
113 119
113 123
113 124
113 126
113 130
113 131
119 2
119 5
119 8
119 18
119 42
119 44
119 47
119 54
119 75
119 79
119 83
119 115
119 118
119 123
119 126
119 130
119 131
126 2
126 5
126 8
126 18
126 19
126 24
126 32
126 33
126 34
126 38
126 42
126 44
126 46
126 47
126 49
126 54
126 56
126 59
126 62
126 69
126 72
126 74
126 75
126 78
126 79
126 80
126 88
126 91
126 92
126 95
126 99
126 107
126 110
126 114
126 115
126 118
126 123
126 124
126 125
126 130
126 131
130 2
130 5
130 8
130 18
130 19
130 24
130 32
130 33
130 34
130 38
130 42
130 44
130 46
130 47
130 49
130 54
130 56
130 59
130 62
130 69
130 72
130 74
130 75
130 78
130 79
130 80
130 83
130 88
130 91
130 92
130 95
130 99
130 107
130 110
130 114
130 115
130 118
130 123
130 124
130 125
130 131
2 5
2 8
2 18
2 19
2 24
2 32
2 33
2 34
2 38
2 42
2 44
2 46
2 47
2 49
2 54
2 56
2 59
2 62
2 69
2 72
2 74
2 75
2 78
2 79
2 80
2 88
2 91
2 92
2 95
2 99
2 107
2 110
2 114
2 115
2 118
2 123
2 124
2 125
2 131
5 3
5 8
5 18
5 19
5 24
5 32
5 33
5 34
5 38
5 42
5 44
5 46
5 47
5 49
5 54
5 56
5 59
5 62
5 69
5 71
5 72
5 74
5 75
5 78
5 79
5 80
5 88
5 91
5 92
5 95
5 99
5 107
5 110
5 114
5 115
5 118
5 123
5 124
5 125
5 131
8 18
8 19
8 24
8 32
8 33
8 34
8 38
8 42
8 44
8 46
8 47
8 49
8 54
8 56
8 59
8 62
8 69
8 72
8 74
8 75
8 78
8 79
8 80
8 83
8 88
8 91
8 92
8 95
8 99
8 107
8 110
8 114
8 115
8 118
8 123
8 124
8 125
8 131
18 19
18 24
18 32
18 33
18 34
18 38
18 42
18 44
18 46
18 47
18 49
18 54
18 56
18 59
18 62
18 69
18 72
18 74
18 75
18 78
18 79
18 80
18 88
18 91
18 92
18 95
18 99
18 107
18 110
18 114
18 115
18 118
18 123
18 124
18 125
18 131
19 24
19 32
19 33
19 34
19 38
19 42
19 44
19 46
19 47
19 49
19 54
19 56
19 59
19 62
19 69
19 72
19 74
19 75
19 78
19 79
19 80
19 88
19 91
19 92
19 95
19 99
19 107
19 110
19 114
19 115
19 118
19 123
19 124
19 125
19 131
24 32
24 33
24 34
24 38
24 42
24 44
24 46
24 47
24 49
24 54
24 56
24 59
24 62
24 69
24 72
24 74
24 75
24 78
24 79
24 80
24 88
24 91
24 92
24 95
24 99
24 107
24 110
24 114
24 115
24 118
24 123
24 124
24 125
24 131
32 33
32 34
32 38
32 42
32 44
32 46
32 47
32 49
32 54
32 56
32 59
32 62
32 69
32 72
32 74
32 75
32 78
32 79
32 80
32 88
32 91
32 92
32 95
32 99
32 107
32 110
32 114
32 115
32 118
32 123
32 124
32 125
32 131
33 34
33 38
33 42
33 44
33 46
33 47
33 49
33 54
33 56
33 59
33 62
33 69
33 72
33 74
33 75
33 78
33 79
33 80
33 88
33 91
33 92
33 95
33 99
33 107
33 110
33 114
33 115
33 118
33 123
33 124
33 125
33 131
34 38
34 42
34 44
34 46
34 47
34 49
34 54
34 56
34 59
34 62
34 69
34 72
34 74
34 75
34 78
34 79
34 80
34 88
34 91
34 92
34 95
34 99
34 107
34 110
34 114
34 115
34 118
34 123
34 124
34 125
34 131
38 42
38 44
38 46
38 47
38 49
38 54
38 56
38 59
38 62
38 69
38 72
38 74
38 75
38 78
38 79
38 80
38 88
38 91
38 92
38 95
38 99
38 107
38 110
38 114
38 115
38 118
38 123
38 124
38 125
38 131
42 44
42 46
42 47
42 49
42 54
42 56
42 59
42 62
42 69
42 72
42 74
42 75
42 78
42 79
42 80
42 88
42 91
42 92
42 95
42 99
42 107
42 110
42 114
42 115
42 118
42 123
42 124
42 125
42 131
44 46
44 47
44 49
44 54
44 56
44 59
44 62
44 69
44 72
44 74
44 75
44 78
44 79
44 80
44 88
44 91
44 92
44 95
44 99
44 107
44 110
44 114
44 115
44 118
44 123
44 124
44 125
44 131
46 47
46 49
46 54
46 56
46 59
46 62
46 69
46 72
46 74
46 75
46 78
46 79
46 80
46 88
46 91
46 92
46 95
46 99
46 107
46 110
46 114
46 115
46 118
46 123
46 124
46 125
46 131
47 49
47 54
47 56
47 59
47 62
47 69
47 72
47 74
47 75
47 78
47 79
47 80
47 83
47 88
47 91
47 92
47 95
47 99
47 107
47 110
47 114
47 115
47 118
47 123
47 124
47 125
47 131
49 54
49 56
49 59
49 62
49 69
49 72
49 74
49 75
49 78
49 79
49 80
49 88
49 91
49 92
49 95
49 99
49 107
49 110
49 114
49 115
49 118
49 123
49 124
49 125
49 131
54 56
54 59
54 62
54 69
54 71
54 72
54 74
54 75
54 78
54 79
54 80
54 88
54 91
54 92
54 95
54 99
54 107
54 110
54 114
54 115
54 118
54 123
54 124
54 125
54 131
56 59
56 62
56 69
56 72
56 74
56 75
56 78
56 79
56 80
56 88
56 91
56 92
56 95
56 99
56 107
56 110
56 114
56 115
56 118
56 123
56 124
56 125
56 131
59 62
59 69
59 72
59 74
59 75
59 78
59 79
59 80
59 88
59 91
59 92
59 95
59 99
59 107
59 110
59 114
59 115
59 118
59 123
59 124
59 125
59 131
62 69
62 72
62 74
62 75
62 78
62 79
62 80
62 88
62 91
62 92
62 95
62 99
62 107
62 110
62 114
62 115
62 118
62 123
62 124
62 125
62 131
69 72
69 74
69 75
69 78
69 79
69 80
69 88
69 91
69 92
69 95
69 99
69 107
69 110
69 114
69 115
69 118
69 123
69 124
69 125
69 131
72 74
72 75
72 78
72 79
72 80
72 88
72 91
72 92
72 95
72 99
72 107
72 110
72 114
72 115
72 118
72 123
72 124
72 125
72 131
74 75
74 78
74 79
74 80
74 88
74 91
74 92
74 95
74 99
74 107
74 110
74 114
74 115
74 118
74 123
74 124
74 125
74 131
75 78
75 79
75 80
75 88
75 91
75 92
75 95
75 99
75 107
75 110
75 114
75 115
75 118
75 123
75 124
75 125
75 131
78 79
78 80
78 88
78 91
78 92
78 95
78 99
78 107
78 110
78 114
78 115
78 118
78 123
78 124
78 125
78 131
79 3
79 71
79 80
79 83
79 88
79 91
79 92
79 95
79 99
79 107
79 110
79 114
79 115
79 118
79 123
79 124
79 125
79 131
80 88
80 91
80 92
80 95
80 99
80 107
80 110
80 114
80 115
80 118
80 123
80 124
80 125
80 131
88 91
88 92
88 95
88 99
88 107
88 110
88 114
88 115
88 118
88 123
88 124
88 125
88 131
91 92
91 95
91 99
91 107
91 110
91 114
91 115
91 118
91 123
91 124
91 125
91 131
92 95
92 99
92 107
92 110
92 114
92 115
92 118
92 123
92 124
92 125
92 131
95 99
95 107
95 110
95 114
95 115
95 118
95 123
95 124
95 125
95 131
99 107
99 110
99 114
99 115
99 118
99 123
99 124
99 125
99 131
107 110
107 114
107 115
107 118
107 123
107 124
107 125
107 131
110 114
110 115
110 118
110 123
110 124
110 125
110 131
114 115
114 118
114 123
114 124
114 125
114 131
115 118
115 123
115 124
115 125
115 131
118 123
118 124
118 125
118 131
123 83
123 124
123 125
123 131
124 125
124 131
125 131
131 83
3 22
3 51
3 63
3 71
3 76
3 83
3 96
3 108
22 51
22 63
22 76
22 83
22 96
22 108
51 63
51 76
51 83
51 96
51 108
63 76
63 83
63 96
63 108
71 48
76 83
76 96
76 108
83 96
83 108
96 108
17 97
