0 1
0 49
0 62
0 65
0 68
1 49
1 62
1 65
1 68
49 2
49 3
49 4
49 5
49 7
49 8
49 9
49 10
49 14
49 15
49 16
49 17
49 18
49 20
49 21
49 22
49 24
49 28
49 29
49 30
49 31
49 32
49 36
49 37
49 39
49 40
49 44
49 46
49 47
49 48
49 51
49 53
49 54
49 55
49 56
49 57
49 60
49 62
49 63
49 64
49 65
49 66
49 68
49 69
49 70
49 72
49 73
49 74
49 75
49 76
49 77
49 78
49 79
49 80
49 82
49 84
49 86
49 87
49 88
49 90
49 91
49 92
49 93
49 94
49 97
49 98
49 99
49 100
49 101
49 102
49 103
49 104
49 105
49 106
62 65
62 68
62 85
65 68
68 2
68 3
68 4
68 5
68 6
68 7
68 8
68 9
68 10
68 11
68 12
68 13
68 14
68 15
68 16
68 17
68 18
68 19
68 20
68 21
68 22
68 23
68 24
68 25
68 26
68 27
68 28
68 29
68 30
68 31
68 32
68 33
68 34
68 35
68 36
68 37
68 38
68 39
68 40
68 41
68 42
68 43
68 44
68 45
68 46
68 47
68 48
68 50
68 51
68 52
68 53
68 54
68 55
68 56
68 57
68 58
68 59
68 60
68 61
68 63
68 64
68 66
68 67
68 69
68 70
68 71
68 72
68 73
68 74
68 75
68 76
68 77
68 78
68 79
68 80
68 81
68 82
68 83
68 84
68 85
68 86
68 87
68 88
68 89
68 90
68 91
68 92
68 93
68 94
68 95
68 96
68 97
68 98
68 99
68 100
68 101
68 102
68 103
68 104
68 105
68 106
2 3
2 4
2 10
2 14
2 15
2 16
2 20
2 21
2 22
2 24
2 29
2 32
2 33
2 36
2 37
2 39
2 40
2 47
2 48
2 51
2 55
2 57
2 60
2 63
2 64
2 66
2 69
2 74
2 75
2 78
2 84
2 87
2 90
2 91
2 98
2 100
2 103
2 105
2 106
3 10
3 14
3 28
3 31
3 37
3 39
3 44
3 47
3 52
3 55
3 58
3 69
3 76
3 82
3 84
3 92
4 64
4 74
4 87
4 90
10 14
10 28
10 31
10 37
10 38
10 39
10 44
10 47
10 52
10 55
10 58
10 69
10 76
10 82
10 84
10 92
14 28
14 31
14 37
14 39
14 44
14 47
14 55
14 69
14 76
14 82
14 84
14 92
15 16
15 21
15 22
15 24
15 29
15 32
15 36
15 37
15 69
15 75
15 87
16 21
16 36
16 69
20 36
20 37
20 69
20 87
21 22
21 24
21 29
21 32
21 36
21 37
21 69
21 75
21 87
22 24
22 29
22 32
22 36
22 37
22 40
22 46
22 57
22 69
22 75
22 87
22 91
24 29
24 32
24 36
24 37
24 69
24 75
24 87
29 32
29 36
29 37
29 69
29 75
29 87
32 36
32 37
32 51
32 69
32 75
32 87
33 13
33 19
33 34
33 43
33 69
33 87
33 89
33 90
36 9
36 37
36 39
36 40
36 46
36 56
36 57
36 60
36 63
36 66
36 69
36 72
36 75
36 78
36 79
36 80
36 84
36 86
36 87
36 100
36 105
37 39
37 46
37 55
37 69
37 75
37 87
39 28
39 31
39 38
39 44
39 47
39 52
39 55
39 58
39 69
39 76
39 82
39 84
39 87
39 92
40 69
40 84
40 87
40 103
47 44
47 52
47 55
47 58
47 69
47 84
48 19
48 63
48 69
48 78
51 75
51 106
55 28
55 31
55 44
55 52
55 58
55 69
55 76
55 82
55 84
55 92
57 6
57 9
57 12
57 43
57 45
57 53
57 56
57 58
57 60
57 67
57 69
57 71
57 72
57 77
57 79
57 80
57 81
57 83
57 84
57 86
57 87
57 94
57 99
57 101
57 104
60 69
60 84
60 87
63 30
63 66
63 69
63 70
63 78
63 98
63 100
63 105
64 74
64 90
66 69
66 78
66 100
66 105
69 9
69 28
69 30
69 31
69 44
69 46
69 56
69 72
69 75
69 76
69 78
69 79
69 80
69 82
69 84
69 86
69 87
69 90
69 92
69 98
69 100
69 103
69 105
74 90
75 30
75 87
75 106
78 98
78 100
78 105
84 30
84 44
84 56
84 86
84 87
84 103
87 46
87 90
90 30
91 5
91 18
91 53
91 77
91 101
91 104
98 70
98 100
100 19
100 23
100 25
100 27
100 30
100 34
100 35
100 38
100 42
100 58
100 59
100 61
100 70
100 85
100 95
100 105
103 30
106 30
28 44
28 76
28 82
28 92
31 44
44 76
44 82
44 92
52 58
58 6
58 11
58 26
58 35
58 38
58 41
58 43
58 45
58 50
58 61
58 67
76 82
76 92
82 92
5 18
5 53
5 77
5 101
5 104
18 53
18 77
18 101
18 104
53 77
53 94
53 99
53 101
53 104
77 94
77 99
77 101
77 104
101 94
101 99
101 104
104 94
104 99
6 43
6 45
6 67
43 12
43 13
43 19
43 34
43 45
43 67
43 71
43 81
43 83
43 89
45 67
7 8
7 54
7 88
7 102
8 54
8 88
8 102
54 88
54 102
88 102
9 56
9 72
9 79
9 80
9 86
56 30
56 72
56 79
56 80
56 86
72 79
72 80
72 86
79 80
79 86
80 86
86 30
38 19
38 27
38 35
38 61
11 26
11 41
11 50
11 96
26 41
26 50
26 96
41 30
41 50
41 96
50 96
12 71
12 81
12 83
71 81
71 83
81 83
17 73
17 93
17 97
73 93
73 97
93 97
19 34
19 89
34 25
34 46
34 89
89 46
23 27
23 30
23 42
23 59
23 70
23 85
23 95
27 25
27 30
27 42
27 85
27 95
30 25
30 42
30 59
30 70
30 85
30 95
42 25
42 59
42 70
42 85
42 95
59 70
59 85
59 95
70 85
70 95
85 25
85 95
95 25
35 61
94 99
