0 8
0 15
0 17
0 19
0 22
8 14
8 15
8 17
8 19
8 22
15 1
15 3
15 6
15 7
15 9
15 10
15 11
15 12
15 13
15 14
15 16
15 17
15 18
15 19
15 20
15 21
15 22
15 23
15 24
15 25
15 26
15 27
15 28
15 31
17 1
17 2
17 3
17 4
17 5
17 6
17 7
17 9
17 10
17 11
17 12
17 13
17 14
17 16
17 18
17 19
17 20
17 21
17 22
17 23
17 24
17 25
17 26
17 27
17 28
17 29
17 30
17 31
19 14
19 22
22 9
22 10
22 21
22 27
22 28
1 10
1 21
1 27
1 28
1 31
10 6
10 9
10 13
10 14
10 18
10 20
10 21
10 23
10 24
10 25
10 27
10 28
10 31
21 6
21 7
21 9
21 11
21 12
21 13
21 16
21 18
21 20
21 23
21 24
21 26
21 27
21 28
21 31
27 9
27 28
27 31
28 9
28 31
2 29
3 4
3 14
5 30
6 7
6 13
6 18
6 20
6 23
6 24
13 18
13 20
13 23
13 24
18 20
18 23
18 24
20 23
20 24
23 24
11 16
11 26
16 26
26 12
