0 7
0 8
7 1
7 2
7 3
7 4
7 5
7 6
7 8
7 9
7 10
7 11
7 12
7 13
7 14
7 15
7 16
7 17
7 18
7 19
7 20
7 21
7 22
7 23
7 24
7 25
7 26
7 27
7 28
7 29
7 30
7 31
7 32
7 33
7 34
7 35
7 36
7 37
7 38
7 39
7 40
7 41
7 42
7 43
7 44
8 2
8 3
8 14
8 19
8 25
8 26
8 27
8 36
8 42
8 44
1 32
1 40
32 4
32 16
32 21
32 28
40 44
2 44
44 19
3 19
3 26
19 4
19 5
19 6
19 9
19 11
19 12
19 13
19 17
19 21
19 22
19 23
19 24
19 28
19 29
19 31
19 33
19 35
19 38
19 43
26 25
26 27
26 36
4 5
4 6
4 9
4 11
4 12
4 13
4 17
4 21
4 23
4 24
4 28
4 29
4 31
4 33
4 35
4 38
4 43
5 6
5 9
5 11
5 12
5 13
5 17
5 21
5 23
5 24
5 29
5 31
5 33
5 35
5 38
5 43
6 9
6 11
6 12
6 13
6 17
6 21
6 23
6 24
6 29
6 31
6 33
6 35
6 38
6 43
9 11
9 12
9 13
9 17
9 21
9 23
9 24
9 29
9 31
9 33
9 35
9 38
9 43
11 12
11 13
11 17
11 21
11 23
11 24
11 25
11 28
11 29
11 31
11 33
11 35
11 38
11 43
12 13
12 17
12 21
12 23
12 24
12 29
12 31
12 33
12 35
12 38
12 43
13 17
13 21
13 23
13 24
13 28
13 29
13 31
13 33
13 35
13 38
13 43
17 21
17 23
17 24
17 29
17 31
17 33
17 35
17 38
17 43
21 23
21 24
21 28
21 29
21 31
21 33
21 35
21 38
21 43
23 24
23 29
23 31
23 33
23 35
23 38
23 43
24 28
24 29
24 31
24 33
24 35
24 38
24 43
28 16
28 25
28 41
28 43
29 31
29 33
29 35
29 38
29 43
31 33
31 35
31 38
31 43
33 35
33 38
33 41
33 43
35 38
35 43
38 43
43 25
10 16
14 25
16 41
22 37
