0 4
0 9
0 12
0 23
4 1
4 2
4 3
4 5
4 6
4 7
4 8
4 9
4 10
4 11
4 12
4 13
4 14
4 15
4 16
4 17
4 18
4 19
4 20
4 21
4 22
4 23
4 24
4 25
4 26
4 27
4 28
4 29
4 30
4 31
9 23
12 3
12 7
12 22
12 28
23 5
23 17
23 19
23 21
23 22
23 24
23 27
23 28
23 30
1 2
1 3
1 8
1 18
1 25
1 31
2 13
2 18
2 25
3 31
8 28
18 13
18 14
18 25
5 15
5 17
5 21
5 22
5 24
5 28
5 30
7 10
7 14
7 16
7 28
10 14
10 16
10 26
11 20
11 24
11 28
14 26
15 19
15 22
15 28
15 30
17 21
17 22
17 28
17 30
19 22
19 28
19 30
20 28
21 22
21 28
21 30
22 28
22 30
24 27
24 28
28 30
