0 12
0 29
12 29
29 1
29 2
29 3
29 4
29 5
29 6
29 7
29 8
29 9
29 10
29 11
29 13
29 14
29 15
29 16
29 17
29 18
29 19
29 20
29 21
29 22
29 23
29 24
29 25
29 26
29 27
29 28
29 30
29 31
29 32
1 15
1 16
1 17
1 23
1 28
1 31
1 32
15 16
15 17
15 23
15 24
15 25
15 28
15 31
15 32
16 17
16 23
16 28
16 31
16 32
17 23
17 28
17 31
17 32
23 19
23 28
23 31
23 32
28 31
28 32
31 32
32 2
32 8
32 11
32 13
32 19
32 21
32 22
2 8
2 11
2 13
2 19
2 21
8 11
8 13
8 19
8 21
11 13
11 19
11 21
13 19
13 21
19 21
21 27
3 22
3 26
22 4
22 5
22 6
22 7
22 14
22 20
22 24
22 25
22 26
22 27
22 30
4 5
4 6
4 7
4 14
4 20
4 24
4 25
4 27
4 30
5 6
5 7
5 14
5 20
5 24
5 25
5 27
5 30
6 7
6 14
6 20
6 24
6 25
6 27
6 30
7 14
7 20
7 24
7 25
7 27
7 30
14 20
14 24
14 25
14 27
14 30
20 24
20 25
20 27
20 30
24 25
24 27
24 30
25 27
25 30
27 30
9 18
