0 1
0 2
0 6
0 10
0 14
0 35
0 43
0 46
0 47
0 55
0 59
0 66
0 69
0 76
0 77
1 2
1 3
1 10
1 11
1 21
1 22
1 28
1 29
1 48
1 51
1 53
1 54
1 56
1 63
1 64
1 72
2 3
2 4
2 5
2 6
2 7
2 8
2 9
2 10
2 11
2 12
2 13
2 14
2 15
2 16
2 17
2 18
2 19
2 20
2 21
2 22
2 23
2 24
2 25
2 26
2 27
2 28
2 29
2 30
2 31
2 32
2 33
2 34
2 35
2 36
2 37
2 38
2 39
2 40
2 41
2 42
2 43
2 44
2 45
2 46
2 47
2 48
2 49
2 50
2 51
2 52
2 53
2 54
2 55
2 56
2 57
2 58
2 59
2 60
2 61
2 62
2 63
2 64
2 65
2 66
2 67
2 68
2 69
2 70
2 71
2 72
2 73
2 74
2 75
2 76
2 77
2 78
6 8
6 26
6 27
6 34
6 43
6 49
6 51
6 57
6 59
6 61
6 68
6 70
6 74
6 75
6 76
6 77
10 3
10 11
10 13
10 22
10 29
10 47
10 51
10 53
10 54
10 56
10 63
10 64
10 72
10 74
10 77
14 9
14 31
14 40
14 41
14 43
14 46
14 47
14 48
14 49
14 51
14 52
14 55
14 56
14 65
14 74
14 77
14 78
35 7
35 11
35 12
35 15
35 21
35 22
35 23
35 24
35 43
35 46
35 47
35 50
35 55
35 60
35 66
35 69
35 75
43 9
43 12
43 23
43 31
43 34
43 40
43 41
43 46
43 47
43 50
43 51
43 55
43 56
43 60
43 65
43 66
43 68
43 69
43 70
43 74
43 78
46 8
46 9
46 31
46 36
46 39
46 40
46 41
46 47
46 51
46 52
46 55
46 56
46 61
46 62
46 65
46 66
46 69
46 70
46 76
46 78
47 3
47 7
47 8
47 9
47 11
47 13
47 20
47 21
47 28
47 31
47 32
47 36
47 39
47 40
47 41
47 48
47 50
47 51
47 52
47 54
47 55
47 56
47 62
47 65
47 66
47 69
47 70
47 71
47 74
47 75
47 77
47 78
55 9
55 11
55 12
55 13
55 31
55 36
55 39
55 40
55 41
55 48
55 50
55 51
55 52
55 53
55 54
55 56
55 62
55 63
55 65
55 66
55 69
55 70
55 71
55 72
55 75
55 78
59 8
59 26
59 34
59 49
59 51
59 57
59 68
59 74
59 76
59 77
66 36
66 39
66 40
66 41
66 52
66 62
66 69
66 70
69 60
76 11
76 13
76 16
76 23
76 27
76 51
76 61
76 68
76 77
77 8
77 26
77 33
77 34
77 49
77 51
77 57
77 68
77 74
3 7
3 11
3 13
3 20
3 21
3 22
3 28
3 29
3 32
3 50
3 51
3 53
3 54
3 62
3 63
3 64
3 71
11 4
11 5
11 7
11 12
11 13
11 15
11 16
11 17
11 19
11 20
11 21
11 22
11 23
11 25
11 27
11 28
11 29
11 30
11 31
11 32
11 33
11 38
11 44
11 45
11 48
11 50
11 51
11 53
11 54
11 58
11 60
11 61
11 62
11 63
11 64
11 67
11 71
11 73
21 4
21 5
21 7
21 13
21 19
21 20
21 22
21 24
21 25
21 27
21 28
21 29
21 32
21 37
21 42
21 48
21 50
21 51
21 53
21 54
21 58
21 62
21 64
21 71
21 72
21 73
21 74
22 4
22 7
22 19
22 24
22 25
22 29
22 48
22 51
22 53
22 54
22 64
28 7
28 12
28 13
28 15
28 19
28 20
28 32
28 33
28 38
28 48
28 50
28 53
28 54
28 60
28 62
28 63
28 64
28 67
28 71
28 72
29 19
29 25
29 27
29 32
29 51
29 53
29 54
29 64
48 7
48 13
48 17
48 30
48 32
48 40
48 45
48 50
48 51
48 53
48 54
48 56
48 65
48 71
48 78
51 7
51 8
51 9
51 13
51 16
51 17
51 18
51 20
51 23
51 26
51 30
51 31
51 32
51 33
51 34
51 40
51 41
51 44
51 45
51 49
51 50
51 53
51 54
51 56
51 57
51 61
51 64
51 65
51 68
51 70
51 71
51 72
51 74
51 75
51 78
53 4
53 5
53 7
53 12
53 13
53 15
53 17
53 18
53 19
53 20
53 24
53 25
53 27
53 30
53 31
53 32
53 33
53 38
53 42
53 44
53 45
53 50
53 54
53 58
53 60
53 63
53 64
53 67
53 71
53 72
53 73
54 4
54 7
54 13
54 17
54 19
54 20
54 25
54 27
54 30
54 31
54 32
54 33
54 38
54 40
54 44
54 45
54 50
54 62
54 63
54 64
54 67
54 71
54 72
54 74
56 9
56 31
56 39
56 40
56 41
56 65
56 75
56 78
63 12
63 13
63 15
63 31
63 32
63 33
63 38
63 50
63 60
63 64
63 67
63 71
63 72
64 4
64 13
64 19
64 25
64 32
64 38
64 50
64 67
64 71
64 72
72 7
72 12
72 13
72 18
72 20
72 24
72 25
72 27
72 33
72 37
72 42
72 50
72 58
72 71
72 73
72 74
4 5
4 13
4 19
4 25
4 71
4 73
5 13
5 25
5 71
7 12
7 13
7 17
7 18
7 20
7 24
7 30
7 32
7 33
7 44
7 45
7 50
7 62
7 71
7 74
8 26
8 34
8 49
8 57
8 68
8 74
8 75
9 31
9 40
9 41
9 65
9 78
12 13
12 23
12 32
12 50
12 60
12 71
13 15
13 16
13 17
13 18
13 19
13 20
13 23
13 24
13 25
13 27
13 30
13 31
13 32
13 33
13 37
13 38
13 42
13 44
13 45
13 50
13 60
13 61
13 62
13 67
13 71
13 73
13 74
15 32
15 33
15 38
15 50
15 60
15 67
15 71
16 23
16 61
17 30
17 31
17 32
17 45
17 50
17 71
17 74
17 75
18 20
18 33
18 71
19 25
19 27
19 32
19 50
19 71
20 32
20 33
20 50
20 62
20 71
23 61
23 67
24 25
24 41
24 42
24 58
24 71
24 73
25 27
25 32
25 37
25 42
25 58
25 71
25 73
26 34
26 49
26 57
26 68
26 71
26 74
27 32
27 37
27 42
27 68
27 71
27 73
30 31
30 32
30 44
30 45
30 50
30 71
31 40
31 41
31 45
31 50
31 52
31 65
31 70
31 71
31 78
32 33
32 38
32 44
32 45
32 50
32 60
32 62
32 67
32 71
33 34
33 38
33 50
33 67
33 71
33 75
34 49
34 57
34 68
34 70
34 74
34 75
36 39
36 41
36 52
36 62
36 70
37 42
37 71
37 73
38 50
38 67
38 71
39 41
39 52
39 62
39 70
40 41
40 65
40 75
40 78
41 52
41 62
41 65
41 70
41 78
42 58
42 71
42 73
44 50
44 71
45 50
45 71
49 57
49 68
49 74
50 60
50 62
50 67
50 71
52 62
52 70
57 68
57 74
58 71
58 73
60 71
62 70
62 71
65 75
65 78
67 71
68 70
68 74
70 74
71 73
