0 31
0 47
31 1
31 2
31 3
31 4
31 5
31 6
31 7
31 8
31 9
31 10
31 11
31 12
31 13
31 14
31 15
31 16
31 17
31 18
31 19
31 20
31 21
31 22
31 23
31 24
31 25
31 26
31 27
31 28
31 29
31 30
31 32
31 33
31 34
31 35
31 36
31 37
31 38
31 39
31 40
31 41
31 42
31 43
31 44
31 45
31 46
31 47
31 48
31 49
31 50
31 51
31 52
31 53
31 54
31 55
31 56
31 57
31 58
31 59
31 60
31 61
31 62
31 63
31 64
31 65
31 66
31 67
1 2
1 29
1 56
2 29
2 56
29 56
56 3
56 42
3 62
62 4
62 11
62 15
62 24
62 32
62 39
62 46
62 51
62 52
62 53
62 54
62 65
62 67
4 24
4 33
4 39
4 46
4 51
4 54
4 65
24 39
24 46
24 51
24 54
24 65
33 16
33 53
33 57
33 58
39 27
39 46
39 51
39 53
39 54
39 65
46 21
46 51
46 54
46 65
51 15
51 32
51 52
51 53
51 54
51 65
54 30
54 65
65 53
65 67
5 13
5 18
5 26
5 34
5 38
5 41
5 42
5 44
5 45
5 50
13 27
13 30
13 38
13 41
13 44
13 49
13 60
13 63
18 26
18 42
18 45
18 50
26 42
26 45
26 50
34 36
34 41
38 27
38 30
38 44
38 49
38 60
38 63
42 45
42 50
45 50
45 57
45 58
6 9
6 10
6 12
6 14
6 19
6 22
6 25
6 37
6 43
6 64
9 10
9 12
9 14
9 19
9 22
9 25
9 37
9 43
9 64
10 12
10 14
10 19
10 22
10 25
10 37
10 43
10 64
12 14
12 19
12 22
12 25
12 37
12 43
12 64
14 19
14 22
14 25
14 37
14 43
14 64
19 22
19 25
19 37
19 43
19 64
22 25
22 37
22 43
22 64
25 37
25 40
25 43
25 58
25 64
37 40
37 43
37 64
43 58
43 64
7 17
7 20
7 21
7 40
7 48
7 55
7 61
17 16
17 20
17 21
17 28
17 35
17 40
17 48
17 55
17 61
20 21
20 48
20 55
20 61
21 16
21 28
21 35
21 40
21 48
21 55
21 61
40 16
40 28
40 35
40 48
40 55
40 61
48 55
48 61
55 61
61 11
61 16
61 23
61 28
61 35
61 53
61 57
8 57
8 66
57 11
57 23
57 53
57 58
57 66
11 23
11 32
11 53
23 53
53 58
27 30
27 49
27 60
27 63
30 49
30 60
30 63
49 60
49 63
60 63
15 52
16 28
16 35
28 35
