0 10
0 13
0 19
0 28
0 33
10 1
10 2
10 3
10 4
10 5
10 6
10 7
10 8
10 9
10 11
10 12
10 13
10 14
10 15
10 16
10 17
10 18
10 19
10 20
10 21
10 22
10 23
10 24
10 25
10 26
10 27
10 28
10 29
10 30
10 31
10 32
10 33
10 34
10 35
10 36
10 37
10 38
13 19
13 28
13 33
19 28
19 33
28 33
33 31
1 3
1 6
1 15
1 16
1 17
3 4
3 6
3 12
3 15
3 16
3 17
3 23
3 26
3 29
3 36
3 38
6 15
6 16
6 17
6 31
6 32
15 16
15 17
16 2
16 4
16 8
16 12
16 17
16 18
16 26
16 31
16 32
16 36
16 38
17 4
17 12
17 18
17 26
17 31
17 32
17 36
17 38
2 8
2 12
2 18
2 26
8 12
8 18
8 26
12 4
12 5
12 9
12 18
12 24
12 26
12 31
12 32
12 36
12 38
18 4
18 5
18 9
18 24
18 26
18 36
18 38
26 4
26 5
26 9
26 23
26 24
26 29
26 35
26 36
26 38
4 31
4 32
4 36
4 38
23 29
23 38
29 38
36 31
36 32
36 38
38 5
38 9
38 24
31 32
31 35
5 9
5 24
5 35
9 24
9 35
24 7
24 25
7 25
11 14
11 20
11 21
11 27
11 30
11 34
11 37
14 20
14 21
14 27
14 30
14 34
14 37
20 21
20 27
20 30
20 34
20 37
21 27
21 30
21 34
21 37
27 30
27 34
27 37
30 34
30 37
34 37
