0 8
0 10
0 29
0 56
0 59
0 68
0 71
0 96
0 97
0 105
0 107
0 110
0 116
0 127
0 129
0 133
0 137
0 138
0 139
0 140
0 145
0 146
0 152
0 158
0 162
0 184
0 189
0 192
0 196
0 208
0 210
0 213
0 225
0 247
8 10
8 63
8 80
8 93
8 99
8 129
8 133
8 145
8 158
8 208
8 228
10 17
10 46
10 129
10 135
10 138
10 145
10 151
10 158
10 203
10 208
10 213
10 219
29 14
29 25
29 30
29 34
29 35
29 45
29 50
29 53
29 58
29 59
29 61
29 65
29 66
29 72
29 82
29 94
29 97
29 101
29 105
29 107
29 109
29 112
29 115
29 119
29 120
29 127
29 132
29 133
29 143
29 150
29 153
29 158
29 162
29 186
29 188
29 190
29 196
29 214
29 216
29 218
29 222
29 223
29 225
29 229
29 231
29 235
29 236
29 240
29 247
29 257
56 66
56 82
56 96
56 107
56 110
56 113
56 116
56 139
56 140
56 152
56 158
56 179
56 185
56 196
56 201
56 213
56 227
56 243
59 6
59 7
59 12
59 14
59 15
59 17
59 25
59 30
59 35
59 36
59 43
59 45
59 50
59 53
59 58
59 60
59 65
59 66
59 80
59 94
59 97
59 98
59 100
59 101
59 104
59 107
59 112
59 113
59 115
59 120
59 127
59 129
59 132
59 133
59 136
59 143
59 150
59 152
59 153
59 158
59 162
59 170
59 179
59 182
59 184
59 188
59 189
59 190
59 196
59 202
59 208
59 210
59 214
59 218
59 222
59 223
59 225
59 229
59 231
59 235
59 236
59 240
59 244
59 247
59 252
59 256
59 257
68 13
68 14
68 15
68 22
68 26
68 37
68 49
68 51
68 58
68 71
68 75
68 76
68 82
68 85
68 110
68 111
68 114
68 124
68 125
68 128
68 130
68 139
68 141
68 144
68 156
68 157
68 158
68 163
68 164
68 171
68 192
68 193
68 203
68 213
68 215
68 226
68 227
68 230
68 232
68 235
68 240
68 241
68 242
68 254
68 255
71 14
71 16
71 20
71 58
71 104
71 117
71 154
71 158
71 187
71 189
71 194
71 212
71 243
96 11
96 41
96 48
96 79
96 80
96 105
96 110
96 116
96 121
96 139
96 140
96 144
96 146
96 152
96 155
96 158
96 169
96 195
96 196
96 213
96 224
96 238
96 245
96 254
97 3
97 6
97 12
97 25
97 36
97 43
97 45
97 53
97 58
97 60
97 65
97 66
97 80
97 98
97 100
97 105
97 107
97 111
97 113
97 115
97 121
97 127
97 129
97 136
97 140
97 143
97 150
97 152
97 158
97 162
97 170
97 179
97 182
97 189
97 190
97 196
97 202
97 224
97 225
97 227
97 229
97 235
97 240
97 244
97 247
97 252
97 257
105 41
105 48
105 53
105 79
105 80
105 107
105 110
105 116
105 121
105 129
105 133
105 143
105 144
105 146
105 147
105 151
105 152
105 155
105 158
105 162
105 163
105 196
105 213
105 224
105 229
105 247
105 254
107 3
107 6
107 14
107 25
107 34
107 35
107 45
107 50
107 53
107 55
107 57
107 58
107 65
107 66
107 67
107 82
107 90
107 94
107 98
107 101
107 109
107 112
107 113
107 115
107 119
107 120
107 127
107 129
107 136
107 139
107 143
107 150
107 153
107 158
107 162
107 170
107 173
107 185
107 186
107 187
107 188
107 189
107 191
107 196
107 201
107 218
107 225
107 227
107 229
107 243
107 244
107 247
107 253
107 257
110 11
110 14
110 15
110 17
110 19
110 22
110 41
110 48
110 70
110 75
110 79
110 80
110 81
110 92
110 104
110 116
110 121
110 133
110 139
110 140
110 141
110 144
110 146
110 147
110 151
110 152
110 155
110 158
110 163
110 168
110 169
110 175
110 193
110 203
110 210
110 212
110 213
110 224
110 226
110 238
110 245
110 254
116 11
116 15
116 17
116 19
116 22
116 41
116 48
116 70
116 79
116 92
116 104
116 121
116 123
116 133
116 139
116 140
116 144
116 146
116 147
116 151
116 152
116 155
116 158
116 163
116 168
116 169
116 175
116 210
116 213
116 224
116 226
116 238
116 245
116 253
116 254
127 7
127 14
127 34
127 58
127 65
127 101
127 112
127 115
127 119
127 120
127 129
127 136
127 143
127 158
127 162
127 184
127 186
127 189
127 196
127 208
127 214
127 218
127 225
127 247
127 256
127 257
129 7
129 17
129 25
129 27
129 30
129 35
129 45
129 46
129 53
129 65
129 66
129 90
129 94
129 101
129 109
129 112
129 135
129 143
129 145
129 146
129 150
129 158
129 162
129 184
129 188
129 190
129 196
129 208
129 210
129 213
129 224
129 225
129 229
129 247
129 253
133 14
133 15
133 22
133 28
133 32
133 48
133 58
133 63
133 121
133 124
133 131
133 147
133 151
133 152
133 156
133 158
133 169
133 208
133 224
133 226
133 247
133 248
133 253
133 256
137 14
137 23
137 44
137 58
137 63
137 70
137 92
137 138
137 151
137 158
137 188
137 213
137 217
137 228
137 253
137 256
138 23
138 46
138 63
138 135
138 158
138 188
138 203
138 213
138 219
138 229
138 253
139 11
139 14
139 24
139 26
139 28
139 37
139 39
139 48
139 58
139 67
139 70
139 76
139 81
139 85
139 89
139 99
139 111
139 118
139 119
139 125
139 128
139 140
139 144
139 152
139 153
139 155
139 158
139 165
139 167
139 173
139 179
139 180
139 181
139 197
139 207
139 213
139 215
139 224
139 232
139 235
139 238
139 239
139 242
139 253
140 50
140 58
140 62
140 63
140 66
140 80
140 106
140 128
140 145
140 152
140 158
140 171
140 179
140 182
140 189
140 193
140 196
140 201
140 212
140 213
140 240
145 1
145 38
145 41
145 64
145 74
145 78
145 89
145 136
145 153
145 154
145 158
145 159
145 168
145 169
145 189
145 195
145 208
145 213
145 225
145 236
145 247
145 256
146 41
146 48
146 79
146 121
146 152
146 155
146 158
146 208
146 247
146 254
152 6
152 12
152 36
152 41
152 43
152 48
152 52
152 53
152 60
152 66
152 79
152 80
152 81
152 98
152 100
152 113
152 121
152 143
152 144
152 154
152 155
152 158
152 163
152 168
152 169
152 170
152 179
152 182
152 196
152 202
152 213
152 224
152 225
152 240
152 244
152 247
152 252
152 254
158 1
158 2
158 3
158 4
158 5
158 6
158 7
158 9
158 11
158 12
158 13
158 14
158 15
158 16
158 17
158 18
158 19
158 20
158 21
158 22
158 23
158 24
158 25
158 26
158 27
158 28
158 30
158 31
158 32
158 33
158 34
158 35
158 36
158 37
158 38
158 39
158 40
158 41
158 42
158 43
158 44
158 45
158 46
158 47
158 48
158 49
158 50
158 51
158 52
158 53
158 54
158 55
158 57
158 58
158 60
158 61
158 62
158 63
158 64
158 65
158 66
158 67
158 69
158 70
158 72
158 73
158 74
158 75
158 76
158 77
158 78
158 79
158 80
158 81
158 82
158 83
158 84
158 85
158 86
158 87
158 88
158 89
158 90
158 91
158 92
158 93
158 94
158 95
158 98
158 99
158 100
158 101
158 102
158 103
158 104
158 106
158 108
158 109
158 111
158 112
158 113
158 114
158 115
158 117
158 118
158 119
158 120
158 121
158 122
158 123
158 124
158 125
158 126
158 128
158 130
158 131
158 132
158 134
158 135
158 136
158 141
158 142
158 143
158 144
158 147
158 148
158 149
158 150
158 151
158 153
158 154
158 155
158 156
158 157
158 159
158 160
158 161
158 162
158 163
158 164
158 165
158 166
158 167
158 168
158 169
158 170
158 171
158 172
158 173
158 174
158 175
158 176
158 177
158 178
158 179
158 180
158 181
158 182
158 183
158 184
158 185
158 186
158 187
158 188
158 189
158 190
158 191
158 192
158 193
158 194
158 195
158 196
158 197
158 198
158 199
158 200
158 201
158 202
158 203
158 204
158 205
158 206
158 207
158 208
158 209
158 210
158 211
158 212
158 213
158 214
158 215
158 216
158 217
158 218
158 219
158 220
158 221
158 222
158 223
158 224
158 225
158 226
158 227
158 228
158 229
158 230
158 231
158 232
158 233
158 234
158 235
158 236
158 237
158 238
158 239
158 240
158 241
158 242
158 243
158 244
158 245
158 246
158 247
158 248
158 249
158 250
158 251
158 252
158 253
158 254
158 255
158 256
158 257
162 25
162 30
162 35
162 45
162 50
162 53
162 65
162 66
162 94
162 101
162 112
162 115
162 132
162 143
162 150
162 188
162 190
162 196
162 218
162 224
162 225
162 229
162 236
162 247
162 257
184 7
184 14
184 18
184 21
184 23
184 32
184 57
184 86
184 88
184 99
184 114
184 148
184 198
184 208
184 217
184 247
184 249
189 14
189 16
189 20
189 43
189 58
189 67
189 75
189 80
189 93
189 98
189 104
189 106
189 115
189 136
189 143
189 161
189 193
189 196
189 204
189 206
189 212
189 220
189 225
189 234
189 235
189 237
189 247
189 257
192 13
192 58
192 128
192 144
192 164
192 213
196 3
196 6
196 14
196 25
196 30
196 34
196 35
196 45
196 50
196 53
196 58
196 61
196 65
196 66
196 72
196 82
196 94
196 101
196 111
196 112
196 115
196 120
196 121
196 132
196 143
196 150
196 153
196 170
196 182
196 185
196 186
196 188
196 190
196 201
196 214
196 215
196 218
196 223
196 225
196 227
196 229
196 235
196 236
196 243
196 247
208 7
208 17
208 23
208 166
208 213
208 217
208 241
208 247
210 15
210 17
210 19
210 22
210 79
210 92
210 147
210 151
210 175
210 226
210 247
210 254
225 6
225 14
225 25
225 30
225 34
225 35
225 38
225 45
225 50
225 58
225 64
225 65
225 66
225 74
225 78
225 82
225 87
225 89
225 94
225 101
225 109
225 112
225 115
225 117
225 119
225 120
225 136
225 143
225 150
225 153
225 154
225 159
225 168
225 169
225 172
225 188
225 190
225 194
225 195
225 204
225 214
225 216
225 218
225 222
225 223
225 229
225 231
225 240
225 242
225 247
225 256
225 257
247 7
247 14
247 15
247 17
247 25
247 30
247 35
247 45
247 46
247 50
247 53
247 58
247 65
247 66
247 90
247 94
247 101
247 112
247 115
247 120
247 131
247 132
247 135
247 136
247 143
247 149
247 150
247 188
247 190
247 215
247 218
247 224
247 229
247 235
247 236
247 253
247 256
247 257
1 34
1 47
1 114
1 155
1 169
1 182
1 195
1 251
34 14
34 47
34 58
34 65
34 101
34 112
34 120
34 173
34 214
34 218
47 155
114 7
114 9
114 14
114 21
114 26
114 32
114 57
114 69
114 77
114 87
114 88
114 99
114 102
114 108
114 111
114 113
114 117
114 123
114 124
114 130
114 131
114 134
114 136
114 148
114 155
114 156
114 172
114 176
114 178
114 194
114 198
114 205
114 209
114 215
114 221
114 233
114 243
114 249
114 251
155 11
155 41
155 48
155 79
155 87
155 111
155 121
155 165
155 167
155 180
155 198
155 224
155 228
155 234
155 238
155 245
155 249
155 251
155 253
155 254
169 11
169 13
169 38
169 41
169 48
169 64
169 70
169 74
169 78
169 89
169 121
169 153
169 154
169 159
169 168
169 195
169 224
169 238
169 256
182 6
182 12
182 36
182 43
182 50
182 60
182 63
182 66
182 80
182 98
182 100
182 106
182 113
182 143
182 154
182 170
182 171
182 179
182 193
182 195
182 202
182 240
182 244
182 252
195 38
195 45
195 48
195 53
195 64
195 74
195 78
195 89
195 119
195 153
195 154
195 159
195 168
195 172
195 209
195 256
251 82
251 108
2 104
2 198
104 14
104 16
104 20
104 58
104 199
104 212
104 231
104 234
198 7
198 9
198 14
198 18
198 21
198 32
198 57
198 83
198 86
198 99
198 108
198 117
198 123
198 131
198 148
198 172
198 176
198 178
198 194
198 221
198 233
198 249
3 6
3 18
3 33
3 51
3 55
3 58
3 62
3 63
3 69
3 80
3 82
3 86
3 94
3 98
3 106
3 122
3 170
3 187
3 191
3 193
3 202
3 212
3 227
3 240
3 244
3 257
6 12
6 23
6 36
6 43
6 51
6 52
6 55
6 58
6 60
6 63
6 66
6 80
6 94
6 98
6 100
6 106
6 113
6 143
6 166
6 170
6 171
6 179
6 187
6 202
6 212
6 237
6 240
6 241
6 244
6 252
6 257
18 7
18 21
18 23
18 31
18 54
18 58
18 61
18 69
18 82
18 83
18 86
18 91
18 98
18 99
18 103
18 108
18 148
18 166
18 177
18 249
33 4
33 9
33 55
33 62
33 82
33 95
33 122
33 170
33 185
33 187
33 191
33 227
33 232
33 244
33 257
51 16
51 26
51 48
51 49
51 63
51 80
51 94
51 98
51 106
51 125
51 170
51 171
51 179
51 183
51 204
51 212
51 227
51 237
51 240
51 242
51 244
51 252
51 255
55 23
55 58
55 62
55 63
55 80
55 82
55 106
55 122
55 170
55 171
55 187
55 191
55 227
55 240
55 244
55 257
58 11
58 13
58 14
58 16
58 20
58 21
58 44
58 45
58 50
58 61
58 63
58 65
58 67
58 69
58 70
58 72
58 76
58 80
58 81
58 84
58 85
58 86
58 98
58 99
58 101
58 106
58 111
58 112
58 115
58 118
58 119
58 120
58 125
58 128
58 136
58 143
58 144
58 150
58 151
58 153
58 160
58 161
58 164
58 171
58 179
58 186
58 188
58 197
58 199
58 204
58 207
58 212
58 215
58 218
58 220
58 223
58 228
58 229
58 232
58 235
58 237
58 238
58 239
58 241
58 242
58 246
58 248
58 249
58 253
62 4
62 73
62 82
62 113
62 122
62 128
62 148
62 170
62 187
62 191
62 201
62 227
62 232
62 239
62 243
62 244
62 252
62 257
63 14
63 23
63 31
63 44
63 50
63 54
63 70
63 80
63 86
63 91
63 94
63 98
63 99
63 103
63 106
63 109
63 142
63 148
63 151
63 153
63 157
63 166
63 170
63 171
63 177
63 183
63 188
63 193
63 203
63 205
63 212
63 217
63 228
63 240
63 244
63 248
63 253
69 9
69 11
69 31
69 32
69 48
69 54
69 86
69 91
69 98
69 99
69 103
69 117
69 124
69 148
69 156
69 172
69 176
69 177
69 194
69 238
69 249
69 257
80 7
80 12
80 23
80 36
80 43
80 50
80 60
80 66
80 75
80 93
80 94
80 98
80 99
80 100
80 106
80 109
80 113
80 120
80 128
80 136
80 143
80 157
80 170
80 171
80 179
80 180
80 193
80 202
80 212
80 238
80 240
80 241
80 244
80 249
80 252
82 4
82 9
82 25
82 73
82 85
82 86
82 95
82 98
82 108
82 113
82 122
82 124
82 128
82 156
82 170
82 180
82 185
82 187
82 191
82 197
82 201
82 204
82 227
82 232
82 235
82 239
82 242
82 243
82 244
82 257
86 7
86 21
86 23
86 31
86 54
86 61
86 72
86 83
86 91
86 98
86 99
86 103
86 108
86 148
86 166
86 177
86 249
94 25
94 27
94 30
94 35
94 50
94 53
94 65
94 66
94 67
94 90
94 98
94 101
94 106
94 112
94 120
94 132
94 143
94 149
94 151
94 170
94 188
94 190
94 204
94 212
94 218
94 229
94 231
94 232
94 235
94 236
94 237
94 240
94 244
98 12
98 23
98 32
98 36
98 43
98 60
98 66
98 67
98 100
98 106
98 113
98 143
98 151
98 157
98 166
98 170
98 179
98 193
98 202
98 212
98 217
98 227
98 240
98 241
98 242
98 244
98 252
106 20
106 50
106 52
106 67
106 170
106 171
106 185
106 187
106 193
106 204
106 212
106 237
106 240
106 244
106 257
122 170
122 191
122 227
122 257
170 4
170 12
170 36
170 43
170 60
170 66
170 95
170 100
170 113
170 117
170 143
170 171
170 179
170 185
170 187
170 191
170 202
170 212
170 227
170 232
170 237
170 240
170 244
170 252
170 257
187 154
187 171
187 191
187 227
187 237
187 257
191 73
191 95
191 113
191 128
191 201
191 227
191 232
191 252
191 257
193 14
193 15
193 19
193 22
193 43
193 50
193 67
193 75
193 136
193 141
193 163
193 171
193 203
193 212
193 226
193 240
193 254
193 257
202 12
202 36
202 43
202 60
202 66
202 100
202 113
202 143
202 165
202 179
202 240
202 244
202 252
212 4
212 14
212 16
212 20
212 43
212 67
212 75
212 93
212 136
212 161
212 204
212 209
212 240
212 243
212 244
227 26
227 32
227 113
227 125
227 157
227 171
227 183
227 185
227 201
227 240
227 241
227 243
227 244
227 255
227 257
240 12
240 14
240 26
240 36
240 42
240 43
240 50
240 60
240 65
240 66
240 100
240 109
240 113
240 125
240 143
240 171
240 179
240 183
240 241
240 244
240 252
240 255
244 4
244 12
244 36
244 43
244 60
244 66
244 95
244 100
244 113
244 143
244 176
244 179
244 185
244 201
244 243
244 252
244 257
257 4
257 9
257 25
257 43
257 50
257 53
257 65
257 66
257 95
257 117
257 143
257 153
257 171
257 172
257 176
257 185
257 194
257 222
257 229
257 231
257 237
4 32
4 77
4 95
4 113
4 128
4 136
4 185
4 209
4 243
32 7
32 14
32 21
32 23
32 28
32 57
32 88
32 99
32 102
32 113
32 124
32 136
32 148
32 156
32 157
32 205
32 209
32 221
32 233
32 241
32 243
32 249
77 113
77 131
95 78
95 185
95 224
95 232
95 235
113 12
113 36
113 43
113 60
113 66
113 73
113 88
113 99
113 100
113 117
113 128
113 136
113 143
113 148
113 179
113 185
113 194
113 201
113 209
113 232
113 233
113 252
128 13
128 14
128 26
128 37
128 73
128 76
128 85
128 111
128 125
128 144
128 199
128 201
128 215
128 232
128 235
128 239
128 242
128 243
136 43
136 67
136 75
136 88
136 93
136 99
136 115
136 161
136 171
136 209
136 243
136 252
185 52
185 201
185 243
209 84
209 88
209 92
209 99
209 119
209 151
209 183
209 204
209 243
243 23
243 73
243 88
243 99
243 117
243 148
243 201
243 252
12 25
12 26
12 36
12 43
12 48
12 60
12 66
12 100
12 143
12 161
12 179
12 188
12 252
12 253
23 70
23 99
23 148
23 151
23 166
23 171
23 183
23 203
23 217
23 248
23 249
36 43
36 60
36 66
36 100
36 143
36 179
36 252
43 60
43 66
43 75
43 100
43 143
43 179
43 252
52 9
52 31
52 165
52 183
52 256
60 66
60 100
60 143
60 179
60 252
66 25
66 27
66 30
66 35
66 45
66 50
66 53
66 65
66 67
66 90
66 100
66 101
66 109
66 112
66 117
66 125
66 132
66 143
66 149
66 150
66 151
66 153
66 172
66 179
66 188
66 190
66 194
66 214
66 215
66 216
66 218
66 229
66 232
66 235
66 236
66 252
66 253
100 35
100 109
100 112
100 143
100 179
100 252
143 14
143 25
143 27
143 30
143 35
143 50
143 53
143 65
143 67
143 90
143 101
143 112
143 117
143 119
143 132
143 147
143 149
143 151
143 153
143 172
143 179
143 188
143 190
143 194
143 204
143 214
143 215
143 216
143 218
143 229
143 232
143 235
143 236
143 252
143 253
166 21
166 99
166 171
166 183
166 203
166 217
171 26
171 50
171 125
171 183
171 237
171 255
179 11
179 16
179 49
179 61
179 87
179 153
179 204
179 214
179 216
179 237
179 246
179 252
179 253
237 16
237 48
237 67
237 119
237 161
237 190
237 204
237 206
241 7
241 14
241 49
241 99
241 125
241 157
241 249
252 73
252 201
252 224
252 232
7 14
7 21
7 57
7 99
7 148
7 157
7 228
7 249
14 11
14 15
14 16
14 20
14 21
14 22
14 26
14 28
14 37
14 39
14 44
14 45
14 48
14 49
14 57
14 61
14 65
14 70
14 72
14 73
14 75
14 76
14 81
14 85
14 87
14 88
14 99
14 101
14 111
14 112
14 115
14 119
14 120
14 123
14 125
14 131
14 141
14 144
14 148
14 150
14 153
14 157
14 160
14 163
14 178
14 181
14 186
14 188
14 197
14 200
14 201
14 203
14 214
14 215
14 216
14 218
14 223
14 226
14 228
14 229
14 230
14 232
14 234
14 235
14 238
14 239
14 242
14 248
14 249
14 253
14 254
21 9
21 57
21 83
21 84
21 99
21 148
21 249
57 9
57 88
57 99
57 117
57 123
57 131
57 148
57 172
57 176
57 178
57 183
57 194
57 233
57 249
99 31
99 54
99 83
99 84
99 88
99 91
99 93
99 102
99 103
99 111
99 123
99 131
99 148
99 177
99 178
99 203
99 204
99 205
99 217
99 249
148 31
148 54
148 88
148 91
148 103
148 177
148 249
157 49
157 109
157 125
157 203
157 204
157 249
228 9
228 44
228 131
228 165
228 172
228 176
228 188
228 249
228 253
249 88
249 165
249 211
9 108
9 117
9 131
9 172
9 176
9 194
108 87
108 111
108 239
117 131
117 153
117 172
117 176
117 194
117 233
117 236
131 123
131 142
131 172
131 176
131 178
131 194
172 48
172 119
172 153
172 176
172 194
176 194
176 236
194 153
194 233
17 15
17 19
17 22
17 46
17 79
17 92
17 135
17 147
17 151
17 175
17 226
17 254
46 135
46 151
46 203
46 219
135 151
135 203
135 219
151 15
151 19
151 22
151 25
151 30
151 35
151 67
151 70
151 79
151 87
151 92
151 101
151 112
151 119
151 121
151 147
151 175
151 190
151 217
151 226
151 232
151 236
151 254
151 256
203 15
203 22
203 49
203 61
203 75
203 141
203 163
203 204
203 217
203 219
203 226
203 254
11 48
11 70
11 79
11 123
11 180
11 181
11 216
11 224
11 238
11 245
11 250
48 16
48 25
48 26
48 37
48 41
48 70
48 79
48 119
48 121
48 123
48 144
48 153
48 161
48 163
48 168
48 181
48 188
48 215
48 224
48 238
48 242
48 245
48 253
48 254
70 81
70 123
70 167
70 181
70 217
70 224
70 238
79 15
79 19
79 22
79 41
79 92
79 121
79 147
79 175
79 224
79 226
79 238
79 245
79 254
123 119
123 178
123 181
123 238
180 15
180 73
181 238
216 61
216 73
216 87
216 119
216 153
216 201
216 214
216 215
216 232
216 235
224 37
224 53
224 81
224 89
224 153
224 167
224 229
224 236
224 238
224 242
224 245
238 167
238 245
250 233
25 26
25 30
25 35
25 45
25 50
25 53
25 65
25 101
25 112
25 132
25 150
25 153
25 161
25 188
25 190
25 218
25 222
25 229
25 231
25 236
25 253
26 37
26 85
26 125
26 130
26 161
26 188
26 215
26 235
26 253
26 255
161 67
161 188
161 253
188 30
188 35
188 44
188 50
188 53
188 101
188 112
188 132
188 165
188 190
188 218
188 229
188 236
188 253
253 35
253 37
253 44
253 50
253 112
253 126
253 142
253 153
253 165
253 211
253 215
253 229
253 248
13 121
13 144
13 164
121 41
121 254
144 41
144 76
144 81
144 85
144 125
144 141
144 163
144 164
144 168
144 207
144 215
144 232
144 235
144 242
144 254
15 19
15 22
15 75
15 92
15 141
15 147
15 163
15 175
15 226
15 254
15 256
16 20
16 204
16 234
16 242
20 67
20 204
20 206
22 19
22 75
22 92
22 141
22 147
22 163
22 175
22 226
22 254
28 39
28 124
28 156
28 183
37 85
37 125
37 215
37 235
45 53
45 65
45 101
45 112
45 120
45 150
45 218
45 229
49 125
49 204
49 214
61 72
61 214
61 223
65 30
65 53
65 101
65 109
65 112
65 115
65 120
65 150
65 153
65 186
65 190
65 218
65 222
65 229
65 231
65 235
72 223
73 201
73 207
73 214
73 232
75 141
75 163
75 226
75 254
76 85
76 125
76 215
76 235
76 242
81 89
81 153
81 183
81 236
81 254
85 125
85 197
85 215
85 235
85 239
85 242
87 111
87 119
87 153
87 235
87 239
88 102
88 205
88 233
101 27
101 30
101 35
101 50
101 53
101 90
101 109
101 112
101 120
101 132
101 149
101 150
101 186
101 190
101 215
101 218
101 229
101 232
101 235
101 236
111 173
111 199
111 204
111 230
111 239
112 27
112 30
112 35
112 50
112 53
112 90
112 109
112 115
112 120
112 132
112 149
112 150
112 186
112 190
112 215
112 218
112 229
112 232
112 235
112 236
115 120
115 186
115 218
119 67
119 153
119 160
119 204
119 223
120 150
120 186
120 218
120 229
125 215
125 235
125 242
125 255
141 163
141 207
141 215
141 226
141 232
141 254
150 218
150 229
153 35
153 38
153 50
153 64
153 67
153 74
153 78
153 89
153 154
153 159
153 160
153 168
153 204
153 222
153 223
153 229
153 231
153 235
153 236
153 256
163 38
163 41
163 159
163 168
163 226
163 254
186 218
197 239
201 214
201 232
214 232
214 235
215 35
215 130
215 235
215 242
218 30
218 35
218 50
218 53
218 90
218 132
218 149
218 190
218 229
218 236
223 222
223 229
226 19
226 92
226 126
226 147
226 175
226 211
226 254
229 30
229 35
229 50
229 53
229 132
229 165
229 174
229 190
229 222
229 231
229 234
229 236
232 30
232 35
232 118
232 190
232 207
234 165
234 174
234 199
234 222
235 30
235 35
235 67
235 78
235 204
235 242
242 67
242 204
254 19
254 41
254 92
254 147
254 168
254 175
254 256
19 92
19 147
19 175
92 147
92 175
92 256
147 175
175 211
256 38
256 64
256 74
256 78
256 89
256 154
256 159
256 168
204 67
204 190
204 206
31 54
31 91
31 103
31 177
54 91
54 103
54 177
91 103
91 177
103 177
67 35
67 190
67 206
206 30
206 109
183 118
183 165
183 217
183 255
217 236
24 173
173 165
173 220
30 27
30 35
30 50
30 53
30 109
30 132
30 190
30 236
35 27
35 50
35 53
35 90
35 109
35 132
35 149
35 190
35 236
50 53
50 90
50 132
50 149
50 190
50 236
53 132
53 190
53 236
132 190
132 236
190 27
190 90
190 149
190 236
222 174
222 231
236 89
236 90
236 149
124 156
109 90
102 205
221 233
90 149
38 64
38 74
38 78
38 89
38 154
38 159
38 168
64 74
64 78
64 89
64 154
64 159
64 168
74 78
74 89
74 154
74 159
74 168
78 89
78 154
78 159
78 168
89 154
89 159
89 168
154 159
154 168
159 168
168 41
40 42
165 167
118 207
142 126
142 211
126 211
