0 1
0 34
0 40
0 41
0 42
0 45
1 40
1 41
1 45
34 9
34 12
34 21
34 25
34 29
34 30
34 36
34 39
34 40
34 41
34 42
34 44
34 48
40 36
40 41
40 42
40 45
41 2
41 3
41 4
41 5
41 6
41 7
41 8
41 9
41 10
41 11
41 12
41 13
41 14
41 15
41 16
41 17
41 18
41 19
41 20
41 21
41 22
41 23
41 24
41 25
41 26
41 27
41 28
41 29
41 30
41 31
41 32
41 33
41 35
41 36
41 37
41 38
41 39
41 42
41 43
41 44
41 45
41 46
41 47
41 48
41 49
42 3
42 5
42 7
42 9
42 25
42 36
45 36
2 4
2 10
2 11
2 13
2 14
2 16
2 20
2 24
2 28
2 31
2 32
2 33
2 39
2 46
2 47
2 49
4 9
4 10
4 11
4 13
4 14
4 16
4 18
4 20
4 21
4 24
4 26
4 28
4 31
4 32
4 33
4 37
4 39
4 43
4 46
4 47
4 49
10 11
10 13
10 14
10 16
10 18
10 20
10 24
10 26
10 28
10 31
10 32
10 33
10 37
10 39
10 43
10 46
10 47
10 49
11 3
11 13
11 14
11 16
11 18
11 20
11 22
11 24
11 26
11 28
11 31
11 32
11 33
11 38
11 39
11 43
11 46
11 47
11 49
13 14
13 16
13 18
13 20
13 24
13 28
13 31
13 32
13 33
13 39
13 46
13 47
13 49
14 16
14 20
14 24
14 28
14 31
14 32
14 33
14 39
14 46
14 47
14 49
16 18
16 20
16 24
16 26
16 28
16 31
16 32
16 33
16 39
16 43
16 46
16 47
16 49
20 18
20 24
20 26
20 28
20 31
20 32
20 33
20 39
20 43
20 46
20 47
20 49
24 8
24 9
24 18
24 22
24 26
24 27
24 28
24 31
24 32
24 33
24 37
24 39
24 43
24 46
24 47
24 49
28 18
28 31
28 32
28 33
28 39
28 46
28 47
28 49
31 26
31 32
31 33
31 39
31 43
31 46
31 47
31 49
32 18
32 26
32 33
32 39
32 43
32 46
32 47
32 49
33 6
33 12
33 39
33 46
33 47
33 49
39 9
39 18
39 21
39 26
39 27
39 37
39 43
39 44
39 46
39 47
39 49
46 47
46 49
47 9
47 21
47 26
47 43
47 49
49 9
49 18
49 21
49 26
49 43
3 9
3 22
9 5
9 12
9 21
9 22
9 23
9 26
9 27
9 30
9 36
9 37
9 44
22 5
22 23
22 27
22 36
21 12
21 26
21 48
26 43
37 27
37 44
6 12
12 23
12 38
12 48
23 36
23 38
27 44
36 29
36 44
15 19
15 35
19 35
17 25
