0 1
0 6
0 11
0 18
0 19
0 20
0 29
1 6
1 11
1 18
1 29
6 11
6 18
6 25
6 29
6 32
11 18
11 29
18 2
18 3
18 4
18 5
18 7
18 8
18 9
18 10
18 12
18 13
18 14
18 15
18 16
18 17
18 19
18 20
18 21
18 22
18 23
18 24
18 25
18 26
18 27
18 28
18 29
18 30
18 31
18 32
18 33
18 34
19 20
20 2
20 5
20 10
2 5
2 10
5 10
3 14
3 15
3 16
3 17
3 22
3 34
14 15
14 16
14 17
14 22
14 34
15 16
15 17
15 22
15 34
16 17
16 22
16 34
17 22
17 34
22 34
4 33
25 8
25 27
25 30
25 31
32 12
32 23
7 12
12 21
12 23
12 24
8 31
9 27
13 28
