0 2
0 3
0 4
0 6
0 7
0 9
0 18
0 22
0 23
0 27
0 28
0 29
0 33
0 35
0 37
0 38
0 41
0 42
2 3
2 4
2 6
2 7
2 9
2 14
2 18
2 22
2 23
2 27
2 28
2 29
2 33
2 35
2 37
2 38
2 41
2 42
3 4
3 6
3 7
3 9
3 18
3 22
3 23
3 27
3 28
3 29
3 33
3 35
3 37
3 38
3 41
3 42
4 6
4 7
4 14
4 18
4 23
4 27
4 29
4 33
4 35
4 37
4 38
4 39
4 42
6 7
6 9
6 14
6 18
6 23
6 27
6 29
6 33
6 35
6 37
6 38
6 42
7 9
7 14
7 18
7 22
7 23
7 27
7 28
7 29
7 33
7 35
7 37
7 38
7 39
7 41
7 42
9 18
9 22
9 23
9 27
9 29
9 33
9 35
9 37
9 38
9 41
9 42
18 22
18 23
18 27
18 28
18 29
18 33
18 35
18 37
18 38
18 41
18 42
22 33
22 35
22 37
22 38
22 41
22 42
23 14
23 27
23 29
23 33
23 35
23 37
23 38
23 42
27 11
27 14
27 28
27 29
27 33
27 35
27 37
27 38
27 39
27 42
28 19
28 29
28 32
28 33
28 35
28 37
28 38
28 42
29 14
29 33
29 35
29 37
29 38
29 39
29 42
33 35
33 37
33 38
33 41
33 42
35 1
35 5
35 8
35 10
35 11
35 12
35 13
35 14
35 15
35 16
35 17
35 19
35 20
35 21
35 24
35 25
35 26
35 30
35 31
35 32
35 34
35 36
35 37
35 38
35 39
35 40
35 41
35 42
37 38
37 39
37 41
37 42
38 1
38 5
38 8
38 10
38 11
38 12
38 13
38 14
38 15
38 16
38 17
38 19
38 20
38 21
38 24
38 25
38 26
38 30
38 31
38 32
38 34
38 36
38 39
38 40
38 41
38 42
41 42
1 8
1 10
1 11
1 13
1 16
1 20
1 21
1 24
1 36
1 39
1 40
8 5
8 10
8 11
8 12
8 13
8 15
8 16
8 17
8 19
8 20
8 21
8 24
8 25
8 26
8 30
8 31
8 32
8 36
8 39
8 40
10 11
10 13
10 16
10 20
10 21
10 24
10 25
10 36
10 39
10 40
11 5
11 12
11 13
11 14
11 15
11 16
11 17
11 19
11 20
11 21
11 24
11 25
11 26
11 30
11 32
11 34
11 36
11 39
11 40
13 16
13 20
13 21
13 24
13 36
13 39
13 40
16 20
16 21
16 24
16 25
16 36
16 39
16 40
20 21
20 24
20 36
20 39
20 40
21 24
21 36
21 39
21 40
24 25
24 36
24 39
24 40
36 5
36 12
36 15
36 19
36 25
36 26
36 30
36 31
36 32
36 39
36 40
39 40
40 30
14 15
14 25
14 30
14 34
5 12
5 15
5 19
5 25
5 26
5 30
5 32
12 15
12 19
12 25
12 26
12 30
12 32
15 17
15 19
15 25
15 26
15 30
15 32
15 34
19 25
19 26
19 30
19 32
25 17
25 26
25 30
25 32
25 34
26 30
26 32
30 17
30 32
30 34
