0 12
0 14
0 19
0 26
0 36
0 40
12 1
12 2
12 3
12 4
12 6
12 8
12 10
12 11
12 14
12 15
12 16
12 17
12 19
12 20
12 21
12 22
12 23
12 24
12 25
12 26
12 27
12 28
12 29
12 30
12 33
12 34
12 36
12 38
12 39
12 40
12 41
12 42
14 19
14 24
14 26
14 36
14 40
19 24
19 26
19 36
19 40
26 36
26 40
36 1
36 2
36 3
36 4
36 5
36 6
36 7
36 8
36 9
36 10
36 11
36 13
36 15
36 16
36 17
36 18
36 20
36 21
36 22
36 23
36 24
36 25
36 27
36 28
36 29
36 30
36 31
36 32
36 33
36 34
36 35
36 37
36 38
36 39
36 40
36 41
36 42
1 2
1 3
1 4
1 6
1 8
1 10
1 15
1 16
1 20
1 23
1 25
1 28
1 29
1 39
2 4
2 6
2 8
2 10
2 15
2 16
2 23
2 25
2 29
2 39
3 4
3 6
3 8
3 10
3 15
3 20
3 23
3 25
3 29
3 39
4 6
4 8
4 10
4 15
4 16
4 23
4 25
4 27
4 28
4 29
4 39
6 8
6 10
6 15
6 16
6 20
6 23
6 25
6 28
6 29
6 39
8 10
8 15
8 16
8 20
8 23
8 25
8 29
8 39
10 15
10 16
10 20
10 23
10 25
10 28
10 29
10 39
15 11
15 16
15 20
15 21
15 23
15 25
15 27
15 28
15 29
15 38
15 39
16 23
16 25
16 28
16 29
16 39
20 23
20 29
20 39
23 25
23 27
23 28
23 29
23 39
25 5
25 28
25 29
25 32
25 39
28 24
28 27
28 29
28 39
29 27
29 39
27 9
27 31
27 33
27 34
27 41
5 13
5 18
5 32
5 34
5 37
5 41
13 9
13 11
13 31
13 32
13 33
13 34
13 37
13 41
18 7
18 32
18 35
32 34
32 37
32 41
34 33
34 37
34 41
37 41
41 33
7 35
35 22
35 30
35 38
9 31
9 33
31 33
11 21
11 38
21 38
17 22
17 24
22 24
22 30
22 42
30 42
