0 2
0 3
0 5
0 6
0 8
0 9
0 10
0 16
0 19
0 20
0 21
0 22
0 23
0 24
0 26
0 30
0 31
0 32
2 3
2 5
2 6
2 8
2 9
2 10
2 16
2 19
2 20
2 21
2 22
2 23
2 24
2 26
2 30
2 31
2 32
3 5
3 6
3 8
3 9
3 10
3 16
3 18
3 19
3 20
3 21
3 22
3 23
3 24
3 26
3 28
3 30
3 31
3 32
5 6
5 8
5 9
5 10
5 16
5 19
5 20
5 21
5 22
5 23
5 24
5 26
5 30
5 31
5 32
6 8
6 9
6 10
6 16
6 19
6 20
6 21
6 22
6 23
6 24
6 26
6 30
6 31
6 32
8 4
8 9
8 10
8 11
8 14
8 15
8 16
8 18
8 19
8 20
8 21
8 22
8 23
8 24
8 25
8 26
8 27
8 28
8 29
8 30
8 31
8 32
9 10
9 14
9 16
9 19
9 20
9 21
9 22
9 23
9 24
9 26
9 30
9 31
9 32
10 4
10 11
10 14
10 15
10 16
10 18
10 19
10 20
10 21
10 22
10 23
10 24
10 25
10 26
10 27
10 28
10 29
10 30
10 31
10 32
16 1
16 4
16 7
16 11
16 12
16 13
16 14
16 15
16 17
16 18
16 19
16 20
16 21
16 22
16 23
16 24
16 25
16 26
16 27
16 28
16 29
16 30
16 31
16 32
19 20
19 21
19 22
19 23
19 24
19 26
19 30
19 31
19 32
20 21
20 22
20 23
20 24
20 26
20 30
20 31
20 32
21 14
21 18
21 22
21 23
21 24
21 26
21 30
21 31
21 32
22 23
22 24
22 26
22 30
22 31
22 32
23 24
23 26
23 30
23 31
23 32
24 26
24 30
24 31
24 32
26 30
26 31
26 32
30 31
30 32
31 4
31 11
31 14
31 15
31 18
31 25
31 27
31 28
31 29
31 32
1 11
1 12
1 15
1 17
11 4
11 12
11 14
11 15
11 17
11 18
11 25
11 27
11 28
11 29
12 15
12 17
15 4
15 13
15 14
15 17
15 18
15 25
15 27
15 28
15 29
18 4
18 13
18 14
18 25
18 27
18 28
18 29
28 4
28 14
28 25
28 27
28 29
4 14
4 25
4 27
4 29
14 13
14 25
14 27
14 29
25 7
25 27
25 29
27 29
