0 1
0 2
0 5
0 7
0 15
0 16
0 21
0 26
0 28
0 33
0 36
0 37
0 40
1 2
1 3
1 4
1 5
1 6
1 7
1 8
1 9
1 10
1 11
1 12
1 13
1 14
1 15
1 16
1 17
1 18
1 19
1 20
1 21
1 22
1 23
1 24
1 25
1 26
1 27
1 28
1 29
1 30
1 31
1 32
1 33
1 34
1 35
1 36
1 37
1 38
1 39
1 40
2 3
2 4
2 5
2 6
2 7
2 8
2 9
2 10
2 11
2 12
2 13
2 14
2 15
2 16
2 17
2 18
2 19
2 20
2 21
2 22
2 23
2 24
2 25
2 26
2 27
2 28
2 29
2 30
2 31
2 32
2 33
2 34
2 35
2 36
2 37
2 38
2 39
2 40
5 4
5 13
5 14
5 16
5 18
5 21
5 24
5 26
5 28
5 32
5 33
5 36
5 37
5 40
7 3
7 6
7 8
7 9
7 10
7 11
7 12
7 14
7 15
7 16
7 17
7 18
7 19
7 20
7 21
7 22
7 23
7 24
7 25
7 26
7 27
7 29
7 30
7 31
7 32
7 33
7 34
7 35
7 36
7 37
7 38
7 39
7 40
15 12
15 16
15 21
15 23
15 26
15 33
15 36
15 37
16 3
16 4
16 6
16 8
16 9
16 10
16 11
16 12
16 13
16 14
16 17
16 18
16 19
16 20
16 21
16 22
16 23
16 24
16 25
16 26
16 27
16 28
16 29
16 30
16 31
16 32
16 33
16 34
16 35
16 36
16 37
16 38
16 39
16 40
21 3
21 4
21 6
21 8
21 9
21 10
21 11
21 12
21 13
21 14
21 17
21 18
21 19
21 20
21 22
21 23
21 24
21 25
21 26
21 27
21 28
21 29
21 30
21 31
21 32
21 33
21 34
21 35
21 36
21 37
21 38
21 39
21 40
26 3
26 4
26 6
26 8
26 9
26 10
26 11
26 12
26 13
26 14
26 17
26 18
26 19
26 20
26 22
26 23
26 24
26 25
26 27
26 28
26 29
26 30
26 31
26 32
26 33
26 34
26 35
26 36
26 37
26 38
26 39
26 40
28 4
28 6
28 13
28 14
28 17
28 18
28 22
28 24
28 32
28 33
28 34
28 36
28 37
28 40
33 3
33 4
33 6
33 10
33 11
33 12
33 14
33 18
33 19
33 20
33 22
33 23
33 24
33 25
33 27
33 30
33 31
33 32
33 36
33 37
33 38
33 40
36 3
36 4
36 6
36 8
36 9
36 10
36 12
36 13
36 14
36 17
36 18
36 20
36 22
36 23
36 24
36 25
36 29
36 30
36 31
36 32
36 34
36 35
36 37
36 39
36 40
37 3
37 4
37 6
37 8
37 9
37 10
37 11
37 12
37 13
37 14
37 17
37 18
37 19
37 20
37 22
37 23
37 24
37 25
37 27
37 29
37 30
37 31
37 32
37 34
37 35
37 38
37 39
37 40
40 6
40 9
40 14
40 17
40 18
40 22
40 23
40 24
40 25
40 32
40 34
3 4
3 6
3 8
3 10
3 12
3 14
3 18
3 20
3 22
3 23
3 24
3 25
3 29
3 31
3 32
3 34
3 35
3 39
4 6
4 10
4 12
4 13
4 14
4 18
4 24
4 25
4 31
4 32
6 9
6 10
6 11
6 12
6 14
6 17
6 18
6 19
6 20
6 22
6 23
6 24
6 25
6 27
6 30
6 31
6 32
6 34
6 38
8 12
8 14
8 18
8 20
8 22
8 23
8 29
8 32
8 35
8 39
9 14
9 17
9 18
9 22
9 23
9 24
9 25
9 32
9 34
10 12
10 14
10 18
10 20
10 22
10 23
10 24
10 25
10 30
10 31
10 32
11 19
11 27
11 38
12 14
12 18
12 20
12 22
12 23
12 24
12 25
12 29
12 31
12 32
12 35
12 39
13 14
13 17
13 18
13 24
13 32
14 17
14 18
14 20
14 22
14 23
14 24
14 25
14 29
14 30
14 31
14 32
14 34
14 35
14 39
17 18
17 22
17 23
17 25
17 32
17 34
18 20
18 22
18 23
18 24
18 25
18 29
18 30
18 31
18 32
18 34
18 35
18 39
19 27
19 38
20 22
20 23
20 24
20 29
20 30
20 31
20 32
20 35
20 39
22 23
22 24
22 25
22 29
22 30
22 31
22 32
22 34
22 35
22 39
23 24
23 25
23 29
23 30
23 31
23 32
23 34
23 35
23 39
24 25
24 30
24 31
24 32
24 34
25 31
25 32
25 34
27 38
29 32
29 35
29 39
30 31
30 32
31 32
32 34
32 35
32 39
35 39
