0 7
0 39
7 12
7 25
7 27
7 33
7 39
39 1
39 2
39 3
39 4
39 5
39 6
39 8
39 9
39 10
39 11
39 12
39 13
39 14
39 15
39 16
39 17
39 18
39 19
39 20
39 21
39 22
39 23
39 24
39 25
39 26
39 27
39 28
39 29
39 30
39 31
39 32
39 33
39 34
39 35
39 36
39 37
39 38
39 40
39 41
39 42
39 43
39 44
1 2
1 14
1 18
1 19
1 21
1 33
1 37
2 5
2 18
2 33
14 11
14 21
14 23
14 33
14 42
18 12
18 19
18 25
18 33
21 3
21 10
21 11
21 20
21 25
21 30
21 32
21 38
21 42
33 5
33 9
33 22
33 40
5 15
3 11
3 20
3 23
3 38
3 40
3 42
11 23
11 30
11 32
11 36
11 40
20 10
20 38
23 30
23 32
23 36
23 40
38 10
38 42
40 22
40 42
4 17
4 32
17 32
32 25
32 41
6 16
6 26
16 26
12 13
12 25
12 29
9 10
9 22
9 31
9 34
30 36
13 29
28 43
41 44
