0 1
0 11
0 13
0 15
0 16
0 22
0 25
0 26
0 27
0 28
0 30
1 11
1 12
1 13
1 15
1 16
1 22
1 25
1 26
1 27
1 28
1 30
11 2
11 3
11 4
11 7
11 9
11 13
11 14
11 15
11 16
11 19
11 22
11 25
11 26
11 27
11 28
11 30
13 15
13 16
13 17
13 22
13 24
13 25
13 26
13 27
13 28
13 30
15 16
15 22
15 25
15 26
15 27
15 28
15 30
16 6
16 17
16 18
16 22
16 24
16 25
16 26
16 27
16 28
16 30
16 33
22 2
22 3
22 4
22 5
22 6
22 7
22 8
22 9
22 10
22 12
22 14
22 17
22 18
22 19
22 20
22 21
22 23
22 24
22 25
22 26
22 27
22 28
22 29
22 30
22 31
22 32
22 33
25 26
25 27
25 28
25 30
26 3
26 14
26 21
26 23
26 27
26 28
26 30
27 28
27 30
28 12
28 30
28 32
30 2
30 3
30 4
30 5
30 6
30 7
30 8
30 9
30 12
30 14
30 17
30 18
30 19
30 21
30 23
30 24
30 29
30 32
30 33
12 4
12 5
12 8
12 23
12 29
12 32
2 3
2 4
2 9
2 14
2 19
3 4
3 9
3 14
3 19
3 23
3 32
4 5
4 8
4 9
4 14
4 19
4 23
4 29
4 32
9 14
9 19
14 19
14 23
19 8
23 5
23 7
23 8
23 21
23 29
23 32
32 5
32 7
32 8
32 21
32 29
5 7
5 8
5 29
8 29
6 17
6 18
6 24
6 33
17 18
17 24
17 33
18 24
18 33
24 33
10 20
10 21
10 31
20 21
20 31
21 31
