0 21
21 1
21 2
21 3
21 4
21 5
21 6
21 7
21 8
21 9
21 10
21 11
21 12
21 13
21 14
21 15
21 16
21 17
21 18
21 19
21 20
21 22
21 23
21 24
21 25
21 26
21 27
21 28
21 29
21 30
21 31
21 32
1 3
1 4
1 9
1 10
1 11
1 16
1 17
1 19
1 23
1 24
1 27
1 32
3 4
3 9
3 10
3 11
3 16
3 17
3 19
3 23
3 24
3 27
3 32
4 9
4 10
4 11
4 16
4 17
4 19
4 23
4 24
4 27
4 28
4 32
9 10
9 11
9 16
9 17
9 19
9 23
9 24
9 27
9 32
10 2
10 8
10 11
10 16
10 17
10 19
10 20
10 23
10 24
10 27
10 30
10 32
11 16
11 17
11 19
11 23
11 24
11 27
11 32
16 17
16 19
16 23
16 24
16 27
16 32
17 19
17 23
17 24
17 27
17 32
19 23
19 24
19 27
19 32
23 24
23 27
23 32
24 2
24 27
24 32
27 32
32 2
32 20
2 20
20 28
28 5
28 6
28 7
28 12
28 13
28 14
28 18
28 22
28 25
28 26
28 29
28 31
5 6
5 7
5 12
5 13
5 14
5 18
5 22
5 25
5 26
5 29
5 31
6 7
6 12
6 13
6 14
6 18
6 22
6 25
6 26
6 29
6 31
7 12
7 13
7 14
7 18
7 22
7 25
7 26
7 29
7 31
12 13
12 14
12 18
12 22
12 25
12 26
12 29
12 30
12 31
13 14
13 18
13 22
13 25
13 26
13 29
13 31
14 18
14 22
14 25
14 26
14 29
14 31
18 22
18 25
18 26
18 29
18 30
18 31
22 25
22 26
22 29
22 31
25 26
25 29
25 31
26 29
26 31
29 31
8 30
