0 3
0 6
0 12
0 14
0 21
0 25
0 26
0 28
0 32
0 35
0 44
0 46
0 47
0 48
0 51
3 12
3 14
3 18
3 19
3 21
3 26
3 32
3 35
3 39
3 45
3 46
3 48
3 49
3 51
3 52
6 12
6 14
6 15
6 19
6 21
6 23
6 26
6 27
6 28
6 32
6 35
6 39
6 44
6 45
6 46
6 48
6 50
6 51
6 52
12 7
12 11
12 14
12 20
12 21
12 25
12 26
12 28
12 29
12 32
12 35
12 40
12 44
12 46
12 47
12 48
12 51
14 1
14 2
14 4
14 5
14 7
14 8
14 10
14 15
14 16
14 17
14 18
14 20
14 21
14 22
14 23
14 24
14 25
14 26
14 27
14 28
14 29
14 30
14 31
14 32
14 34
14 35
14 36
14 37
14 38
14 40
14 41
14 42
14 43
14 44
14 46
14 47
14 48
14 49
14 50
14 51
14 52
21 1
21 2
21 4
21 5
21 7
21 8
21 10
21 15
21 16
21 18
21 19
21 22
21 24
21 26
21 28
21 29
21 30
21 31
21 32
21 33
21 35
21 36
21 37
21 38
21 39
21 40
21 42
21 43
21 44
21 45
21 46
21 47
21 48
21 49
21 50
21 51
21 52
25 18
25 20
25 31
25 32
25 47
25 48
25 51
26 7
26 19
26 24
26 28
26 29
26 32
26 35
26 40
26 44
26 46
26 47
26 48
26 51
26 52
28 32
28 35
28 44
28 46
28 48
28 51
32 1
32 2
32 4
32 5
32 8
32 10
32 15
32 16
32 18
32 22
32 24
32 31
32 35
32 36
32 37
32 38
32 42
32 43
32 44
32 46
32 48
32 50
32 51
35 1
35 2
35 4
35 5
35 7
35 8
35 10
35 15
35 16
35 17
35 18
35 22
35 24
35 29
35 30
35 31
35 34
35 36
35 37
35 38
35 40
35 41
35 42
35 43
35 44
35 46
35 47
35 48
35 50
35 51
44 1
44 2
44 4
44 5
44 7
44 8
44 10
44 15
44 16
44 17
44 18
44 22
44 24
44 29
44 30
44 31
44 34
44 36
44 37
44 38
44 41
44 42
44 43
44 46
44 47
44 48
44 50
44 51
46 7
46 29
46 40
46 47
46 48
46 51
46 52
47 7
47 18
47 19
47 33
47 39
47 48
47 51
48 1
48 2
48 4
48 5
48 7
48 8
48 10
48 15
48 16
48 18
48 19
48 22
48 24
48 29
48 30
48 31
48 33
48 36
48 37
48 38
48 39
48 40
48 42
48 43
48 49
48 50
48 51
51 1
51 2
51 4
51 5
51 7
51 8
51 9
51 10
51 11
51 13
51 15
51 16
51 17
51 18
51 19
51 20
51 22
51 23
51 24
51 27
51 29
51 30
51 31
51 33
51 34
51 36
51 37
51 38
51 39
51 40
51 41
51 42
51 43
51 45
51 49
51 50
51 52
1 2
1 4
1 5
1 8
1 10
1 15
1 16
1 18
1 22
1 24
1 31
1 36
1 37
1 38
1 42
1 43
1 50
2 4
2 5
2 8
2 10
2 15
2 16
2 18
2 22
2 24
2 31
2 36
2 37
2 38
2 42
2 43
2 50
4 5
4 8
4 10
4 15
4 16
4 18
4 22
4 24
4 31
4 36
4 37
4 38
4 42
4 43
4 50
5 8
5 10
5 15
5 16
5 18
5 22
5 24
5 31
5 36
5 37
5 38
5 42
5 43
5 50
8 10
8 15
8 16
8 18
8 22
8 24
8 31
8 36
8 37
8 38
8 42
8 43
8 50
10 15
10 16
10 18
10 22
10 24
10 31
10 36
10 37
10 38
10 42
10 43
10 50
15 16
15 18
15 19
15 22
15 24
15 31
15 36
15 37
15 38
15 39
15 42
15 43
15 45
15 50
16 13
16 18
16 22
16 24
16 31
16 36
16 37
16 38
16 42
16 43
16 50
18 19
18 22
18 24
18 31
18 33
18 36
18 37
18 38
18 39
18 42
18 43
18 50
22 24
22 31
22 36
22 37
22 38
22 42
22 43
22 50
24 31
24 36
24 37
24 38
24 42
24 43
24 50
31 20
31 36
31 37
31 38
31 42
31 43
31 50
36 37
36 38
36 42
36 43
36 50
37 38
37 42
37 43
37 50
38 42
38 43
38 50
42 43
42 50
43 50
50 19
50 39
50 45
19 33
19 39
19 45
19 52
39 33
39 45
39 52
45 9
45 13
45 23
45 52
49 52
23 27
7 29
7 40
29 40
9 13
17 34
17 41
30 41
34 41
