0 2
0 17
0 20
0 22
0 30
0 32
0 35
0 36
0 38
0 40
0 41
0 43
0 56
0 58
0 60
0 66
0 71
0 74
0 82
2 17
2 20
2 38
2 40
2 61
2 66
2 74
2 81
17 20
17 22
17 30
17 32
17 38
17 40
17 56
17 58
17 66
17 74
20 22
20 30
20 32
20 35
20 37
20 38
20 40
20 55
20 56
20 61
20 66
20 71
20 82
22 1
22 21
22 35
22 36
22 37
22 40
22 43
22 55
22 58
22 60
22 66
22 71
22 79
22 82
30 32
30 38
30 40
30 56
30 66
32 38
32 40
32 56
32 66
35 34
35 36
35 40
35 55
35 66
35 71
35 79
35 80
35 82
36 25
36 31
36 34
36 40
36 43
36 55
38 21
38 40
38 56
38 61
38 66
38 75
40 1
40 3
40 4
40 5
40 6
40 7
40 8
40 9
40 10
40 11
40 12
40 13
40 14
40 15
40 16
40 18
40 19
40 21
40 23
40 24
40 25
40 26
40 27
40 28
40 29
40 31
40 33
40 34
40 37
40 39
40 41
40 42
40 43
40 44
40 45
40 46
40 47
40 48
40 49
40 50
40 51
40 52
40 53
40 54
40 55
40 56
40 57
40 58
40 59
40 60
40 61
40 62
40 63
40 64
40 65
40 66
40 67
40 68
40 69
40 70
40 71
40 72
40 73
40 74
40 75
40 76
40 77
40 78
40 79
40 80
40 81
40 82
41 12
41 48
41 66
41 75
43 3
43 12
43 25
43 33
43 45
43 53
43 58
43 59
43 60
43 61
43 62
43 63
43 66
43 71
43 79
43 81
56 66
58 60
58 63
58 66
58 76
60 45
60 59
60 66
66 12
66 15
66 18
66 27
66 33
66 42
66 48
66 71
66 74
66 75
66 76
66 78
66 81
66 82
71 7
71 33
71 37
71 39
71 46
71 55
71 72
71 73
71 74
71 81
71 82
74 15
74 81
82 1
82 21
82 23
82 33
82 37
82 55
82 69
82 76
82 79
82 80
1 21
1 37
21 37
21 61
21 75
37 55
37 79
61 33
61 42
61 63
61 64
81 11
81 16
81 27
81 33
81 50
81 52
81 54
81 65
81 68
3 33
3 53
3 59
3 62
3 63
33 4
33 5
33 6
33 8
33 9
33 10
33 12
33 13
33 14
33 18
33 19
33 23
33 25
33 26
33 27
33 28
33 29
33 31
33 34
33 42
33 45
33 47
33 53
33 57
33 59
33 62
33 63
33 64
33 67
33 69
33 70
33 73
33 76
33 77
33 78
33 79
53 59
53 62
53 63
59 47
59 62
59 63
62 63
63 27
63 76
4 5
4 9
4 14
4 19
4 29
4 31
4 34
4 57
4 77
5 9
5 14
5 19
5 29
5 31
5 34
5 57
5 77
9 6
9 14
9 19
9 29
9 31
9 34
9 57
9 77
14 19
14 29
14 31
14 34
14 57
14 77
19 29
19 31
19 34
19 57
19 77
29 31
29 34
29 57
29 77
31 34
31 57
31 77
34 8
34 45
34 57
34 77
34 79
57 77
6 13
6 23
6 26
6 45
6 69
13 23
13 45
13 69
23 27
23 45
23 69
26 8
26 45
26 52
26 73
26 79
45 8
45 51
45 69
45 79
69 27
7 39
7 46
7 72
39 46
39 72
46 72
8 10
8 27
8 28
8 47
8 64
8 67
8 70
8 76
8 78
8 79
10 27
10 28
10 64
10 67
10 70
10 76
10 78
27 28
27 64
27 67
27 70
27 76
27 78
28 64
28 67
28 70
28 76
28 78
64 67
64 70
64 76
64 78
67 70
67 76
67 78
70 15
70 44
70 51
70 65
70 76
70 78
76 78
79 12
11 16
11 50
11 52
11 54
11 65
11 68
16 50
16 52
16 54
16 68
50 52
50 54
50 68
52 54
52 68
54 68
65 15
65 24
65 44
65 49
65 51
12 48
12 75
48 75
15 44
15 51
44 51
18 42
55 80
24 49
