0 3
0 8
0 12
0 22
0 25
0 32
0 33
0 35
0 36
0 38
3 1
3 2
3 8
3 10
3 13
3 14
3 20
3 22
3 23
3 25
3 28
3 29
3 32
3 34
3 35
8 1
8 2
8 10
8 14
8 20
8 22
8 23
8 25
8 28
8 29
8 34
8 35
8 36
8 39
12 25
12 32
22 1
22 2
22 10
22 14
22 20
22 23
22 25
22 28
22 29
22 33
22 34
22 35
25 1
25 2
25 4
25 5
25 6
25 7
25 9
25 10
25 11
25 13
25 14
25 15
25 16
25 17
25 18
25 19
25 20
25 21
25 23
25 24
25 26
25 27
25 28
25 29
25 30
25 31
25 32
25 33
25 34
25 35
25 36
25 37
25 38
25 39
32 9
32 13
32 38
33 10
33 15
33 28
33 31
33 36
35 1
35 2
35 10
35 14
35 20
35 23
35 28
35 29
35 34
36 15
36 39
38 13
38 27
1 2
1 10
1 14
1 20
1 23
1 28
1 29
1 34
2 10
2 14
2 20
2 23
2 28
2 29
2 34
10 14
10 15
10 20
10 23
10 28
10 29
10 31
10 34
14 17
14 20
14 23
14 28
14 29
14 34
20 11
20 16
20 17
20 18
20 23
20 26
20 28
20 29
20 30
20 34
23 28
23 29
23 34
28 29
28 34
29 34
4 5
4 7
4 24
5 7
5 24
7 24
15 31
11 18
18 17
18 30
17 30
19 21
