0 13
0 19
0 22
0 23
0 36
13 19
13 22
13 23
13 36
19 1
19 2
19 3
19 4
19 5
19 6
19 7
19 8
19 9
19 10
19 11
19 12
19 14
19 15
19 16
19 17
19 18
19 20
19 21
19 22
19 23
19 24
19 25
19 26
19 27
19 28
19 29
19 30
19 31
19 32
19 33
19 34
19 35
19 36
19 37
19 38
19 39
19 40
19 41
19 42
19 43
19 44
19 45
22 23
22 36
23 36
1 2
1 4
1 8
1 18
1 27
1 32
1 35
1 39
1 40
1 42
2 4
2 8
2 18
2 27
2 32
2 35
2 39
2 40
2 42
4 8
4 18
4 27
4 32
4 35
4 39
4 40
4 42
8 5
8 12
8 15
8 16
8 18
8 27
8 32
8 35
8 39
8 40
8 42
18 3
18 5
18 6
18 7
18 9
18 10
18 12
18 16
18 20
18 27
18 30
18 31
18 32
18 35
18 38
18 39
18 40
18 42
18 43
18 44
27 12
27 15
27 32
27 35
27 39
27 40
27 42
32 5
32 6
32 7
32 12
32 15
32 16
32 30
32 35
32 38
32 39
32 40
32 42
35 5
35 6
35 7
35 12
35 15
35 16
35 25
35 26
35 30
35 38
35 39
35 40
35 42
39 12
39 15
39 40
39 42
40 5
40 6
40 7
40 12
40 15
40 16
40 30
40 38
40 42
3 9
3 10
3 20
3 31
3 43
3 44
9 10
9 20
9 24
9 31
9 43
9 44
10 20
10 31
10 43
10 44
20 31
20 43
20 44
31 43
31 44
43 44
5 6
5 7
5 16
5 30
5 38
6 7
6 16
6 30
6 38
7 16
7 30
7 38
16 30
16 38
30 38
12 15
24 28
24 29
24 34
24 41
24 45
11 17
11 37
17 37
14 33
25 26
28 29
28 34
28 41
28 45
29 34
29 41
29 45
34 41
34 45
41 45
