0 3
0 4
0 9
0 10
0 13
0 17
0 19
0 20
0 23
0 24
0 34
0 36
0 38
0 39
0 41
3 4
3 9
3 10
3 13
3 17
3 19
3 20
3 24
3 34
3 36
3 38
3 39
3 41
4 9
4 10
4 13
4 17
4 19
4 20
4 24
4 34
4 36
4 38
4 39
4 41
9 10
9 13
9 17
9 19
9 20
9 24
9 34
9 36
9 38
9 39
9 41
10 13
10 17
10 19
10 20
10 24
10 34
10 36
10 38
10 39
10 41
13 17
13 19
13 20
13 22
13 24
13 34
13 36
13 38
13 39
13 41
17 1
17 2
17 5
17 6
17 7
17 8
17 11
17 12
17 14
17 15
17 16
17 18
17 19
17 20
17 21
17 22
17 23
17 24
17 25
17 26
17 27
17 28
17 29
17 30
17 31
17 32
17 33
17 34
17 35
17 36
17 37
17 38
17 39
17 40
17 41
17 42
17 43
17 44
19 20
19 22
19 24
19 34
19 36
19 38
19 39
19 41
20 24
20 34
20 36
20 38
20 39
20 41
23 8
23 12
23 16
23 25
23 27
23 28
23 29
23 35
23 40
24 34
24 36
24 38
24 39
24 41
34 36
34 38
34 39
34 41
36 38
36 39
36 41
38 39
38 41
39 22
39 41
41 1
41 6
41 7
41 14
41 32
41 37
41 42
1 6
1 7
1 14
1 22
1 30
1 32
1 35
1 37
1 40
1 42
1 44
6 5
6 14
6 21
6 22
6 30
6 32
6 35
6 37
6 40
6 42
6 44
7 18
7 26
7 31
7 40
14 22
14 30
14 32
14 35
14 37
14 40
14 42
14 44
22 5
22 21
22 30
22 32
22 35
22 37
22 40
22 42
22 44
30 32
30 35
30 37
30 40
30 42
30 44
32 35
32 37
32 40
32 42
32 44
35 12
35 16
35 33
35 37
35 40
35 42
37 21
37 40
37 42
37 44
40 12
40 18
40 26
40 31
40 33
40 42
42 26
42 44
44 5
44 21
2 43
5 21
18 26
18 31
26 31
8 16
8 25
8 27
8 28
8 29
16 25
16 27
16 28
16 29
25 27
25 28
25 29
27 28
27 29
28 29
11 12
11 15
12 15
