0 6
0 14
0 15
0 21
0 23
0 33
0 41
0 46
0 51
6 14
6 15
6 21
6 23
6 33
6 41
6 46
6 51
14 15
14 21
14 23
14 25
14 32
14 33
14 41
14 46
14 51
15 4
15 21
15 23
15 25
15 30
15 33
15 38
15 41
15 44
15 46
15 51
21 7
21 19
21 23
21 25
21 32
21 33
21 41
21 43
21 44
21 46
21 51
23 25
23 32
23 33
23 41
23 46
23 51
33 4
33 7
33 19
33 25
33 26
33 32
33 39
33 41
33 43
33 44
33 46
33 51
41 1
41 2
41 3
41 4
41 5
41 7
41 8
41 9
41 10
41 11
41 12
41 13
41 16
41 17
41 18
41 19
41 20
41 22
41 24
41 25
41 26
41 27
41 28
41 29
41 30
41 31
41 32
41 34
41 35
41 36
41 37
41 38
41 39
41 40
41 42
41 43
41 44
41 45
41 46
41 47
41 48
41 49
41 50
41 51
46 25
46 32
46 51
51 1
51 3
51 4
51 5
51 7
51 8
51 9
51 12
51 16
51 19
51 20
51 22
51 24
51 25
51 26
51 27
51 30
51 32
51 34
51 36
51 37
51 43
51 47
51 49
51 50
1 2
1 5
1 8
1 9
1 11
1 12
1 16
1 25
1 26
1 27
1 28
1 29
1 30
1 34
1 37
1 38
1 39
1 43
1 45
1 48
2 8
2 11
2 26
2 28
2 29
2 30
2 37
2 38
2 39
2 43
2 45
2 48
5 8
5 9
5 12
5 16
5 26
5 27
5 34
5 37
8 9
8 11
8 12
8 16
8 25
8 26
8 27
8 28
8 29
8 30
8 34
8 37
8 38
8 39
8 43
8 45
8 48
9 12
9 16
9 26
9 27
9 30
9 34
9 37
9 45
11 26
11 28
11 29
11 30
11 37
11 38
11 39
11 43
11 45
11 48
12 16
12 26
12 27
12 30
12 34
12 37
12 43
16 26
16 27
16 34
16 37
25 7
25 19
25 26
25 32
25 43
25 44
26 27
26 28
26 29
26 30
26 32
26 34
26 37
26 38
26 39
26 43
26 45
26 48
27 34
27 37
28 29
28 30
28 37
28 38
28 39
28 43
28 45
28 48
29 30
29 37
29 38
29 39
29 43
29 45
29 48
30 3
30 13
30 17
30 18
30 20
30 31
30 37
30 38
30 39
30 43
30 44
30 45
30 47
30 48
34 37
37 38
37 39
37 43
37 45
37 48
38 39
38 43
38 44
38 45
38 48
39 32
39 43
39 45
39 48
43 3
43 4
43 7
43 19
43 32
43 36
43 45
43 48
45 48
3 36
4 7
4 19
7 19
7 32
19 10
19 22
19 24
19 32
19 35
19 40
19 42
19 49
19 50
32 44
10 35
10 40
35 40
13 17
13 18
17 18
22 24
22 49
24 49
20 47
