0 6
0 12
0 16
0 21
0 22
0 29
0 32
0 34
0 35
0 36
0 40
0 42
0 43
6 2
6 9
6 11
6 12
6 14
6 16
6 17
6 21
6 22
6 26
6 27
6 28
6 29
6 32
6 34
6 35
6 36
6 40
6 42
6 43
12 2
12 9
12 16
12 20
12 21
12 22
12 24
12 25
12 26
12 28
12 29
12 32
12 34
12 35
12 36
12 38
12 40
12 42
12 43
16 2
16 9
16 21
16 22
16 26
16 28
16 29
16 32
16 34
16 35
16 36
16 40
16 42
16 43
21 2
21 9
21 10
21 11
21 14
21 17
21 20
21 22
21 24
21 26
21 28
21 29
21 31
21 32
21 33
21 34
21 35
21 36
21 38
21 40
21 41
21 42
21 43
21 44
21 45
22 1
22 2
22 3
22 4
22 5
22 7
22 8
22 9
22 10
22 11
22 13
22 14
22 15
22 17
22 18
22 19
22 20
22 23
22 24
22 25
22 26
22 27
22 28
22 29
22 30
22 31
22 32
22 33
22 34
22 35
22 36
22 37
22 38
22 39
22 40
22 41
22 42
22 43
22 44
22 45
29 32
29 34
29 36
29 40
29 42
29 43
32 1
32 2
32 3
32 4
32 5
32 7
32 8
32 9
32 10
32 11
32 13
32 14
32 15
32 17
32 18
32 19
32 20
32 23
32 24
32 25
32 26
32 27
32 28
32 30
32 31
32 33
32 34
32 35
32 36
32 37
32 38
32 39
32 40
32 41
32 42
32 43
32 44
32 45
34 14
34 17
34 24
34 27
34 33
34 36
34 38
34 40
34 42
34 43
35 40
35 43
36 40
36 42
36 43
40 2
40 9
40 11
40 26
40 28
40 42
40 43
42 43
43 2
43 9
43 11
43 14
43 24
43 26
43 28
1 3
1 4
1 5
1 7
1 11
1 18
1 19
1 23
1 37
1 39
3 4
3 5
3 7
3 11
3 18
3 19
3 23
3 37
3 39
4 5
4 7
4 11
4 18
4 19
4 23
4 24
4 37
4 39
5 7
5 11
5 18
5 19
5 23
5 37
5 39
7 11
7 18
7 19
7 23
7 24
7 37
7 39
11 9
11 10
11 15
11 17
11 18
11 19
11 20
11 23
11 31
11 33
11 37
11 38
11 39
11 41
11 44
11 45
18 19
18 23
18 37
18 39
19 23
19 37
19 39
23 37
23 39
37 24
37 39
2 9
9 17
24 14
24 17
24 33
14 17
14 27
14 33
17 27
26 28
28 33
28 38
8 30
30 13
30 25
10 20
10 31
10 33
10 38
10 44
10 45
20 31
20 33
20 38
20 44
20 45
31 33
31 38
31 44
33 38
33 44
33 45
38 44
38 45
45 41
15 13
15 41
41 13
