0 2
0 11
2 11
2 12
2 20
2 22
2 25
2 41
11 1
11 3
11 4
11 5
11 6
11 7
11 8
11 9
11 10
11 12
11 13
11 14
11 15
11 16
11 17
11 18
11 19
11 20
11 21
11 22
11 23
11 24
11 25
11 26
11 27
11 28
11 29
11 30
11 31
11 32
11 33
11 34
11 35
11 36
11 37
11 38
11 39
11 40
11 41
11 42
1 7
1 13
1 29
1 30
1 33
7 12
7 17
7 20
7 24
7 29
7 30
7 40
13 29
13 41
29 3
29 4
29 5
29 8
29 16
29 17
29 18
29 19
29 20
29 21
29 22
29 26
29 27
29 30
29 31
29 35
29 36
29 39
29 41
29 42
30 8
30 18
33 12
33 31
33 35
33 42
12 8
12 17
12 18
12 20
12 22
12 23
12 24
12 25
12 31
12 35
12 40
12 41
12 42
20 14
20 17
20 18
20 22
20 25
20 28
20 38
20 41
22 4
22 18
22 19
22 21
22 25
22 41
25 18
25 21
25 41
41 6
41 8
41 14
41 18
41 28
41 32
41 38
3 5
3 16
3 26
3 35
3 36
3 39
3 42
5 16
5 26
5 35
5 36
5 39
5 42
16 26
16 35
16 36
16 39
16 42
26 35
26 36
26 39
26 42
35 31
35 36
35 39
35 42
36 39
36 42
39 42
42 31
4 18
4 19
4 21
18 8
18 9
18 14
18 15
18 17
18 19
18 21
18 28
18 31
18 38
19 21
21 8
21 9
21 15
21 17
21 23
21 31
6 8
6 14
6 28
6 32
6 38
8 9
8 14
8 27
8 28
14 28
14 38
28 38
24 40
10 23
10 34
10 37
23 34
23 37
34 37
