0 2
0 5
0 16
0 28
0 29
2 5
2 16
2 19
2 27
2 28
2 29
5 16
5 19
5 27
5 28
5 29
16 1
16 19
16 20
16 29
16 30
16 33
28 29
29 1
29 3
29 4
29 6
29 7
29 8
29 9
29 10
29 11
29 12
29 13
29 14
29 15
29 17
29 18
29 19
29 20
29 21
29 22
29 23
29 24
29 25
29 26
29 27
29 30
29 31
29 32
29 33
29 34
29 35
29 36
29 37
29 38
1 15
1 19
1 30
15 13
15 23
15 25
15 33
15 37
27 3
27 4
27 10
27 11
27 24
27 37
3 4
3 10
3 11
3 24
4 10
4 11
4 24
10 11
10 24
11 24
6 12
6 14
6 26
6 32
6 36
6 38
12 8
12 14
12 26
12 32
12 36
12 38
14 26
14 32
14 36
14 38
26 13
26 21
26 23
26 31
26 32
26 33
26 36
26 37
26 38
32 8
32 21
32 23
32 33
32 36
32 37
32 38
36 38
38 8
7 9
7 22
9 22
13 23
13 31
13 33
13 37
23 21
23 25
23 31
23 33
23 37
33 20
33 21
33 25
33 37
37 21
37 25
25 21
17 18
17 34
17 35
18 34
