0 2
0 3
0 5
0 7
0 8
0 12
0 14
0 15
0 17
0 18
0 21
0 23
0 24
0 25
0 28
0 29
0 30
0 37
0 38
0 39
2 3
2 5
2 7
2 12
2 14
2 15
2 16
2 17
2 18
2 21
2 23
2 24
2 28
2 29
2 30
2 38
2 39
3 5
3 7
3 8
3 12
3 14
3 15
3 17
3 18
3 21
3 23
3 24
3 25
3 28
3 29
3 30
3 33
3 37
3 38
3 39
5 6
5 7
5 8
5 12
5 13
5 14
5 15
5 16
5 17
5 18
5 21
5 23
5 24
5 25
5 28
5 29
5 30
5 33
5 37
5 38
5 39
7 6
7 8
7 10
7 12
7 13
7 14
7 15
7 16
7 17
7 18
7 21
7 23
7 24
7 25
7 28
7 29
7 30
7 31
7 33
7 34
7 37
7 38
7 39
8 1
8 6
8 9
8 11
8 12
8 13
8 14
8 15
8 17
8 21
8 25
8 33
8 37
8 39
12 1
12 4
12 6
12 9
12 10
12 11
12 13
12 14
12 15
12 16
12 17
12 18
12 19
12 20
12 21
12 22
12 23
12 24
12 25
12 26
12 27
12 28
12 29
12 30
12 31
12 32
12 33
12 34
12 35
12 36
12 37
12 38
12 39
14 4
14 6
14 13
14 15
14 16
14 17
14 18
14 19
14 20
14 21
14 22
14 23
14 24
14 25
14 27
14 28
14 29
14 30
14 31
14 32
14 33
14 34
14 35
14 38
14 39
15 1
15 6
15 9
15 11
15 13
15 16
15 17
15 18
15 19
15 21
15 23
15 24
15 25
15 28
15 29
15 30
15 33
15 37
15 38
15 39
17 1
17 6
17 9
17 11
17 13
17 18
17 19
17 21
17 23
17 24
17 25
17 28
17 29
17 30
17 33
17 37
17 38
17 39
18 16
18 21
18 23
18 24
18 28
18 29
18 30
18 38
18 39
21 6
21 9
21 13
21 19
21 23
21 24
21 25
21 28
21 29
21 30
21 33
21 38
21 39
23 16
23 24
23 25
23 28
23 29
23 30
23 38
23 39
24 16
24 28
24 29
24 30
24 38
24 39
25 6
25 13
25 30
25 33
25 37
25 39
28 29
28 30
28 33
28 38
28 39
29 30
29 38
29 39
30 4
30 16
30 19
30 20
30 22
30 27
30 31
30 32
30 34
30 35
30 38
30 39
37 1
37 6
37 9
37 11
37 13
37 19
37 33
37 39
38 39
39 1
39 6
39 9
39 11
39 13
39 16
39 19
39 33
1 6
1 9
1 11
1 13
1 33
6 9
6 11
6 13
6 33
9 11
9 13
9 33
11 13
11 33
13 33
4 20
4 22
4 27
4 31
4 32
4 34
4 35
20 22
20 27
20 31
20 32
20 34
20 35
22 27
22 32
27 32
31 32
31 34
31 35
32 34
34 35
10 19
26 36
