0 9
0 12
0 38
0 48
0 49
0 52
0 54
0 60
0 61
9 1
9 3
9 4
9 13
9 19
9 21
9 32
9 33
9 40
9 41
9 44
9 46
9 48
9 49
9 50
9 54
9 59
9 60
9 61
12 5
12 14
12 21
12 23
12 25
12 26
12 36
12 38
12 43
12 45
12 48
12 49
12 52
12 60
12 61
12 64
12 65
38 5
38 21
38 23
38 25
38 48
38 49
38 52
38 60
38 61
38 65
48 1
48 2
48 3
48 5
48 6
48 7
48 10
48 11
48 13
48 14
48 15
48 16
48 17
48 18
48 19
48 23
48 25
48 26
48 27
48 28
48 29
48 31
48 32
48 33
48 35
48 36
48 39
48 40
48 41
48 43
48 44
48 45
48 46
48 47
48 49
48 50
48 52
48 54
48 58
48 59
48 60
48 61
48 64
48 65
48 66
49 1
49 3
49 5
49 8
49 11
49 13
49 15
49 16
49 17
49 19
49 25
49 28
49 32
49 33
49 37
49 46
49 51
49 52
49 57
49 59
49 60
49 65
52 11
52 15
52 17
52 28
52 60
54 4
54 21
54 40
54 60
54 61
60 1
60 2
60 3
60 4
60 5
60 6
60 7
60 8
60 10
60 11
60 13
60 14
60 15
60 16
60 17
60 18
60 19
60 20
60 21
60 22
60 23
60 24
60 25
60 26
60 27
60 28
60 29
60 30
60 31
60 32
60 33
60 34
60 35
60 36
60 37
60 39
60 40
60 41
60 42
60 43
60 44
60 45
60 46
60 47
60 50
60 51
60 53
60 55
60 56
60 57
60 58
60 59
60 61
60 62
60 63
60 64
60 65
60 66
60 67
61 5
61 21
61 23
61 47
61 50
61 64
1 3
1 13
1 19
1 32
1 33
1 46
1 59
3 6
3 10
3 13
3 14
3 19
3 29
3 32
3 33
3 35
3 39
3 41
3 44
3 46
3 47
3 50
3 59
13 16
13 19
13 22
13 32
13 33
13 46
13 47
13 50
13 57
13 59
19 8
19 16
19 22
19 32
19 33
19 37
19 46
19 51
19 57
19 59
32 6
32 10
32 14
32 29
32 33
32 35
32 39
32 41
32 44
32 46
32 47
32 50
32 59
33 22
33 46
33 57
33 59
46 37
46 51
46 57
46 59
59 6
59 10
59 14
59 29
59 35
59 39
59 41
59 44
59 47
59 50
2 7
2 15
2 18
2 27
2 31
2 58
2 66
7 11
7 15
7 17
7 18
7 24
7 27
7 30
7 31
7 34
7 58
7 66
15 11
15 17
15 18
15 27
15 28
15 31
15 58
15 66
18 11
18 27
18 31
18 58
18 66
27 31
27 58
27 66
31 11
31 17
31 58
31 66
58 11
58 66
6 10
6 14
6 29
6 35
6 39
6 41
6 44
6 47
6 50
10 14
10 29
10 35
10 39
10 41
10 44
10 47
10 50
14 29
14 35
14 36
14 39
14 41
14 43
14 44
14 47
14 50
29 35
29 39
29 41
29 44
29 47
29 50
35 39
35 41
35 44
35 47
35 50
39 41
39 44
39 47
39 50
41 44
41 47
41 50
44 47
44 50
47 22
47 50
47 57
50 22
50 23
50 57
4 20
4 21
20 21
21 5
21 23
5 23
5 25
5 65
23 64
25 65
11 17
11 24
11 28
11 30
11 34
17 28
24 30
24 34
30 34
8 37
8 51
8 57
37 51
37 57
51 57
28 42
28 53
28 55
28 56
28 62
28 67
26 36
26 43
26 45
36 43
36 45
43 45
22 63
42 53
42 55
42 56
42 62
42 67
53 55
53 56
53 62
53 67
55 56
55 62
55 67
56 62
56 67
62 67
