0 13
0 15
0 16
0 18
0 27
0 28
0 29
0 38
0 41
0 45
0 51
0 54
0 57
0 64
0 69
0 78
0 83
0 85
0 87
0 89
0 93
0 100
0 103
0 104
0 107
0 110
0 112
0 114
0 121
0 127
0 130
13 2
13 6
13 7
13 10
13 11
13 15
13 16
13 18
13 19
13 20
13 26
13 27
13 28
13 29
13 32
13 34
13 38
13 39
13 40
13 41
13 42
13 43
13 44
13 45
13 49
13 51
13 52
13 54
13 55
13 57
13 59
13 64
13 67
13 69
13 71
13 72
13 74
13 78
13 79
13 81
13 82
13 83
13 85
13 86
13 87
13 88
13 89
13 90
13 91
13 93
13 95
13 98
13 99
13 100
13 103
13 104
13 106
13 107
13 109
13 110
13 112
13 113
13 114
13 116
13 117
13 119
13 121
13 123
13 124
13 125
13 126
13 127
13 130
13 131
15 16
15 18
15 27
15 28
15 29
15 38
15 41
15 45
15 51
15 54
15 57
15 64
15 69
15 78
15 83
15 85
15 87
15 93
15 100
15 104
15 107
15 110
15 112
15 114
15 121
15 127
15 130
16 2
16 18
16 19
16 20
16 27
16 28
16 29
16 38
16 39
16 41
16 45
16 46
16 49
16 51
16 53
16 54
16 56
16 57
16 64
16 68
16 69
16 70
16 78
16 81
16 83
16 85
16 87
16 93
16 100
16 102
16 104
16 107
16 110
16 112
16 114
16 116
16 119
16 121
16 127
16 130
18 27
18 28
18 29
18 38
18 41
18 45
18 51
18 54
18 57
18 64
18 69
18 78
18 83
18 85
18 87
18 93
18 100
18 104
18 107
18 110
18 112
18 114
18 121
18 127
18 130
27 2
27 7
27 10
27 11
27 19
27 20
27 26
27 28
27 29
27 32
27 34
27 38
27 39
27 40
27 41
27 42
27 43
27 44
27 45
27 47
27 49
27 51
27 52
27 54
27 55
27 57
27 59
27 64
27 67
27 69
27 71
27 72
27 74
27 78
27 79
27 81
27 82
27 83
27 85
27 86
27 87
27 88
27 89
27 90
27 91
27 93
27 95
27 98
27 99
27 100
27 103
27 104
27 106
27 107
27 109
27 110
27 111
27 112
27 113
27 114
27 116
27 117
27 119
27 121
27 123
27 124
27 125
27 126
27 127
27 130
27 131
28 2
28 7
28 10
28 11
28 19
28 20
28 26
28 29
28 32
28 34
28 38
28 39
28 40
28 41
28 42
28 43
28 44
28 45
28 46
28 49
28 51
28 52
28 54
28 55
28 57
28 59
28 64
28 67
28 68
28 69
28 71
28 72
28 74
28 78
28 79
28 81
28 82
28 83
28 85
28 86
28 87
28 88
28 89
28 90
28 91
28 93
28 95
28 98
28 99
28 100
28 103
28 104
28 106
28 107
28 109
28 110
28 112
28 113
28 114
28 116
28 117
28 119
28 121
28 123
28 124
28 125
28 126
28 127
28 130
28 131
29 38
29 39
29 41
29 45
29 51
29 53
29 54
29 57
29 64
29 69
29 70
29 78
29 83
29 85
29 87
29 93
29 100
29 104
29 107
29 110
29 112
29 114
29 121
29 127
29 130
38 2
38 6
38 7
38 10
38 11
38 19
38 20
38 26
38 32
38 34
38 39
38 40
38 41
38 42
38 43
38 44
38 45
38 49
38 51
38 52
38 54
38 55
38 57
38 59
38 64
38 67
38 69
38 71
38 72
38 74
38 78
38 79
38 81
38 82
38 83
38 85
38 86
38 87
38 88
38 89
38 90
38 91
38 93
38 95
38 98
38 99
38 100
38 103
38 104
38 106
38 107
38 109
38 110
38 112
38 113
38 114
38 116
38 117
38 119
38 121
38 123
38 124
38 125
38 126
38 127
38 130
38 131
41 2
41 19
41 34
41 45
41 46
41 49
41 51
41 54
41 57
41 64
41 68
41 69
41 78
41 81
41 83
41 85
41 87
41 89
41 93
41 100
41 101
41 104
41 107
41 110
41 112
41 114
41 116
41 117
41 119
41 121
41 123
41 127
41 130
45 2
45 7
45 10
45 11
45 19
45 20
45 26
45 32
45 34
45 39
45 40
45 42
45 43
45 44
45 49
45 51
45 52
45 54
45 55
45 57
45 59
45 64
45 67
45 69
45 71
45 72
45 74
45 78
45 79
45 81
45 82
45 83
45 85
45 86
45 87
45 88
45 89
45 90
45 91
45 93
45 95
45 98
45 99
45 100
45 103
45 104
45 106
45 107
45 109
45 110
45 112
45 113
45 114
45 116
45 117
45 119
45 121
45 123
45 124
45 125
45 126
45 127
45 130
45 131
51 1
51 2
51 3
51 4
51 5
51 6
51 7
51 8
51 9
51 10
51 11
51 12
51 14
51 17
51 19
51 20
51 21
51 22
51 23
51 24
51 25
51 26
51 30
51 31
51 32
51 33
51 34
51 35
51 36
51 37
51 39
51 40
51 42
51 43
51 44
51 46
51 47
51 48
51 49
51 50
51 52
51 53
51 54
51 55
51 56
51 57
51 58
51 59
51 60
51 61
51 62
51 63
51 64
51 65
51 66
51 67
51 68
51 69
51 70
51 71
51 72
51 73
51 74
51 75
51 76
51 77
51 78
51 79
51 80
51 81
51 82
51 83
51 84
51 85
51 86
51 87
51 88
51 89
51 90
51 91
51 92
51 93
51 94
51 95
51 96
51 97
51 98
51 99
51 100
51 101
51 102
51 103
51 104
51 105
51 106
51 107
51 108
51 109
51 110
51 111
51 112
51 113
51 114
51 115
51 116
51 117
51 118
51 119
51 120
51 121
51 122
51 123
51 124
51 125
51 126
51 127
51 128
51 129
51 130
51 131
54 2
54 7
54 10
54 11
54 19
54 20
54 21
54 25
54 26
54 32
54 34
54 37
54 39
54 40
54 42
54 43
54 44
54 49
54 50
54 52
54 53
54 55
54 57
54 59
54 62
54 64
54 67
54 68
54 69
54 71
54 72
54 74
54 78
54 79
54 81
54 82
54 83
54 85
54 86
54 87
54 88
54 89
54 90
54 91
54 93
54 95
54 98
54 99
54 100
54 101
54 103
54 104
54 106
54 107
54 109
54 110
54 111
54 112
54 113
54 114
54 116
54 117
54 119
54 120
54 121
54 123
54 124
54 125
54 126
54 127
54 130
54 131
57 2
57 7
57 10
57 11
57 19
57 20
57 26
57 32
57 34
57 39
57 40
57 42
57 43
57 44
57 49
57 52
57 55
57 59
57 64
57 65
57 67
57 69
57 71
57 72
57 74
57 78
57 79
57 81
57 82
57 83
57 85
57 86
57 87
57 88
57 89
57 90
57 91
57 93
57 95
57 98
57 99
57 100
57 103
57 104
57 106
57 107
57 109
57 110
57 112
57 113
57 114
57 116
57 117
57 119
57 121
57 123
57 124
57 125
57 126
57 127
57 130
57 131
64 2
64 7
64 10
64 11
64 19
64 20
64 26
64 32
64 34
64 39
64 40
64 42
64 43
64 44
64 49
64 52
64 55
64 59
64 67
64 69
64 71
64 72
64 74
64 78
64 79
64 81
64 82
64 83
64 85
64 86
64 87
64 88
64 89
64 90
64 91
64 93
64 95
64 98
64 99
64 100
64 103
64 104
64 106
64 107
64 109
64 110
64 112
64 113
64 114
64 116
64 117
64 119
64 121
64 123
64 124
64 125
64 126
64 127
64 130
64 131
69 2
69 7
69 10
69 11
69 19
69 20
69 21
69 25
69 26
69 32
69 34
69 35
69 37
69 39
69 40
69 42
69 43
69 44
69 49
69 50
69 52
69 53
69 55
69 56
69 59
69 62
69 67
69 68
69 70
69 71
69 72
69 73
69 74
69 78
69 79
69 81
69 82
69 83
69 85
69 86
69 87
69 88
69 89
69 90
69 91
69 93
69 95
69 98
69 99
69 100
69 101
69 102
69 103
69 104
69 106
69 107
69 109
69 110
69 111
69 112
69 113
69 114
69 116
69 117
69 119
69 120
69 121
69 123
69 124
69 125
69 126
69 127
69 130
69 131
78 2
78 7
78 10
78 11
78 19
78 20
78 26
78 32
78 34
78 39
78 40
78 42
78 43
78 44
78 49
78 52
78 55
78 59
78 67
78 68
78 71
78 72
78 74
78 79
78 81
78 82
78 83
78 85
78 86
78 87
78 88
78 89
78 90
78 91
78 93
78 95
78 98
78 99
78 100
78 103
78 104
78 106
78 107
78 109
78 110
78 112
78 113
78 114
78 116
78 117
78 119
78 121
78 123
78 124
78 125
78 126
78 127
78 130
78 131
83 1
83 2
83 3
83 4
83 5
83 6
83 7
83 8
83 10
83 11
83 12
83 14
83 17
83 19
83 20
83 21
83 22
83 23
83 24
83 25
83 26
83 30
83 31
83 32
83 34
83 35
83 37
83 39
83 40
83 42
83 43
83 44
83 46
83 47
83 48
83 49
83 50
83 52
83 53
83 55
83 56
83 58
83 59
83 60
83 61
83 62
83 67
83 68
83 70
83 71
83 72
83 73
83 74
83 75
83 76
83 79
83 81
83 82
83 84
83 85
83 86
83 87
83 88
83 89
83 90
83 91
83 92
83 93
83 94
83 95
83 98
83 99
83 100
83 101
83 102
83 103
83 104
83 106
83 107
83 108
83 109
83 110
83 111
83 112
83 113
83 114
83 115
83 116
83 117
83 119
83 120
83 121
83 123
83 124
83 125
83 126
83 127
83 128
83 129
83 130
83 131
85 2
85 7
85 10
85 11
85 19
85 20
85 26
85 32
85 34
85 39
85 40
85 42
85 43
85 44
85 47
85 49
85 52
85 55
85 56
85 59
85 67
85 71
85 72
85 73
85 74
85 79
85 81
85 82
85 86
85 87
85 88
85 89
85 90
85 91
85 93
85 95
85 98
85 99
85 100
85 102
85 103
85 104
85 106
85 107
85 108
85 109
85 110
85 111
85 112
85 113
85 114
85 116
85 117
85 119
85 121
85 123
85 124
85 125
85 126
85 127
85 130
85 131
87 2
87 19
87 53
87 74
87 81
87 93
87 100
87 101
87 104
87 107
87 110
87 112
87 114
87 121
87 127
87 130
89 2
89 7
89 10
89 11
89 19
89 20
89 26
89 32
89 34
89 39
89 40
89 42
89 43
89 44
89 49
89 52
89 55
89 59
89 67
89 71
89 72
89 74
89 79
89 81
89 82
89 86
89 88
89 90
89 91
89 93
89 95
89 98
89 99
89 103
89 104
89 106
89 107
89 109
89 113
89 114
89 116
89 117
89 119
89 123
89 124
89 125
89 126
89 127
89 130
89 131
93 2
93 7
93 10
93 11
93 19
93 20
93 26
93 32
93 34
93 39
93 40
93 42
93 43
93 44
93 49
93 52
93 55
93 59
93 67
93 71
93 72
93 74
93 79
93 81
93 82
93 86
93 88
93 90
93 91
93 95
93 98
93 99
93 100
93 103
93 104
93 106
93 107
93 109
93 110
93 112
93 113
93 114
93 116
93 117
93 119
93 121
93 123
93 124
93 125
93 126
93 127
93 130
93 131
100 104
100 107
100 110
100 112
100 114
100 121
100 127
100 130
103 2
103 7
103 10
103 11
103 19
103 20
103 26
103 32
103 34
103 39
103 40
103 42
103 43
103 44
103 49
103 52
103 55
103 59
103 67
103 71
103 72
103 74
103 79
103 81
103 82
103 86
103 88
103 90
103 91
103 95
103 98
103 99
103 104
103 106
103 107
103 109
103 112
103 113
103 114
103 116
103 117
103 119
103 123
103 124
103 125
103 126
103 127
103 130
103 131
104 2
104 6
104 7
104 10
104 11
104 19
104 20
104 23
104 26
104 32
104 34
104 39
104 40
104 42
104 43
104 44
104 49
104 52
104 55
104 59
104 67
104 71
104 72
104 74
104 79
104 81
104 82
104 84
104 86
104 88
104 90
104 91
104 94
104 95
104 98
104 99
104 106
104 107
104 109
104 110
104 112
104 113
104 114
104 116
104 117
104 119
104 121
104 123
104 124
104 125
104 126
104 127
104 130
104 131
107 2
107 7
107 10
107 11
107 19
107 20
107 26
107 32
107 34
107 39
107 40
107 42
107 43
107 44
107 49
107 52
107 55
107 59
107 67
107 68
107 71
107 72
107 74
107 79
107 81
107 82
107 86
107 88
107 90
107 91
107 95
107 98
107 99
107 101
107 106
107 109
107 110
107 112
107 113
107 114
107 116
107 117
107 119
107 121
107 123
107 124
107 125
107 126
107 127
107 130
107 131
110 2
110 3
110 7
110 11
110 19
110 21
110 25
110 34
110 35
110 37
110 39
110 40
110 43
110 46
110 49
110 50
110 53
110 56
110 62
110 68
110 70
110 73
110 74
110 81
110 92
110 101
110 102
110 111
110 112
110 114
110 116
110 119
110 120
110 121
110 124
110 127
110 130
110 131
112 7
112 11
112 20
112 21
112 25
112 34
112 37
112 40
112 42
112 43
112 49
112 50
112 53
112 62
112 68
112 81
112 86
112 91
112 94
112 101
112 106
112 111
112 114
112 117
112 119
112 120
112 121
112 123
112 124
112 125
112 127
112 130
112 131
114 1
114 2
114 7
114 10
114 11
114 19
114 20
114 26
114 32
114 34
114 39
114 40
114 42
114 43
114 44
114 49
114 52
114 55
114 59
114 67
114 71
114 72
114 74
114 79
114 81
114 82
114 86
114 88
114 90
114 91
114 95
114 98
114 99
114 106
114 109
114 113
114 116
114 117
114 119
114 121
114 123
114 124
114 125
114 126
114 127
114 130
114 131
121 2
121 3
121 7
121 11
121 19
121 21
121 25
121 34
121 35
121 37
121 39
121 40
121 43
121 46
121 49
121 50
121 53
121 56
121 62
121 68
121 70
121 73
121 74
121 81
121 92
121 101
121 102
121 111
121 116
121 119
121 120
121 124
121 127
121 130
121 131
127 2
127 7
127 10
127 11
127 19
127 20
127 26
127 32
127 34
127 39
127 40
127 42
127 43
127 44
127 49
127 52
127 55
127 59
127 67
127 71
127 72
127 74
127 79
127 81
127 82
127 86
127 88
127 90
127 91
127 95
127 98
127 99
127 106
127 108
127 109
127 111
127 113
127 116
127 117
127 118
127 119
127 123
127 124
127 125
127 126
127 130
127 131
130 2
130 7
130 10
130 11
130 19
130 20
130 21
130 25
130 26
130 32
130 34
130 37
130 39
130 40
130 42
130 43
130 44
130 49
130 50
130 52
130 53
130 55
130 59
130 62
130 67
130 68
130 70
130 71
130 72
130 74
130 79
130 81
130 82
130 86
130 88
130 90
130 91
130 95
130 98
130 99
130 101
130 106
130 109
130 111
130 113
130 116
130 117
130 119
130 120
130 123
130 124
130 125
130 126
130 131
1 3
1 4
1 5
1 6
1 8
1 12
1 14
1 17
1 21
1 22
1 23
1 24
1 25
1 30
1 31
1 32
1 35
1 37
1 39
1 43
1 46
1 48
1 50
1 53
1 58
1 60
1 61
1 62
1 68
1 70
1 75
1 76
1 81
1 84
1 92
1 94
1 101
1 102
1 115
1 120
1 128
1 129
3 4
3 5
3 6
3 8
3 11
3 12
3 14
3 17
3 21
3 22
3 23
3 24
3 25
3 30
3 31
3 35
3 37
3 39
3 43
3 46
3 48
3 50
3 53
3 58
3 60
3 61
3 62
3 68
3 70
3 75
3 76
3 81
3 84
3 92
3 94
3 101
3 102
3 115
3 120
3 128
3 129
3 131
4 5
4 6
4 8
4 12
4 14
4 17
4 21
4 22
4 23
4 24
4 25
4 30
4 31
4 35
4 37
4 39
4 43
4 46
4 48
4 50
4 53
4 58
4 60
4 61
4 62
4 68
4 70
4 75
4 76
4 81
4 84
4 92
4 94
4 101
4 102
4 115
4 120
4 128
4 129
5 6
5 8
5 12
5 14
5 17
5 21
5 22
5 23
5 24
5 25
5 30
5 31
5 35
5 37
5 39
5 43
5 46
5 48
5 50
5 53
5 58
5 60
5 61
5 62
5 68
5 70
5 75
5 76
5 81
5 84
5 92
5 94
5 101
5 102
5 115
5 120
5 128
5 129
6 8
6 12
6 14
6 17
6 19
6 21
6 22
6 23
6 24
6 25
6 30
6 31
6 35
6 37
6 39
6 43
6 46
6 48
6 49
6 50
6 53
6 58
6 60
6 61
6 62
6 68
6 70
6 75
6 76
6 81
6 84
6 92
6 94
6 101
6 102
6 111
6 115
6 120
6 128
6 129
8 12
8 14
8 17
8 21
8 22
8 23
8 24
8 25
8 30
8 31
8 35
8 37
8 39
8 43
8 46
8 48
8 50
8 53
8 58
8 60
8 61
8 62
8 68
8 70
8 75
8 76
8 81
8 84
8 92
8 94
8 101
8 102
8 115
8 120
8 128
8 129
12 14
12 17
12 19
12 21
12 22
12 23
12 24
12 25
12 30
12 31
12 35
12 37
12 39
12 43
12 46
12 48
12 50
12 53
12 58
12 60
12 61
12 62
12 68
12 70
12 75
12 76
12 81
12 82
12 84
12 92
12 94
12 101
12 102
12 115
12 117
12 120
12 128
12 129
14 17
14 21
14 22
14 23
14 24
14 25
14 30
14 31
14 35
14 37
14 39
14 43
14 46
14 48
14 50
14 53
14 58
14 60
14 61
14 62
14 68
14 70
14 75
14 76
14 81
14 84
14 92
14 94
14 101
14 102
14 115
14 120
14 128
14 129
17 21
17 22
17 23
17 24
17 25
17 30
17 31
17 35
17 37
17 39
17 43
17 46
17 48
17 50
17 53
17 58
17 60
17 61
17 62
17 68
17 70
17 75
17 76
17 81
17 84
17 92
17 94
17 101
17 102
17 115
17 120
17 128
17 129
21 11
21 22
21 23
21 24
21 25
21 30
21 31
21 34
21 35
21 37
21 39
21 43
21 46
21 48
21 50
21 53
21 58
21 60
21 61
21 62
21 68
21 70
21 75
21 76
21 81
21 84
21 92
21 94
21 101
21 102
21 111
21 115
21 120
21 123
21 124
21 128
21 129
21 131
22 23
22 24
22 25
22 30
22 31
22 35
22 37
22 39
22 43
22 46
22 48
22 50
22 53
22 58
22 60
22 61
22 62
22 68
22 70
22 75
22 76
22 81
22 84
22 92
22 94
22 101
22 102
22 115
22 120
22 128
22 129
23 24
23 25
23 30
23 31
23 35
23 37
23 39
23 43
23 46
23 48
23 49
23 50
23 53
23 58
23 60
23 61
23 62
23 68
23 70
23 75
23 76
23 81
23 84
23 92
23 94
23 101
23 102
23 115
23 120
23 128
23 129
24 25
24 30
24 31
24 35
24 37
24 39
24 43
24 46
24 48
24 50
24 53
24 58
24 60
24 61
24 62
24 68
24 70
24 75
24 76
24 81
24 84
24 92
24 94
24 101
24 102
24 115
24 120
24 128
24 129
24 131
25 11
25 30
25 31
25 34
25 35
25 37
25 39
25 43
25 46
25 48
25 50
25 53
25 58
25 60
25 61
25 62
25 68
25 70
25 75
25 76
25 81
25 84
25 92
25 94
25 101
25 102
25 111
25 115
25 120
25 124
25 128
25 129
25 131
30 31
30 35
30 37
30 39
30 43
30 46
30 48
30 50
30 53
30 58
30 60
30 61
30 62
30 68
30 70
30 75
30 76
30 81
30 84
30 92
30 94
30 101
30 102
30 115
30 120
30 128
30 129
31 35
31 37
31 39
31 43
31 46
31 48
31 50
31 53
31 58
31 60
31 61
31 62
31 68
31 70
31 75
31 76
31 79
31 81
31 84
31 92
31 94
31 101
31 102
31 115
31 120
31 128
31 129
32 2
32 7
32 10
32 11
32 19
32 20
32 26
32 34
32 39
32 40
32 42
32 43
32 44
32 49
32 52
32 55
32 59
32 67
32 71
32 72
32 74
32 79
32 81
32 82
32 86
32 88
32 90
32 91
32 94
32 95
32 98
32 99
32 106
32 109
32 113
32 116
32 117
32 119
32 123
32 124
32 125
32 126
32 131
35 37
35 39
35 43
35 46
35 48
35 50
35 53
35 56
35 58
35 60
35 61
35 62
35 68
35 70
35 73
35 75
35 76
35 81
35 84
35 92
35 94
35 101
35 102
35 115
35 116
35 120
35 124
35 128
35 129
37 11
37 19
37 34
37 39
37 43
37 46
37 48
37 50
37 53
37 58
37 60
37 61
37 62
37 68
37 70
37 75
37 76
37 81
37 84
37 88
37 90
37 92
37 94
37 95
37 101
37 102
37 111
37 115
37 120
37 124
37 128
37 129
37 131
39 2
39 7
39 10
39 11
39 19
39 20
39 26
39 34
39 40
39 42
39 43
39 44
39 46
39 48
39 49
39 50
39 52
39 53
39 55
39 56
39 58
39 59
39 60
39 61
39 62
39 67
39 68
39 70
39 71
39 72
39 73
39 74
39 75
39 76
39 79
39 81
39 82
39 84
39 86
39 88
39 90
39 91
39 92
39 94
39 95
39 98
39 99
39 101
39 102
39 106
39 109
39 113
39 115
39 116
39 117
39 119
39 120
39 123
39 124
39 125
39 126
39 128
39 129
39 131
43 2
43 7
43 10
43 11
43 19
43 20
43 26
43 34
43 40
43 42
43 44
43 46
43 48
43 49
43 50
43 52
43 53
43 55
43 58
43 59
43 60
43 61
43 62
43 67
43 68
43 70
43 71
43 72
43 74
43 75
43 76
43 79
43 81
43 82
43 84
43 86
43 88
43 90
43 91
43 92
43 94
43 95
43 98
43 99
43 101
43 102
43 106
43 109
43 111
43 113
43 115
43 116
43 117
43 119
43 120
43 123
43 124
43 125
43 126
43 128
43 129
43 131
46 2
46 19
46 48
46 49
46 50
46 53
46 58
46 60
46 61
46 62
46 68
46 70
46 73
46 75
46 76
46 81
46 84
46 92
46 94
46 101
46 102
46 115
46 116
46 117
46 119
46 120
46 128
46 129
48 50
48 53
48 58
48 60
48 61
48 62
48 68
48 70
48 75
48 76
48 81
48 84
48 92
48 94
48 101
48 102
48 115
48 120
48 128
48 129
50 11
50 34
50 53
50 58
50 60
50 61
50 62
50 68
50 70
50 75
50 76
50 81
50 84
50 92
50 94
50 101
50 102
50 111
50 115
50 120
50 124
50 128
50 129
50 131
53 11
53 34
53 58
53 60
53 61
53 62
53 68
53 70
53 75
53 76
53 81
53 84
53 92
53 94
53 101
53 102
53 111
53 115
53 120
53 124
53 128
53 129
53 131
58 60
58 61
58 62
58 68
58 70
58 75
58 76
58 81
58 84
58 92
58 94
58 101
58 102
58 115
58 120
58 128
58 129
60 61
60 62
60 68
60 70
60 75
60 76
60 81
60 84
60 92
60 94
60 101
60 102
60 115
60 120
60 128
60 129
61 62
61 68
61 70
61 75
61 76
61 81
61 84
61 92
61 94
61 101
61 102
61 115
61 120
61 128
61 129
62 11
62 34
62 68
62 70
62 75
62 76
62 81
62 84
62 92
62 94
62 101
62 102
62 111
62 115
62 120
62 124
62 128
62 129
62 131
68 2
68 11
68 19
68 34
68 49
68 56
68 70
68 73
68 75
68 76
68 81
68 84
68 92
68 94
68 101
68 102
68 111
68 115
68 116
68 117
68 119
68 120
68 124
68 128
68 129
68 131
70 49
70 56
70 73
70 75
70 76
70 81
70 84
70 92
70 94
70 101
70 102
70 111
70 115
70 116
70 120
70 124
70 128
70 129
75 76
75 81
75 84
75 92
75 94
75 101
75 102
75 115
75 120
75 128
75 129
76 81
76 84
76 92
76 94
76 101
76 102
76 115
76 120
76 128
76 129
81 2
81 7
81 10
81 11
81 19
81 20
81 26
81 34
81 40
81 42
81 44
81 49
81 52
81 55
81 59
81 67
81 71
81 72
81 73
81 74
81 79
81 82
81 84
81 86
81 88
81 90
81 91
81 92
81 94
81 95
81 98
81 99
81 101
81 102
81 106
81 109
81 111
81 113
81 115
81 116
81 117
81 119
81 120
81 123
81 124
81 125
81 126
81 128
81 129
81 131
84 49
84 92
84 94
84 101
84 102
84 115
84 120
84 128
84 129
92 11
92 94
92 101
92 102
92 115
92 120
92 128
92 129
92 131
94 20
94 101
94 102
94 115
94 119
94 120
94 128
94 129
101 2
101 11
101 19
101 34
101 82
101 102
101 111
101 115
101 117
101 120
101 124
101 128
101 129
101 131
102 49
102 56
102 73
102 115
102 116
102 120
102 124
102 128
102 129
115 120
115 128
115 129
120 11
120 34
120 111
120 124
120 128
120 129
120 131
128 129
129 82
2 7
2 10
2 11
2 19
2 20
2 26
2 34
2 40
2 42
2 44
2 49
2 52
2 55
2 59
2 67
2 71
2 72
2 74
2 79
2 82
2 86
2 88
2 90
2 91
2 95
2 98
2 99
2 106
2 109
2 113
2 116
2 117
2 119
2 123
2 124
2 125
2 126
2 131
7 10
7 11
7 19
7 20
7 26
7 34
7 40
7 42
7 44
7 49
7 52
7 55
7 59
7 67
7 71
7 72
7 74
7 79
7 82
7 86
7 88
7 90
7 91
7 95
7 98
7 99
7 106
7 109
7 113
7 116
7 117
7 119
7 122
7 123
7 124
7 125
7 126
7 131
10 11
10 19
10 20
10 26
10 34
10 40
10 42
10 44
10 49
10 52
10 55
10 59
10 67
10 71
10 72
10 74
10 79
10 82
10 86
10 88
10 90
10 91
10 95
10 98
10 99
10 106
10 109
10 113
10 116
10 117
10 119
10 123
10 124
10 125
10 126
10 131
11 19
11 20
11 26
11 34
11 40
11 42
11 44
11 49
11 52
11 55
11 59
11 67
11 71
11 72
11 74
11 79
11 82
11 86
11 88
11 90
11 91
11 95
11 98
11 99
11 106
11 109
11 111
11 113
11 116
11 117
11 119
11 123
11 124
11 125
11 126
11 131
19 20
19 26
19 34
19 40
19 42
19 44
19 49
19 52
19 55
19 59
19 67
19 71
19 72
19 73
19 74
19 79
19 82
19 86
19 88
19 90
19 91
19 95
19 98
19 99
19 106
19 109
19 113
19 116
19 117
19 119
19 123
19 124
19 125
19 126
19 131
20 26
20 34
20 40
20 42
20 44
20 49
20 52
20 55
20 59
20 67
20 71
20 72
20 74
20 79
20 82
20 86
20 88
20 90
20 91
20 95
20 98
20 99
20 106
20 109
20 113
20 116
20 117
20 119
20 123
20 124
20 125
20 126
20 131
26 34
26 40
26 42
26 44
26 49
26 52
26 55
26 59
26 67
26 71
26 72
26 74
26 79
26 82
26 86
26 88
26 90
26 91
26 95
26 98
26 99
26 106
26 108
26 109
26 113
26 116
26 117
26 119
26 123
26 124
26 125
26 126
26 131
34 40
34 42
34 44
34 49
34 52
34 55
34 59
34 67
34 71
34 72
34 74
34 79
34 82
34 86
34 88
34 90
34 91
34 95
34 98
34 99
34 106
34 109
34 111
34 113
34 116
34 117
34 119
34 123
34 124
34 125
34 126
34 131
40 42
40 44
40 49
40 52
40 55
40 59
40 67
40 71
40 72
40 74
40 79
40 82
40 86
40 88
40 90
40 91
40 95
40 98
40 99
40 106
40 109
40 113
40 116
40 117
40 119
40 123
40 124
40 125
40 126
40 131
42 44
42 49
42 52
42 55
42 59
42 67
42 71
42 72
42 74
42 79
42 82
42 86
42 88
42 90
42 91
42 95
42 98
42 99
42 106
42 109
42 113
42 116
42 117
42 119
42 123
42 124
42 125
42 126
42 131
44 49
44 52
44 55
44 59
44 67
44 71
44 72
44 74
44 79
44 82
44 86
44 88
44 90
44 91
44 95
44 98
44 99
44 106
44 108
44 109
44 113
44 116
44 117
44 119
44 123
44 124
44 125
44 126
44 131
49 52
49 55
49 56
49 59
49 67
49 71
49 72
49 74
49 79
49 82
49 86
49 88
49 90
49 91
49 95
49 98
49 99
49 106
49 109
49 113
49 116
49 117
49 119
49 123
49 124
49 125
49 126
49 131
52 55
52 59
52 67
52 71
52 72
52 74
52 79
52 82
52 86
52 88
52 90
52 91
52 95
52 98
52 99
52 106
52 109
52 113
52 116
52 117
52 119
52 123
52 124
52 125
52 126
52 131
55 59
55 67
55 71
55 72
55 74
55 79
55 82
55 86
55 88
55 90
55 91
55 95
55 98
55 99
55 106
55 109
55 113
55 116
55 117
55 119
55 123
55 124
55 125
55 126
55 131
59 67
59 71
59 72
59 74
59 79
59 82
59 86
59 88
59 90
59 91
59 95
59 98
59 99
59 106
59 109
59 113
59 116
59 117
59 119
59 123
59 124
59 125
59 126
59 131
67 71
67 72
67 74
67 79
67 82
67 86
67 88
67 90
67 91
67 95
67 98
67 99
67 106
67 109
67 113
67 116
67 117
67 119
67 123
67 124
67 125
67 126
67 131
71 72
71 74
71 79
71 82
71 86
71 88
71 90
71 91
71 95
71 98
71 99
71 106
71 108
71 109
71 113
71 116
71 117
71 119
71 123
71 124
71 125
71 126
71 131
72 74
72 79
72 82
72 86
72 88
72 90
72 91
72 95
72 98
72 99
72 106
72 109
72 113
72 116
72 117
72 119
72 123
72 124
72 125
72 126
72 131
74 79
74 82
74 86
74 88
74 90
74 91
74 95
74 98
74 99
74 106
74 109
74 113
74 116
74 117
74 119
74 123
74 124
74 125
74 126
74 131
79 82
79 86
79 88
79 90
79 91
79 95
79 98
79 99
79 106
79 109
79 113
79 116
79 117
79 119
79 123
79 124
79 125
79 126
79 131
82 86
82 88
82 90
82 91
82 95
82 98
82 99
82 106
82 109
82 113
82 116
82 117
82 119
82 123
82 124
82 125
82 126
82 131
86 88
86 90
86 91
86 95
86 98
86 99
86 106
86 109
86 113
86 116
86 117
86 119
86 123
86 124
86 125
86 126
86 131
88 90
88 91
88 95
88 98
88 99
88 106
88 109
88 113
88 116
88 117
88 119
88 123
88 124
88 125
88 126
88 131
90 91
90 95
90 98
90 99
90 106
90 109
90 113
90 116
90 117
90 119
90 123
90 124
90 125
90 126
90 131
91 95
91 98
91 99
91 106
91 109
91 113
91 116
91 117
91 119
91 123
91 124
91 125
91 126
91 131
95 98
95 99
95 106
95 109
95 113
95 116
95 117
95 119
95 123
95 124
95 125
95 126
95 131
98 99
98 106
98 109
98 113
98 116
98 117
98 119
98 123
98 124
98 125
98 126
98 131
99 106
99 109
99 113
99 116
99 117
99 119
99 123
99 124
99 125
99 126
99 131
106 109
106 113
106 116
106 117
106 119
106 123
106 124
106 125
106 126
106 131
109 113
109 116
109 117
109 119
109 123
109 124
109 125
109 126
109 131
113 116
113 117
113 119
113 123
113 124
113 125
113 126
113 131
116 56
116 73
116 117
116 119
116 123
116 124
116 125
116 126
116 131
117 119
117 123
117 124
117 125
117 126
117 131
119 123
119 124
119 125
119 126
119 131
123 124
123 125
123 126
123 131
124 56
124 73
124 111
124 125
124 126
124 131
125 126
125 131
126 131
131 111
122 9
122 33
122 36
122 65
122 66
122 77
122 96
122 118
9 33
9 36
9 65
9 66
9 77
9 96
9 97
9 118
33 36
33 65
33 66
33 77
33 96
33 118
36 65
36 66
36 77
36 96
36 118
65 66
65 77
65 80
65 96
65 97
65 118
66 77
66 96
66 118
77 96
77 97
77 118
96 80
96 118
97 80
56 73
63 105
