0 7
0 12
0 17
0 19
0 25
0 38
0 42
0 48
0 49
0 50
0 53
0 66
0 67
0 69
0 75
0 93
0 98
0 101
0 102
0 108
0 110
0 112
0 115
0 126
0 127
0 129
0 131
0 135
0 140
0 141
0 149
7 1
7 5
7 10
7 12
7 17
7 19
7 25
7 33
7 38
7 42
7 48
7 49
7 50
7 53
7 66
7 67
7 69
7 75
7 93
7 98
7 101
7 102
7 107
7 108
7 110
7 112
7 115
7 116
7 124
7 126
7 127
7 129
7 131
7 135
7 140
7 141
7 149
7 152
12 17
12 19
12 38
12 42
12 48
12 49
12 50
12 53
12 66
12 69
12 75
12 93
12 98
12 101
12 102
12 110
12 112
12 115
12 127
12 131
12 135
12 140
12 141
17 1
17 6
17 19
17 25
17 33
17 38
17 42
17 46
17 48
17 49
17 50
17 53
17 65
17 66
17 67
17 69
17 75
17 93
17 98
17 101
17 102
17 107
17 108
17 110
17 112
17 115
17 126
17 127
17 129
17 131
17 135
17 136
17 140
17 141
17 149
19 38
19 42
19 48
19 49
19 50
19 53
19 66
19 69
19 75
19 77
19 93
19 98
19 101
19 102
19 110
19 112
19 115
19 127
19 131
19 132
19 135
19 140
19 141
19 146
25 38
25 42
25 49
25 50
25 53
25 67
25 69
25 98
25 102
25 108
25 110
25 112
25 115
25 126
25 127
25 129
25 131
25 135
25 149
38 1
38 42
38 48
38 49
38 50
38 53
38 66
38 67
38 69
38 75
38 93
38 98
38 101
38 102
38 108
38 110
38 112
38 115
38 126
38 127
38 129
38 131
38 135
38 140
38 141
38 149
42 1
42 6
42 48
42 49
42 50
42 53
42 65
42 66
42 67
42 69
42 75
42 93
42 98
42 101
42 102
42 107
42 108
42 110
42 112
42 115
42 126
42 127
42 129
42 131
42 135
42 140
42 141
42 149
48 1
48 49
48 50
48 53
48 66
48 69
48 75
48 93
48 98
48 101
48 102
48 110
48 112
48 115
48 127
48 131
48 135
48 140
48 141
49 1
49 50
49 53
49 66
49 67
49 69
49 75
49 93
49 98
49 101
49 102
49 108
49 110
49 112
49 115
49 126
49 127
49 129
49 131
49 135
49 140
49 141
49 149
50 1
50 53
50 66
50 67
50 69
50 75
50 93
50 98
50 101
50 102
50 108
50 110
50 112
50 115
50 126
50 127
50 129
50 131
50 135
50 140
50 141
50 149
53 66
53 67
53 69
53 75
53 93
53 98
53 101
53 102
53 108
53 110
53 112
53 115
53 126
53 127
53 129
53 131
53 135
53 140
53 141
53 149
66 1
66 69
66 75
66 93
66 98
66 101
66 102
66 110
66 112
66 115
66 127
66 131
66 135
66 140
66 141
67 15
67 69
67 98
67 102
67 108
67 110
67 112
67 115
67 126
67 127
67 129
67 131
67 135
67 136
67 149
69 1
69 36
69 40
69 46
69 65
69 75
69 86
69 93
69 98
69 101
69 102
69 108
69 110
69 112
69 114
69 115
69 126
69 127
69 129
69 131
69 135
69 140
69 141
69 149
75 1
75 10
75 15
75 16
75 33
75 51
75 52
75 55
75 59
75 63
75 65
75 70
75 72
75 81
75 84
75 93
75 98
75 101
75 102
75 110
75 112
75 115
75 123
75 127
75 131
75 135
75 140
75 141
75 143
75 147
93 1
93 51
93 55
93 70
93 72
93 98
93 101
93 102
93 110
93 112
93 115
93 127
93 131
93 135
93 140
93 141
93 143
93 147
98 1
98 33
98 36
98 46
98 89
98 101
98 102
98 108
98 110
98 112
98 115
98 126
98 127
98 129
98 131
98 135
98 136
98 140
98 141
98 149
101 1
101 15
101 52
101 84
101 102
101 110
101 112
101 115
101 123
101 127
101 131
101 135
101 140
101 141
102 1
102 108
102 110
102 112
102 115
102 126
102 127
102 129
102 131
102 135
102 140
102 141
102 149
108 6
108 65
108 107
108 110
108 112
108 115
108 126
108 127
108 129
108 131
108 135
108 149
110 1
110 112
110 115
110 126
110 127
110 129
110 131
110 135
110 140
110 141
110 149
112 1
112 29
112 39
112 51
112 55
112 70
112 72
112 115
112 124
112 126
112 127
112 129
112 131
112 135
112 140
112 141
112 143
112 145
112 147
112 149
115 1
115 126
115 127
115 129
115 131
115 135
115 140
115 141
115 149
126 127
126 129
126 131
126 135
126 149
127 1
127 2
127 3
127 4
127 5
127 6
127 8
127 9
127 10
127 11
127 13
127 14
127 15
127 16
127 18
127 20
127 21
127 22
127 23
127 24
127 26
127 27
127 28
127 29
127 30
127 31
127 32
127 33
127 34
127 35
127 36
127 37
127 39
127 40
127 41
127 43
127 44
127 45
127 46
127 47
127 51
127 52
127 54
127 55
127 56
127 57
127 58
127 59
127 60
127 61
127 62
127 63
127 64
127 65
127 68
127 70
127 71
127 72
127 73
127 74
127 76
127 77
127 78
127 79
127 80
127 81
127 82
127 83
127 84
127 85
127 86
127 87
127 88
127 89
127 90
127 91
127 92
127 94
127 95
127 96
127 97
127 99
127 100
127 103
127 104
127 105
127 106
127 107
127 109
127 111
127 113
127 114
127 116
127 117
127 118
127 119
127 120
127 121
127 122
127 123
127 124
127 125
127 128
127 129
127 130
127 131
127 132
127 133
127 134
127 135
127 136
127 137
127 138
127 139
127 140
127 141
127 142
127 143
127 144
127 145
127 146
127 147
127 148
127 149
127 150
127 151
127 152
127 153
127 154
127 155
129 131
129 135
129 149
131 135
131 140
131 141
131 149
135 46
135 65
135 136
135 140
135 141
135 149
140 1
140 141
141 1
1 2
1 18
1 22
1 26
1 28
1 29
1 40
1 51
1 52
1 55
1 70
1 97
1 104
1 107
1 109
1 143
1 147
2 18
2 22
2 26
2 28
2 29
2 40
2 46
2 51
2 52
2 55
2 70
2 97
2 104
2 107
2 109
2 114
2 143
2 147
18 22
18 26
18 28
18 29
18 40
18 51
18 52
18 55
18 70
18 97
18 104
18 107
18 109
18 143
18 147
22 4
22 20
22 26
22 28
22 29
22 40
22 51
22 52
22 55
22 70
22 82
22 97
22 104
22 107
22 109
22 143
22 147
26 28
26 29
26 40
26 51
26 52
26 55
26 70
26 97
26 104
26 107
26 109
26 143
26 147
28 29
28 40
28 51
28 52
28 55
28 70
28 97
28 104
28 107
28 109
28 143
28 147
29 34
29 39
29 40
29 51
29 52
29 55
29 70
29 71
29 82
29 97
29 104
29 107
29 109
29 124
29 143
29 145
29 147
29 151
40 46
40 51
40 52
40 55
40 70
40 97
40 104
40 107
40 109
40 114
40 137
40 143
40 147
51 4
51 20
51 46
51 52
51 55
51 70
51 72
51 82
51 97
51 104
51 107
51 109
51 114
51 143
51 147
52 15
52 16
52 33
52 46
52 55
52 59
52 63
52 70
52 72
52 81
52 82
52 84
52 97
52 104
52 107
52 109
52 123
52 143
52 147
55 4
55 20
55 46
55 70
55 72
55 82
55 97
55 104
55 107
55 109
55 114
55 143
55 144
55 147
70 4
70 20
70 46
70 72
70 82
70 97
70 104
70 107
70 109
70 114
70 143
70 147
97 104
97 107
97 109
97 143
97 147
104 107
104 109
104 114
104 143
104 147
107 6
107 33
107 63
107 77
107 84
107 109
107 143
107 147
109 143
109 147
143 4
143 14
143 20
143 43
143 72
143 82
143 84
143 136
143 147
147 4
147 20
147 63
147 72
147 82
46 9
46 11
46 23
46 24
46 30
46 31
46 36
46 47
46 54
46 56
46 58
46 62
46 68
46 73
46 78
46 79
46 86
46 88
46 89
46 99
46 113
46 114
46 119
46 122
46 124
46 125
46 128
46 132
46 137
46 146
46 148
114 9
114 11
114 23
114 24
114 30
114 31
114 36
114 47
114 54
114 56
114 58
114 62
114 68
114 73
114 78
114 79
114 86
114 88
114 89
114 99
114 113
114 119
114 122
114 124
114 125
114 128
114 132
114 137
114 146
114 148
3 4
3 8
3 13
3 15
3 20
3 27
3 57
3 59
3 63
3 71
3 74
3 77
3 81
3 85
3 90
3 95
3 96
3 100
3 111
3 117
3 119
3 121
3 133
3 139
3 142
3 150
3 155
4 8
4 13
4 15
4 16
4 20
4 27
4 33
4 45
4 57
4 59
4 63
4 71
4 72
4 74
4 77
4 81
4 85
4 90
4 95
4 96
4 100
4 111
4 117
4 119
4 121
4 123
4 133
4 139
4 142
4 150
4 155
8 13
8 15
8 16
8 20
8 27
8 33
8 45
8 57
8 59
8 63
8 71
8 72
8 74
8 77
8 81
8 85
8 90
8 95
8 96
8 100
8 111
8 117
8 119
8 123
8 133
8 139
8 142
8 150
8 155
13 15
13 20
13 27
13 57
13 59
13 63
13 71
13 74
13 77
13 81
13 85
13 90
13 95
13 96
13 100
13 117
13 119
13 133
13 139
13 142
13 150
13 155
15 6
15 10
15 16
15 20
15 27
15 33
15 45
15 57
15 59
15 63
15 71
15 72
15 74
15 77
15 81
15 83
15 84
15 85
15 90
15 95
15 96
15 100
15 111
15 117
15 119
15 121
15 123
15 133
15 139
15 142
15 150
15 155
20 16
20 27
20 33
20 45
20 57
20 59
20 63
20 71
20 72
20 74
20 77
20 81
20 85
20 90
20 95
20 96
20 100
20 111
20 117
20 119
20 123
20 133
20 139
20 142
20 150
20 155
27 57
27 59
27 63
27 71
27 74
27 77
27 81
27 85
27 90
27 95
27 96
27 100
27 111
27 117
27 119
27 133
27 139
27 142
27 150
27 155
57 59
57 63
57 71
57 74
57 77
57 81
57 85
57 90
57 95
57 96
57 100
57 111
57 117
57 119
57 121
57 124
57 133
57 139
57 142
57 150
57 155
59 6
59 16
59 33
59 45
59 63
59 71
59 72
59 74
59 77
59 81
59 83
59 84
59 85
59 90
59 95
59 96
59 100
59 111
59 117
59 119
59 123
59 133
59 139
59 142
59 150
59 155
63 6
63 16
63 33
63 45
63 71
63 72
63 74
63 77
63 81
63 83
63 85
63 90
63 95
63 96
63 100
63 111
63 117
63 119
63 121
63 123
63 133
63 136
63 139
63 142
63 144
63 145
63 150
63 155
71 5
71 6
71 10
71 16
71 33
71 39
71 45
71 60
71 72
71 74
71 77
71 81
71 82
71 83
71 85
71 90
71 95
71 96
71 100
71 111
71 117
71 119
71 121
71 123
71 124
71 130
71 133
71 139
71 142
71 145
71 150
71 155
74 6
74 10
74 16
74 33
74 45
74 72
74 77
74 81
74 82
74 83
74 85
74 90
74 95
74 96
74 100
74 111
74 117
74 119
74 121
74 123
74 130
74 133
74 139
74 142
74 150
74 155
77 16
77 33
77 37
77 72
77 81
77 85
77 90
77 95
77 96
77 100
77 111
77 117
77 119
77 123
77 124
77 133
77 139
77 142
77 150
77 155
81 84
81 85
81 90
81 95
81 96
81 100
81 117
81 119
81 139
81 142
81 150
85 16
85 33
85 45
85 72
85 90
85 95
85 96
85 100
85 111
85 117
85 119
85 123
85 133
85 139
85 142
85 150
85 155
90 16
90 33
90 45
90 72
90 95
90 96
90 100
90 111
90 117
90 119
90 121
90 123
90 133
90 139
90 142
90 150
90 155
95 43
95 96
95 100
95 111
95 117
95 119
95 133
95 139
95 142
95 150
95 155
96 16
96 33
96 45
96 72
96 100
96 111
96 117
96 119
96 121
96 123
96 133
96 139
96 142
96 150
96 155
100 6
100 16
100 33
100 45
100 72
100 83
100 111
100 117
100 119
100 121
100 123
100 133
100 139
100 142
100 150
100 155
111 16
111 33
111 45
111 72
111 117
111 119
111 123
111 139
111 142
111 150
111 155
117 5
117 10
117 21
117 32
117 41
117 61
117 64
117 65
117 76
117 82
117 87
117 92
117 106
117 116
117 119
117 120
117 121
117 130
117 133
117 138
117 139
117 142
117 144
117 150
117 152
117 153
117 154
117 155
119 6
119 9
119 11
119 16
119 23
119 24
119 30
119 31
119 33
119 36
119 45
119 47
119 54
119 56
119 58
119 62
119 68
119 72
119 73
119 78
119 79
119 83
119 86
119 88
119 89
119 99
119 113
119 121
119 122
119 123
119 124
119 125
119 128
119 132
119 133
119 137
119 139
119 142
119 146
119 148
119 150
119 155
121 142
121 150
133 139
133 142
133 150
133 152
133 155
139 5
139 10
139 32
139 41
139 61
139 64
139 65
139 76
139 82
139 92
139 106
139 116
139 120
139 138
139 142
139 144
139 150
139 152
139 153
139 154
139 155
142 150
142 155
150 6
150 10
150 16
150 33
150 45
150 72
150 82
150 83
150 123
150 130
150 155
16 10
16 33
16 72
16 82
16 123
16 130
16 138
33 10
33 35
33 37
33 72
33 84
33 123
33 130
33 136
72 123
72 130
123 82
123 84
123 130
5 10
5 32
5 41
5 60
5 61
5 64
5 65
5 76
5 82
5 92
5 103
5 106
5 116
5 120
5 138
5 144
5 151
5 152
5 153
5 154
10 21
10 32
10 41
10 60
10 61
10 64
10 65
10 76
10 82
10 92
10 103
10 106
10 116
10 118
10 120
10 124
10 130
10 138
10 144
10 151
10 152
10 153
10 154
32 41
32 61
32 64
32 65
32 76
32 82
32 92
32 106
32 116
32 120
32 138
32 144
32 152
32 153
32 154
41 21
41 61
41 64
41 65
41 76
41 82
41 87
41 92
41 106
41 116
41 120
41 130
41 138
41 144
41 152
41 153
41 154
60 82
60 103
61 21
61 64
61 65
61 76
61 82
61 87
61 92
61 106
61 116
61 120
61 130
61 138
61 144
61 151
61 152
61 153
61 154
64 21
64 65
64 76
64 82
64 87
64 92
64 106
64 116
64 120
64 130
64 138
64 144
64 152
64 153
64 154
65 21
65 76
65 82
65 87
65 92
65 106
65 116
65 120
65 130
65 138
65 144
65 152
65 153
65 154
76 21
76 82
76 87
76 92
76 106
76 116
76 120
76 130
76 138
76 144
76 152
76 153
76 154
82 21
82 87
82 92
82 103
82 106
82 116
82 118
82 120
82 130
82 138
82 144
82 151
82 152
82 153
82 154
92 21
92 87
92 106
92 116
92 120
92 130
92 138
92 144
92 152
92 153
92 154
103 116
103 118
103 154
106 21
106 87
106 116
106 120
106 138
106 144
106 152
106 153
106 154
116 21
116 35
116 79
116 83
116 87
116 120
116 124
116 130
116 138
116 144
116 151
116 152
116 153
116 154
120 21
120 87
120 130
120 138
120 144
120 152
120 153
120 154
138 21
138 35
138 87
138 130
138 144
138 152
138 153
138 154
144 21
144 35
144 87
144 130
144 152
144 153
144 154
151 34
151 39
151 124
151 145
151 154
152 153
152 154
153 21
153 87
153 130
153 154
154 21
154 87
154 118
154 130
6 83
6 136
136 14
136 43
136 84
124 9
124 11
124 23
124 24
124 30
124 31
124 34
124 36
124 37
124 39
124 47
124 54
124 56
124 58
124 62
124 68
124 73
124 78
124 79
124 86
124 88
124 89
124 99
124 105
124 113
124 122
124 125
124 128
124 132
124 137
124 145
124 146
124 148
9 11
9 23
9 24
9 31
9 36
9 47
9 54
9 56
9 58
9 62
9 68
9 73
9 79
9 86
9 88
9 89
9 99
9 113
9 122
9 125
9 128
9 132
9 146
9 148
11 23
11 24
11 30
11 31
11 36
11 47
11 54
11 56
11 58
11 62
11 68
11 73
11 78
11 79
11 86
11 88
11 89
11 99
11 113
11 122
11 125
11 128
11 132
11 146
11 148
23 24
23 30
23 31
23 36
23 47
23 54
23 56
23 58
23 62
23 68
23 73
23 78
23 79
23 86
23 88
23 89
23 99
23 113
23 122
23 125
23 128
23 132
23 137
23 146
23 148
24 30
24 31
24 36
24 47
24 54
24 56
24 58
24 62
24 68
24 73
24 78
24 79
24 86
24 88
24 89
24 99
24 113
24 122
24 125
24 128
24 132
24 137
24 146
24 148
31 30
31 36
31 47
31 54
31 56
31 58
31 62
31 68
31 73
31 78
31 79
31 86
31 88
31 89
31 99
31 113
31 122
31 125
31 128
31 132
31 137
31 146
31 148
36 47
36 54
36 56
36 58
36 62
36 68
36 73
36 79
36 86
36 88
36 89
36 99
36 113
36 122
36 125
36 128
36 132
36 146
36 148
47 30
47 54
47 56
47 58
47 62
47 68
47 73
47 78
47 79
47 86
47 88
47 89
47 99
47 113
47 122
47 125
47 128
47 132
47 146
47 148
54 30
54 56
54 58
54 62
54 68
54 73
54 78
54 79
54 86
54 88
54 89
54 99
54 113
54 122
54 125
54 128
54 132
54 137
54 146
54 148
56 30
56 58
56 62
56 68
56 73
56 78
56 79
56 86
56 88
56 89
56 99
56 113
56 122
56 125
56 128
56 132
56 137
56 146
56 148
58 30
58 62
58 68
58 73
58 78
58 79
58 86
58 88
58 89
58 99
58 113
58 122
58 125
58 128
58 132
58 137
58 146
58 148
62 30
62 68
62 73
62 78
62 79
62 86
62 88
62 89
62 99
62 113
62 122
62 125
62 128
62 132
62 137
62 146
62 148
68 30
68 73
68 78
68 79
68 86
68 88
68 89
68 99
68 105
68 113
68 122
68 125
68 128
68 132
68 137
68 146
68 148
73 30
73 78
73 79
73 86
73 88
73 89
73 113
73 122
73 125
73 128
73 132
73 137
73 146
73 148
79 30
79 78
79 86
79 88
79 89
79 99
79 113
79 122
79 125
79 128
79 132
79 137
79 146
79 148
86 30
86 78
86 88
86 89
86 99
86 113
86 122
86 125
86 128
86 132
86 137
86 146
86 148
88 30
88 78
88 89
88 99
88 113
88 122
88 125
88 128
88 132
88 137
88 146
88 148
89 30
89 78
89 99
89 113
89 122
89 125
89 128
89 132
89 146
89 148
99 113
99 125
99 128
99 132
99 146
99 148
113 30
113 78
113 122
113 125
113 128
113 132
113 137
113 146
113 148
122 30
122 78
122 125
122 128
122 132
122 137
122 146
122 148
125 30
125 37
125 78
125 128
125 132
125 137
125 146
125 148
128 30
128 78
128 132
128 137
128 146
128 148
132 30
132 78
132 105
132 137
132 146
132 148
146 30
146 78
146 137
146 148
148 30
148 78
148 137
21 87
21 130
30 78
30 137
78 137
84 35
84 37
84 43
34 39
34 145
39 145
35 37
43 44
43 80
43 94
43 134
44 80
44 91
44 94
44 134
80 94
80 134
94 134
