0 13
0 20
0 32
13 1
13 2
13 3
13 4
13 5
13 6
13 7
13 8
13 9
13 10
13 11
13 12
13 14
13 15
13 16
13 17
13 18
13 19
13 20
13 21
13 22
13 23
13 24
13 25
13 26
13 27
13 28
13 29
13 30
13 31
13 32
13 33
13 34
13 35
13 36
13 37
13 38
20 1
20 2
20 3
20 11
20 14
20 16
20 21
20 30
20 32
32 21
1 2
1 4
1 5
1 6
1 7
1 11
1 16
1 19
1 25
1 27
1 30
1 33
1 34
1 36
2 4
2 11
2 16
2 19
2 33
2 36
4 6
4 15
4 16
4 17
4 19
4 21
4 25
4 27
4 28
4 34
4 36
5 7
5 30
5 33
6 16
6 19
6 25
6 27
6 34
6 36
7 16
7 30
7 33
11 3
11 12
11 16
11 31
11 35
16 19
16 25
16 27
16 30
16 33
16 34
16 36
19 14
19 15
19 17
19 21
19 25
19 27
19 28
19 34
19 36
19 37
25 27
25 34
25 36
27 34
27 36
30 33
34 36
36 14
36 17
3 18
3 21
18 21
18 23
18 26
21 14
21 15
21 17
21 23
21 24
21 26
21 28
21 29
15 17
15 28
17 28
8 14
8 38
14 9
14 10
14 22
14 29
14 38
9 10
12 31
12 35
31 35
23 26
26 29
