0 5
0 7
0 17
0 28
5 9
5 10
5 14
5 17
5 20
5 28
5 31
7 17
7 27
7 28
17 1
17 2
17 3
17 4
17 6
17 8
17 9
17 10
17 11
17 12
17 13
17 14
17 15
17 16
17 18
17 19
17 20
17 21
17 22
17 23
17 24
17 25
17 26
17 27
17 28
17 29
17 30
17 31
17 32
17 33
17 34
28 9
28 10
28 20
28 23
1 9
1 11
9 11
9 12
9 21
9 23
9 29
11 24
3 13
3 19
3 20
3 27
3 33
3 34
13 6
13 8
13 10
13 14
13 19
13 20
13 27
13 33
13 34
19 20
19 27
19 33
19 34
20 10
20 27
20 31
20 33
20 34
27 14
27 33
27 34
33 34
4 12
4 14
4 16
12 14
12 16
12 21
14 16
16 18
16 25
16 32
10 6
10 8
6 8
18 25
18 32
25 32
22 26
