0 2
0 3
0 5
0 7
0 31
0 40
0 41
0 42
0 43
2 31
2 40
2 42
3 1
3 5
3 10
3 14
3 29
3 31
3 40
5 16
5 40
7 9
7 11
7 18
7 22
7 24
7 37
7 38
7 40
7 41
7 43
31 1
31 4
31 8
31 14
31 19
31 27
31 29
31 32
31 36
31 40
31 42
40 1
40 4
40 6
40 8
40 9
40 10
40 11
40 12
40 13
40 14
40 15
40 16
40 17
40 18
40 19
40 20
40 21
40 22
40 23
40 24
40 25
40 26
40 27
40 28
40 29
40 30
40 32
40 33
40 34
40 35
40 36
40 37
40 38
40 39
40 41
40 42
40 43
41 6
41 9
41 11
41 13
41 17
41 18
41 21
41 22
41 24
41 33
41 43
42 25
42 29
43 9
43 11
43 17
43 18
43 21
43 24
43 34
43 38
1 10
14 16
14 20
14 21
14 22
14 23
14 26
14 28
14 29
14 39
29 18
29 25
4 8
4 19
4 27
4 32
4 36
8 19
8 27
8 32
8 36
19 27
19 32
19 36
27 32
27 36
32 36
16 26
6 17
6 21
6 24
6 33
17 21
17 24
17 33
17 34
17 38
21 22
21 23
21 24
21 26
21 28
21 33
21 34
21 38
24 13
24 18
24 30
24 33
22 23
22 26
22 28
38 34
12 15
12 20
12 35
15 20
15 35
20 35
20 39
35 39
23 26
23 28
26 28
