0 2
0 10
0 24
0 28
0 32
0 39
0 41
0 46
0 50
0 56
0 59
2 4
2 10
2 11
2 28
2 46
2 50
2 56
2 59
10 4
10 5
10 6
10 8
10 9
10 11
10 15
10 16
10 17
10 22
10 23
10 24
10 26
10 28
10 29
10 30
10 32
10 35
10 37
10 38
10 39
10 40
10 41
10 46
10 48
10 49
10 50
10 56
10 57
10 58
10 59
24 8
24 28
24 35
24 39
24 40
24 46
24 49
24 58
28 3
28 4
28 5
28 6
28 11
28 15
28 16
28 17
28 20
28 22
28 29
28 32
28 37
28 38
28 39
28 46
28 48
28 50
28 56
28 57
28 59
32 6
32 11
32 30
32 37
32 46
32 50
32 57
39 5
39 15
39 17
39 22
39 29
39 38
39 46
39 48
39 50
39 56
41 3
41 5
41 8
41 15
41 19
41 21
41 23
41 46
41 48
41 52
41 57
46 1
46 3
46 4
46 5
46 6
46 7
46 8
46 9
46 11
46 12
46 13
46 14
46 15
46 16
46 17
46 18
46 19
46 20
46 21
46 22
46 23
46 25
46 26
46 27
46 29
46 30
46 31
46 33
46 34
46 35
46 36
46 37
46 38
46 40
46 42
46 43
46 44
46 45
46 47
46 48
46 49
46 50
46 51
46 52
46 53
46 54
46 55
46 56
46 57
46 58
46 59
50 3
50 4
50 6
50 11
50 15
50 16
50 17
50 20
50 22
50 29
50 37
50 38
50 56
50 57
50 59
56 4
56 11
56 15
56 16
56 17
56 22
56 29
56 38
56 59
59 4
59 11
59 13
59 15
59 38
59 47
59 57
1 13
1 23
1 45
13 3
13 4
13 9
13 18
13 23
13 25
13 37
13 43
13 45
13 47
13 53
13 57
23 3
23 8
23 9
23 19
23 26
23 30
23 37
23 45
23 57
45 47
4 7
4 11
4 33
4 36
4 37
4 38
4 42
4 47
4 51
3 8
3 19
3 20
3 25
3 43
3 47
3 57
8 19
8 35
8 40
8 49
8 57
8 58
19 5
19 15
19 48
19 57
20 57
25 34
25 43
25 47
25 51
25 57
43 47
43 57
47 18
47 53
47 57
57 9
57 15
57 37
57 52
7 12
7 14
7 21
7 27
7 31
7 33
7 34
7 36
7 42
7 44
7 51
7 52
7 54
7 55
33 12
33 14
33 21
33 27
33 31
33 34
33 36
33 42
33 44
33 51
33 52
33 54
33 55
36 12
36 14
36 21
36 27
36 31
36 34
36 42
36 44
36 51
36 52
36 54
36 55
37 5
37 6
37 9
37 48
38 5
38 15
38 17
38 22
38 29
38 48
42 12
42 14
42 21
42 27
42 31
42 34
42 44
42 51
42 52
42 54
42 55
51 12
51 14
51 21
51 27
51 31
51 34
51 44
51 52
51 54
51 55
5 15
5 29
5 48
15 16
15 29
15 48
29 16
29 17
29 22
29 26
29 30
29 48
12 14
12 21
12 27
12 31
12 34
12 44
12 52
12 54
12 55
14 21
14 27
14 31
14 34
14 44
14 52
14 54
14 55
21 27
21 31
21 34
21 44
21 52
21 54
21 55
27 31
27 34
27 44
27 52
27 54
27 55
31 34
31 44
31 52
31 54
31 55
34 44
34 52
34 54
34 55
44 52
44 54
44 55
52 54
52 55
54 55
35 40
35 49
35 58
40 49
40 58
49 58
9 26
9 30
26 30
17 22
18 53
