0 11
0 17
11 4
11 17
11 24
17 1
17 2
17 3
17 4
17 5
17 6
17 7
17 8
17 9
17 10
17 12
17 13
17 14
17 15
17 16
17 18
17 19
17 20
17 21
17 22
17 23
17 24
17 25
17 26
17 27
17 28
17 29
17 30
17 31
17 32
17 33
17 34
17 35
17 36
1 10
1 19
1 27
1 31
1 32
1 36
10 19
10 27
10 31
10 32
19 9
19 12
19 14
19 27
19 31
19 32
19 33
27 31
27 32
31 32
36 20
36 23
36 28
36 30
2 34
34 5
3 18
4 15
5 35
6 7
6 21
21 20
21 29
8 13
8 16
8 20
13 16
13 20
16 20
20 23
20 28
20 29
20 30
9 14
9 33
14 33
33 12
33 26
23 28
23 30
28 30
