0 8
0 13
0 22
0 27
0 32
0 35
0 44
8 13
8 22
8 27
8 32
8 35
8 44
13 22
13 27
13 32
13 35
13 44
22 27
22 32
22 35
22 44
27 32
27 35
27 44
32 35
32 44
35 44
44 1
44 2
44 3
44 4
44 5
44 6
44 7
44 9
44 10
44 11
44 12
44 14
44 15
44 16
44 17
44 18
44 19
44 20
44 21
44 23
44 24
44 25
44 26
44 28
44 29
44 30
44 31
44 33
44 34
44 36
44 37
44 38
44 39
44 40
44 41
44 42
44 43
1 5
1 17
1 30
1 36
1 40
1 41
5 17
5 30
5 36
5 40
5 41
17 21
17 30
17 33
17 36
17 40
17 41
30 36
30 40
30 41
36 40
36 41
40 33
40 41
2 19
2 28
2 31
19 28
19 31
19 34
28 31
28 34
31 34
3 24
24 6
24 34
24 37
4 15
15 25
6 18
6 34
34 25
34 42
7 11
7 16
7 26
7 29
7 33
7 38
11 12
11 16
11 20
11 26
11 29
11 33
11 38
16 26
16 29
16 33
16 38
26 29
26 33
26 38
29 12
29 20
29 21
29 33
29 38
33 9
33 21
33 38
38 12
38 20
9 21
10 23
10 39
10 43
23 39
23 43
39 43
12 20
14 25
14 42
25 42
