0 21
0 22
0 24
0 25
0 36
21 2
21 3
21 22
21 25
21 31
22 2
22 3
22 4
22 25
22 29
22 31
24 1
24 7
24 8
24 9
24 10
24 11
24 12
24 13
24 15
24 16
24 17
24 18
24 19
24 23
24 25
24 26
24 28
24 30
24 32
24 33
24 35
24 36
24 37
25 1
25 2
25 3
25 4
25 5
25 6
25 7
25 8
25 9
25 10
25 11
25 12
25 13
25 14
25 15
25 16
25 17
25 18
25 19
25 20
25 23
25 26
25 27
25 28
25 29
25 30
25 31
25 32
25 33
25 34
25 35
25 36
25 37
36 1
36 7
36 8
36 9
36 10
36 11
36 12
36 13
36 15
36 16
36 17
36 18
36 19
36 23
36 26
36 28
36 30
36 32
36 33
36 35
36 37
1 7
1 8
1 9
1 10
1 11
1 12
1 13
1 15
1 16
1 17
1 18
1 19
1 23
1 26
1 28
1 30
1 32
1 33
1 35
1 37
7 8
7 9
7 10
7 11
7 12
7 13
7 15
7 16
7 17
7 18
7 19
7 23
7 26
7 28
7 30
7 32
7 33
7 35
7 37
8 9
8 10
8 11
8 12
8 13
8 15
8 16
8 17
8 18
8 19
8 23
8 26
8 28
8 30
8 32
8 33
8 35
8 37
9 5
9 6
9 10
9 11
9 12
9 13
9 14
9 15
9 16
9 17
9 18
9 19
9 23
9 26
9 27
9 28
9 30
9 32
9 33
9 34
9 35
9 37
10 5
10 6
10 11
10 12
10 13
10 14
10 15
10 16
10 17
10 18
10 19
10 23
10 26
10 28
10 30
10 32
10 33
10 34
10 35
10 37
11 12
11 13
11 15
11 16
11 17
11 18
11 19
11 23
11 26
11 28
11 30
11 32
11 33
11 35
11 37
12 3
12 13
12 15
12 16
12 17
12 18
12 19
12 23
12 26
12 28
12 30
12 32
12 33
12 35
12 37
13 15
13 16
13 17
13 18
13 19
13 23
13 26
13 28
13 30
13 32
13 33
13 35
13 37
15 16
15 17
15 18
15 19
15 23
15 26
15 28
15 30
15 32
15 33
15 35
15 37
16 5
16 6
16 14
16 17
16 18
16 19
16 23
16 26
16 28
16 30
16 32
16 33
16 34
16 35
16 37
17 18
17 19
17 23
17 26
17 28
17 30
17 32
17 33
17 35
17 37
18 19
18 23
18 26
18 28
18 30
18 32
18 33
18 35
18 37
19 23
19 26
19 28
19 30
19 32
19 33
19 35
19 37
23 5
23 6
23 14
23 26
23 28
23 30
23 32
23 33
23 34
23 35
23 37
26 28
26 30
26 32
26 33
26 35
26 37
28 5
28 30
28 32
28 33
28 35
28 37
30 32
30 33
30 35
30 37
32 33
32 35
32 37
33 35
33 37
35 5
35 37
5 6
5 14
5 27
5 34
6 14
6 27
6 34
14 27
14 34
27 34
