0 1
0 2
0 4
0 7
0 10
0 14
0 16
0 18
0 20
0 32
1 2
1 3
1 4
1 7
1 8
1 10
1 13
1 14
1 15
1 16
1 18
1 19
1 20
1 22
1 23
1 24
1 29
1 31
1 32
2 4
2 7
2 10
2 14
2 16
2 18
2 20
2 32
4 7
4 10
4 14
4 16
4 18
4 20
4 32
7 3
7 5
7 6
7 8
7 9
7 10
7 11
7 12
7 13
7 14
7 15
7 16
7 17
7 18
7 19
7 20
7 21
7 22
7 23
7 24
7 25
7 26
7 27
7 28
7 29
7 30
7 31
7 32
10 14
10 16
10 18
10 20
10 32
14 16
14 18
14 20
14 32
16 3
16 8
16 13
16 15
16 18
16 19
16 20
16 22
16 23
16 24
16 29
16 31
16 32
18 13
18 20
18 29
18 32
20 32
32 3
32 8
32 15
32 19
32 22
32 23
32 24
32 31
3 8
3 15
3 19
3 22
3 23
3 24
3 31
8 15
8 19
8 22
8 23
8 24
8 31
13 15
13 29
15 5
15 19
15 22
15 23
15 24
15 31
19 22
19 23
19 24
19 31
22 23
22 24
22 31
23 24
23 31
24 31
31 5
31 6
31 9
31 11
31 12
31 17
31 21
31 25
31 26
31 27
31 28
31 30
5 9
5 11
5 17
5 21
5 25
9 11
9 17
9 25
11 17
11 25
17 21
17 25
21 6
21 12
21 25
21 26
21 27
21 28
21 30
6 12
6 26
6 27
6 28
6 30
12 26
12 27
12 28
12 30
26 27
26 28
26 30
27 28
27 30
28 30
