0 2
0 5
0 6
0 7
0 8
0 10
0 11
0 13
0 14
0 16
0 17
0 20
0 21
0 26
0 27
0 29
0 30
0 31
0 32
0 34
0 36
0 39
0 40
0 41
0 44
0 46
0 47
0 48
0 49
0 50
2 5
2 7
2 8
2 10
2 11
2 13
2 14
2 16
2 17
2 20
2 21
2 26
2 27
2 29
2 30
2 31
2 32
2 34
2 36
2 39
2 40
2 41
2 44
2 46
2 47
2 49
2 50
5 7
5 8
5 10
5 11
5 13
5 14
5 16
5 17
5 20
5 21
5 26
5 27
5 29
5 30
5 31
5 32
5 34
5 36
5 39
5 40
5 41
5 44
5 46
5 47
5 49
5 50
6 3
6 7
6 8
6 9
6 10
6 11
6 13
6 14
6 19
6 20
6 21
6 22
6 26
6 29
6 30
6 31
6 35
6 36
6 39
6 41
6 45
6 46
6 47
6 48
7 3
7 8
7 9
7 10
7 11
7 13
7 14
7 16
7 17
7 19
7 20
7 21
7 22
7 26
7 27
7 29
7 30
7 31
7 32
7 34
7 35
7 36
7 39
7 40
7 41
7 44
7 45
7 46
7 47
7 48
7 49
7 50
8 3
8 9
8 10
8 11
8 13
8 14
8 16
8 17
8 19
8 20
8 21
8 22
8 26
8 27
8 29
8 30
8 31
8 32
8 34
8 35
8 36
8 39
8 40
8 41
8 44
8 45
8 46
8 47
8 48
8 49
8 50
10 3
10 9
10 11
10 13
10 14
10 16
10 17
10 19
10 20
10 21
10 22
10 26
10 27
10 29
10 30
10 31
10 32
10 34
10 35
10 36
10 39
10 40
10 41
10 44
10 45
10 46
10 47
10 48
10 49
10 50
11 3
11 9
11 13
11 14
11 16
11 17
11 19
11 20
11 21
11 22
11 26
11 27
11 29
11 30
11 31
11 32
11 34
11 35
11 36
11 39
11 40
11 41
11 44
11 45
11 46
11 47
11 48
11 49
11 50
13 3
13 14
13 16
13 17
13 20
13 21
13 26
13 27
13 29
13 30
13 31
13 32
13 34
13 36
13 39
13 40
13 41
13 44
13 46
13 47
13 49
13 50
14 3
14 9
14 16
14 17
14 19
14 20
14 21
14 22
14 26
14 27
14 29
14 30
14 31
14 32
14 34
14 35
14 36
14 39
14 40
14 41
14 44
14 45
14 46
14 47
14 48
14 49
14 50
16 17
16 20
16 21
16 26
16 27
16 29
16 30
16 31
16 32
16 34
16 36
16 39
16 40
16 41
16 44
16 46
16 47
16 49
16 50
17 20
17 21
17 26
17 27
17 29
17 30
17 31
17 32
17 34
17 36
17 39
17 40
17 41
17 44
17 46
17 47
17 49
17 50
20 3
20 9
20 19
20 21
20 22
20 26
20 27
20 29
20 30
20 31
20 32
20 34
20 35
20 36
20 39
20 40
20 41
20 44
20 45
20 46
20 47
20 48
20 49
20 50
21 3
21 9
21 19
21 22
21 26
21 27
21 29
21 30
21 31
21 32
21 34
21 35
21 36
21 39
21 40
21 41
21 44
21 45
21 46
21 47
21 48
21 49
21 50
26 3
26 9
26 19
26 22
26 27
26 29
26 30
26 31
26 32
26 34
26 35
26 36
26 39
26 40
26 41
26 44
26 45
26 46
26 47
26 48
26 49
26 50
27 29
27 30
27 31
27 32
27 34
27 36
27 39
27 40
27 41
27 44
27 46
27 47
27 49
27 50
29 3
29 9
29 19
29 22
29 30
29 31
29 32
29 34
29 35
29 36
29 39
29 40
29 41
29 44
29 45
29 46
29 47
29 48
29 49
29 50
30 3
30 9
30 19
30 22
30 31
30 32
30 34
30 35
30 36
30 39
30 40
30 41
30 44
30 45
30 46
30 47
30 48
30 49
30 50
31 3
31 9
31 19
31 22
31 32
31 34
31 35
31 36
31 39
31 40
31 41
31 44
31 45
31 46
31 47
31 48
31 49
31 50
32 34
32 36
32 39
32 40
32 41
32 44
32 46
32 47
32 49
32 50
34 36
34 37
34 38
34 39
34 40
34 41
34 43
34 44
34 46
34 47
34 49
34 50
36 3
36 9
36 19
36 22
36 35
36 39
36 40
36 41
36 44
36 45
36 46
36 47
36 48
36 49
36 50
39 22
39 25
39 40
39 41
39 42
39 44
39 46
39 47
39 48
39 49
39 50
40 41
40 44
40 46
40 47
40 49
40 50
41 3
41 9
41 19
41 22
41 35
41 44
41 45
41 46
41 47
41 48
41 49
41 50
44 46
44 47
44 49
44 50
46 47
46 48
46 49
46 50
47 1
47 3
47 4
47 9
47 12
47 15
47 18
47 19
47 22
47 23
47 24
47 25
47 28
47 33
47 35
47 37
47 38
47 42
47 43
47 45
47 48
47 49
47 50
47 51
47 52
48 3
48 9
48 19
48 22
48 35
48 45
49 50
50 1
1 3
1 4
1 15
1 18
1 25
3 9
3 19
3 22
3 35
3 45
4 15
4 23
4 25
4 28
4 52
15 18
15 23
15 28
15 52
18 25
25 42
9 19
9 22
9 35
9 45
19 22
19 35
19 45
22 35
22 45
35 45
23 28
23 37
23 52
28 52
12 24
12 33
12 51
24 33
24 51
33 37
33 51
37 38
37 43
38 43
