0 1
0 4
0 5
0 10
0 15
0 29
0 36
0 54
0 56
1 5
1 10
1 21
1 25
1 33
1 39
1 51
1 54
1 56
4 5
4 10
4 15
4 29
4 36
4 54
5 7
5 9
5 10
5 15
5 20
5 22
5 25
5 29
5 34
5 35
5 36
5 37
5 40
5 43
5 50
5 54
5 56
10 15
10 25
10 29
10 36
10 54
10 56
15 29
15 36
15 54
29 36
29 54
36 54
54 2
54 3
54 6
54 7
54 8
54 9
54 11
54 12
54 13
54 14
54 16
54 17
54 18
54 19
54 20
54 21
54 22
54 23
54 24
54 25
54 26
54 27
54 28
54 30
54 31
54 32
54 33
54 34
54 35
54 37
54 38
54 39
54 40
54 41
54 42
54 43
54 44
54 45
54 46
54 47
54 48
54 49
54 50
54 51
54 52
54 53
54 55
54 56
54 57
56 25
21 33
21 39
21 51
33 39
33 51
39 51
2 3
2 7
2 9
2 16
2 20
2 22
2 32
2 40
2 42
2 50
3 7
3 9
3 16
3 20
3 22
3 32
3 40
3 42
3 50
7 9
7 16
7 20
7 22
7 32
7 35
7 37
7 40
7 42
7 50
9 16
9 20
9 22
9 32
9 34
9 35
9 37
9 40
9 42
9 43
9 50
16 20
16 22
16 32
16 40
16 42
16 50
20 22
20 32
20 34
20 35
20 37
20 40
20 42
20 43
20 50
22 32
22 34
22 35
22 37
22 40
22 42
22 43
22 50
32 40
32 42
32 50
40 6
40 19
40 34
40 35
40 37
40 42
40 43
40 44
40 50
42 50
50 19
50 34
50 35
50 37
50 41
50 43
50 44
34 35
34 37
34 43
35 6
35 37
35 43
37 43
43 19
43 44
8 27
8 31
8 47
8 55
27 12
27 31
27 45
27 47
27 55
31 47
31 55
47 23
47 41
47 55
55 12
55 45
11 12
11 13
11 14
11 17
11 46
11 48
11 52
11 53
12 13
12 14
12 17
12 18
12 26
12 38
12 45
12 46
12 48
12 49
12 52
12 53
13 14
13 17
13 46
13 48
13 52
13 53
14 17
14 46
14 48
14 52
14 53
17 46
17 48
17 52
17 53
46 48
46 52
46 53
48 52
48 53
52 53
18 26
18 38
18 49
26 38
26 49
38 49
19 44
23 41
24 28
24 30
24 57
28 30
28 57
30 57
