0 1
0 2
0 4
0 5
0 21
0 34
1 4
1 21
1 34
1 39
2 5
2 21
2 34
4 21
4 39
5 21
5 34
21 3
21 6
21 7
21 8
21 9
21 10
21 11
21 12
21 13
21 14
21 15
21 16
21 17
21 18
21 19
21 20
21 22
21 23
21 24
21 25
21 26
21 27
21 28
21 29
21 30
21 31
21 32
21 33
21 34
21 35
21 36
21 37
21 38
21 39
21 40
34 39
39 3
39 10
39 14
39 17
39 24
39 27
39 33
39 35
39 36
39 38
3 10
3 14
3 17
3 24
3 27
3 33
3 35
3 36
3 38
10 14
10 17
10 24
10 27
10 33
10 35
10 36
10 38
14 11
14 17
14 23
14 24
14 27
14 33
14 35
14 36
14 38
17 7
17 8
17 9
17 13
17 15
17 18
17 19
17 24
17 25
17 27
17 33
17 35
17 36
17 38
24 15
24 27
24 33
24 35
24 36
24 38
27 33
27 35
27 36
27 38
27 40
33 35
33 36
33 38
35 6
35 7
35 11
35 12
35 16
35 20
35 22
35 23
35 26
35 28
35 29
35 30
35 31
35 32
35 36
35 37
35 38
35 40
36 11
36 23
36 38
6 16
6 23
6 26
6 28
6 30
6 31
16 11
16 12
16 20
16 22
16 23
16 26
16 28
16 29
16 30
16 31
16 32
16 37
16 40
23 11
23 12
23 20
23 22
23 26
23 28
23 29
23 30
23 31
23 32
23 37
23 40
26 28
26 30
26 31
28 11
28 12
28 20
28 22
28 29
28 30
28 31
28 32
28 37
28 40
30 11
30 12
30 20
30 22
30 29
30 31
30 32
30 37
30 40
31 11
31 12
31 20
31 22
31 29
31 32
31 37
31 40
7 8
7 9
7 15
7 19
8 9
8 15
8 19
9 15
9 19
15 19
11 12
11 20
11 22
11 29
11 32
11 37
11 40
12 20
12 22
12 29
12 32
12 37
12 40
20 22
20 29
20 32
20 37
20 40
22 29
22 32
22 37
22 40
29 32
29 37
29 40
32 37
32 40
37 40
13 18
13 25
18 25
