0 1
0 6
0 8
0 9
0 15
0 18
0 29
0 35
0 38
0 41
0 42
0 43
0 47
0 51
0 56
0 58
0 60
0 62
1 8
1 9
1 11
1 15
1 22
1 23
1 29
1 31
1 35
1 37
1 38
1 41
1 42
1 43
1 45
1 47
1 48
1 52
1 55
1 56
1 58
1 60
1 62
6 5
6 10
6 11
6 13
6 14
6 22
6 23
6 29
6 32
6 35
6 36
6 41
6 43
6 45
6 47
6 56
6 58
6 60
6 61
6 64
6 69
8 18
8 29
8 35
8 38
8 41
8 42
8 45
8 47
8 48
8 52
8 58
8 60
8 62
8 70
9 4
9 5
9 21
9 25
9 35
9 36
9 37
9 41
9 42
9 43
9 45
9 47
9 52
9 58
9 60
9 61
9 62
9 72
15 7
15 10
15 11
15 16
15 23
15 27
15 29
15 35
15 40
15 47
15 48
15 51
15 56
15 60
15 62
15 65
15 70
18 35
18 38
18 41
18 42
18 45
18 47
18 58
18 60
18 71
29 3
29 26
29 35
29 38
29 41
29 42
29 43
29 47
29 51
29 56
29 58
29 60
29 62
29 69
29 70
35 2
35 3
35 4
35 5
35 7
35 10
35 11
35 14
35 19
35 20
35 21
35 22
35 23
35 25
35 28
35 30
35 31
35 36
35 37
35 38
35 39
35 40
35 41
35 42
35 43
35 44
35 45
35 47
35 48
35 49
35 50
35 52
35 55
35 56
35 58
35 59
35 60
35 61
35 62
35 63
35 65
35 66
35 67
35 69
35 70
35 71
35 72
38 23
38 28
38 40
38 41
38 42
38 43
38 45
38 47
38 48
38 50
38 52
38 55
38 58
38 60
38 62
38 70
41 2
41 5
41 7
41 10
41 11
41 14
41 22
41 25
41 30
41 36
41 42
41 43
41 45
41 47
41 48
41 52
41 58
41 60
41 61
41 62
41 66
41 70
41 72
42 11
42 39
42 43
42 47
42 52
42 58
42 60
43 3
43 11
43 25
43 45
43 47
43 52
43 56
43 58
43 60
43 62
47 2
47 3
47 4
47 5
47 7
47 10
47 11
47 12
47 13
47 14
47 16
47 17
47 19
47 20
47 21
47 22
47 23
47 24
47 25
47 26
47 27
47 28
47 30
47 31
47 32
47 33
47 34
47 36
47 37
47 39
47 40
47 44
47 45
47 46
47 48
47 49
47 50
47 51
47 52
47 53
47 54
47 55
47 56
47 57
47 58
47 59
47 60
47 61
47 62
47 63
47 64
47 65
47 66
47 67
47 68
47 69
47 70
47 71
47 72
51 11
51 34
51 40
51 56
51 62
51 63
51 65
51 70
56 2
56 3
56 7
56 11
56 20
56 22
56 23
56 25
56 32
56 48
56 52
56 55
56 58
56 60
56 65
56 69
56 71
58 2
58 3
58 4
58 5
58 7
58 11
58 14
58 16
58 17
58 19
58 21
58 22
58 23
58 24
58 25
58 28
58 30
58 31
58 32
58 39
58 40
58 44
58 45
58 46
58 48
58 49
58 50
58 52
58 53
58 54
58 57
58 60
58 61
58 62
58 63
58 65
58 66
58 69
58 71
58 72
60 2
60 3
60 4
60 5
60 7
60 14
60 25
60 30
60 36
60 45
60 48
60 52
60 55
60 61
60 62
60 66
60 69
60 71
60 72
62 10
62 37
62 45
62 52
62 70
11 7
11 13
11 14
11 16
11 22
11 23
11 24
11 32
11 48
11 63
11 64
11 65
11 71
11 72
22 5
22 10
22 23
22 36
22 45
22 61
23 4
23 7
23 13
23 16
23 17
23 19
23 21
23 24
23 25
23 26
23 28
23 31
23 32
23 39
23 40
23 44
23 45
23 46
23 48
23 49
23 50
23 52
23 53
23 54
23 57
23 61
23 63
23 64
23 65
23 66
23 69
23 71
23 72
31 4
31 19
31 21
31 44
31 52
31 63
37 4
37 5
37 21
37 33
37 36
37 44
37 52
37 63
37 72
45 2
45 4
45 5
45 14
45 25
45 28
45 36
45 40
45 48
45 50
45 52
45 54
45 66
45 69
45 71
48 20
48 36
48 39
48 40
48 52
48 55
48 67
48 69
48 71
48 72
52 4
52 7
52 10
52 25
52 28
52 30
52 33
52 39
52 40
52 50
52 53
52 54
52 55
52 61
52 63
52 65
52 66
52 69
52 71
52 72
2 12
2 25
2 30
2 33
2 36
2 69
12 25
25 5
25 10
25 19
25 33
25 36
25 63
25 65
25 69
25 71
30 16
30 17
30 21
30 61
30 63
33 27
33 36
33 68
33 70
33 72
36 4
36 5
36 7
36 10
36 14
36 61
36 72
69 28
69 32
69 39
69 49
69 54
69 61
69 63
69 65
69 66
69 71
69 72
4 5
4 19
4 21
4 44
4 63
4 66
5 7
5 10
5 14
5 28
5 61
5 72
19 7
19 16
19 21
19 24
19 39
19 44
19 63
19 65
21 17
21 44
21 63
44 17
44 63
63 7
63 16
63 24
63 28
63 39
63 46
63 65
63 66
63 71
63 72
66 28
66 39
66 65
66 71
66 72
7 16
7 24
7 28
7 32
7 39
7 46
7 65
10 61
14 28
14 61
28 16
28 17
28 24
28 39
28 40
28 46
28 49
28 50
28 53
28 54
28 57
28 61
28 65
28 71
28 72
61 49
72 39
72 65
72 70
72 71
13 32
13 64
32 64
32 65
16 24
16 39
16 46
16 49
16 65
24 39
24 46
24 65
39 46
39 65
39 71
46 65
65 71
70 27
70 68
27 68
40 50
49 17
49 53
49 57
17 50
17 53
17 57
50 53
53 57
57 67
20 67
