0 3
0 8
0 13
0 20
0 30
0 49
0 50
0 66
0 70
3 1
3 2
3 4
3 5
3 6
3 7
3 8
3 9
3 10
3 11
3 12
3 13
3 14
3 15
3 16
3 17
3 18
3 19
3 20
3 21
3 22
3 23
3 24
3 25
3 26
3 27
3 28
3 29
3 30
3 31
3 32
3 33
3 34
3 35
3 36
3 37
3 38
3 39
3 40
3 41
3 42
3 43
3 44
3 45
3 46
3 47
3 48
3 49
3 50
3 51
3 52
3 53
3 54
3 55
3 56
3 57
3 58
3 59
3 60
3 61
3 62
3 63
3 64
3 65
3 66
3 67
3 68
3 69
3 70
3 71
3 72
3 73
3 74
3 75
3 76
3 77
3 78
3 79
3 80
3 81
8 13
8 20
8 23
8 30
8 49
8 50
8 54
8 58
8 66
8 70
13 20
13 23
13 30
13 49
13 50
13 54
13 58
13 66
13 70
20 23
20 30
20 49
20 50
20 66
20 70
30 23
30 49
30 50
30 54
30 58
30 66
30 70
49 23
49 50
49 66
49 70
50 1
50 2
50 4
50 5
50 6
50 7
50 9
50 10
50 12
50 14
50 15
50 16
50 17
50 18
50 19
50 21
50 22
50 23
50 24
50 25
50 26
50 27
50 28
50 29
50 31
50 32
50 33
50 34
50 35
50 36
50 37
50 38
50 39
50 40
50 41
50 42
50 43
50 44
50 46
50 47
50 48
50 51
50 52
50 53
50 54
50 55
50 56
50 57
50 58
50 59
50 60
50 61
50 62
50 63
50 64
50 65
50 66
50 67
50 68
50 69
50 70
50 71
50 72
50 73
50 74
50 75
50 76
50 77
50 79
50 80
50 81
66 54
66 58
66 70
70 54
70 58
1 15
1 53
15 11
15 16
15 45
15 53
15 78
53 11
53 45
53 78
2 7
2 69
2 74
7 69
7 74
69 24
69 27
69 31
69 38
69 39
69 40
69 42
69 43
69 48
69 57
69 61
69 65
69 71
69 72
69 73
69 74
69 76
4 22
4 33
4 56
5 18
5 34
5 63
6 36
6 39
9 17
9 37
10 25
10 47
10 55
10 68
11 45
11 78
12 28
12 75
14 19
14 35
14 62
14 67
17 37
18 34
18 44
18 52
18 63
18 67
18 71
18 80
19 35
19 62
19 67
21 41
21 51
21 77
22 33
22 56
24 38
24 39
24 40
24 42
24 73
25 47
25 55
25 68
26 64
26 77
27 39
27 42
27 57
27 62
27 65
27 73
27 76
28 75
31 39
31 71
31 72
31 73
32 57
32 59
32 77
33 56
34 63
34 80
35 62
35 67
36 39
38 39
38 40
38 42
38 73
39 40
39 42
39 43
39 47
39 57
39 65
39 71
39 72
39 73
39 76
40 42
40 73
41 51
41 71
41 77
42 43
42 48
42 57
42 65
42 73
42 76
43 73
44 67
44 79
44 80
44 81
45 78
46 77
47 55
47 68
48 73
51 77
52 60
52 71
54 58
55 68
57 59
57 62
57 65
57 73
57 76
57 77
59 77
61 73
62 67
64 77
65 73
65 76
67 79
67 80
67 81
71 72
71 73
72 73
73 76
79 80
79 81
80 81
