0 9
0 10
0 18
0 19
9 2
9 4
9 5
9 6
9 10
9 13
9 18
9 19
9 24
9 31
9 35
9 45
10 13
10 18
10 19
10 31
18 1
18 6
18 13
18 19
18 21
18 31
18 35
18 45
19 1
19 2
19 3
19 4
19 5
19 6
19 7
19 8
19 11
19 12
19 13
19 14
19 15
19 16
19 17
19 20
19 21
19 22
19 23
19 24
19 25
19 26
19 27
19 28
19 29
19 30
19 31
19 32
19 33
19 34
19 35
19 36
19 37
19 38
19 39
19 40
19 41
19 42
19 43
19 44
19 45
1 21
1 22
1 32
1 35
1 39
1 42
1 45
21 22
21 32
21 35
21 39
21 42
21 45
22 11
22 32
22 39
22 42
22 45
32 39
32 42
32 45
35 6
35 45
39 42
39 45
42 45
45 2
45 4
45 5
45 6
45 14
45 24
45 28
45 34
2 4
2 5
2 6
2 11
2 24
2 36
2 37
2 41
4 3
4 5
4 6
4 7
4 8
4 11
4 12
4 20
4 24
4 25
4 27
4 29
4 30
4 43
4 44
5 3
5 6
5 7
5 8
5 11
5 12
5 16
5 20
5 24
5 25
5 27
5 29
5 30
5 43
5 44
6 24
11 3
11 12
11 30
11 43
11 44
36 15
36 16
36 17
36 23
36 37
36 41
37 15
37 16
37 17
37 23
37 25
37 41
41 15
41 16
41 17
41 23
3 20
3 25
3 29
20 8
20 25
20 29
25 29
7 8
7 12
7 27
8 12
8 27
12 27
12 30
12 43
12 44
30 43
30 44
43 44
16 15
16 17
16 23
16 40
13 31
14 28
14 34
28 34
15 17
15 23
15 40
17 23
23 40
40 38
26 33
