0 1
0 2
0 4
0 9
0 13
0 15
0 21
0 41
1 2
1 4
1 9
1 13
1 15
1 21
1 24
1 31
1 37
1 41
2 4
2 9
2 13
2 15
2 21
2 41
4 9
4 13
4 15
4 21
4 24
4 31
4 37
4 41
9 13
9 15
9 18
9 21
9 41
13 3
13 5
13 6
13 7
13 8
13 10
13 11
13 12
13 14
13 15
13 16
13 17
13 18
13 19
13 20
13 21
13 22
13 23
13 24
13 25
13 26
13 27
13 28
13 29
13 30
13 31
13 32
13 33
13 34
13 35
13 36
13 37
13 38
13 39
13 40
13 41
15 21
15 24
15 31
15 37
15 41
21 41
41 18
41 19
41 27
24 10
24 23
24 32
24 34
24 35
24 40
31 12
31 20
31 37
31 38
37 12
37 20
37 38
3 6
3 11
3 12
3 16
3 23
3 34
3 39
6 16
6 23
11 7
11 12
11 16
11 22
11 27
11 30
11 34
11 39
11 40
12 5
12 8
12 16
12 20
12 25
12 27
12 30
12 34
12 38
12 39
16 7
16 23
16 26
16 28
16 30
16 34
16 36
16 39
23 7
23 26
23 28
23 32
23 34
23 36
23 40
34 10
34 26
34 28
34 30
34 32
34 35
34 36
34 39
34 40
5 8
5 25
5 27
8 25
8 27
27 14
27 17
27 18
27 19
27 22
27 29
27 33
7 17
7 32
7 36
7 40
17 18
17 22
17 29
17 32
17 33
17 40
32 10
32 35
32 40
36 26
36 28
40 10
40 35
18 19
10 35
22 14
22 29
22 33
20 38
26 28
29 33
