0 1
0 2
0 4
0 9
0 10
0 12
0 18
0 19
0 21
0 26
0 35
0 39
0 43
0 45
0 62
0 63
0 67
0 72
1 6
1 7
1 8
1 9
1 11
1 12
1 16
1 23
1 34
1 36
1 37
1 39
1 41
1 44
1 62
1 64
1 70
2 4
2 9
2 10
2 12
2 14
2 15
2 19
2 21
2 26
2 28
2 32
2 35
2 38
2 39
2 41
2 43
2 45
2 54
2 55
2 59
2 60
2 63
2 66
2 67
2 69
2 71
4 6
4 7
4 9
4 10
4 11
4 15
4 16
4 18
4 19
4 20
4 21
4 22
4 24
4 26
4 28
4 30
4 32
4 33
4 35
4 38
4 39
4 41
4 43
4 45
4 47
4 50
4 53
4 54
4 55
4 57
4 59
4 60
4 62
4 63
4 66
4 67
4 69
4 70
4 71
4 72
9 10
9 12
9 14
9 15
9 17
9 18
9 19
9 21
9 22
9 26
9 28
9 32
9 35
9 38
9 39
9 41
9 42
9 43
9 45
9 46
9 52
9 54
9 55
9 57
9 59
9 60
9 63
9 66
9 67
9 69
9 71
9 72
10 18
10 19
10 21
10 26
10 32
10 35
10 38
10 39
10 41
10 43
10 44
10 54
10 55
10 59
10 60
10 62
10 63
10 66
10 67
10 71
12 6
12 7
12 8
12 11
12 14
12 16
12 19
12 23
12 28
12 36
12 37
12 38
12 39
12 41
12 43
12 44
12 62
12 64
12 69
12 70
18 15
18 19
18 22
18 26
18 32
18 39
18 43
18 57
18 59
18 63
18 66
18 67
18 69
18 70
18 71
18 72
19 6
19 7
19 11
19 16
19 21
19 32
19 35
19 38
19 39
19 41
19 43
19 45
19 55
19 59
19 60
19 63
19 66
19 67
19 70
19 71
21 7
21 16
21 26
21 32
21 35
21 39
21 43
21 44
21 45
21 54
21 55
21 57
21 60
21 62
21 63
21 66
21 67
21 72
26 7
26 11
26 16
26 24
26 36
26 39
26 44
26 45
26 53
26 54
26 62
26 63
26 65
26 67
26 71
26 72
35 14
35 15
35 39
35 43
35 45
35 55
35 57
35 60
35 63
35 66
35 67
39 3
39 5
39 6
39 7
39 8
39 11
39 13
39 14
39 15
39 16
39 17
39 20
39 22
39 23
39 24
39 25
39 27
39 28
39 29
39 30
39 31
39 32
39 33
39 34
39 36
39 37
39 38
39 40
39 41
39 42
39 43
39 44
39 45
39 46
39 47
39 48
39 49
39 50
39 51
39 52
39 53
39 54
39 55
39 56
39 57
39 58
39 59
39 60
39 61
39 62
39 63
39 64
39 65
39 66
39 67
39 68
39 69
39 70
39 71
39 72
43 15
43 23
43 32
43 38
43 41
43 45
43 55
43 59
43 60
43 63
43 66
43 67
43 70
43 71
45 7
45 16
45 24
45 53
45 54
45 62
45 63
45 67
62 6
62 7
62 11
62 16
62 20
62 22
62 24
62 28
62 30
62 31
62 41
62 44
62 53
62 54
62 63
62 72
63 6
63 7
63 14
63 15
63 16
63 17
63 20
63 22
63 24
63 28
63 30
63 32
63 33
63 38
63 41
63 42
63 44
63 46
63 50
63 52
63 53
63 54
63 55
63 57
63 58
63 59
63 60
63 66
63 67
63 69
63 70
63 71
63 72
67 14
67 15
67 16
67 17
67 22
67 24
67 28
67 32
67 38
67 41
67 42
67 46
67 50
67 52
67 54
67 55
67 57
67 58
67 59
67 60
67 66
67 69
67 70
67 71
67 72
72 7
72 15
72 16
72 22
72 24
72 28
72 32
72 33
72 50
72 54
72 57
72 66
72 69
72 70
6 3
6 7
6 8
6 11
6 16
6 23
6 28
6 33
6 36
6 37
6 38
6 41
6 44
6 54
6 64
6 70
7 8
7 11
7 16
7 20
7 22
7 23
7 24
7 27
7 28
7 30
7 36
7 37
7 38
7 40
7 41
7 44
7 48
7 53
7 54
7 64
7 65
7 69
7 70
8 11
8 16
8 23
8 34
8 36
8 37
8 41
8 44
8 64
11 15
11 16
11 23
11 28
11 36
11 37
11 38
11 41
11 44
11 48
11 64
11 65
16 15
16 20
16 22
16 23
16 24
16 27
16 28
16 30
16 34
16 36
16 37
16 38
16 41
16 44
16 47
16 48
16 53
16 54
16 64
16 70
23 15
23 36
23 37
23 41
23 44
23 64
34 3
34 5
34 14
34 24
34 27
34 29
34 31
34 36
34 40
34 41
34 51
34 59
34 65
34 68
36 37
36 41
36 44
36 64
36 65
37 41
37 44
37 64
41 32
41 38
41 44
41 55
41 59
41 60
41 64
41 66
41 68
41 70
41 71
44 13
44 22
44 24
44 25
44 27
44 33
44 47
44 48
44 49
44 53
44 56
44 61
44 64
70 3
70 15
70 17
70 28
70 33
70 42
70 46
70 54
70 58
70 59
14 15
14 28
14 29
14 48
14 52
14 54
14 69
15 22
15 28
15 32
15 33
15 52
15 54
15 57
15 66
15 69
28 3
28 17
28 20
28 22
28 30
28 33
28 42
28 46
28 47
28 48
28 52
28 53
28 54
28 58
28 69
32 22
32 38
32 50
32 55
32 57
32 59
32 60
32 66
32 69
32 71
38 55
38 59
38 60
38 66
38 71
54 20
54 22
54 30
54 33
54 47
54 48
54 53
54 69
55 59
55 60
55 66
55 71
59 31
59 60
59 66
59 71
60 66
60 71
66 22
66 50
66 57
66 69
66 71
69 22
69 24
69 33
69 48
69 50
69 57
69 71
3 5
3 31
3 51
3 68
5 27
5 29
5 40
5 51
5 65
5 68
31 27
31 48
31 51
31 68
51 29
51 68
68 24
68 27
68 29
20 22
20 30
20 53
22 13
22 24
22 27
22 30
22 33
22 47
22 48
22 49
22 53
22 56
22 57
22 61
24 13
24 27
24 29
24 33
24 47
24 48
24 49
24 53
24 56
24 57
24 61
24 65
30 53
33 13
33 25
33 27
33 47
33 48
33 49
33 53
33 56
33 61
47 13
47 25
47 27
47 48
47 49
47 53
47 56
47 61
53 13
53 27
53 48
53 49
53 56
53 61
57 17
57 42
57 46
27 13
27 25
27 40
27 42
27 48
27 49
27 56
27 61
27 65
40 65
48 13
48 25
48 49
48 56
48 61
17 42
17 46
17 58
42 46
42 58
46 58
13 25
13 49
13 56
13 61
25 56
49 56
49 61
56 61
