0 3
0 6
0 11
0 24
0 25
0 31
0 37
0 38
0 39
0 44
0 45
0 47
0 53
0 54
0 56
0 61
0 78
0 80
0 84
0 85
0 97
0 109
0 115
0 116
0 118
0 127
0 129
3 6
3 11
3 19
3 22
3 24
3 25
3 31
3 37
3 38
3 39
3 44
3 45
3 47
3 53
3 54
3 56
3 61
3 78
3 80
3 84
3 85
3 97
3 109
3 115
3 116
3 118
3 127
3 129
3 134
6 1
6 2
6 4
6 5
6 7
6 8
6 9
6 10
6 11
6 12
6 13
6 14
6 15
6 16
6 17
6 18
6 19
6 20
6 21
6 22
6 23
6 24
6 25
6 26
6 27
6 28
6 29
6 30
6 31
6 32
6 33
6 34
6 35
6 36
6 37
6 38
6 39
6 40
6 41
6 42
6 43
6 44
6 45
6 46
6 47
6 48
6 49
6 50
6 51
6 52
6 53
6 54
6 55
6 56
6 57
6 58
6 59
6 60
6 61
6 62
6 63
6 64
6 65
6 66
6 67
6 68
6 69
6 70
6 71
6 72
6 73
6 74
6 75
6 76
6 77
6 78
6 79
6 80
6 81
6 82
6 83
6 84
6 85
6 86
6 87
6 88
6 89
6 90
6 91
6 92
6 93
6 94
6 95
6 96
6 97
6 98
6 99
6 100
6 101
6 102
6 103
6 104
6 105
6 106
6 107
6 108
6 109
6 110
6 111
6 112
6 113
6 114
6 115
6 116
6 117
6 118
6 119
6 120
6 121
6 122
6 123
6 124
6 125
6 126
6 127
6 128
6 129
6 130
6 131
6 132
6 133
6 134
11 5
11 12
11 24
11 25
11 31
11 33
11 34
11 35
11 37
11 38
11 39
11 41
11 43
11 44
11 45
11 47
11 50
11 53
11 54
11 56
11 60
11 61
11 65
11 66
11 69
11 71
11 72
11 78
11 79
11 80
11 84
11 85
11 86
11 88
11 97
11 100
11 109
11 115
11 116
11 118
11 124
11 127
11 129
24 13
24 25
24 31
24 37
24 38
24 39
24 44
24 45
24 47
24 50
24 53
24 54
24 55
24 56
24 61
24 78
24 80
24 84
24 85
24 97
24 109
24 113
24 115
24 116
24 118
24 127
24 129
25 12
25 18
25 26
25 31
25 37
25 38
25 39
25 43
25 44
25 45
25 47
25 53
25 54
25 56
25 61
25 64
25 78
25 80
25 84
25 85
25 88
25 97
25 106
25 109
25 110
25 115
25 116
25 118
25 127
25 129
25 130
31 2
31 10
31 26
31 28
31 37
31 38
31 39
31 40
31 43
31 44
31 45
31 47
31 53
31 54
31 56
31 61
31 63
31 64
31 68
31 72
31 78
31 80
31 84
31 85
31 88
31 91
31 92
31 95
31 97
31 99
31 103
31 109
31 115
31 116
31 118
31 126
31 127
31 129
31 131
37 26
37 27
37 33
37 38
37 39
37 40
37 44
37 45
37 47
37 50
37 53
37 54
37 56
37 61
37 78
37 80
37 84
37 85
37 97
37 105
37 109
37 110
37 115
37 116
37 118
37 127
37 129
37 130
38 12
38 18
38 27
38 33
38 39
38 40
38 43
38 44
38 45
38 47
38 53
38 54
38 55
38 56
38 61
38 64
38 78
38 80
38 84
38 85
38 88
38 97
38 106
38 109
38 112
38 115
38 116
38 118
38 123
38 127
38 129
38 130
38 134
39 36
39 44
39 45
39 47
39 53
39 54
39 56
39 61
39 78
39 80
39 84
39 85
39 97
39 109
39 115
39 116
39 118
39 127
39 129
44 26
44 30
44 45
44 47
44 51
44 53
44 54
44 56
44 61
44 78
44 80
44 84
44 85
44 97
44 109
44 110
44 115
44 116
44 118
44 127
44 129
45 2
45 8
45 15
45 16
45 26
45 46
45 47
45 53
45 54
45 56
45 59
45 61
45 62
45 68
45 69
45 75
45 78
45 80
45 82
45 84
45 85
45 90
45 93
45 94
45 97
45 98
45 104
45 109
45 110
45 114
45 115
45 116
45 117
45 118
45 119
45 120
45 122
45 127
45 129
45 130
45 133
45 134
47 7
47 8
47 15
47 16
47 26
47 27
47 30
47 33
47 40
47 46
47 53
47 54
47 55
47 56
47 59
47 61
47 62
47 64
47 68
47 69
47 73
47 75
47 78
47 80
47 82
47 84
47 85
47 90
47 93
47 94
47 97
47 98
47 104
47 109
47 110
47 112
47 114
47 115
47 116
47 117
47 118
47 119
47 120
47 122
47 127
47 129
47 130
47 133
53 5
53 12
53 18
53 34
53 40
53 41
53 43
53 54
53 56
53 61
53 65
53 66
53 72
53 78
53 79
53 80
53 84
53 85
53 86
53 88
53 97
53 108
53 109
53 115
53 116
53 118
53 124
53 127
53 129
54 26
54 56
54 61
54 78
54 80
54 84
54 85
54 97
54 106
54 109
54 110
54 115
54 116
54 118
54 119
54 127
54 129
54 134
56 1
56 2
56 4
56 5
56 7
56 12
56 23
56 27
56 28
56 30
56 32
56 34
56 40
56 41
56 42
56 43
56 48
56 49
56 51
56 55
56 58
56 61
56 64
56 65
56 66
56 68
56 70
56 72
56 73
56 78
56 79
56 80
56 83
56 84
56 85
56 86
56 88
56 91
56 95
56 97
56 99
56 102
56 103
56 105
56 108
56 109
56 110
56 112
56 115
56 116
56 118
56 124
56 126
56 127
56 129
56 131
61 26
61 78
61 80
61 84
61 85
61 97
61 109
61 110
61 115
61 116
61 118
61 127
61 129
78 2
78 5
78 12
78 28
78 34
78 41
78 43
78 64
78 65
78 66
78 68
78 72
78 79
78 80
78 84
78 85
78 86
78 88
78 91
78 95
78 97
78 98
78 103
78 109
78 115
78 116
78 118
78 124
78 126
78 127
78 129
78 130
78 131
80 5
80 8
80 12
80 15
80 16
80 26
80 34
80 41
80 43
80 46
80 59
80 62
80 65
80 66
80 68
80 69
80 72
80 75
80 79
80 82
80 84
80 85
80 86
80 88
80 90
80 93
80 94
80 97
80 98
80 104
80 109
80 110
80 112
80 114
80 115
80 116
80 117
80 118
80 119
80 120
80 122
80 124
80 125
80 127
80 129
80 130
80 132
80 133
84 30
84 85
84 97
84 108
84 109
84 115
84 116
84 118
84 127
84 129
85 26
85 27
85 33
85 40
85 97
85 106
85 109
85 110
85 115
85 116
85 118
85 127
85 129
85 130
85 134
97 8
97 12
97 18
97 19
97 22
97 26
97 33
97 36
97 40
97 43
97 49
97 55
97 62
97 64
97 67
97 68
97 70
97 76
97 88
97 94
97 99
97 106
97 109
97 112
97 115
97 116
97 118
97 123
97 127
97 129
97 130
97 134
109 5
109 33
109 35
109 60
109 69
109 71
109 79
109 100
109 115
109 116
109 118
109 123
109 127
109 128
109 129
115 1
115 7
115 27
115 32
115 49
115 64
115 91
115 108
115 116
115 118
115 127
115 129
115 130
116 8
116 15
116 16
116 27
116 30
116 40
116 46
116 59
116 62
116 63
116 64
116 68
116 69
116 75
116 82
116 90
116 93
116 94
116 98
116 104
116 110
116 114
116 117
116 118
116 119
116 120
116 122
116 127
116 129
116 130
116 133
118 4
118 7
118 27
118 30
118 42
118 48
118 51
118 87
118 108
118 127
118 129
127 26
127 33
127 40
127 55
127 99
127 110
127 112
127 129
127 130
129 5
129 12
129 17
129 20
129 22
129 29
129 33
129 34
129 35
129 36
129 40
129 41
129 43
129 49
129 51
129 52
129 55
129 57
129 60
129 65
129 66
129 69
129 71
129 72
129 79
129 81
129 86
129 87
129 88
129 92
129 96
129 99
129 100
129 107
129 112
129 124
129 125
129 126
129 128
129 131
129 132
129 134
1 4
1 7
1 23
1 27
1 30
1 32
1 42
1 48
1 58
1 73
1 83
1 102
1 105
1 108
4 7
4 23
4 27
4 30
4 32
4 42
4 48
4 58
4 73
4 83
4 102
4 105
4 108
7 23
7 27
7 30
7 32
7 42
7 48
7 58
7 73
7 83
7 94
7 102
7 105
7 108
23 27
23 30
23 32
23 42
23 48
23 58
23 73
23 83
23 102
23 105
23 108
27 12
27 18
27 30
27 32
27 33
27 40
27 42
27 48
27 50
27 55
27 58
27 73
27 83
27 102
27 105
27 108
30 18
30 32
30 42
30 48
30 51
30 58
30 73
30 83
30 102
30 105
30 108
32 42
32 48
32 58
32 73
32 83
32 102
32 105
32 108
42 29
42 40
42 48
42 58
42 73
42 83
42 102
42 105
42 108
42 128
42 134
48 49
48 58
48 73
48 83
48 102
48 105
48 108
58 49
58 73
58 83
58 102
58 105
58 108
73 83
73 102
73 105
73 108
83 102
83 105
83 108
102 29
102 40
102 49
102 105
102 108
105 29
105 40
105 49
105 108
2 8
2 28
2 43
2 64
2 68
2 88
2 91
2 95
2 103
2 110
2 126
2 131
2 134
8 15
8 16
8 46
8 59
8 62
8 68
8 69
8 75
8 82
8 90
8 93
8 94
8 98
8 101
8 104
8 110
8 111
8 114
8 117
8 119
8 120
8 122
8 130
8 133
8 134
28 10
28 13
28 21
28 43
28 50
28 55
28 63
28 64
28 68
28 88
28 89
28 91
28 92
28 95
28 103
28 126
28 131
28 134
43 5
43 12
43 18
43 34
43 41
43 64
43 65
43 66
43 68
43 70
43 72
43 79
43 86
43 88
43 91
43 95
43 103
43 106
43 119
43 122
43 124
43 126
43 130
43 131
64 12
64 18
64 66
64 68
64 88
64 91
64 95
64 101
64 103
64 106
64 126
64 130
64 131
68 12
68 15
68 16
68 26
68 46
68 50
68 55
68 59
68 62
68 69
68 70
68 72
68 74
68 75
68 82
68 88
68 90
68 91
68 93
68 94
68 95
68 98
68 101
68 103
68 104
68 110
68 111
68 114
68 117
68 119
68 120
68 122
68 123
68 124
68 126
68 130
68 131
68 133
88 5
88 12
88 18
88 34
88 41
88 65
88 66
88 72
88 79
88 86
88 91
88 95
88 103
88 106
88 124
88 126
88 130
88 131
91 95
91 103
91 126
91 131
95 63
95 103
95 126
95 131
103 13
103 21
103 55
103 74
103 86
103 89
103 119
103 126
103 131
110 15
110 16
110 26
110 40
110 46
110 59
110 62
110 63
110 65
110 69
110 72
110 75
110 82
110 90
110 93
110 94
110 98
110 101
110 104
110 111
110 114
110 117
110 119
110 120
110 122
110 126
110 130
110 133
110 134
126 65
126 72
126 131
131 5
131 17
131 20
131 29
131 35
131 51
131 52
131 57
131 81
131 86
131 87
131 92
131 96
131 107
131 112
131 125
131 132
134 12
134 14
134 19
134 21
134 22
134 26
134 29
134 33
134 36
134 40
134 49
134 50
134 55
134 62
134 67
134 74
134 76
134 81
134 99
134 106
134 121
19 22
19 55
19 74
19 89
22 33
22 36
22 40
22 49
22 67
22 76
22 87
22 99
22 106
5 12
5 17
5 20
5 29
5 33
5 34
5 35
5 41
5 51
5 52
5 57
5 60
5 65
5 66
5 69
5 71
5 72
5 79
5 81
5 86
5 87
5 92
5 96
5 99
5 100
5 107
5 112
5 124
5 125
5 128
5 132
12 9
12 13
12 14
12 18
12 20
12 33
12 34
12 35
12 40
12 41
12 49
12 55
12 65
12 66
12 69
12 70
12 71
12 72
12 76
12 79
12 86
12 98
12 99
12 100
12 106
12 121
12 124
12 130
17 20
17 29
17 35
17 51
17 52
17 57
17 81
17 87
17 92
17 96
17 100
17 107
17 112
17 125
17 132
20 29
20 35
20 51
20 52
20 57
20 69
20 81
20 87
20 92
20 96
20 107
20 112
20 125
20 132
29 35
29 51
29 52
29 57
29 81
29 87
29 92
29 96
29 107
29 112
29 125
29 132
33 14
33 35
33 36
33 40
33 49
33 60
33 67
33 69
33 71
33 76
33 79
33 99
33 100
33 106
33 123
33 128
34 41
34 65
34 66
34 72
34 79
34 86
34 124
35 51
35 52
35 57
35 60
35 69
35 71
35 79
35 81
35 86
35 87
35 92
35 96
35 99
35 100
35 107
35 112
35 125
35 128
35 132
41 65
41 66
41 72
41 79
41 86
41 124
51 52
51 57
51 81
51 87
51 92
51 96
51 107
51 112
51 125
51 132
52 57
52 81
52 86
52 87
52 92
52 96
52 107
52 112
52 125
52 132
57 81
57 87
57 92
57 96
57 107
57 112
57 125
57 132
60 69
60 71
60 79
60 100
65 49
65 66
65 71
65 72
65 79
65 86
65 99
65 124
66 72
66 79
66 86
66 101
66 124
69 15
69 16
69 46
69 59
69 62
69 71
69 75
69 79
69 82
69 90
69 93
69 94
69 98
69 99
69 100
69 101
69 104
69 111
69 114
69 117
69 119
69 120
69 122
69 124
69 125
69 128
69 130
69 133
71 14
71 18
71 49
71 79
71 99
71 100
71 106
71 128
72 26
72 50
72 70
72 79
72 86
72 94
72 123
72 124
79 86
79 100
79 124
81 14
81 50
81 55
81 74
81 77
81 87
81 92
81 96
81 99
81 107
81 112
81 125
81 132
86 124
87 92
87 96
87 107
87 112
87 125
87 132
92 10
92 55
92 63
92 96
92 107
92 112
92 125
92 132
96 107
96 112
96 125
96 132
99 14
99 18
99 36
99 40
99 49
99 50
99 55
99 67
99 76
99 77
99 100
99 106
100 128
107 112
107 125
107 132
112 40
112 55
112 125
112 132
124 122
124 125
125 13
125 26
125 132
9 13
9 18
9 21
9 55
9 74
9 121
10 63
13 18
13 21
13 50
13 55
13 74
13 89
13 113
14 18
14 49
14 50
14 55
14 77
15 16
15 46
15 59
15 62
15 75
15 82
15 90
15 93
15 94
15 98
15 104
15 114
15 117
15 119
15 120
15 122
15 130
15 133
16 46
16 59
16 62
16 75
16 82
16 90
16 93
16 94
16 98
16 104
16 114
16 117
16 119
16 120
16 122
16 130
16 133
18 21
18 40
18 49
18 50
18 55
18 74
18 89
18 101
18 121
18 130
21 55
21 74
21 89
21 121
21 123
26 50
26 55
26 70
26 94
26 123
26 130
36 40
36 49
36 67
36 76
36 106
40 49
40 55
40 67
40 76
40 106
46 59
46 62
46 75
46 82
46 90
46 93
46 94
46 98
46 104
46 114
46 117
46 119
46 120
46 122
46 130
46 133
49 67
49 76
49 106
50 55
50 70
50 77
50 94
50 113
50 121
50 123
55 74
55 77
55 89
55 113
55 121
55 130
59 62
59 75
59 82
59 90
59 93
59 94
59 98
59 104
59 114
59 117
59 119
59 120
59 122
59 130
59 133
62 75
62 82
62 90
62 93
62 94
62 98
62 104
62 114
62 117
62 119
62 120
62 122
62 130
62 133
63 94
67 76
70 94
70 123
74 89
74 113
74 121
74 130
75 82
75 90
75 93
75 94
75 98
75 104
75 114
75 117
75 119
75 120
75 122
75 130
75 133
76 106
82 90
82 93
82 94
82 98
82 104
82 114
82 117
82 119
82 120
82 122
82 130
82 133
89 130
90 93
90 94
90 98
90 104
90 114
90 117
90 119
90 120
90 122
90 130
90 133
93 94
93 98
93 104
93 114
93 117
93 119
93 120
93 122
93 130
93 133
94 98
94 104
94 114
94 117
94 119
94 120
94 122
94 123
94 130
94 133
98 104
98 114
98 117
98 119
98 120
98 122
98 130
98 133
101 104
101 111
104 111
104 114
104 117
104 119
104 120
104 122
104 130
104 133
106 130
114 117
114 119
114 120
114 122
114 130
114 133
117 119
117 120
117 122
117 130
117 133
119 120
119 122
119 130
119 133
120 122
120 130
120 133
122 130
122 133
130 133
