0 1
0 13
0 15
0 28
0 32
1 15
1 28
1 32
13 10
13 12
13 28
13 31
15 22
15 28
15 32
28 2
28 3
28 4
28 5
28 6
28 7
28 8
28 9
28 10
28 11
28 12
28 14
28 16
28 17
28 18
28 19
28 20
28 21
28 22
28 23
28 24
28 25
28 26
28 27
28 29
28 30
28 31
28 32
28 33
28 34
28 35
32 8
32 11
32 14
32 19
32 20
32 22
32 23
32 24
32 33
2 9
2 16
2 21
9 16
9 21
16 21
21 4
3 6
3 26
6 26
5 7
5 17
5 18
5 25
5 29
5 30
5 35
7 17
7 18
7 25
7 29
7 30
7 35
17 18
17 25
17 29
17 30
17 35
18 25
18 29
18 30
18 35
25 29
25 30
25 35
29 30
29 35
30 35
8 20
8 33
20 33
10 27
27 12
27 31
27 34
11 23
11 24
23 24
12 31
12 34
31 34
14 19
14 22
19 22
