0 4
0 22
0 26
0 32
0 38
0 42
0 46
4 22
4 26
4 32
4 38
4 42
4 46
22 1
22 2
22 3
22 5
22 6
22 7
22 8
22 9
22 10
22 11
22 12
22 13
22 14
22 15
22 16
22 17
22 18
22 19
22 20
22 21
22 23
22 24
22 25
22 26
22 27
22 28
22 29
22 30
22 31
22 32
22 33
22 34
22 35
22 36
22 37
22 38
22 39
22 40
22 41
22 42
22 43
22 44
22 45
22 46
22 47
22 48
22 49
22 50
22 51
22 52
22 53
22 54
22 55
22 56
26 32
26 38
26 42
26 46
32 38
32 42
32 46
38 42
38 46
42 46
1 2
1 21
1 27
1 55
1 56
2 5
2 21
2 24
2 28
2 41
2 52
2 54
2 55
2 56
21 55
21 56
27 55
55 5
55 24
55 28
55 41
55 52
55 54
55 56
56 5
5 24
5 41
5 52
5 54
24 41
24 52
24 54
28 54
41 52
41 54
52 54
3 12
3 13
3 14
3 15
3 19
3 23
3 30
3 31
3 40
3 49
3 50
12 13
12 14
12 15
12 17
12 19
12 23
12 30
12 31
12 33
12 39
12 40
12 49
12 50
13 8
13 14
13 15
13 19
13 23
13 30
13 31
13 40
13 49
13 50
14 15
14 19
14 23
14 30
14 31
14 40
14 49
14 50
15 19
15 23
15 30
15 31
15 40
15 49
15 50
19 23
19 30
19 31
19 40
19 49
19 50
23 30
23 31
23 34
23 40
23 49
23 50
30 8
30 31
30 40
30 49
30 50
31 40
31 49
31 50
40 18
40 34
40 35
40 47
40 49
40 50
49 17
49 33
49 39
49 50
50 6
50 8
50 29
50 34
50 37
50 45
50 48
6 8
6 34
8 34
34 18
7 11
7 20
7 36
7 51
11 20
11 36
11 51
20 36
20 51
36 35
36 51
9 16
9 44
16 44
10 25
10 43
10 53
43 53
17 33
17 39
33 39
18 35
18 47
35 47
29 37
29 45
29 48
37 45
37 48
45 48
