0 1
0 6
0 15
0 28
0 37
0 39
0 56
0 62
0 74
0 86
0 94
1 3
1 6
1 15
1 28
1 37
1 39
1 43
1 56
1 62
1 74
1 80
1 84
1 86
1 94
6 3
6 15
6 28
6 37
6 39
6 43
6 56
6 62
6 74
6 80
6 84
6 86
6 94
15 19
15 28
15 37
15 39
15 40
15 56
15 62
15 74
15 86
15 89
15 94
28 17
28 25
28 37
28 39
28 40
28 56
28 62
28 65
28 73
28 74
28 86
28 92
28 94
37 39
37 56
37 62
37 74
37 86
37 94
39 56
39 62
39 74
39 86
39 94
56 19
56 27
56 40
56 44
56 62
56 74
56 86
56 89
56 94
56 95
62 8
62 10
62 11
62 19
62 23
62 40
62 49
62 64
62 74
62 77
62 86
62 89
62 94
62 95
74 2
74 3
74 4
74 5
74 7
74 8
74 9
74 10
74 11
74 12
74 13
74 14
74 16
74 17
74 18
74 19
74 20
74 21
74 22
74 23
74 24
74 25
74 26
74 27
74 29
74 30
74 31
74 32
74 33
74 34
74 35
74 36
74 38
74 40
74 41
74 42
74 43
74 44
74 45
74 46
74 47
74 48
74 49
74 50
74 51
74 52
74 53
74 54
74 55
74 57
74 58
74 59
74 60
74 61
74 63
74 64
74 65
74 66
74 67
74 68
74 69
74 70
74 71
74 72
74 73
74 75
74 76
74 77
74 78
74 79
74 80
74 81
74 82
74 83
74 84
74 85
74 86
74 87
74 88
74 89
74 90
74 91
74 92
74 93
74 94
74 95
74 96
74 97
74 98
74 99
74 100
86 10
86 17
86 19
86 25
86 27
86 40
86 44
86 54
86 71
86 73
86 75
86 89
86 92
86 94
86 95
86 99
94 17
94 19
94 25
94 40
94 73
94 89
94 92
3 8
3 16
3 18
3 23
3 26
3 43
3 57
3 63
3 67
3 80
3 84
3 95
43 8
43 16
43 18
43 23
43 26
43 57
43 63
43 67
43 80
43 84
80 8
80 16
80 18
80 23
80 26
80 57
80 63
80 67
80 84
84 8
84 16
84 18
84 23
84 26
84 57
84 63
84 67
2 4
2 8
2 9
2 11
2 14
2 17
2 23
2 24
2 25
2 33
2 49
2 50
2 51
2 52
2 53
2 57
2 60
2 61
2 64
2 66
2 67
2 71
2 72
2 73
2 76
2 77
2 88
2 89
2 93
2 95
2 100
4 8
4 12
4 23
4 24
4 25
4 31
4 34
4 45
4 51
4 53
4 54
4 55
4 58
4 60
4 61
4 64
4 85
4 100
8 5
8 10
8 11
8 12
8 14
8 16
8 18
8 20
8 21
8 22
8 23
8 24
8 25
8 26
8 32
8 33
8 35
8 36
8 38
8 40
8 41
8 45
8 46
8 47
8 48
8 49
8 50
8 51
8 52
8 53
8 54
8 57
8 58
8 59
8 60
8 61
8 63
8 64
8 65
8 66
8 67
8 69
8 70
8 71
8 72
8 73
8 76
8 77
8 81
8 83
8 87
8 88
8 90
8 92
8 93
8 95
8 97
8 100
9 5
9 17
9 25
9 26
9 46
9 52
9 57
9 91
9 92
9 96
11 10
11 14
11 20
11 23
11 25
11 33
11 41
11 49
11 50
11 51
11 53
11 54
11 57
11 58
11 59
11 64
11 66
11 67
11 71
11 72
11 73
11 76
11 77
11 81
11 87
11 88
11 93
11 95
11 100
14 23
14 25
14 33
14 49
14 50
14 51
14 53
14 57
14 64
14 66
14 71
14 72
14 73
14 76
14 77
14 88
14 93
14 100
17 16
17 18
17 24
17 25
17 26
17 33
17 38
17 40
17 45
17 51
17 52
17 57
17 60
17 61
17 68
17 73
17 76
17 90
17 92
17 95
23 5
23 12
23 16
23 18
23 20
23 21
23 22
23 24
23 25
23 26
23 32
23 33
23 35
23 36
23 38
23 40
23 41
23 45
23 46
23 47
23 48
23 49
23 50
23 51
23 52
23 53
23 57
23 58
23 59
23 60
23 61
23 63
23 64
23 65
23 66
23 67
23 69
23 70
23 71
23 72
23 73
23 76
23 77
23 81
23 83
23 87
23 88
23 90
23 92
23 93
23 95
23 97
23 100
24 16
24 18
24 25
24 26
24 36
24 38
24 45
24 51
24 53
24 57
24 60
24 61
24 64
24 67
24 73
24 76
24 83
24 90
24 92
25 5
25 16
25 18
25 22
25 26
25 32
25 33
25 36
25 38
25 40
25 45
25 46
25 48
25 49
25 50
25 51
25 52
25 53
25 57
25 60
25 61
25 64
25 66
25 67
25 68
25 69
25 70
25 71
25 72
25 73
25 76
25 77
25 83
25 88
25 90
25 91
25 92
25 93
25 96
25 100
33 10
33 12
33 16
33 18
33 22
33 26
33 35
33 36
33 38
33 42
33 45
33 47
33 48
33 49
33 50
33 51
33 52
33 53
33 54
33 57
33 58
33 60
33 61
33 64
33 65
33 66
33 67
33 68
33 71
33 72
33 73
33 75
33 76
33 77
33 83
33 85
33 88
33 90
33 92
33 93
33 97
33 100
49 40
49 50
49 51
49 53
49 57
49 64
49 66
49 67
49 71
49 72
49 73
49 76
49 77
49 88
49 93
49 95
49 100
50 36
50 40
50 51
50 53
50 57
50 60
50 64
50 66
50 67
50 71
50 72
50 73
50 76
50 77
50 88
50 92
50 93
50 100
51 5
51 16
51 18
51 22
51 26
51 32
51 36
51 38
51 40
51 45
51 46
51 48
51 53
51 57
51 60
51 61
51 64
51 66
51 67
51 68
51 69
51 70
51 71
51 72
51 73
51 76
51 77
51 83
51 88
51 90
51 91
51 92
51 93
51 100
52 12
52 13
52 21
52 29
52 30
52 35
52 47
52 58
52 65
52 79
52 97
52 98
53 57
53 60
53 64
53 66
53 67
53 71
53 72
53 73
53 76
53 77
53 88
53 93
53 100
57 5
57 16
57 18
57 22
57 26
57 32
57 36
57 38
57 40
57 45
57 46
57 48
57 60
57 61
57 63
57 64
57 66
57 67
57 68
57 69
57 70
57 71
57 72
57 73
57 76
57 77
57 83
57 88
57 90
57 91
57 92
57 93
57 96
57 100
60 16
60 18
60 22
60 26
60 36
60 38
60 40
60 45
60 48
60 61
60 64
60 67
60 68
60 73
60 76
60 77
60 83
60 90
60 92
60 93
61 5
61 16
61 18
61 22
61 26
61 32
61 36
61 38
61 40
61 45
61 46
61 48
61 67
61 68
61 69
61 70
61 73
61 76
61 83
61 90
61 92
61 100
64 66
64 71
64 72
64 73
64 76
64 77
64 88
64 93
64 95
64 100
66 71
66 72
66 73
66 76
66 77
66 88
66 93
66 100
67 5
67 16
67 18
67 22
67 26
67 32
67 36
67 38
67 40
67 45
67 46
67 63
67 69
67 70
67 73
67 76
67 77
67 83
67 90
67 92
67 93
67 100
71 16
71 20
71 41
71 44
71 59
71 72
71 73
71 76
71 77
71 81
71 87
71 88
71 91
71 92
71 93
71 100
72 73
72 76
72 77
72 88
72 93
72 100
73 5
73 16
73 18
73 22
73 26
73 32
73 36
73 38
73 40
73 45
73 46
73 48
73 68
73 69
73 70
73 76
73 77
73 83
73 88
73 90
73 92
73 93
73 100
76 5
76 16
76 18
76 22
76 26
76 32
76 36
76 38
76 45
76 46
76 48
76 68
76 69
76 70
76 77
76 83
76 88
76 90
76 92
76 93
76 100
77 7
77 10
77 13
77 20
77 21
77 40
77 41
77 54
77 59
77 65
77 81
77 87
77 88
77 93
77 95
77 99
77 100
88 21
88 93
88 100
89 40
89 95
93 21
93 100
95 10
95 19
95 26
95 27
95 44
95 91
100 54
16 5
16 18
16 22
16 26
16 32
16 36
16 38
16 45
16 46
16 48
16 63
16 68
16 69
16 70
16 83
16 90
16 91
16 92
18 5
18 22
18 26
18 32
18 36
18 38
18 45
18 46
18 48
18 63
18 68
18 69
18 70
18 83
18 90
18 92
26 5
26 22
26 32
26 36
26 38
26 45
26 46
26 48
26 63
26 68
26 69
26 70
26 83
26 90
26 91
26 92
26 96
12 31
12 34
12 35
12 47
12 55
12 58
12 65
12 97
31 34
31 55
31 58
34 55
34 58
45 5
45 22
45 32
45 36
45 38
45 46
45 48
45 68
45 69
45 70
45 83
45 90
45 92
54 7
54 10
54 13
54 65
54 75
54 99
55 58
58 65
58 85
58 97
85 78
85 82
5 22
5 32
5 36
5 38
5 46
5 69
5 70
5 83
5 90
5 91
5 92
5 96
22 32
22 36
22 38
22 46
22 48
22 69
22 70
22 83
22 90
22 92
32 36
32 38
32 46
32 69
32 70
32 83
32 90
32 92
36 38
36 40
36 46
36 48
36 69
36 70
36 83
36 90
36 92
38 46
38 48
38 68
38 69
38 70
38 83
38 90
38 92
46 68
46 69
46 70
46 83
46 90
46 91
46 92
46 96
69 70
69 83
69 90
69 92
70 83
70 90
70 92
83 48
83 90
83 92
90 48
90 68
90 92
91 92
92 40
92 48
92 68
92 96
7 10
7 65
7 99
10 13
10 19
10 65
10 75
10 99
65 21
65 29
65 30
65 35
65 47
65 79
65 97
65 98
65 99
99 75
20 41
20 59
20 68
20 81
20 87
21 29
21 30
21 35
21 47
21 79
21 97
21 98
35 29
35 30
35 47
35 79
35 97
35 98
41 59
41 81
41 87
47 29
47 30
47 79
47 97
47 98
59 81
59 87
81 87
97 29
97 30
97 79
97 98
75 42
75 78
75 82
29 30
29 79
29 98
30 79
30 98
79 98
27 44
42 78
42 82
78 82
