0 5
0 7
0 9
0 14
0 16
0 22
0 24
0 31
0 34
0 42
0 54
0 80
0 84
0 89
0 91
0 95
0 96
0 101
0 106
0 107
0 114
5 7
5 9
5 14
5 16
5 22
5 24
5 31
5 34
5 42
5 54
5 80
5 84
5 89
5 91
5 95
5 96
5 101
5 106
5 107
5 114
7 9
7 14
7 16
7 22
7 24
7 31
7 32
7 34
7 42
7 54
7 65
7 80
7 81
7 84
7 89
7 91
7 95
7 96
7 101
7 106
7 107
7 114
9 3
9 4
9 6
9 8
9 14
9 16
9 17
9 21
9 22
9 24
9 28
9 31
9 34
9 35
9 38
9 42
9 51
9 54
9 55
9 56
9 57
9 62
9 63
9 65
9 69
9 79
9 80
9 81
9 84
9 85
9 87
9 88
9 89
9 91
9 93
9 95
9 96
9 100
9 101
9 102
9 106
9 107
9 114
14 1
14 3
14 4
14 6
14 8
14 10
14 11
14 12
14 15
14 16
14 17
14 18
14 19
14 20
14 21
14 22
14 23
14 24
14 25
14 27
14 28
14 29
14 30
14 31
14 32
14 33
14 34
14 35
14 38
14 39
14 40
14 41
14 42
14 44
14 45
14 46
14 47
14 48
14 49
14 50
14 51
14 52
14 54
14 55
14 56
14 57
14 58
14 60
14 61
14 62
14 63
14 64
14 65
14 66
14 68
14 69
14 70
14 71
14 72
14 74
14 75
14 76
14 77
14 78
14 79
14 80
14 82
14 83
14 84
14 85
14 86
14 87
14 88
14 89
14 91
14 92
14 93
14 94
14 95
14 96
14 97
14 98
14 99
14 100
14 101
14 102
14 103
14 104
14 105
14 106
14 107
14 108
14 109
14 110
14 111
14 112
14 114
16 10
16 11
16 20
16 22
16 24
16 31
16 32
16 34
16 37
16 42
16 54
16 80
16 84
16 89
16 91
16 92
16 95
16 96
16 100
16 101
16 106
16 107
16 108
16 114
22 24
22 31
22 34
22 42
22 54
22 80
22 84
22 89
22 91
22 95
22 96
22 101
22 106
22 107
22 114
24 10
24 11
24 20
24 31
24 34
24 42
24 54
24 80
24 84
24 89
24 91
24 92
24 95
24 96
24 100
24 101
24 106
24 107
24 108
24 114
31 1
31 3
31 4
31 6
31 8
31 12
31 15
31 17
31 18
31 19
31 21
31 23
31 25
31 27
31 28
31 29
31 30
31 32
31 33
31 34
31 35
31 37
31 38
31 39
31 40
31 41
31 42
31 44
31 45
31 46
31 48
31 49
31 50
31 51
31 52
31 54
31 55
31 56
31 57
31 58
31 60
31 61
31 62
31 63
31 64
31 65
31 66
31 68
31 69
31 70
31 71
31 72
31 74
31 75
31 76
31 77
31 78
31 79
31 80
31 82
31 83
31 84
31 85
31 86
31 87
31 88
31 89
31 90
31 91
31 93
31 94
31 95
31 96
31 97
31 98
31 99
31 101
31 102
31 103
31 104
31 105
31 106
31 107
31 109
31 110
31 111
31 112
31 114
34 3
34 4
34 6
34 8
34 17
34 21
34 28
34 35
34 38
34 42
34 51
34 54
34 55
34 56
34 57
34 62
34 63
34 65
34 69
34 79
34 80
34 82
34 84
34 85
34 87
34 88
34 89
34 90
34 91
34 93
34 95
34 96
34 101
34 102
34 106
34 107
34 114
42 54
42 80
42 84
42 89
42 91
42 95
42 96
42 101
42 106
42 107
42 114
54 10
54 11
54 17
54 20
54 21
54 37
54 56
54 69
54 80
54 84
54 89
54 91
54 92
54 95
54 96
54 99
54 100
54 101
54 106
54 107
54 108
54 114
80 1
80 3
80 6
80 12
80 15
80 18
80 19
80 21
80 23
80 25
80 27
80 29
80 30
80 32
80 33
80 35
80 37
80 38
80 39
80 40
80 41
80 44
80 45
80 46
80 48
80 49
80 50
80 52
80 56
80 57
80 58
80 60
80 61
80 64
80 66
80 68
80 70
80 71
80 72
80 74
80 75
80 76
80 77
80 78
80 79
80 82
80 83
80 84
80 86
80 88
80 89
80 90
80 91
80 93
80 94
80 95
80 96
80 97
80 98
80 99
80 101
80 103
80 104
80 105
80 106
80 107
80 109
80 110
80 111
80 112
80 114
84 6
84 8
84 29
84 39
84 48
84 59
84 60
84 71
84 89
84 91
84 94
84 95
84 96
84 101
84 103
84 105
84 106
84 107
84 111
84 112
84 114
89 1
89 3
89 6
89 12
89 15
89 18
89 19
89 21
89 23
89 25
89 27
89 29
89 30
89 32
89 33
89 35
89 37
89 38
89 39
89 40
89 41
89 44
89 45
89 46
89 47
89 48
89 49
89 50
89 52
89 56
89 57
89 58
89 59
89 60
89 61
89 64
89 65
89 66
89 68
89 70
89 71
89 72
89 74
89 75
89 76
89 77
89 78
89 79
89 82
89 83
89 86
89 87
89 88
89 90
89 91
89 93
89 94
89 95
89 96
89 97
89 98
89 99
89 101
89 102
89 103
89 104
89 105
89 106
89 107
89 109
89 110
89 111
89 112
89 114
91 1
91 35
91 44
91 66
91 71
91 81
91 86
91 94
91 95
91 96
91 101
91 103
91 106
91 107
91 114
95 10
95 11
95 20
95 92
95 96
95 100
95 101
95 106
95 107
95 108
95 114
96 3
96 4
96 6
96 8
96 10
96 15
96 17
96 19
96 21
96 28
96 29
96 32
96 35
96 37
96 38
96 39
96 41
96 44
96 45
96 48
96 50
96 51
96 55
96 56
96 57
96 59
96 60
96 62
96 63
96 65
96 68
96 69
96 71
96 74
96 75
96 79
96 81
96 85
96 86
96 87
96 88
96 90
96 93
96 94
96 99
96 101
96 102
96 103
96 104
96 105
96 106
96 107
96 110
96 111
96 112
96 114
101 1
101 2
101 3
101 4
101 6
101 8
101 10
101 11
101 12
101 13
101 15
101 17
101 18
101 19
101 20
101 21
101 23
101 25
101 26
101 27
101 28
101 29
101 30
101 32
101 33
101 35
101 36
101 37
101 38
101 39
101 40
101 41
101 43
101 44
101 45
101 46
101 47
101 48
101 49
101 50
101 51
101 52
101 53
101 55
101 56
101 57
101 58
101 59
101 60
101 61
101 62
101 63
101 64
101 65
101 66
101 67
101 68
101 69
101 70
101 71
101 72
101 73
101 74
101 75
101 76
101 77
101 78
101 79
101 81
101 82
101 83
101 85
101 86
101 87
101 88
101 90
101 92
101 93
101 94
101 97
101 98
101 99
101 100
101 102
101 103
101 104
101 105
101 106
101 107
101 108
101 109
101 110
101 111
101 112
101 113
101 114
106 21
106 38
106 57
106 107
106 114
107 1
107 3
107 6
107 10
107 11
107 12
107 15
107 18
107 19
107 20
107 21
107 23
107 25
107 27
107 29
107 30
107 32
107 33
107 35
107 38
107 39
107 40
107 41
107 44
107 45
107 46
107 48
107 49
107 50
107 52
107 56
107 57
107 58
107 60
107 61
107 64
107 66
107 68
107 70
107 71
107 72
107 74
107 75
107 76
107 77
107 78
107 79
107 82
107 83
107 86
107 88
107 92
107 93
107 97
107 98
107 99
107 100
107 104
107 105
107 108
107 109
107 110
107 111
107 112
107 114
114 1
114 35
114 37
114 44
114 66
114 71
114 86
114 94
114 103
1 2
1 3
1 6
1 12
1 15
1 18
1 19
1 21
1 23
1 25
1 27
1 29
1 30
1 32
1 33
1 35
1 36
1 37
1 38
1 39
1 40
1 41
1 43
1 44
1 45
1 46
1 47
1 48
1 49
1 50
1 52
1 56
1 57
1 58
1 59
1 60
1 61
1 64
1 66
1 67
1 68
1 70
1 71
1 72
1 73
1 74
1 75
1 76
1 77
1 78
1 79
1 82
1 83
1 86
1 88
1 90
1 93
1 94
1 97
1 98
1 99
1 103
1 104
1 105
1 109
1 110
1 111
1 112
2 12
2 21
2 36
2 37
2 43
2 44
2 47
2 59
2 67
2 71
2 73
2 90
2 94
2 98
2 103
3 4
3 6
3 8
3 12
3 15
3 17
3 18
3 19
3 21
3 23
3 25
3 27
3 28
3 29
3 30
3 32
3 33
3 35
3 38
3 39
3 40
3 41
3 44
3 45
3 46
3 48
3 49
3 50
3 51
3 52
3 55
3 56
3 57
3 58
3 60
3 61
3 62
3 63
3 64
3 65
3 66
3 68
3 69
3 70
3 71
3 72
3 74
3 75
3 76
3 77
3 78
3 79
3 81
3 82
3 83
3 85
3 86
3 87
3 88
3 90
3 93
3 97
3 98
3 99
3 102
3 104
3 105
3 109
3 110
3 111
3 112
3 113
6 4
6 8
6 10
6 12
6 15
6 17
6 18
6 19
6 21
6 23
6 25
6 27
6 28
6 29
6 30
6 32
6 33
6 35
6 38
6 39
6 40
6 41
6 44
6 45
6 46
6 48
6 49
6 50
6 51
6 52
6 55
6 56
6 57
6 58
6 59
6 60
6 61
6 62
6 63
6 64
6 65
6 66
6 68
6 69
6 70
6 71
6 72
6 74
6 75
6 76
6 77
6 78
6 79
6 82
6 83
6 85
6 86
6 87
6 88
6 93
6 94
6 97
6 98
6 99
6 102
6 103
6 104
6 105
6 109
6 110
6 111
6 112
12 15
12 18
12 19
12 21
12 23
12 25
12 26
12 27
12 29
12 30
12 32
12 33
12 35
12 36
12 37
12 38
12 39
12 40
12 41
12 43
12 44
12 45
12 46
12 47
12 48
12 49
12 50
12 52
12 56
12 57
12 58
12 59
12 60
12 61
12 64
12 66
12 67
12 68
12 70
12 71
12 72
12 73
12 74
12 75
12 76
12 77
12 78
12 79
12 82
12 83
12 86
12 88
12 90
12 93
12 94
12 97
12 98
12 99
12 103
12 104
12 105
12 109
12 110
12 111
12 112
15 18
15 19
15 21
15 23
15 25
15 27
15 29
15 30
15 32
15 33
15 35
15 37
15 38
15 39
15 40
15 41
15 44
15 45
15 46
15 48
15 49
15 50
15 52
15 56
15 57
15 58
15 60
15 61
15 64
15 66
15 68
15 70
15 71
15 72
15 74
15 75
15 76
15 77
15 78
15 79
15 82
15 83
15 86
15 88
15 90
15 93
15 94
15 97
15 98
15 99
15 103
15 104
15 105
15 109
15 110
15 111
15 112
18 19
18 21
18 23
18 25
18 27
18 29
18 30
18 32
18 33
18 35
18 38
18 39
18 40
18 41
18 44
18 45
18 46
18 48
18 49
18 50
18 52
18 56
18 57
18 58
18 60
18 61
18 64
18 66
18 68
18 70
18 71
18 72
18 74
18 75
18 76
18 77
18 78
18 79
18 82
18 83
18 86
18 88
18 93
18 97
18 98
18 99
18 104
18 105
18 109
18 110
18 111
18 112
19 21
19 23
19 25
19 27
19 29
19 30
19 32
19 33
19 35
19 37
19 38
19 39
19 40
19 41
19 44
19 45
19 46
19 48
19 49
19 50
19 52
19 56
19 57
19 58
19 60
19 61
19 64
19 66
19 68
19 70
19 71
19 72
19 74
19 75
19 76
19 77
19 78
19 79
19 82
19 83
19 86
19 88
19 90
19 93
19 94
19 97
19 98
19 99
19 103
19 104
19 105
19 109
19 110
19 111
19 112
21 4
21 8
21 17
21 23
21 25
21 27
21 28
21 29
21 30
21 32
21 33
21 35
21 36
21 37
21 38
21 39
21 40
21 41
21 43
21 44
21 45
21 46
21 47
21 48
21 49
21 50
21 51
21 52
21 55
21 56
21 57
21 58
21 59
21 60
21 61
21 62
21 63
21 64
21 65
21 66
21 67
21 68
21 69
21 70
21 71
21 72
21 73
21 74
21 75
21 76
21 77
21 78
21 79
21 82
21 83
21 85
21 86
21 87
21 88
21 90
21 93
21 94
21 97
21 98
21 99
21 102
21 103
21 104
21 105
21 109
21 110
21 111
21 112
23 25
23 27
23 29
23 30
23 32
23 33
23 35
23 38
23 39
23 40
23 41
23 44
23 45
23 46
23 48
23 49
23 50
23 52
23 56
23 57
23 58
23 60
23 61
23 64
23 66
23 68
23 70
23 71
23 72
23 74
23 75
23 76
23 77
23 78
23 79
23 82
23 83
23 86
23 88
23 93
23 97
23 98
23 99
23 104
23 105
23 109
23 110
23 111
23 112
25 27
25 29
25 30
25 32
25 33
25 35
25 38
25 39
25 40
25 41
25 44
25 45
25 46
25 48
25 49
25 50
25 52
25 56
25 57
25 58
25 60
25 61
25 64
25 65
25 66
25 68
25 70
25 71
25 72
25 74
25 75
25 76
25 77
25 78
25 79
25 81
25 82
25 83
25 86
25 88
25 93
25 97
25 98
25 99
25 104
25 105
25 109
25 110
25 111
25 112
27 29
27 30
27 32
27 33
27 35
27 38
27 39
27 40
27 41
27 44
27 45
27 46
27 48
27 49
27 50
27 52
27 56
27 57
27 58
27 60
27 61
27 64
27 66
27 68
27 70
27 71
27 72
27 74
27 75
27 76
27 77
27 78
27 79
27 82
27 83
27 86
27 88
27 93
27 97
27 98
27 99
27 104
27 105
27 109
27 110
27 111
27 112
29 8
29 30
29 32
29 33
29 35
29 37
29 38
29 39
29 40
29 41
29 44
29 45
29 46
29 48
29 49
29 50
29 52
29 56
29 57
29 58
29 59
29 60
29 61
29 64
29 66
29 68
29 70
29 71
29 72
29 73
29 74
29 75
29 76
29 77
29 78
29 79
29 82
29 83
29 86
29 88
29 93
29 94
29 97
29 98
29 99
29 103
29 104
29 105
29 109
29 110
29 111
29 112
30 32
30 33
30 35
30 38
30 39
30 40
30 41
30 44
30 45
30 46
30 48
30 49
30 50
30 52
30 56
30 57
30 58
30 60
30 61
30 64
30 66
30 68
30 70
30 71
30 72
30 74
30 75
30 76
30 77
30 78
30 79
30 82
30 83
30 86
30 88
30 93
30 97
30 98
30 99
30 104
30 105
30 109
30 110
30 111
30 112
32 26
32 33
32 35
32 37
32 38
32 39
32 40
32 41
32 44
32 45
32 46
32 48
32 49
32 50
32 52
32 56
32 57
32 58
32 60
32 61
32 64
32 66
32 68
32 70
32 71
32 72
32 74
32 75
32 76
32 77
32 78
32 79
32 82
32 83
32 86
32 88
32 90
32 93
32 94
32 97
32 98
32 99
32 103
32 104
32 105
32 109
32 110
32 111
32 112
33 10
33 35
33 38
33 39
33 40
33 41
33 43
33 44
33 45
33 46
33 48
33 49
33 50
33 52
33 53
33 56
33 57
33 58
33 59
33 60
33 61
33 64
33 66
33 67
33 68
33 70
33 71
33 72
33 74
33 75
33 76
33 77
33 78
33 79
33 81
33 82
33 83
33 86
33 88
33 90
33 93
33 94
33 97
33 98
33 99
33 103
33 104
33 105
33 109
33 110
33 111
33 112
35 4
35 8
35 17
35 28
35 38
35 39
35 40
35 41
35 44
35 45
35 46
35 48
35 49
35 50
35 51
35 52
35 55
35 56
35 57
35 58
35 60
35 61
35 62
35 63
35 64
35 65
35 66
35 68
35 69
35 70
35 71
35 72
35 74
35 75
35 76
35 77
35 78
35 79
35 82
35 83
35 85
35 86
35 87
35 88
35 93
35 94
35 97
35 98
35 99
35 102
35 103
35 104
35 105
35 109
35 110
35 111
35 112
36 37
36 43
36 44
36 47
36 59
36 67
36 71
36 73
36 90
36 94
36 98
36 103
36 111
37 4
37 8
37 17
37 41
37 43
37 44
37 45
37 47
37 48
37 50
37 53
37 56
37 59
37 60
37 67
37 68
37 69
37 71
37 73
37 74
37 75
37 77
37 86
37 90
37 94
37 98
37 99
37 103
37 104
37 110
37 112
38 4
38 8
38 17
38 28
38 39
38 40
38 41
38 44
38 45
38 46
38 48
38 49
38 50
38 51
38 52
38 55
38 56
38 57
38 58
38 60
38 61
38 62
38 63
38 64
38 65
38 66
38 68
38 69
38 70
38 71
38 72
38 74
38 75
38 76
38 77
38 78
38 79
38 82
38 83
38 85
38 86
38 87
38 88
38 93
38 97
38 98
38 99
38 102
38 104
38 105
38 109
38 110
38 111
38 112
39 8
39 40
39 41
39 43
39 44
39 45
39 46
39 48
39 49
39 50
39 52
39 56
39 57
39 58
39 59
39 60
39 61
39 64
39 66
39 68
39 70
39 71
39 72
39 74
39 75
39 76
39 77
39 78
39 79
39 81
39 82
39 83
39 86
39 88
39 93
39 94
39 97
39 98
39 99
39 100
39 103
39 104
39 105
39 109
39 110
39 111
39 112
40 41
40 44
40 45
40 46
40 48
40 49
40 50
40 52
40 56
40 57
40 58
40 60
40 61
40 64
40 66
40 68
40 70
40 71
40 72
40 74
40 75
40 76
40 77
40 78
40 79
40 82
40 83
40 86
40 88
40 93
40 97
40 98
40 99
40 104
40 105
40 109
40 110
40 111
40 112
41 44
41 45
41 46
41 48
41 49
41 50
41 52
41 56
41 57
41 58
41 60
41 61
41 64
41 66
41 68
41 70
41 71
41 72
41 74
41 75
41 76
41 77
41 78
41 79
41 82
41 83
41 86
41 88
41 90
41 93
41 94
41 97
41 98
41 99
41 103
41 104
41 105
41 109
41 110
41 111
41 112
43 10
43 44
43 45
43 47
43 59
43 67
43 71
43 73
43 74
43 81
43 90
43 94
43 98
43 99
43 103
44 45
44 46
44 47
44 48
44 49
44 50
44 52
44 56
44 57
44 58
44 59
44 60
44 61
44 64
44 66
44 67
44 68
44 70
44 71
44 72
44 73
44 74
44 75
44 76
44 77
44 78
44 79
44 82
44 83
44 86
44 88
44 90
44 93
44 94
44 97
44 98
44 99
44 103
44 104
44 105
44 109
44 110
44 111
44 112
45 46
45 48
45 49
45 50
45 52
45 56
45 57
45 58
45 59
45 60
45 61
45 64
45 66
45 68
45 70
45 71
45 72
45 74
45 75
45 76
45 77
45 78
45 79
45 81
45 82
45 83
45 86
45 88
45 90
45 93
45 94
45 97
45 98
45 99
45 103
45 104
45 105
45 109
45 110
45 111
45 112
46 48
46 49
46 50
46 52
46 56
46 57
46 58
46 60
46 61
46 64
46 66
46 68
46 70
46 71
46 72
46 74
46 75
46 76
46 77
46 78
46 79
46 82
46 83
46 86
46 88
46 93
46 97
46 98
46 99
46 104
46 105
46 109
46 110
46 111
46 112
47 59
47 65
47 67
47 68
47 71
47 73
47 87
47 90
47 94
47 98
47 103
47 111
48 8
48 49
48 50
48 52
48 56
48 57
48 58
48 59
48 60
48 61
48 64
48 66
48 68
48 70
48 71
48 72
48 74
48 75
48 76
48 77
48 78
48 79
48 82
48 83
48 86
48 88
48 90
48 93
48 94
48 97
48 98
48 99
48 103
48 104
48 105
48 109
48 110
48 111
48 112
49 50
49 52
49 56
49 57
49 58
49 60
49 61
49 64
49 66
49 68
49 70
49 71
49 72
49 74
49 75
49 76
49 77
49 78
49 79
49 82
49 83
49 86
49 88
49 93
49 97
49 98
49 99
49 104
49 105
49 109
49 110
49 111
49 112
50 8
50 52
50 56
50 57
50 58
50 60
50 61
50 64
50 66
50 68
50 70
50 71
50 72
50 73
50 74
50 75
50 76
50 77
50 78
50 79
50 82
50 83
50 86
50 88
50 90
50 93
50 94
50 97
50 98
50 99
50 103
50 104
50 105
50 109
50 110
50 111
50 112
52 56
52 57
52 58
52 60
52 61
52 64
52 66
52 68
52 70
52 71
52 72
52 74
52 75
52 76
52 77
52 78
52 79
52 82
52 83
52 86
52 88
52 93
52 97
52 98
52 99
52 104
52 105
52 109
52 110
52 111
52 112
56 4
56 8
56 17
56 28
56 51
56 55
56 57
56 58
56 60
56 61
56 62
56 63
56 64
56 65
56 66
56 68
56 69
56 70
56 71
56 72
56 74
56 75
56 76
56 77
56 78
56 79
56 82
56 83
56 85
56 86
56 87
56 88
56 90
56 93
56 94
56 97
56 98
56 99
56 102
56 103
56 104
56 105
56 109
56 110
56 111
56 112
57 4
57 8
57 17
57 28
57 51
57 55
57 58
57 60
57 61
57 62
57 63
57 64
57 65
57 66
57 68
57 69
57 70
57 71
57 72
57 74
57 75
57 76
57 77
57 78
57 79
57 82
57 83
57 85
57 86
57 87
57 88
57 93
57 97
57 98
57 99
57 102
57 104
57 105
57 109
57 110
57 111
57 112
58 60
58 61
58 64
58 66
58 68
58 70
58 71
58 72
58 74
58 75
58 76
58 77
58 78
58 79
58 82
58 83
58 86
58 88
58 93
58 97
58 98
58 99
58 104
58 105
58 109
58 110
58 111
58 112
59 8
59 10
59 53
59 60
59 65
59 67
59 68
59 71
59 73
59 74
59 81
59 87
59 90
59 94
59 98
59 99
59 103
59 105
59 111
59 112
60 8
60 53
60 61
60 64
60 66
60 67
60 68
60 70
60 71
60 72
60 74
60 75
60 76
60 77
60 78
60 79
60 82
60 83
60 86
60 88
60 90
60 93
60 94
60 97
60 98
60 99
60 103
60 104
60 105
60 109
60 110
60 111
60 112
61 64
61 66
61 68
61 70
61 71
61 72
61 74
61 75
61 76
61 77
61 78
61 79
61 82
61 83
61 86
61 88
61 93
61 97
61 98
61 99
61 104
61 105
61 109
61 110
61 111
61 112
64 66
64 68
64 70
64 71
64 72
64 74
64 75
64 76
64 77
64 78
64 79
64 82
64 83
64 86
64 88
64 93
64 97
64 98
64 99
64 104
64 105
64 109
64 110
64 111
64 112
66 68
66 70
66 71
66 72
66 74
66 75
66 76
66 77
66 78
66 79
66 82
66 83
66 86
66 88
66 93
66 94
66 97
66 98
66 99
66 103
66 104
66 105
66 109
66 110
66 111
66 112
67 53
67 71
67 73
67 90
67 94
67 98
67 103
67 105
68 65
68 70
68 71
68 72
68 74
68 75
68 76
68 77
68 78
68 79
68 82
68 83
68 86
68 87
68 88
68 90
68 93
68 94
68 97
68 98
68 99
68 103
68 104
68 105
68 109
68 110
68 111
68 112
70 71
70 72
70 74
70 75
70 76
70 77
70 78
70 79
70 82
70 83
70 86
70 88
70 93
70 97
70 98
70 99
70 104
70 105
70 109
70 110
70 111
70 112
71 8
71 10
71 72
71 73
71 74
71 75
71 76
71 77
71 78
71 79
71 81
71 82
71 83
71 86
71 88
71 90
71 93
71 94
71 97
71 98
71 99
71 103
71 104
71 105
71 109
71 110
71 111
71 112
72 26
72 74
72 75
72 76
72 77
72 78
72 79
72 82
72 83
72 86
72 88
72 93
72 97
72 98
72 99
72 104
72 105
72 109
72 110
72 111
72 112
73 8
73 90
73 94
73 98
73 99
73 103
73 104
74 75
74 76
74 77
74 78
74 79
74 81
74 82
74 83
74 86
74 88
74 90
74 93
74 94
74 97
74 98
74 99
74 103
74 104
74 105
74 109
74 110
74 111
74 112
75 76
75 77
75 78
75 79
75 82
75 83
75 86
75 88
75 90
75 93
75 94
75 97
75 98
75 99
75 103
75 104
75 105
75 109
75 110
75 111
75 112
76 26
76 77
76 78
76 79
76 82
76 83
76 86
76 88
76 93
76 97
76 98
76 99
76 104
76 105
76 109
76 110
76 111
76 112
77 26
77 78
77 79
77 82
77 83
77 86
77 88
77 93
77 97
77 98
77 99
77 104
77 105
77 109
77 110
77 111
77 112
78 79
78 82
78 83
78 86
78 88
78 93
78 97
78 98
78 99
78 104
78 105
78 109
78 110
78 111
78 112
79 4
79 8
79 17
79 28
79 51
79 55
79 62
79 63
79 65
79 69
79 82
79 83
79 85
79 86
79 87
79 88
79 93
79 97
79 98
79 99
79 102
79 104
79 105
79 109
79 110
79 111
79 112
82 28
82 55
82 83
82 85
82 86
82 88
82 93
82 97
82 98
82 99
82 104
82 105
82 109
82 110
82 111
82 112
83 86
83 88
83 93
83 97
83 98
83 99
83 104
83 105
83 109
83 110
83 111
83 112
86 8
86 81
86 88
86 90
86 93
86 94
86 97
86 98
86 99
86 103
86 104
86 105
86 109
86 110
86 111
86 112
88 4
88 8
88 17
88 28
88 51
88 55
88 62
88 63
88 65
88 69
88 85
88 87
88 93
88 97
88 98
88 99
88 102
88 104
88 105
88 109
88 110
88 111
88 112
90 28
90 94
90 98
90 103
90 110
90 112
93 4
93 8
93 17
93 26
93 28
93 51
93 55
93 62
93 63
93 65
93 69
93 85
93 87
93 97
93 98
93 99
93 102
93 104
93 105
93 109
93 110
93 111
93 112
94 8
94 53
94 98
94 103
94 105
94 110
94 111
94 112
97 98
97 99
97 104
97 105
97 109
97 110
97 111
97 112
98 53
98 99
98 103
98 104
98 105
98 109
98 110
98 111
98 112
99 8
99 26
99 104
99 105
99 109
99 110
99 111
99 112
103 8
103 53
103 65
103 87
103 105
103 110
103 111
103 112
104 8
104 105
104 109
104 110
104 111
104 112
105 8
105 53
105 109
105 110
105 111
105 112
109 110
109 111
109 112
110 111
110 112
111 8
111 112
112 4
112 8
112 26
112 53
4 8
4 17
4 28
4 51
4 53
4 55
4 62
4 63
4 65
4 69
4 85
4 87
4 102
8 17
8 28
8 51
8 53
8 55
8 62
8 63
8 65
8 69
8 81
8 85
8 87
8 102
17 13
17 28
17 51
17 55
17 62
17 63
17 65
17 69
17 81
17 85
17 87
17 102
28 51
28 55
28 62
28 63
28 65
28 69
28 85
28 87
28 102
51 55
51 62
51 63
51 65
51 69
51 85
51 87
51 102
55 62
55 63
55 65
55 69
55 85
55 87
55 102
62 63
62 65
62 69
62 85
62 87
62 102
63 65
63 69
63 85
63 87
63 102
65 69
65 81
65 85
65 87
65 102
69 85
69 87
69 102
85 87
85 102
87 102
10 11
10 20
10 92
10 100
10 108
100 11
100 20
100 92
100 108
11 20
11 92
11 108
20 92
20 108
92 108
26 13
