0 16
0 37
0 46
16 1
16 14
16 27
16 37
16 42
16 46
16 48
16 50
16 60
37 1
37 2
37 3
37 4
37 5
37 6
37 7
37 8
37 9
37 10
37 11
37 12
37 13
37 14
37 15
37 17
37 18
37 19
37 20
37 21
37 22
37 23
37 24
37 25
37 26
37 27
37 28
37 29
37 30
37 31
37 32
37 33
37 34
37 35
37 36
37 38
37 39
37 40
37 41
37 42
37 43
37 44
37 45
37 46
37 47
37 48
37 49
37 50
37 51
37 52
37 53
37 54
37 55
37 56
37 57
37 58
37 59
37 60
37 61
37 62
37 63
37 64
37 65
46 2
46 4
46 5
46 6
46 7
46 8
46 9
46 11
46 12
46 14
46 17
46 20
46 21
46 22
46 23
46 24
46 25
46 26
46 27
46 30
46 31
46 33
46 34
46 35
46 38
46 39
46 40
46 42
46 45
46 47
46 48
46 49
46 55
46 59
46 60
46 62
46 63
46 65
2 8
8 23
4 11
4 26
4 28
4 54
11 27
11 35
26 54
28 54
28 57
28 61
54 57
54 61
6 25
6 30
6 33
6 40
6 55
6 62
6 65
25 7
25 30
25 33
25 40
25 55
25 62
25 65
30 7
30 40
30 55
30 62
30 65
33 12
33 20
33 40
33 55
33 62
33 65
40 7
40 55
40 62
40 65
55 7
55 12
55 56
55 62
55 65
62 7
62 65
65 7
23 9
23 27
23 51
23 58
23 59
9 27
27 10
27 29
27 34
27 35
27 41
27 45
27 53
27 56
27 60
10 29
10 41
10 53
10 56
29 41
29 53
29 56
41 50
41 53
41 56
53 50
53 56
56 14
56 50
12 20
12 38
12 42
20 24
20 38
38 64
42 24
42 45
13 15
13 36
13 44
15 36
15 44
36 44
14 21
14 31
14 39
14 48
14 50
14 60
21 48
21 60
31 58
31 59
39 43
48 60
17 47
17 63
47 63
18 22
18 43
18 52
18 58
18 59
22 43
22 52
22 58
22 59
43 52
43 58
43 59
52 58
52 59
58 32
58 59
59 32
59 51
51 32
34 45
57 61
