0 3
0 6
0 10
0 11
0 28
0 29
0 30
0 31
0 50
0 52
0 56
0 57
0 63
0 65
3 6
3 10
3 11
3 28
3 29
3 30
3 31
3 50
3 52
3 56
3 57
3 62
3 63
3 65
6 10
6 11
6 28
6 29
6 30
6 31
6 50
6 52
6 56
6 57
6 62
6 63
6 65
10 11
10 28
10 29
10 30
10 31
10 50
10 52
10 56
10 57
10 63
10 65
11 19
11 28
11 29
11 30
11 31
11 50
11 52
11 56
11 57
11 61
11 62
11 63
28 29
28 30
28 31
28 50
28 52
28 56
28 57
28 63
28 65
29 30
29 31
29 50
29 52
29 56
29 57
29 63
29 65
30 31
30 50
30 52
30 56
30 57
30 63
30 65
31 19
31 23
31 50
31 52
31 56
31 57
31 63
31 65
50 52
50 56
50 57
50 63
50 65
52 56
52 57
52 62
52 63
52 65
56 57
56 63
56 65
57 1
57 2
57 4
57 5
57 7
57 8
57 9
57 12
57 13
57 14
57 15
57 16
57 17
57 18
57 19
57 20
57 21
57 22
57 23
57 24
57 25
57 26
57 27
57 32
57 33
57 34
57 35
57 36
57 37
57 38
57 39
57 40
57 41
57 42
57 43
57 44
57 45
57 46
57 47
57 48
57 49
57 51
57 53
57 54
57 55
57 58
57 59
57 60
57 61
57 62
57 63
57 64
57 65
63 65
1 19
1 24
1 34
1 35
1 37
1 46
1 48
1 55
1 61
19 14
19 17
19 24
19 25
19 34
19 35
19 37
19 46
19 48
19 55
19 61
24 14
24 17
24 25
24 34
24 35
24 37
24 46
24 48
24 55
24 61
34 14
34 17
34 25
34 35
34 37
34 46
34 48
34 55
34 61
35 14
35 17
35 25
35 37
35 46
35 48
35 55
35 61
37 14
37 17
37 25
37 46
37 48
37 55
37 61
46 14
46 17
46 25
46 48
46 55
46 61
48 14
48 17
48 25
48 55
48 61
55 14
55 17
55 25
55 61
61 14
61 17
61 25
2 4
2 5
2 15
2 16
2 22
2 32
2 33
2 41
2 42
2 43
2 45
2 47
2 49
2 51
2 53
2 58
2 60
4 15
4 16
4 32
4 33
4 45
4 47
4 51
4 58
4 60
5 22
5 32
5 33
5 41
5 42
5 43
5 45
5 47
5 49
5 51
5 53
5 58
15 16
15 32
15 33
15 45
15 47
15 51
15 58
15 60
16 32
16 33
16 45
16 47
16 51
16 58
16 60
22 32
22 33
22 41
22 42
22 43
22 45
22 47
22 49
22 51
22 53
22 58
32 33
32 45
32 47
32 49
32 51
32 58
32 60
33 41
33 42
33 43
33 45
33 47
33 49
33 51
33 53
33 58
33 60
41 42
41 43
41 45
41 49
41 51
41 53
41 58
41 60
42 43
42 45
42 49
42 51
42 53
42 58
43 45
43 49
43 51
43 53
43 58
45 47
45 49
45 51
45 53
45 58
45 60
47 49
47 51
47 58
47 60
49 51
49 53
49 58
51 53
51 58
51 60
53 58
58 60
62 8
62 9
62 12
62 13
62 18
62 23
62 26
62 36
62 38
62 39
62 44
62 54
62 59
7 27
7 64
27 64
64 13
64 18
64 23
64 38
64 54
8 9
8 12
8 13
8 18
8 23
8 26
8 36
8 38
8 39
8 44
8 54
8 59
9 12
9 13
9 18
9 23
9 26
9 36
9 38
9 39
9 44
9 54
9 59
12 13
12 18
12 23
12 26
12 36
12 38
12 39
12 44
12 54
12 59
13 18
13 23
13 26
13 36
13 38
13 39
13 44
13 54
13 59
18 23
18 26
18 36
18 38
18 39
18 44
18 54
18 59
23 26
23 36
23 38
23 39
23 44
23 54
23 59
26 36
26 38
26 39
26 44
26 54
26 59
36 38
36 39
36 44
36 54
36 59
38 39
38 44
38 54
38 59
39 44
39 54
39 59
44 54
44 59
54 59
14 17
17 25
20 21
20 40
21 40
