0 21
0 28
0 45
0 60
0 74
0 79
0 82
0 86
0 89
0 90
0 121
0 125
0 145
0 153
0 166
0 170
0 174
0 189
0 196
0 204
21 28
21 45
21 60
21 74
21 79
21 82
21 89
21 90
21 121
21 145
21 153
21 162
21 165
21 166
21 170
21 174
21 186
21 189
21 204
28 45
28 60
28 62
28 74
28 79
28 82
28 89
28 90
28 121
28 145
28 153
28 162
28 165
28 166
28 170
28 174
28 186
28 189
28 190
28 204
45 1
45 3
45 5
45 6
45 7
45 10
45 11
45 14
45 15
45 16
45 19
45 20
45 24
45 26
45 30
45 31
45 32
45 34
45 35
45 36
45 38
45 40
45 42
45 43
45 46
45 47
45 49
45 50
45 51
45 53
45 56
45 58
45 59
45 60
45 62
45 63
45 65
45 66
45 67
45 68
45 72
45 73
45 74
45 75
45 76
45 77
45 78
45 79
45 80
45 82
45 83
45 87
45 88
45 89
45 90
45 95
45 98
45 99
45 100
45 101
45 103
45 104
45 108
45 111
45 112
45 113
45 114
45 115
45 117
45 119
45 121
45 122
45 124
45 125
45 126
45 127
45 128
45 129
45 130
45 131
45 132
45 133
45 134
45 135
45 137
45 138
45 140
45 142
45 143
45 144
45 145
45 146
45 149
45 153
45 155
45 156
45 159
45 162
45 163
45 164
45 165
45 166
45 170
45 171
45 173
45 174
45 178
45 180
45 182
45 183
45 184
45 185
45 187
45 188
45 189
45 190
45 192
45 194
45 196
45 198
45 201
45 202
45 203
45 204
45 206
45 207
45 210
60 74
60 79
60 82
60 89
60 90
60 121
60 145
60 153
60 166
60 170
60 174
60 189
60 204
74 1
74 2
74 10
74 12
74 19
74 25
74 27
74 29
74 33
74 35
74 43
74 44
74 51
74 52
74 53
74 58
74 61
74 64
74 67
74 69
74 70
74 77
74 79
74 80
74 81
74 82
74 84
74 85
74 87
74 89
74 90
74 91
74 96
74 97
74 105
74 106
74 109
74 112
74 116
74 117
74 118
74 121
74 128
74 129
74 135
74 136
74 139
74 141
74 144
74 145
74 150
74 151
74 152
74 153
74 154
74 157
74 161
74 163
74 166
74 167
74 170
74 172
74 174
74 176
74 181
74 189
74 191
74 195
74 197
74 198
74 200
74 202
74 204
74 205
74 207
74 212
79 1
79 3
79 5
79 6
79 7
79 8
79 10
79 13
79 15
79 16
79 20
79 26
79 31
79 34
79 35
79 36
79 38
79 40
79 42
79 43
79 47
79 51
79 53
79 56
79 58
79 62
79 63
79 65
79 66
79 76
79 78
79 80
79 82
79 83
79 89
79 90
79 95
79 98
79 99
79 100
79 103
79 104
79 108
79 112
79 113
79 115
79 117
79 121
79 124
79 125
79 132
79 137
79 140
79 144
79 145
79 146
79 149
79 153
79 156
79 157
79 159
79 162
79 164
79 165
79 166
79 170
79 171
79 174
79 180
79 182
79 184
79 187
79 189
79 190
79 192
79 196
79 201
79 202
79 204
79 207
82 1
82 3
82 5
82 6
82 7
82 8
82 10
82 11
82 13
82 15
82 16
82 17
82 18
82 20
82 22
82 26
82 29
82 30
82 31
82 32
82 34
82 35
82 36
82 38
82 39
82 40
82 42
82 43
82 47
82 51
82 53
82 56
82 58
82 62
82 63
82 65
82 66
82 67
82 73
82 75
82 76
82 77
82 78
82 80
82 81
82 83
82 86
82 87
82 89
82 90
82 95
82 96
82 98
82 99
82 100
82 103
82 104
82 107
82 108
82 109
82 111
82 112
82 113
82 114
82 115
82 117
82 120
82 121
82 122
82 124
82 125
82 127
82 132
82 137
82 140
82 144
82 145
82 146
82 149
82 153
82 156
82 157
82 159
82 162
82 163
82 164
82 165
82 166
82 170
82 171
82 173
82 174
82 175
82 180
82 182
82 184
82 185
82 187
82 188
82 189
82 190
82 192
82 193
82 196
82 198
82 201
82 202
82 204
82 207
82 209
82 210
86 1
86 13
86 17
86 18
86 22
86 39
86 58
86 90
86 112
86 120
86 144
86 153
86 170
86 175
86 189
86 196
86 202
86 207
86 209
86 210
89 90
89 121
89 145
89 153
89 166
89 170
89 174
89 189
89 204
90 1
90 3
90 4
90 5
90 6
90 8
90 11
90 13
90 15
90 16
90 17
90 18
90 20
90 22
90 30
90 32
90 33
90 34
90 35
90 36
90 39
90 40
90 42
90 43
90 46
90 47
90 49
90 51
90 53
90 54
90 55
90 56
90 58
90 63
90 65
90 66
90 67
90 73
90 75
90 78
90 80
90 87
90 88
90 95
90 99
90 100
90 103
90 108
90 111
90 112
90 113
90 114
90 115
90 119
90 120
90 121
90 122
90 123
90 124
90 125
90 127
90 129
90 131
90 132
90 134
90 138
90 140
90 143
90 144
90 145
90 146
90 148
90 153
90 155
90 156
90 157
90 159
90 160
90 164
90 165
90 166
90 168
90 170
90 171
90 173
90 174
90 175
90 178
90 180
90 182
90 184
90 185
90 187
90 188
90 189
90 193
90 194
90 202
90 203
90 204
90 206
90 207
90 208
90 209
90 210
90 213
121 1
121 3
121 5
121 6
121 8
121 11
121 13
121 15
121 20
121 30
121 32
121 34
121 35
121 36
121 40
121 42
121 43
121 47
121 53
121 56
121 58
121 63
121 65
121 66
121 67
121 73
121 75
121 77
121 78
121 81
121 87
121 95
121 96
121 99
121 100
121 103
121 107
121 108
121 109
121 111
121 112
121 113
121 114
121 115
121 122
121 124
121 125
121 127
121 132
121 135
121 144
121 145
121 146
121 153
121 154
121 157
121 159
121 161
121 163
121 164
121 165
121 166
121 170
121 171
121 173
121 174
121 180
121 182
121 184
121 185
121 187
121 188
121 189
121 193
121 196
121 198
121 202
121 204
121 207
121 210
125 1
125 3
125 4
125 5
125 6
125 9
125 11
125 14
125 15
125 16
125 19
125 20
125 24
125 29
125 30
125 31
125 32
125 34
125 35
125 36
125 38
125 40
125 42
125 43
125 47
125 48
125 49
125 50
125 53
125 55
125 56
125 58
125 59
125 63
125 65
125 66
125 67
125 68
125 71
125 72
125 73
125 75
125 77
125 78
125 80
125 81
125 87
125 88
125 93
125 94
125 95
125 96
125 99
125 100
125 101
125 102
125 103
125 107
125 109
125 111
125 112
125 113
125 114
125 115
125 122
125 123
125 124
125 126
125 127
125 128
125 130
125 131
125 132
125 133
125 134
125 135
125 142
125 143
125 144
125 146
125 147
125 148
125 149
125 153
125 154
125 155
125 159
125 160
125 161
125 164
125 165
125 168
125 169
125 170
125 171
125 173
125 174
125 178
125 182
125 183
125 184
125 185
125 187
125 188
125 189
125 193
125 194
125 198
125 199
125 202
125 203
125 206
125 207
125 208
125 210
125 211
125 213
145 1
145 3
145 7
145 8
145 10
145 13
145 16
145 26
145 31
145 35
145 36
145 38
145 51
145 59
145 62
145 63
145 76
145 80
145 83
145 98
145 104
145 108
145 113
145 117
145 137
145 140
145 149
145 153
145 156
145 157
145 162
145 165
145 166
145 170
145 174
145 180
145 186
145 189
145 190
145 192
145 196
145 201
145 204
153 1
153 3
153 4
153 5
153 6
153 7
153 8
153 9
153 10
153 11
153 13
153 14
153 15
153 16
153 17
153 18
153 20
153 22
153 23
153 24
153 26
153 30
153 31
153 32
153 33
153 34
153 35
153 36
153 37
153 38
153 39
153 40
153 41
153 42
153 43
153 46
153 47
153 48
153 49
153 50
153 51
153 53
153 54
153 56
153 57
153 58
153 59
153 62
153 63
153 65
153 66
153 67
153 68
153 69
153 71
153 72
153 73
153 75
153 76
153 77
153 78
153 80
153 83
153 87
153 88
153 92
153 93
153 94
153 95
153 96
153 98
153 99
153 100
153 101
153 102
153 103
153 104
153 107
153 108
153 111
153 112
153 113
153 114
153 115
153 117
153 119
153 120
153 122
153 123
153 124
153 126
153 127
153 128
153 129
153 130
153 131
153 132
153 133
153 134
153 135
153 137
153 138
153 140
153 142
153 143
153 144
153 146
153 147
153 148
153 149
153 154
153 155
153 156
153 157
153 158
153 159
153 160
153 162
153 163
153 164
153 165
153 166
153 168
153 169
153 170
153 171
153 173
153 174
153 175
153 177
153 178
153 179
153 180
153 182
153 183
153 184
153 185
153 186
153 187
153 188
153 189
153 190
153 192
153 193
153 194
153 196
153 198
153 199
153 201
153 202
153 203
153 204
153 206
153 207
153 208
153 209
153 210
153 211
153 212
153 213
166 1
166 3
166 7
166 8
166 10
166 13
166 16
166 26
166 31
166 35
166 36
166 38
166 51
166 62
166 63
166 76
166 80
166 83
166 98
166 99
166 104
166 108
166 113
166 117
166 137
166 140
166 149
166 156
166 157
166 162
166 165
166 170
166 174
166 180
166 189
166 190
166 192
166 196
166 201
166 204
170 1
170 2
170 3
170 4
170 5
170 6
170 7
170 8
170 9
170 10
170 11
170 12
170 13
170 14
170 15
170 16
170 17
170 18
170 19
170 20
170 22
170 23
170 24
170 25
170 26
170 27
170 29
170 30
170 31
170 32
170 33
170 34
170 35
170 36
170 37
170 38
170 39
170 40
170 41
170 42
170 43
170 44
170 46
170 47
170 48
170 49
170 50
170 51
170 52
170 53
170 54
170 55
170 56
170 57
170 58
170 59
170 61
170 62
170 63
170 64
170 65
170 66
170 67
170 68
170 69
170 70
170 71
170 72
170 73
170 75
170 76
170 77
170 78
170 80
170 81
170 83
170 84
170 85
170 87
170 88
170 91
170 92
170 93
170 94
170 95
170 96
170 97
170 98
170 99
170 100
170 101
170 102
170 103
170 104
170 105
170 106
170 107
170 108
170 109
170 110
170 111
170 112
170 113
170 114
170 115
170 116
170 117
170 118
170 119
170 120
170 122
170 123
170 124
170 126
170 127
170 128
170 129
170 130
170 131
170 132
170 133
170 134
170 135
170 136
170 137
170 138
170 139
170 140
170 141
170 142
170 143
170 144
170 146
170 147
170 148
170 149
170 150
170 151
170 152
170 154
170 155
170 156
170 157
170 158
170 159
170 160
170 161
170 162
170 163
170 164
170 165
170 167
170 168
170 169
170 171
170 172
170 173
170 174
170 175
170 176
170 177
170 178
170 179
170 180
170 181
170 182
170 183
170 184
170 185
170 186
170 187
170 188
170 189
170 190
170 191
170 192
170 193
170 194
170 195
170 196
170 197
170 198
170 199
170 200
170 201
170 202
170 203
170 204
170 205
170 206
170 207
170 208
170 209
170 210
170 211
170 212
170 213
174 1
174 3
174 5
174 6
174 7
174 10
174 11
174 15
174 16
174 19
174 20
174 23
174 26
174 30
174 31
174 32
174 34
174 35
174 36
174 38
174 40
174 42
174 43
174 46
174 47
174 51
174 53
174 56
174 58
174 59
174 62
174 63
174 65
174 66
174 67
174 73
174 75
174 76
174 78
174 80
174 83
174 87
174 95
174 98
174 99
174 100
174 103
174 104
174 108
174 111
174 112
174 113
174 114
174 115
174 117
174 119
174 122
174 124
174 126
174 127
174 128
174 129
174 131
174 132
174 134
174 135
174 137
174 138
174 140
174 143
174 144
174 146
174 149
174 154
174 155
174 156
174 159
174 162
174 164
174 165
174 171
174 173
174 182
174 184
174 185
174 187
174 188
174 189
174 190
174 192
174 196
174 198
174 201
174 202
174 203
174 204
174 207
174 210
189 1
189 3
189 4
189 5
189 6
189 7
189 8
189 9
189 10
189 11
189 13
189 14
189 15
189 16
189 17
189 18
189 19
189 20
189 22
189 23
189 24
189 26
189 30
189 31
189 32
189 34
189 35
189 36
189 37
189 38
189 39
189 40
189 41
189 42
189 43
189 46
189 47
189 48
189 49
189 50
189 51
189 53
189 54
189 56
189 57
189 58
189 59
189 62
189 63
189 65
189 66
189 67
189 68
189 69
189 71
189 72
189 73
189 75
189 76
189 77
189 78
189 80
189 81
189 83
189 87
189 88
189 92
189 93
189 94
189 95
189 96
189 98
189 99
189 100
189 101
189 102
189 103
189 104
189 107
189 108
189 111
189 112
189 113
189 114
189 115
189 117
189 119
189 120
189 122
189 123
189 124
189 126
189 127
189 128
189 129
189 130
189 131
189 132
189 133
189 134
189 135
189 137
189 138
189 140
189 142
189 143
189 144
189 146
189 147
189 148
189 149
189 154
189 155
189 156
189 157
189 158
189 159
189 160
189 162
189 163
189 164
189 165
189 168
189 169
189 171
189 173
189 175
189 177
189 178
189 179
189 180
189 182
189 183
189 184
189 185
189 186
189 187
189 188
189 190
189 192
189 193
189 194
189 196
189 197
189 198
189 199
189 201
189 202
189 203
189 204
189 206
189 207
189 208
189 209
189 210
189 211
189 212
189 213
196 1
196 3
196 7
196 10
196 13
196 16
196 26
196 29
196 31
196 34
196 35
196 36
196 38
196 42
196 51
196 62
196 63
196 76
196 80
196 83
196 98
196 104
196 108
196 113
196 117
196 137
196 140
196 149
196 156
196 157
196 162
196 163
196 165
196 180
196 183
196 190
196 192
196 198
196 201
204 24
1 3
1 4
1 7
1 10
1 13
1 14
1 16
1 17
1 18
1 19
1 22
1 26
1 29
1 31
1 32
1 35
1 36
1 38
1 39
1 42
1 43
1 51
1 52
1 53
1 58
1 59
1 62
1 63
1 64
1 65
1 73
1 75
1 76
1 77
1 80
1 81
1 83
1 84
1 91
1 96
1 97
1 98
1 104
1 105
1 107
1 108
1 109
1 111
1 112
1 113
1 114
1 117
1 120
1 126
1 128
1 134
1 135
1 137
1 140
1 141
1 143
1 144
1 149
1 154
1 155
1 156
1 161
1 162
1 165
1 175
1 176
1 185
1 190
1 192
1 193
1 194
1 195
1 198
1 201
1 202
1 207
1 208
1 209
1 210
3 6
3 7
3 10
3 11
3 16
3 26
3 30
3 31
3 32
3 34
3 35
3 36
3 38
3 42
3 43
3 51
3 54
3 58
3 62
3 63
3 65
3 67
3 73
3 76
3 78
3 80
3 83
3 87
3 98
3 104
3 108
3 111
3 112
3 113
3 114
3 117
3 122
3 124
3 127
3 137
3 140
3 144
3 149
3 156
3 162
3 165
3 173
3 184
3 185
3 188
3 190
3 192
3 201
3 202
3 207
4 14
4 35
4 38
4 49
4 53
4 58
4 62
4 75
4 88
4 109
4 112
4 122
4 123
4 131
4 134
4 144
4 148
4 168
4 173
4 178
4 193
4 194
4 202
4 203
4 206
4 207
4 208
4 213
7 10
7 16
7 26
7 31
7 35
7 36
7 38
7 51
7 62
7 63
7 76
7 80
7 83
7 98
7 104
7 108
7 113
7 117
7 137
7 140
7 149
7 156
7 162
7 165
7 190
7 192
7 201
10 2
10 12
10 16
10 26
10 27
10 29
10 31
10 33
10 35
10 36
10 38
10 44
10 51
10 52
10 62
10 63
10 76
10 80
10 81
10 83
10 85
10 96
10 98
10 104
10 105
10 106
10 108
10 109
10 113
10 117
10 118
10 136
10 137
10 139
10 140
10 149
10 150
10 151
10 156
10 161
10 162
10 165
10 172
10 190
10 191
10 192
10 197
10 198
10 201
10 205
13 8
13 17
13 18
13 22
13 35
13 39
13 42
13 58
13 108
13 112
13 120
13 144
13 157
13 163
13 175
13 180
13 202
13 207
13 209
13 210
14 19
14 35
14 38
14 48
14 49
14 53
14 58
14 67
14 75
14 85
14 87
14 88
14 94
14 101
14 109
14 112
14 130
14 131
14 134
14 144
14 178
14 193
14 194
14 198
14 202
14 203
14 206
14 207
14 208
14 210
16 19
16 24
16 26
16 31
16 35
16 36
16 38
16 42
16 43
16 50
16 51
16 53
16 58
16 59
16 62
16 63
16 65
16 68
16 72
16 75
16 76
16 77
16 80
16 83
16 98
16 104
16 108
16 112
16 113
16 117
16 119
16 126
16 128
16 129
16 131
16 133
16 134
16 135
16 137
16 138
16 140
16 142
16 143
16 149
16 155
16 156
16 162
16 165
16 183
16 190
16 192
16 198
16 201
16 207
16 210
17 6
17 18
17 22
17 39
17 55
17 58
17 112
17 120
17 144
17 175
17 202
17 207
17 209
17 210
18 22
18 39
18 58
18 112
18 120
18 144
18 175
18 202
18 207
18 209
18 210
19 12
19 25
19 29
19 33
19 35
19 38
19 42
19 43
19 49
19 52
19 59
19 63
19 67
19 75
19 81
19 87
19 88
19 96
19 101
19 105
19 112
19 118
19 126
19 128
19 130
19 131
19 134
19 135
19 143
19 144
19 154
19 155
19 161
19 172
19 178
19 194
19 197
19 198
19 203
19 205
19 206
19 207
19 210
19 212
22 35
22 39
22 58
22 112
22 120
22 144
22 175
22 202
22 207
22 209
22 210
26 31
26 35
26 36
26 38
26 51
26 61
26 62
26 63
26 76
26 80
26 83
26 98
26 104
26 108
26 113
26 117
26 137
26 140
26 149
26 156
26 162
26 165
26 190
26 192
26 201
29 2
29 12
29 25
29 27
29 33
29 35
29 43
29 44
29 51
29 52
29 53
29 58
29 61
29 64
29 70
29 77
29 80
29 81
29 84
29 85
29 91
29 96
29 97
29 105
29 106
29 109
29 112
29 116
29 117
29 118
29 129
29 135
29 136
29 139
29 141
29 144
29 150
29 151
29 152
29 154
29 161
29 167
29 172
29 176
29 181
29 191
29 193
29 195
29 197
29 198
29 200
29 202
29 205
29 207
29 212
31 35
31 36
31 38
31 42
31 43
31 51
31 62
31 63
31 65
31 75
31 76
31 80
31 83
31 98
31 104
31 108
31 112
31 113
31 117
31 128
31 137
31 140
31 143
31 149
31 155
31 156
31 162
31 165
31 190
31 192
31 201
31 210
32 11
32 30
32 34
32 35
32 36
32 42
32 43
32 51
32 58
32 63
32 65
32 67
32 73
32 78
32 87
32 111
32 112
32 113
32 114
32 122
32 127
32 144
32 165
32 173
32 184
32 185
32 188
32 202
32 207
32 209
35 2
35 8
35 11
35 12
35 15
35 25
35 27
35 30
35 33
35 34
35 36
35 38
35 41
35 42
35 43
35 44
35 49
35 51
35 52
35 53
35 58
35 59
35 62
35 63
35 64
35 65
35 67
35 70
35 73
35 75
35 76
35 77
35 78
35 80
35 81
35 83
35 85
35 87
35 88
35 96
35 97
35 98
35 101
35 104
35 105
35 106
35 108
35 109
35 111
35 112
35 113
35 114
35 116
35 117
35 118
35 122
35 126
35 127
35 128
35 130
35 131
35 134
35 135
35 136
35 137
35 139
35 140
35 143
35 144
35 149
35 150
35 151
35 154
35 155
35 156
35 157
35 161
35 162
35 163
35 165
35 172
35 173
35 175
35 176
35 178
35 180
35 181
35 183
35 184
35 185
35 188
35 190
35 191
35 192
35 193
35 194
35 195
35 197
35 198
35 201
35 202
35 203
35 205
35 206
35 207
35 208
35 209
35 210
35 212
36 11
36 30
36 34
36 38
36 41
36 42
36 43
36 51
36 58
36 62
36 63
36 65
36 67
36 73
36 76
36 78
36 80
36 83
36 87
36 98
36 104
36 108
36 111
36 112
36 113
36 114
36 117
36 122
36 127
36 128
36 135
36 137
36 140
36 144
36 149
36 154
36 156
36 157
36 162
36 163
36 165
36 173
36 180
36 183
36 184
36 185
36 188
36 190
36 192
36 198
36 201
36 202
36 207
38 49
38 51
38 62
38 63
38 67
38 75
38 76
38 80
38 83
38 87
38 88
38 98
38 101
38 104
38 108
38 113
38 117
38 118
38 130
38 131
38 134
38 137
38 140
38 143
38 149
38 156
38 162
38 165
38 178
38 190
38 192
38 194
38 198
38 201
38 203
38 206
38 210
39 58
39 112
39 120
39 144
39 175
39 202
39 207
39 209
39 210
42 5
42 6
42 11
42 15
42 20
42 30
42 34
42 40
42 43
42 47
42 53
42 56
42 58
42 59
42 63
42 65
42 66
42 67
42 73
42 75
42 78
42 80
42 87
42 95
42 99
42 100
42 103
42 111
42 112
42 113
42 114
42 115
42 122
42 124
42 126
42 127
42 128
42 132
42 134
42 135
42 143
42 144
42 146
42 149
42 154
42 155
42 157
42 159
42 163
42 164
42 165
42 171
42 173
42 180
42 182
42 184
42 185
42 187
42 188
42 193
42 198
42 202
42 207
42 210
43 5
43 6
43 9
43 11
43 15
43 20
43 24
43 30
43 34
43 40
43 47
43 48
43 50
43 52
43 53
43 55
43 56
43 58
43 59
43 63
43 65
43 66
43 67
43 68
43 70
43 71
43 72
43 73
43 75
43 77
43 78
43 80
43 81
43 87
43 94
43 95
43 96
43 97
43 99
43 100
43 102
43 103
43 105
43 107
43 109
43 111
43 112
43 113
43 114
43 115
43 116
43 119
43 122
43 124
43 126
43 127
43 128
43 129
43 131
43 132
43 133
43 134
43 135
43 138
43 142
43 143
43 144
43 146
43 149
43 152
43 154
43 155
43 159
43 161
43 163
43 164
43 165
43 171
43 173
43 182
43 183
43 184
43 185
43 187
43 188
43 193
43 197
43 198
43 199
43 202
43 207
43 210
51 12
51 27
51 33
51 58
51 62
51 63
51 64
51 70
51 76
51 80
51 81
51 83
51 84
51 87
51 91
51 96
51 97
51 98
51 104
51 105
51 108
51 109
51 113
51 116
51 117
51 118
51 135
51 136
51 137
51 140
51 141
51 144
51 149
51 156
51 161
51 162
51 165
51 172
51 176
51 181
51 190
51 192
51 193
51 195
51 197
51 198
51 201
51 202
51 205
51 207
52 2
52 11
52 12
52 25
52 27
52 33
52 44
52 81
52 85
52 96
52 105
52 106
52 109
52 118
52 128
52 135
52 136
52 139
52 144
52 150
52 151
52 154
52 161
52 172
52 185
52 191
52 197
52 198
52 205
52 207
52 212
53 5
53 6
53 15
53 20
53 24
53 34
53 40
53 47
53 56
53 58
53 63
53 65
53 66
53 73
53 75
53 77
53 78
53 81
53 95
53 96
53 97
53 99
53 100
53 103
53 107
53 109
53 111
53 112
53 113
53 114
53 115
53 116
53 124
53 132
53 134
53 144
53 146
53 159
53 164
53 171
53 182
53 183
53 184
53 187
53 193
53 194
53 198
53 202
53 207
53 208
53 210
58 5
58 6
58 11
58 12
58 15
58 20
58 24
58 27
58 30
58 33
58 34
58 40
58 47
58 56
58 61
58 63
58 64
58 65
58 66
58 67
58 73
58 75
58 77
58 78
58 81
58 87
58 95
58 96
58 99
58 100
58 103
58 105
58 107
58 109
58 111
58 112
58 113
58 114
58 115
58 118
58 120
58 122
58 124
58 127
58 129
58 132
58 134
58 144
58 146
58 152
58 159
58 161
58 163
58 164
58 165
58 171
58 172
58 173
58 175
58 182
58 183
58 184
58 185
58 187
58 188
58 193
58 194
58 197
58 198
58 202
58 205
58 207
58 208
58 209
58 210
59 46
59 50
59 63
59 68
59 72
59 73
59 75
59 83
59 112
59 123
59 124
59 126
59 133
59 134
59 135
59 142
59 143
59 163
59 165
59 198
59 207
59 210
62 49
62 63
62 76
62 80
62 83
62 98
62 104
62 108
62 113
62 117
62 122
62 134
62 137
62 140
62 148
62 149
62 156
62 160
62 162
62 165
62 173
62 185
62 190
62 192
62 201
62 208
63 5
63 6
63 9
63 11
63 15
63 20
63 23
63 24
63 30
63 34
63 37
63 40
63 41
63 46
63 47
63 48
63 50
63 55
63 56
63 57
63 65
63 66
63 67
63 68
63 69
63 71
63 72
63 73
63 75
63 76
63 77
63 78
63 80
63 83
63 87
63 92
63 93
63 94
63 95
63 98
63 99
63 100
63 102
63 103
63 104
63 107
63 108
63 111
63 112
63 113
63 114
63 115
63 117
63 119
63 122
63 124
63 126
63 127
63 128
63 129
63 131
63 132
63 133
63 134
63 135
63 137
63 138
63 140
63 142
63 143
63 144
63 146
63 147
63 149
63 154
63 155
63 156
63 158
63 159
63 162
63 163
63 164
63 165
63 169
63 171
63 173
63 177
63 179
63 182
63 183
63 184
63 185
63 186
63 187
63 188
63 190
63 192
63 198
63 199
63 201
63 202
63 206
63 207
63 210
63 211
64 12
64 27
64 33
64 70
64 80
64 81
64 84
64 91
64 96
64 97
64 105
64 109
64 116
64 118
64 141
64 161
64 172
64 176
64 181
64 195
64 197
64 200
64 202
64 205
64 207
64 212
65 5
65 6
65 11
65 15
65 20
65 30
65 34
65 40
65 47
65 56
65 66
65 67
65 71
65 73
65 75
65 78
65 80
65 87
65 93
65 95
65 99
65 100
65 103
65 111
65 112
65 113
65 114
65 115
65 122
65 124
65 127
65 128
65 132
65 143
65 144
65 146
65 147
65 149
65 155
65 159
65 164
65 165
65 169
65 171
65 173
65 182
65 184
65 185
65 187
65 188
65 199
65 202
65 207
65 210
65 211
73 11
73 30
73 34
73 67
73 77
73 78
73 87
73 107
73 111
73 112
73 113
73 114
73 122
73 127
73 144
73 165
73 173
73 184
73 185
73 188
73 193
73 202
73 207
75 49
75 67
75 77
75 80
75 81
75 87
75 88
75 101
75 109
75 111
75 112
75 119
75 123
75 126
75 128
75 129
75 130
75 131
75 134
75 135
75 138
75 143
75 144
75 148
75 149
75 155
75 157
75 161
75 163
75 168
75 178
75 180
75 185
75 193
75 194
75 198
75 202
75 203
75 206
75 207
75 208
75 210
75 213
76 61
76 80
76 83
76 98
76 104
76 108
76 109
76 113
76 117
76 137
76 140
76 149
76 156
76 162
76 165
76 190
76 192
76 201
77 12
77 24
77 33
77 81
77 96
77 107
77 111
77 112
77 114
77 134
77 135
77 144
77 154
77 161
77 183
77 193
77 197
77 198
77 202
77 205
77 207
77 210
80 81
80 83
80 84
80 91
80 96
80 97
80 98
80 101
80 104
80 108
80 112
80 113
80 117
80 128
80 137
80 140
80 141
80 143
80 149
80 155
80 156
80 161
80 162
80 165
80 176
80 190
80 192
80 195
80 201
80 210
81 2
81 12
81 25
81 27
81 33
81 44
81 61
81 67
81 69
81 70
81 84
81 85
81 87
81 91
81 96
81 97
81 105
81 106
81 109
81 111
81 112
81 116
81 117
81 118
81 128
81 129
81 135
81 136
81 139
81 141
81 144
81 150
81 151
81 152
81 154
81 157
81 161
81 163
81 167
81 172
81 176
81 181
81 191
81 195
81 197
81 198
81 200
81 202
81 205
81 207
81 210
81 212
83 98
83 104
83 108
83 113
83 117
83 126
83 128
83 137
83 140
83 149
83 156
83 162
83 165
83 190
83 192
83 201
84 91
84 96
84 97
84 141
84 161
84 176
84 195
91 96
91 97
91 141
91 161
91 176
91 195
96 2
96 12
96 25
96 27
96 33
96 44
96 61
96 67
96 69
96 70
96 85
96 87
96 97
96 105
96 106
96 109
96 111
96 112
96 116
96 117
96 118
96 128
96 129
96 135
96 136
96 139
96 140
96 141
96 144
96 150
96 151
96 152
96 154
96 157
96 161
96 163
96 165
96 167
96 172
96 176
96 181
96 191
96 195
96 197
96 198
96 200
96 202
96 205
96 207
96 212
97 27
97 70
97 105
97 109
97 116
97 118
97 141
97 144
97 161
97 172
97 176
97 181
97 195
97 197
97 200
97 202
97 205
97 207
97 212
98 104
98 108
98 113
98 117
98 137
98 140
98 149
98 156
98 162
98 165
98 190
98 192
98 201
104 108
104 113
104 117
104 137
104 140
104 149
104 156
104 162
104 165
104 190
104 192
104 201
105 2
105 12
105 25
105 27
105 33
105 44
105 61
105 70
105 85
105 106
105 109
105 118
105 128
105 135
105 136
105 139
105 144
105 150
105 151
105 152
105 154
105 161
105 167
105 172
105 176
105 181
105 191
105 195
105 197
105 198
105 200
105 202
105 205
105 207
105 212
107 9
107 20
107 48
107 56
107 71
107 78
107 94
107 100
107 102
107 103
107 111
107 112
107 114
107 115
107 124
107 132
107 144
107 159
107 182
107 184
107 199
107 202
107 207
108 8
108 101
108 113
108 117
108 137
108 140
108 149
108 156
108 157
108 162
108 165
108 176
108 180
108 190
108 192
108 201
109 2
109 12
109 27
109 33
109 44
109 61
109 70
109 85
109 106
109 112
109 116
109 118
109 124
109 129
109 134
109 135
109 136
109 139
109 144
109 150
109 151
109 152
109 161
109 163
109 172
109 176
109 181
109 191
109 193
109 194
109 195
109 197
109 198
109 200
109 202
109 205
109 207
109 208
109 212
111 11
111 30
111 34
111 67
111 78
111 87
111 112
111 113
111 114
111 122
111 127
111 144
111 161
111 165
111 173
111 184
111 185
111 188
111 193
111 202
111 205
111 207
111 210
112 5
112 6
112 9
112 11
112 15
112 20
112 24
112 30
112 34
112 40
112 47
112 48
112 49
112 50
112 56
112 66
112 67
112 68
112 71
112 72
112 78
112 87
112 88
112 93
112 94
112 95
112 99
112 100
112 102
112 103
112 113
112 114
112 115
112 120
112 122
112 123
112 124
112 126
112 127
112 128
112 131
112 132
112 133
112 134
112 135
112 142
112 143
112 144
112 146
112 147
112 148
112 149
112 152
112 154
112 155
112 159
112 163
112 164
112 165
112 168
112 169
112 171
112 173
112 175
112 178
112 182
112 183
112 184
112 185
112 187
112 188
112 193
112 194
112 197
112 198
112 199
112 202
112 203
112 206
112 207
112 208
112 209
112 210
112 211
112 213
113 5
113 6
113 11
113 15
113 20
113 30
113 34
113 40
113 41
113 47
113 56
113 66
113 67
113 78
113 87
113 95
113 99
113 100
113 103
113 114
113 115
113 117
113 122
113 124
113 127
113 128
113 132
113 137
113 140
113 144
113 146
113 149
113 156
113 159
113 162
113 163
113 164
113 165
113 171
113 173
113 180
113 182
113 184
113 185
113 187
113 188
113 190
113 192
113 193
113 201
113 202
113 207
114 11
114 30
114 34
114 67
114 78
114 87
114 122
114 127
114 144
114 165
114 173
114 184
114 185
114 188
114 193
114 202
114 207
117 67
117 87
117 128
117 137
117 140
117 149
117 156
117 157
117 162
117 163
117 165
117 180
117 190
117 192
117 193
117 197
117 198
117 201
120 144
120 175
120 202
120 207
120 209
120 210
126 50
126 68
126 72
126 133
126 134
126 135
126 142
126 143
126 198
126 207
126 210
128 41
128 67
128 87
128 135
128 140
128 143
128 144
128 149
128 154
128 155
128 157
128 161
128 163
128 180
128 197
128 198
128 205
128 207
128 210
134 49
134 50
134 67
134 68
134 72
134 87
134 88
134 95
134 101
134 118
134 119
134 123
134 129
134 130
134 131
134 133
134 135
134 138
134 142
134 143
134 144
134 148
134 155
134 160
134 168
134 178
134 184
134 185
134 193
134 194
134 198
134 202
134 203
134 206
134 207
134 208
134 210
134 213
135 12
135 25
135 27
135 33
135 67
135 87
135 116
135 118
135 136
135 143
135 144
135 154
135 155
135 161
135 172
135 193
135 197
135 198
135 202
135 205
135 207
135 210
135 212
137 140
137 149
137 156
137 162
137 165
137 190
137 192
137 201
140 46
140 87
140 149
140 156
140 162
140 165
140 190
140 192
140 201
141 161
141 176
141 195
143 118
143 119
143 129
143 131
143 138
143 149
143 154
143 155
143 198
143 207
143 210
144 5
144 6
144 11
144 15
144 20
144 30
144 34
144 40
144 47
144 56
144 61
144 66
144 67
144 70
144 78
144 87
144 95
144 99
144 100
144 103
144 115
144 116
144 122
144 124
144 127
144 129
144 132
144 146
144 152
144 154
144 159
144 161
144 163
144 164
144 165
144 171
144 173
144 175
144 182
144 184
144 185
144 187
144 188
144 193
144 194
144 197
144 198
144 202
144 205
144 207
144 208
144 209
144 210
149 155
149 156
149 162
149 165
149 190
149 192
149 201
149 210
154 12
154 25
154 33
154 67
154 87
154 118
154 155
154 161
154 172
154 193
154 197
154 198
154 202
154 205
154 207
154 210
154 212
155 119
155 129
155 131
155 138
155 198
155 210
156 46
156 162
156 165
156 190
156 192
156 201
161 2
161 12
161 25
161 27
161 33
161 44
161 61
161 70
161 85
161 106
161 116
161 118
161 136
161 139
161 150
161 151
161 152
161 167
161 172
161 176
161 181
161 191
161 195
161 197
161 198
161 200
161 202
161 205
161 207
161 210
161 212
162 165
162 186
162 190
162 192
162 201
165 11
165 30
165 34
165 46
165 55
165 67
165 70
165 78
165 87
165 99
165 122
165 127
165 173
165 184
165 185
165 186
165 188
165 190
165 192
165 195
165 201
165 202
165 207
165 209
175 202
175 207
175 209
175 210
176 27
176 70
176 116
176 118
176 172
176 181
176 195
176 197
176 200
176 205
176 212
185 11
185 30
185 34
185 67
185 78
185 87
185 101
185 122
185 127
185 129
185 148
185 173
185 184
185 188
185 197
185 198
185 201
185 202
185 207
185 210
190 9
190 55
190 99
190 192
190 201
192 201
193 8
193 49
193 88
193 123
193 131
193 148
193 168
193 178
193 194
193 198
193 202
193 203
193 206
193 207
193 208
193 213
194 49
194 67
194 87
194 88
194 101
194 123
194 130
194 131
194 148
194 168
194 178
194 198
194 202
194 203
194 205
194 206
194 207
194 208
194 210
194 213
195 27
195 70
195 118
195 172
195 181
195 197
195 200
195 205
195 212
198 2
198 12
198 15
198 25
198 27
198 33
198 41
198 44
198 49
198 67
198 85
198 87
198 88
198 101
198 106
198 116
198 118
198 130
198 131
198 136
198 139
198 150
198 151
198 157
198 163
198 172
198 178
198 180
198 191
198 197
198 202
198 203
198 205
198 206
198 207
198 209
198 210
198 212
201 11
201 69
201 177
202 5
202 6
202 11
202 12
202 15
202 20
202 27
202 30
202 33
202 34
202 40
202 47
202 56
202 61
202 66
202 67
202 70
202 78
202 87
202 95
202 99
202 100
202 103
202 115
202 118
202 122
202 124
202 127
202 129
202 132
202 146
202 152
202 159
202 163
202 164
202 171
202 172
202 173
202 182
202 184
202 187
202 188
202 197
202 205
202 207
202 208
202 209
202 210
207 5
207 6
207 9
207 11
207 12
207 15
207 20
207 24
207 27
207 30
207 33
207 34
207 40
207 47
207 48
207 49
207 50
207 56
207 61
207 66
207 67
207 68
207 71
207 72
207 78
207 87
207 88
207 93
207 94
207 95
207 99
207 100
207 102
207 103
207 115
207 116
207 118
207 122
207 123
207 124
207 127
207 129
207 131
207 132
207 133
207 142
207 146
207 147
207 148
207 152
207 159
207 163
207 164
207 168
207 169
207 171
207 172
207 173
207 178
207 182
207 183
207 184
207 187
207 188
207 197
207 199
207 203
207 205
207 206
207 208
207 209
207 210
207 211
207 213
208 49
208 55
208 88
208 122
208 123
208 131
208 148
208 160
208 168
208 173
208 178
208 203
208 206
208 213
209 210
210 49
210 67
210 87
210 88
210 101
210 130
210 131
210 163
210 178
210 203
210 206
2 12
2 27
2 33
2 44
2 85
2 106
2 118
2 136
2 139
2 150
2 151
2 172
2 191
2 197
2 205
12 9
12 20
12 25
12 27
12 33
12 44
12 55
12 56
12 69
12 85
12 88
12 94
12 100
12 103
12 106
12 118
12 127
12 136
12 139
12 150
12 151
12 172
12 179
12 191
12 197
12 200
12 205
12 212
27 9
27 33
27 44
27 56
27 61
27 70
27 85
27 94
27 106
27 116
27 118
27 119
27 127
27 136
27 139
27 150
27 151
27 152
27 172
27 181
27 191
27 197
27 205
27 212
33 6
33 25
33 44
33 85
33 100
33 106
33 118
33 136
33 139
33 150
33 151
33 172
33 191
33 197
33 205
33 212
44 85
44 106
44 116
44 118
44 136
44 139
44 150
44 151
44 172
44 191
44 197
44 205
85 106
85 118
85 130
85 136
85 139
85 150
85 151
85 172
85 191
85 197
85 203
85 205
85 206
106 118
106 136
106 139
106 150
106 151
106 167
106 172
106 191
106 197
106 205
118 25
118 61
118 70
118 131
118 136
118 139
118 150
118 151
118 152
118 167
118 172
118 181
118 191
118 197
118 200
118 205
118 212
136 116
136 139
136 150
136 151
136 172
136 191
136 197
136 205
139 150
139 151
139 172
139 191
139 197
139 205
150 151
150 172
150 191
150 197
150 205
151 130
151 172
151 191
151 197
151 205
172 25
172 61
172 70
172 152
172 167
172 181
172 191
172 197
172 200
172 205
172 212
191 197
191 205
197 25
197 61
197 67
197 70
197 87
197 101
197 116
197 129
197 152
197 157
197 163
197 167
197 181
197 184
197 200
197 205
197 212
205 25
205 61
205 70
205 129
205 152
205 167
205 181
205 200
205 212
6 5
6 15
6 20
6 30
6 34
6 40
6 47
6 55
6 56
6 66
6 69
6 78
6 92
6 95
6 99
6 100
6 103
6 115
6 124
6 127
6 132
6 146
6 152
6 159
6 164
6 171
6 182
6 184
6 187
11 30
11 34
11 67
11 78
11 87
11 122
11 127
11 173
11 184
11 188
30 34
30 67
30 78
30 87
30 122
30 127
30 173
30 184
30 188
34 5
34 15
34 20
34 40
34 47
34 56
34 66
34 67
34 78
34 87
34 95
34 99
34 100
34 103
34 115
34 122
34 124
34 127
34 132
34 146
34 157
34 159
34 163
34 164
34 171
34 173
34 180
34 182
34 184
34 187
34 188
54 88
54 160
54 178
54 206
67 49
67 78
67 87
67 88
67 101
67 122
67 127
67 130
67 131
67 157
67 163
67 173
67 178
67 184
67 188
67 203
67 206
78 5
78 9
78 15
78 20
78 40
78 47
78 48
78 56
78 66
78 71
78 87
78 93
78 94
78 95
78 99
78 100
78 102
78 103
78 115
78 122
78 124
78 127
78 132
78 146
78 147
78 159
78 164
78 169
78 171
78 173
78 182
78 184
78 187
78 188
78 199
78 211
87 15
87 49
87 88
87 101
87 122
87 127
87 130
87 131
87 157
87 163
87 173
87 178
87 184
87 188
87 203
87 206
122 49
122 127
122 160
122 173
122 184
122 188
124 5
124 9
124 15
124 20
124 40
124 47
124 48
124 56
124 66
124 71
124 93
124 94
124 95
124 99
124 100
124 102
124 103
124 115
124 123
124 132
124 146
124 147
124 159
124 164
124 169
124 171
124 182
124 184
124 187
124 199
124 211
127 9
127 20
127 48
127 56
127 71
127 94
127 103
127 146
127 147
127 173
127 184
127 188
127 199
127 211
173 49
173 160
173 184
173 188
184 5
184 9
184 15
184 20
184 40
184 47
184 48
184 56
184 66
184 71
184 93
184 94
184 95
184 99
184 100
184 102
184 103
184 115
184 132
184 146
184 147
184 159
184 164
184 169
184 171
184 179
184 182
184 187
184 188
184 199
184 211
49 88
49 101
49 123
49 130
49 131
49 148
49 168
49 178
49 203
49 206
49 213
88 101
88 123
88 130
88 131
88 148
88 157
88 160
88 168
88 178
88 180
88 203
88 206
88 213
123 131
123 148
123 168
123 178
123 203
123 206
123 213
131 101
131 119
131 129
131 130
131 138
131 148
131 168
131 178
131 203
131 206
131 213
148 50
148 168
148 178
148 203
148 206
148 213
168 178
168 203
168 206
168 213
178 101
178 130
178 157
178 160
178 180
178 203
178 206
178 213
203 50
203 94
203 101
203 130
203 206
203 213
206 48
206 50
206 55
206 101
206 130
206 157
206 160
206 180
206 213
5 15
5 20
5 40
5 47
5 56
5 66
5 95
5 99
5 100
5 103
5 115
5 132
5 146
5 159
5 164
5 171
5 182
5 187
15 20
15 40
15 47
15 56
15 66
15 95
15 99
15 100
15 103
15 115
15 132
15 146
15 159
15 164
15 171
15 182
15 187
20 9
20 40
20 47
20 48
20 56
20 66
20 71
20 93
20 94
20 95
20 99
20 100
20 102
20 103
20 115
20 132
20 146
20 147
20 159
20 164
20 169
20 171
20 182
20 187
20 199
20 211
20 212
40 47
40 56
40 66
40 69
40 92
40 95
40 99
40 100
40 103
40 115
40 132
40 146
40 159
40 164
40 171
40 182
40 187
47 56
47 66
47 95
47 99
47 100
47 103
47 115
47 132
47 146
47 159
47 164
47 171
47 182
47 187
56 9
56 48
56 66
56 71
56 93
56 94
56 95
56 99
56 100
56 102
56 103
56 115
56 132
56 146
56 147
56 159
56 164
56 169
56 171
56 182
56 187
56 199
56 200
56 211
66 71
66 93
66 95
66 99
66 100
66 103
66 115
66 132
66 146
66 147
66 159
66 164
66 169
66 171
66 182
66 187
66 199
66 211
95 23
95 37
95 57
95 69
95 92
95 99
95 100
95 103
95 115
95 132
95 146
95 158
95 159
95 164
95 171
95 177
95 179
95 182
95 186
95 187
99 23
99 37
99 57
99 69
99 92
99 100
99 103
99 115
99 132
99 146
99 158
99 159
99 164
99 171
99 177
99 179
99 182
99 186
99 187
100 9
100 48
100 71
100 93
100 94
100 102
100 103
100 115
100 132
100 146
100 147
100 159
100 164
100 169
100 171
100 182
100 187
100 199
100 211
103 9
103 48
103 71
103 93
103 94
103 102
103 115
103 132
103 146
103 147
103 159
103 164
103 169
103 171
103 182
103 187
103 199
103 211
115 9
115 48
115 71
115 93
115 94
115 102
115 132
115 146
115 147
115 159
115 164
115 169
115 171
115 179
115 182
115 187
115 199
115 211
132 9
132 48
132 71
132 93
132 94
132 102
132 146
132 147
132 159
132 164
132 169
132 171
132 182
132 187
132 199
132 211
146 48
146 71
146 93
146 147
146 159
146 164
146 169
146 171
146 182
146 187
146 199
146 211
159 9
159 48
159 71
159 93
159 94
159 102
159 130
159 147
159 164
159 169
159 171
159 182
159 187
159 199
159 211
164 23
164 37
164 57
164 69
164 92
164 158
164 171
164 177
164 179
164 182
164 186
164 187
171 182
171 187
182 9
182 48
182 71
182 93
182 94
182 102
182 147
182 169
182 187
182 199
182 211
69 23
69 37
69 57
69 92
69 158
69 177
69 179
69 186
92 23
92 37
92 57
92 158
92 177
92 179
92 186
152 61
152 70
152 101
152 129
152 167
152 212
8 157
8 180
157 41
157 160
157 163
157 180
180 41
180 160
180 163
180 183
9 48
9 71
9 94
9 102
9 199
48 71
48 94
48 102
48 147
48 199
48 211
71 93
71 94
71 102
71 147
71 169
71 199
71 211
94 102
94 199
102 199
199 93
199 147
199 169
199 211
25 167
25 212
179 23
179 37
179 57
179 158
179 177
179 186
200 70
200 181
200 212
212 41
212 61
212 70
212 138
212 167
212 181
163 41
101 129
101 130
24 183
50 68
50 72
50 133
50 142
68 72
68 133
68 142
72 133
72 142
119 129
119 138
129 61
129 138
133 142
93 147
93 169
93 211
147 169
147 211
169 211
186 23
186 37
186 57
186 158
186 177
23 37
23 57
23 158
23 177
37 57
37 158
37 177
57 158
57 177
158 177
167 61
70 116
70 181
116 181
