0 1
0 8
0 11
0 14
0 20
0 22
0 24
1 8
1 20
1 24
8 2
8 5
8 10
8 14
8 19
8 20
8 21
8 24
8 26
8 32
11 14
11 20
11 22
14 20
14 22
14 26
14 32
20 2
20 3
20 4
20 5
20 6
20 7
20 9
20 10
20 12
20 13
20 15
20 16
20 17
20 18
20 19
20 21
20 22
20 23
20 24
20 25
20 26
20 27
20 28
20 29
20 30
20 31
20 32
20 33
20 34
22 2
22 3
22 9
22 10
22 30
2 9
2 10
2 30
9 4
9 6
9 10
9 30
10 19
10 21
10 30
10 33
3 16
3 18
3 27
16 18
16 27
18 27
27 7
27 13
6 34
7 13
7 29
13 29
19 21
21 15
21 28
26 32
33 15
12 31
31 28
17 25
