0 1
0 75
0 93
1 2
1 7
1 11
1 25
1 33
1 41
1 44
1 46
1 57
1 66
1 69
1 70
1 75
1 80
1 85
1 88
1 91
1 92
1 93
1 94
75 3
75 4
75 9
75 22
75 24
75 27
75 31
75 37
75 44
75 50
75 62
75 71
75 84
75 90
75 91
75 93
93 2
93 3
93 4
93 5
93 6
93 7
93 8
93 9
93 10
93 11
93 12
93 13
93 14
93 15
93 16
93 17
93 18
93 19
93 20
93 21
93 22
93 23
93 24
93 25
93 26
93 27
93 28
93 29
93 30
93 31
93 32
93 33
93 34
93 35
93 36
93 37
93 38
93 39
93 40
93 41
93 42
93 43
93 44
93 45
93 46
93 47
93 48
93 49
93 50
93 51
93 52
93 53
93 54
93 55
93 56
93 57
93 58
93 59
93 60
93 61
93 62
93 63
93 64
93 65
93 66
93 67
93 68
93 69
93 70
93 71
93 72
93 73
93 74
93 76
93 77
93 78
93 79
93 80
93 81
93 82
93 83
93 84
93 85
93 86
93 87
93 88
93 89
93 90
93 91
93 92
93 94
93 95
93 96
93 97
93 98
93 99
93 100
93 101
93 102
93 103
2 7
2 25
2 31
2 32
2 33
2 41
2 69
2 80
2 91
2 92
2 94
7 25
7 33
7 41
7 69
7 80
7 85
7 91
7 92
7 94
11 10
11 12
11 18
11 19
11 23
11 28
11 31
11 33
11 38
11 53
11 54
11 60
11 72
11 79
11 80
11 82
11 101
25 31
25 33
25 41
25 69
25 78
25 92
25 94
33 41
33 46
33 55
33 57
33 66
33 69
33 80
33 85
33 88
33 92
33 94
41 69
41 80
41 91
41 92
41 94
44 4
44 13
44 27
44 31
44 37
44 50
44 61
44 71
44 78
44 80
44 91
44 95
44 102
46 66
46 80
57 6
57 70
57 86
57 88
66 22
66 80
69 80
69 85
69 92
69 94
70 14
70 36
70 48
70 55
70 59
70 65
70 67
70 74
70 79
70 88
80 91
80 92
88 6
88 45
88 59
88 64
88 86
88 96
91 3
91 4
91 9
91 27
91 31
91 37
91 50
91 51
91 84
91 92
91 95
92 94
31 4
31 10
31 12
31 18
31 19
31 23
31 27
31 28
31 29
31 37
31 38
31 45
31 50
31 51
31 53
31 54
31 60
31 61
31 72
31 79
31 82
31 101
32 29
32 51
32 76
32 77
32 81
32 103
3 6
3 9
3 24
3 30
3 35
3 36
3 47
3 50
3 68
3 71
3 73
3 83
3 84
3 87
6 9
6 24
6 30
6 35
6 36
6 43
6 47
6 68
6 73
6 83
6 84
6 87
9 24
9 30
9 35
9 36
9 47
9 50
9 68
9 71
9 73
9 83
9 84
9 87
24 30
24 35
24 36
24 47
24 50
24 68
24 73
24 83
24 84
24 87
30 35
30 36
30 47
30 68
30 73
30 83
30 84
30 87
35 36
35 47
35 59
35 68
35 73
35 83
35 84
35 87
36 47
36 68
36 73
36 83
36 84
36 87
47 68
47 73
47 83
47 84
47 87
50 4
50 27
50 71
50 78
50 84
68 73
68 83
68 84
68 87
71 78
71 84
73 83
73 84
73 87
83 84
83 87
84 87
4 17
4 20
4 27
4 29
4 40
4 49
4 96
17 5
17 16
17 20
17 22
17 27
17 29
17 40
17 42
17 43
17 49
17 52
17 55
17 58
17 62
17 65
17 89
17 90
17 96
17 100
20 5
20 16
20 22
20 27
20 29
20 40
20 42
20 43
20 45
20 49
20 52
20 55
20 58
20 62
20 65
20 89
20 90
20 96
20 100
27 22
27 29
27 40
27 49
27 76
27 96
29 22
29 38
29 45
29 51
29 61
29 76
29 77
29 78
29 81
29 82
29 95
29 103
40 5
40 16
40 22
40 42
40 43
40 49
40 52
40 55
40 58
40 62
40 65
40 89
40 90
40 96
40 100
49 5
49 16
49 22
49 42
49 43
49 52
49 55
49 58
49 62
49 65
49 89
49 90
49 96
49 100
96 5
96 16
96 22
96 42
96 43
96 52
96 55
96 58
96 59
96 62
96 65
96 78
96 89
96 90
96 100
5 16
5 22
5 42
5 43
5 52
5 55
5 58
5 62
5 65
5 89
5 90
5 100
16 22
16 42
16 43
16 52
16 55
16 58
16 62
16 65
16 89
16 90
16 100
22 38
22 42
22 43
22 52
22 55
22 58
22 61
22 62
22 65
22 89
22 90
22 100
42 43
42 52
42 55
42 58
42 62
42 65
42 89
42 90
42 100
43 52
43 55
43 58
43 62
43 65
43 89
43 90
43 100
52 55
52 58
52 62
52 65
52 89
52 90
52 100
55 45
55 58
55 62
55 65
55 89
55 90
55 100
58 53
58 62
58 65
58 89
58 90
58 100
62 65
62 89
62 90
62 100
65 74
65 89
65 90
65 100
89 90
89 100
90 100
8 98
10 12
10 18
10 19
10 23
10 28
10 38
10 48
10 53
10 54
10 60
10 72
10 79
10 82
10 101
12 18
12 19
12 23
12 28
12 38
12 48
12 53
12 54
12 60
12 72
12 79
12 82
12 101
12 103
18 19
18 23
18 28
18 38
18 53
18 54
18 60
18 72
18 79
18 82
18 101
19 23
19 28
19 38
19 53
19 54
19 60
19 72
19 79
19 82
19 101
23 28
23 38
23 53
23 54
23 60
23 72
23 79
23 82
23 101
28 38
28 53
28 54
28 60
28 72
28 79
28 82
28 101
38 53
38 54
38 60
38 72
38 79
38 82
38 101
48 13
48 14
48 67
48 74
48 82
53 26
53 34
53 54
53 60
53 72
53 79
53 82
53 97
53 101
54 60
54 72
54 79
54 82
54 101
60 72
60 79
60 82
60 101
72 79
72 82
72 101
79 82
79 97
79 101
82 21
82 45
82 61
82 97
82 101
103 51
103 76
103 77
103 81
13 61
13 95
13 102
61 45
61 76
61 95
61 102
95 63
95 102
14 67
14 74
67 26
67 74
15 86
86 99
21 63
21 97
63 26
63 97
97 26
97 34
78 59
26 34
76 51
76 77
76 81
51 77
51 81
77 81
59 64
39 56
