0 1
0 4
0 18
0 24
0 27
1 2
1 3
1 4
1 5
1 6
1 7
1 8
1 9
1 10
1 11
1 12
1 13
1 14
1 15
1 16
1 17
1 18
1 19
1 20
1 21
1 22
1 23
1 24
1 25
1 26
1 27
1 28
1 29
1 30
1 31
1 32
1 33
4 2
4 3
4 6
4 7
4 8
4 9
4 10
4 12
4 13
4 14
4 15
4 16
4 17
4 18
4 19
4 20
4 21
4 22
4 23
4 24
4 26
4 27
4 28
4 29
4 31
4 32
4 33
18 2
18 3
18 5
18 7
18 11
18 12
18 15
18 16
18 23
18 24
18 26
18 27
18 29
18 31
18 33
24 6
24 8
24 11
24 12
24 14
24 15
24 21
24 22
24 23
24 25
24 26
24 27
24 29
24 30
24 33
27 2
27 3
27 6
27 7
27 8
27 11
27 12
27 13
27 15
27 16
27 20
27 22
27 23
27 26
27 28
27 29
27 31
27 33
2 7
2 9
2 31
2 33
3 10
3 17
3 20
3 32
3 33
6 8
6 14
6 21
6 22
6 23
6 28
7 31
7 33
8 14
8 16
8 21
8 22
8 23
8 28
9 31
9 33
10 32
11 12
11 23
11 26
11 33
12 14
12 21
12 23
12 26
12 33
13 16
14 21
14 22
14 25
14 26
14 30
15 23
15 26
15 29
16 22
17 20
17 26
21 22
21 25
21 26
21 30
22 23
22 28
23 26
23 28
23 29
23 33
25 26
25 30
26 29
26 30
26 33
31 33
