0 4
0 12
0 41
0 42
0 48
0 49
4 12
4 41
4 42
4 48
4 49
12 41
12 42
12 48
12 49
41 1
41 2
41 3
41 5
41 6
41 7
41 9
41 10
41 11
41 14
41 15
41 16
41 18
41 19
41 20
41 21
41 22
41 23
41 24
41 25
41 26
41 27
41 28
41 29
41 30
41 32
41 33
41 34
41 35
41 36
41 37
41 38
41 39
41 40
41 42
41 43
41 45
41 47
41 48
41 49
41 50
42 1
42 2
42 3
42 5
42 6
42 7
42 8
42 9
42 10
42 11
42 13
42 14
42 15
42 16
42 17
42 18
42 19
42 20
42 21
42 22
42 23
42 24
42 25
42 26
42 27
42 28
42 29
42 30
42 31
42 32
42 33
42 34
42 35
42 36
42 37
42 38
42 39
42 40
42 43
42 44
42 45
42 46
42 47
42 48
42 49
42 50
48 49
1 3
1 10
1 14
1 20
1 22
1 26
1 33
1 37
1 39
3 10
3 14
3 20
3 22
3 26
3 33
3 37
3 39
10 14
10 20
10 22
10 26
10 33
10 37
10 39
14 20
14 22
14 26
14 33
14 37
14 39
20 22
20 26
20 33
20 37
20 39
22 26
22 33
22 37
22 39
26 33
26 37
26 39
33 23
33 24
33 37
33 39
37 34
37 39
2 7
2 11
2 18
2 29
2 34
2 45
7 5
7 6
7 9
7 11
7 15
7 16
7 18
7 21
7 23
7 24
7 28
7 29
7 30
7 32
7 34
7 35
7 38
7 40
7 43
7 45
7 47
7 50
11 18
11 29
11 34
11 45
18 5
18 6
18 9
18 15
18 16
18 21
18 23
18 28
18 29
18 30
18 32
18 34
18 35
18 38
18 40
18 43
18 45
18 47
29 6
29 9
29 15
29 21
29 34
29 35
29 38
29 43
29 45
34 6
34 21
34 38
34 45
45 6
45 9
45 15
45 21
45 35
45 38
45 43
5 6
5 16
5 19
5 23
5 24
5 25
5 27
5 28
5 30
5 32
5 40
5 47
6 9
6 15
6 16
6 21
6 23
6 24
6 27
6 28
6 30
6 32
6 35
6 36
6 38
6 40
6 43
6 47
6 50
16 23
16 24
16 28
16 30
16 32
16 40
16 47
16 50
19 23
19 25
19 27
19 32
19 50
23 24
23 25
23 27
23 28
23 30
23 32
23 40
23 47
24 25
24 27
24 32
24 40
24 47
24 50
25 27
25 32
25 50
27 32
27 36
27 50
28 30
28 32
28 35
28 40
28 47
30 32
30 40
30 47
32 40
32 47
40 47
47 50
9 15
9 35
9 43
15 35
15 43
21 38
35 43
8 17
8 44
17 44
13 31
13 46
31 46
