0 1
0 2
0 5
0 7
0 9
0 10
0 13
0 14
0 15
0 16
0 17
0 20
0 21
0 22
0 25
0 26
0 28
0 29
0 32
0 35
0 36
0 37
0 38
1 5
1 9
1 13
1 16
1 22
1 25
1 26
1 29
2 5
2 7
2 9
2 10
2 14
2 15
2 16
2 20
2 21
2 28
2 32
2 35
2 37
2 38
2 40
5 7
5 9
5 10
5 13
5 14
5 15
5 16
5 17
5 20
5 21
5 22
5 24
5 25
5 26
5 28
5 29
5 31
5 32
5 35
5 36
5 37
5 38
7 4
7 8
7 9
7 10
7 14
7 15
7 16
7 19
7 20
7 21
7 23
7 24
7 25
7 28
7 32
7 34
7 35
7 37
7 38
7 40
9 3
9 4
9 6
9 8
9 10
9 11
9 12
9 13
9 14
9 15
9 16
9 17
9 18
9 19
9 20
9 21
9 22
9 23
9 24
9 25
9 26
9 27
9 28
9 29
9 30
9 31
9 32
9 33
9 34
9 35
9 36
9 37
9 38
9 39
9 40
9 41
10 4
10 14
10 15
10 16
10 18
10 19
10 20
10 21
10 24
10 28
10 32
10 35
10 37
10 38
10 40
13 11
13 15
13 16
13 17
13 22
13 24
13 25
13 26
13 28
13 29
13 31
13 32
13 36
13 38
14 15
14 16
14 20
14 21
14 28
14 32
14 35
14 37
14 38
15 16
15 20
15 21
15 28
15 32
15 35
15 37
15 38
16 11
16 17
16 20
16 21
16 22
16 24
16 25
16 26
16 28
16 29
16 31
16 32
16 35
16 36
16 37
16 38
17 11
17 22
17 24
17 31
17 36
20 21
20 28
20 32
20 35
20 37
20 38
21 28
21 32
21 35
21 37
21 38
21 40
22 25
22 26
22 28
22 29
22 36
22 38
25 6
25 19
25 23
25 24
25 26
25 29
25 30
25 33
25 38
26 19
26 29
26 33
26 38
28 32
28 35
28 37
28 38
29 30
32 6
32 8
32 18
32 19
32 24
32 35
32 37
32 38
32 40
35 19
35 37
35 38
35 40
36 11
36 24
36 31
37 38
38 19
38 24
38 33
40 3
40 8
40 12
40 18
40 19
40 23
40 24
40 27
40 34
40 39
40 41
3 8
3 12
3 18
3 23
3 27
3 34
3 39
3 41
8 12
8 18
8 23
8 24
8 27
8 34
8 39
8 41
12 18
12 23
12 27
12 34
12 39
12 41
18 6
18 19
18 23
18 24
18 27
18 34
18 39
18 41
23 4
23 27
23 34
23 39
23 41
27 34
27 39
27 41
34 4
34 39
34 41
39 41
4 24
4 30
24 11
24 31
30 6
30 19
30 33
6 19
6 33
19 33
