0 4
0 7
0 27
0 33
0 50
0 52
0 62
0 64
0 66
0 76
4 7
4 19
4 27
4 33
4 50
4 52
4 62
4 66
4 76
7 2
7 3
7 6
7 8
7 9
7 10
7 11
7 12
7 13
7 14
7 15
7 17
7 18
7 19
7 20
7 21
7 22
7 25
7 26
7 27
7 29
7 30
7 31
7 32
7 33
7 34
7 36
7 37
7 38
7 40
7 42
7 44
7 47
7 48
7 49
7 50
7 51
7 52
7 54
7 55
7 56
7 57
7 58
7 59
7 60
7 61
7 62
7 63
7 66
7 67
7 68
7 69
7 70
7 72
7 73
7 74
7 75
7 76
7 77
7 78
27 19
27 33
27 49
27 50
27 52
27 62
27 66
27 76
33 2
33 6
33 8
33 9
33 10
33 11
33 12
33 13
33 14
33 15
33 17
33 18
33 19
33 20
33 21
33 22
33 25
33 26
33 28
33 29
33 30
33 31
33 32
33 34
33 36
33 37
33 38
33 40
33 42
33 44
33 47
33 48
33 50
33 51
33 52
33 54
33 55
33 56
33 57
33 58
33 59
33 60
33 61
33 62
33 63
33 66
33 67
33 69
33 70
33 72
33 73
33 74
33 75
33 76
33 77
33 78
50 19
50 49
50 52
50 62
50 66
50 76
52 1
52 2
52 3
52 5
52 6
52 8
52 9
52 10
52 11
52 12
52 13
52 14
52 15
52 16
52 17
52 18
52 19
52 20
52 21
52 22
52 23
52 24
52 25
52 26
52 28
52 29
52 30
52 31
52 32
52 34
52 35
52 36
52 37
52 38
52 39
52 40
52 41
52 42
52 43
52 44
52 45
52 46
52 47
52 48
52 49
52 51
52 53
52 54
52 55
52 56
52 57
52 58
52 59
52 60
52 61
52 62
52 63
52 64
52 65
52 66
52 67
52 68
52 69
52 70
52 71
52 72
52 73
52 74
52 75
52 76
52 77
52 78
62 19
62 64
62 66
62 76
64 2
64 6
64 8
64 9
64 22
64 23
64 35
64 36
64 48
64 55
64 69
66 2
66 3
66 6
66 8
66 9
66 10
66 11
66 12
66 13
66 14
66 15
66 17
66 18
66 19
66 20
66 21
66 22
66 25
66 26
66 29
66 30
66 31
66 32
66 34
66 37
66 38
66 40
66 41
66 42
66 44
66 47
66 48
66 51
66 54
66 55
66 56
66 57
66 58
66 59
66 60
66 61
66 63
66 67
66 69
66 70
66 72
66 73
66 74
66 75
66 76
66 77
66 78
76 49
1 39
1 46
1 49
1 53
39 46
39 49
39 53
46 24
46 49
46 53
49 20
49 31
49 44
49 53
53 23
53 24
2 3
2 6
2 16
2 22
2 23
2 35
2 48
2 55
2 57
2 68
2 73
3 6
3 22
3 23
3 36
3 41
3 48
3 55
3 68
3 73
6 11
6 20
6 22
6 23
6 26
6 31
6 34
6 35
6 36
6 40
6 47
6 48
6 55
6 57
6 58
6 59
6 60
6 67
6 68
6 69
6 70
6 72
6 73
16 22
16 48
16 68
22 11
22 23
22 26
22 34
22 35
22 44
22 47
22 48
22 55
22 57
22 59
22 60
22 68
22 72
22 73
23 35
23 48
23 55
23 68
23 73
35 48
35 55
48 55
48 57
48 68
48 73
55 57
55 59
55 68
55 73
57 11
57 26
57 34
57 41
57 44
57 47
57 59
57 60
57 72
57 73
68 73
73 11
73 26
73 34
73 44
73 47
73 59
73 60
36 44
36 59
36 60
5 71
11 26
11 34
11 47
11 59
11 60
20 31
26 34
26 47
26 59
26 60
26 72
34 47
34 59
34 60
40 58
40 67
40 69
40 70
47 59
47 60
58 51
58 67
58 69
58 70
59 28
59 30
59 44
59 60
59 72
59 75
60 44
60 72
67 44
67 51
67 69
67 70
69 51
69 70
70 51
72 44
8 9
8 13
8 18
8 32
8 74
9 13
9 18
9 32
9 74
10 14
10 29
10 30
10 38
10 42
10 44
10 63
10 77
12 21
12 25
12 56
12 78
13 18
13 32
13 74
14 29
14 30
14 38
14 42
14 44
14 63
14 77
15 61
17 37
17 54
17 75
18 32
18 74
21 25
21 56
21 78
25 56
25 78
29 30
29 38
29 42
29 44
29 63
29 77
30 38
30 42
30 44
30 63
30 77
32 74
37 54
37 75
38 42
38 44
38 63
38 77
42 44
42 45
42 63
42 65
42 77
44 63
44 77
54 75
56 78
63 77
28 43
28 45
28 65
43 45
43 65
45 65
