0 10
0 21
0 24
0 28
0 29
0 36
0 40
10 1
10 2
10 3
10 4
10 6
10 7
10 8
10 9
10 11
10 12
10 13
10 14
10 15
10 16
10 17
10 18
10 19
10 20
10 21
10 22
10 23
10 24
10 25
10 26
10 27
10 28
10 29
10 30
10 31
10 32
10 34
10 35
10 36
10 37
10 38
10 39
10 40
10 41
21 24
21 28
21 36
21 40
24 15
24 28
24 36
24 40
28 36
28 40
29 4
29 11
29 12
29 16
29 17
29 26
29 37
29 39
29 40
36 15
36 40
40 1
40 2
40 3
40 4
40 5
40 6
40 7
40 8
40 9
40 11
40 12
40 13
40 14
40 15
40 16
40 17
40 18
40 19
40 20
40 22
40 23
40 25
40 26
40 27
40 30
40 31
40 32
40 33
40 34
40 35
40 37
40 38
40 39
40 41
1 14
1 22
1 27
1 34
14 22
14 27
14 34
22 27
22 30
22 34
27 30
27 34
34 30
2 7
2 13
2 18
2 19
2 35
7 15
7 18
7 19
7 20
7 23
7 25
7 30
7 38
13 18
13 35
18 8
18 15
18 19
18 20
18 23
18 25
18 30
18 35
18 38
19 15
19 20
19 23
19 25
19 30
19 38
35 3
35 6
35 8
35 9
35 12
35 20
35 23
35 30
35 31
35 32
35 38
35 39
35 41
3 6
3 8
3 9
3 12
3 20
3 23
3 30
3 31
3 32
3 38
3 39
3 41
6 8
6 9
6 12
6 20
6 23
6 30
6 31
6 32
6 38
6 39
6 41
8 9
8 12
8 20
8 23
8 25
8 30
8 31
8 32
8 38
8 39
8 41
9 12
9 20
9 23
9 30
9 31
9 32
9 38
9 39
9 41
12 20
12 23
12 30
12 31
12 32
12 38
12 39
12 41
20 23
20 25
20 30
20 31
20 32
20 38
20 39
20 41
23 25
23 30
23 31
23 32
23 38
23 39
23 41
30 25
30 31
30 32
30 38
30 39
30 41
31 32
31 38
31 39
31 41
32 38
32 39
32 41
38 25
38 39
38 41
39 41
4 11
4 16
4 17
4 26
4 37
11 16
11 17
11 26
11 37
16 17
16 26
16 37
17 26
17 37
26 37
37 15
5 33
15 25
