0 2
0 4
0 9
0 11
0 14
0 21
0 22
0 25
0 27
0 36
0 47
0 52
0 56
0 68
2 6
2 9
2 11
2 14
2 21
2 22
2 24
2 25
2 27
2 28
2 36
2 42
2 46
2 49
2 52
2 55
2 56
2 68
4 1
4 12
4 21
4 27
4 30
4 34
4 47
4 48
4 51
4 52
4 62
4 63
4 70
4 72
9 6
9 11
9 14
9 21
9 22
9 24
9 25
9 27
9 28
9 36
9 42
9 46
9 49
9 52
9 55
9 56
9 68
11 14
11 21
11 22
11 25
11 27
11 36
11 52
11 56
11 68
14 21
14 22
14 25
14 27
14 28
14 33
14 36
14 38
14 52
14 56
14 57
14 68
21 6
21 12
21 15
21 18
21 22
21 24
21 25
21 27
21 28
21 32
21 36
21 41
21 42
21 45
21 46
21 49
21 52
21 55
21 56
21 57
21 58
21 68
22 6
22 20
22 24
22 25
22 27
22 28
22 34
22 36
22 42
22 46
22 49
22 52
22 54
22 55
22 56
22 68
25 6
25 24
25 27
25 28
25 36
25 42
25 46
25 49
25 52
25 55
25 56
25 68
27 1
27 3
27 5
27 6
27 7
27 8
27 10
27 12
27 13
27 15
27 16
27 17
27 18
27 19
27 20
27 23
27 24
27 26
27 28
27 29
27 30
27 31
27 32
27 33
27 34
27 35
27 36
27 37
27 38
27 39
27 40
27 41
27 42
27 43
27 44
27 45
27 46
27 47
27 48
27 49
27 50
27 51
27 52
27 53
27 54
27 55
27 56
27 57
27 58
27 59
27 60
27 61
27 62
27 63
27 64
27 65
27 66
27 67
27 68
27 69
27 70
27 71
27 72
36 6
36 24
36 28
36 42
36 46
36 49
36 52
36 55
36 56
36 68
47 1
47 5
47 16
47 20
47 29
47 30
47 34
47 38
47 39
47 43
47 46
47 48
47 51
47 59
47 60
47 61
47 62
47 63
47 66
47 70
47 72
52 6
52 24
52 28
52 40
52 42
52 46
52 49
52 55
52 56
52 68
56 68
1 5
1 8
1 16
1 19
1 20
1 29
1 30
1 31
1 34
1 38
1 39
1 48
1 51
1 54
1 62
1 63
1 64
1 65
1 70
1 72
5 29
5 30
5 34
5 39
5 51
5 62
5 63
5 70
5 72
8 16
8 19
8 31
8 51
8 62
8 64
8 65
8 70
8 72
16 19
16 31
16 38
16 51
16 57
16 62
16 63
16 64
16 65
16 70
16 72
19 31
19 51
19 62
19 64
19 65
19 70
19 72
20 30
20 34
20 38
20 62
20 63
20 70
29 30
29 34
29 39
29 44
29 48
29 51
29 54
29 62
29 63
29 70
29 72
30 34
30 38
30 39
30 48
30 51
30 59
30 62
30 63
30 66
30 70
30 72
31 51
31 62
31 64
31 65
31 70
31 72
34 7
34 23
34 35
34 39
34 44
34 48
34 51
34 62
34 63
34 69
34 70
34 72
38 28
38 57
38 62
38 63
38 70
39 51
39 62
39 63
39 70
39 72
48 33
48 37
48 51
48 62
48 63
48 67
48 70
48 72
51 46
51 62
51 63
51 64
51 65
51 70
51 72
54 61
62 13
62 15
62 33
62 37
62 40
62 43
62 58
62 63
62 64
62 65
62 67
62 70
62 72
63 33
63 37
63 43
63 65
63 67
63 70
63 72
64 65
64 70
64 72
65 70
65 72
70 35
70 43
70 46
70 59
70 60
70 66
70 72
72 7
72 23
72 35
72 44
72 69
6 24
6 28
6 42
6 46
6 49
6 55
24 28
24 42
24 46
24 49
24 55
28 42
28 46
28 49
28 55
28 57
42 46
42 49
42 55
46 26
46 43
46 49
46 55
46 57
46 58
46 71
49 50
49 55
3 10
3 17
3 50
3 53
10 17
10 50
10 53
17 50
17 53
50 53
12 15
12 18
12 32
12 41
12 45
12 57
12 58
7 23
7 44
7 69
23 44
23 69
44 69
15 13
15 18
15 32
15 40
15 41
15 45
15 57
15 58
18 32
18 41
18 45
18 57
18 58
32 40
32 41
32 45
32 57
32 58
41 45
41 57
41 58
45 57
45 58
57 58
58 13
58 40
13 40
33 37
33 67
26 71
35 59
35 60
35 66
37 67
59 60
59 66
60 66
