0 5
0 10
0 20
0 40
0 51
0 56
0 69
0 74
0 78
0 86
0 90
0 92
0 96
0 100
0 120
0 122
5 3
5 4
5 10
5 13
5 15
5 20
5 33
5 35
5 38
5 40
5 44
5 46
5 51
5 53
5 55
5 56
5 57
5 60
5 61
5 66
5 69
5 70
5 72
5 74
5 77
5 78
5 86
5 90
5 92
5 93
5 94
5 96
5 100
5 101
5 108
5 111
5 112
5 116
5 117
5 120
5 122
10 3
10 13
10 15
10 19
10 33
10 35
10 39
10 40
10 45
10 51
10 55
10 57
10 60
10 61
10 66
10 70
10 72
10 74
10 77
10 78
10 86
10 92
10 93
10 94
10 96
10 100
10 101
10 108
10 111
10 116
10 117
10 120
10 122
20 26
20 27
20 32
20 37
20 40
20 49
20 51
20 56
20 65
20 69
20 74
20 78
20 83
20 86
20 92
20 96
20 100
20 120
20 122
40 1
40 2
40 3
40 4
40 7
40 8
40 11
40 12
40 13
40 14
40 15
40 16
40 17
40 18
40 21
40 23
40 24
40 25
40 26
40 27
40 28
40 29
40 30
40 31
40 32
40 34
40 35
40 36
40 38
40 39
40 44
40 45
40 46
40 47
40 50
40 51
40 52
40 53
40 54
40 55
40 56
40 57
40 58
40 59
40 61
40 62
40 63
40 64
40 65
40 66
40 67
40 68
40 69
40 70
40 72
40 74
40 75
40 76
40 77
40 78
40 79
40 80
40 82
40 83
40 84
40 85
40 86
40 87
40 88
40 90
40 91
40 92
40 93
40 95
40 96
40 97
40 99
40 100
40 101
40 102
40 103
40 104
40 106
40 107
40 108
40 109
40 111
40 112
40 116
40 117
40 120
40 121
40 122
40 123
51 1
51 2
51 3
51 4
51 6
51 7
51 8
51 9
51 11
51 12
51 13
51 14
51 15
51 16
51 17
51 18
51 19
51 22
51 23
51 24
51 25
51 26
51 27
51 28
51 29
51 30
51 31
51 32
51 33
51 34
51 35
51 36
51 37
51 38
51 39
51 43
51 44
51 45
51 46
51 47
51 48
51 49
51 50
51 52
51 53
51 54
51 55
51 56
51 57
51 58
51 59
51 60
51 61
51 63
51 64
51 65
51 66
51 69
51 70
51 71
51 72
51 73
51 74
51 76
51 77
51 78
51 79
51 80
51 82
51 83
51 84
51 85
51 86
51 87
51 88
51 89
51 90
51 92
51 93
51 94
51 95
51 96
51 97
51 99
51 100
51 101
51 102
51 103
51 104
51 105
51 106
51 107
51 108
51 109
51 110
51 111
51 112
51 115
51 116
51 117
51 118
51 119
51 120
51 121
51 122
51 123
56 33
56 69
56 74
56 77
56 78
56 86
56 92
56 96
56 100
56 103
56 111
56 120
56 122
69 74
69 78
69 86
69 92
69 96
69 100
69 120
69 122
74 3
74 4
74 12
74 13
74 15
74 19
74 22
74 23
74 25
74 31
74 32
74 35
74 36
74 39
74 43
74 44
74 48
74 55
74 57
74 61
74 66
74 70
74 71
74 72
74 73
74 77
74 78
74 80
74 82
74 83
74 86
74 89
74 90
74 92
74 93
74 94
74 96
74 97
74 100
74 101
74 102
74 103
74 106
74 108
74 110
74 111
74 112
74 115
74 116
74 117
74 120
74 122
74 123
78 3
78 4
78 12
78 13
78 15
78 22
78 23
78 25
78 32
78 35
78 38
78 43
78 44
78 46
78 48
78 53
78 55
78 57
78 61
78 66
78 70
78 71
78 72
78 73
78 77
78 80
78 86
78 89
78 90
78 92
78 93
78 96
78 100
78 101
78 102
78 108
78 110
78 112
78 115
78 116
78 117
78 120
78 122
86 3
86 4
86 33
86 61
86 66
86 77
86 92
86 96
86 100
86 101
86 108
86 117
86 120
86 122
90 3
90 38
90 46
90 53
90 92
90 96
90 100
90 117
90 120
90 122
92 1
92 2
92 3
92 4
92 6
92 7
92 8
92 9
92 11
92 12
92 13
92 14
92 15
92 16
92 17
92 18
92 19
92 21
92 22
92 23
92 24
92 25
92 26
92 27
92 28
92 29
92 30
92 31
92 32
92 33
92 34
92 35
92 36
92 37
92 38
92 39
92 41
92 42
92 43
92 44
92 45
92 46
92 47
92 48
92 49
92 50
92 52
92 53
92 54
92 55
92 57
92 58
92 59
92 60
92 61
92 62
92 63
92 64
92 65
92 66
92 67
92 68
92 70
92 71
92 72
92 73
92 75
92 76
92 77
92 79
92 80
92 81
92 82
92 83
92 84
92 85
92 87
92 88
92 89
92 91
92 93
92 94
92 95
92 96
92 97
92 98
92 99
92 100
92 101
92 102
92 103
92 104
92 105
92 106
92 107
92 108
92 109
92 110
92 111
92 112
92 113
92 114
92 115
92 116
92 117
92 118
92 119
92 120
92 121
92 122
92 123
96 3
96 4
96 6
96 7
96 11
96 13
96 15
96 16
96 18
96 19
96 23
96 26
96 27
96 31
96 32
96 33
96 35
96 37
96 38
96 39
96 44
96 46
96 53
96 55
96 57
96 58
96 60
96 61
96 65
96 66
96 70
96 72
96 77
96 87
96 93
96 94
96 97
96 100
96 101
96 104
96 108
96 111
96 112
96 116
96 117
96 120
96 122
96 123
100 3
100 4
100 9
100 13
100 15
100 35
100 38
100 44
100 46
100 53
100 55
100 57
100 61
100 66
100 70
100 72
100 77
100 81
100 93
100 97
100 101
100 105
100 108
100 112
100 116
100 117
100 118
100 119
100 120
100 121
100 122
120 1
120 2
120 3
120 4
120 7
120 8
120 11
120 12
120 13
120 14
120 15
120 16
120 17
120 18
120 23
120 24
120 25
120 26
120 27
120 28
120 29
120 30
120 31
120 32
120 34
120 35
120 36
120 37
120 38
120 39
120 44
120 45
120 46
120 47
120 50
120 52
120 53
120 54
120 55
120 57
120 58
120 59
120 61
120 63
120 64
120 65
120 66
120 70
120 72
120 76
120 77
120 79
120 80
120 82
120 83
120 84
120 85
120 87
120 88
120 93
120 94
120 95
120 97
120 99
120 101
120 102
120 103
120 104
120 106
120 107
120 108
120 109
120 111
120 112
120 116
120 117
120 121
120 122
120 123
122 1
122 3
122 4
122 11
122 13
122 14
122 15
122 16
122 18
122 23
122 25
122 26
122 27
122 32
122 33
122 35
122 38
122 44
122 46
122 53
122 55
122 57
122 58
122 61
122 65
122 66
122 70
122 72
122 77
122 79
122 80
122 87
122 93
122 97
122 101
122 102
122 104
122 107
122 108
122 112
122 117
1 2
1 4
1 7
1 8
1 14
1 15
1 17
1 18
1 23
1 24
1 25
1 26
1 28
1 29
1 30
1 32
1 34
1 45
1 47
1 50
1 52
1 54
1 58
1 59
1 63
1 64
1 76
1 79
1 80
1 84
1 85
1 88
1 95
1 97
1 99
1 102
1 103
1 104
1 107
1 109
2 4
2 7
2 8
2 17
2 24
2 28
2 29
2 30
2 34
2 45
2 47
2 50
2 52
2 54
2 58
2 59
2 63
2 64
2 76
2 84
2 85
2 88
2 95
2 97
2 99
2 109
4 3
4 6
4 7
4 8
4 11
4 12
4 15
4 16
4 17
4 18
4 19
4 23
4 24
4 26
4 27
4 28
4 29
4 30
4 31
4 32
4 33
4 34
4 35
4 36
4 37
4 39
4 44
4 45
4 47
4 49
4 50
4 52
4 54
4 58
4 59
4 63
4 64
4 65
4 66
4 70
4 76
4 77
4 82
4 83
4 84
4 85
4 87
4 88
4 94
4 95
4 97
4 99
4 101
4 103
4 104
4 106
4 109
4 111
4 112
4 117
4 123
7 8
7 9
7 11
7 15
7 17
7 24
7 28
7 29
7 30
7 32
7 34
7 45
7 47
7 50
7 52
7 54
7 58
7 59
7 63
7 64
7 76
7 77
7 84
7 85
7 88
7 95
7 97
7 99
7 109
7 111
8 17
8 24
8 28
8 29
8 30
8 34
8 45
8 47
8 50
8 52
8 54
8 58
8 59
8 63
8 64
8 76
8 84
8 85
8 88
8 95
8 97
8 99
8 109
14 15
14 18
14 23
14 25
14 26
14 32
14 79
14 80
14 97
14 102
14 104
14 107
15 3
15 9
15 13
15 18
15 19
15 23
15 25
15 26
15 32
15 35
15 37
15 49
15 55
15 57
15 58
15 59
15 61
15 65
15 66
15 70
15 72
15 77
15 79
15 80
15 93
15 97
15 102
15 104
15 105
15 107
15 111
15 112
15 113
15 115
15 116
15 117
15 118
15 119
15 121
17 3
17 11
17 22
17 24
17 27
17 28
17 29
17 30
17 31
17 34
17 45
17 47
17 50
17 52
17 54
17 58
17 59
17 61
17 63
17 64
17 71
17 73
17 76
17 84
17 85
17 88
17 95
17 97
17 99
17 101
17 103
17 109
17 117
18 11
18 16
18 23
18 25
18 26
18 27
18 32
18 58
18 65
18 79
18 80
18 87
18 97
18 102
18 104
18 107
23 11
23 12
23 16
23 22
23 25
23 26
23 27
23 31
23 32
23 35
23 36
23 42
23 43
23 44
23 48
23 49
23 55
23 57
23 58
23 65
23 71
23 72
23 73
23 79
23 80
23 82
23 83
23 87
23 89
23 93
23 97
23 98
23 102
23 103
23 104
23 106
23 107
23 110
23 114
23 115
23 123
24 28
24 29
24 30
24 34
24 45
24 47
24 50
24 52
24 54
24 58
24 59
24 63
24 64
24 76
24 84
24 85
24 88
24 95
24 97
24 99
24 109
25 12
25 22
25 26
25 32
25 35
25 42
25 43
25 44
25 48
25 57
25 71
25 72
25 73
25 79
25 80
25 89
25 93
25 97
25 98
25 102
25 104
25 107
25 110
25 115
25 123
26 11
26 16
26 27
26 32
26 58
26 65
26 79
26 80
26 83
26 87
26 97
26 102
26 104
26 107
28 11
28 27
28 29
28 30
28 34
28 45
28 47
28 50
28 52
28 54
28 58
28 59
28 63
28 64
28 73
28 76
28 84
28 85
28 88
28 95
28 97
28 99
28 103
28 109
28 123
29 30
29 34
29 45
29 47
29 50
29 52
29 54
29 58
29 59
29 63
29 64
29 76
29 84
29 85
29 88
29 95
29 97
29 99
29 109
30 34
30 45
30 47
30 50
30 52
30 54
30 58
30 59
30 63
30 64
30 76
30 84
30 85
30 88
30 95
30 97
30 99
30 109
32 9
32 11
32 12
32 16
32 22
32 27
32 35
32 43
32 44
32 48
32 57
32 58
32 65
32 71
32 72
32 73
32 79
32 80
32 87
32 89
32 93
32 97
32 102
32 104
32 107
32 110
32 115
34 45
34 47
34 50
34 52
34 54
34 58
34 59
34 63
34 64
34 76
34 84
34 85
34 88
34 95
34 97
34 99
34 109
45 47
45 50
45 52
45 54
45 58
45 59
45 63
45 64
45 76
45 84
45 85
45 88
45 95
45 97
45 99
45 109
47 50
47 52
47 54
47 58
47 59
47 63
47 64
47 76
47 84
47 85
47 88
47 95
47 97
47 99
47 109
50 52
50 54
50 58
50 59
50 63
50 64
50 76
50 84
50 85
50 88
50 95
50 97
50 99
50 109
52 54
52 58
52 59
52 63
52 64
52 76
52 84
52 85
52 88
52 95
52 97
52 99
52 109
54 58
54 59
54 63
54 64
54 76
54 84
54 85
54 88
54 95
54 97
54 99
54 109
58 11
58 16
58 27
58 59
58 63
58 64
58 65
58 76
58 84
58 85
58 87
58 88
58 95
58 97
58 99
58 104
58 109
59 9
59 63
59 64
59 76
59 77
59 83
59 84
59 85
59 88
59 95
59 97
59 99
59 106
59 109
63 64
63 76
63 84
63 85
63 88
63 95
63 97
63 99
63 109
64 76
64 84
64 85
64 88
64 95
64 97
64 99
64 109
76 84
76 85
76 88
76 95
76 97
76 99
76 109
79 80
79 97
79 102
79 104
79 107
80 12
80 22
80 35
80 42
80 43
80 44
80 48
80 49
80 57
80 65
80 71
80 72
80 73
80 89
80 93
80 97
80 98
80 102
80 104
80 107
80 110
80 114
80 115
80 123
84 85
84 88
84 95
84 97
84 99
84 109
85 88
85 95
85 97
85 99
85 109
88 95
88 97
88 99
88 109
95 97
95 99
95 109
97 11
97 12
97 16
97 21
97 27
97 31
97 36
97 65
97 67
97 82
97 83
97 87
97 91
97 99
97 102
97 103
97 104
97 105
97 106
97 107
97 109
97 121
97 123
99 109
102 12
102 22
102 35
102 42
102 43
102 44
102 48
102 57
102 71
102 72
102 73
102 89
102 93
102 98
102 104
102 107
102 110
102 114
102 115
103 3
103 11
103 12
103 19
103 22
103 27
103 31
103 36
103 39
103 61
103 73
103 82
103 83
103 94
103 106
103 111
103 112
103 117
103 119
103 123
104 11
104 16
104 27
104 65
104 87
104 107
107 77
107 94
3 13
3 22
3 33
3 35
3 38
3 46
3 53
3 55
3 57
3 60
3 61
3 66
3 70
3 71
3 72
3 73
3 77
3 93
3 94
3 101
3 108
3 112
3 117
3 123
13 35
13 55
13 57
13 61
13 70
13 72
13 89
13 93
13 117
22 12
22 35
22 42
22 43
22 44
22 48
22 57
22 61
22 71
22 72
22 73
22 89
22 93
22 98
22 101
22 110
22 114
22 115
22 117
22 123
33 19
33 39
33 60
33 66
33 77
33 94
33 108
33 111
33 112
33 117
35 12
35 43
35 44
35 48
35 55
35 57
35 61
35 70
35 71
35 72
35 73
35 89
35 93
35 110
35 115
35 117
38 46
38 53
38 117
46 53
46 117
53 117
55 39
55 41
55 57
55 61
55 65
55 70
55 72
55 89
55 93
55 110
55 115
55 117
57 12
57 43
57 44
57 48
57 61
57 70
57 71
57 72
57 73
57 89
57 93
57 110
57 115
57 117
60 39
60 66
60 77
60 94
60 108
60 117
61 66
61 70
61 71
61 72
61 73
61 77
61 93
61 101
61 108
61 117
61 123
66 21
66 41
66 77
66 94
66 101
66 108
66 111
66 117
66 121
70 16
70 39
70 72
70 77
70 93
70 94
70 110
70 111
70 112
70 116
70 117
71 12
71 31
71 42
71 43
71 44
71 48
71 72
71 73
71 89
71 93
71 98
71 101
71 110
71 115
71 117
71 123
72 12
72 37
72 43
72 44
72 48
72 73
72 89
72 93
72 110
72 115
72 117
73 11
73 12
73 27
73 31
73 43
73 44
73 48
73 89
73 93
73 101
73 110
73 115
73 117
73 123
77 11
77 12
77 19
77 39
77 94
77 101
77 108
77 111
77 112
77 117
93 12
93 37
93 43
93 44
93 48
93 89
93 110
93 115
93 117
94 19
94 39
94 49
94 101
94 108
94 111
94 112
94 116
94 117
101 19
101 39
101 108
101 112
101 117
108 19
108 111
108 117
112 6
112 19
112 39
112 110
112 111
112 117
117 123
123 12
123 31
123 36
123 37
123 43
123 82
123 83
123 98
123 106
11 16
11 27
11 39
11 65
11 87
12 31
12 36
12 42
12 43
12 44
12 48
12 82
12 83
12 89
12 98
12 106
12 110
12 115
16 21
16 27
16 39
16 65
16 67
16 68
16 87
16 91
16 121
19 39
19 49
19 65
19 111
27 65
27 87
31 36
31 37
31 82
31 83
31 106
36 82
36 83
36 106
37 41
37 44
37 115
37 119
39 65
39 111
44 43
44 48
44 89
44 110
44 115
49 9
49 65
49 111
65 9
65 87
65 110
65 111
82 83
82 106
83 106
111 116
9 105
9 118
9 119
9 121
105 118
105 121
118 121
119 121
121 21
121 41
121 67
121 68
121 91
42 43
42 48
42 98
42 114
43 48
43 89
43 98
43 110
43 114
43 115
48 89
48 98
48 110
48 115
89 110
89 115
110 115
21 41
21 67
21 68
91 41
62 75
