0 16
0 34
0 40
0 49
16 34
16 40
16 49
34 40
34 49
34 82
40 11
40 13
40 18
40 24
40 37
40 49
40 50
40 53
40 59
40 69
40 70
40 82
40 83
49 1
49 2
49 3
49 4
49 5
49 6
49 7
49 8
49 9
49 10
49 11
49 12
49 13
49 14
49 15
49 17
49 18
49 19
49 20
49 21
49 22
49 23
49 24
49 25
49 26
49 27
49 28
49 29
49 30
49 31
49 32
49 33
49 35
49 36
49 37
49 38
49 39
49 41
49 42
49 43
49 44
49 45
49 46
49 47
49 48
49 50
49 51
49 52
49 53
49 54
49 55
49 56
49 57
49 58
49 59
49 60
49 61
49 62
49 63
49 64
49 65
49 66
49 67
49 68
49 69
49 70
49 71
49 72
49 73
49 74
49 75
49 76
49 77
49 78
49 79
49 80
49 81
49 82
49 83
1 3
1 7
1 15
1 19
1 24
1 28
1 29
1 30
1 32
1 42
1 43
1 44
1 47
1 51
1 52
1 56
1 60
1 62
1 63
1 64
1 71
1 72
1 77
1 80
1 81
3 7
3 15
3 19
3 24
3 28
3 29
3 30
3 32
3 42
3 43
3 44
3 47
3 51
3 52
3 60
3 62
3 63
3 64
3 71
3 72
3 77
3 80
3 81
7 4
7 15
7 19
7 24
7 28
7 29
7 30
7 32
7 42
7 43
7 44
7 47
7 48
7 51
7 52
7 56
7 60
7 61
7 62
7 63
7 64
7 65
7 69
7 71
7 72
7 77
7 80
7 81
15 11
15 19
15 24
15 28
15 29
15 30
15 32
15 42
15 43
15 44
15 47
15 51
15 52
15 56
15 60
15 61
15 62
15 63
15 64
15 71
15 72
15 77
15 80
15 81
19 4
19 8
19 11
19 14
19 20
19 24
19 27
19 28
19 29
19 30
19 32
19 36
19 37
19 42
19 43
19 44
19 47
19 51
19 52
19 56
19 58
19 59
19 60
19 61
19 62
19 63
19 64
19 65
19 69
19 71
19 72
19 73
19 77
19 78
19 80
19 81
24 2
24 4
24 5
24 8
24 9
24 11
24 14
24 20
24 23
24 26
24 27
24 28
24 29
24 30
24 31
24 35
24 36
24 37
24 42
24 44
24 45
24 47
24 50
24 51
24 52
24 54
24 56
24 58
24 59
24 61
24 62
24 64
24 65
24 67
24 70
24 72
24 73
24 74
24 75
24 77
24 78
24 80
24 81
28 29
28 30
28 32
28 42
28 43
28 44
28 47
28 51
28 52
28 56
28 60
28 62
28 63
28 64
28 69
28 71
28 72
28 77
28 80
28 81
29 30
29 32
29 42
29 43
29 44
29 47
29 51
29 52
29 60
29 62
29 63
29 64
29 71
29 72
29 77
29 80
29 81
30 32
30 37
30 42
30 43
30 44
30 47
30 51
30 52
30 56
30 60
30 62
30 63
30 64
30 71
30 72
30 77
30 80
30 81
32 42
32 43
32 44
32 51
32 52
32 56
32 60
32 62
32 63
32 64
32 71
32 72
32 77
32 80
32 81
42 37
42 43
42 44
42 47
42 51
42 52
42 56
42 60
42 62
42 63
42 64
42 71
42 72
42 77
42 80
42 81
43 44
43 51
43 52
43 56
43 60
43 62
43 63
43 64
43 71
43 72
43 77
43 80
43 81
44 47
44 51
44 52
44 56
44 60
44 62
44 63
44 64
44 71
44 72
44 77
44 80
44 81
47 4
47 8
47 11
47 14
47 20
47 26
47 27
47 31
47 35
47 36
47 37
47 45
47 51
47 52
47 54
47 58
47 59
47 62
47 65
47 67
47 72
47 73
47 74
47 75
47 77
47 78
47 80
47 81
51 52
51 56
51 60
51 62
51 63
51 64
51 69
51 71
51 72
51 77
51 80
51 81
52 56
52 60
52 62
52 63
52 64
52 71
52 72
52 77
52 80
52 81
56 60
56 61
56 62
56 63
56 64
56 69
56 71
56 72
56 77
56 80
56 81
60 8
60 14
60 21
60 62
60 63
60 64
60 71
60 72
60 73
60 76
60 77
60 80
60 81
62 63
62 64
62 71
62 72
62 77
62 80
62 81
63 64
63 69
63 71
63 72
63 77
63 80
63 81
64 71
64 72
64 77
64 80
64 81
71 72
71 77
71 80
71 81
72 77
72 80
72 81
77 2
77 8
77 17
77 37
77 48
77 69
77 80
77 81
80 81
2 9
2 23
2 50
2 55
2 61
2 66
2 69
2 70
2 76
9 21
9 23
9 35
9 50
9 61
9 70
9 76
9 82
23 35
23 50
23 61
23 70
23 76
23 82
50 18
50 55
50 61
50 66
50 70
50 79
50 83
55 61
55 70
61 66
61 70
66 70
69 5
69 8
69 10
69 13
69 14
69 17
69 18
69 21
69 25
69 26
69 31
69 39
69 41
69 46
69 48
69 54
69 65
69 68
69 70
69 76
69 79
69 82
69 83
70 12
70 18
70 21
70 33
70 53
70 57
70 73
70 76
70 79
70 83
76 5
76 8
76 10
76 13
76 17
76 21
76 25
76 26
76 31
76 39
76 41
76 46
76 48
76 54
76 65
76 68
76 73
76 79
76 82
4 8
4 11
4 14
4 36
4 37
4 48
4 59
4 65
4 73
4 78
8 11
8 14
8 20
8 21
8 27
8 36
8 37
8 39
8 48
8 58
8 59
8 65
8 73
8 78
11 14
11 20
11 22
11 27
11 36
11 37
11 58
11 59
11 65
11 73
11 78
14 36
14 37
14 39
14 58
14 59
14 65
14 67
14 73
14 78
36 22
36 37
36 59
36 65
36 73
36 78
37 20
37 26
37 27
37 31
37 35
37 54
37 58
37 59
37 65
37 67
37 73
37 74
37 75
37 78
48 5
48 10
48 13
48 17
48 21
48 25
48 26
48 31
48 39
48 41
48 46
48 54
48 65
48 68
48 73
48 82
59 20
59 27
59 53
59 58
59 65
59 67
59 73
59 74
59 78
65 5
65 10
65 13
65 17
65 20
65 21
65 25
65 26
65 27
65 31
65 35
65 39
65 41
65 46
65 54
65 58
65 67
65 68
65 73
65 74
65 75
65 78
65 82
73 21
73 39
73 78
5 10
5 13
5 17
5 21
5 25
5 26
5 31
5 35
5 39
5 41
5 46
5 54
5 68
5 74
5 82
10 13
10 17
10 21
10 25
10 26
10 31
10 39
10 41
10 46
10 54
10 68
10 74
10 82
13 17
13 21
13 25
13 26
13 31
13 39
13 41
13 46
13 54
13 68
13 82
17 21
17 25
17 26
17 31
17 39
17 41
17 46
17 54
17 68
17 82
17 83
21 25
21 26
21 31
21 39
21 41
21 46
21 54
21 68
21 82
25 26
25 31
25 39
25 41
25 46
25 54
25 68
25 82
26 31
26 35
26 39
26 41
26 46
26 54
26 67
26 68
26 75
26 82
31 39
31 41
31 46
31 54
31 67
31 68
31 82
35 74
35 75
35 82
39 41
39 46
39 54
39 68
39 82
41 46
41 54
41 68
41 82
46 54
46 68
46 82
54 67
54 68
54 82
68 82
74 53
6 22
6 38
22 38
38 33
38 57
20 27
20 58
27 58
58 45
12 53
12 79
53 79
79 18
79 33
79 57
79 83
67 75
83 18
33 57
