0 1
0 2
0 3
0 4
0 5
0 6
0 7
0 8
0 9
0 10
0 11
0 12
0 13
0 14
0 15
0 16
0 17
0 18
0 19
0 20
0 21
0 22
0 23
0 24
0 25
0 26
0 27
0 28
0 29
0 30
0 31
0 32
0 33
0 34
0 35
0 36
0 37
0 38
0 39
0 40
0 42
0 43
0 44
0 45
0 46
0 47
0 48
0 49
0 50
0 51
0 52
0 53
0 54
0 55
0 56
0 57
0 58
0 59
0 60
0 61
0 62
1 63
1 64
1 3
1 5
1 65
1 7
1 66
1 9
1 10
1 11
1 67
1 15
1 68
1 69
1 18
1 70
1 71
1 20
1 72
1 73
1 74
1 28
1 75
1 76
1 77
1 78
1 33
1 79
1 80
1 34
1 35
1 38
1 39
1 45
1 81
1 82
1 83
1 84
1 85
1 86
1 53
1 54
1 55
1 56
1 57
1 58
1 87
1 88
1 89
1 59
1 90
1 91
1 62
2 63
2 3
2 4
2 5
2 6
2 65
2 7
2 8
2 9
2 10
2 12
2 14
2 67
2 15
2 68
2 92
2 18
2 70
2 71
2 20
2 72
2 22
2 24
2 93
2 28
2 94
2 31
2 95
2 75
2 78
2 32
2 33
2 79
2 34
2 36
2 39
2 41
2 96
2 97
2 43
2 98
2 81
2 82
2 99
2 46
2 47
2 100
2 49
2 101
2 50
2 102
2 52
2 103
2 85
2 86
2 104
2 55
2 56
2 105
2 57
2 106
2 87
2 88
2 60
2 90
2 107
2 61
2 62
3 64
3 6
3 65
3 7
3 8
3 9
3 108
3 109
3 15
3 16
3 92
3 110
3 69
3 17
3 18
3 19
3 22
3 23
3 25
3 111
3 26
3 74
3 112
3 29
3 31
3 77
3 33
3 79
3 80
3 113
3 35
3 38
3 39
3 96
3 114
3 44
3 45
3 81
3 82
3 99
3 115
3 47
3 48
3 101
3 50
3 85
3 116
3 104
3 117
3 105
3 88
3 89
3 60
3 90
3 91
3 107
3 61
3 118
4 63
4 64
4 6
4 8
4 66
4 108
4 11
4 12
4 67
4 109
4 15
4 16
4 92
4 17
4 119
4 18
4 19
4 20
4 22
4 93
4 25
4 112
4 27
4 28
4 29
4 31
4 75
4 76
4 78
4 79
4 36
4 40
4 42
4 97
4 43
4 45
4 46
4 48
4 121
4 83
4 100
4 84
4 122
4 103
4 85
4 53
4 54
4 104
4 123
4 56
4 87
4 88
4 59
4 60
4 90
4 91
4 107
4 124
4 118
4 125
5 65
5 108
5 11
5 14
5 68
5 69
5 17
5 18
5 19
5 72
5 24
5 93
5 26
5 74
5 27
5 28
5 29
5 94
5 31
5 95
5 76
5 77
5 32
5 80
5 34
5 35
5 36
5 38
5 41
5 42
5 96
5 43
5 98
5 126
5 46
5 115
5 121
5 49
5 101
5 122
5 51
5 104
5 117
5 123
5 56
5 105
5 57
5 89
5 61
5 124
5 62
6 63
6 7
6 8
6 66
6 9
6 10
6 108
6 11
6 13
6 67
6 109
6 15
6 16
6 68
6 17
6 18
6 70
6 20
6 21
6 72
6 25
6 111
6 73
6 26
6 94
6 95
6 75
6 76
6 77
6 32
6 80
6 35
6 36
6 37
6 38
6 39
6 40
6 96
6 97
6 43
6 45
6 99
6 126
6 121
6 50
6 102
6 51
6 52
6 103
6 86
6 53
6 54
6 104
6 123
6 58
6 87
6 88
6 59
6 91
6 107
6 124
6 118
6 62
7 63
7 64
7 66
7 10
7 11
7 109
7 15
7 16
7 110
7 17
7 119
7 70
7 19
7 120
7 21
7 72
7 23
7 93
7 25
7 26
7 74
7 112
7 28
7 29
7 94
7 30
7 32
7 113
7 37
7 39
7 96
7 43
7 45
7 81
7 99
7 126
7 46
7 121
7 100
7 49
7 50
7 84
7 122
7 52
7 103
7 85
7 86
7 53
7 55
7 117
7 56
7 105
7 57
7 87
7 89
7 60
7 91
7 127
7 107
7 124
7 118
8 63
8 108
8 12
8 67
8 109
8 16
8 69
8 119
8 70
8 21
8 23
8 24
8 25
8 74
8 27
8 28
8 29
8 30
8 31
8 78
8 32
8 33
8 80
8 34
8 35
8 36
8 37
8 38
8 42
8 81
8 82
8 115
8 47
8 48
8 121
8 83
8 100
8 49
8 102
8 52
8 103
8 85
8 116
8 53
8 104
8 55
8 117
8 105
8 87
8 59
8 107
8 118
9 63
9 64
9 65
9 66
9 10
9 108
9 11
9 12
9 13
9 14
9 67
9 15
9 92
9 110
9 71
9 20
9 72
9 93
9 25
9 111
9 112
9 29
9 95
9 75
9 76
9 77
9 33
9 80
9 35
9 36
9 37
9 38
9 40
9 42
9 43
9 44
9 45
9 81
9 82
9 99
9 126
9 46
9 49
9 50
9 102
9 122
9 51
9 116
9 86
9 53
9 54
9 55
9 117
9 123
9 56
9 105
9 106
9 58
9 88
9 89
9 59
9 60
9 90
9 91
9 107
9 61
9 118
9 125
10 64
10 65
10 66
10 108
10 11
10 13
10 14
10 109
10 15
10 68
10 110
10 17
10 119
10 71
10 21
10 72
10 22
10 23
10 25
10 111
10 26
10 74
10 27
10 29
10 94
10 30
10 31
10 95
10 75
10 78
10 35
10 37
10 40
10 42
10 96
10 114
10 97
10 43
10 98
10 45
10 82
10 99
10 126
10 48
10 121
10 83
10 100
10 101
10 122
10 51
10 103
10 85
10 86
10 53
10 104
10 55
10 117
10 123
10 57
10 106
10 87
10 88
10 59
10 60
10 107
10 124
10 62
11 63
11 64
11 65
11 12
11 14
11 109
11 15
11 16
11 92
11 119
11 18
11 19
11 20
11 22
11 23
11 24
11 25
11 73
11 26
11 112
11 28
11 94
11 30
11 95
11 75
11 32
11 33
11 113
11 35
11 36
11 38
11 39
11 40
11 96
11 114
11 97
11 44
11 98
11 82
11 46
11 115
11 47
11 83
11 100
11 50
11 84
11 51
11 86
11 53
11 54
11 104
11 55
11 117
11 106
11 58
11 88
11 127
11 61
11 124
11 118
11 120
11 60
11 27
11 102
11 41
12 63
12 64
12 65
12 67
12 109
12 15
12 68
12 119
12 70
12 71
12 120
12 20
12 22
12 23
12 24
12 93
12 111
12 73
12 74
12 28
12 29
12 31
12 75
12 77
12 78
12 33
12 80
12 113
12 34
12 35
12 36
12 39
12 40
12 42
12 96
12 114
12 43
12 44
12 81
12 82
12 126
12 47
12 121
12 83
12 100
12 101
12 50
12 51
12 52
12 86
12 53
12 123
12 56
12 105
12 57
12 106
12 88
12 89
12 118
12 125
12 60
12 27
12 102
12 61
12 41
13 63
13 64
13 65
13 66
13 108
13 15
13 68
13 110
13 17
13 119
13 19
13 20
13 72
13 23
13 73
13 28
13 29
13 94
13 30
13 95
13 32
13 33
13 79
13 80
13 35
13 36
13 38
13 39
13 114
13 97
13 43
13 98
13 45
13 81
13 82
13 99
13 126
13 115
13 47
13 121
13 49
13 102
13 84
13 122
13 51
13 52
13 103
13 85
13 86
13 53
13 104
13 117
13 123
13 56
13 105
13 87
13 59
13 60
13 91
13 107
13 61
13 118
13 125
14 63
14 64
14 65
14 66
14 108
14 67
14 109
14 15
14 92
14 110
14 69
14 119
14 20
14 21
14 72
14 22
14 24
14 93
14 25
14 26
14 28
14 94
14 30
14 31
14 32
14 33
14 79
14 80
14 40
14 41
14 42
14 43
14 44
14 98
14 45
14 81
14 82
14 48
14 121
14 49
14 51
14 103
14 86
14 53
14 123
14 56
14 88
14 59
14 60
14 90
14 107
14 61
14 124
14 118
14 62
15 64
15 65
15 66
15 108
15 68
15 92
15 110
15 69
15 17
15 18
15 19
15 120
15 22
15 23
15 25
15 111
15 31
15 95
15 75
15 76
15 77
15 32
15 79
15 80
15 113
15 36
15 39
15 43
15 44
15 45
15 81
15 82
15 48
15 121
15 83
15 49
15 50
15 84
15 51
15 103
15 85
15 86
15 54
15 104
15 55
15 56
15 105
15 57
15 58
15 88
15 59
15 60
15 127
15 124
15 125
15 62
16 64
16 67
16 109
16 68
16 17
16 18
16 70
16 19
16 120
16 20
16 72
16 24
16 25
16 73
16 74
16 27
16 29
16 31
16 95
16 75
16 79
16 80
16 113
16 37
16 38
16 40
16 41
16 44
16 98
16 99
16 115
16 47
16 48
16 121
16 102
16 122
16 51
16 103
16 116
16 53
16 54
16 104
16 55
16 117
16 56
16 57
16 58
16 59
16 60
16 90
16 107
16 124
16 118
16 125
17 64
17 65
17 66
17 108
17 67
17 109
17 68
17 110
17 69
17 119
17 70
17 19
17 21
17 72
17 22
17 23
17 25
17 26
17 112
17 27
17 29
17 94
17 30
17 75
17 78
17 32
17 34
17 36
17 37
17 41
17 96
17 43
17 45
17 81
17 121
17 101
17 52
17 103
17 85
17 54
17 117
17 57
17 106
17 58
17 88
17 59
17 60
17 61
17 124
17 118
17 125
17 62
18 63
18 64
18 65
18 108
18 67
18 109
18 110
18 69
18 19
18 71
18 120
18 20
18 22
18 23
18 24
18 73
18 26
18 74
18 112
18 94
18 30
18 31
18 76
18 78
18 80
18 113
18 34
18 36
18 37
18 38
18 39
18 42
18 96
18 97
18 43
18 44
18 98
18 81
18 99
18 47
18 121
18 100
18 101
18 102
18 84
18 52
18 116
18 86
18 104
18 117
18 56
18 105
18 106
18 58
18 87
18 88
18 60
18 90
18 127
18 61
18 125
19 63
19 66
19 67
19 109
19 68
19 92
19 119
19 120
19 20
19 21
19 22
19 23
19 93
19 111
19 73
19 26
19 74
19 27
19 28
19 29
19 31
19 75
19 76
19 77
19 33
19 79
19 80
19 34
19 35
19 36
19 40
19 42
19 97
19 44
19 98
19 45
19 82
19 48
19 83
19 100
19 101
19 102
19 51
19 52
19 103
19 86
19 53
19 54
19 117
19 123
19 56
19 57
19 61
19 118
20 63
20 65
20 66
20 67
20 119
20 70
20 71
20 120
20 21
20 72
20 23
20 111
20 73
20 29
20 94
20 30
20 78
20 80
20 113
20 34
20 36
20 38
20 97
20 44
20 99
20 46
20 115
20 47
20 121
20 100
20 101
20 50
20 102
20 122
20 51
20 85
20 116
20 53
20 54
20 104
20 55
20 117
20 123
20 56
20 105
20 57
20 87
20 89
20 59
20 90
20 91
20 61
20 125
20 62
21 63
21 64
21 66
21 108
21 67
21 92
21 110
21 69
21 70
21 71
21 120
21 72
21 23
21 93
21 111
21 74
21 112
21 27
21 29
21 30
21 31
21 95
21 77
21 32
21 79
21 34
21 35
21 37
21 38
21 39
21 40
21 41
21 42
21 114
21 43
21 44
21 98
21 45
21 81
21 82
21 99
21 115
21 47
21 48
21 121
21 83
21 100
21 49
21 84
21 122
21 103
21 85
21 116
21 86
21 53
21 54
21 104
21 117
21 57
21 58
21 87
21 89
21 59
21 90
21 127
21 61
21 124
21 118
21 62
22 64
22 108
22 67
22 109
22 110
22 70
22 120
22 24
22 25
22 111
22 26
22 112
22 27
22 28
22 94
22 30
22 31
22 75
22 76
22 77
22 78
22 32
22 33
22 80
22 34
22 35
22 37
22 42
22 44
22 45
22 81
22 82
22 99
22 126
22 46
22 47
22 48
22 100
22 49
22 50
22 84
22 122
22 51
22 52
22 103
22 116
22 86
22 53
22 55
22 117
22 123
22 57
22 58
22 88
22 59
22 127
22 61
22 118
22 60
22 114
22 23
22 102
22 41
23 65
23 109
23 68
23 119
23 70
23 24
23 26
23 27
23 29
23 30
23 32
23 33
23 79
23 113
23 35
23 36
23 37
23 39
23 41
23 42
23 97
23 44
23 98
23 46
23 115
23 83
23 100
23 49
23 86
23 53
23 104
23 117
23 56
23 105
23 57
23 58
23 88
23 89
23 59
23 60
23 91
23 107
23 61
23 124
23 118
23 125
23 47
23 120
23 114
23 28
23 102
24 63
24 65
24 66
24 67
24 109
24 110
24 69
24 120
24 111
24 26
24 74
24 112
24 29
24 31
24 75
24 77
24 78
24 32
24 80
24 113
24 34
24 35
24 38
24 40
24 97
24 43
24 82
24 46
24 115
24 47
24 121
24 83
24 100
24 84
24 51
24 52
24 103
24 85
24 86
24 53
24 54
24 106
24 87
24 89
24 60
24 90
24 91
24 127
24 124
24 125
24 62
25 63
25 64
25 67
25 92
25 110
25 119
25 70
25 72
25 73
25 74
25 112
25 27
25 28
25 29
25 30
25 75
25 33
25 79
25 80
25 113
25 37
25 40
25 41
25 96
25 43
25 45
25 81
25 46
25 47
25 121
25 100
25 101
25 50
25 102
25 84
25 122
25 51
25 103
25 85
25 116
25 53
25 104
25 117
25 56
25 106
25 58
25 87
25 59
25 107
25 61
25 125
26 63
26 65
26 66
26 110
26 69
26 119
26 70
26 71
26 111
26 73
26 74
26 112
26 27
26 94
26 30
26 31
26 95
26 75
26 76
26 78
26 32
26 79
26 34
26 35
26 37
26 39
26 40
26 42
26 114
26 97
26 44
26 45
26 82
26 126
26 46
26 115
26 48
26 100
26 50
26 102
26 122
26 51
26 103
26 116
26 54
26 117
26 123
26 105
26 106
26 59
26 60
26 90
26 91
26 124
26 62
27 64
27 108
27 109
27 69
27 119
27 72
27 93
27 111
27 73
27 74
27 94
27 30
27 80
27 36
27 38
27 39
27 96
27 114
27 97
27 98
27 82
27 99
27 126
27 115
27 48
27 121
27 100
27 50
27 102
27 122
27 52
27 103
27 116
27 53
27 104
27 55
27 117
27 123
27 105
27 57
27 58
27 87
27 59
27 91
27 124
27 118
27 35
27 47
27 33
27 88
27 120
27 60
27 28
27 61
27 41
28 65
28 66
28 108
28 109
28 68
28 110
28 69
28 71
28 120
28 72
28 111
28 73
28 29
28 30
28 31
28 95
28 79
28 80
28 113
28 40
28 42
28 96
28 114
28 115
28 47
28 49
28 84
28 122
28 52
28 103
28 85
28 86
28 54
28 104
28 123
28 56
28 57
28 87
28 124
28 125
28 35
28 53
28 33
28 118
28 88
28 60
28 100
28 102
28 61
28 41
29 65
29 67
29 68
29 92
29 71
29 73
29 74
29 112
29 94
29 30
29 31
29 75
29 76
29 78
29 33
29 79
29 80
29 34
29 35
29 36
29 37
29 38
29 39
29 44
29 82
29 99
29 115
29 47
29 48
29 49
29 102
29 84
29 51
29 116
29 54
29 55
29 106
29 87
29 59
29 60
29 90
29 125
30 63
30 64
30 65
30 92
30 120
30 72
30 111
30 112
30 94
30 31
30 95
30 32
30 80
30 113
30 36
30 39
30 41
30 96
30 114
30 82
30 126
30 46
30 83
30 100
30 49
30 84
30 51
30 103
30 85
30 116
30 54
30 56
30 105
30 90
30 91
30 127
30 61
30 124
30 118
30 62
31 64
31 92
31 110
31 119
31 70
31 71
31 120
31 73
31 74
31 94
31 76
31 33
31 79
31 80
31 37
31 39
31 41
31 97
31 43
31 82
31 99
31 49
31 101
31 50
31 51
31 52
31 103
31 116
31 53
31 106
31 88
31 59
31 90
31 91
31 127
31 107
31 61
31 118
31 62
32 63
32 64
32 65
32 109
32 110
32 119
32 70
32 120
32 111
32 95
32 76
32 113
32 34
32 36
32 39
32 96
32 114
32 44
32 81
32 82
32 46
32 115
32 47
32 48
32 83
32 100
32 49
32 50
32 102
32 103
32 116
32 54
32 104
32 55
32 117
32 123
32 105
32 106
32 58
32 87
32 89
32 60
32 91
32 107
32 124
32 125
32 62
33 63
33 64
33 109
33 110
33 70
33 71
33 120
33 93
33 74
33 94
33 78
33 79
33 80
33 113
33 34
33 35
33 37
33 40
33 42
33 43
33 44
33 45
33 82
33 99
33 47
33 121
33 83
33 100
33 49
33 50
33 84
33 122
33 51
33 103
33 116
33 53
33 123
33 56
33 105
33 57
33 58
33 88
33 89
33 60
33 127
33 118
33 114
33 102
33 61
33 41
34 63
34 65
34 66
34 110
34 70
34 71
34 120
34 93
34 95
34 77
34 78
34 80
34 35
34 36
34 40
34 44
34 45
34 81
34 115
34 48
34 121
34 49
34 50
34 102
34 84
34 51
34 52
34 103
34 85
34 104
34 55
34 117
34 56
34 105
34 58
34 88
34 59
34 60
34 91
34 107
35 63
35 66
35 67
35 109
35 68
35 92
35 69
35 119
35 71
35 93
35 111
35 73
35 74
35 112
35 94
35 75
35 76
35 77
35 78
35 37
35 38
35 96
35 97
35 43
35 98
35 45
35 81
35 99
35 46
35 47
35 48
35 121
35 100
35 49
35 50
35 102
35 84
35 122
35 51
35 52
35 103
35 85
35 53
35 54
35 55
35 117
35 123
35 56
35 105
35 106
35 58
35 87
35 88
35 89
35 59
35 60
35 90
35 127
35 118
35 125
35 62
35 120
35 114
35 61
35 41
36 64
36 108
36 67
36 109
36 68
36 70
36 71
36 93
36 111
36 74
36 112
36 94
36 95
36 76
36 79
36 80
36 113
36 37
36 38
36 39
36 41
36 114
36 44
36 126
36 115
36 121
36 101
36 102
36 84
36 122
36 51
36 103
36 85
36 56
36 105
36 59
36 125
36 62
37 64
37 65
37 108
37 67
37 109
37 68
37 92
37 110
37 119
37 120
37 72
37 112
37 94
37 95
37 79
37 38
37 39
37 41
37 96
37 97
37 99
37 126
37 115
37 48
37 121
37 83
37 100
37 101
37 102
37 84
37 122
37 51
37 52
37 116
37 53
37 54
37 104
37 117
37 123
37 56
37 105
37 57
37 106
37 87
37 89
37 59
37 90
37 91
37 125
38 63
38 65
38 66
38 108
38 67
38 109
38 68
38 92
38 69
38 120
38 72
38 93
38 73
38 74
38 112
38 94
38 95
38 77
38 78
38 80
38 39
38 40
38 41
38 42
38 97
38 45
38 81
38 82
38 126
38 115
38 47
38 100
38 50
38 102
38 84
38 122
38 51
38 103
38 86
38 53
38 55
38 117
38 56
38 106
38 58
38 87
38 59
38 127
38 107
38 118
39 65
39 108
39 67
39 109
39 68
39 69
39 70
39 71
39 72
39 94
39 95
39 75
39 77
39 79
39 80
39 41
39 42
39 96
39 97
39 43
39 98
39 81
39 82
39 126
39 46
39 115
39 100
39 49
39 50
39 102
39 84
39 122
39 103
39 86
39 53
39 54
39 55
39 57
39 106
39 58
39 87
39 88
39 59
39 61
39 118
40 63
40 64
40 65
40 108
40 109
40 119
40 70
40 93
40 111
40 74
40 112
40 78
40 79
40 113
40 41
40 96
40 97
40 43
40 45
40 82
40 99
40 126
40 46
40 48
40 83
40 49
40 101
40 50
40 51
40 52
40 85
40 116
40 86
40 54
40 104
40 117
40 56
40 105
40 58
40 88
40 60
40 90
40 127
40 107
40 61
40 124
40 118
41 65
41 66
41 67
41 109
41 119
41 73
41 94
41 75
41 79
41 80
41 114
41 44
41 46
41 47
41 49
41 50
41 84
41 122
41 51
41 85
41 116
41 53
41 117
41 123
41 58
41 87
41 89
41 59
41 60
41 61
41 124
41 125
41 62
41 118
41 88
41 120
41 100
41 102
42 66
42 67
42 109
42 92
42 110
42 69
42 119
42 70
42 71
42 72
42 93
42 73
42 76
42 78
42 79
42 113
42 43
42 44
42 98
42 81
42 82
42 126
42 115
42 48
42 100
42 101
42 102
42 122
42 51
42 52
42 103
42 85
42 54
42 55
42 117
42 123
42 105
42 87
42 59
42 60
42 125
42 62
43 65
43 108
43 109
43 68
43 92
43 110
43 69
43 71
43 72
43 73
43 112
43 94
43 75
43 76
43 78
43 80
43 113
43 44
43 98
43 45
43 82
43 99
43 126
43 48
43 121
43 83
43 84
43 52
43 103
43 86
43 55
43 123
43 56
43 57
43 106
43 87
43 89
43 107
43 61
43 125
44 63
44 64
44 66
44 68
44 92
44 110
44 120
44 93
44 112
44 75
44 77
44 78
44 113
44 97
44 81
44 82
44 126
44 46
44 115
44 47
44 121
44 83
44 100
44 122
44 103
44 85
44 86
44 123
44 56
44 89
44 59
44 91
44 127
45 63
45 64
45 65
45 108
45 67
45 70
45 71
45 72
45 73
45 74
45 112
45 94
45 75
45 79
45 114
45 126
45 46
45 101
45 102
45 84
45 103
45 85
45 116
45 53
45 54
45 104
45 57
45 106
45 87
45 89
45 59
45 60
45 91
45 127
45 124
46 63
46 65
46 108
46 68
46 110
46 119
46 71
46 72
46 111
46 94
46 95
46 114
46 81
46 126
46 115
46 48
46 121
46 100
46 49
46 101
46 50
46 103
46 116
46 53
46 104
46 117
46 57
46 89
46 59
46 60
46 90
46 91
46 127
46 61
46 124
46 118
47 63
47 64
47 65
47 66
47 109
47 68
47 92
47 72
47 74
47 112
47 76
47 77
47 79
47 80
47 113
47 96
47 98
47 81
47 99
47 126
47 115
47 48
47 121
47 83
47 100
47 84
47 51
47 103
47 85
47 86
47 53
47 54
47 56
47 58
47 88
47 60
47 124
47 118
47 62
47 120
47 114
47 102
47 61
48 66
48 109
48 92
48 110
48 119
48 93
48 74
48 112
48 77
48 79
48 80
48 113
48 97
48 98
48 81
48 82
48 99
48 83
48 49
48 85
48 116
48 54
48 123
48 56
48 57
48 58
48 88
48 89
48 60
48 91
48 127
48 124
48 118
48 62
49 63
49 66
49 108
49 67
49 68
49 92
49 110
49 119
49 93
49 111
49 73
49 74
49 112
49 75
49 76
49 77
49 79
49 113
49 96
49 114
49 126
49 121
49 101
49 50
49 51
49 52
49 116
49 53
49 54
49 123
49 56
49 105
49 106
49 58
49 87
49 88
49 89
49 59
49 61
49 118
50 108
50 67
50 109
50 68
50 69
50 71
50 120
50 93
50 73
50 94
50 95
50 77
50 78
50 80
50 113
50 97
50 98
50 82
50 99
50 126
50 83
50 100
50 102
50 84
50 51
50 52
50 116
50 104
50 55
50 123
50 56
50 105
50 57
50 106
50 58
50 87
50 88
50 59
50 60
50 91
50 118
50 62
51 63
51 64
51 108
51 67
51 109
51 69
51 119
51 71
51 73
51 74
51 94
51 75
51 79
51 113
51 96
51 114
51 82
51 99
51 126
51 121
51 122
51 103
51 85
51 86
51 53
51 104
51 89
51 90
51 127
51 124
51 62
52 64
52 66
52 71
52 72
52 93
52 73
52 74
52 94
52 95
52 76
52 77
52 79
52 113
52 96
52 81
52 99
52 126
52 115
52 83
52 101
52 103
52 85
52 116
52 53
52 54
52 104
52 55
52 123
52 57
52 58
52 88
52 89
52 59
52 60
52 61
52 124
52 118
52 62
53 64
53 65
53 108
53 109
53 119
53 73
53 74
53 112
53 94
53 95
53 75
53 77
53 79
53 113
53 96
53 114
53 97
53 81
53 82
53 99
53 126
53 121
53 83
53 100
53 102
53 84
53 122
53 85
53 86
53 54
53 56
53 57
53 106
53 58
53 87
53 88
53 60
53 90
53 107
53 124
53 118
53 125
53 62
53 120
53 61
54 64
54 67
54 68
54 69
54 70
54 71
54 120
54 72
54 73
54 74
54 95
54 75
54 76
54 80
54 114
54 97
54 82
54 126
54 115
54 83
54 86
54 123
54 57
54 58
54 89
54 60
54 91
54 127
54 124
55 63
55 64
55 108
55 67
55 110
55 71
55 120
55 72
55 93
55 111
55 74
55 94
55 76
55 77
55 78
55 96
55 98
55 81
55 115
55 121
55 84
55 85
55 116
55 86
55 117
55 123
55 56
55 105
55 88
55 90
55 127
55 107
55 118
55 125
56 63
56 64
56 65
56 109
56 119
56 71
56 72
56 111
56 73
56 94
56 95
56 77
56 79
56 96
56 97
56 98
56 82
56 121
56 83
56 101
56 84
56 85
56 116
56 105
56 106
56 58
56 88
56 60
56 91
56 107
56 61
56 124
57 64
57 65
57 108
57 68
57 119
57 70
57 71
57 120
57 74
57 112
57 94
57 75
57 76
57 77
57 78
57 113
57 96
57 98
57 81
57 82
57 115
57 101
57 103
57 86
57 104
57 117
57 123
57 106
57 58
57 87
57 88
57 89
57 59
57 107
57 118
58 63
58 67
58 120
58 93
58 73
58 75
58 76
58 78
58 113
58 97
58 98
58 82
58 99
58 126
58 121
58 83
58 102
58 84
58 122
58 85
58 116
58 86
58 104
58 117
58 123
58 106
58 87
58 88
58 90
58 127
58 107
58 118
58 125
58 62
59 63
59 66
59 108
59 69
59 119
59 72
59 93
59 111
59 73
59 94
59 95
59 75
59 76
59 77
59 78
59 113
59 98
59 126
59 115
59 121
59 83
59 100
59 122
59 103
59 116
59 86
59 117
59 123
59 105
59 88
59 90
59 91
59 107
59 118
60 66
60 67
60 109
60 68
60 71
60 120
60 111
60 94
60 95
60 77
60 78
60 79
60 96
60 97
60 82
60 99
60 126
60 115
60 121
60 100
60 101
60 117
60 106
60 88
60 89
60 127
60 107
60 61
60 124
60 118
60 114
60 102
61 108
61 109
61 68
61 92
61 110
61 69
61 119
61 70
61 93
61 111
61 73
61 95
61 75
61 76
61 78
61 98
61 99
61 121
61 83
61 101
61 104
61 105
61 106
61 88
61 89
61 62
61 118
61 120
61 114
61 100
61 102
62 118
62 63
62 64
62 65
62 108
62 109
62 110
62 69
62 70
62 71
62 120
62 72
62 93
62 74
62 95
62 77
62 78
62 80
62 114
62 97
62 126
62 121
62 83
62 101
62 103
62 116
62 86
62 104
62 117
62 123
62 105
62 88
62 89
62 90
62 127
62 124
62 125
63 64
63 108
63 67
63 110
63 69
63 71
63 93
63 74
63 94
63 75
63 79
63 80
63 113
63 114
63 81
63 99
63 126
63 121
63 100
63 102
63 84
63 103
63 85
63 117
63 87
63 88
63 90
63 91
63 127
63 125
64 66
64 67
64 109
64 69
64 119
64 70
64 72
64 111
64 112
64 78
64 79
64 80
64 113
64 114
64 97
64 98
64 81
64 99
64 126
64 121
64 83
64 100
64 101
64 102
64 122
64 85
64 86
64 123
64 105
64 88
64 90
64 91
64 107
64 124
65 118
65 108
65 67
65 69
65 71
65 93
65 94
65 80
65 121
65 102
65 84
65 85
65 117
65 87
65 66
65 109
65 68
65 119
65 72
65 73
65 95
65 77
65 78
65 101
65 116
65 86
65 104
65 106
65 107
66 118
66 67
66 69
66 74
66 94
66 75
66 81
66 99
66 102
66 84
66 103
66 85
66 117
66 87
66 90
66 127
66 125
66 68
66 119
66 120
66 111
66 95
66 77
66 96
66 98
66 82
66 122
66 116
66 86
66 89
66 124
67 108
67 72
67 93
67 111
67 74
67 95
67 78
67 79
67 80
67 97
67 98
67 82
67 121
67 101
67 102
67 122
67 116
67 104
67 106
67 87
67 88
67 107
68 110
68 69
68 93
68 94
68 75
68 79
68 113
68 114
68 81
68 99
68 100
68 102
68 103
68 85
68 90
68 91
68 92
68 120
68 72
68 111
68 73
68 112
68 76
68 77
68 97
68 98
68 82
68 83
68 122
68 116
68 104
68 105
68 124
69 118
69 108
69 110
69 119
69 70
69 71
69 111
69 73
69 74
69 112
69 95
69 76
69 80
69 113
69 96
69 114
69 81
69 126
69 121
69 83
69 102
69 85
69 116
69 86
69 104
69 123
69 106
69 87
69 89
69 91
69 124
69 125
70 108
70 71
70 94
70 75
70 81
70 102
70 103
70 85
70 90
70 91
70 92
70 119
70 72
70 73
70 76
70 77
70 78
70 97
70 98
70 82
70 101
70 122
70 116
70 86
70 123
70 105
70 106
71 110
71 109
71 111
71 75
71 78
71 113
71 96
71 97
71 81
71 82
71 99
71 83
71 100
71 101
71 84
71 122
71 86
71 123
71 105
71 87
71 89
71 107
71 125
72 110
72 93
72 94
72 75
72 79
72 113
72 114
72 81
72 126
72 100
72 102
72 84
72 85
72 88
72 90
72 125
72 109
72 119
72 76
72 77
72 96
72 98
72 82
72 115
72 83
72 101
72 116
72 86
72 104
72 123
72 105
72 106
72 89
72 124
73 93
73 74
73 80
73 81
73 99
73 121
73 100
73 103
73 88
73 127
73 109
73 111
73 95
73 78
73 96
73 98
73 82
73 115
73 116
73 123
73 105
73 106
73 124
74 118
74 110
74 109
74 92
74 112
74 94
74 75
74 79
74 113
74 114
74 98
74 81
74 82
74 121
74 83
74 101
74 102
74 84
74 122
74 116
74 86
74 104
74 117
74 105
74 127
74 124
74 125
75 110
75 94
75 120
75 95
75 76
75 78
75 79
75 113
75 114
75 97
75 81
75 99
75 115
75 121
75 83
75 101
75 103
75 86
75 106
75 89
75 90
75 91
75 125
76 118
76 108
76 80
76 81
76 99
76 121
76 102
76 84
76 88
76 90
76 119
76 111
76 95
76 98
76 82
76 115
76 83
76 122
76 116
76 105
76 106
76 107
76 124
77 108
77 94
77 79
77 80
77 113
77 114
77 99
77 102
77 103
77 85
77 117
77 87
77 88
77 90
77 127
77 125
77 109
77 96
77 98
77 82
77 115
77 83
77 86
77 104
77 105
77 89
77 107
78 118
78 110
78 94
78 126
78 100
78 102
78 84
78 103
78 91
78 127
78 109
78 92
78 119
78 120
78 111
78 115
78 83
78 101
78 86
78 123
78 105
78 106
78 89
79 118
79 94
79 109
79 92
79 119
79 80
79 114
79 82
79 115
79 121
79 101
79 84
79 103
79 104
79 123
79 106
79 90
79 107
79 124
80 110
80 93
80 109
80 120
80 111
80 112
80 95
80 113
80 114
80 97
80 81
80 99
80 126
80 121
80 83
80 100
80 101
80 84
80 122
80 103
80 116
80 104
80 105
80 106
80 87
80 89
80 127
80 107
80 124
80 125
81 108
81 110
81 94
81 113
81 114
81 109
81 111
81 112
81 98
81 82
81 99
81 126
81 115
81 83
81 101
81 102
81 122
81 85
81 86
81 104
81 123
81 105
81 106
81 88
81 89
81 90
81 125
82 118
82 110
82 93
82 94
82 113
82 114
82 126
82 100
82 102
82 84
82 85
82 117
82 87
82 88
82 90
82 91
82 127
82 109
82 92
82 119
82 120
82 111
82 95
82 115
82 83
82 122
82 116
82 86
82 104
82 105
82 107
83 108
83 94
83 113
83 99
83 121
83 100
83 102
83 84
83 85
83 87
83 91
83 127
83 125
83 109
83 92
83 120
83 112
83 97
83 98
83 122
83 123
83 89
83 107
83 124
84 118
84 110
84 93
84 94
84 113
84 121
84 100
84 109
84 119
84 120
84 95
84 98
84 103
84 116
84 86
84 105
84 124
84 125
85 118
85 110
85 114
85 109
85 92
85 119
85 120
85 95
85 96
85 116
85 86
85 104
85 117
85 105
85 106
85 87
85 88
85 89
85 90
85 91
85 127
85 107
86 118
86 108
86 93
86 94
86 126
86 121
86 103
86 87
86 90
86 91
86 127
86 109
86 119
86 120
86 112
86 96
86 97
86 115
86 101
86 122
86 116
86 104
86 107
86 124
87 108
87 110
87 93
87 113
87 103
87 117
87 109
87 92
87 119
87 111
87 112
87 95
87 96
87 116
87 123
87 105
87 106
87 89
87 90
87 127
87 125
88 118
88 108
88 94
88 113
88 126
88 121
88 102
88 109
88 92
88 111
88 112
88 95
88 96
88 97
88 122
88 104
88 105
88 89
88 124
88 125
88 120
88 114
88 100
89 110
89 114
89 103
89 90
89 91
89 127
89 125
89 111
89 115
89 122
89 116
89 104
89 123
89 105
89 106
89 107
89 124
90 108
90 113
90 99
90 100
90 103
90 119
90 120
90 97
90 98
90 122
90 116
90 104
90 107
90 125
91 108
91 93
91 113
91 114
91 99
91 126
91 102
91 117
91 92
91 111
91 97
91 115
91 104
91 127
91 107
91 125
92 108
92 110
92 93
92 94
92 113
92 114
92 99
92 126
92 121
92 100
92 127
92 125
92 109
92 111
92 107
92 124
92 120
92 95
92 96
92 116
92 104
93 118
93 108
93 109
93 119
93 120
93 112
93 95
93 96
93 114
93 97
93 98
93 126
93 115
93 121
93 116
93 117
93 105
93 107
94 110
94 112
94 96
94 114
94 126
94 121
94 100
94 101
94 103
94 104
94 117
94 123
94 107
94 125
95 108
95 113
95 114
95 99
95 126
95 102
95 103
95 111
95 98
95 101
95 122
95 105
95 107
95 120
95 96
95 115
95 116
95 104
96 118
96 108
96 114
96 99
96 121
96 103
96 117
96 127
96 111
96 112
96 97
96 98
96 105
96 124
96 115
96 104
97 110
97 113
97 114
97 99
97 121
97 103
97 125
97 109
97 111
97 112
97 120
97 101
97 122
97 104
97 123
97 106
98 118
98 113
98 100
98 117
98 127
98 125
98 109
98 119
98 111
98 112
98 116
98 104
98 123
99 108
99 113
99 114
99 109
99 119
99 111
99 126
99 115
99 121
99 101
99 103
99 116
99 123
99 106
99 127
99 125
100 113
100 121
100 109
100 119
100 111
100 102
100 122
100 103
100 104
100 117
100 106
100 127
100 124
100 118
100 120
100 114
101 108
101 110
101 113
101 117
101 109
101 111
101 115
101 122
101 123
101 107
102 118
102 114
102 126
102 109
102 119
102 120
102 112
102 122
102 103
102 127
103 108
103 113
103 111
103 112
103 115
103 122
103 104
103 123
103 124
103 125
104 108
104 110
104 113
104 121
104 117
104 111
104 122
104 105
104 124
104 120
104 116
104 106
105 108
105 113
105 126
105 125
105 109
105 119
105 120
105 107
105 124
106 118
106 110
106 117
106 125
106 111
106 112
106 122
106 124
107 118
107 110
107 113
107 121
107 125
107 111
107 112
107 115
107 116
108 110
108 120
108 112
108 113
108 114
108 126
108 121
108 125
109 118
109 114
109 126
109 121
109 117
109 127
109 125
109 120
109 111
109 112
109 122
109 116
109 123
109 124
110 118
110 111
110 113
110 115
110 121
110 122
110 117
110 127
111 121
111 117
111 127
111 119
111 112
111 115
111 122
111 116
111 123
112 118
112 113
112 121
112 117
112 127
112 125
112 120
112 123
113 118
113 114
113 126
113 115
113 121
113 117
113 123
113 127
113 124
113 125
114 118
114 119
114 126
114 116
114 117
114 120
115 118
115 121
115 119
115 116
116 118
116 121
116 119
116 122
116 123
117 126
117 121
117 122
118 120
118 122
118 123
118 125
119 125
119 120
119 122
119 124
120 121
120 125
120 122
121 127
121 125
122 126
122 127
122 125
122 123
124 127
125 126
125 127
126 127
