0 1
0 2
0 3
0 4
0 5
0 6
0 7
0 8
0 9
0 10
0 11
0 12
0 13
0 14
0 15
0 16
0 17
0 18
0 19
0 20
0 21
0 22
0 23
0 24
0 25
0 26
0 27
0 28
0 29
0 30
0 31
0 32
0 33
0 34
0 35
0 36
0 37
0 38
0 39
0 40
0 41
0 42
0 43
0 44
0 45
0 46
0 47
0 48
0 49
0 50
0 51
0 52
0 53
0 54
0 55
0 56
0 57
0 58
0 59
0 60
0 61
0 62
0 63
1 64
1 2
1 65
1 66
1 67
1 68
1 69
1 70
1 71
1 72
1 7
1 73
1 74
1 8
1 9
1 75
1 11
1 76
1 14
1 15
1 16
1 21
1 77
1 23
1 24
1 26
1 78
1 79
1 29
1 80
1 81
1 82
1 32
1 83
1 33
1 34
1 84
1 37
1 85
1 86
1 43
1 87
1 88
1 45
1 46
1 48
1 89
1 90
1 52
1 91
1 53
1 55
1 92
1 57
1 59
1 93
1 61
1 62
1 94
2 65
2 66
2 68
2 69
2 70
2 71
2 3
2 4
2 5
2 6
2 74
2 95
2 96
2 75
2 10
2 97
2 98
2 12
2 13
2 14
2 15
2 16
2 17
2 18
2 19
2 20
2 99
2 22
2 77
2 23
2 25
2 26
2 100
2 78
2 101
2 31
2 102
2 84
2 103
2 104
2 35
2 105
2 37
2 38
2 39
2 85
2 40
2 41
2 42
2 106
2 43
2 87
2 107
2 45
2 48
2 89
2 51
2 91
2 53
2 54
2 55
2 92
2 58
2 59
2 93
2 108
2 62
2 94
3 68
3 71
3 4
3 72
3 73
3 9
3 11
3 97
3 98
3 109
3 14
3 15
3 19
3 110
3 111
3 25
3 26
3 100
3 29
3 80
3 112
3 113
3 30
3 81
3 32
3 83
3 84
3 114
3 35
3 105
3 115
3 38
3 41
3 42
3 86
3 106
3 43
3 107
3 44
3 45
3 48
3 90
3 116
3 50
3 91
3 53
3 92
3 58
3 59
3 108
3 117
3 118
4 65
4 66
4 67
4 69
4 119
4 6
4 7
4 73
4 95
4 8
4 9
4 96
4 75
4 10
4 97
4 13
4 14
4 15
4 16
4 19
4 20
4 99
4 21
4 22
4 77
4 26
4 27
4 100
4 78
4 101
4 29
4 113
4 31
4 102
4 32
4 83
4 120
4 33
4 103
4 36
4 38
4 39
4 85
4 42
4 106
4 87
4 44
4 88
4 45
4 46
4 47
4 89
4 116
4 49
4 51
4 91
4 53
4 54
4 56
4 57
4 108
4 117
4 61
4 62
5 65
5 66
5 67
5 69
5 70
5 121
5 71
5 6
5 72
5 7
5 73
5 9
5 11
5 97
5 98
5 12
5 13
5 16
5 17
5 19
5 21
5 22
5 110
5 77
5 111
5 24
5 27
5 100
5 122
5 101
5 80
5 112
5 30
5 81
5 102
5 123
5 32
5 83
5 104
5 115
5 38
5 40
5 41
5 43
5 45
5 47
5 116
5 49
5 50
5 91
5 124
5 55
5 56
5 92
5 58
5 59
5 93
5 60
5 118
5 94
5 63
6 65
6 66
6 68
6 71
6 72
6 73
6 95
6 75
6 10
6 11
6 98
6 109
6 76
6 13
6 14
6 20
6 21
6 110
6 77
6 25
6 26
6 28
6 100
6 125
6 29
6 112
6 30
6 102
6 82
6 120
6 33
6 35
6 105
6 115
6 38
6 40
6 42
6 43
6 107
6 88
6 45
6 46
6 89
6 116
6 126
6 49
6 51
6 54
6 56
6 57
6 93
6 60
6 117
6 62
6 94
6 63
7 64
7 65
7 67
7 68
7 121
7 119
7 71
7 72
7 95
7 8
7 9
7 11
7 98
7 109
7 76
7 13
7 14
7 15
7 19
7 21
7 22
7 23
7 27
7 28
7 100
7 79
7 122
7 101
7 29
7 80
7 113
7 81
7 31
7 123
7 32
7 120
7 33
7 84
7 103
7 104
7 35
7 105
7 36
7 37
7 38
7 39
7 41
7 42
7 106
7 43
7 107
7 44
7 45
7 46
7 47
7 48
7 89
7 49
7 51
7 52
7 124
7 127
7 54
7 92
7 57
7 59
7 118
7 62
7 94
7 87
7 90
7 96
7 30
7 88
8 67
8 70
8 72
8 73
8 74
8 96
8 75
8 11
8 98
8 12
8 13
8 14
8 18
8 110
8 77
8 111
8 25
8 26
8 79
8 80
8 112
8 113
8 30
8 81
8 102
8 82
8 83
8 120
8 103
8 114
8 115
8 37
8 38
8 85
8 40
8 41
8 87
8 88
8 46
8 89
8 90
8 91
8 53
8 124
8 55
8 92
8 57
8 59
8 60
8 117
8 61
9 64
9 65
9 66
9 68
9 69
9 119
9 72
9 73
9 95
9 75
9 11
9 97
9 98
9 76
9 12
9 13
9 16
9 20
9 21
9 77
9 23
9 26
9 28
9 100
9 78
9 122
9 113
9 30
9 81
9 102
9 83
9 120
9 34
9 84
9 114
9 35
9 36
9 38
9 40
9 42
9 43
9 45
9 47
9 50
9 52
9 54
9 58
9 59
9 108
9 94
9 63
9 107
9 123
9 101
9 127
9 121
9 87
9 90
9 96
9 88
9 31
10 64
10 65
10 72
10 96
10 75
10 11
10 97
10 109
10 76
10 13
10 17
10 22
10 110
10 77
10 23
10 24
10 26
10 27
10 28
10 100
10 79
10 122
10 101
10 80
10 102
10 82
10 123
10 32
10 120
10 34
10 84
10 114
10 105
10 36
10 39
10 85
10 86
10 106
10 43
10 87
10 107
10 44
10 45
10 47
10 48
10 49
10 50
10 52
10 91
10 92
10 57
10 58
10 59
10 93
10 60
10 117
10 61
10 62
10 94
11 67
11 70
11 119
11 71
11 73
11 74
11 95
11 96
11 75
11 98
11 109
11 76
11 13
11 15
11 16
11 17
11 22
11 77
11 23
11 26
11 100
11 78
11 122
11 101
11 29
11 80
11 113
11 30
11 81
11 31
11 83
11 120
11 114
11 36
11 37
11 38
11 39
11 42
11 106
11 87
11 107
11 44
11 47
11 89
11 50
11 91
11 53
11 127
11 54
11 56
11 92
11 57
11 58
11 60
11 108
11 61
11 94
12 68
12 119
12 71
12 72
12 73
12 74
12 95
12 75
12 97
12 76
12 13
12 16
12 19
12 20
12 110
12 77
12 111
12 24
12 25
12 28
12 100
12 78
12 101
12 29
12 30
12 83
12 33
12 84
12 103
12 104
12 35
12 105
12 115
12 36
12 37
12 38
12 42
12 106
12 87
12 88
12 46
12 47
12 48
12 51
12 53
12 124
12 56
12 92
12 59
12 108
12 117
12 62
12 94
13 64
13 65
13 66
13 67
13 68
13 69
13 119
13 71
13 72
13 96
13 97
13 98
13 14
13 16
13 18
13 20
13 110
13 77
13 111
13 23
13 24
13 26
13 28
13 100
13 78
13 122
13 101
13 30
13 82
13 32
13 120
13 84
13 103
13 104
13 35
13 115
13 85
13 41
13 42
13 86
13 106
13 43
13 44
13 88
13 46
13 89
13 50
13 91
13 54
13 55
13 57
13 58
13 59
13 93
13 60
13 108
13 117
13 61
13 63
14 66
14 67
14 68
14 69
14 70
14 121
14 71
14 74
14 96
14 97
14 109
14 15
14 19
14 22
14 110
14 77
14 111
14 23
14 24
14 26
14 28
14 100
14 78
14 101
14 80
14 30
14 31
14 102
14 82
14 83
14 103
14 114
14 35
14 115
14 36
14 39
14 85
14 42
14 43
14 107
14 88
14 45
14 89
14 90
14 116
14 126
14 49
14 91
14 124
14 54
14 56
14 58
14 59
14 60
14 108
14 117
15 64
15 68
15 70
15 119
15 73
15 74
15 95
15 96
15 17
15 18
15 20
15 22
15 77
15 111
15 24
15 25
15 26
15 27
15 122
15 125
15 29
15 80
15 112
15 81
15 123
15 32
15 120
15 33
15 104
15 35
15 115
15 36
15 38
15 85
15 40
15 41
15 42
15 106
15 44
15 88
15 45
15 89
15 90
15 49
15 50
15 51
15 53
15 124
15 127
15 54
15 55
15 56
15 92
15 118
15 62
15 94
16 64
16 68
16 69
16 71
16 73
16 74
16 96
16 98
16 109
16 17
16 18
16 20
16 21
16 77
16 23
16 26
16 27
16 100
16 78
16 122
16 101
16 125
16 112
16 30
16 81
16 32
16 83
16 120
16 33
16 105
16 115
16 36
16 37
16 39
16 85
16 40
16 41
16 42
16 86
16 87
16 88
16 47
16 48
16 89
16 126
16 49
16 92
16 57
16 58
16 59
16 93
16 108
16 61
16 94
16 63
17 64
17 66
17 67
17 68
17 69
17 121
17 119
17 73
17 96
17 75
17 98
17 76
17 19
17 99
17 24
17 27
17 28
17 78
17 125
17 29
17 80
17 113
17 81
17 102
17 123
17 83
17 103
17 115
17 36
17 37
17 39
17 85
17 40
17 41
17 86
17 106
17 87
17 88
17 45
17 46
17 47
17 48
17 89
17 90
17 126
17 52
17 124
17 127
17 55
17 92
17 57
17 93
17 60
17 117
17 61
18 69
18 119
18 71
18 73
18 75
18 97
18 98
18 109
18 99
18 77
18 111
18 23
18 26
18 100
18 78
18 79
18 122
18 112
18 81
18 31
18 102
18 82
18 32
18 120
18 34
18 103
18 104
18 114
18 105
18 115
18 37
18 38
18 39
18 85
18 41
18 86
18 47
18 48
18 89
18 90
18 116
18 49
18 50
18 51
18 52
18 91
18 127
18 54
18 55
18 59
18 93
18 108
18 117
18 118
18 61
18 62
18 94
19 65
19 121
19 74
19 109
19 76
19 99
19 22
19 110
19 77
19 111
19 24
19 25
19 26
19 28
19 79
19 101
19 125
19 29
19 80
19 113
19 82
19 83
19 33
19 84
19 114
19 35
19 37
19 85
19 106
19 45
19 47
19 90
19 126
19 49
19 52
19 54
19 55
19 56
19 92
19 57
19 58
19 59
19 93
19 60
19 117
19 118
19 61
19 62
19 94
20 66
20 67
20 68
20 121
20 119
20 73
20 95
20 109
20 76
20 22
20 77
20 111
20 23
20 24
20 27
20 79
20 125
20 29
20 81
20 102
20 123
20 83
20 120
20 34
20 103
20 114
20 35
20 105
20 37
20 38
20 85
20 41
20 42
20 106
20 107
20 44
20 47
20 48
20 116
20 52
20 124
20 127
20 54
20 58
20 93
20 60
20 117
20 61
21 64
21 65
21 67
21 68
21 69
21 119
21 71
21 72
21 73
21 95
21 97
21 76
21 99
21 110
21 25
21 28
21 79
21 101
21 29
21 80
21 112
21 81
21 102
21 123
21 83
21 33
21 34
21 104
21 35
21 115
21 38
21 85
21 41
21 42
21 106
21 107
21 44
21 45
21 46
21 116
21 126
21 50
21 52
21 127
21 54
21 55
21 56
21 92
21 57
21 93
21 60
21 108
21 117
21 61
21 121
21 87
21 90
21 96
21 30
21 88
21 59
21 31
21 84
22 66
22 70
22 71
22 73
22 95
22 96
22 75
22 97
22 111
22 23
22 27
22 100
22 101
22 29
22 80
22 112
22 113
22 81
22 102
22 83
22 33
22 114
22 35
22 36
22 37
22 40
22 106
22 44
22 45
22 89
22 126
22 49
22 50
22 91
22 53
22 124
22 127
22 55
22 56
22 92
22 57
22 58
22 59
22 93
22 60
22 108
22 118
22 62
22 94
22 63
23 64
23 65
23 67
23 70
23 121
23 119
23 71
23 73
23 74
23 95
23 76
23 110
23 77
23 111
23 26
23 28
23 79
23 122
23 125
23 112
23 81
23 123
23 32
23 83
23 120
23 33
23 34
23 84
23 35
23 85
23 40
23 106
23 43
23 107
23 44
23 88
23 45
23 46
23 47
23 48
23 51
23 53
23 54
23 56
23 92
23 57
23 58
23 59
23 60
23 117
23 118
23 61
23 62
23 63
24 66
24 68
24 69
24 121
24 71
24 74
24 96
24 97
24 109
24 76
24 99
24 110
24 77
24 28
24 100
24 122
24 125
24 112
24 113
24 31
24 82
24 32
24 83
24 33
24 34
24 84
24 104
24 114
24 35
24 105
24 115
24 37
24 39
24 40
24 42
24 106
24 107
24 44
24 46
24 47
24 48
24 89
24 90
24 116
24 49
24 51
24 91
24 124
24 127
24 92
24 59
24 93
24 108
24 117
24 118
24 62
24 94
24 63
25 64
25 65
25 66
25 68
25 119
25 72
25 73
25 74
25 95
25 75
25 97
25 76
25 99
25 110
25 26
25 27
25 28
25 125
25 29
25 80
25 112
25 113
25 81
25 31
25 82
25 32
25 83
25 103
25 114
25 115
25 37
25 39
25 85
25 40
25 42
25 86
25 106
25 44
25 45
25 46
25 48
25 89
25 52
25 91
25 57
25 58
25 62
25 63
26 64
26 65
26 66
26 67
26 68
26 69
26 119
26 71
26 72
26 74
26 75
26 97
26 98
26 110
26 111
26 27
26 78
26 122
26 101
26 113
26 30
26 82
26 83
26 33
26 34
26 84
26 103
26 105
26 115
26 39
26 85
26 42
26 86
26 106
26 43
26 107
26 88
26 47
26 90
26 116
26 49
26 52
26 124
26 127
26 54
26 55
26 92
26 57
26 93
26 60
26 117
26 118
26 61
26 94
27 64
27 66
27 119
27 72
27 74
27 95
27 97
27 109
27 77
27 111
27 78
27 122
27 80
27 30
27 102
27 82
27 32
27 83
27 120
27 33
27 103
27 104
27 114
27 105
27 115
27 38
27 85
27 41
27 86
27 106
27 107
27 44
27 88
27 45
27 46
27 116
27 49
27 50
27 51
27 91
27 54
27 55
27 92
27 57
27 58
27 93
27 60
27 118
27 62
27 63
28 66
28 68
28 69
28 119
28 71
28 72
28 74
28 95
28 96
28 98
28 99
28 77
28 111
28 78
28 122
28 125
28 80
28 113
28 30
28 123
28 32
28 83
28 84
28 104
28 114
28 35
28 105
28 115
28 37
28 85
28 40
28 106
28 43
28 88
28 48
28 89
28 90
28 126
28 49
28 50
28 51
28 52
28 91
28 124
28 55
28 56
28 92
28 57
28 58
28 93
28 60
28 117
28 118
28 61
28 63
29 64
29 66
29 69
29 70
29 121
29 119
29 72
29 73
29 74
29 75
29 97
29 109
29 110
29 122
29 101
29 112
29 30
29 81
29 102
29 83
29 120
29 34
29 104
29 36
29 37
29 39
29 40
29 42
29 106
29 87
29 107
29 88
29 45
29 46
29 47
29 90
29 126
29 49
29 51
29 91
29 53
29 124
29 127
29 54
29 55
29 56
29 59
29 93
29 108
29 94
29 63
30 64
30 69
30 70
30 119
30 71
30 74
30 98
30 99
30 101
30 125
30 80
30 113
30 123
30 32
30 83
30 34
30 84
30 104
30 36
30 39
30 85
30 40
30 41
30 86
30 106
30 107
30 88
30 45
30 46
30 89
30 90
30 116
30 50
30 51
30 91
30 53
30 124
30 54
30 92
30 60
30 117
30 61
30 95
30 65
30 38
30 72
30 127
30 121
30 87
30 96
30 59
30 31
31 65
31 70
31 121
31 71
31 74
31 96
31 75
31 97
31 110
31 78
31 125
31 112
31 81
31 120
31 104
31 114
31 115
31 37
31 39
31 40
31 88
31 46
31 48
31 89
31 116
31 126
31 52
31 53
31 92
31 57
31 58
31 59
31 108
31 117
31 95
31 107
31 123
31 101
31 38
31 72
31 127
31 87
31 90
31 84
32 67
32 70
32 119
32 71
32 98
32 76
32 99
32 110
32 77
32 79
32 122
32 101
32 125
32 80
32 113
32 102
32 120
32 33
32 84
32 104
32 35
32 115
32 37
32 38
32 39
32 40
32 86
32 43
32 44
32 45
32 48
32 89
32 90
32 126
32 49
32 50
32 51
32 52
32 91
32 54
32 55
32 56
32 108
32 117
32 118
32 61
32 63
33 64
33 65
33 69
33 119
33 71
33 96
33 75
33 97
33 98
33 109
33 76
33 111
33 78
33 101
33 125
33 113
33 81
33 102
33 123
33 104
33 114
33 105
33 115
33 36
33 37
33 38
33 39
33 85
33 40
33 42
33 43
33 87
33 45
33 46
33 47
33 116
33 126
33 49
33 50
33 53
33 124
33 127
33 54
33 55
33 92
33 57
33 59
33 93
33 61
33 63
34 69
34 121
34 72
34 74
34 95
34 98
34 109
34 76
34 99
34 110
34 111
34 78
34 79
34 101
34 80
34 81
34 82
34 123
34 84
34 103
34 36
34 38
34 85
34 40
34 41
34 86
34 87
34 107
34 45
34 47
34 48
34 90
34 49
34 50
34 51
34 91
34 53
34 55
34 57
34 93
34 60
34 108
34 117
34 61
34 62
34 94
34 63
35 66
35 68
35 69
35 121
35 119
35 71
35 72
35 73
35 74
35 109
35 76
35 100
35 122
35 125
35 81
35 103
35 114
35 115
35 37
35 39
35 42
35 107
35 44
35 45
35 46
35 48
35 89
35 126
35 51
35 92
35 58
35 59
35 93
35 117
35 118
35 62
36 67
36 69
36 121
36 74
36 96
36 97
36 109
36 110
36 111
36 100
36 101
36 80
36 102
36 83
36 120
36 103
36 105
36 115
36 37
36 38
36 39
36 106
36 45
36 46
36 48
36 89
36 126
36 51
36 91
36 54
36 55
36 56
36 59
36 93
36 60
36 117
36 118
36 94
37 64
37 65
37 66
37 67
37 68
37 69
37 70
37 121
37 71
37 96
37 97
37 98
37 99
37 110
37 111
37 100
37 78
37 79
37 122
37 101
37 125
37 112
37 113
37 82
37 120
37 103
37 105
37 38
37 39
37 85
37 106
37 87
37 44
37 88
37 45
37 89
37 126
37 52
37 124
37 127
37 92
37 59
37 117
37 118
37 62
37 63
38 65
38 66
38 67
38 68
38 121
38 119
38 71
38 72
38 73
38 74
38 95
38 96
38 75
38 76
38 110
38 77
38 111
38 100
38 79
38 101
38 112
38 123
38 84
38 114
38 39
38 85
38 40
38 41
38 86
38 87
38 107
38 44
38 46
38 89
38 90
38 116
38 49
38 50
38 51
38 53
38 124
38 127
38 55
38 92
38 57
38 58
38 59
38 117
38 118
38 62
38 63
38 88
39 65
39 68
39 70
39 119
39 72
39 73
39 96
39 75
39 97
39 109
39 110
39 77
39 111
39 78
39 79
39 101
39 80
39 81
39 102
39 82
39 83
39 120
39 104
39 114
39 85
39 41
39 106
39 43
39 87
39 107
39 88
39 48
39 90
39 126
39 49
39 51
39 91
39 124
39 54
39 58
39 93
39 108
39 118
39 63
40 64
40 68
40 74
40 95
40 96
40 75
40 97
40 98
40 109
40 99
40 111
40 78
40 79
40 101
40 125
40 123
40 120
40 103
40 104
40 42
40 86
40 106
40 43
40 107
40 46
40 47
40 89
40 116
40 49
40 50
40 51
40 52
40 91
40 124
40 55
40 92
40 117
40 118
40 61
40 62
40 94
41 65
41 69
41 121
41 71
41 74
41 96
41 97
41 98
41 109
41 99
41 77
41 79
41 122
41 101
41 112
41 81
41 82
41 123
41 83
41 103
41 105
41 85
41 42
41 86
41 106
41 43
41 87
41 45
41 47
41 48
41 116
41 49
41 52
41 127
41 92
41 93
41 108
41 118
41 62
42 65
42 68
42 69
42 70
42 121
42 119
42 72
42 95
42 97
42 98
42 109
42 99
42 79
42 80
42 112
42 81
42 123
42 83
42 120
42 103
42 115
42 85
42 87
42 107
42 46
42 47
42 48
42 89
42 49
42 124
42 54
42 56
42 92
42 61
42 62
43 65
43 66
43 68
43 119
43 71
43 73
43 95
43 98
43 109
43 99
43 110
43 77
43 111
43 78
43 79
43 122
43 112
43 113
43 81
43 102
43 82
43 123
43 83
43 103
43 104
43 105
43 115
43 106
43 87
43 44
43 45
43 46
43 47
43 48
43 89
43 126
43 49
43 52
43 91
43 54
43 55
43 56
43 92
43 62
44 66
44 67
44 119
44 72
44 95
44 97
44 98
44 99
44 110
44 77
44 78
44 101
44 81
44 102
44 82
44 123
44 83
44 84
44 103
44 85
44 86
44 88
44 48
44 89
44 116
44 126
44 49
44 52
44 53
44 124
44 127
44 54
44 55
44 56
44 92
44 57
44 59
44 60
44 62
45 65
45 66
45 68
45 70
45 119
45 74
45 98
45 110
45 100
45 79
45 122
45 101
45 80
45 102
45 103
45 114
45 105
45 115
45 107
45 46
45 47
45 90
45 50
45 51
45 91
45 53
45 124
45 54
45 55
45 57
45 58
45 108
45 118
45 62
46 65
46 67
46 71
46 72
46 96
46 109
46 76
46 99
46 110
46 77
46 111
46 78
46 122
46 101
46 80
46 113
46 123
46 83
46 103
46 104
46 114
46 106
46 47
46 89
46 90
46 116
46 49
46 50
46 51
46 52
46 53
46 127
46 54
46 56
46 58
46 117
46 61
46 62
46 63
47 66
47 70
47 73
47 74
47 95
47 96
47 75
47 97
47 76
47 110
47 111
47 79
47 80
47 112
47 113
47 81
47 102
47 82
47 120
47 114
47 86
47 88
47 89
47 90
47 116
47 50
47 53
47 124
47 55
47 56
47 92
47 57
47 58
47 59
47 60
47 108
47 118
47 61
47 63
48 64
48 66
48 67
48 68
48 72
48 73
48 75
48 97
48 98
48 109
48 76
48 99
48 77
48 100
48 78
48 125
48 80
48 81
48 102
48 82
48 120
48 104
48 105
48 85
48 86
48 87
48 88
48 90
48 116
48 51
48 91
48 55
48 92
48 57
48 59
48 93
48 117
48 118
48 61
48 62
48 94
48 63
49 64
49 67
49 68
49 69
49 70
49 73
49 74
49 96
49 109
49 111
49 100
49 78
49 79
49 125
49 80
49 112
49 123
49 83
49 120
49 84
49 114
49 86
49 106
49 87
49 107
49 88
49 89
49 126
49 51
49 91
49 53
49 127
49 54
49 55
49 93
49 117
49 118
49 62
49 63
50 65
50 66
50 67
50 68
50 69
50 121
50 119
50 71
50 109
50 110
50 77
50 79
50 112
50 102
50 123
50 103
50 105
50 85
50 86
50 106
50 107
50 88
50 116
50 126
50 51
50 91
50 124
50 127
50 92
50 58
50 93
50 60
50 117
50 118
50 62
50 94
50 63
51 65
51 66
51 69
51 119
51 72
51 73
51 75
51 98
51 76
51 99
51 111
51 78
51 112
51 113
51 81
51 102
51 82
51 115
51 86
51 87
51 107
51 88
51 89
51 116
51 126
51 52
51 124
51 127
51 55
51 56
51 57
51 108
51 118
51 62
52 67
52 72
52 73
52 74
52 95
52 97
52 76
52 110
52 77
52 111
52 100
52 125
52 112
52 102
52 114
52 105
52 86
52 87
52 89
52 90
52 116
52 126
52 91
52 124
52 127
52 54
52 55
52 93
52 108
52 118
52 61
52 94
52 63
53 64
53 68
53 69
53 121
53 73
53 74
53 95
53 96
53 97
53 98
53 109
53 76
53 99
53 110
53 100
53 78
53 101
53 125
53 112
53 82
53 103
53 104
53 114
53 115
53 116
53 124
53 92
53 58
53 60
53 61
53 62
53 94
53 63
54 64
54 65
54 67
54 69
54 70
54 121
54 73
54 96
54 75
54 98
54 110
54 77
54 100
54 78
54 79
54 80
54 112
54 123
54 103
54 105
54 107
54 88
54 89
54 90
54 91
54 124
54 56
54 92
54 57
54 60
54 108
54 118
54 62
54 94
55 65
55 67
55 70
55 72
55 73
55 74
55 95
55 75
55 97
55 76
55 99
55 110
55 77
55 78
55 112
55 113
55 102
55 82
55 123
55 83
55 120
55 104
55 114
55 105
55 107
55 126
55 56
55 92
55 57
55 60
55 117
55 62
56 69
56 70
56 71
56 95
56 96
56 75
56 97
56 98
56 109
56 76
56 99
56 78
56 101
56 113
56 123
56 83
56 104
56 105
56 115
56 86
56 87
56 107
56 88
56 90
56 126
56 58
56 60
56 117
56 118
56 62
56 94
57 65
57 66
57 67
57 70
57 121
57 119
57 72
57 73
57 74
57 96
57 75
57 97
57 98
57 109
57 110
57 77
57 100
57 78
57 79
57 122
57 125
57 80
57 112
57 120
57 103
57 114
57 115
57 85
57 86
57 106
57 87
57 107
57 88
57 116
57 126
57 124
57 92
57 59
57 93
57 108
57 118
57 61
57 62
57 63
58 64
58 68
58 69
58 70
58 119
58 71
58 73
58 74
58 95
58 96
58 75
58 97
58 99
58 77
58 111
58 100
58 78
58 125
58 81
58 102
58 82
58 123
58 83
58 103
58 104
58 86
58 106
58 87
58 89
58 91
58 124
58 127
58 59
58 93
58 60
58 117
58 118
58 94
59 65
59 66
59 70
59 121
59 73
59 74
59 96
59 75
59 97
59 109
59 110
59 111
59 78
59 122
59 101
59 125
59 112
59 113
59 81
59 123
59 84
59 104
59 105
59 86
59 107
59 88
59 90
59 126
59 91
59 127
59 108
59 117
59 63
59 95
59 72
59 87
60 67
60 119
60 74
60 96
60 98
60 109
60 76
60 110
60 77
60 100
60 101
60 125
60 80
60 113
60 81
60 102
60 83
60 120
60 84
60 103
60 105
60 106
60 87
60 116
60 126
60 124
60 127
60 92
60 118
60 61
60 63
61 64
61 65
61 66
61 67
61 69
61 70
61 72
61 73
61 74
61 96
61 75
61 109
61 76
61 110
61 111
61 78
61 79
61 101
61 80
61 112
61 113
61 102
61 83
61 104
61 105
61 115
61 85
61 86
61 106
61 89
61 116
61 126
61 124
61 93
61 108
61 118
61 94
61 63
62 66
62 67
62 69
62 70
62 72
62 95
62 96
62 75
62 97
62 109
62 99
62 110
62 77
62 100
62 79
62 122
62 101
62 80
62 112
62 120
62 84
62 105
62 115
62 85
62 86
62 87
62 88
62 89
62 90
62 116
62 126
62 91
62 124
62 127
62 92
62 93
62 108
62 117
62 118
63 64
63 66
63 67
63 69
63 71
63 96
63 76
63 100
63 78
63 79
63 122
63 101
63 125
63 80
63 81
63 82
63 123
63 83
63 120
63 103
63 104
63 114
63 105
63 115
63 85
63 106
63 87
63 107
63 89
63 91
63 124
63 92
63 93
63 117
63 118
64 67
64 69
64 70
64 121
64 71
64 72
64 73
64 96
64 109
64 76
64 99
64 78
64 122
64 125
64 102
64 83
64 84
64 104
64 114
64 115
64 86
64 106
64 107
64 88
64 89
64 126
64 91
64 124
64 92
64 108
64 118
64 94
65 68
65 69
65 119
65 72
65 73
65 95
65 96
65 98
65 76
65 99
65 110
65 100
65 101
65 82
65 123
65 83
65 120
65 103
65 114
65 105
65 115
65 106
65 87
65 107
65 89
65 90
65 116
65 124
65 127
65 92
65 108
65 117
65 94
65 121
65 88
65 84
66 67
66 68
66 70
66 121
66 119
66 71
66 72
66 73
66 95
66 97
66 98
66 111
66 78
66 125
66 80
66 112
66 102
66 82
66 120
66 84
66 103
66 104
66 114
66 115
66 106
66 107
66 88
66 126
66 117
67 119
67 74
67 95
67 96
67 75
67 98
67 109
67 76
67 111
67 112
67 113
67 81
67 102
67 82
67 83
67 120
67 103
67 104
67 87
67 116
67 126
67 92
67 93
67 108
67 118
68 69
68 70
68 121
68 73
68 74
68 95
68 96
68 75
68 97
68 76
68 111
68 100
68 78
68 122
68 112
68 113
68 82
68 123
68 84
68 104
68 105
68 115
68 85
68 86
68 88
68 89
68 90
68 116
68 126
68 91
68 127
68 92
68 93
68 108
68 117
68 118
68 94
69 70
69 121
69 119
69 73
69 74
69 95
69 96
69 75
69 98
69 76
69 77
69 111
69 78
69 79
69 101
69 112
69 113
69 123
69 83
69 84
69 103
69 85
69 86
69 107
69 88
69 89
69 126
69 91
69 93
69 117
70 121
70 119
70 71
70 73
70 74
70 96
70 75
70 98
70 109
70 76
70 99
70 110
70 78
70 122
70 101
70 80
70 112
70 81
70 102
70 83
70 84
70 103
70 105
70 115
70 85
70 86
70 89
70 92
70 108
70 117
70 118
71 121
71 72
71 74
71 95
71 97
71 98
71 76
71 110
71 100
71 79
71 122
71 101
71 125
71 112
71 113
71 82
71 83
71 120
71 84
71 104
71 105
71 85
71 86
71 106
71 87
71 107
71 89
71 126
71 91
71 127
71 92
71 93
71 117
71 118
72 119
72 73
72 74
72 95
72 96
72 75
72 97
72 98
72 109
72 76
72 77
72 101
72 125
72 81
72 123
72 83
72 103
72 114
72 115
72 85
72 87
72 107
72 116
72 126
72 127
72 92
72 93
72 118
72 94
72 121
72 90
72 88
72 84
73 121
73 119
73 74
73 96
73 75
73 97
73 76
73 99
73 110
73 77
73 111
73 79
73 125
73 112
73 113
73 102
73 123
73 114
73 105
73 85
73 87
73 88
73 90
73 126
73 91
73 124
73 93
73 108
73 117
74 97
74 98
74 109
74 99
74 100
74 79
74 101
74 80
74 112
74 113
74 81
74 102
74 123
74 120
74 103
74 104
74 114
74 105
74 85
74 106
74 87
74 107
74 126
74 91
74 127
74 92
74 108
75 121
75 119
75 95
75 98
75 109
75 76
75 111
75 122
75 101
75 125
75 112
75 123
75 83
75 106
75 87
75 107
75 108
75 117
75 118
75 94
76 121
76 119
76 96
76 97
76 109
76 99
76 110
76 77
76 111
76 100
76 79
76 125
76 80
76 112
76 82
76 123
76 120
76 103
76 104
76 114
76 105
76 85
76 86
76 107
76 89
76 117
77 119
77 96
77 97
77 98
77 99
77 110
77 78
77 101
77 125
77 112
77 81
77 123
77 83
77 103
77 104
77 114
77 115
77 86
77 107
77 88
77 90
77 124
77 127
77 92
77 93
77 117
77 94
78 119
78 99
78 110
78 100
78 122
78 101
78 102
78 123
78 83
78 120
78 114
78 85
78 87
78 107
78 88
78 89
78 116
78 91
78 124
78 127
78 92
78 93
78 108
78 118
79 121
79 119
79 96
79 97
79 99
79 111
79 100
79 101
79 80
79 112
79 102
79 123
79 84
79 115
79 86
79 106
79 87
79 89
79 90
79 116
79 91
79 124
79 93
79 94
80 121
80 119
80 96
80 98
80 109
80 99
80 110
80 111
80 122
80 101
80 125
80 112
80 102
80 83
80 120
80 84
80 104
80 114
80 105
80 115
80 85
80 86
80 87
80 90
80 92
80 93
81 121
81 95
81 109
81 110
81 122
81 101
81 125
81 112
81 113
81 102
81 123
81 84
81 103
81 114
81 87
81 107
81 88
81 90
81 91
81 124
81 127
81 92
81 93
81 108
81 117
82 121
82 119
82 98
82 100
82 122
82 101
82 113
82 102
82 83
82 120
82 84
82 114
82 85
82 87
82 107
82 88
82 127
82 93
83 119
83 98
83 99
83 110
83 100
83 101
83 104
83 115
83 85
83 106
83 90
83 91
83 124
83 92
83 93
83 94
84 95
84 110
84 111
84 100
84 101
84 125
84 113
84 102
84 105
84 85
84 107
84 89
84 90
84 116
84 126
84 124
84 108
84 118
84 94
84 123
84 127
84 121
84 87
84 96
84 88
85 121
85 119
85 95
85 97
85 109
85 112
85 113
85 123
85 103
85 104
85 114
85 115
85 86
85 89
85 116
85 126
85 108
85 94
86 119
86 96
86 109
86 99
86 111
86 100
86 122
86 112
86 113
86 120
86 103
86 104
86 114
86 115
86 106
86 107
86 88
86 89
86 90
86 126
86 124
86 127
86 118
86 94
87 119
87 96
87 97
87 111
87 100
87 122
87 113
87 120
87 114
87 107
87 88
87 116
87 124
87 93
87 118
87 95
87 123
87 101
87 127
87 121
87 90
88 97
88 98
88 100
88 122
88 112
88 113
88 102
88 120
88 106
88 126
88 91
88 127
88 92
88 118
88 95
88 107
88 123
88 101
88 121
88 90
88 96
89 97
89 109
89 99
89 110
89 111
89 100
89 101
89 102
89 120
89 103
89 104
89 115
89 90
89 126
89 91
89 124
89 108
89 117
89 118
89 94
90 95
90 96
90 97
90 109
90 110
90 111
90 112
90 102
90 104
90 105
90 107
90 126
90 124
90 118
90 94
90 123
90 101
90 127
90 121
91 95
91 96
91 97
91 98
91 109
91 99
91 110
91 111
91 100
91 122
91 101
91 102
91 123
91 115
91 107
91 127
91 92
91 117
91 118
92 119
92 96
92 97
92 98
92 109
92 112
92 113
92 120
92 104
92 105
92 115
92 126
92 127
92 93
92 108
92 117
92 94
93 121
93 95
93 98
93 109
93 110
93 122
93 112
93 113
93 102
93 104
93 115
93 107
93 116
93 124
93 118
94 119
94 95
94 96
94 109
94 99
94 125
94 113
94 102
94 103
94 114
94 107
94 116
94 124
94 108
94 118
95 96
95 109
95 125
95 102
95 104
95 114
95 106
95 107
95 124
95 98
95 101
95 113
95 123
95 103
95 105
95 116
95 127
95 121
96 119
96 97
96 98
96 111
96 100
96 101
96 125
96 112
96 102
96 104
96 106
96 107
96 124
96 117
96 118
96 123
96 127
96 121
97 125
97 115
97 107
97 126
97 124
97 108
97 118
97 119
97 98
97 100
97 123
97 120
97 103
97 116
97 127
98 109
98 99
98 122
98 125
98 114
98 115
98 108
98 118
98 100
98 113
98 123
98 103
98 127
99 119
99 110
99 111
99 100
99 122
99 112
99 103
99 104
99 114
99 105
99 106
99 116
99 126
99 124
99 108
99 117
100 107
100 124
100 108
100 119
100 111
100 112
100 113
100 103
100 127
100 117
101 122
101 125
101 102
101 115
101 106
101 107
101 126
101 124
101 118
101 110
101 111
101 123
101 120
101 127
101 117
101 121
102 109
102 125
102 110
102 113
102 123
102 104
102 115
102 107
102 116
102 127
102 117
103 121
103 109
103 114
103 107
103 126
103 124
103 112
103 113
103 116
103 117
104 121
104 109
104 122
104 125
104 119
104 113
104 123
104 120
104 114
104 105
104 106
104 126
104 127
105 109
105 115
105 107
105 108
105 112
105 113
105 120
105 116
105 127
106 122
106 114
106 119
106 111
106 113
106 120
106 127
106 118
107 121
107 109
107 122
107 125
107 115
107 112
107 123
107 116
107 124
107 127
107 108
107 118
108 121
108 109
108 114
108 115
108 126
108 119
108 112
108 113
108 123
108 120
108 116
108 127
108 117
109 119
109 110
109 122
109 125
109 112
109 123
109 115
109 116
109 127
109 117
109 118
110 121
110 114
110 124
110 118
110 112
110 113
110 127
111 115
111 124
111 119
111 120
111 116
111 127
111 112
112 122
112 114
112 115
112 124
112 118
112 119
112 123
112 116
113 125
113 124
113 118
113 120
114 121
114 120
114 116
114 127
114 117
115 122
115 123
115 116
116 124
116 127
117 121
117 122
117 125
117 124
117 123
117 120
118 121
118 122
118 124
118 123
119 122
119 125
119 126
119 124
119 127
120 125
120 126
120 124
120 123
120 127
121 122
121 126
121 123
121 127
122 125
122 123
122 126
122 124
123 125
123 126
123 124
123 127
124 125
125 126
126 127
