0 1
0 2
0 3
0 4
0 5
0 6
0 7
0 8
0 9
0 10
0 11
0 12
0 13
0 14
0 15
0 16
0 17
0 18
0 19
0 20
0 21
0 22
0 23
0 24
0 25
0 26
0 27
0 28
0 29
0 30
0 31
0 32
0 33
0 34
0 35
0 36
0 37
0 38
0 39
0 40
0 41
0 42
0 43
0 44
0 45
0 46
0 47
0 48
0 49
0 50
0 51
0 52
0 53
0 54
0 55
0 56
0 57
0 58
0 59
0 60
0 61
0 62
0 63
1 64
1 65
1 4
1 6
1 66
1 7
1 8
1 67
1 9
1 11
1 68
1 69
1 70
1 71
1 12
1 13
1 14
1 72
1 73
1 16
1 17
1 19
1 20
1 74
1 75
1 23
1 25
1 76
1 26
1 77
1 28
1 78
1 29
1 30
1 31
1 33
1 79
1 80
1 34
1 36
1 37
1 39
1 81
1 40
1 41
1 82
1 42
1 43
1 83
1 45
1 47
1 84
1 85
1 48
1 86
1 87
1 88
1 89
1 53
1 54
1 90
1 56
1 57
1 58
1 91
1 92
1 93
1 94
1 95
1 96
1 97
1 98
1 99
1 100
1 101
1 102
2 64
2 103
2 65
2 4
2 6
2 8
2 67
2 9
2 104
2 105
2 69
2 70
2 107
2 108
2 13
2 109
2 21
2 75
2 23
2 76
2 26
2 27
2 110
2 28
2 29
2 30
2 32
2 111
2 79
2 80
2 35
2 38
2 39
2 81
2 40
2 112
2 42
2 44
2 83
2 113
2 46
2 85
2 48
2 49
2 114
2 50
2 115
2 51
2 116
2 89
2 117
2 91
2 92
2 93
2 95
2 118
2 119
2 96
2 97
2 61
2 101
2 62
3 65
3 4
3 6
3 7
3 8
3 67
3 9
3 10
3 104
3 69
3 12
3 108
3 120
3 109
3 17
3 22
3 74
3 75
3 23
3 26
3 77
3 28
3 29
3 32
3 121
3 79
3 80
3 35
3 36
3 38
3 81
3 40
3 112
3 41
3 82
3 83
3 45
3 46
3 122
3 123
3 48
3 49
3 86
3 50
3 115
3 51
3 116
3 117
3 54
3 55
3 57
3 58
3 92
3 93
3 95
3 96
3 60
3 61
3 100
3 101
3 124
3 63
3 102
4 5
4 6
4 8
4 67
4 9
4 104
4 68
4 70
4 71
4 73
4 109
4 15
4 16
4 19
4 20
4 23
4 25
4 76
4 77
4 78
4 30
4 32
4 121
4 111
4 33
4 80
4 34
4 35
4 37
4 40
4 112
4 41
4 44
4 113
4 122
4 47
4 84
4 123
4 85
4 86
4 50
4 115
4 89
4 54
4 90
4 56
4 91
4 92
4 93
4 94
4 118
4 119
4 60
4 97
4 99
4 101
4 63
4 102
5 6
5 8
5 104
5 105
5 68
5 106
5 70
5 13
5 120
5 15
5 16
5 18
5 74
5 23
5 76
5 26
5 110
5 77
5 30
5 31
5 121
5 111
5 33
5 79
5 80
5 36
5 39
5 81
5 112
5 41
5 82
5 43
5 44
5 46
5 84
5 85
5 48
5 49
5 86
5 50
5 51
5 87
5 116
5 89
5 90
5 55
5 56
5 91
5 93
5 95
5 59
5 118
5 119
5 60
5 61
5 98
5 100
5 101
6 103
6 65
6 67
6 9
6 10
6 68
6 70
6 71
6 108
6 109
6 18
6 19
6 21
6 74
6 23
6 24
6 76
6 110
6 28
6 30
6 31
6 32
6 121
6 111
6 33
6 79
6 125
6 35
6 39
6 40
6 41
6 82
6 47
6 84
6 123
6 85
6 48
6 114
6 86
6 115
6 88
6 54
6 126
6 56
6 57
6 92
6 93
6 95
6 118
6 119
6 60
6 97
6 61
6 99
6 100
6 101
6 62
6 127
7 64
7 65
7 66
7 67
7 9
7 104
7 105
7 69
7 106
7 12
7 107
7 13
7 14
7 72
7 15
7 16
7 17
7 24
7 26
7 110
7 28
7 30
7 31
7 33
7 80
7 34
7 37
7 38
7 81
7 112
7 43
7 44
7 45
7 113
7 47
7 84
7 48
7 86
7 51
7 87
7 116
7 117
7 55
7 126
7 56
7 91
7 93
7 95
7 59
7 97
7 98
7 99
7 62
7 63
7 102
8 66
8 67
8 9
8 10
8 104
8 105
8 71
8 107
8 108
8 72
8 120
8 73
8 109
8 20
8 22
8 74
8 24
8 25
8 76
8 110
8 28
8 29
8 30
8 32
8 121
8 79
8 80
8 37
8 38
8 39
8 42
8 43
8 44
8 83
8 113
8 46
8 122
8 84
8 123
8 48
8 50
8 51
8 88
8 52
8 54
8 126
8 56
8 93
8 118
8 119
8 97
8 98
8 101
8 102
9 64
9 65
9 11
9 105
9 68
9 69
9 106
9 107
9 108
9 14
9 120
9 109
9 16
9 18
9 21
9 22
9 74
9 24
9 25
9 76
9 77
9 29
9 121
9 33
9 79
9 80
9 35
9 36
9 81
9 112
9 41
9 42
9 43
9 45
9 122
9 123
9 85
9 115
9 51
9 87
9 88
9 89
9 52
9 117
9 54
9 90
9 126
9 56
9 57
9 58
9 91
9 95
9 59
9 118
9 119
9 60
9 61
9 100
9 127
9 102
10 64
10 103
10 11
10 69
10 70
10 71
10 108
10 13
10 72
10 73
10 109
10 16
10 18
10 21
10 22
10 74
10 75
10 25
10 76
10 77
10 29
10 30
10 121
10 33
10 34
10 35
10 36
10 37
10 112
10 82
10 43
10 113
10 46
10 84
10 123
10 48
10 89
10 53
10 117
10 90
10 58
10 93
10 118
10 119
10 61
10 98
10 100
10 101
10 124
10 127
10 28
10 105
10 60
10 50
10 92
10 51
10 107
10 94
10 17
10 45
10 62
10 106
10 57
11 103
11 65
11 105
11 12
11 108
11 72
11 73
11 109
11 15
11 18
11 19
11 20
11 22
11 74
11 75
11 24
11 76
11 26
11 27
11 110
11 28
11 78
11 29
11 111
11 33
11 79
11 36
11 37
11 81
11 40
11 112
11 41
11 82
11 42
11 43
11 44
11 45
11 46
11 84
11 48
11 49
11 51
11 87
11 116
11 52
11 53
11 55
11 126
11 56
11 57
11 91
11 93
11 95
11 118
11 119
11 60
11 97
11 61
11 99
11 102
12 66
12 67
12 105
12 68
12 70
12 71
12 13
12 14
12 72
12 120
12 73
12 15
12 17
12 21
12 74
12 75
12 23
12 24
12 25
12 76
12 26
12 27
12 110
12 28
12 29
12 31
12 111
12 79
12 80
12 37
12 38
12 81
12 112
12 42
12 44
12 46
12 84
12 85
12 48
12 114
12 50
12 115
12 51
12 116
12 89
12 53
12 117
12 54
12 90
12 55
12 56
12 57
12 91
12 95
12 96
12 99
12 124
12 62
12 127
12 102
13 103
13 65
13 67
13 68
13 69
13 70
13 71
13 73
13 109
13 16
13 18
13 19
13 21
13 75
13 23
13 25
13 76
13 26
13 27
13 28
13 29
13 30
13 31
13 32
13 111
13 33
13 80
13 125
13 35
13 36
13 37
13 38
13 39
13 81
13 40
13 43
13 44
13 83
13 46
13 122
13 47
13 84
13 123
13 85
13 49
13 50
13 115
13 51
13 88
13 89
13 117
13 54
13 126
13 57
13 58
13 91
13 92
13 93
13 94
13 95
13 59
13 118
13 119
13 60
13 97
13 98
13 101
13 62
13 63
14 103
14 65
14 67
14 105
14 68
14 69
14 107
14 108
14 72
14 73
14 18
14 20
14 21
14 74
14 24
14 25
14 27
14 110
14 77
14 28
14 31
14 32
14 33
14 80
14 125
14 34
14 35
14 36
14 81
14 41
14 42
14 44
14 83
14 45
14 113
14 46
14 123
14 48
14 49
14 50
14 115
14 51
14 87
14 117
14 54
14 90
14 55
14 126
14 92
14 94
14 118
14 60
14 61
14 98
14 100
14 101
14 124
14 63
15 64
15 66
15 104
15 68
15 70
15 71
15 107
15 108
15 73
15 17
15 19
15 20
15 22
15 74
15 25
15 26
15 110
15 78
15 31
15 111
15 79
15 125
15 35
15 81
15 40
15 112
15 41
15 82
15 42
15 44
15 113
15 46
15 47
15 123
15 85
15 115
15 52
15 54
15 55
15 126
15 56
15 91
15 92
15 95
15 119
15 97
15 61
15 99
15 100
15 101
15 124
15 63
15 127
15 102
16 67
16 105
16 68
16 69
16 106
16 71
16 107
16 108
16 120
16 109
16 17
16 18
16 19
16 20
16 22
16 75
16 24
16 25
16 76
16 31
16 33
16 80
16 125
16 34
16 37
16 38
16 40
16 41
16 44
16 83
16 122
16 47
16 84
16 123
16 49
16 50
16 115
16 116
16 88
16 52
16 55
16 126
16 91
16 93
16 94
16 95
16 118
16 60
16 99
16 101
16 124
16 127
16 102
17 103
17 65
17 68
17 107
17 108
17 73
17 19
17 20
17 23
17 24
17 25
17 76
17 27
17 110
17 77
17 78
17 31
17 121
17 111
17 79
17 80
17 125
17 34
17 41
17 82
17 42
17 43
17 113
17 46
17 47
17 49
17 86
17 51
17 87
17 88
17 89
17 52
17 54
17 55
17 56
17 57
17 91
17 93
17 118
17 96
17 60
17 97
17 98
17 99
17 100
17 101
17 124
17 62
17 63
17 127
17 102
17 29
17 21
17 28
17 105
17 50
17 92
17 64
17 94
17 45
17 106
18 64
18 105
18 68
18 70
18 71
18 107
18 120
18 19
18 20
18 21
18 22
18 23
18 26
18 110
18 29
18 30
18 31
18 111
18 79
18 125
18 35
18 38
18 81
18 40
18 112
18 82
18 44
18 83
18 46
18 47
18 84
18 123
18 48
18 86
18 115
18 51
18 116
18 52
18 117
18 90
18 55
18 126
18 92
18 118
18 60
18 97
18 61
18 98
18 100
18 101
18 127
19 64
19 65
19 67
19 104
19 69
19 106
19 107
19 72
19 22
19 74
19 23
19 24
19 25
19 76
19 26
19 110
19 28
19 78
19 32
19 121
19 111
19 35
19 36
19 37
19 38
19 41
19 82
19 42
19 43
19 44
19 83
19 122
19 47
19 123
19 48
19 86
19 87
19 116
19 88
19 53
19 54
19 90
19 55
19 91
19 92
19 93
19 94
19 119
19 60
19 98
19 100
19 101
19 63
19 102
20 64
20 103
20 66
20 68
20 69
20 70
20 71
20 72
20 120
20 22
20 74
20 23
20 25
20 26
20 27
20 110
20 77
20 31
20 32
20 121
20 111
20 33
20 79
20 80
20 125
20 34
20 35
20 37
20 38
20 81
20 82
20 42
20 44
20 113
20 46
20 84
20 48
20 49
20 114
20 87
20 116
20 53
20 117
20 90
20 55
20 126
20 56
20 58
20 91
20 94
20 95
20 118
20 119
20 96
20 97
20 61
20 98
20 100
20 101
21 64
21 66
21 67
21 104
21 105
21 69
21 70
21 71
21 73
21 109
21 22
21 75
21 25
21 26
21 27
21 77
21 28
21 29
21 31
21 121
21 80
21 34
21 35
21 36
21 38
21 41
21 43
21 83
21 113
21 46
21 122
21 84
21 123
21 85
21 49
21 50
21 51
21 87
21 116
21 88
21 54
21 90
21 55
21 126
21 56
21 57
21 58
21 92
21 93
21 59
21 118
21 96
21 60
21 97
21 61
21 98
21 99
21 100
21 101
21 127
21 102
21 107
21 94
21 45
21 62
21 106
22 65
22 66
22 67
22 69
22 70
22 71
22 108
22 120
22 74
22 75
22 23
22 26
22 27
22 110
22 77
22 28
22 78
22 29
22 121
22 33
22 79
22 34
22 39
22 81
22 40
22 112
22 82
22 44
22 122
22 49
22 114
22 50
22 51
22 52
22 53
22 54
22 90
22 55
22 126
22 56
22 57
22 92
22 94
22 95
22 96
22 60
22 97
22 61
22 99
22 100
22 101
22 124
22 62
22 63
22 102
23 103
23 65
23 104
23 105
23 68
23 70
23 71
23 72
23 120
23 73
23 109
23 74
23 75
23 24
23 76
23 27
23 110
23 77
23 28
23 78
23 30
23 32
23 111
23 79
23 125
23 36
23 37
23 81
23 112
23 41
23 82
23 44
23 83
23 45
23 113
23 46
23 122
23 47
23 84
23 49
23 50
23 51
23 87
23 116
23 88
23 89
23 52
23 90
23 126
23 56
23 57
23 92
23 93
23 95
23 118
23 96
23 61
23 98
23 99
23 62
23 63
23 127
24 64
24 103
24 66
24 67
24 104
24 105
24 70
24 71
24 72
24 120
24 73
24 74
24 25
24 110
24 77
24 29
24 32
24 79
24 34
24 35
24 37
24 38
24 39
24 81
24 40
24 112
24 41
24 44
24 83
24 45
24 113
24 46
24 122
24 47
24 123
24 87
24 116
24 88
24 89
24 55
24 58
24 91
24 95
24 59
24 119
24 96
24 99
24 101
24 124
24 102
25 64
25 66
25 104
25 105
25 69
25 71
25 107
25 108
25 120
25 26
25 27
25 110
25 77
25 28
25 78
25 29
25 30
25 32
25 121
25 34
25 36
25 37
25 39
25 81
25 40
25 41
25 43
25 44
25 83
25 113
25 46
25 123
25 49
25 114
25 86
25 50
25 87
25 88
25 89
25 53
25 54
25 90
25 126
25 56
25 57
25 58
25 92
25 93
25 119
25 60
25 98
25 99
25 101
25 62
25 63
25 102
25 51
25 94
25 45
25 106
26 64
26 66
26 71
26 107
26 72
26 120
26 73
26 74
26 75
26 27
26 110
26 77
26 29
26 31
26 121
26 33
26 34
26 35
26 37
26 39
26 112
26 113
26 46
26 122
26 85
26 48
26 49
26 114
26 86
26 50
26 115
26 51
26 87
26 88
26 89
26 56
26 57
26 93
26 94
26 118
26 97
26 98
26 99
26 101
26 127
27 64
27 103
27 66
27 70
27 71
27 108
27 73
27 109
27 76
27 28
27 78
27 30
27 31
27 32
27 121
27 111
27 33
27 34
27 35
27 37
27 39
27 81
27 112
27 41
27 43
27 44
27 45
27 113
27 84
27 48
27 49
27 114
27 51
27 87
27 116
27 52
27 117
27 54
27 56
27 59
27 119
27 96
27 60
27 61
27 98
27 99
27 124
27 62
27 127
27 102
28 64
28 65
28 67
28 104
28 105
28 69
28 70
28 108
28 72
28 73
28 76
28 110
28 77
28 78
28 29
28 31
28 32
28 121
28 111
28 34
28 35
28 36
28 38
28 39
28 81
28 82
28 43
28 44
28 45
28 122
28 47
28 84
28 123
28 48
28 49
28 86
28 50
28 115
28 88
28 52
28 54
28 126
28 57
28 92
28 95
28 119
28 96
28 60
28 61
28 99
28 100
28 101
28 124
28 102
28 51
28 107
28 94
28 62
28 106
29 66
29 67
29 104
29 105
29 68
29 69
29 106
29 70
29 107
29 120
29 109
29 77
29 78
29 32
29 121
29 33
29 79
29 80
29 34
29 36
29 37
29 38
29 40
29 112
29 41
29 42
29 43
29 83
29 113
29 47
29 84
29 123
29 49
29 114
29 50
29 87
29 88
29 89
29 52
29 53
29 54
29 55
29 126
29 56
29 58
29 91
29 92
29 94
29 59
29 119
29 60
29 97
29 61
29 99
29 101
29 124
29 62
29 63
29 102
29 51
29 64
29 45
29 57
30 64
30 103
30 104
30 69
30 70
30 71
30 107
30 120
30 73
30 109
30 74
30 75
30 110
30 121
30 33
30 79
30 80
30 34
30 35
30 36
30 37
30 38
30 40
30 112
30 82
30 42
30 43
30 83
30 122
30 47
30 123
30 48
30 49
30 115
30 51
30 87
30 116
30 52
30 54
30 90
30 56
30 57
30 58
30 94
30 118
30 119
30 60
30 61
30 100
30 124
30 63
30 102
31 67
31 104
31 68
31 106
31 70
31 72
31 120
31 73
31 109
31 74
31 76
31 110
31 78
31 32
31 121
31 111
31 79
31 125
31 35
31 36
31 37
31 82
31 83
31 46
31 122
31 84
31 85
31 48
31 86
31 50
31 53
31 54
31 90
31 55
31 57
31 58
31 91
31 92
31 94
31 95
31 118
31 96
31 60
31 98
31 100
31 101
31 62
31 63
31 127
32 64
32 103
32 67
32 68
32 69
32 70
32 108
32 72
32 120
32 109
32 74
32 76
32 110
32 78
32 33
32 80
32 112
32 41
32 82
32 42
32 44
32 47
32 123
32 85
32 49
32 50
32 115
32 88
32 52
32 90
32 55
32 56
32 58
32 91
32 59
32 118
32 119
32 60
32 99
32 124
32 62
33 64
33 65
33 66
33 67
33 105
33 69
33 106
33 72
33 120
33 73
33 75
33 76
33 121
33 79
33 80
33 125
33 34
33 38
33 39
33 43
33 122
33 47
33 85
33 48
33 49
33 50
33 88
33 89
33 52
33 117
33 55
33 126
33 56
33 57
33 92
33 93
33 118
33 119
33 61
33 99
33 101
33 63
33 102
34 65
34 105
34 106
34 108
34 120
34 73
34 76
34 110
34 78
34 121
34 111
34 79
34 80
34 125
34 35
34 36
34 38
34 81
34 40
34 41
34 82
34 46
34 47
34 84
34 123
34 48
34 49
34 114
34 86
34 50
34 115
34 51
34 116
34 88
34 89
34 52
34 90
34 55
34 56
34 57
34 91
34 92
34 95
34 118
34 119
34 60
34 97
34 61
34 99
34 101
34 124
34 63
34 64
34 107
34 94
34 45
34 62
35 65
35 67
35 104
35 106
35 107
35 108
35 72
35 120
35 73
35 74
35 110
35 78
35 121
35 80
35 125
35 36
35 38
35 39
35 40
35 41
35 42
35 83
35 45
35 46
35 122
35 123
35 48
35 49
35 50
35 51
35 116
35 88
35 53
35 54
35 90
35 55
35 126
35 56
35 57
35 58
35 91
35 92
35 95
35 97
35 98
35 99
35 101
35 124
35 62
36 64
36 69
36 70
36 107
36 72
36 73
36 109
36 111
36 80
36 125
36 39
36 40
36 83
36 46
36 122
36 123
36 49
36 114
36 51
36 89
36 52
36 117
36 54
36 90
36 126
36 91
36 93
36 94
36 59
36 118
36 119
36 63
36 102
37 103
37 65
37 66
37 104
37 106
37 70
37 71
37 107
37 109
37 75
37 76
37 110
37 121
37 111
37 79
37 38
37 112
37 41
37 82
37 42
37 43
37 83
37 47
37 85
37 49
37 86
37 115
37 88
37 89
37 53
37 54
37 58
37 91
37 95
37 59
37 119
37 96
37 97
37 100
37 124
37 102
38 103
38 65
38 67
38 104
38 105
38 68
38 106
38 72
38 73
38 75
38 76
38 110
38 78
38 121
38 80
38 125
38 39
38 112
38 42
38 83
38 113
38 122
38 47
38 85
38 49
38 114
38 86
38 50
38 51
38 52
38 54
38 90
38 126
38 57
38 58
38 91
38 94
38 95
38 59
38 119
38 60
38 98
38 100
38 124
38 62
38 63
39 103
39 66
39 67
39 104
39 68
39 69
39 106
39 70
39 71
39 108
39 72
39 73
39 74
39 76
39 77
39 78
39 79
39 125
39 112
39 41
39 42
39 43
39 113
39 46
39 122
39 47
39 84
39 85
39 49
39 86
39 50
39 116
39 89
39 52
39 54
39 90
39 55
39 92
39 93
39 59
39 118
39 119
39 96
39 97
39 61
39 101
39 63
39 127
39 102
40 103
40 66
40 105
40 69
40 106
40 108
40 73
40 74
40 76
40 121
40 111
40 41
40 82
40 43
40 46
40 122
40 48
40 114
40 86
40 88
40 89
40 52
40 53
40 117
40 54
40 55
40 57
40 58
40 91
40 92
40 93
40 94
40 95
40 59
40 96
40 60
40 97
40 99
40 100
40 124
40 62
40 127
41 64
41 103
41 65
41 105
41 68
41 69
41 107
41 120
41 73
41 75
41 76
41 110
41 77
41 121
41 80
41 112
41 82
41 42
41 44
41 83
41 113
41 46
41 47
41 84
41 114
41 86
41 116
41 88
41 53
41 117
41 54
41 90
41 55
41 126
41 56
41 57
41 92
41 93
41 95
41 59
41 118
41 119
41 96
41 60
41 61
41 99
41 101
41 102
42 64
42 103
42 65
42 104
42 105
42 68
42 69
42 106
42 71
42 108
42 72
42 120
42 109
42 74
42 77
42 121
42 79
42 125
42 82
42 43
42 45
42 113
42 46
42 47
42 84
42 123
42 114
42 86
42 50
42 51
42 116
42 52
42 53
42 126
42 91
42 92
42 97
42 61
42 99
42 100
42 101
42 63
42 127
43 64
43 103
43 65
43 67
43 70
43 120
43 109
43 74
43 75
43 76
43 110
43 77
43 78
43 121
43 79
43 125
43 112
43 83
43 46
43 85
43 49
43 86
43 50
43 51
43 87
43 116
43 89
43 53
43 117
43 54
43 126
43 93
43 118
43 119
43 96
43 60
43 97
43 99
43 100
43 101
43 62
43 127
43 102
44 65
44 104
44 105
44 69
44 106
44 70
44 72
44 120
44 73
44 109
44 74
44 110
44 125
44 81
44 82
44 113
44 47
44 123
44 85
44 49
44 115
44 116
44 88
44 53
44 117
44 54
44 90
44 126
44 57
44 58
44 92
44 93
44 95
44 119
44 96
44 60
44 99
44 100
44 124
44 63
45 103
45 66
45 105
45 71
45 120
45 109
45 77
45 78
45 121
45 112
45 82
45 122
45 123
45 48
45 114
45 86
45 50
45 51
45 116
45 88
45 89
45 53
45 90
45 55
45 126
45 56
45 57
45 60
45 61
45 62
45 127
45 92
45 64
45 107
45 94
45 106
46 64
46 103
46 67
46 104
46 68
46 106
46 70
46 71
46 107
46 120
46 73
46 74
46 75
46 125
46 81
46 82
46 113
46 122
46 85
46 114
46 86
46 115
46 51
46 88
46 52
46 53
46 90
46 55
46 57
46 58
46 91
46 92
46 95
46 59
46 118
46 119
46 60
46 61
46 100
46 101
46 124
46 63
46 127
46 102
47 68
47 69
47 109
47 74
47 77
47 78
47 121
47 79
47 125
47 112
47 82
47 83
47 84
47 85
47 114
47 50
47 51
47 87
47 116
47 88
47 89
47 117
47 56
47 57
47 58
47 91
47 95
47 59
47 119
47 100
47 101
47 124
47 63
47 127
48 64
48 66
48 104
48 105
48 68
48 70
48 73
48 76
48 77
48 78
48 84
48 85
48 49
48 114
48 51
48 116
48 54
48 56
48 91
48 95
48 59
48 118
48 119
48 60
48 98
48 99
48 100
48 62
48 63
48 102
49 103
49 67
49 104
49 68
49 106
49 107
49 108
49 72
49 120
49 73
49 109
49 74
49 75
49 76
49 78
49 121
49 82
49 123
49 114
49 86
49 88
49 89
49 52
49 53
49 117
49 54
49 55
49 56
49 58
49 91
49 92
49 93
49 59
49 118
49 119
49 96
49 60
49 97
49 99
49 100
49 101
49 62
50 103
50 65
50 66
50 104
50 105
50 68
50 69
50 70
50 72
50 120
50 74
50 75
50 76
50 110
50 121
50 111
50 79
50 112
50 83
50 122
50 84
50 85
50 115
50 51
50 87
50 116
50 89
50 53
50 117
50 54
50 55
50 92
50 94
50 59
50 118
50 96
50 60
50 97
50 98
50 99
50 101
50 124
50 63
50 127
50 64
50 107
50 62
50 106
50 57
51 67
51 71
51 74
51 77
51 78
51 111
51 125
51 83
51 123
51 114
51 116
51 89
51 52
51 53
51 117
51 57
51 58
51 93
51 118
51 119
51 96
51 62
51 63
51 127
51 102
51 105
51 60
51 121
51 92
51 64
51 107
51 94
51 106
52 103
52 65
52 66
52 67
52 68
52 106
52 70
52 71
52 108
52 120
52 73
52 109
52 75
52 76
52 111
52 79
52 112
52 83
52 84
52 123
52 85
52 114
52 87
52 116
52 89
52 117
52 54
52 55
52 92
52 94
52 95
52 59
52 96
52 60
52 98
52 99
52 100
52 101
52 102
53 103
53 65
53 104
53 105
53 69
53 70
53 71
53 120
53 73
53 74
53 76
53 110
53 77
53 121
53 111
53 125
53 112
53 82
53 113
53 122
53 84
53 123
53 85
53 115
53 87
53 116
53 54
53 56
53 57
53 58
53 92
53 94
53 59
53 119
53 96
53 60
53 97
53 61
53 101
53 62
53 127
53 102
54 65
54 66
54 67
54 106
54 71
54 107
54 120
54 73
54 74
54 75
54 76
54 79
54 80
54 125
54 81
54 82
54 113
54 84
54 123
54 114
54 115
54 116
54 90
54 55
54 126
54 58
54 93
54 94
54 59
54 118
54 98
54 99
54 127
54 102
55 64
55 65
55 104
55 105
55 68
55 69
55 71
55 108
55 109
55 74
55 75
55 76
55 78
55 111
55 79
55 125
55 81
55 122
55 84
55 85
55 86
55 87
55 116
55 88
55 117
55 56
55 57
55 58
55 94
55 59
55 119
55 60
55 97
55 61
55 99
55 100
55 101
55 62
55 127
56 64
56 65
56 66
56 67
56 104
56 69
56 107
56 75
56 76
56 77
56 121
56 79
56 125
56 112
56 82
56 122
56 84
56 123
56 86
56 126
56 57
56 91
56 92
56 95
56 97
56 100
56 101
56 124
56 62
56 63
56 127
57 64
57 67
57 105
57 68
57 70
57 71
57 120
57 73
57 74
57 75
57 121
57 81
57 112
57 115
57 116
57 88
57 126
57 58
57 92
57 93
57 94
57 95
57 118
57 119
57 60
57 97
57 98
57 100
57 101
57 63
57 102
57 107
57 62
57 106
58 64
58 103
58 66
58 104
58 68
58 69
58 106
58 70
58 108
58 72
58 109
58 77
58 78
58 111
58 79
58 80
58 125
58 113
58 122
58 84
58 85
58 115
58 116
58 91
58 94
58 95
58 59
58 119
58 98
58 99
58 101
58 62
58 127
59 64
59 65
59 67
59 104
59 105
59 68
59 70
59 120
59 73
59 109
59 74
59 76
59 110
59 121
59 111
59 81
59 82
59 85
59 86
59 115
59 89
59 117
59 90
59 126
59 91
59 118
59 119
59 96
59 60
59 97
59 61
59 98
59 101
59 62
59 102
60 64
60 66
60 67
60 104
60 105
60 106
60 107
60 120
60 73
60 74
60 110
60 77
60 78
60 121
60 79
60 125
60 83
60 113
60 122
60 114
60 115
60 87
60 89
60 126
60 92
60 95
60 119
60 96
60 97
60 98
60 101
60 124
60 127
60 102
60 94
60 62
61 103
61 65
61 67
61 104
61 68
61 71
61 107
61 108
61 73
61 109
61 74
61 76
61 77
61 111
61 79
61 81
61 112
61 82
61 115
61 88
61 89
61 117
61 90
61 126
61 92
61 94
61 95
61 119
61 98
61 100
61 101
61 124
61 62
61 63
61 127
61 102
62 64
62 65
62 105
62 69
62 70
62 71
62 108
62 72
62 109
62 74
62 75
62 77
62 121
62 111
62 125
62 113
62 84
62 123
62 117
62 126
62 91
62 93
62 94
62 98
62 124
62 63
62 92
62 107
62 106
63 67
63 104
63 68
63 106
63 107
63 120
63 73
63 109
63 75
63 121
63 111
63 79
63 114
63 115
63 116
63 89
63 92
63 119
63 96
63 99
63 100
64 65
64 66
64 67
64 104
64 106
64 70
64 108
64 72
64 120
64 73
64 109
64 74
64 75
64 76
64 121
64 111
64 80
64 81
64 112
64 84
64 115
64 89
64 117
64 90
64 93
64 95
64 118
64 98
64 99
64 100
64 101
64 127
64 102
64 105
64 92
64 107
64 94
65 67
65 104
65 105
65 68
65 70
65 107
65 72
65 120
65 73
65 109
65 74
65 76
65 110
65 79
65 80
65 81
65 112
65 83
65 113
65 123
65 115
65 116
65 88
65 89
65 90
65 126
65 92
65 93
65 96
65 99
65 101
65 124
65 102
66 105
66 69
66 106
66 70
66 72
66 120
66 73
66 74
66 75
66 76
66 110
66 78
66 121
66 79
66 80
66 125
66 113
66 84
66 85
66 114
66 86
66 87
66 116
66 117
66 90
66 91
66 93
66 95
66 118
66 119
66 98
66 99
66 100
66 102
67 105
67 69
67 71
67 107
67 108
67 72
67 73
67 75
67 76
67 110
67 78
67 79
67 82
67 84
67 123
67 85
67 114
67 86
67 87
67 116
67 117
67 90
67 126
67 92
67 94
67 119
67 98
67 99
67 101
67 102
68 104
68 106
68 71
68 108
68 73
68 109
68 75
68 81
68 83
68 84
68 115
68 89
68 90
68 93
68 95
68 127
68 103
68 105
68 69
68 77
68 78
68 79
68 125
68 82
68 122
68 123
68 85
68 114
68 86
68 87
68 116
68 91
68 92
68 96
69 106
69 70
69 71
69 108
69 72
69 73
69 109
69 75
69 121
69 112
69 83
69 84
69 117
69 118
69 98
69 99
69 127
69 102
69 103
69 77
69 79
69 113
69 122
69 85
69 87
69 116
69 126
69 91
69 92
69 94
69 97
69 124
70 104
70 103
70 105
70 71
70 107
70 108
70 72
70 120
70 109
70 75
70 76
70 110
70 78
70 121
70 111
70 79
70 80
70 82
70 83
70 122
70 86
70 115
70 87
70 88
70 90
70 126
70 93
70 94
70 95
70 119
70 98
70 124
70 102
71 104
71 106
71 103
71 120
71 109
71 75
71 76
71 77
71 79
71 80
71 81
71 112
71 83
71 123
71 85
71 87
71 116
71 88
71 90
71 126
71 96
71 97
71 98
71 100
71 127
71 102
72 106
72 105
72 120
72 109
72 75
72 76
72 110
72 78
72 111
72 79
72 80
72 81
72 112
72 84
72 123
72 85
72 114
72 116
72 88
72 89
72 126
72 94
72 118
72 119
72 98
72 99
72 127
73 104
73 106
73 103
73 107
73 109
73 110
73 121
73 111
73 79
73 80
73 125
73 82
73 83
73 122
73 84
73 123
73 114
73 87
73 88
73 89
73 117
73 90
73 126
73 91
73 92
73 118
73 119
73 96
73 97
73 98
73 99
73 124
73 127
73 102
74 104
74 105
74 121
74 111
74 79
74 112
74 82
74 113
74 122
74 84
74 86
74 115
74 89
74 117
74 90
74 93
74 118
74 119
74 96
74 97
74 98
74 100
74 101
75 104
75 106
75 108
75 120
75 110
75 121
75 79
75 125
75 112
75 82
75 83
75 113
75 122
75 85
75 114
75 86
75 115
75 87
75 89
75 90
75 93
75 95
75 119
75 96
75 98
75 99
75 101
75 124
75 127
75 102
76 106
76 120
76 109
76 103
76 110
76 111
76 79
76 125
76 82
76 113
76 122
76 84
76 123
76 85
76 114
76 115
76 87
76 116
76 117
76 94
76 95
76 118
76 96
76 99
76 100
76 124
77 104
77 108
77 120
77 109
77 80
77 115
77 90
77 93
77 98
77 99
77 100
77 102
77 107
77 110
77 78
77 79
77 114
77 86
77 88
77 91
77 94
77 119
78 108
78 120
78 109
78 81
78 112
78 83
78 84
78 89
78 117
78 90
78 95
78 98
78 100
78 101
78 102
78 105
78 79
78 125
78 113
78 123
78 85
78 114
78 87
78 116
78 88
78 126
78 91
78 92
78 94
78 96
78 124
79 108
79 80
79 115
79 89
79 117
79 90
79 118
79 98
79 99
79 101
79 127
79 102
79 110
79 123
79 114
79 86
79 87
79 88
79 91
79 92
79 94
79 97
79 124
80 104
80 108
80 109
80 103
80 105
80 110
80 83
80 113
80 122
80 85
80 115
80 89
80 117
80 90
80 126
80 93
80 96
80 100
80 101
80 127
80 102
81 106
81 109
81 121
81 105
81 107
81 110
81 125
81 83
81 122
81 86
81 115
81 89
81 117
81 90
81 92
81 93
81 119
81 99
81 101
81 124
82 121
82 111
82 83
82 84
82 89
82 98
82 99
82 100
82 102
82 105
82 107
82 110
82 125
82 122
82 123
82 114
82 87
82 116
82 91
82 92
82 96
82 124
83 109
83 112
83 105
83 125
83 113
83 123
83 85
83 115
83 89
83 117
83 90
83 92
83 94
83 118
83 99
83 124
83 102
84 104
84 106
84 108
84 109
84 112
84 110
84 122
84 86
84 116
84 89
84 90
84 95
84 118
84 119
84 96
84 97
84 100
84 101
84 127
84 102
85 108
85 109
85 121
85 115
85 90
85 93
85 95
85 118
85 99
85 101
85 103
85 105
85 107
85 110
85 122
85 123
85 114
85 86
85 116
85 126
85 91
85 94
85 119
85 96
86 108
86 120
86 109
86 121
86 112
86 89
86 90
86 95
86 118
86 99
86 127
86 103
86 110
86 125
86 87
86 116
86 88
86 126
86 119
86 96
87 106
87 109
87 112
87 89
87 117
87 118
87 99
87 100
87 101
87 102
87 105
87 107
87 125
87 113
87 122
87 123
87 116
87 91
87 94
87 96
87 97
88 104
88 121
88 112
88 89
88 117
88 95
88 98
88 99
88 100
88 101
88 127
88 107
88 110
88 125
88 113
88 114
88 126
88 91
88 96
88 97
89 108
89 109
89 111
89 112
89 110
89 125
89 116
89 117
89 92
89 93
89 118
89 96
89 98
89 100
89 124
89 127
89 102
90 106
90 120
90 121
90 112
90 115
90 107
90 125
90 113
90 114
90 126
90 92
90 94
90 95
90 118
90 119
90 96
90 98
90 100
90 102
91 108
91 109
91 121
91 112
91 115
91 117
91 118
91 98
91 100
91 127
91 103
91 107
91 110
91 114
91 126
91 92
91 96
91 97
91 124
92 104
92 106
92 108
92 121
92 111
92 117
92 93
92 95
92 98
92 100
92 102
92 103
92 105
92 110
92 122
92 94
92 119
92 124
92 107
93 108
93 109
93 111
93 115
93 117
93 103
93 110
93 125
93 113
93 122
93 123
93 114
93 94
93 95
93 97
93 99
93 100
93 124
93 127
94 104
94 108
94 120
94 109
94 121
94 95
94 100
94 105
94 125
94 122
94 114
94 126
94 96
94 97
94 107
94 106
95 106
95 108
95 120
95 109
95 115
95 117
95 103
95 110
95 123
95 116
95 126
95 118
95 97
95 100
95 101
95 124
95 127
96 104
96 106
96 117
96 118
96 98
96 100
96 101
96 127
96 102
96 103
96 123
96 114
96 116
96 119
96 124
97 104
97 106
97 108
97 120
97 121
97 111
97 112
97 115
97 118
97 127
97 102
97 105
97 110
97 125
97 113
97 122
97 116
97 126
97 119
97 124
98 109
98 112
98 115
98 117
98 103
98 105
98 110
98 122
98 114
98 126
98 119
98 100
98 101
98 127
98 102
99 104
99 120
99 109
99 121
99 112
99 115
99 118
99 110
99 125
99 122
99 116
99 126
99 124
99 127
99 102
100 108
100 120
100 109
100 121
100 111
100 112
100 115
100 105
100 107
100 110
100 125
100 113
100 122
100 123
100 116
100 126
100 119
100 101
100 102
101 108
101 120
101 111
101 118
101 105
101 110
101 122
102 106
102 120
102 109
102 111
102 118
102 103
102 105
102 107
102 113
102 122
102 123
102 114
102 116
103 108
103 109
103 121
103 111
103 112
103 115
103 117
103 118
103 127
103 105
103 125
103 123
103 124
104 108
104 120
104 109
104 111
104 125
104 112
104 113
104 122
104 123
104 126
104 119
104 124
105 106
105 120
105 121
105 115
105 117
105 127
105 110
105 125
105 114
105 116
105 124
105 107
106 107
106 108
106 110
106 121
106 113
106 123
106 115
106 126
106 118
106 127
107 109
107 121
107 118
107 127
107 122
107 114
107 126
107 119
108 120
108 109
108 110
108 121
108 125
108 114
108 115
108 117
108 126
108 119
108 124
109 111
109 125
109 122
109 115
109 119
109 124
110 120
110 111
110 118
110 127
110 123
110 124
110 113
110 122
110 114
110 126
110 119
111 120
111 121
111 125
111 112
111 113
111 123
111 115
111 126
111 118
111 119
112 113
112 122
112 115
112 116
112 126
113 120
113 121
113 115
113 117
113 123
113 114
113 116
113 119
114 121
114 118
114 123
114 124
114 122
114 116
114 126
114 119
115 120
115 125
115 122
115 123
115 117
115 126
115 118
115 119
116 121
116 127
116 125
116 122
116 126
117 125
117 122
117 123
117 126
117 118
117 119
117 124
118 125
118 126
118 119
119 120
119 125
119 122
119 126
120 122
120 123
120 124
120 127
121 123
121 126
121 124
121 127
122 127
122 123
123 124
125 127
126 127
