0 1
0 2
0 3
0 4
0 5
0 6
0 7
0 9
0 10
0 11
0 12
0 13
0 14
0 15
0 16
0 17
0 18
0 19
0 20
0 21
0 22
0 23
0 24
0 25
0 26
0 27
0 28
0 29
0 30
0 31
0 32
0 33
0 34
0 35
0 36
0 37
0 38
0 39
0 40
0 41
0 42
0 43
0 44
0 45
0 46
0 48
0 49
0 50
0 51
0 52
0 53
0 54
0 55
0 56
0 57
0 58
0 59
0 60
1 2
1 61
1 3
1 62
1 63
1 5
1 6
1 7
1 64
1 9
1 10
1 65
1 66
1 68
1 69
1 70
1 17
1 71
1 19
1 72
1 21
1 26
1 28
1 73
1 74
1 29
1 75
1 32
1 76
1 34
1 77
1 78
1 79
1 37
1 38
1 80
1 81
1 39
1 40
1 42
1 82
1 43
1 83
1 84
1 85
1 86
1 87
1 49
1 54
1 88
1 89
1 90
1 91
2 61
2 92
2 93
2 63
2 94
2 7
2 9
2 11
2 12
2 65
2 67
2 68
2 13
2 14
2 15
2 95
2 69
2 70
2 18
2 96
2 72
2 97
2 27
2 28
2 74
2 29
2 98
2 99
2 100
2 31
2 32
2 33
2 76
2 101
2 102
2 80
2 103
2 81
2 104
2 39
2 41
2 42
2 44
2 45
2 84
2 46
2 106
2 86
2 48
2 107
2 49
2 53
2 108
2 55
2 88
2 109
2 58
2 89
2 59
2 90
2 60
2 91
3 61
3 62
3 6
3 94
3 7
3 10
3 11
3 12
3 66
3 67
3 13
3 15
3 110
3 95
3 69
3 71
3 20
3 23
3 27
3 28
3 98
3 99
3 31
3 75
3 32
3 101
3 111
3 112
3 79
3 113
3 37
3 114
3 115
3 40
3 41
3 42
3 43
3 44
3 116
3 84
3 85
3 48
3 54
3 108
3 117
3 55
3 88
3 109
3 56
3 57
3 58
3 91
4 61
4 92
4 63
4 5
4 6
4 7
4 64
4 9
4 118
4 10
4 11
4 12
4 67
4 68
4 110
4 69
4 16
4 70
4 19
4 21
4 23
4 25
4 27
4 29
4 99
4 119
4 33
4 34
4 111
4 112
4 120
4 78
4 79
4 113
4 80
4 81
4 104
4 39
4 114
4 115
4 40
4 41
4 82
4 83
4 116
4 46
4 47
4 106
4 87
4 52
4 54
4 108
4 117
4 55
4 88
4 109
4 56
4 59
5 62
5 63
5 6
5 121
5 94
5 7
5 9
5 118
5 10
5 11
5 12
5 65
5 122
5 67
5 68
5 15
5 110
5 95
5 69
5 17
5 19
5 20
5 72
5 97
5 24
5 25
5 28
5 74
5 98
5 99
5 100
5 30
5 31
5 75
5 33
5 101
5 35
5 77
5 36
5 79
5 113
5 38
5 80
5 103
5 81
5 114
5 42
5 82
5 83
5 44
5 45
5 47
5 106
5 52
5 123
5 55
5 88
5 58
5 89
5 59
5 60
5 76
5 108
5 48
5 93
5 50
5 22
5 73
5 8
5 105
6 92
6 93
6 63
6 9
6 118
6 10
6 11
6 65
6 67
6 14
6 95
6 69
6 18
6 96
6 19
6 97
6 22
6 24
6 26
6 27
6 28
6 74
6 98
6 99
6 119
6 31
6 124
6 32
6 76
6 101
6 111
6 112
6 36
6 37
6 103
6 81
6 115
6 41
6 42
6 43
6 83
6 105
6 45
6 116
6 47
6 106
6 87
6 48
6 123
6 54
6 108
6 55
6 88
6 56
6 89
6 60
6 91
6 33
6 20
6 77
6 50
6 73
6 8
6 25
7 92
7 93
7 62
7 63
7 121
7 9
7 118
7 10
7 11
7 65
7 122
7 67
7 13
7 110
7 95
7 16
7 70
7 18
7 19
7 72
7 23
7 98
7 100
7 75
7 32
7 35
7 102
7 77
7 125
7 112
7 36
7 120
7 78
7 126
7 38
7 39
7 114
7 82
7 43
7 44
7 116
7 84
7 47
7 86
7 107
7 49
7 51
7 53
7 123
7 55
7 88
7 109
7 57
7 90
7 60
7 91
8 61
8 94
8 64
8 118
8 122
8 67
8 68
8 13
8 16
8 70
8 17
8 72
8 97
8 22
8 23
8 24
8 27
8 28
8 29
8 99
8 30
8 75
8 33
8 76
8 34
8 35
8 77
8 36
8 38
8 81
8 104
8 41
8 42
8 43
8 44
8 45
8 116
8 46
8 85
8 106
8 50
8 52
8 53
8 108
8 56
8 57
8 59
8 90
8 20
8 69
8 88
8 48
8 93
8 47
8 73
8 105
8 25
9 61
9 92
9 63
9 94
9 10
9 11
9 12
9 65
9 122
9 67
9 17
9 71
9 18
9 19
9 72
9 97
9 21
9 22
9 23
9 24
9 25
9 27
9 28
9 73
9 74
9 29
9 30
9 31
9 33
9 76
9 101
9 34
9 77
9 111
9 120
9 79
9 113
9 80
9 81
9 39
9 115
9 42
9 43
9 83
9 116
9 84
9 46
9 47
9 106
9 107
9 49
9 51
9 52
9 54
9 117
9 88
9 57
9 89
9 59
10 61
10 92
10 62
10 11
10 12
10 67
10 15
10 110
10 69
10 16
10 70
10 71
10 18
10 19
10 72
10 21
10 22
10 23
10 24
10 26
10 27
10 73
10 98
10 30
10 31
10 75
10 32
10 33
10 34
10 35
10 120
10 78
10 126
10 40
10 41
10 42
10 43
10 83
10 105
10 45
10 46
10 85
10 47
10 106
10 48
10 107
10 49
10 54
10 108
10 117
10 56
10 57
10 58
10 89
10 59
10 90
10 91
11 121
11 118
11 68
11 13
11 15
11 110
11 16
11 70
11 17
11 71
11 19
11 20
11 21
11 22
11 23
11 24
11 27
11 28
11 98
11 99
11 100
11 119
11 30
11 31
11 75
11 124
11 32
11 33
11 101
11 34
11 35
11 102
11 77
11 125
11 112
11 79
11 126
11 38
11 80
11 103
11 39
11 114
11 115
11 40
11 41
11 42
11 43
11 45
11 107
11 49
11 50
11 51
11 52
11 54
11 55
11 109
11 56
11 89
11 127
11 91
12 61
12 92
12 63
12 121
12 64
12 122
12 66
12 13
12 15
12 95
12 69
12 16
12 71
12 96
12 19
12 20
12 21
12 28
12 74
12 29
12 100
12 31
12 124
12 32
12 33
12 76
12 101
12 34
12 125
12 36
12 78
12 79
12 113
12 126
12 38
12 81
12 104
12 114
12 41
12 42
12 82
12 43
12 83
12 105
12 44
12 46
12 47
12 87
12 107
12 49
12 50
12 51
12 117
12 55
12 88
12 109
12 56
12 57
12 89
12 59
12 90
12 127
12 91
13 61
13 92
13 93
13 62
13 94
13 122
13 67
13 15
13 95
13 69
13 16
13 70
13 18
13 96
13 19
13 20
13 72
13 21
13 24
13 28
13 30
13 32
13 76
13 35
13 102
13 77
13 111
13 125
13 112
13 120
13 113
13 126
13 37
13 103
13 104
13 39
13 114
13 41
13 43
13 44
13 116
13 85
13 47
13 106
13 86
13 48
13 107
13 50
13 51
13 52
13 53
13 54
13 88
13 56
13 57
13 59
14 92
14 93
14 63
14 68
14 110
14 69
14 71
14 18
14 96
14 72
14 21
14 22
14 23
14 26
14 27
14 28
14 74
14 29
14 99
14 100
14 33
14 101
14 34
14 35
14 102
14 77
14 111
14 36
14 78
14 113
14 38
14 80
14 81
14 115
14 41
14 43
14 116
14 46
14 85
14 47
14 86
14 107
14 49
14 51
14 53
14 55
14 56
14 57
14 89
14 90
14 60
14 127
14 91
15 118
15 67
15 69
15 16
15 20
15 97
15 21
15 22
15 23
15 24
15 25
15 27
15 74
15 29
15 99
15 100
15 119
15 31
15 124
15 101
15 34
15 102
15 36
15 120
15 113
15 126
15 37
15 115
15 41
15 42
15 82
15 43
15 83
15 105
15 116
15 84
15 85
15 106
15 86
15 87
15 48
15 107
15 49
15 123
15 54
15 108
15 57
15 89
15 59
15 127
16 61
16 92
16 93
16 63
16 121
16 118
16 65
16 67
16 68
16 110
16 95
16 17
16 18
16 97
16 21
16 22
16 23
16 24
16 26
16 27
16 73
16 29
16 100
16 119
16 30
16 31
16 124
16 33
16 34
16 35
16 111
16 36
16 78
16 113
16 38
16 80
16 39
16 114
16 43
16 83
16 44
16 85
16 47
16 87
16 48
16 107
16 51
16 53
16 123
16 54
16 56
16 58
16 89
16 59
16 91
17 93
17 64
17 118
17 65
17 122
17 67
17 110
17 95
17 69
17 18
17 96
17 19
17 20
17 72
17 21
17 22
17 23
17 25
17 26
17 27
17 28
17 74
17 29
17 119
17 30
17 75
17 76
17 101
17 77
17 111
17 125
17 112
17 79
17 126
17 38
17 80
17 103
17 114
17 115
17 105
17 45
17 47
17 106
17 87
17 48
17 107
17 51
17 53
17 57
17 89
17 90
17 60
18 61
18 92
18 62
18 121
18 65
18 66
18 68
18 110
18 70
18 71
18 19
18 20
18 72
18 97
18 22
18 25
18 74
18 119
18 75
18 32
18 33
18 76
18 101
18 34
18 111
18 120
18 78
18 113
18 38
18 80
18 103
18 81
18 104
18 39
18 40
18 41
18 82
18 43
18 44
18 45
18 116
18 46
18 85
18 47
18 106
18 87
18 49
18 51
18 53
18 54
18 55
18 88
18 56
18 89
18 90
18 60
18 127
18 91
19 92
19 63
19 94
19 118
19 65
19 66
19 110
19 70
19 20
19 97
19 21
19 22
19 23
19 26
19 73
19 29
19 99
19 119
19 34
19 102
19 112
19 36
19 120
19 79
19 113
19 126
19 37
19 103
19 81
19 39
19 42
19 46
19 85
19 106
19 86
19 48
19 107
19 50
19 52
19 54
19 117
19 55
19 109
19 56
19 60
20 92
20 93
20 63
20 64
20 118
20 122
20 110
20 95
20 69
20 96
20 97
20 22
20 24
20 25
20 27
20 73
20 74
20 98
20 119
20 30
20 32
20 33
20 76
20 101
20 34
20 77
20 111
20 125
20 36
20 79
20 126
20 37
20 81
20 104
20 115
20 43
20 83
20 44
20 87
20 48
20 49
20 51
20 52
20 123
20 54
20 108
20 55
20 88
20 58
20 59
20 90
20 127
20 91
20 50
20 47
20 67
20 105
21 61
21 93
21 62
21 121
21 94
21 65
21 122
21 67
21 68
21 110
21 69
21 70
21 71
21 96
21 72
21 23
21 24
21 26
21 27
21 28
21 119
21 32
21 101
21 34
21 77
21 125
21 36
21 38
21 80
21 103
21 115
21 40
21 41
21 44
21 45
21 86
21 48
21 51
21 123
21 55
21 88
21 109
21 57
21 59
21 90
21 127
22 61
22 92
22 93
22 62
22 121
22 94
22 110
22 95
22 70
22 96
22 24
22 25
22 99
22 75
22 124
22 32
22 76
22 101
22 34
22 35
22 102
22 77
22 112
22 36
22 120
22 113
22 114
22 40
22 41
22 42
22 82
22 116
22 85
22 87
22 49
22 50
22 108
22 117
22 55
22 88
22 109
22 56
22 59
22 127
22 33
22 69
22 48
22 47
22 67
22 73
22 105
23 61
23 92
23 93
23 94
23 118
23 68
23 110
23 95
23 69
23 71
23 72
23 97
23 24
23 25
23 26
23 27
23 28
23 73
23 29
23 98
23 99
23 119
23 31
23 32
23 33
23 102
23 77
23 111
23 125
23 112
23 36
23 79
23 126
23 37
23 103
23 81
23 104
23 39
23 114
23 82
23 43
23 44
23 45
23 106
23 48
23 50
23 51
23 54
23 108
23 117
23 55
23 88
23 57
23 58
23 59
23 90
24 92
24 93
24 62
24 66
24 67
24 68
24 110
24 95
24 69
24 70
24 71
24 98
24 100
24 119
24 31
24 75
24 124
24 32
24 33
24 76
24 34
24 35
24 102
24 77
24 111
24 113
24 37
24 38
24 103
24 39
24 114
24 40
24 43
24 83
24 105
24 45
24 84
24 46
24 47
24 106
24 86
24 48
24 107
24 50
24 51
24 52
24 54
24 108
24 117
24 88
24 58
24 59
24 90
24 127
24 73
24 25
25 92
25 93
25 121
25 65
25 66
25 68
25 110
25 69
25 96
25 29
25 98
25 99
25 100
25 30
25 31
25 75
25 124
25 34
25 35
25 102
25 125
25 112
25 120
25 79
25 113
25 37
25 38
25 81
25 114
25 105
25 44
25 85
25 106
25 87
25 48
25 107
25 49
25 51
25 52
25 53
25 123
25 108
25 55
25 88
25 56
25 58
25 59
25 90
25 60
25 33
25 76
25 77
25 50
25 47
25 67
25 73
26 92
26 62
26 63
26 94
26 118
26 65
26 66
26 67
26 68
26 110
26 95
26 70
26 71
26 96
26 97
26 27
26 28
26 29
26 98
26 99
26 119
26 30
26 75
26 32
26 76
26 101
26 102
26 77
26 111
26 125
26 112
26 78
26 103
26 104
26 39
26 40
26 41
26 42
26 82
26 43
26 83
26 105
26 45
26 116
26 46
26 85
26 47
26 86
26 48
26 107
26 51
26 52
26 53
26 88
26 109
26 58
26 90
26 60
26 127
27 61
27 92
27 62
27 63
27 65
27 66
27 67
27 68
27 69
27 71
27 96
27 73
27 74
27 98
27 99
27 100
27 119
27 31
27 32
27 33
27 76
27 101
27 34
27 35
27 102
27 77
27 125
27 36
27 120
27 78
27 113
27 37
27 104
27 39
27 41
27 43
27 83
27 116
27 85
27 107
27 51
27 52
27 54
27 117
27 109
27 58
27 89
27 59
27 90
28 61
28 93
28 62
28 63
28 121
28 64
28 118
28 122
28 67
28 110
28 69
28 71
28 74
28 29
28 98
28 100
28 33
28 76
28 101
28 111
28 125
28 112
28 36
28 120
28 79
28 126
28 37
28 80
28 41
28 43
28 44
28 45
28 85
28 86
28 48
28 107
28 49
28 50
28 52
28 108
28 117
28 55
28 56
28 57
28 89
28 60
29 63
29 121
29 94
29 64
29 118
29 65
29 68
29 110
29 69
29 71
29 96
29 72
29 74
29 119
29 30
29 124
29 77
29 111
29 125
29 120
29 78
29 79
29 113
29 126
29 37
29 38
29 80
29 103
29 81
29 39
29 40
29 82
29 43
29 83
29 105
29 116
29 46
29 85
29 47
29 107
29 49
29 52
29 55
29 109
29 58
29 59
29 127
29 91
30 62
30 63
30 94
30 64
30 118
30 66
30 67
30 110
30 95
30 71
30 72
30 74
30 98
30 100
30 31
30 33
30 35
30 102
30 125
30 78
30 113
30 126
30 37
30 103
30 81
30 39
30 114
30 115
30 41
30 42
30 82
30 44
30 116
30 46
30 85
30 47
30 106
30 86
30 87
30 49
30 117
30 55
30 56
30 127
30 91
31 61
31 92
31 94
31 64
31 66
31 68
31 110
31 95
31 71
31 72
31 97
31 98
31 99
31 119
31 124
31 101
31 34
31 35
31 102
31 125
31 36
31 78
31 113
31 38
31 80
31 103
31 41
31 42
31 43
31 105
31 116
31 46
31 85
31 106
31 86
31 87
31 107
31 52
31 54
31 108
31 55
31 88
31 109
31 56
31 90
31 60
31 91
32 61
32 62
32 63
32 121
32 64
32 118
32 122
32 66
32 69
32 70
32 71
32 97
32 98
32 99
32 100
32 119
32 75
32 33
32 101
32 102
32 77
32 111
32 36
32 79
32 37
32 80
32 103
32 39
32 40
32 41
32 43
32 83
32 105
32 44
32 45
32 116
32 106
32 87
32 49
32 50
32 52
32 108
32 117
32 55
32 59
32 91
33 93
33 94
33 64
33 118
33 69
33 70
33 71
33 96
33 72
33 97
33 73
33 74
33 98
33 99
33 100
33 76
33 101
33 34
33 35
33 102
33 77
33 112
33 79
33 38
33 103
33 81
33 40
33 42
33 82
33 83
33 105
33 44
33 84
33 46
33 85
33 47
33 106
33 86
33 48
33 51
33 52
33 53
33 123
33 108
33 55
33 88
33 109
33 57
33 58
33 89
33 59
33 90
33 60
33 127
33 91
33 50
33 67
34 61
34 92
34 63
34 94
34 64
34 118
34 122
34 68
34 110
34 69
34 70
34 72
34 98
34 99
34 119
34 124
34 35
34 111
34 112
34 78
34 113
34 126
34 104
34 39
34 114
34 115
34 40
34 42
34 82
34 43
34 44
34 116
34 84
34 46
34 106
34 86
34 87
34 107
34 52
34 88
34 109
34 56
34 57
34 89
34 91
35 61
35 92
35 94
35 66
35 67
35 68
35 95
35 70
35 71
35 96
35 74
35 98
35 100
35 101
35 120
35 78
35 79
35 38
35 80
35 103
35 81
35 115
35 40
35 42
35 43
35 83
35 44
35 84
35 86
35 107
35 50
35 51
35 54
35 55
35 109
35 57
35 59
35 90
35 60
35 91
36 63
36 121
36 94
36 64
36 65
36 122
36 66
36 67
36 68
36 69
36 70
36 71
36 96
36 97
36 74
36 100
36 75
36 102
36 77
36 111
36 112
36 113
36 38
36 103
36 81
36 104
36 114
36 115
36 40
36 42
36 43
36 83
36 44
36 116
36 46
36 85
36 86
36 48
36 50
36 51
36 52
36 123
36 108
36 89
36 90
36 60
37 92
37 93
37 64
37 118
37 65
37 66
37 67
37 68
37 110
37 95
37 71
37 96
37 97
37 73
37 74
37 99
37 100
37 119
37 75
37 76
37 77
37 111
37 125
37 112
37 78
37 126
37 81
37 104
37 39
37 114
37 41
37 82
37 43
37 44
37 45
37 46
37 106
37 87
37 48
37 50
37 52
37 53
37 123
37 54
37 108
37 88
37 109
37 56
37 57
37 58
37 59
37 90
37 60
37 127
37 91
38 61
38 92
38 62
38 118
38 122
38 71
38 96
38 97
38 74
38 99
38 100
38 75
38 76
38 77
38 111
38 125
38 112
38 120
38 79
38 126
38 80
38 81
38 39
38 114
38 40
38 42
38 82
38 43
38 83
38 105
38 44
38 84
38 85
38 106
38 48
38 107
38 51
38 123
38 54
38 55
38 109
38 58
38 89
38 59
38 90
38 127
39 92
39 62
39 94
39 67
39 68
39 69
39 70
39 71
39 72
39 73
39 119
39 77
39 111
39 112
39 120
39 78
39 79
39 80
39 115
39 41
39 82
39 83
39 105
39 116
39 46
39 47
39 106
39 87
39 107
39 50
39 51
39 53
39 108
39 55
39 57
39 89
39 59
39 60
39 127
39 91
40 61
40 92
40 121
40 64
40 65
40 95
40 69
40 71
40 96
40 97
40 98
40 119
40 75
40 76
40 112
40 78
40 126
40 80
40 103
40 81
40 115
40 43
40 83
40 44
40 45
40 46
40 85
40 47
40 86
40 48
40 107
40 53
40 123
40 108
40 55
40 89
41 61
41 92
41 93
41 62
41 63
41 121
41 94
41 64
41 118
41 65
41 95
41 70
41 71
41 96
41 97
41 74
41 100
41 75
41 76
41 102
41 77
41 111
41 120
41 78
41 79
41 126
41 80
41 103
41 81
41 104
41 105
41 45
41 87
41 51
41 123
41 54
41 108
41 88
41 109
41 56
41 57
41 59
42 92
42 93
42 63
42 94
42 64
42 118
42 65
42 122
42 66
42 95
42 69
42 70
42 71
42 96
42 72
42 97
42 74
42 99
42 119
42 75
42 124
42 76
42 102
42 77
42 111
42 120
42 78
42 79
42 113
42 80
42 103
42 44
42 46
42 85
42 47
42 86
42 87
42 107
42 49
42 50
42 51
42 52
42 53
42 123
42 54
42 55
42 88
42 56
42 57
42 58
42 60
42 127
43 63
43 94
43 118
43 122
43 66
43 67
43 68
43 110
43 95
43 96
43 72
43 97
43 74
43 98
43 99
43 119
43 101
43 102
43 77
43 120
43 78
43 113
43 80
43 103
43 115
43 82
43 83
43 105
43 45
43 84
43 46
43 85
43 86
43 48
43 52
43 53
43 108
43 56
43 89
43 60
43 127
44 64
44 65
44 68
44 69
44 96
44 97
44 99
44 100
44 75
44 76
44 101
44 77
44 125
44 120
44 79
44 113
44 103
44 114
44 115
44 82
44 105
44 45
44 116
44 85
44 106
44 86
44 87
44 107
44 49
44 51
44 123
44 108
44 55
44 88
44 109
44 56
44 57
44 58
44 59
44 91
45 92
45 94
45 118
45 65
45 67
45 68
45 69
45 71
45 96
45 72
45 97
45 73
45 100
45 75
45 124
45 76
45 101
45 102
45 77
45 111
45 125
45 120
45 79
45 80
45 103
45 81
45 104
45 115
45 105
45 116
45 85
45 106
45 86
45 87
45 49
45 53
45 123
45 108
45 117
45 88
45 109
45 56
45 57
45 89
45 90
45 60
45 91
46 92
46 93
46 63
46 94
46 64
46 122
46 67
46 110
46 70
46 72
46 97
46 73
46 98
46 119
46 75
46 124
46 102
46 77
46 125
46 112
46 120
46 78
46 103
46 81
46 104
46 114
46 83
46 85
46 107
46 50
46 51
46 52
46 53
46 108
46 117
46 88
46 109
46 89
46 90
46 60
46 127
47 92
47 93
47 62
47 121
47 94
47 122
47 66
47 110
47 71
47 96
47 97
47 73
47 74
47 75
47 124
47 76
47 101
47 77
47 111
47 112
47 120
47 79
47 80
47 104
47 114
47 115
47 83
47 84
47 85
47 106
47 87
47 107
47 51
47 123
47 108
47 55
47 88
47 109
47 58
47 59
47 60
47 91
47 69
47 48
47 50
47 67
47 105
48 61
48 92
48 93
48 64
48 65
48 122
48 95
48 69
48 96
48 72
48 97
48 100
48 124
48 76
48 77
48 111
48 125
48 113
48 80
48 81
48 114
48 105
48 106
48 107
48 51
48 52
48 53
48 54
48 108
48 117
48 55
48 88
48 57
48 58
48 59
48 60
48 50
48 67
48 73
49 63
49 121
49 65
49 122
49 67
49 68
49 95
49 71
49 72
49 97
49 74
49 100
49 75
49 76
49 101
49 125
49 112
49 113
49 104
49 114
49 115
49 82
49 105
49 116
49 86
49 51
49 52
49 123
49 108
49 55
49 57
49 58
49 59
49 90
49 60
50 64
50 118
50 65
50 122
50 66
50 69
50 74
50 98
50 100
50 75
50 124
50 76
50 101
50 102
50 77
50 111
50 112
50 120
50 79
50 113
50 80
50 104
50 82
50 87
50 123
50 54
50 117
50 55
50 109
50 56
50 58
50 59
50 88
50 108
50 93
50 67
50 73
50 105
51 92
51 93
51 62
51 121
51 64
51 118
51 122
51 66
51 67
51 68
51 95
51 69
51 71
51 96
51 72
51 97
51 75
51 76
51 101
51 102
51 112
51 120
51 78
51 80
51 103
51 104
51 114
51 82
51 83
51 116
51 84
51 106
51 87
51 107
51 53
51 117
51 109
51 57
51 58
51 89
51 90
51 127
52 61
52 92
52 62
52 63
52 118
52 122
52 110
52 95
52 70
52 71
52 96
52 97
52 73
52 98
52 99
52 100
52 124
52 101
52 102
52 77
52 111
52 112
52 78
52 79
52 113
52 126
52 103
52 115
52 105
52 85
52 106
52 87
52 107
52 53
52 108
52 55
52 57
52 90
52 60
52 127
53 63
53 67
53 68
53 95
53 69
53 71
53 97
53 74
53 98
53 119
53 75
53 124
53 76
53 111
53 112
53 120
53 78
53 113
53 126
53 80
53 103
53 81
53 115
53 83
53 84
53 85
53 106
53 107
53 54
53 117
53 55
53 109
53 59
53 90
53 60
53 127
54 61
54 92
54 62
54 121
54 64
54 118
54 66
54 68
54 69
54 72
54 97
54 74
54 100
54 119
54 102
54 113
54 103
54 104
54 114
54 115
54 105
54 116
54 85
54 106
54 86
54 88
54 89
54 127
54 91
55 93
55 121
55 94
55 65
55 66
55 68
55 110
55 95
55 71
55 72
55 73
55 74
55 98
55 100
55 119
55 124
55 76
55 77
55 111
55 125
55 78
55 79
55 103
55 104
55 115
55 83
55 105
55 116
55 85
55 107
55 117
55 89
55 127
55 91
56 92
56 121
56 94
56 118
56 110
56 69
56 71
56 98
56 75
56 101
56 102
56 77
56 112
56 120
56 113
56 126
56 114
56 115
56 116
56 85
56 107
56 123
56 117
56 88
56 109
56 57
56 89
56 59
56 90
56 127
57 61
57 92
57 93
57 62
57 118
57 65
57 66
57 67
57 68
57 69
57 71
57 96
57 72
57 98
57 119
57 75
57 101
57 77
57 112
57 78
57 79
57 126
57 80
57 103
57 81
57 104
57 83
57 105
57 116
57 84
57 87
57 123
57 117
57 109
57 89
57 59
58 61
58 92
58 63
58 94
58 65
58 122
58 66
58 67
58 110
58 73
58 74
58 75
58 124
58 76
58 101
58 102
58 78
58 113
58 126
58 115
58 84
58 85
58 87
58 108
58 117
58 89
58 59
58 60
58 127
58 91
59 61
59 92
59 63
59 121
59 94
59 65
59 67
59 69
59 70
59 71
59 96
59 97
59 98
59 99
59 119
59 77
59 111
59 112
59 120
59 113
59 80
59 103
59 81
59 104
59 115
59 116
59 106
59 107
59 109
59 89
59 127
60 61
60 63
60 94
60 64
60 118
60 65
60 122
60 110
60 95
60 69
60 70
60 72
60 73
60 99
60 75
60 125
60 120
60 113
60 126
60 103
60 81
60 104
60 114
60 82
60 83
60 85
60 87
60 107
60 117
60 88
60 127
61 93
61 62
61 121
61 94
61 64
61 95
61 71
61 96
61 97
61 73
61 119
61 101
61 111
61 120
61 113
61 126
61 80
61 81
61 116
61 84
61 85
61 107
61 108
61 117
61 89
62 92
62 121
62 64
62 65
62 122
62 67
62 95
62 69
62 70
62 71
62 96
62 72
62 74
62 119
62 75
62 101
62 112
62 78
62 80
62 81
62 114
62 115
62 105
62 116
62 85
62 106
62 123
62 117
62 89
62 127
62 91
63 92
63 121
63 94
63 66
63 69
63 70
63 71
63 96
63 72
63 97
63 73
63 74
63 98
63 119
63 102
63 78
63 113
63 80
63 114
63 83
63 85
63 108
63 117
63 88
63 89
63 90
64 93
64 121
64 122
64 68
64 110
64 95
64 69
64 71
64 72
64 73
64 76
64 102
64 111
64 112
64 113
64 80
64 81
64 114
64 84
64 85
64 106
64 86
64 87
64 107
64 123
64 117
64 90
64 127
64 91
65 92
65 93
65 66
65 110
65 71
65 96
65 72
65 73
65 74
65 98
65 99
65 75
65 124
65 77
65 111
65 125
65 78
65 79
65 113
65 80
65 81
65 115
65 82
65 87
65 123
65 108
65 109
65 89
65 90
66 92
66 94
66 118
66 110
66 95
66 69
66 70
66 96
66 74
66 98
66 100
66 119
66 124
66 76
66 77
66 78
66 79
66 80
66 114
66 82
66 105
66 84
66 85
66 87
66 108
66 117
66 88
66 109
66 89
66 90
66 127
66 91
67 93
67 94
67 122
67 68
67 110
67 70
67 74
67 99
67 75
67 76
67 101
67 102
67 111
67 78
67 79
67 113
67 126
67 114
67 82
67 105
67 116
67 84
67 107
67 123
67 108
67 117
67 88
67 109
67 90
67 91
67 69
67 77
67 73
68 92
68 94
68 118
68 122
68 69
68 71
68 96
68 97
68 98
68 75
68 124
68 101
68 102
68 77
68 125
68 112
68 120
68 78
68 79
68 80
68 81
68 115
68 82
68 105
68 84
68 85
68 106
68 108
68 109
69 92
69 93
69 121
69 94
69 122
69 71
69 72
69 97
69 73
69 98
69 119
69 76
69 101
69 77
69 112
69 113
69 126
69 103
69 83
69 105
69 84
69 85
69 107
69 123
69 108
69 88
70 92
70 94
70 122
70 96
70 97
70 73
70 74
70 98
70 100
70 75
70 124
70 111
70 125
70 120
70 113
70 126
70 103
70 81
70 114
70 82
70 87
70 108
70 117
70 91
71 93
71 118
71 110
71 95
71 72
71 74
71 98
71 101
71 77
71 111
71 125
71 112
71 120
71 126
71 80
71 83
71 106
71 87
71 107
71 108
71 88
71 90
71 91
72 121
72 118
72 95
72 73
72 98
72 100
72 119
72 75
72 102
72 77
72 111
72 112
72 113
72 103
72 81
72 82
72 83
72 105
72 116
72 85
72 86
72 88
72 89
72 127
73 92
73 121
73 110
73 95
73 97
73 75
73 76
73 77
73 111
73 112
73 78
73 79
73 126
73 80
73 103
73 81
73 114
73 105
73 86
73 87
73 123
73 88
73 108
73 93
74 95
74 96
74 97
74 99
74 100
74 124
74 76
74 101
74 112
74 120
74 78
74 113
74 126
74 80
74 103
74 104
74 114
74 82
74 84
74 87
74 107
74 123
74 108
74 88
74 90
74 91
75 121
75 118
75 110
75 100
75 119
75 102
75 112
75 120
75 126
75 103
75 81
75 82
75 83
75 85
75 106
75 109
75 90
75 127
75 91
76 93
76 121
76 118
76 95
76 98
76 99
76 119
76 101
76 77
76 125
76 120
76 78
76 113
76 126
76 80
76 103
76 114
76 115
76 82
76 83
76 105
76 116
76 84
76 87
76 107
76 123
76 108
76 117
76 88
76 90
76 91
77 92
77 93
77 118
77 95
77 97
77 100
77 101
77 102
77 125
77 78
77 79
77 126
77 81
77 115
77 83
77 84
77 106
77 86
77 107
77 108
77 117
77 88
77 109
77 89
77 90
77 91
77 105
78 92
78 93
78 122
78 110
78 96
78 98
78 99
78 101
78 79
78 81
78 115
78 116
78 106
78 107
78 123
78 108
78 88
78 89
78 90
79 92
79 121
79 94
79 118
79 97
79 98
79 100
79 119
79 101
79 112
79 120
79 81
79 115
79 82
79 105
79 84
79 86
79 87
79 107
79 123
79 108
80 94
80 118
80 122
80 95
80 98
80 100
80 119
80 111
80 113
80 104
80 83
80 105
80 116
80 85
80 86
80 107
80 123
80 108
80 89
80 90
81 92
81 118
81 122
81 110
81 95
81 99
81 119
81 124
81 101
81 125
81 112
81 113
81 126
81 104
81 83
81 105
81 116
81 84
81 106
81 87
81 109
82 92
82 121
82 94
82 118
82 122
82 96
82 97
82 124
82 102
82 111
82 125
82 112
82 104
82 83
82 116
82 85
82 87
82 107
82 123
82 117
82 88
82 109
82 90
82 127
82 91
83 92
83 121
83 118
83 97
83 98
83 99
83 119
83 124
83 102
83 125
83 112
83 104
83 114
83 116
83 84
83 123
83 108
83 117
83 88
83 90
83 127
83 91
84 92
84 121
84 94
84 118
84 122
84 110
84 96
84 97
84 100
84 101
84 102
84 111
84 112
84 113
84 105
84 116
84 85
84 117
84 88
84 89
84 91
85 92
85 93
85 121
85 94
85 118
85 122
85 96
85 100
85 119
85 124
85 113
85 126
85 103
85 104
85 114
85 115
85 87
85 107
85 108
85 117
85 109
85 90
85 127
86 92
86 121
86 118
86 95
86 96
86 97
86 99
86 111
86 125
86 120
86 103
86 115
86 106
86 123
86 117
86 88
86 89
86 127
87 92
87 93
87 95
87 119
87 120
87 113
87 126
87 104
87 114
87 115
87 106
87 107
87 117
87 88
87 109
87 89
87 90
88 92
88 93
88 122
88 96
88 97
88 98
88 99
88 100
88 119
88 125
88 113
88 126
88 103
88 104
88 114
88 123
88 108
88 117
88 90
88 105
89 92
89 93
89 121
89 118
89 110
89 96
89 98
89 100
89 124
89 125
89 126
89 103
89 106
89 123
89 127
90 92
90 94
90 122
90 95
90 97
90 98
90 100
90 102
90 104
90 115
90 105
90 116
90 123
90 108
90 117
90 109
91 92
91 93
91 121
91 94
91 118
91 122
91 110
91 97
91 98
91 100
91 101
91 102
91 111
91 120
91 126
91 103
91 104
91 114
91 116
91 107
91 108
91 109
92 93
92 94
92 118
92 95
92 96
92 98
92 100
92 101
92 102
92 111
92 125
92 115
92 116
92 106
92 123
93 118
93 95
93 96
93 101
93 102
93 111
93 112
93 113
93 126
93 116
93 107
93 108
93 117
93 109
93 105
94 121
94 118
94 122
94 110
94 102
94 125
94 120
94 113
94 126
94 114
94 115
94 105
94 116
94 106
94 107
94 108
94 109
95 122
95 96
95 119
95 101
95 102
95 125
95 126
95 103
95 116
95 106
95 107
95 123
95 117
95 127
96 121
96 110
96 98
96 99
96 100
96 124
96 111
96 125
96 112
96 120
96 126
96 114
96 115
96 123
97 121
97 122
97 98
97 99
97 119
97 111
97 125
97 113
97 126
97 103
97 104
97 116
97 107
97 123
97 108
97 117
97 127
98 121
98 118
98 122
98 100
98 124
98 125
98 113
98 103
98 104
98 114
98 116
98 107
98 109
99 121
99 110
99 119
99 124
99 102
99 111
99 125
99 112
99 120
99 126
99 114
99 105
99 116
99 106
99 108
99 127
100 118
100 110
100 101
100 102
100 111
100 112
100 120
100 114
100 115
100 116
100 106
100 107
100 108
101 122
101 119
101 124
101 102
101 111
101 113
101 126
101 104
101 114
101 116
101 106
101 107
101 108
101 127
102 121
102 118
102 110
102 111
102 112
102 120
102 126
102 103
102 115
102 105
102 123
102 127
103 118
103 124
103 125
103 112
103 120
103 113
103 126
103 104
103 114
103 105
103 107
103 108
104 119
104 124
104 125
104 112
104 120
104 113
104 114
104 115
104 116
104 123
104 108
104 117
104 109
105 121
105 118
105 111
105 114
105 116
105 109
105 108
106 122
106 119
106 125
106 112
106 120
106 113
106 115
106 116
106 108
106 109
106 127
107 118
107 110
107 124
107 111
107 125
107 120
107 115
107 116
107 108
107 117
107 109
107 127
108 121
108 110
108 119
108 125
108 113
108 126
108 123
108 117
109 121
109 110
109 119
109 124
109 111
109 125
109 120
109 126
109 114
109 115
109 123
109 117
110 121
110 119
110 111
110 120
110 113
110 116
110 117
110 118
110 125
110 115
110 122
110 112
110 127
111 118
111 125
111 112
111 120
111 126
111 115
111 123
111 117
111 127
112 121
112 119
112 113
112 126
112 116
112 117
112 118
112 115
112 122
112 114
113 121
113 119
113 118
113 124
113 125
113 114
113 115
113 116
114 121
114 126
114 116
114 117
114 118
114 123
114 122
114 124
114 127
115 121
115 119
115 120
115 126
115 116
115 117
115 125
115 122
115 123
116 122
116 124
116 123
117 121
117 119
117 120
117 122
117 124
117 123
117 127
118 122
118 127
119 125
119 120
119 126
120 122
120 124
120 125
121 125
121 126
121 127
122 126
122 123
123 126
123 125
124 127
125 127
126 127
