0 1
0 2
0 3
0 4
0 5
0 6
0 7
0 8
0 9
0 10
0 11
0 12
0 13
0 14
0 15
0 16
0 17
0 18
0 19
0 20
0 21
0 22
0 23
0 24
0 25
0 26
0 27
0 28
0 29
0 30
0 31
0 32
0 33
0 34
0 35
0 36
0 37
0 38
0 39
0 40
0 41
0 42
0 43
0 44
0 45
0 46
0 47
0 48
0 49
0 50
0 51
0 52
0 53
0 54
0 55
0 56
0 57
0 58
0 59
0 60
0 61
0 62
0 63
0 64
0 65
0 66
0 67
0 68
0 69
0 70
0 71
0 72
1 73
1 3
1 4
1 6
1 7
1 8
1 10
1 74
1 76
1 77
1 12
1 16
1 19
1 20
1 78
1 22
1 23
1 24
1 79
1 25
1 26
1 80
1 81
1 27
1 82
1 83
1 84
1 85
1 30
1 86
1 31
1 32
1 87
1 33
1 34
1 35
1 37
1 88
1 39
1 89
1 40
1 41
1 90
1 91
1 43
1 44
1 45
1 47
1 48
1 93
1 49
1 94
1 95
1 96
1 53
1 54
1 97
1 56
1 98
1 58
1 59
1 62
1 63
1 99
1 67
1 100
2 3
2 101
2 5
2 7
2 9
2 102
2 75
2 103
2 104
2 105
2 12
2 13
2 106
2 107
2 18
2 19
2 22
2 108
2 25
2 26
2 80
2 109
2 110
2 111
2 83
2 28
2 85
2 29
2 30
2 32
2 33
2 35
2 36
2 88
2 38
2 112
2 40
2 113
2 91
2 45
2 46
2 114
2 47
2 48
2 93
2 94
2 95
2 52
2 96
2 54
2 58
2 59
2 61
2 62
2 64
2 65
2 66
2 67
2 115
2 70
2 116
3 117
3 118
3 119
3 6
3 7
3 8
3 9
3 102
3 74
3 11
3 76
3 105
3 120
3 12
3 13
3 16
3 17
3 78
3 21
3 22
3 23
3 24
3 25
3 26
3 80
3 109
3 81
3 110
3 111
3 82
3 83
3 85
3 29
3 121
3 32
3 35
3 112
3 89
3 40
3 42
3 43
3 47
3 48
3 93
3 49
3 50
3 95
3 96
3 53
3 98
3 58
3 62
3 65
3 99
3 66
3 68
3 122
3 69
3 123
3 70
3 71
3 72
4 117
4 101
4 124
4 103
4 12
4 14
4 20
4 21
4 24
4 108
4 80
4 110
4 27
4 28
4 84
4 29
4 30
4 121
4 35
4 36
4 88
4 89
4 44
4 96
4 53
4 54
4 55
4 97
4 56
4 98
4 58
4 59
4 60
4 63
4 64
4 99
4 67
4 125
4 122
4 115
4 100
4 71
4 11
4 19
4 52
4 85
4 83
4 93
4 40
4 10
4 87
4 119
4 75
4 92
4 70
4 123
5 118
5 101
5 119
5 6
5 7
5 8
5 102
5 75
5 76
5 77
5 105
5 120
5 13
5 14
5 15
5 17
5 106
5 20
5 22
5 23
5 24
5 79
5 26
5 111
5 83
5 84
5 30
5 31
5 87
5 34
5 37
5 88
5 38
5 41
5 113
5 42
5 43
5 46
5 114
5 49
5 50
5 54
5 55
5 97
5 56
5 98
5 62
5 63
5 65
5 67
5 125
5 122
5 115
5 100
6 73
6 101
6 10
6 124
6 74
6 75
6 103
6 76
6 77
6 15
6 16
6 17
6 18
6 19
6 78
6 21
6 23
6 24
6 80
6 110
6 111
6 82
6 85
6 29
6 86
6 121
6 32
6 87
6 35
6 37
6 39
6 41
6 90
6 91
6 42
6 46
6 47
6 48
6 50
6 94
6 51
6 97
6 56
6 98
6 59
6 60
6 61
6 64
6 65
6 99
6 66
6 69
6 115
6 71
7 118
7 10
7 74
7 11
7 76
7 104
7 126
7 105
7 12
7 15
7 106
7 107
7 18
7 23
7 79
7 108
7 80
7 81
7 110
7 111
7 83
7 85
7 121
7 34
7 35
7 37
7 88
7 38
7 39
7 112
7 127
7 89
7 90
7 44
7 45
7 47
7 49
7 95
7 52
7 53
7 54
7 55
7 97
7 58
7 59
7 60
7 63
7 64
7 66
7 122
7 115
7 70
7 100
7 71
7 116
7 72
8 101
8 119
8 124
8 74
8 75
8 76
8 104
8 105
8 13
8 14
8 15
8 17
8 106
8 18
8 19
8 20
8 21
8 26
8 80
8 81
8 110
8 27
8 82
8 83
8 28
8 85
8 29
8 86
8 31
8 34
8 35
8 88
8 38
8 39
8 89
8 41
8 113
8 91
8 42
8 43
8 44
8 45
8 46
8 114
8 48
8 50
8 94
8 51
8 95
8 52
8 55
8 98
8 58
8 59
8 61
8 63
8 64
8 65
8 66
8 67
8 68
8 122
8 69
8 70
8 72
9 101
9 119
9 10
9 102
9 124
9 75
9 103
9 11
9 76
9 77
9 104
9 126
9 105
9 12
9 14
9 15
9 19
9 24
9 79
9 108
9 80
9 81
9 84
9 85
9 29
9 31
9 32
9 33
9 34
9 37
9 127
9 40
9 91
9 43
9 44
9 45
9 92
9 114
9 48
9 50
9 52
9 54
9 55
9 97
9 56
9 57
9 59
9 60
9 61
9 64
9 65
9 67
9 125
9 122
9 69
9 70
9 71
10 117
10 118
10 119
10 124
10 75
10 103
10 76
10 77
10 12
10 13
10 14
10 15
10 16
10 18
10 20
10 78
10 21
10 24
10 108
10 26
10 80
10 81
10 111
10 27
10 83
10 28
10 84
10 86
10 31
10 34
10 127
10 89
10 113
10 91
10 45
10 92
10 48
10 93
10 49
10 95
10 58
10 65
10 66
10 125
10 68
10 69
10 123
10 115
10 100
10 71
10 72
10 11
10 67
10 19
10 52
10 85
10 121
10 40
10 87
10 70
11 102
11 124
11 74
11 75
11 76
11 104
11 120
11 15
11 19
11 20
11 22
11 23
11 79
11 108
11 26
11 109
11 81
11 111
11 83
11 28
11 84
11 85
11 30
11 31
11 121
11 87
11 33
11 34
11 36
11 37
11 38
11 89
11 113
11 91
11 43
11 44
11 46
11 114
11 47
11 48
11 93
11 50
11 51
11 95
11 52
11 96
11 55
11 98
11 59
11 63
11 64
11 66
11 67
11 125
11 69
11 123
11 115
11 70
11 100
11 116
11 72
11 40
11 119
11 92
11 58
12 73
12 101
12 124
12 75
12 76
12 77
12 126
12 120
12 13
12 14
12 15
12 16
12 17
12 106
12 107
12 21
12 23
12 108
12 26
12 80
12 109
12 81
12 82
12 84
12 85
12 29
12 30
12 31
12 32
12 87
12 33
12 34
12 35
12 37
12 38
12 112
12 127
12 89
12 40
12 41
12 91
12 42
12 43
12 44
12 46
12 114
12 47
12 48
12 93
12 49
12 94
12 51
12 95
12 52
12 53
12 54
12 97
12 56
12 57
12 98
12 60
12 62
12 63
12 99
12 67
12 122
12 69
12 70
12 100
13 117
13 101
13 124
13 75
13 103
13 76
13 77
13 126
13 14
13 16
13 106
13 107
13 19
13 23
13 24
13 79
13 25
13 81
13 111
13 27
13 84
13 85
13 31
13 87
13 33
13 34
13 35
13 36
13 38
13 89
13 40
13 44
13 45
13 92
13 46
13 47
13 48
13 93
13 49
13 94
13 51
13 52
13 96
13 53
13 54
13 55
13 97
13 57
13 59
13 99
13 66
13 67
13 122
13 69
13 70
13 71
13 72
14 117
14 118
14 101
14 119
14 102
14 75
14 103
14 76
14 104
14 105
14 17
14 106
14 107
14 21
14 22
14 24
14 79
14 80
14 109
14 81
14 110
14 111
14 27
14 82
14 83
14 85
14 29
14 86
14 31
14 121
14 32
14 87
14 33
14 35
14 36
14 37
14 39
14 112
14 89
14 90
14 91
14 42
14 92
14 46
14 93
14 50
14 51
14 96
14 54
14 55
14 97
14 56
14 98
14 59
14 60
14 61
14 62
14 66
14 68
14 69
14 70
14 72
15 101
15 102
15 16
15 17
15 22
15 23
15 24
15 81
15 110
15 83
15 28
15 121
15 87
15 33
15 112
15 90
15 42
15 44
15 45
15 92
15 47
15 51
15 52
15 96
15 56
15 57
15 98
15 61
15 125
15 68
15 70
15 116
16 73
16 74
16 75
16 76
16 77
16 126
16 120
16 20
16 78
16 22
16 23
16 79
16 108
16 26
16 109
16 110
16 111
16 83
16 84
16 85
16 30
16 86
16 31
16 34
16 36
16 37
16 38
16 127
16 89
16 41
16 91
16 42
16 92
16 46
16 48
16 50
16 51
16 54
16 56
16 57
16 59
16 60
16 64
16 65
16 99
16 67
16 68
16 122
16 115
16 71
16 116
16 72
17 102
17 124
17 74
17 75
17 103
17 76
17 77
17 126
17 105
17 120
17 106
17 107
17 18
17 78
17 22
17 79
17 26
17 109
17 81
17 111
17 27
17 82
17 28
17 84
17 85
17 121
17 33
17 34
17 35
17 88
17 39
17 112
17 127
17 40
17 41
17 90
17 91
17 43
17 46
17 47
17 48
17 93
17 49
17 51
17 56
17 57
17 61
17 62
17 63
17 99
17 66
17 67
17 125
17 68
17 100
17 71
17 116
18 73
18 119
18 124
18 75
18 104
18 106
18 20
18 78
18 23
18 108
18 110
18 111
18 82
18 83
18 84
18 31
18 121
18 32
18 87
18 33
18 35
18 38
18 39
18 112
18 127
18 89
18 90
18 113
18 43
18 46
18 93
18 94
18 95
18 55
18 97
18 59
18 60
18 61
18 99
18 66
18 125
18 69
18 115
18 70
18 100
19 117
19 118
19 124
19 74
19 75
19 76
19 105
19 120
19 107
19 20
19 78
19 23
19 24
19 108
19 25
19 80
19 109
19 110
19 27
19 83
19 28
19 85
19 86
19 121
19 87
19 38
19 39
19 112
19 40
19 90
19 42
19 43
19 45
19 46
19 114
19 47
19 93
19 50
19 51
19 95
19 52
19 53
19 54
19 55
19 57
19 98
19 59
19 60
19 61
19 62
19 65
19 66
19 67
19 125
19 122
19 123
19 115
19 71
19 119
19 92
19 58
19 70
20 117
20 118
20 101
20 75
20 103
20 77
20 104
20 105
20 120
20 78
20 24
20 79
20 108
20 80
20 109
20 110
20 111
20 27
20 28
20 84
20 85
20 29
20 86
20 32
20 36
20 88
20 112
20 127
20 40
20 113
20 45
20 114
20 48
20 93
20 49
20 50
20 94
20 51
20 52
20 56
20 57
20 98
20 58
20 59
20 61
20 62
20 99
20 66
20 125
20 68
20 122
20 69
20 123
20 115
20 70
20 100
21 73
21 102
21 124
21 74
21 103
21 77
21 104
21 126
21 107
21 22
21 108
21 109
21 110
21 82
21 28
21 30
21 36
21 37
21 38
21 91
21 43
21 44
21 92
21 93
21 94
21 51
21 95
21 53
21 97
21 56
21 98
21 62
21 63
21 64
21 65
21 66
21 68
21 122
21 69
21 115
21 70
22 73
22 101
22 102
22 124
22 103
22 76
22 77
22 126
22 120
22 106
22 107
22 78
22 79
22 108
22 26
22 109
22 81
22 110
22 111
22 27
22 82
22 30
22 86
22 121
22 32
22 87
22 34
22 35
22 88
22 38
22 39
22 40
22 90
22 91
22 44
22 114
22 50
22 95
22 96
22 53
22 56
22 58
22 62
22 99
22 66
22 125
22 122
22 69
22 123
22 100
22 71
22 116
22 72
23 118
23 74
23 75
23 76
23 77
23 120
23 107
23 78
23 25
23 80
23 27
23 83
23 28
23 29
23 30
23 86
23 31
23 32
23 87
23 33
23 37
23 38
23 127
23 89
23 90
23 113
23 91
23 46
23 114
23 48
23 93
23 49
23 50
23 94
23 51
23 96
23 54
23 97
23 58
23 59
23 61
23 63
23 65
23 99
23 125
23 68
23 122
23 71
24 117
24 119
24 102
24 74
24 76
24 105
24 106
24 107
24 108
24 25
24 26
24 80
24 111
24 27
24 86
24 121
24 33
24 88
24 40
24 94
24 51
24 52
24 55
24 56
24 98
24 58
24 59
24 60
24 62
24 99
24 67
24 125
24 122
24 115
24 71
24 72
25 102
25 124
25 75
25 126
25 105
25 106
25 78
25 26
25 80
25 110
25 111
25 27
25 28
25 85
25 31
25 121
25 87
25 35
25 36
25 38
25 39
25 112
25 127
25 41
25 90
25 43
25 45
25 46
25 47
25 48
25 93
25 49
25 50
25 94
25 51
25 95
25 52
25 53
25 97
25 56
25 58
25 59
25 62
25 65
25 99
25 68
25 115
25 71
26 117
26 118
26 101
26 119
26 102
26 124
26 74
26 75
26 103
26 104
26 126
26 105
26 120
26 78
26 80
26 110
26 85
26 29
26 31
26 87
26 35
26 36
26 88
26 38
26 39
26 127
26 90
26 113
26 91
26 43
26 45
26 114
26 47
26 48
26 93
26 51
26 52
26 56
26 57
26 59
26 61
26 65
26 68
26 122
26 69
26 123
26 70
26 71
26 116
27 117
27 73
27 118
27 102
27 74
27 103
27 76
27 104
27 105
27 79
27 108
27 110
27 111
27 82
27 83
27 28
27 84
27 85
27 29
27 30
27 31
27 121
27 32
27 87
27 35
27 37
27 88
27 38
27 39
27 112
27 127
27 89
27 90
27 113
27 91
27 42
27 43
27 44
27 92
27 46
27 114
27 47
27 49
27 51
27 95
27 52
27 53
27 54
27 98
27 58
27 59
27 60
27 61
27 62
27 63
27 99
27 66
27 67
27 68
27 122
27 123
27 115
27 70
27 100
27 71
28 73
28 101
28 75
28 76
28 77
28 104
28 106
28 107
28 78
28 108
28 109
28 81
28 110
28 111
28 82
28 83
28 85
28 121
28 32
28 35
28 37
28 88
28 39
28 127
28 89
28 113
28 91
28 45
28 46
28 114
28 48
28 93
28 50
28 94
28 51
28 52
28 96
28 54
28 55
28 97
28 57
28 98
28 59
28 61
28 62
28 64
28 65
28 67
28 125
28 68
28 122
28 69
28 115
28 70
28 100
28 116
28 40
28 87
28 119
28 92
28 58
28 123
29 117
29 73
29 119
29 102
29 75
29 103
29 77
29 104
29 105
29 120
29 107
29 78
29 108
29 80
29 109
29 110
29 111
29 84
29 85
29 30
29 86
29 32
29 87
29 33
29 39
29 127
29 89
29 90
29 113
29 91
29 42
29 45
29 114
29 47
29 48
29 49
29 51
29 96
29 54
29 97
29 57
29 98
29 60
29 61
29 64
29 65
29 99
29 66
29 68
29 69
29 115
29 100
30 117
30 101
30 119
30 102
30 124
30 126
30 105
30 78
30 79
30 83
30 84
30 31
30 121
30 32
30 87
30 34
30 36
30 88
30 38
30 112
30 40
30 113
30 42
30 45
30 114
30 47
30 93
30 53
30 57
30 98
30 59
30 60
30 63
30 66
30 125
30 123
30 70
30 116
30 72
31 118
31 101
31 102
31 74
31 103
31 76
31 77
31 105
31 106
31 107
31 78
31 79
31 108
31 80
31 109
31 110
31 111
31 82
31 83
31 84
31 85
31 121
31 32
31 87
31 33
31 35
31 36
31 88
31 38
31 127
31 89
31 41
31 113
31 91
31 42
31 43
31 44
31 45
31 46
31 49
31 50
31 94
31 52
31 53
31 55
31 97
31 56
31 57
31 63
31 64
31 99
31 67
31 125
31 68
31 69
31 71
31 116
32 117
32 73
32 118
32 102
32 124
32 75
32 103
32 76
32 77
32 105
32 106
32 107
32 79
32 109
32 81
32 110
32 111
32 82
32 84
32 86
32 33
32 34
32 35
32 37
32 38
32 127
32 41
32 113
32 92
32 114
32 48
32 49
32 94
32 51
32 95
32 96
32 53
32 54
32 55
32 59
32 61
32 63
32 64
32 99
32 66
32 69
32 123
32 100
32 71
32 116
33 117
33 73
33 101
33 124
33 74
33 75
33 103
33 77
33 104
33 126
33 105
33 106
33 80
33 109
33 81
33 111
33 83
33 85
33 86
33 87
33 34
33 36
33 37
33 38
33 39
33 112
33 89
33 41
33 91
33 42
33 44
33 45
33 114
33 47
33 48
33 49
33 94
33 51
33 96
33 55
33 56
33 98
33 60
33 63
33 99
33 66
33 125
33 68
33 122
33 70
33 71
33 116
33 72
34 117
34 73
34 119
34 77
34 104
34 105
34 107
34 78
34 108
34 80
34 109
34 82
34 85
34 86
34 121
34 36
34 38
34 112
34 89
34 41
34 90
34 113
34 91
34 43
34 45
34 47
34 48
34 96
34 98
34 58
34 59
34 62
34 64
34 65
34 122
34 115
34 70
34 116
35 73
35 102
35 74
35 103
35 77
35 126
35 105
35 120
35 79
35 109
35 86
35 37
35 112
35 40
35 90
35 113
35 42
35 43
35 44
35 45
35 46
35 48
35 49
35 50
35 94
35 51
35 96
35 55
35 57
35 98
35 58
35 59
35 60
35 64
35 65
35 67
35 68
35 70
35 100
35 71
35 116
35 72
36 117
36 73
36 101
36 119
36 102
36 75
36 103
36 77
36 104
36 126
36 105
36 120
36 106
36 107
36 78
36 108
36 80
36 111
36 84
36 86
36 37
36 38
36 112
36 127
36 90
36 113
36 91
36 42
36 43
36 45
36 46
36 114
36 47
36 93
36 50
36 94
36 96
36 55
36 97
36 56
36 57
36 61
36 62
36 64
36 99
36 66
36 122
36 116
37 117
37 73
37 101
37 102
37 124
37 75
37 77
37 105
37 120
37 106
37 107
37 78
37 108
37 82
37 83
37 86
37 88
37 38
37 112
37 90
37 113
37 42
37 45
37 46
37 114
37 47
37 49
37 94
37 51
37 95
37 52
37 96
37 53
37 97
37 56
37 98
37 59
37 61
37 62
37 64
37 65
37 122
37 70
37 71
37 116
38 117
38 101
38 119
38 102
38 124
38 74
38 75
38 103
38 77
38 104
38 126
38 106
38 107
38 78
38 109
38 81
38 82
38 85
38 89
38 40
38 90
38 42
38 43
38 45
38 46
38 114
38 49
38 51
38 95
38 52
38 97
38 56
38 57
38 61
38 63
38 64
38 65
38 122
38 69
38 115
38 70
38 100
38 116
39 101
39 119
39 103
39 104
39 126
39 105
39 107
39 78
39 85
39 40
39 90
39 42
39 44
39 47
39 93
39 49
39 50
39 51
39 52
39 96
39 53
39 54
39 57
39 61
39 62
39 64
39 65
39 66
39 67
39 125
39 122
39 69
39 123
39 70
39 71
39 116
40 73
40 101
40 119
40 102
40 75
40 76
40 120
40 106
40 107
40 78
40 108
40 80
40 110
40 111
40 83
40 87
40 112
40 127
40 89
40 90
40 42
40 44
40 45
40 114
40 47
40 50
40 94
40 51
40 54
40 98
40 63
40 66
40 125
40 69
40 70
40 71
40 67
40 52
40 85
40 121
40 93
40 92
40 58
40 123
41 117
41 118
41 124
41 75
41 103
41 104
41 126
41 120
41 107
41 108
41 82
41 83
41 84
41 121
41 87
41 88
41 127
41 43
41 46
41 114
41 47
41 48
41 49
41 50
41 51
41 95
41 52
41 53
41 54
41 57
41 63
41 64
41 65
41 66
41 67
41 68
41 122
41 115
41 100
41 71
41 116
42 117
42 73
42 118
42 74
42 75
42 103
42 105
42 106
42 108
42 80
42 83
42 84
42 91
42 46
42 94
42 54
42 55
42 97
42 56
42 57
42 60
42 61
42 62
42 63
42 65
42 66
42 125
42 68
42 122
42 100
42 71
43 73
43 119
43 124
43 104
43 126
43 105
43 120
43 107
43 78
43 79
43 108
43 81
43 85
43 87
43 112
43 89
43 90
43 91
43 46
43 48
43 93
43 49
43 96
43 54
43 55
43 97
43 57
43 58
43 59
43 61
43 63
43 65
43 66
43 125
43 123
43 115
43 70
43 100
43 116
43 72
44 117
44 118
44 102
44 74
44 77
44 105
44 120
44 78
44 79
44 109
44 81
44 110
44 111
44 82
44 83
44 85
44 86
44 121
44 87
44 127
44 89
44 113
44 45
44 46
44 114
44 48
44 94
44 52
44 55
44 97
44 98
44 58
44 59
44 61
44 99
44 67
44 122
44 69
44 115
44 100
44 116
45 73
45 101
45 74
45 76
45 126
45 105
45 79
45 81
45 110
45 111
45 83
45 84
45 85
45 121
45 87
45 127
45 89
45 47
45 50
45 94
45 51
45 52
45 96
45 53
45 54
45 97
45 57
45 98
45 58
45 60
45 99
45 67
45 122
45 100
45 72
46 73
46 124
46 103
46 104
46 120
46 106
46 78
46 81
46 83
46 85
46 88
46 91
46 114
46 48
46 93
46 94
46 52
46 97
46 56
46 59
46 61
46 63
46 125
46 68
46 69
46 123
46 71
46 116
46 72
47 117
47 101
47 102
47 124
47 75
47 77
47 107
47 109
47 81
47 110
47 83
47 85
47 86
47 121
47 87
47 89
47 90
47 91
47 114
47 49
47 50
47 94
47 96
47 53
47 54
47 55
47 97
47 56
47 58
47 59
47 61
47 65
47 66
47 125
47 70
47 116
48 73
48 118
48 101
48 102
48 77
48 104
48 106
48 107
48 79
48 108
48 109
48 81
48 83
48 84
48 121
48 90
48 114
48 93
48 51
48 52
48 96
48 54
48 55
48 97
48 56
48 57
48 98
48 58
48 59
48 60
48 62
48 64
48 65
48 68
48 123
48 115
48 71
48 116
49 118
49 119
49 102
49 124
49 126
49 120
49 106
49 107
49 78
49 80
49 109
49 111
49 84
49 88
49 112
49 89
49 90
49 113
49 91
49 50
49 51
49 56
49 57
49 63
49 65
49 99
49 66
49 67
49 68
49 69
49 115
49 70
49 71
49 116
49 72
50 73
50 118
50 103
50 104
50 120
50 106
50 107
50 78
50 108
50 81
50 82
50 83
50 84
50 86
50 112
50 113
50 91
50 92
50 94
50 51
50 53
50 54
50 55
50 97
50 57
50 62
50 64
50 65
50 67
50 68
50 69
50 70
50 100
50 72
51 73
51 118
51 101
51 119
51 102
51 75
51 76
51 77
51 126
51 107
51 78
51 79
51 109
51 82
51 86
51 121
51 112
51 90
51 92
51 93
51 95
51 54
51 97
51 59
51 63
51 64
51 65
51 68
51 123
51 70
51 71
51 116
52 117
52 118
52 101
52 102
52 124
52 74
52 75
52 103
52 77
52 104
52 105
52 106
52 107
52 79
52 108
52 109
52 81
52 111
52 83
52 84
52 85
52 121
52 127
52 89
52 90
52 113
52 114
52 93
52 54
52 97
52 59
52 61
52 63
52 65
52 99
52 67
52 125
52 69
52 71
52 116
52 72
52 87
52 119
52 92
52 58
52 70
52 123
53 117
53 118
53 119
53 74
53 103
53 76
53 105
53 120
53 106
53 78
53 109
53 81
53 111
53 82
53 85
53 86
53 121
53 112
53 127
53 89
53 91
53 114
53 94
53 95
53 96
53 54
53 97
53 57
53 98
53 59
53 60
53 99
53 66
53 67
53 125
53 68
53 115
53 70
53 71
53 116
54 73
54 118
54 101
54 102
54 77
54 104
54 120
54 106
54 107
54 78
54 79
54 80
54 81
54 110
54 111
54 85
54 86
54 121
54 87
54 88
54 127
54 91
54 93
54 95
54 96
54 57
54 58
54 59
54 61
54 64
54 65
54 99
54 68
54 122
54 123
54 116
55 117
55 73
55 101
55 119
55 124
55 74
55 75
55 103
55 77
55 105
55 120
55 106
55 107
55 109
55 81
55 111
55 83
55 85
55 121
55 112
55 127
55 89
55 113
55 91
55 114
55 93
55 94
55 95
55 56
55 57
55 98
55 61
55 62
55 63
55 64
55 65
55 66
55 67
55 125
55 123
55 115
55 70
55 100
55 71
56 73
56 119
56 102
56 74
56 75
56 77
56 126
56 105
56 120
56 78
56 79
56 108
56 80
56 81
56 110
56 111
56 83
56 84
56 85
56 121
56 113
56 91
56 93
56 57
56 58
56 59
56 60
56 62
56 65
56 99
56 66
56 68
56 69
56 123
56 115
56 100
56 116
56 72
57 101
57 102
57 124
57 104
57 105
57 106
57 107
57 80
57 81
57 110
57 111
57 86
57 121
57 87
57 88
57 112
57 127
57 90
57 113
57 91
57 114
57 95
57 96
57 59
57 62
57 63
57 64
57 65
57 67
57 125
57 68
57 115
58 101
58 74
58 103
58 126
58 78
58 79
58 80
58 109
58 82
58 83
58 86
58 121
58 127
58 113
58 92
58 114
58 94
58 95
58 96
58 99
58 67
58 125
58 122
58 69
58 123
58 72
58 108
58 85
58 93
58 87
58 119
58 75
58 70
59 118
59 119
59 102
59 74
59 103
59 77
59 104
59 126
59 106
59 79
59 108
59 110
59 111
59 84
59 85
59 121
59 88
59 89
59 113
59 114
59 93
59 95
59 96
59 98
59 61
59 63
59 64
59 125
59 68
59 100
59 71
59 116
60 73
60 101
60 102
60 75
60 103
60 77
60 104
60 105
60 107
60 78
60 79
60 80
60 109
60 83
60 85
60 86
60 121
60 88
60 127
60 90
60 91
60 114
60 93
60 94
60 97
60 61
60 62
60 63
60 65
60 67
60 125
60 68
60 115
60 71
60 116
60 72
61 117
61 73
61 119
61 124
61 74
61 75
61 76
61 77
61 104
61 126
61 105
61 106
61 78
61 108
61 80
61 109
61 111
61 82
61 84
61 85
61 86
61 121
61 87
61 127
61 89
61 91
61 93
61 94
61 97
61 98
61 64
61 65
61 99
61 66
61 68
61 100
62 117
62 101
62 119
62 74
62 75
62 76
62 126
62 105
62 120
62 78
62 109
62 82
62 83
62 85
62 121
62 87
62 127
62 90
62 113
62 91
62 92
62 114
62 94
62 98
62 64
62 65
62 66
62 123
62 100
62 71
62 116
62 72
63 73
63 118
63 119
63 74
63 76
63 77
63 104
63 105
63 107
63 78
63 109
63 81
63 86
63 121
63 88
63 127
63 91
63 92
63 114
63 94
63 96
63 97
63 98
63 64
63 99
63 67
63 125
63 123
63 115
64 73
64 118
64 119
64 74
64 75
64 76
64 104
64 126
64 105
64 120
64 106
64 79
64 81
64 110
64 82
64 83
64 85
64 121
64 87
64 88
64 112
64 113
64 91
64 92
64 114
64 93
64 96
64 65
64 66
64 67
64 125
64 122
64 69
64 115
64 71
65 117
65 124
65 75
65 76
65 126
65 105
65 120
65 107
65 109
65 81
65 111
65 82
65 83
65 86
65 87
65 88
65 112
65 89
65 90
65 113
65 114
65 93
65 95
65 96
65 97
65 99
65 66
65 69
65 115
65 71
65 72
66 73
66 118
66 101
66 75
66 103
66 126
66 105
66 106
66 107
66 78
66 79
66 81
66 111
66 83
66 84
66 85
66 86
66 87
66 112
66 127
66 113
66 91
66 114
66 93
66 94
66 95
66 98
66 67
66 125
66 68
66 122
66 69
66 115
66 70
66 100
66 116
67 118
67 119
67 102
67 124
67 75
67 76
67 77
67 104
67 105
67 120
67 106
67 107
67 78
67 79
67 108
67 80
67 111
67 82
67 83
67 84
67 85
67 121
67 88
67 90
67 113
67 93
67 95
67 97
67 98
67 125
67 123
67 70
67 100
67 71
67 116
67 87
67 92
68 117
68 124
68 75
68 77
68 126
68 105
68 106
68 78
68 108
68 109
68 82
68 83
68 84
68 87
68 112
68 90
68 91
68 93
68 94
68 96
68 69
68 70
68 100
68 116
68 72
69 73
69 118
69 101
69 74
69 103
69 76
69 104
69 126
69 120
69 106
69 107
69 78
69 79
69 108
69 80
69 81
69 110
69 83
69 84
69 112
69 93
69 94
69 95
69 97
69 98
69 99
69 122
69 123
69 115
69 70
69 100
69 71
69 116
70 118
70 119
70 77
70 104
70 105
70 106
70 78
70 79
70 108
70 80
70 81
70 111
70 82
70 86
70 121
70 90
70 113
70 91
70 97
70 123
70 71
70 85
70 83
70 93
70 87
70 75
70 92
71 117
71 73
71 101
71 119
71 124
71 103
71 104
71 105
71 120
71 107
71 78
71 79
71 108
71 80
71 111
71 82
71 83
71 84
71 85
71 86
71 121
71 87
71 88
71 113
71 92
71 114
71 93
71 95
71 96
71 97
71 98
71 125
71 122
71 100
71 116
71 72
72 101
72 119
72 74
72 75
72 103
72 76
72 77
72 104
72 120
72 107
72 78
72 80
72 109
72 81
72 110
72 82
72 83
72 86
72 121
72 87
72 89
72 113
72 125
72 122
72 123
72 115
72 116
73 118
73 102
73 124
73 74
73 75
73 103
73 104
73 126
73 105
73 106
73 79
73 80
73 109
73 81
73 111
73 84
73 85
73 88
73 112
73 113
73 91
73 114
73 94
73 95
73 96
73 122
73 123
73 115
73 100
73 116
74 117
74 101
74 102
74 75
74 105
74 78
74 79
74 110
74 111
74 84
74 85
74 86
74 87
74 88
74 90
74 94
74 125
74 122
74 123
75 118
75 76
75 104
75 126
75 107
75 79
75 108
75 109
75 111
75 85
75 88
75 90
75 113
75 94
75 96
75 100
75 121
75 83
75 93
75 87
75 119
75 92
75 123
76 124
76 103
76 77
76 105
76 106
76 107
76 79
76 108
76 81
76 110
76 82
76 84
76 85
76 86
76 88
76 89
76 91
76 99
76 125
76 122
77 117
77 102
77 103
77 78
77 79
77 108
77 80
77 81
77 110
77 82
77 83
77 85
77 86
77 88
77 112
77 113
77 114
77 93
77 97
77 98
77 122
77 123
77 100
78 118
78 101
78 119
78 102
78 124
78 107
78 79
78 80
78 111
78 82
78 83
78 84
78 86
78 112
78 127
78 89
78 90
78 113
78 114
78 93
78 122
78 100
79 117
79 102
79 103
79 104
79 107
79 108
79 109
79 81
79 111
79 85
79 87
79 127
79 90
79 91
79 93
79 94
79 95
79 98
79 125
79 123
79 100
79 116
80 101
80 119
80 124
80 105
80 107
80 108
80 83
80 87
80 88
80 127
80 89
80 113
80 92
80 114
80 94
80 96
80 97
80 98
80 99
80 125
80 122
80 100
80 116
81 117
81 118
81 101
81 102
81 124
81 103
81 104
81 126
81 120
81 107
81 111
81 84
81 85
81 86
81 121
81 87
81 88
81 112
81 127
81 89
81 90
81 113
81 91
81 114
81 93
81 94
81 99
81 125
81 122
81 100
82 118
82 119
82 104
82 126
82 108
82 110
82 84
82 85
82 121
82 112
82 91
82 96
82 98
82 125
82 122
82 115
83 101
83 103
83 120
83 106
83 108
83 110
83 111
83 85
83 121
83 87
83 112
83 113
83 114
83 93
83 98
83 122
83 115
83 100
83 116
83 119
83 92
83 123
84 118
84 101
84 119
84 103
84 126
84 105
84 109
84 110
84 85
84 88
84 89
84 113
84 92
84 114
84 94
84 97
84 98
84 99
84 125
84 123
84 100
84 116
85 117
85 101
85 119
85 103
85 104
85 105
85 120
85 107
85 108
85 109
85 110
85 86
85 121
85 87
85 90
85 113
85 93
85 98
85 125
85 123
85 92
86 117
86 101
86 107
86 109
86 110
86 111
86 88
86 127
86 91
86 92
86 114
86 93
86 94
86 95
86 96
86 98
86 99
86 122
86 115
86 116
87 117
87 101
87 119
87 124
87 126
87 105
87 107
87 109
87 110
87 111
87 121
87 127
87 90
87 91
87 92
87 114
87 93
87 95
87 96
87 98
87 122
87 123
87 108
88 118
88 102
88 124
88 104
88 126
88 105
88 120
88 107
88 109
88 121
88 127
88 89
88 90
88 114
88 95
88 96
88 98
88 115
89 101
89 124
89 103
89 104
89 105
89 109
89 110
89 111
89 121
89 90
89 113
89 91
89 92
89 114
89 93
89 94
89 97
89 122
89 116
90 117
90 101
90 119
90 124
90 104
90 126
90 120
90 107
90 121
90 127
90 113
90 91
90 92
90 93
90 96
90 99
90 122
90 123
90 115
90 100
91 118
91 119
91 103
91 104
91 126
91 120
91 111
91 121
91 127
91 92
91 114
91 93
91 94
91 95
91 99
91 125
91 100
91 116
92 118
92 101
92 104
92 106
92 107
92 121
92 112
92 95
92 96
92 98
92 115
92 116
92 108
92 93
92 119
92 123
93 117
93 104
93 106
93 108
93 110
93 121
93 127
93 114
93 96
93 97
93 125
93 100
93 116
93 119
93 123
94 117
94 118
94 101
94 102
94 124
94 104
94 105
94 106
94 107
94 108
94 109
94 110
94 111
94 121
94 127
94 114
94 96
94 97
94 98
94 99
94 122
94 123
94 115
95 117
95 118
95 103
95 104
95 126
95 106
95 108
95 111
95 121
95 113
95 114
95 96
95 98
95 125
95 100
96 101
96 102
96 104
96 126
96 105
96 109
96 113
96 98
96 125
96 122
96 100
96 116
97 101
97 119
97 103
97 120
97 110
97 112
97 127
97 113
97 125
97 123
97 115
97 100
97 116
98 118
98 101
98 102
98 103
98 126
98 105
98 120
98 106
98 109
98 110
98 111
98 121
98 113
98 114
98 122
98 115
99 102
99 105
99 108
99 112
99 127
99 113
99 100
100 118
100 119
100 124
100 120
100 107
100 110
100 121
100 127
100 113
100 114
100 125
100 122
100 115
100 116
101 118
101 106
101 109
101 125
101 102
101 124
101 103
101 126
101 111
101 112
101 115
101 116
101 121
101 127
102 104
102 109
102 110
102 125
102 123
102 119
102 124
102 103
102 120
102 108
102 112
102 115
102 116
103 106
103 107
103 110
103 123
103 124
103 126
103 120
103 108
103 121
103 113
103 122
104 117
104 119
104 124
104 126
104 106
104 110
104 111
104 127
104 113
104 114
104 125
104 122
104 123
104 115
105 117
105 118
105 111
105 112
105 127
105 114
105 115
105 116
106 117
106 118
106 119
106 120
106 107
106 108
106 111
106 112
106 125
107 117
107 124
107 120
107 108
107 109
107 110
107 112
107 127
107 113
107 114
107 125
107 122
107 123
107 115
108 118
108 109
108 110
108 114
108 123
108 124
108 126
108 122
108 115
108 121
108 127
108 119
109 117
109 119
109 127
109 114
109 122
109 123
109 115
109 116
110 117
110 118
110 119
110 126
110 111
110 121
110 113
110 122
111 114
111 125
111 116
112 114
112 123
112 124
112 126
112 120
112 116
113 126
113 119
113 127
113 122
114 117
114 118
114 124
114 121
114 122
114 115
115 125
115 123
115 124
115 126
115 122
115 119
115 127
115 116
116 118
116 125
116 123
116 124
116 122
116 120
117 118
117 125
117 123
118 120
118 121
118 127
118 123
119 124
119 122
119 120
119 121
119 123
120 125
120 123
120 126
120 121
120 127
121 123
122 125
122 126
123 124
