0 1
0 2
0 3
0 4
0 5
0 6
0 7
0 8
0 9
0 10
0 11
0 12
0 13
0 14
0 15
0 16
0 17
0 18
0 19
0 20
0 22
0 23
0 24
0 25
0 26
0 27
0 28
0 29
0 30
0 31
0 32
0 33
0 34
0 35
0 36
0 37
0 38
0 39
0 40
0 41
0 42
0 43
0 44
0 45
0 46
0 47
0 48
0 49
0 50
0 51
0 52
0 53
0 54
0 55
0 56
0 57
0 58
0 59
0 60
0 61
1 2
1 3
1 5
1 7
1 8
1 62
1 9
1 10
1 11
1 63
1 64
1 16
1 65
1 66
1 67
1 68
1 69
1 70
1 71
1 72
1 19
1 73
1 74
1 22
1 75
1 76
1 77
1 78
1 79
1 80
1 81
1 82
1 83
1 27
1 84
1 85
1 30
1 32
1 33
1 35
1 38
1 40
1 41
1 86
1 87
1 42
1 43
1 44
1 88
1 49
1 51
1 89
1 53
1 55
1 90
1 91
1 59
1 60
1 92
1 108
1 101
1 47
1 119
1 21
1 94
2 94
2 5
2 6
2 62
2 9
2 10
2 95
2 96
2 97
2 11
2 63
2 98
2 64
2 99
2 13
2 14
2 15
2 66
2 17
2 100
2 69
2 101
2 102
2 71
2 72
2 103
2 104
2 73
2 20
2 22
2 23
2 105
2 76
2 25
2 77
2 80
2 26
2 106
2 107
2 81
2 27
2 108
2 109
2 29
2 32
2 33
2 38
2 39
2 42
2 110
2 43
2 44
2 45
2 47
2 49
2 50
2 51
2 111
2 112
2 53
2 113
2 90
2 57
2 58
2 91
2 59
2 93
2 61
2 114
3 6
3 10
3 95
3 96
3 97
3 11
3 98
3 12
3 14
3 15
3 65
3 17
3 18
3 68
3 69
3 101
3 102
3 70
3 71
3 19
3 103
3 73
3 74
3 21
3 23
3 105
3 24
3 77
3 79
3 80
3 26
3 106
3 81
3 83
3 27
3 84
3 108
3 29
3 85
3 30
3 32
3 33
3 36
3 38
3 39
3 115
3 41
3 86
3 42
3 110
3 44
3 116
3 49
3 117
3 111
3 89
3 112
3 55
3 58
3 118
3 92
3 47
3 119
3 67
3 94
3 53
3 91
4 94
4 6
4 7
4 119
4 10
4 11
4 98
4 99
4 14
4 120
4 16
4 65
4 66
4 100
4 18
4 69
4 70
4 72
4 73
4 74
4 20
4 23
4 76
4 25
4 79
4 80
4 26
4 106
4 107
4 81
4 82
4 83
4 27
4 84
4 28
4 29
4 31
4 32
4 121
4 36
4 37
4 39
4 41
4 86
4 44
4 116
4 49
4 117
4 89
4 112
4 122
4 55
4 56
4 90
4 57
4 58
4 59
4 92
4 114
5 7
5 10
5 97
5 11
5 63
5 99
5 14
5 66
5 17
5 100
5 18
5 67
5 68
5 69
5 102
5 71
5 19
5 103
5 74
5 20
5 21
5 22
5 75
5 105
5 76
5 25
5 80
5 107
5 81
5 28
5 29
5 85
5 31
5 33
5 121
5 115
5 123
5 86
5 110
5 44
5 46
5 47
5 48
5 52
5 112
5 113
5 90
5 58
5 91
5 118
5 59
5 114
6 94
6 62
6 9
6 10
6 95
6 96
6 97
6 11
6 63
6 98
6 13
6 14
6 16
6 17
6 101
6 70
6 124
6 103
6 20
6 22
6 23
6 79
6 80
6 26
6 106
6 81
6 125
6 31
6 33
6 34
6 35
6 38
6 115
6 86
6 87
6 42
6 110
6 43
6 44
6 116
6 47
6 48
6 49
6 111
6 89
6 53
6 126
6 113
6 90
6 57
6 58
6 91
6 118
6 59
6 93
6 61
7 95
7 96
7 97
7 11
7 64
7 12
7 16
7 18
7 67
7 69
7 102
7 70
7 71
7 124
7 103
7 104
7 73
7 127
7 22
7 105
7 24
7 78
7 26
7 106
7 81
7 82
7 27
7 28
7 108
7 125
7 109
7 85
7 30
7 31
7 32
7 33
7 121
7 38
7 40
7 115
7 123
7 86
7 42
7 43
7 44
7 45
7 88
7 46
7 47
7 49
7 117
7 51
7 111
7 89
7 112
7 122
7 53
7 54
7 55
7 56
7 90
7 57
7 59
7 61
8 94
8 62
8 9
8 96
8 97
8 11
8 63
8 64
8 12
8 14
8 120
8 15
8 16
8 65
8 17
8 18
8 69
8 102
8 71
8 103
8 104
8 73
8 74
8 20
8 127
8 105
8 24
8 78
8 79
8 80
8 26
8 106
8 82
8 84
8 109
8 85
8 32
8 121
8 35
8 36
8 37
8 38
8 39
8 40
8 115
8 123
8 87
8 43
8 44
8 48
8 49
8 117
8 51
8 53
8 54
8 55
8 90
8 93
8 114
9 94
9 119
9 10
9 96
9 11
9 63
9 64
9 14
9 16
9 65
9 66
9 100
9 18
9 67
9 68
9 69
9 101
9 102
9 70
9 124
9 104
9 20
9 127
9 22
9 23
9 75
9 77
9 78
9 79
9 26
9 106
9 81
9 82
9 83
9 27
9 28
9 108
9 109
9 85
9 31
9 33
9 34
9 121
9 35
9 37
9 41
9 86
9 87
9 110
9 43
9 116
9 45
9 88
9 47
9 48
9 52
9 112
9 122
9 54
9 91
9 118
9 60
9 93
9 61
10 95
10 97
10 63
10 14
10 120
10 15
10 16
10 65
10 66
10 100
10 68
10 69
10 102
10 71
10 72
10 19
10 103
10 104
10 74
10 127
10 22
10 23
10 105
10 107
10 81
10 82
10 83
10 109
10 85
10 31
10 34
10 121
10 35
10 36
10 37
10 38
10 39
10 40
10 41
10 123
10 42
10 44
10 88
10 47
10 48
10 49
10 51
10 52
10 89
10 112
10 122
10 53
10 54
10 126
10 113
10 57
10 91
10 59
10 92
10 114
11 62
11 119
11 63
11 99
11 13
11 14
11 15
11 66
11 18
11 69
11 101
11 102
11 103
11 74
11 21
11 22
11 23
11 75
11 77
11 79
11 80
11 26
11 107
11 81
11 83
11 27
11 84
11 108
11 85
11 35
11 36
11 115
11 123
11 87
11 42
11 43
11 44
11 116
11 45
11 46
11 48
11 49
11 117
11 89
11 122
11 113
11 55
11 90
11 57
11 58
11 91
11 118
11 92
11 93
12 62
12 119
12 95
12 97
12 63
12 99
12 120
12 17
12 18
12 69
12 101
12 102
12 70
12 71
12 124
12 103
12 104
12 74
12 20
12 127
12 22
12 75
12 105
12 77
12 79
12 26
12 107
12 81
12 83
12 84
12 28
12 109
12 32
12 33
12 34
12 37
12 38
12 39
12 40
12 115
12 41
12 87
12 110
12 43
12 50
12 52
12 112
12 54
12 55
12 56
12 90
12 118
12 59
12 61
13 94
13 62
13 95
13 97
13 14
13 120
13 65
13 66
13 18
13 68
13 101
13 102
13 124
13 72
13 19
13 103
13 104
13 73
13 20
13 127
13 23
13 105
13 24
13 76
13 25
13 77
13 79
13 26
13 107
13 83
13 84
13 28
13 108
13 125
13 109
13 32
13 33
13 121
13 38
13 39
13 40
13 87
13 43
13 116
13 45
13 47
13 48
13 50
13 51
13 112
13 53
13 126
13 113
13 55
13 58
13 91
13 60
14 119
14 98
14 16
14 65
14 18
14 67
14 68
14 69
14 102
14 70
14 71
14 124
14 72
14 19
14 104
14 73
14 20
14 21
14 127
14 75
14 77
14 78
14 79
14 80
14 81
14 82
14 83
14 27
14 28
14 108
14 29
14 32
14 121
14 36
14 37
14 38
14 40
14 86
14 43
14 44
14 116
14 45
14 50
14 89
14 112
14 53
14 54
14 126
14 113
14 90
14 57
14 58
14 59
14 60
14 93
14 114
15 62
15 119
15 97
15 66
15 68
15 101
15 102
15 70
15 71
15 19
15 104
15 73
15 23
15 26
15 106
15 107
15 84
15 28
15 29
15 30
15 31
15 32
15 33
15 121
15 36
15 37
15 38
15 42
15 110
15 43
15 44
15 116
15 45
15 47
15 48
15 49
15 117
15 51
15 89
15 122
15 126
15 55
15 56
15 90
15 57
15 59
15 60
15 93
16 119
16 63
16 98
16 99
16 120
16 65
16 100
16 18
16 67
16 102
16 70
16 71
16 124
16 72
16 104
16 74
16 127
16 23
16 105
16 24
16 76
16 25
16 77
16 26
16 107
16 83
16 27
16 84
16 29
16 31
16 32
16 34
16 35
16 36
16 37
16 39
16 40
16 41
16 123
16 86
16 43
16 116
16 46
16 47
16 48
16 117
16 89
16 54
16 113
16 55
16 90
16 58
16 91
16 118
16 60
16 61
16 114
17 94
17 62
17 100
17 102
17 72
17 73
17 74
17 21
17 127
17 75
17 105
17 25
17 79
17 26
17 106
17 107
17 81
17 27
17 84
17 28
17 125
17 85
17 30
17 31
17 32
17 121
17 35
17 39
17 41
17 123
17 87
17 42
17 43
17 46
17 49
17 51
17 89
17 112
17 126
17 113
17 56
17 90
17 58
17 91
17 118
17 60
17 93
17 61
18 94
18 119
18 97
18 63
18 98
18 64
18 99
18 120
18 65
18 66
18 67
18 69
18 102
18 71
18 74
18 127
18 105
18 78
18 106
18 107
18 83
18 84
18 28
18 108
18 109
18 34
18 121
18 36
18 39
18 42
18 110
18 43
18 116
18 45
18 88
18 48
18 49
18 50
18 117
18 51
18 111
18 89
18 112
18 122
18 53
18 90
18 58
18 91
18 59
18 92
18 114
19 102
19 62
19 95
19 96
19 97
19 99
19 65
19 66
19 100
19 67
19 68
19 69
19 101
19 72
19 103
19 73
19 74
19 20
19 21
19 22
19 23
19 105
19 24
19 77
19 78
19 79
19 80
19 26
19 107
19 81
19 82
19 27
19 28
19 108
19 125
19 109
19 29
19 85
19 33
19 34
19 121
19 35
19 36
19 37
19 38
19 39
19 40
19 115
19 41
19 110
19 43
19 44
19 116
19 45
19 88
19 46
19 47
19 117
19 51
19 111
19 52
19 113
19 55
19 90
19 57
19 58
19 91
19 59
19 60
19 61
19 114
19 119
19 94
19 53
19 92
20 94
20 95
20 96
20 97
20 63
20 64
20 120
20 66
20 100
20 67
20 101
20 124
20 104
20 127
20 23
20 75
20 105
20 24
20 76
20 77
20 79
20 80
20 26
20 107
20 27
20 84
20 28
20 108
20 125
20 31
20 33
20 34
20 40
20 123
20 86
20 87
20 42
20 110
20 44
20 45
20 88
20 47
20 48
20 111
20 122
20 53
20 56
20 90
20 58
20 91
20 60
21 102
21 62
21 119
21 95
21 96
21 63
21 98
21 99
21 65
21 66
21 100
21 67
21 68
21 69
21 101
21 72
21 104
21 73
21 22
21 75
21 105
21 24
21 76
21 77
21 79
21 80
21 84
21 28
21 85
21 31
21 34
21 35
21 37
21 39
21 123
21 86
21 87
21 110
21 43
21 88
21 46
21 47
21 48
21 51
21 111
21 52
21 89
21 53
21 54
21 113
21 56
21 91
21 118
21 59
21 92
21 93
21 33
21 38
21 74
21 108
21 94
22 102
22 62
22 96
22 97
22 63
22 64
22 99
22 120
22 65
22 67
22 69
22 101
22 72
22 103
22 73
22 74
22 127
22 75
22 79
22 26
22 106
22 81
22 82
22 84
22 108
22 29
22 30
22 31
22 34
22 37
22 38
22 123
22 87
22 43
22 44
22 116
22 47
22 50
22 117
22 51
22 111
22 89
22 112
22 53
22 54
22 126
22 55
22 56
23 62
23 95
23 96
23 120
23 65
23 66
23 100
23 67
23 68
23 124
23 103
23 104
23 73
23 127
23 75
23 24
23 77
23 78
23 79
23 80
23 26
23 81
23 27
23 84
23 108
23 109
23 29
23 85
23 33
23 41
23 87
23 42
23 110
23 45
23 88
23 49
23 50
23 117
23 111
23 89
23 112
23 53
23 113
23 56
23 90
23 59
23 93
23 61
23 114
24 62
24 95
24 97
24 64
24 65
24 66
24 100
24 69
24 70
24 124
24 73
24 76
24 25
24 80
24 26
24 106
24 81
24 82
24 84
24 28
24 108
24 109
24 29
24 30
24 31
24 32
24 121
24 37
24 41
24 42
24 50
24 117
24 111
24 52
24 53
24 113
24 90
24 57
24 91
24 118
24 61
24 114
25 102
25 96
25 63
25 98
25 64
25 65
25 100
25 101
25 70
25 104
25 73
25 127
25 75
25 77
25 78
25 80
25 26
25 106
25 107
25 81
25 83
25 108
25 109
25 85
25 30
25 31
25 33
25 34
25 121
25 36
25 41
25 42
25 110
25 116
25 45
25 46
25 49
25 51
25 111
25 112
25 126
25 113
25 55
25 56
25 118
25 93
25 61
25 114
26 62
26 119
26 95
26 97
26 63
26 64
26 99
26 100
26 67
26 70
26 71
26 124
26 73
26 74
26 75
26 76
26 77
26 78
26 79
26 106
26 107
26 81
26 27
26 28
26 109
26 29
26 30
26 31
26 36
26 37
26 38
26 39
26 42
26 110
26 44
26 45
26 88
26 49
26 117
26 111
26 112
26 122
26 54
26 55
26 91
26 118
26 60
26 61
26 114
27 102
27 94
27 62
27 97
27 63
27 65
27 66
27 69
27 71
27 72
27 104
27 127
27 105
27 76
27 81
27 29
27 30
27 34
27 121
27 36
27 38
27 39
27 40
27 123
27 87
27 88
27 47
27 50
27 51
27 52
27 53
27 54
27 126
27 56
27 90
27 57
27 58
27 118
27 59
28 94
28 95
28 63
28 99
28 66
28 100
28 67
28 69
28 70
28 124
28 72
28 103
28 127
28 78
28 81
28 83
28 108
28 109
28 29
28 85
28 34
28 36
28 39
28 41
28 123
28 110
28 43
28 44
28 88
28 46
28 50
28 117
28 89
28 112
28 122
28 53
28 57
28 61
29 63
29 98
29 100
29 69
29 70
29 71
29 124
29 72
29 103
29 75
29 105
29 77
29 79
29 107
29 81
29 82
29 83
29 108
29 31
29 33
29 34
29 121
29 35
29 36
29 38
29 41
29 123
29 42
29 110
29 46
29 49
29 51
29 52
29 53
29 54
29 55
29 90
29 57
29 58
29 91
29 93
30 95
30 96
30 120
30 66
30 67
30 101
30 70
30 103
30 73
30 127
30 75
30 105
30 76
30 79
30 80
30 106
30 107
30 84
30 85
30 32
30 33
30 34
30 35
30 36
30 39
30 40
30 86
30 87
30 43
30 116
30 45
30 46
30 47
30 50
30 117
30 111
30 89
30 112
30 53
30 55
30 56
30 118
30 59
30 60
31 102
31 62
31 119
31 96
31 97
31 98
31 65
31 66
31 67
31 124
31 72
31 75
31 105
31 77
31 79
31 107
31 109
31 85
31 35
31 36
31 37
31 39
31 41
31 123
31 86
31 42
31 43
31 44
31 116
31 47
31 49
31 50
31 117
31 89
31 112
31 122
31 56
31 57
31 118
31 59
31 60
31 93
31 61
32 102
32 96
32 98
32 71
32 127
32 75
32 77
32 78
32 80
32 81
32 82
32 83
32 108
32 34
32 35
32 37
32 38
32 39
32 123
32 110
32 116
32 46
32 49
32 51
32 52
32 53
32 113
32 55
32 90
32 57
32 58
32 59
32 60
32 93
32 61
32 114
33 119
33 95
33 96
33 97
33 64
33 99
33 120
33 65
33 66
33 68
33 69
33 101
33 70
33 73
33 74
33 75
33 105
33 76
33 79
33 80
33 107
33 83
33 108
33 125
33 109
33 85
33 34
33 35
33 36
33 37
33 38
33 40
33 123
33 42
33 110
33 43
33 44
33 116
33 45
33 47
33 49
33 117
33 51
33 52
33 122
33 53
33 54
33 113
33 56
33 57
33 58
33 59
33 60
33 93
33 61
33 114
33 67
33 94
33 91
33 92
34 63
34 98
34 64
34 99
34 66
34 100
34 67
34 68
34 69
34 70
34 124
34 74
34 75
34 76
34 81
34 109
34 85
34 121
34 35
34 37
34 38
34 39
34 115
34 41
34 123
34 86
34 42
34 110
34 43
34 44
34 45
34 48
34 117
34 51
34 111
34 52
34 89
34 112
34 126
34 113
34 55
34 90
34 57
34 58
34 59
34 92
34 93
34 61
35 62
35 119
35 97
35 98
35 66
35 100
35 69
35 70
35 124
35 72
35 104
35 76
35 78
35 107
35 82
35 83
35 109
35 36
35 38
35 40
35 115
35 123
35 110
35 47
35 48
35 49
35 51
35 111
35 52
35 89
35 54
35 126
35 90
35 118
35 60
35 92
35 114
36 102
36 95
36 63
36 98
36 120
36 100
36 67
36 70
36 72
36 73
36 75
36 76
36 77
36 78
36 81
36 82
36 83
36 84
36 108
36 85
36 37
36 38
36 115
36 87
36 42
36 110
36 88
36 46
36 49
36 117
36 111
36 52
36 89
36 122
36 54
36 113
36 90
36 91
36 93
36 114
37 94
37 62
37 119
37 95
37 63
37 98
37 69
37 72
37 104
37 127
37 77
37 78
37 80
37 106
37 107
37 81
37 108
37 125
37 109
37 85
37 41
37 123
37 86
37 87
37 44
37 45
37 47
37 48
37 111
37 112
37 122
37 55
37 90
37 59
37 92
37 93
37 61
38 102
38 94
38 95
38 97
38 63
38 98
38 64
38 99
38 65
38 68
38 69
38 101
38 71
38 124
38 74
38 105
38 76
38 77
38 78
38 79
38 80
38 81
38 82
38 83
38 108
38 125
38 109
38 39
38 40
38 115
38 87
38 44
38 45
38 47
38 48
38 49
38 117
38 52
38 89
38 112
38 53
38 126
38 56
38 58
38 91
38 118
38 60
38 92
38 119
38 67
39 62
39 95
39 96
39 99
39 65
39 100
39 101
39 103
39 104
39 73
39 77
39 78
39 106
39 107
39 81
39 84
39 125
39 109
39 40
39 86
39 43
39 44
39 116
39 45
39 88
39 48
39 49
39 89
39 54
39 113
39 55
39 56
39 90
39 58
39 91
39 59
39 93
39 61
39 114
40 94
40 95
40 64
40 120
40 100
40 67
40 68
40 69
40 70
40 103
40 104
40 74
40 127
40 75
40 76
40 79
40 80
40 106
40 83
40 84
40 125
40 85
40 123
40 116
40 45
40 88
40 46
40 47
40 48
40 49
40 117
40 52
40 89
40 112
40 113
40 57
40 91
40 60
40 93
40 61
40 114
41 63
41 120
41 68
41 71
41 124
41 103
41 104
41 74
41 75
41 77
41 79
41 108
41 125
41 85
41 115
41 42
41 43
41 116
41 48
41 49
41 50
41 111
41 89
41 112
41 122
41 54
41 90
41 57
41 91
41 61
42 102
42 119
42 96
42 98
42 64
42 120
42 100
42 68
42 124
42 73
42 74
42 127
42 75
42 76
42 77
42 78
42 80
42 106
42 107
42 81
42 84
42 86
42 110
42 43
42 44
42 116
42 88
42 117
42 51
42 52
42 112
42 53
42 118
42 93
43 102
43 94
43 62
43 95
43 96
43 63
43 98
43 65
43 66
43 100
43 67
43 69
43 101
43 70
43 72
43 104
43 74
43 77
43 80
43 81
43 82
43 83
43 84
43 109
43 85
43 115
43 87
43 110
43 45
43 49
43 117
43 89
43 112
43 122
43 53
43 55
43 90
43 58
43 118
43 59
43 60
43 61
43 114
44 102
44 62
44 97
44 64
44 120
44 66
44 100
44 68
44 103
44 104
44 73
44 127
44 76
44 77
44 78
44 106
44 83
44 84
44 108
44 125
44 109
44 86
44 87
44 110
44 45
44 46
44 47
44 50
44 117
44 51
44 111
44 112
44 122
44 57
44 91
44 118
44 59
44 93
45 102
45 94
45 119
45 95
45 96
45 97
45 63
45 66
45 100
45 69
45 70
45 71
45 124
45 75
45 105
45 76
45 78
45 80
45 107
45 121
45 110
45 88
45 46
45 48
45 117
45 51
45 111
45 122
45 54
45 126
45 55
45 58
45 92
45 93
45 114
46 94
46 62
46 119
46 97
46 63
46 64
46 99
46 69
46 101
46 70
46 71
46 72
46 103
46 104
46 75
46 105
46 76
46 77
46 78
46 79
46 106
46 107
46 81
46 82
46 125
46 109
46 85
46 121
46 87
46 110
46 116
46 88
46 47
46 50
46 117
46 51
46 111
46 89
46 112
46 122
46 126
46 90
46 57
46 58
46 118
46 61
46 114
47 102
47 62
47 95
47 96
47 97
47 63
47 65
47 100
47 67
47 68
47 72
47 104
47 76
47 78
47 83
47 84
47 108
47 121
47 116
47 88
47 51
47 89
47 122
47 56
47 90
47 59
47 60
47 92
47 74
47 80
47 101
47 119
47 94
47 53
47 91
48 119
48 96
48 98
48 120
48 66
48 70
48 71
48 72
48 73
48 74
48 75
48 105
48 77
48 78
48 79
48 80
48 106
48 81
48 82
48 83
48 84
48 125
48 109
48 85
48 123
48 86
48 88
48 51
48 89
48 122
48 53
48 126
48 55
48 56
48 90
48 58
48 91
48 59
48 92
48 93
48 61
48 114
49 102
49 94
49 62
49 119
49 95
49 96
49 98
49 64
49 99
49 66
49 68
49 101
49 71
49 124
49 72
49 103
49 73
49 127
49 107
49 81
49 82
49 83
49 84
49 125
49 86
49 87
49 88
49 50
49 117
49 112
49 54
49 126
49 56
49 58
49 118
49 59
49 92
49 114
50 94
50 119
50 95
50 96
50 97
50 64
50 65
50 68
50 69
50 101
50 71
50 124
50 103
50 104
50 75
50 79
50 80
50 106
50 107
50 109
50 85
50 121
50 86
50 87
50 116
50 89
50 113
50 55
50 93
50 114
51 102
51 94
51 95
51 96
51 63
51 98
51 64
51 120
51 100
51 69
51 101
51 71
51 124
51 78
51 79
51 83
51 84
51 125
51 121
51 115
51 123
51 86
51 117
51 111
51 89
51 122
51 126
51 58
51 59
51 93
52 102
52 94
52 95
52 65
52 66
52 100
52 68
52 101
52 70
52 124
52 73
52 78
52 79
52 107
52 81
52 83
52 84
52 121
52 115
52 86
52 110
52 116
52 88
52 117
52 89
52 112
52 53
52 54
52 126
52 90
52 57
52 118
52 59
52 60
52 93
52 61
52 114
53 102
53 94
53 119
53 95
53 97
53 98
53 64
53 99
53 100
53 67
53 68
53 69
53 101
53 70
53 71
53 72
53 104
53 74
53 127
53 75
53 105
53 77
53 78
53 106
53 81
53 83
53 84
53 108
53 125
53 109
53 115
53 123
53 86
53 88
53 111
53 89
53 122
53 54
53 126
53 55
53 56
53 57
53 60
53 93
53 61
53 80
53 91
53 92
54 102
54 94
54 62
54 97
54 64
54 120
54 72
54 103
54 74
54 75
54 76
54 77
54 78
54 79
54 80
54 106
54 83
54 84
54 108
54 109
54 85
54 86
54 87
54 110
54 111
54 89
54 112
54 122
54 126
54 55
54 57
54 58
54 91
54 118
54 59
54 60
54 114
55 102
55 94
55 62
55 97
55 63
55 98
55 64
55 99
55 120
55 65
55 66
55 67
55 68
55 71
55 124
55 72
55 73
55 74
55 76
55 78
55 82
55 109
55 121
55 115
55 86
55 87
55 88
55 111
55 112
55 122
55 113
55 56
55 90
55 57
55 58
55 91
55 59
55 60
55 92
55 93
55 61
56 119
56 95
56 96
56 97
56 99
56 66
56 67
56 68
56 101
56 76
56 77
56 78
56 79
56 80
56 107
56 81
56 82
56 121
56 123
56 87
56 110
56 88
56 111
56 126
56 113
56 90
56 57
56 58
56 59
56 60
56 114
57 102
57 95
57 96
57 98
57 64
57 120
57 66
57 100
57 67
57 68
57 70
57 104
57 73
57 75
57 79
57 80
57 106
57 82
57 83
57 84
57 125
57 109
57 115
57 86
57 116
57 88
57 117
57 89
57 112
57 113
57 118
57 59
57 92
57 93
57 61
57 114
58 102
58 94
58 119
58 95
58 96
58 99
58 120
58 66
58 67
58 71
58 103
58 104
58 73
58 76
58 78
58 79
58 106
58 107
58 81
58 82
58 83
58 84
58 85
58 87
58 89
58 122
58 113
58 60
58 92
58 93
58 114
59 62
59 96
59 64
59 66
59 100
59 67
59 101
59 70
59 71
59 124
59 103
59 104
59 127
59 76
59 78
59 80
59 106
59 107
59 81
59 82
59 83
59 108
59 125
59 85
59 115
59 86
59 116
59 117
59 111
59 113
59 90
59 118
59 92
59 93
60 94
60 62
60 119
60 95
60 97
60 99
60 120
60 65
60 100
60 67
60 70
60 124
60 72
60 75
60 76
60 79
60 80
60 106
60 107
60 81
60 83
60 109
60 121
60 115
60 116
60 111
60 89
60 90
60 118
60 92
60 93
60 61
60 114
61 102
61 94
61 62
61 95
61 96
61 97
61 64
61 66
61 69
61 71
61 103
61 104
61 73
61 127
61 75
61 76
61 77
61 79
61 80
61 106
61 83
61 84
61 108
61 85
61 121
61 115
61 123
61 110
61 116
61 88
61 117
61 89
61 112
61 113
61 114
62 119
62 97
62 98
62 99
62 66
62 67
62 68
62 70
62 124
62 72
62 73
62 105
62 76
62 77
62 78
62 80
62 107
62 81
62 84
62 109
62 123
62 86
62 110
62 117
62 111
62 122
62 113
62 90
62 91
62 118
62 114
63 102
63 94
63 119
63 95
63 99
63 65
63 66
63 100
63 67
63 68
63 69
63 101
63 124
63 72
63 73
63 74
63 127
63 105
63 78
63 79
63 80
63 106
63 107
63 84
63 108
63 125
63 85
63 123
63 116
63 88
63 111
63 89
63 112
63 126
63 91
63 118
63 92
64 96
64 98
64 69
64 70
64 71
64 72
64 104
64 73
64 74
64 127
64 77
64 79
64 80
64 81
64 82
64 83
64 85
64 86
64 87
64 110
64 116
64 88
64 112
64 122
64 90
64 91
64 93
65 94
65 119
65 98
65 120
65 100
65 67
65 68
65 69
65 71
65 73
65 75
65 76
65 77
65 78
65 79
65 80
65 81
65 82
65 84
65 85
65 121
65 123
65 86
65 87
65 116
65 88
65 117
65 113
65 90
65 118
65 93
65 114
66 102
66 119
66 96
66 98
66 99
66 120
66 67
66 68
66 69
66 124
66 72
66 104
66 73
66 74
66 127
66 75
66 77
66 78
66 80
66 106
66 107
66 82
66 83
66 84
66 125
66 85
66 86
66 87
66 110
66 116
66 88
66 122
66 113
66 118
66 93
67 102
67 94
67 96
67 98
67 99
67 120
67 68
67 101
67 70
67 124
67 72
67 103
67 105
67 76
67 79
67 80
67 107
67 81
67 82
67 108
67 125
67 85
67 121
67 110
67 116
67 111
67 89
67 122
67 93
67 74
67 119
67 91
67 92
68 100
68 94
68 119
68 97
68 98
68 99
68 120
68 101
68 72
68 104
68 73
68 74
68 127
68 105
68 76
68 77
68 79
68 80
68 106
68 82
68 84
68 108
68 125
68 109
68 85
68 123
68 86
68 116
68 111
68 113
68 90
68 91
68 93
68 92
69 100
69 119
69 96
69 97
69 70
69 124
69 104
69 77
69 78
69 79
69 80
69 81
69 108
69 125
69 109
69 121
69 115
69 123
69 86
69 87
69 117
69 111
69 89
69 122
69 126
69 90
70 100
70 94
70 96
70 97
70 98
70 120
70 101
70 71
70 72
70 103
70 104
70 73
70 127
70 75
70 76
70 77
70 78
70 80
70 106
70 107
70 81
70 82
70 84
70 85
70 115
70 116
70 88
70 117
70 89
70 112
70 122
70 113
70 90
70 118
70 92
70 114
71 94
71 119
71 95
71 96
71 98
71 72
71 104
71 73
71 75
71 105
71 76
71 77
71 78
71 80
71 106
71 107
71 82
71 83
71 84
71 125
71 109
71 121
71 86
71 110
71 116
71 88
71 117
71 112
71 122
71 113
71 92
72 102
72 100
72 95
72 96
72 97
72 98
72 99
72 120
72 103
72 104
72 73
72 74
72 77
72 78
72 107
72 81
72 83
72 84
72 108
72 125
72 117
72 111
72 122
72 126
72 113
72 90
72 91
72 92
72 114
73 102
73 100
73 95
73 96
73 97
73 98
73 99
73 120
73 104
73 127
73 105
73 78
73 79
73 80
73 106
73 107
73 82
73 83
73 84
73 108
73 109
73 121
73 86
73 110
73 88
73 89
73 90
73 91
73 92
73 93
74 100
74 119
74 96
74 101
74 103
74 104
74 127
74 105
74 76
74 78
74 79
74 80
74 107
74 81
74 108
74 125
74 109
74 85
74 115
74 86
74 110
74 116
74 88
74 111
74 89
74 112
74 90
74 91
74 114
74 94
74 92
75 102
75 119
75 96
75 120
75 124
75 104
75 78
75 79
75 80
75 106
75 107
75 81
75 82
75 83
75 125
75 85
75 121
75 115
75 123
75 86
75 88
75 126
75 113
75 90
75 118
75 93
76 102
76 100
76 119
76 96
76 98
76 101
76 104
76 127
76 105
76 78
76 106
76 107
76 81
76 83
76 84
76 121
76 86
76 116
76 88
76 89
76 112
76 122
76 90
76 91
76 93
76 114
77 100
77 119
77 95
77 97
77 124
77 103
77 104
77 127
77 79
77 80
77 106
77 107
77 81
77 82
77 83
77 125
77 85
77 121
77 123
77 86
77 87
77 116
77 88
77 117
77 89
77 112
77 126
77 113
77 114
78 97
78 98
78 124
78 79
78 106
78 107
78 81
78 121
78 115
78 123
78 110
78 88
78 117
78 111
78 112
78 126
78 90
78 91
78 118
78 92
78 93
79 102
79 96
79 97
79 98
79 99
79 120
79 124
79 103
79 127
79 105
79 106
79 107
79 82
79 83
79 84
79 109
79 85
79 123
79 86
79 116
79 88
79 89
79 126
79 90
79 91
79 93
80 102
80 100
80 94
80 95
80 97
80 99
80 120
80 101
80 124
80 104
80 82
80 83
80 84
80 108
80 125
80 115
80 86
80 110
80 89
80 112
80 122
80 126
80 113
80 91
80 92
80 114
80 119
81 102
81 98
81 124
81 107
81 83
81 125
81 109
81 85
81 121
81 110
81 116
81 88
81 111
81 89
81 112
81 122
81 126
81 113
82 100
82 119
82 95
82 99
82 120
82 101
82 104
82 127
82 105
82 84
82 108
82 85
82 121
82 115
82 87
82 117
82 112
82 126
82 113
82 90
82 91
82 114
83 100
83 94
83 96
83 120
83 124
83 127
83 105
83 109
83 115
83 86
83 87
83 111
83 112
83 122
83 93
83 114
84 119
84 96
84 97
84 120
84 101
84 103
84 127
84 105
84 107
84 109
84 123
84 88
84 89
84 122
84 113
84 93
85 102
85 100
85 119
85 95
85 98
85 120
85 101
85 127
85 105
85 123
85 87
85 88
85 117
85 122
85 126
85 118
85 92
85 114
86 102
86 94
86 119
86 97
86 101
86 103
86 127
86 106
86 107
86 109
86 121
86 115
86 87
86 116
86 88
86 89
86 126
86 90
86 114
87 94
87 119
87 95
87 96
87 97
87 98
87 99
87 120
87 124
87 103
87 104
87 127
87 106
87 108
87 121
87 115
87 116
87 88
87 122
87 126
87 113
87 91
87 118
87 114
88 102
88 119
88 96
88 99
88 120
88 124
88 127
88 105
88 108
88 125
88 115
88 117
88 89
88 112
88 126
88 113
88 90
88 91
88 118
88 93
88 114
89 102
89 100
89 94
89 95
89 96
89 97
89 98
89 120
89 101
89 103
89 127
89 105
89 107
89 125
89 109
89 121
89 123
89 111
89 112
89 118
90 99
90 120
90 101
90 124
90 104
90 105
90 106
90 107
90 125
90 109
90 110
90 117
90 111
90 126
90 113
90 93
91 102
91 100
91 94
91 119
91 120
91 104
91 127
91 107
91 121
91 123
91 110
91 118
91 93
91 114
91 108
91 101
91 92
92 102
92 100
92 94
92 119
92 95
92 97
92 98
92 99
92 103
92 127
92 105
92 108
92 125
92 121
92 115
92 123
92 117
92 112
92 113
92 101
93 94
93 95
93 98
93 120
93 101
93 103
93 105
93 108
93 125
93 115
93 123
93 116
93 122
93 126
93 118
94 102
94 100
94 119
94 97
94 99
94 127
94 125
94 115
94 123
94 110
94 117
94 112
94 108
94 101
95 102
95 119
95 103
95 104
95 127
95 106
95 107
95 125
95 109
95 121
95 110
95 117
95 112
95 122
95 126
95 113
95 118
96 102
96 97
96 107
96 108
96 109
96 115
96 111
96 112
96 113
96 118
97 100
97 119
97 98
97 99
97 127
97 107
97 108
97 125
97 109
97 121
97 115
97 123
97 117
97 111
97 112
97 122
97 113
97 114
98 120
98 101
98 124
98 103
98 104
98 127
98 106
98 107
98 108
98 125
98 109
98 121
98 115
98 123
98 110
98 117
98 112
98 122
98 114
99 120
99 105
99 107
99 125
99 121
99 116
99 122
100 120
100 101
100 105
100 106
100 107
100 108
100 121
100 115
100 116
100 117
100 122
101 102
101 119
101 127
101 108
101 121
101 110
101 116
101 117
102 124
102 105
102 115
102 122
102 114
103 124
103 104
103 107
103 125
103 121
103 126
103 114
104 119
104 120
104 127
104 125
104 109
104 121
104 115
104 110
104 118
105 124
105 106
105 107
105 125
105 121
105 110
105 117
105 111
105 112
105 122
105 118
105 114
106 119
106 109
106 121
106 115
106 123
106 110
106 116
106 117
106 111
106 114
107 120
107 124
107 127
107 125
107 121
107 115
107 110
107 116
107 117
107 122
107 126
107 118
108 120
108 124
108 125
108 123
108 116
108 117
108 111
108 112
108 118
108 119
109 120
109 115
109 110
109 116
109 117
109 111
109 112
109 122
109 126
109 113
109 118
109 114
110 127
110 121
110 115
110 123
110 117
110 111
110 112
111 119
111 124
111 125
111 116
111 117
111 112
111 122
111 126
112 127
112 121
112 123
112 116
112 126
112 113
112 118
113 120
113 124
113 127
113 121
113 115
113 122
113 118
113 114
114 119
114 124
114 123
114 116
114 122
114 118
115 119
115 120
115 121
115 117
115 126
116 119
116 120
116 124
116 127
116 125
116 121
116 117
116 122
116 118
117 124
117 127
117 121
117 126
117 118
118 119
118 124
118 125
118 121
118 123
119 124
119 121
119 122
120 125
120 121
120 122
121 127
121 125
121 123
121 124
121 122
122 127
122 125
122 123
122 124
122 126
123 124
123 126
124 125
125 127
126 127
