0 1
0 2
0 3
0 4
0 5
0 6
0 7
0 8
0 9
0 10
0 11
0 12
0 13
0 14
0 15
0 16
0 17
0 18
0 19
0 20
0 21
0 22
0 23
0 24
0 25
0 26
0 27
0 28
0 29
0 30
0 31
0 32
0 33
0 34
0 35
0 36
0 37
0 38
0 39
0 40
0 41
0 42
0 43
0 44
0 45
0 46
0 47
0 48
0 49
0 50
0 51
0 52
0 53
0 54
0 55
0 56
0 57
0 58
0 59
0 60
0 61
0 62
0 63
0 64
1 65
1 2
1 3
1 4
1 66
1 67
1 6
1 7
1 9
1 11
1 12
1 13
1 14
1 68
1 69
1 15
1 16
1 17
1 70
1 71
1 72
1 73
1 74
1 75
1 76
1 77
1 23
1 25
1 78
1 26
1 27
1 79
1 29
1 31
1 33
1 35
1 80
1 81
1 82
1 83
1 37
1 38
1 84
1 40
1 42
1 43
1 85
1 86
1 47
1 49
1 87
1 50
1 88
1 89
1 90
1 91
1 92
1 93
1 94
1 52
1 95
1 54
1 56
1 96
1 57
1 58
1 59
1 61
1 63
1 98
1 99
2 65
2 4
2 66
2 5
2 100
2 8
2 9
2 101
2 14
2 15
2 70
2 73
2 74
2 20
2 21
2 75
2 22
2 23
2 25
2 78
2 26
2 28
2 103
2 32
2 104
2 105
2 106
2 35
2 36
2 107
2 83
2 108
2 38
2 84
2 39
2 40
2 41
2 42
2 86
2 45
2 46
2 49
2 50
2 109
2 92
2 93
2 94
2 110
2 52
2 95
2 54
2 96
2 58
2 111
2 112
2 62
2 63
2 64
2 99
3 113
3 65
3 4
3 67
3 5
3 6
3 8
3 114
3 101
3 10
3 11
3 13
3 14
3 69
3 17
3 70
3 71
3 18
3 19
3 21
3 75
3 22
3 76
3 77
3 23
3 78
3 27
3 79
3 28
3 103
3 104
3 105
3 33
3 34
3 80
3 81
3 115
3 82
3 83
3 39
3 41
3 85
3 86
3 47
3 48
3 116
3 90
3 51
3 91
3 94
3 117
3 53
3 95
3 54
3 56
3 118
3 59
3 111
3 61
3 97
3 62
3 119
4 113
4 120
4 65
4 66
4 5
4 100
4 8
4 9
4 114
4 101
4 10
4 14
4 69
4 16
4 17
4 71
4 18
4 19
4 74
4 121
4 22
4 122
4 77
4 78
4 26
4 102
4 27
4 79
4 29
4 30
4 31
4 123
4 105
4 106
4 33
4 80
4 36
4 107
4 38
4 84
4 42
4 44
4 45
4 46
4 47
4 48
4 89
4 90
4 94
4 110
4 52
4 53
4 95
4 55
4 56
4 96
4 118
4 59
4 111
4 61
4 124
4 97
4 62
4 63
4 64
4 98
5 65
5 67
5 100
5 9
5 10
5 15
5 16
5 70
5 71
5 19
5 72
5 73
5 74
5 20
5 75
5 22
5 77
5 24
5 26
5 102
5 27
5 79
5 28
5 30
5 31
5 123
5 32
5 125
5 81
5 115
5 107
5 37
5 42
5 43
5 45
5 48
5 49
5 87
5 50
5 116
5 94
5 117
5 110
5 54
5 56
5 60
5 112
5 61
5 63
5 64
6 113
6 67
6 100
6 7
6 8
6 9
6 114
6 101
6 12
6 13
6 14
6 69
6 16
6 70
6 18
6 73
6 74
6 121
6 20
6 126
6 76
6 122
6 23
6 24
6 26
6 79
6 29
6 31
6 103
6 123
6 106
6 34
6 80
6 115
6 107
6 82
6 83
6 37
6 84
6 39
6 41
6 43
6 85
6 86
6 46
6 47
6 49
6 87
6 50
6 116
6 89
6 51
6 93
6 94
6 110
6 52
6 53
6 54
6 55
6 118
6 57
6 111
6 60
6 112
6 61
6 97
6 62
7 67
7 100
7 8
7 9
7 114
7 101
7 11
7 68
7 15
7 72
7 73
7 121
7 75
7 22
7 76
7 77
7 23
7 24
7 78
7 79
7 28
7 29
7 30
7 31
7 103
7 123
7 33
7 125
7 35
7 80
7 107
7 108
7 84
7 40
7 43
7 44
7 86
7 45
7 47
7 48
7 116
7 88
7 90
7 51
7 93
7 117
7 52
7 53
7 95
7 118
7 57
7 58
7 59
7 112
7 61
7 124
7 62
7 98
7 99
8 120
8 66
8 100
8 114
8 10
8 11
8 12
8 13
8 14
8 68
8 15
8 17
8 70
8 19
8 20
8 126
8 75
8 122
8 77
8 23
8 25
8 78
8 79
8 28
8 30
8 31
8 103
8 123
8 105
8 33
8 125
8 35
8 81
8 107
8 82
8 83
8 108
8 38
8 84
8 39
8 40
8 41
8 42
8 43
8 44
8 45
8 46
8 47
8 48
8 87
8 109
8 88
8 91
8 92
8 93
8 94
8 110
8 52
8 53
8 95
8 54
8 55
8 127
8 56
8 96
8 57
8 111
8 112
8 61
8 124
8 62
8 98
8 119
8 24
8 121
8 102
8 89
8 21
8 97
9 65
9 66
9 67
9 100
9 10
9 11
9 12
9 69
9 16
9 70
9 74
9 20
9 126
9 21
9 26
9 28
9 29
9 30
9 31
9 123
9 32
9 104
9 33
9 125
9 34
9 80
9 36
9 115
9 107
9 82
9 108
9 40
9 41
9 85
9 44
9 86
9 46
9 48
9 87
9 50
9 109
9 116
9 88
9 90
9 91
9 92
9 94
9 117
9 52
9 53
9 95
9 54
9 55
9 127
9 57
9 60
9 112
9 97
9 63
9 64
9 119
10 113
10 120
10 65
10 67
10 101
10 68
10 17
10 70
10 18
10 19
10 72
10 126
10 75
10 22
10 76
10 23
10 24
10 25
10 78
10 26
10 102
10 28
10 29
10 31
10 104
10 105
10 106
10 125
10 35
10 36
10 81
10 115
10 82
10 38
10 39
10 41
10 42
10 43
10 85
10 44
10 45
10 50
10 109
10 116
10 88
10 89
10 91
10 93
10 94
10 52
10 54
10 55
10 127
10 56
10 118
10 59
10 111
10 60
10 62
10 63
10 64
11 120
11 65
11 100
11 101
11 14
11 69
11 16
11 72
11 73
11 74
11 22
11 122
11 102
11 28
11 29
11 103
11 104
11 33
11 36
11 81
11 115
11 107
11 83
11 84
11 41
11 42
11 85
11 86
11 47
11 48
11 49
11 50
11 109
11 88
11 94
11 117
11 110
11 52
11 53
11 95
11 55
11 127
11 118
11 57
11 59
11 111
11 60
11 112
11 61
11 124
11 62
11 63
11 64
11 98
11 119
12 113
12 120
12 65
12 66
12 100
12 101
12 13
12 14
12 68
12 16
12 71
12 72
12 74
12 121
12 20
12 126
12 21
12 75
12 76
12 122
12 23
12 78
12 27
12 28
12 32
12 105
12 106
12 80
12 115
12 107
12 82
12 37
12 38
12 40
12 41
12 42
12 86
12 45
12 49
12 87
12 50
12 109
12 116
12 91
12 92
12 94
12 117
12 110
12 55
12 127
12 58
12 59
12 111
12 112
12 61
12 124
12 62
12 63
12 119
13 113
13 120
13 65
13 66
13 69
13 15
13 17
13 70
13 71
13 18
13 72
13 73
13 74
13 121
13 20
13 126
13 75
13 22
13 76
13 23
13 78
13 27
13 29
13 31
13 123
13 32
13 104
13 106
13 125
13 34
13 80
13 36
13 81
13 107
13 82
13 108
13 37
13 38
13 41
13 42
13 43
13 85
13 46
13 47
13 48
13 49
13 87
13 50
13 109
13 116
13 88
13 51
13 92
13 94
13 95
13 55
13 56
13 96
13 57
13 111
13 60
13 61
13 124
13 97
13 63
13 64
13 119
14 120
14 100
14 101
14 68
14 71
14 19
14 74
14 20
14 21
14 75
14 23
14 24
14 25
14 102
14 27
14 28
14 29
14 30
14 123
14 106
14 33
14 125
14 35
14 80
14 82
14 83
14 108
14 39
14 42
14 85
14 86
14 48
14 49
14 109
14 88
14 89
14 91
14 94
14 53
14 54
14 127
14 96
14 118
14 111
14 60
14 112
14 124
14 97
14 63
14 99
15 67
15 114
15 70
15 72
15 73
15 74
15 121
15 126
15 75
15 22
15 77
15 24
15 78
15 27
15 28
15 29
15 31
15 32
15 106
15 33
15 34
15 35
15 36
15 115
15 107
15 83
15 39
15 40
15 42
15 43
15 85
15 44
15 86
15 46
15 47
15 87
15 50
15 109
15 116
15 90
15 51
15 92
15 93
15 94
15 117
15 110
15 52
15 59
15 60
15 112
15 61
15 124
15 97
15 62
15 63
15 98
15 119
16 113
16 120
16 65
16 66
16 100
16 114
16 101
16 17
16 71
16 19
16 72
16 121
16 21
16 75
16 76
16 77
16 102
16 27
16 79
16 30
16 123
16 32
16 104
16 106
16 125
16 34
16 81
16 115
16 107
16 82
16 83
16 108
16 38
16 84
16 39
16 41
16 42
16 46
16 48
16 87
16 50
16 109
16 116
16 90
16 51
16 92
16 110
16 52
16 54
16 127
16 96
16 118
16 57
16 58
16 112
16 61
16 62
16 63
16 99
17 120
17 65
17 67
17 100
17 114
17 71
17 18
17 121
17 20
17 21
17 76
17 122
17 77
17 23
17 24
17 78
17 26
17 102
17 27
17 30
17 123
17 104
17 105
17 106
17 33
17 125
17 34
17 80
17 115
17 107
17 108
17 42
17 85
17 86
17 45
17 46
17 48
17 49
17 50
17 116
17 90
17 51
17 92
17 93
17 110
17 52
17 53
17 95
17 55
17 56
17 58
17 59
17 112
17 61
17 64
17 99
18 113
18 65
18 66
18 70
18 126
18 21
18 22
18 76
18 122
18 23
18 24
18 26
18 102
18 79
18 28
18 29
18 123
18 125
18 81
18 115
18 107
18 108
18 37
18 38
18 84
18 39
18 40
18 43
18 85
18 86
18 45
18 46
18 109
18 88
18 89
18 90
18 93
18 95
18 54
18 57
18 111
18 112
18 62
18 64
19 120
19 66
19 114
19 68
19 72
19 74
19 21
19 76
19 77
19 26
19 102
19 27
19 79
19 29
19 30
19 103
19 123
19 32
19 106
19 35
19 80
19 107
19 82
19 83
19 38
19 84
19 39
19 40
19 42
19 85
19 45
19 49
19 50
19 116
19 89
19 93
19 94
19 110
19 95
19 55
19 56
19 96
19 118
19 57
19 58
19 59
19 111
19 124
19 63
19 64
19 98
19 99
20 113
20 66
20 100
20 101
20 72
20 73
20 74
20 121
20 126
20 21
20 77
20 25
20 26
20 102
20 27
20 79
20 29
20 123
20 32
20 104
20 106
20 33
20 34
20 80
20 36
20 81
20 115
20 82
20 83
20 37
20 38
20 84
20 39
20 41
20 44
20 46
20 47
20 49
20 109
20 116
20 88
20 89
20 91
20 92
20 94
20 52
20 95
20 54
20 127
20 96
20 118
20 57
20 111
20 61
20 98
20 119
20 42
20 40
20 30
20 24
20 105
20 97
21 67
21 100
21 114
21 68
21 69
21 73
21 121
21 22
21 77
21 23
21 24
21 25
21 78
21 26
21 102
21 28
21 29
21 32
21 105
21 106
21 125
21 34
21 35
21 115
21 107
21 82
21 108
21 84
21 41
21 42
21 43
21 85
21 44
21 45
21 46
21 47
21 87
21 50
21 116
21 89
21 90
21 91
21 92
21 94
21 52
21 53
21 95
21 54
21 55
21 127
21 57
21 58
21 111
21 124
21 62
21 63
21 98
21 99
21 40
21 30
21 81
21 66
21 79
21 83
21 33
21 97
22 113
22 120
22 100
22 69
22 71
22 73
22 74
22 75
22 23
22 24
22 78
22 26
22 27
22 29
22 31
22 103
22 32
22 33
22 34
22 35
22 81
22 107
22 82
22 83
22 108
22 37
22 38
22 84
22 40
22 43
22 44
22 46
22 49
22 50
22 88
22 93
22 117
22 52
22 53
22 54
22 55
22 118
22 111
22 97
22 64
22 98
22 99
23 113
23 65
23 100
23 114
23 101
23 69
23 72
23 73
23 121
23 122
23 77
23 25
23 102
23 27
23 79
23 29
23 103
23 32
23 125
23 80
23 36
23 107
23 108
23 38
23 39
23 40
23 41
23 43
23 44
23 45
23 46
23 49
23 50
23 109
23 116
23 88
23 89
23 91
23 94
23 117
23 52
23 55
23 127
23 56
23 96
23 118
23 58
23 59
23 60
23 112
23 97
23 62
24 120
24 67
24 100
24 114
24 69
24 71
24 126
24 76
24 122
24 25
24 102
24 27
24 79
24 29
24 123
24 32
24 104
24 105
24 33
24 125
24 34
24 36
24 81
24 107
24 82
24 83
24 84
24 40
24 42
24 85
24 44
24 86
24 46
24 47
24 48
24 109
24 88
24 90
24 51
24 110
24 54
24 55
24 96
24 118
24 59
24 98
24 30
24 41
24 66
24 92
24 121
24 89
24 97
25 120
25 65
25 66
25 67
25 114
25 68
25 69
25 73
25 126
25 75
25 76
25 122
25 78
25 26
25 27
25 28
25 30
25 31
25 103
25 32
25 105
25 106
25 125
25 34
25 35
25 80
25 81
25 115
25 82
25 83
25 37
25 38
25 84
25 40
25 41
25 42
25 43
25 85
25 44
25 45
25 46
25 47
25 87
25 50
25 116
25 89
25 90
25 91
25 92
25 93
25 117
25 53
25 54
25 127
25 56
25 57
25 58
25 97
25 64
25 99
25 79
25 121
25 33
25 102
26 113
26 66
26 67
26 114
26 68
26 69
26 70
26 72
26 121
26 76
26 77
26 102
26 27
26 79
26 28
26 29
26 103
26 123
26 104
26 106
26 33
26 125
26 34
26 80
26 115
26 83
26 108
26 37
26 38
26 39
26 40
26 41
26 43
26 85
26 44
26 45
26 46
26 47
26 48
26 49
26 50
26 88
26 89
26 51
26 92
26 117
26 110
26 54
26 55
26 56
26 96
26 57
26 59
26 111
26 60
26 61
26 124
26 98
26 119
27 120
27 65
27 66
27 67
27 100
27 101
27 68
27 69
27 71
27 72
27 121
27 122
27 28
27 29
27 31
27 32
27 105
27 106
27 34
27 80
27 36
27 82
27 83
27 108
27 38
27 84
27 39
27 41
27 85
27 86
27 46
27 48
27 87
27 50
27 51
27 53
27 54
27 96
27 118
27 57
27 58
27 111
27 60
27 61
27 124
27 97
27 63
27 119
28 120
28 67
28 100
28 101
28 68
28 72
28 121
28 76
28 77
28 79
28 30
28 123
28 106
28 33
28 125
28 36
28 81
28 107
28 82
28 83
28 38
28 39
28 40
28 41
28 45
28 46
28 87
28 109
28 88
28 89
28 51
28 94
28 117
28 110
28 95
28 118
28 57
28 58
28 59
28 111
28 60
28 112
28 124
28 97
28 64
28 98
28 99
29 113
29 65
29 67
29 114
29 68
29 69
29 70
29 71
29 72
29 73
29 74
29 121
29 126
29 75
29 102
29 79
29 103
29 123
29 32
29 35
29 80
29 81
29 115
29 108
29 84
29 40
29 43
29 44
29 86
29 49
29 87
29 50
29 116
29 88
29 90
29 92
29 93
29 110
29 53
29 54
29 55
29 127
29 56
29 96
29 118
29 57
29 58
29 111
29 60
29 124
29 63
29 64
29 119
30 113
30 120
30 66
30 67
30 114
30 68
30 69
30 72
30 121
30 126
30 75
30 76
30 122
30 77
30 102
30 123
30 105
30 106
30 80
30 36
30 81
30 107
30 82
30 83
30 38
30 40
30 41
30 42
30 43
30 44
30 86
30 49
30 50
30 88
30 89
30 51
30 91
30 92
30 94
30 117
30 95
30 54
30 96
30 57
30 58
30 59
30 111
30 60
30 97
30 62
30 63
30 119
30 99
30 79
30 33
31 120
31 66
31 114
31 101
31 68
31 70
31 73
31 75
31 78
31 102
31 103
31 123
31 104
31 106
31 34
31 36
31 81
31 107
31 82
31 83
31 37
31 38
31 84
31 41
31 44
31 47
31 48
31 87
31 116
31 89
31 90
31 51
31 92
31 117
31 127
31 96
31 118
31 58
31 111
31 112
31 124
31 97
31 99
32 113
32 66
32 67
32 100
32 114
32 68
32 69
32 70
32 71
32 73
32 126
32 75
32 76
32 77
32 79
32 103
32 123
32 34
32 35
32 80
32 81
32 107
32 108
32 37
32 38
32 84
32 39
32 41
32 42
32 86
32 46
32 48
32 50
32 116
32 88
32 89
32 51
32 92
32 94
32 110
32 52
32 53
32 95
32 54
32 55
32 56
32 96
32 118
32 57
32 111
32 60
32 61
32 62
32 63
32 98
32 99
33 65
33 100
33 69
33 70
33 72
33 73
33 121
33 123
33 106
33 125
33 34
33 35
33 80
33 37
33 38
33 42
33 86
33 47
33 87
33 89
33 90
33 51
33 91
33 92
33 93
33 117
33 110
33 55
33 96
33 57
33 58
33 60
33 63
33 119
33 40
33 41
33 81
33 82
33 66
33 54
33 79
33 83
33 102
33 105
33 97
34 113
34 66
34 67
34 68
34 70
34 71
34 72
34 73
34 74
34 122
34 77
34 78
34 102
34 105
34 35
34 80
34 36
34 81
34 115
34 82
34 108
34 37
34 39
34 40
34 42
34 86
34 50
34 116
34 51
34 92
34 93
34 52
34 54
34 56
34 96
34 118
34 124
34 62
34 63
34 98
34 119
35 65
35 66
35 114
35 101
35 68
35 70
35 72
35 121
35 126
35 75
35 76
35 122
35 77
35 78
35 102
35 79
35 123
35 104
35 105
35 106
35 36
35 81
35 82
35 108
35 37
35 38
35 84
35 40
35 42
35 44
35 86
35 45
35 46
35 49
35 87
35 50
35 109
35 90
35 91
35 92
35 93
35 94
35 52
35 95
35 54
35 56
35 96
35 118
35 59
35 111
35 60
35 112
35 124
35 97
35 62
35 63
35 119
35 99
36 120
36 65
36 100
36 68
36 70
36 73
36 121
36 75
36 76
36 77
36 102
36 79
36 106
36 115
36 82
36 108
36 37
36 39
36 40
36 44
36 86
36 45
36 46
36 48
36 50
36 91
36 93
36 117
36 52
36 53
36 54
36 96
36 118
36 58
36 59
36 111
36 124
36 97
36 119
37 114
37 68
37 69
37 70
37 73
37 126
37 76
37 122
37 77
37 78
37 102
37 103
37 123
37 104
37 105
37 80
37 81
37 83
37 39
37 40
37 42
37 43
37 44
37 86
37 49
37 87
37 50
37 89
37 90
37 91
37 92
37 93
37 110
37 95
37 55
37 56
37 58
37 59
37 124
37 64
37 119
38 100
38 114
38 101
38 70
38 72
38 74
38 121
38 126
38 75
38 122
38 77
38 79
38 104
38 105
38 106
38 125
38 83
38 84
38 39
38 40
38 41
38 42
38 44
38 47
38 48
38 87
38 50
38 109
38 116
38 91
38 94
38 117
38 52
38 53
38 95
38 55
38 56
38 118
38 57
38 58
38 59
38 111
38 60
38 97
38 62
38 64
38 99
39 113
39 120
39 66
39 100
39 101
39 68
39 71
39 72
39 73
39 74
39 121
39 126
39 75
39 122
39 78
39 102
39 103
39 123
39 105
39 106
39 80
39 107
39 83
39 108
39 40
39 42
39 45
39 46
39 47
39 48
39 49
39 87
39 109
39 116
39 88
39 51
39 52
39 53
39 95
39 54
39 96
39 118
39 59
39 60
39 112
39 61
39 62
39 64
39 98
39 119
40 113
40 120
40 66
40 71
40 72
40 73
40 74
40 126
40 122
40 79
40 123
40 104
40 105
40 106
40 125
40 80
40 81
40 115
40 107
40 82
40 108
40 84
40 41
40 42
40 43
40 85
40 46
40 47
40 87
40 50
40 89
40 90
40 91
40 92
40 52
40 53
40 54
40 118
40 58
40 111
40 112
40 61
40 97
40 62
40 63
40 121
40 83
40 102
41 120
41 65
41 66
41 67
41 101
41 69
41 70
41 74
41 126
41 75
41 76
41 122
41 78
41 102
41 104
41 125
41 80
41 81
41 107
41 82
41 84
41 42
41 43
41 86
41 45
41 46
41 109
41 88
41 89
41 90
41 51
41 92
41 93
41 53
41 54
41 127
41 56
41 118
41 59
41 111
41 62
41 63
41 99
41 79
41 121
41 83
41 105
41 97
42 66
42 68
42 69
42 70
42 71
42 72
42 126
42 75
42 122
42 77
42 78
42 103
42 105
42 106
42 125
42 81
42 115
42 82
42 43
42 45
42 47
42 48
42 87
42 50
42 116
42 89
42 90
42 51
42 91
42 92
42 94
42 117
42 110
42 52
42 54
42 55
42 127
42 56
42 96
42 57
42 58
42 59
42 111
42 60
42 61
42 124
42 98
42 79
42 121
42 83
42 102
42 97
43 101
43 72
43 73
43 121
43 78
43 102
43 79
43 104
43 105
43 125
43 81
43 107
43 82
43 83
43 84
43 45
43 47
43 48
43 49
43 87
43 50
43 109
43 88
43 89
43 90
43 91
43 117
43 53
43 96
43 118
43 57
43 58
43 59
43 111
43 60
43 112
43 61
43 124
43 62
43 63
43 99
44 101
44 68
44 73
44 74
44 75
44 123
44 104
44 105
44 125
44 85
44 86
44 45
44 46
44 47
44 88
44 90
44 51
44 91
44 93
44 117
44 110
44 53
44 54
44 56
44 96
44 118
44 57
44 59
44 60
44 112
44 124
44 62
44 64
44 98
44 119
45 120
45 65
45 66
45 114
45 68
45 71
45 72
45 74
45 75
45 76
45 122
45 77
45 103
45 105
45 106
45 125
45 80
45 81
45 107
45 87
45 50
45 88
45 89
45 117
45 52
45 53
45 127
45 58
45 59
45 111
45 60
45 97
45 62
45 63
45 98
45 119
45 99
46 113
46 120
46 65
46 66
46 67
46 100
46 68
46 70
46 74
46 75
46 76
46 77
46 102
46 79
46 103
46 104
46 105
46 106
46 125
46 80
46 115
46 107
46 82
46 108
46 85
46 49
46 89
46 51
46 91
46 92
46 117
46 53
46 54
46 127
46 58
46 59
46 60
46 98
46 119
47 113
47 65
47 66
47 67
47 100
47 71
47 73
47 121
47 122
47 77
47 102
47 79
47 123
47 104
47 106
47 125
47 81
47 107
47 82
47 83
47 108
47 84
47 85
47 49
47 88
47 90
47 51
47 91
47 92
47 93
47 110
47 95
47 54
47 127
47 57
47 58
47 59
47 111
47 60
47 61
47 124
47 62
47 63
47 64
48 120
48 67
48 101
48 68
48 70
48 71
48 72
48 73
48 75
48 76
48 77
48 78
48 102
48 79
48 103
48 104
48 105
48 106
48 115
48 107
48 85
48 49
48 87
48 109
48 90
48 91
48 92
48 94
48 117
48 110
48 55
48 118
48 57
48 59
48 62
48 63
48 119
49 113
49 65
49 66
49 67
49 100
49 114
49 71
49 72
49 74
49 126
49 122
49 77
49 78
49 102
49 79
49 123
49 104
49 106
49 81
49 82
49 108
49 84
49 85
49 86
49 50
49 88
49 89
49 90
49 91
49 93
49 117
49 110
49 95
49 55
49 127
49 96
49 118
49 57
49 111
49 61
49 97
49 62
49 119
50 120
50 65
50 66
50 67
50 101
50 68
50 70
50 72
50 126
50 75
50 122
50 78
50 79
50 123
50 104
50 106
50 80
50 81
50 82
50 84
50 116
50 88
50 90
50 51
50 91
50 93
50 94
50 110
50 53
50 54
50 55
50 127
50 96
50 112
50 124
50 97
50 62
50 63
50 64
50 98
50 99
51 65
51 66
51 114
51 68
51 121
51 122
51 78
51 102
51 123
51 104
51 105
51 106
51 81
51 108
51 85
51 86
51 87
51 89
51 90
51 92
51 93
51 94
51 110
51 52
51 53
51 55
51 127
51 118
51 59
51 112
51 61
51 97
51 62
51 64
51 98
51 119
52 113
52 120
52 65
52 100
52 101
52 68
52 69
52 70
52 126
52 76
52 122
52 79
52 103
52 123
52 104
52 81
52 108
52 86
52 88
52 89
52 90
52 92
52 93
52 94
52 117
52 54
52 55
52 56
52 57
52 60
52 61
52 124
52 97
52 62
52 119
53 113
53 66
53 67
53 114
53 69
53 70
53 72
53 126
53 75
53 76
53 78
53 102
53 104
53 106
53 80
53 81
53 115
53 84
53 88
53 89
53 90
53 94
53 110
53 95
53 55
53 56
53 96
53 57
53 58
53 59
53 60
53 61
53 124
53 97
53 64
53 98
54 66
54 67
54 100
54 101
54 68
54 71
54 73
54 121
54 75
54 76
54 122
54 78
54 79
54 106
54 125
54 80
54 81
54 107
54 82
54 83
54 108
54 85
54 86
54 116
54 89
54 90
54 92
54 55
54 127
54 96
54 57
54 58
54 111
54 112
54 62
54 98
54 119
54 102
54 105
54 97
55 113
55 120
55 65
55 66
55 67
55 100
55 101
55 69
55 70
55 71
55 73
55 121
55 126
55 75
55 102
55 123
55 105
55 106
55 125
55 80
55 83
55 85
55 86
55 87
55 109
55 116
55 88
55 89
55 91
55 92
55 94
55 117
55 95
55 127
55 96
55 57
55 58
55 124
55 97
55 62
55 64
55 119
55 99
56 113
56 66
56 67
56 114
56 70
56 72
56 121
56 126
56 122
56 104
56 106
56 125
56 115
56 107
56 87
56 109
56 116
56 89
56 91
56 92
56 94
56 95
56 127
56 96
56 118
56 57
56 59
56 111
56 60
56 112
56 61
56 63
56 64
56 98
56 119
56 99
57 113
57 120
57 65
57 66
57 67
57 100
57 68
57 69
57 70
57 121
57 75
57 77
57 102
57 79
57 103
57 123
57 105
57 106
57 125
57 80
57 115
57 82
57 83
57 108
57 86
57 109
57 89
57 90
57 93
57 95
57 127
57 96
57 58
57 59
57 111
57 60
57 112
57 124
57 97
57 64
57 98
57 99
58 113
58 120
58 65
58 100
58 114
58 69
58 70
58 72
58 75
58 76
58 102
58 104
58 106
58 125
58 82
58 108
58 85
58 86
58 87
58 116
58 88
58 90
58 91
58 92
58 127
58 96
58 118
58 59
58 111
58 61
58 97
58 98
58 119
59 113
59 120
59 65
59 66
59 100
59 68
59 70
59 72
59 74
59 76
59 122
59 77
59 102
59 79
59 103
59 104
59 106
59 107
59 108
59 109
59 116
59 90
59 94
59 117
59 110
59 95
59 127
59 60
59 61
59 124
59 62
59 64
59 98
60 120
60 100
60 114
60 69
60 71
60 72
60 73
60 76
60 77
60 102
60 79
60 123
60 104
60 105
60 125
60 82
60 85
60 109
60 116
60 88
60 90
60 94
60 110
60 95
60 118
60 112
60 124
60 97
60 63
60 119
60 99
61 113
61 120
61 65
61 66
61 101
61 68
61 69
61 70
61 121
61 75
61 78
61 103
61 123
61 104
61 106
61 81
61 107
61 82
61 83
61 108
61 86
61 87
61 116
61 92
61 117
61 127
61 118
61 124
61 63
61 64
61 119
62 120
62 100
62 114
62 101
62 69
62 70
62 74
62 121
62 126
62 75
62 76
62 122
62 77
62 102
62 79
62 106
62 80
62 81
62 82
62 83
62 84
62 86
62 116
62 88
62 94
62 110
62 95
62 96
62 124
62 63
62 64
62 98
62 119
62 99
63 120
63 65
63 100
63 69
63 71
63 72
63 73
63 74
63 126
63 76
63 122
63 102
63 103
63 104
63 80
63 81
63 107
63 82
63 84
63 109
63 116
63 89
63 90
63 91
63 92
63 110
63 95
63 96
63 118
63 124
63 97
63 98
63 99
64 65
64 66
64 114
64 68
64 69
64 70
64 71
64 73
64 75
64 79
64 103
64 106
64 125
64 82
64 108
64 87
64 90
64 95
64 127
64 112
64 97
64 119
64 99
65 113
65 120
65 66
65 100
65 114
65 68
65 71
65 72
65 74
65 126
65 78
65 123
65 104
65 106
65 107
65 108
65 84
65 85
65 86
65 89
65 92
65 93
65 94
65 117
65 110
65 118
65 112
65 124
65 98
65 99
66 113
66 120
66 100
66 101
66 68
66 70
66 121
66 75
66 77
66 79
66 104
66 81
66 107
66 82
66 86
66 109
66 89
66 90
66 92
66 94
66 118
66 111
66 112
66 124
66 83
66 102
66 105
66 97
67 120
67 100
67 68
67 69
67 70
67 71
67 121
67 76
67 122
67 77
67 78
67 103
67 125
67 81
67 115
67 82
67 84
67 85
67 116
67 88
67 90
67 93
67 94
67 117
67 110
67 95
67 118
67 112
67 124
67 97
67 98
68 113
68 100
68 101
68 72
68 73
68 74
68 121
68 76
68 77
68 78
68 79
68 104
68 105
68 125
68 80
68 81
68 107
68 82
68 108
68 85
68 109
68 89
68 92
68 93
68 127
68 118
68 112
68 98
68 119
69 114
69 101
69 71
69 72
69 73
69 126
69 79
69 103
69 123
69 106
69 125
69 81
69 115
69 82
69 83
69 85
69 87
69 116
69 92
69 94
69 117
69 95
69 96
69 112
69 124
69 97
69 119
70 113
70 120
70 100
70 101
70 71
70 73
70 74
70 122
70 77
70 78
70 102
70 79
70 123
70 104
70 106
70 125
70 80
70 81
70 82
70 83
70 108
70 85
70 86
70 116
70 89
70 90
70 93
70 127
70 96
70 97
70 99
71 120
71 114
71 76
71 123
71 106
71 125
71 80
71 81
71 115
71 82
71 84
71 85
71 86
71 109
71 116
71 89
71 90
71 91
71 127
71 96
71 118
71 111
71 112
71 124
71 98
72 120
72 114
72 101
72 73
72 74
72 126
72 75
72 76
72 77
72 78
72 102
72 103
72 105
72 106
72 125
72 81
72 115
72 107
72 82
72 109
72 116
72 89
72 127
72 96
72 112
72 119
73 74
73 121
73 76
73 122
73 77
73 102
73 104
73 125
73 107
73 82
73 83
73 85
73 87
73 109
73 89
73 90
73 92
73 117
73 112
73 98
73 119
73 99
74 113
74 120
74 100
74 114
74 126
74 76
74 122
74 77
74 79
74 103
74 123
74 105
74 125
74 80
74 107
74 82
74 108
74 84
74 86
74 88
74 89
74 90
74 92
74 93
74 117
74 110
74 95
74 127
74 118
74 111
74 112
74 124
74 97
74 119
75 113
75 114
75 101
75 121
75 126
75 122
75 78
75 102
75 103
75 106
75 125
75 80
75 81
75 115
75 107
75 108
75 86
75 109
75 88
75 89
75 90
75 92
75 93
75 94
75 117
75 110
75 127
75 96
75 118
75 111
75 112
75 124
75 119
76 113
76 100
76 126
76 78
76 123
76 104
76 81
76 115
76 107
76 82
76 83
76 108
76 84
76 86
76 109
76 116
76 92
76 110
76 96
76 124
76 97
76 98
76 119
76 99
77 100
77 101
77 121
77 122
77 79
77 104
77 105
77 82
77 85
77 91
77 93
77 117
77 110
77 95
77 118
77 111
77 112
77 98
78 120
78 100
78 114
78 122
78 102
78 79
78 105
78 106
78 80
78 115
78 82
78 108
78 84
78 85
78 86
78 87
78 116
78 88
78 89
78 92
78 93
78 94
78 117
78 127
78 118
78 111
78 112
78 97
78 119
79 113
79 120
79 100
79 114
79 121
79 126
79 102
79 103
79 123
79 104
79 105
79 106
79 125
79 80
79 81
79 82
79 83
79 85
79 116
79 88
79 89
79 91
79 92
79 93
79 117
79 127
79 111
79 124
79 97
79 98
80 113
80 120
80 114
80 126
80 104
80 81
80 115
80 108
80 85
80 109
80 89
80 91
80 92
80 110
80 127
80 96
80 118
80 111
80 99
81 113
81 120
81 100
81 114
81 126
81 102
81 103
81 104
81 105
81 115
81 82
81 86
81 90
81 91
81 92
81 94
81 117
81 95
81 96
81 124
81 97
81 119
81 99
81 121
81 83
81 89
82 120
82 126
82 106
82 84
82 85
82 88
82 92
82 117
82 110
82 95
82 96
82 118
82 121
82 83
82 102
82 89
82 105
82 97
83 113
83 101
83 126
83 103
83 123
83 106
83 87
83 116
83 89
83 92
83 93
83 117
83 118
83 112
83 97
83 99
83 121
83 102
83 105
84 113
84 120
84 100
84 101
84 122
84 123
84 125
84 115
84 107
84 85
84 86
84 87
84 89
84 90
84 92
84 93
84 118
84 97
84 119
84 99
85 114
85 121
85 126
85 122
85 103
85 123
85 125
85 115
85 87
85 109
85 88
85 90
85 91
85 92
85 94
85 117
85 110
85 95
85 127
85 112
85 98
85 119
85 99
86 114
86 121
86 126
86 122
86 115
86 107
86 88
86 90
86 91
86 94
86 110
86 127
86 124
86 97
86 98
86 99
87 120
87 101
87 121
87 126
87 103
87 105
87 106
87 125
87 115
87 108
87 116
87 90
87 91
87 93
87 110
87 118
87 112
87 124
87 98
88 113
88 120
88 101
88 126
88 122
88 103
88 105
88 125
88 115
88 107
88 109
88 92
88 93
88 94
88 117
88 110
88 118
88 124
88 98
89 113
89 121
89 126
89 103
89 105
89 115
89 107
89 92
89 93
89 110
89 118
89 112
89 97
89 119
89 102
90 113
90 100
90 121
90 126
90 122
90 123
90 104
90 125
90 107
90 108
90 109
90 92
90 117
90 110
90 118
90 112
90 119
91 113
91 100
91 114
91 101
91 126
91 123
91 104
91 106
91 125
91 115
91 108
91 109
91 93
91 95
91 96
91 98
91 99
92 100
92 101
92 103
92 123
92 107
92 108
92 109
92 93
92 94
92 95
92 96
92 111
92 112
92 119
92 121
92 102
92 105
92 97
93 114
93 121
93 103
93 123
93 104
93 115
93 116
93 94
93 117
93 110
93 95
93 118
93 111
93 112
93 124
93 98
93 119
93 99
94 113
94 114
94 101
94 121
94 126
94 102
94 104
94 105
94 125
94 107
94 108
94 109
94 116
94 95
94 127
94 112
94 124
94 97
95 113
95 120
95 121
95 122
95 102
95 103
95 104
95 125
95 107
95 109
95 116
95 117
95 110
95 127
95 118
95 111
95 112
95 119
95 99
96 113
96 114
96 101
96 126
96 102
96 123
96 104
96 106
96 125
96 115
96 107
96 109
96 116
96 127
96 111
96 112
96 97
96 98
97 101
97 121
97 126
97 122
97 102
97 103
97 125
97 107
97 108
97 109
97 110
97 111
97 112
97 119
97 105
98 120
98 114
98 123
98 106
98 115
98 108
98 109
98 116
98 117
98 111
98 112
98 99
99 101
99 121
99 104
99 106
99 108
99 110
99 127
99 118
99 111
99 112
99 124
99 119
100 101
100 121
100 102
100 105
100 108
100 109
100 119
100 111
100 112
100 118
101 113
101 114
101 103
101 123
101 104
101 105
101 125
101 108
101 110
101 111
101 112
102 113
102 120
102 114
102 121
102 126
102 104
102 105
102 108
102 110
102 111
102 112
102 124
103 120
103 126
103 122
103 123
103 125
103 107
103 108
103 116
103 110
103 119
103 104
103 115
103 117
103 118
103 111
103 112
103 124
104 120
104 114
104 121
104 126
104 123
104 107
104 108
104 116
104 119
104 115
104 117
104 127
104 118
104 124
105 113
105 122
105 125
105 107
105 108
105 116
105 110
105 127
105 118
105 111
105 124
105 119
105 121
106 114
106 126
106 122
106 123
106 125
106 107
106 109
106 115
107 113
107 120
107 126
107 122
107 123
107 125
107 115
107 116
107 117
107 110
107 127
107 111
108 113
108 120
108 114
108 121
108 125
108 109
108 118
108 111
108 124
109 113
109 126
109 115
109 116
109 117
109 127
109 112
109 124
110 113
110 114
110 121
110 115
110 127
110 118
110 112
110 124
111 120
111 114
111 126
111 122
111 123
111 125
111 116
111 119
111 117
111 127
111 124
112 120
112 114
112 126
112 119
112 117
112 115
112 124
113 120
113 114
113 121
113 126
113 122
113 123
113 125
113 116
113 119
114 120
114 125
114 117
114 127
114 118
114 124
115 122
115 116
115 119
115 124
116 121
116 122
116 125
116 127
116 118
116 124
116 119
117 120
117 126
117 123
117 119
117 127
117 118
118 125
118 119
118 124
119 120
119 121
119 125
119 124
120 121
120 122
120 123
121 122
121 123
121 127
122 126
122 123
122 125
123 126
123 125
124 126
124 125
