0 1
0 2
0 3
0 4
0 5
0 6
0 7
0 8
0 9
0 10
0 11
0 12
0 13
0 14
0 15
0 16
0 17
0 18
0 20
0 21
0 22
0 23
0 24
0 25
0 26
0 27
0 28
0 29
0 30
0 31
0 32
0 33
0 34
0 35
0 36
0 37
0 38
0 39
0 40
0 41
0 42
0 43
0 44
0 45
0 46
0 47
0 48
0 49
0 50
0 51
0 52
0 53
0 54
0 55
0 56
0 57
0 58
0 59
0 60
0 61
0 62
0 63
0 64
0 65
1 66
1 4
1 67
1 7
1 9
1 68
1 69
1 16
1 70
1 71
1 72
1 73
1 74
1 23
1 75
1 24
1 26
1 27
1 76
1 28
1 30
1 31
1 77
1 78
1 35
1 79
1 80
1 38
1 81
1 42
1 43
1 82
1 44
1 83
1 84
1 85
1 86
1 87
1 49
1 88
1 89
1 52
1 90
1 54
1 55
1 56
1 91
1 63
1 65
2 4
2 5
2 6
2 67
2 7
2 8
2 11
2 12
2 92
2 93
2 13
2 14
2 15
2 16
2 70
2 94
2 18
2 19
2 20
2 21
2 95
2 22
2 73
2 74
2 96
2 97
2 23
2 75
2 25
2 26
2 27
2 98
2 99
2 29
2 100
2 31
2 77
2 101
2 102
2 103
2 32
2 104
2 33
2 105
2 34
2 78
2 79
2 106
2 107
2 81
2 108
2 45
2 109
2 110
2 47
2 49
2 50
2 111
2 51
2 52
2 112
2 113
2 114
2 115
2 54
2 55
2 57
2 58
2 59
2 61
2 91
2 62
2 63
2 65
2 10
2 71
2 82
2 120
2 68
3 116
3 67
3 10
3 117
3 92
3 93
3 13
3 118
3 14
3 15
3 70
3 18
3 19
3 72
3 95
3 73
3 74
3 96
3 119
3 97
3 26
3 27
3 76
3 28
3 29
3 100
3 30
3 77
3 32
3 121
3 78
3 79
3 38
3 106
3 42
3 82
3 44
3 108
3 83
3 85
3 109
3 122
3 46
3 47
3 49
3 50
3 89
3 113
3 53
3 54
3 55
3 56
3 59
3 61
3 91
3 62
3 63
3 64
3 65
4 116
4 66
4 5
4 123
4 6
4 67
4 8
4 10
4 117
4 11
4 12
4 13
4 118
4 14
4 15
4 69
4 16
4 17
4 71
4 18
4 19
4 20
4 21
4 73
4 74
4 120
4 75
4 25
4 26
4 27
4 28
4 29
4 100
4 30
4 31
4 101
4 102
4 32
4 33
4 105
4 34
4 78
4 35
4 79
4 37
4 80
4 39
4 40
4 81
4 45
4 83
4 84
4 122
4 47
4 48
4 111
4 51
4 89
4 52
4 113
4 53
4 54
4 57
4 58
4 59
4 61
4 62
4 63
5 116
5 66
5 123
5 67
5 7
5 117
5 12
5 93
5 68
5 14
5 69
5 71
5 18
5 124
5 20
5 22
5 73
5 125
5 96
5 119
5 120
5 97
5 23
5 75
5 24
5 25
5 26
5 27
5 98
5 99
5 100
5 30
5 77
5 102
5 104
5 121
5 105
5 34
5 78
5 37
5 80
5 40
5 81
5 42
5 43
5 82
5 44
5 108
5 45
5 84
5 85
5 109
5 122
5 86
5 87
5 110
5 46
5 47
5 48
5 49
5 50
5 88
5 89
5 52
5 112
5 113
5 53
5 115
5 55
5 57
5 59
5 60
5 61
5 91
5 62
5 63
5 19
5 10
5 54
5 79
6 116
6 66
6 7
6 9
6 10
6 117
6 11
6 12
6 93
6 68
6 13
6 118
6 16
6 70
6 17
6 94
6 124
6 20
6 22
6 73
6 74
6 96
6 119
6 120
6 23
6 75
6 24
6 25
6 27
6 76
6 30
6 102
6 103
6 32
6 104
6 33
6 105
6 34
6 78
6 126
6 37
6 38
6 106
6 40
6 41
6 43
6 44
6 84
6 85
6 122
6 86
6 110
6 46
6 47
6 48
6 49
6 50
6 89
6 52
6 112
6 90
6 53
6 114
6 115
6 58
6 60
6 61
6 91
6 64
6 127
6 65
7 66
7 123
7 67
7 9
7 10
7 117
7 118
7 14
7 69
7 16
7 70
7 17
7 94
7 18
7 124
7 20
7 95
7 22
7 125
7 96
7 120
7 97
7 23
7 75
7 25
7 26
7 99
7 100
7 102
7 103
7 121
7 33
7 105
7 78
7 35
7 79
7 80
7 38
7 39
7 107
7 81
7 82
7 108
7 45
7 83
7 122
7 86
7 87
7 47
7 48
7 49
7 52
7 113
7 114
7 115
7 56
7 59
7 60
7 91
7 63
7 64
7 65
7 19
7 57
7 71
7 12
7 54
7 68
8 116
8 123
8 10
8 117
8 12
8 92
8 13
8 14
8 69
8 16
8 71
8 20
8 21
8 22
8 119
8 120
8 97
8 23
8 24
8 26
8 27
8 76
8 98
8 99
8 100
8 31
8 77
8 103
8 32
8 104
8 33
8 34
8 126
8 80
8 38
8 106
8 81
8 41
8 42
8 43
8 44
8 108
8 45
8 84
8 85
8 109
8 86
8 87
8 48
8 49
8 50
8 51
8 88
8 52
8 90
8 113
8 53
8 114
8 54
8 59
8 60
8 61
8 65
9 116
9 67
9 117
9 11
9 93
9 13
9 118
9 69
9 16
9 94
9 20
9 72
9 95
9 73
9 74
9 119
9 120
9 97
9 23
9 24
9 25
9 26
9 27
9 99
9 29
9 31
9 77
9 104
9 121
9 33
9 105
9 34
9 78
9 79
9 37
9 80
9 38
9 81
9 42
9 82
9 44
9 45
9 83
9 84
9 85
9 122
9 110
9 48
9 50
9 51
9 88
9 90
9 54
9 55
9 57
9 58
9 91
9 127
9 65
10 116
10 66
10 67
10 92
10 93
10 68
10 16
10 94
10 18
10 19
10 21
10 95
10 73
10 125
10 96
10 97
10 23
10 24
10 25
10 26
10 98
10 99
10 29
10 31
10 103
10 32
10 121
10 105
10 34
10 78
10 35
10 126
10 38
10 39
10 40
10 81
10 43
10 44
10 108
10 45
10 87
10 110
10 47
10 48
10 50
10 111
10 51
10 52
10 114
10 115
10 54
10 56
10 57
10 58
10 91
10 63
10 64
10 65
10 59
10 113
10 100
10 71
10 82
10 12
10 49
10 120
10 79
11 92
11 93
11 13
11 118
11 15
11 70
11 20
11 72
11 95
11 22
11 73
11 125
11 120
11 97
11 75
11 27
11 98
11 99
11 29
11 100
11 31
11 77
11 32
11 104
11 121
11 35
11 38
11 106
11 107
11 41
11 43
11 44
11 108
11 84
11 109
11 87
11 46
11 50
11 111
11 51
11 112
11 113
11 53
11 114
11 54
11 55
11 56
11 57
11 60
11 91
11 62
11 64
12 116
12 67
12 117
12 93
12 13
12 70
12 94
12 18
12 124
12 19
12 20
12 74
12 125
12 96
12 120
12 23
12 24
12 25
12 26
12 98
12 28
12 99
12 29
12 100
12 31
12 102
12 33
12 34
12 126
12 39
12 40
12 41
12 43
12 82
12 108
12 84
12 85
12 110
12 46
12 48
12 50
12 51
12 89
12 112
12 90
12 113
12 114
12 115
12 56
12 58
12 59
12 91
12 64
12 127
12 65
12 63
12 97
12 45
12 57
12 71
12 49
12 54
12 68
12 79
13 116
13 123
13 117
13 92
13 93
13 118
13 14
13 69
13 94
13 18
13 124
13 95
13 73
13 96
13 120
13 23
13 75
13 26
13 27
13 98
13 28
13 99
13 30
13 31
13 77
13 101
13 103
13 32
13 121
13 78
13 35
13 126
13 37
13 80
13 38
13 106
13 107
13 40
13 41
13 43
13 83
13 85
13 109
13 122
13 86
13 48
13 49
13 50
13 111
13 52
13 90
13 53
13 114
13 115
13 56
13 58
13 60
13 91
13 62
13 63
13 127
14 116
14 66
14 123
14 117
14 68
14 118
14 15
14 16
14 71
14 21
14 95
14 125
14 96
14 23
14 25
14 27
14 100
14 31
14 77
14 102
14 121
14 34
14 78
14 36
14 37
14 38
14 106
14 107
14 40
14 42
14 108
14 45
14 122
14 110
14 46
14 47
14 48
14 49
14 88
14 89
14 112
14 90
14 115
14 54
14 61
14 91
14 62
14 64
14 127
14 65
15 66
15 123
15 117
15 92
15 93
15 68
15 118
15 69
15 71
15 124
15 21
15 72
15 95
15 22
15 73
15 74
15 96
15 23
15 75
15 25
15 26
15 27
15 76
15 98
15 30
15 102
15 104
15 121
15 33
15 105
15 35
15 79
15 80
15 106
15 39
15 107
15 40
15 81
15 41
15 43
15 108
15 45
15 83
15 109
15 86
15 87
15 47
15 49
15 50
15 88
15 52
15 113
15 115
15 56
15 57
15 61
15 91
15 62
15 63
15 127
15 65
16 123
16 93
16 70
16 17
16 18
16 20
16 72
16 95
16 119
16 23
16 24
16 25
16 76
16 28
16 99
16 29
16 102
16 104
16 34
16 78
16 35
16 126
16 37
16 38
16 106
16 107
16 40
16 81
16 45
16 83
16 84
16 109
16 87
16 110
16 46
16 47
16 48
16 50
16 111
16 88
16 113
16 53
16 114
16 115
16 54
16 55
16 56
16 59
16 61
16 91
16 63
16 127
16 65
17 66
17 123
17 93
17 69
17 70
17 124
17 19
17 21
17 22
17 73
17 96
17 120
17 27
17 28
17 99
17 30
17 77
17 103
17 32
17 104
17 105
17 35
17 36
17 126
17 79
17 37
17 38
17 106
17 39
17 40
17 43
17 82
17 44
17 108
17 109
17 86
17 87
17 110
17 49
17 50
17 111
17 112
17 53
17 115
17 58
17 59
17 60
17 61
17 91
17 65
18 123
18 92
18 93
18 118
18 69
18 70
18 71
18 94
18 19
18 20
18 21
18 95
18 73
18 74
18 125
18 119
18 120
18 97
18 25
18 26
18 76
18 98
18 28
18 29
18 100
18 77
18 32
18 104
18 35
18 36
18 79
18 37
18 38
18 106
18 41
18 42
18 43
18 44
18 108
18 45
18 84
18 47
18 49
18 111
18 52
18 112
18 113
18 53
18 115
18 59
18 60
18 63
18 64
18 127
18 57
18 82
18 54
18 68
19 116
19 123
19 92
19 68
19 118
19 69
19 71
19 20
19 21
19 95
19 22
19 74
19 120
19 97
19 76
19 28
19 29
19 100
19 77
19 102
19 103
19 121
19 34
19 35
19 36
19 126
19 79
19 37
19 80
19 39
19 42
19 43
19 82
19 44
19 84
19 48
19 49
19 50
19 111
19 89
19 90
19 54
19 55
19 59
19 61
19 91
19 63
19 65
19 115
19 45
19 113
19 57
20 116
20 67
20 117
20 118
20 94
20 21
20 72
20 95
20 22
20 73
20 74
20 119
20 97
20 75
20 25
20 26
20 27
20 98
20 28
20 99
20 77
20 101
20 104
20 33
20 105
20 78
20 35
20 36
20 80
20 106
20 39
20 40
20 81
20 42
20 108
20 83
20 86
20 87
20 46
20 47
20 49
20 50
20 51
20 89
20 52
20 53
20 114
20 57
20 58
20 59
20 61
20 64
20 127
21 66
21 67
21 117
21 92
21 93
21 68
21 71
21 95
21 73
21 74
21 96
21 119
21 120
21 97
21 75
21 26
21 27
21 98
21 99
21 100
21 30
21 31
21 103
21 32
21 121
21 33
21 34
21 35
21 126
21 79
21 38
21 106
21 107
21 40
21 81
21 41
21 43
21 82
21 83
21 85
21 86
21 110
21 48
21 49
21 51
21 88
21 89
21 52
21 90
21 53
21 115
21 55
21 56
21 58
21 62
21 63
21 64
21 127
21 65
22 66
22 123
22 67
22 118
22 69
22 70
22 71
22 124
22 95
22 125
22 97
22 75
22 24
22 26
22 99
22 30
22 77
22 102
22 103
22 32
22 104
22 78
22 36
22 126
22 37
22 80
22 106
22 39
22 40
22 81
22 42
22 43
22 82
22 45
22 85
22 86
22 110
22 49
22 50
22 111
22 89
22 112
22 90
22 115
22 58
22 59
22 62
22 63
22 65
23 66
23 67
23 117
23 92
23 93
23 68
23 69
23 70
23 71
23 124
23 74
23 120
23 75
23 98
23 29
23 30
23 31
23 102
23 103
23 32
23 104
23 121
23 33
23 34
23 126
23 79
23 38
23 106
23 41
23 42
23 45
23 83
23 84
23 85
23 109
23 86
23 87
23 46
23 47
23 49
23 50
23 111
23 51
23 113
23 54
23 58
23 61
23 63
24 116
24 66
24 123
24 117
24 93
24 68
24 69
24 71
24 94
24 95
24 125
24 96
24 119
24 120
24 97
24 75
24 27
24 98
24 28
24 29
24 100
24 30
24 101
24 103
24 104
24 121
24 105
24 34
24 36
24 79
24 37
24 80
24 38
24 40
24 41
24 82
24 44
24 83
24 109
24 47
24 48
24 50
24 51
24 52
24 53
24 114
24 55
24 56
24 57
24 61
24 62
24 63
24 64
24 127
25 116
25 66
25 123
25 67
25 117
25 68
25 118
25 69
25 70
25 95
25 74
25 96
25 119
25 120
25 97
25 75
25 27
25 76
25 98
25 99
25 29
25 100
25 30
25 101
25 32
25 104
25 121
25 35
25 106
25 107
25 40
25 82
25 44
25 108
25 45
25 109
25 86
25 110
25 46
25 47
25 48
25 49
25 111
25 89
25 112
25 90
25 113
25 53
25 114
25 54
25 56
25 57
25 58
25 60
25 61
25 91
25 63
25 64
25 127
26 116
26 123
26 67
26 118
26 69
26 72
26 74
26 125
26 119
26 97
26 75
26 27
26 100
26 30
26 31
26 77
26 101
26 32
26 104
26 121
26 78
26 35
26 36
26 126
26 79
26 39
26 81
26 41
26 42
26 108
26 84
26 122
26 87
26 47
26 48
26 49
26 50
26 111
26 51
26 88
26 89
26 52
26 112
26 53
26 114
26 56
26 57
26 58
26 59
26 61
26 91
26 62
26 63
26 127
27 66
27 92
27 69
27 70
27 72
27 119
27 120
27 97
27 75
27 29
27 100
27 30
27 77
27 121
27 105
27 78
27 36
27 79
27 80
27 38
27 39
27 40
27 81
27 41
27 45
27 83
27 84
27 86
27 46
27 47
27 49
27 50
27 51
27 113
27 114
27 115
27 54
27 55
27 59
27 60
27 63
27 127
27 65
28 123
28 67
28 93
28 69
28 94
28 72
28 73
28 96
28 120
28 97
28 98
28 99
28 30
28 77
28 102
28 103
28 121
28 33
28 105
28 34
28 78
28 126
28 37
28 80
28 107
28 43
28 44
28 45
28 84
28 86
28 87
28 46
28 48
28 49
28 88
28 89
28 52
28 112
28 90
28 55
28 56
28 61
28 63
28 64
28 127
28 65
29 117
29 92
29 93
29 68
29 70
29 94
29 124
29 72
29 74
29 96
29 120
29 76
29 31
29 77
29 102
29 103
29 32
29 104
29 33
29 105
29 78
29 35
29 79
29 37
29 38
29 81
29 41
29 42
29 43
29 82
29 44
29 108
29 45
29 85
29 109
29 122
29 86
29 87
29 110
29 48
29 50
29 89
29 52
29 112
29 113
29 53
29 114
29 115
29 56
29 91
29 65
30 67
30 68
30 118
30 69
30 94
30 124
30 72
30 73
30 125
30 119
30 120
30 98
30 99
30 31
30 77
30 101
30 32
30 33
30 105
30 34
30 126
30 80
30 38
30 39
30 107
30 43
30 82
30 44
30 108
30 45
30 85
30 109
30 86
30 48
30 50
30 88
30 89
30 52
30 115
30 55
30 57
30 58
30 60
30 63
30 64
30 127
31 116
31 66
31 67
31 69
31 94
31 72
31 95
31 73
31 74
31 119
31 120
31 98
31 103
31 34
31 78
31 35
31 80
31 106
31 107
31 40
31 81
31 41
31 43
31 82
31 45
31 85
31 109
31 87
31 46
31 47
31 48
31 111
31 89
31 52
31 113
31 114
31 115
31 56
31 57
31 58
31 61
31 91
31 63
32 67
32 92
32 69
32 94
32 72
32 74
32 119
32 97
32 100
32 103
32 33
32 105
32 78
32 36
32 106
32 39
32 40
32 43
32 44
32 84
32 109
32 122
32 46
32 47
32 50
32 51
32 52
32 113
32 53
32 114
32 115
32 55
32 91
32 62
32 63
32 127
33 116
33 66
33 117
33 93
33 69
33 70
33 73
33 125
33 119
33 97
33 98
33 99
33 77
33 103
33 104
33 34
33 78
33 35
33 79
33 37
33 39
33 40
33 81
33 41
33 42
33 82
33 44
33 122
33 86
33 48
33 49
33 50
33 89
33 52
33 112
33 90
33 114
33 115
33 56
33 57
33 58
33 61
33 91
33 64
33 65
34 66
34 67
34 117
34 92
34 68
34 118
34 70
34 71
34 94
34 72
34 73
34 74
34 119
34 120
34 97
34 76
34 98
34 100
34 101
34 121
34 35
34 79
34 37
34 80
34 38
34 106
34 40
34 81
34 41
34 43
34 82
34 44
34 108
34 83
34 122
34 86
34 87
34 46
34 49
34 51
34 88
34 52
34 112
34 113
34 115
34 55
34 58
34 59
34 60
34 91
34 63
34 64
34 127
34 65
35 67
35 117
35 92
35 69
35 70
35 124
35 95
35 73
35 96
35 120
35 98
35 99
35 77
35 101
35 102
35 121
35 105
35 78
35 36
35 126
35 79
35 38
35 106
35 39
35 107
35 41
35 43
35 44
35 108
35 45
35 84
35 85
35 109
35 122
35 87
35 110
35 46
35 50
35 111
35 51
35 89
35 52
35 112
35 90
35 113
35 115
35 61
35 63
35 65
36 123
36 117
36 93
36 68
36 118
36 69
36 71
36 94
36 95
36 125
36 96
36 120
36 75
36 76
36 99
36 100
36 77
36 102
36 79
36 80
36 38
36 106
36 39
36 107
36 40
36 81
36 44
36 45
36 83
36 84
36 109
36 122
36 86
36 87
36 110
36 46
36 49
36 50
36 111
36 51
36 52
36 112
36 113
36 115
36 55
36 56
36 58
36 60
36 61
36 91
36 62
37 116
37 66
37 123
37 67
37 117
37 118
37 70
37 71
37 124
37 73
37 74
37 125
37 119
37 76
37 99
37 77
37 102
37 104
37 78
37 39
37 40
37 41
37 42
37 44
37 84
37 85
37 109
37 122
37 87
37 110
37 47
37 48
37 50
37 88
37 89
37 90
37 53
37 114
37 54
37 59
37 91
37 63
37 64
37 127
38 116
38 123
38 67
38 117
38 93
38 71
38 94
38 124
38 95
38 73
38 125
38 75
38 98
38 99
38 100
38 102
38 104
38 78
38 80
38 106
38 39
38 107
38 40
38 81
38 41
38 42
38 82
38 44
38 108
38 83
38 109
38 110
38 49
38 51
38 88
38 90
38 53
38 114
38 115
38 54
38 56
38 59
38 60
38 91
39 116
39 66
39 123
39 117
39 92
39 118
39 69
39 124
39 95
39 73
39 125
39 96
39 76
39 99
39 77
39 101
39 102
39 103
39 104
39 105
39 78
39 126
39 80
39 107
39 81
39 41
39 42
39 43
39 82
39 84
39 109
39 122
39 86
39 110
39 46
39 47
39 51
39 88
39 52
39 112
39 90
39 113
39 114
39 115
39 54
39 55
39 59
39 60
39 91
39 62
39 64
40 116
40 66
40 67
40 117
40 92
40 93
40 68
40 118
40 72
40 95
40 74
40 76
40 98
40 99
40 100
40 77
40 101
40 103
40 105
40 78
40 126
40 79
40 106
40 107
40 42
40 82
40 108
40 87
40 110
40 47
40 48
40 50
40 51
40 88
40 89
40 54
40 57
40 58
40 59
40 60
40 61
40 91
40 62
40 64
40 65
41 116
41 117
41 118
41 69
41 70
41 94
41 95
41 96
41 97
41 76
41 99
41 100
41 77
41 101
41 102
41 104
41 121
41 105
41 78
41 106
41 81
41 82
41 108
41 45
41 83
41 84
41 85
41 122
41 86
41 110
41 48
41 111
41 89
41 52
41 114
41 54
41 57
41 58
41 59
41 91
41 64
42 116
42 67
42 117
42 93
42 68
42 118
42 69
42 70
42 94
42 124
42 95
42 73
42 74
42 96
42 119
42 75
42 99
42 102
42 105
42 78
42 80
42 106
42 107
42 81
42 43
42 44
42 108
42 45
42 84
42 86
42 47
42 48
42 50
42 111
42 51
42 112
42 90
42 53
42 114
42 54
42 57
42 60
42 61
42 91
42 62
42 64
42 65
43 123
43 67
43 117
43 93
43 70
43 71
43 94
43 72
43 95
43 74
43 125
43 96
43 119
43 120
43 97
43 98
43 100
43 77
43 101
43 102
43 121
43 105
43 126
43 79
43 80
43 106
43 82
43 108
43 45
43 85
43 109
43 122
43 86
43 87
43 48
43 50
43 88
43 89
43 52
43 112
43 114
43 54
43 55
43 59
43 91
43 62
43 64
44 66
44 117
44 70
44 71
44 124
44 72
44 95
44 73
44 125
44 96
44 120
44 76
44 98
44 99
44 100
44 77
44 101
44 104
44 105
44 126
44 81
44 108
44 84
44 85
44 86
44 46
44 111
44 51
44 88
44 89
44 52
44 113
44 55
44 56
44 59
44 60
44 91
44 62
45 118
45 69
45 94
45 72
45 95
45 73
45 74
45 125
45 97
45 75
45 100
45 77
45 101
45 102
45 103
45 126
45 79
45 80
45 106
45 107
45 81
45 82
45 84
45 109
45 87
45 110
45 47
45 49
45 50
45 111
45 88
45 89
45 112
45 90
45 113
45 53
45 114
45 115
45 56
45 59
45 60
45 61
45 62
45 63
45 127
45 57
45 71
45 120
45 54
45 68
46 116
46 123
46 92
46 118
46 69
46 70
46 94
46 95
46 74
46 125
46 97
46 75
46 98
46 103
46 104
46 79
46 107
46 81
46 83
46 109
46 87
46 110
46 48
46 111
46 89
46 52
46 90
46 53
46 115
46 58
46 60
46 61
46 62
46 63
47 116
47 67
47 92
47 93
47 118
47 70
47 94
47 124
47 119
47 75
47 98
47 100
47 105
47 78
47 126
47 81
47 82
47 108
47 83
47 109
47 122
47 49
47 111
47 88
47 112
47 113
47 53
47 114
47 115
47 55
47 56
47 57
47 59
47 62
47 64
48 123
48 92
48 68
48 69
48 124
48 73
48 97
48 98
48 99
48 100
48 101
48 102
48 126
48 107
48 81
48 86
48 111
48 88
48 89
48 90
48 113
48 53
48 115
48 56
48 59
48 60
48 61
48 65
49 116
49 117
49 93
49 118
49 69
49 124
49 72
49 73
49 96
49 120
49 97
49 75
49 76
49 98
49 77
49 101
49 104
49 121
49 105
49 79
49 80
49 108
49 84
49 85
49 122
49 86
49 87
49 50
49 88
49 112
49 53
49 114
49 115
49 55
49 57
49 63
49 127
49 65
49 59
49 113
49 100
49 71
49 82
49 54
49 68
50 66
50 123
50 67
50 117
50 118
50 69
50 124
50 95
50 120
50 97
50 75
50 76
50 98
50 99
50 100
50 77
50 103
50 104
50 121
50 78
50 80
50 106
50 107
50 108
50 84
50 86
50 87
50 110
50 51
50 88
50 89
50 113
50 53
50 115
50 58
50 59
50 60
50 62
51 123
51 117
51 92
51 68
51 118
51 69
51 71
51 94
51 72
51 95
51 73
51 74
51 125
51 119
51 120
51 75
51 76
51 100
51 101
51 102
51 103
51 104
51 121
51 105
51 126
51 81
51 109
51 111
51 88
51 89
51 52
51 90
51 53
51 54
51 56
51 57
51 58
51 59
51 60
51 65
52 67
52 117
52 93
52 68
52 70
52 71
52 95
52 96
52 76
52 100
52 77
52 101
52 103
52 104
52 78
52 126
52 79
52 80
52 106
52 83
52 85
52 109
52 110
52 88
52 89
52 112
52 90
52 113
52 115
52 56
52 57
52 60
52 63
52 64
52 127
52 65
53 123
53 67
53 93
53 68
53 69
53 94
53 124
53 74
53 96
53 119
53 75
53 98
53 102
53 103
53 104
53 105
53 126
53 80
53 107
53 81
53 108
53 85
53 109
53 86
53 110
53 111
53 54
53 55
53 56
53 58
53 59
53 60
53 61
53 91
53 62
53 64
54 93
54 118
54 69
54 71
54 72
54 73
54 119
54 120
54 97
54 75
54 100
54 103
54 79
54 107
54 84
54 86
54 110
54 111
54 88
54 113
54 114
54 58
54 63
54 64
54 127
54 115
54 59
54 57
54 82
54 68
55 116
55 66
55 117
55 92
55 93
55 70
55 71
55 94
55 124
55 72
55 95
55 125
55 97
55 76
55 77
55 101
55 126
55 79
55 106
55 108
55 83
55 84
55 85
55 122
55 86
55 87
55 88
55 90
55 114
55 115
55 56
55 60
55 61
55 91
55 62
55 63
55 64
56 116
56 123
56 92
56 93
56 69
56 70
56 71
56 94
56 124
56 72
56 95
56 73
56 125
56 119
56 120
56 97
56 75
56 76
56 98
56 99
56 100
56 101
56 102
56 104
56 121
56 105
56 126
56 79
56 107
56 108
56 83
56 84
56 122
56 111
56 88
56 89
56 112
56 113
56 115
56 58
56 61
56 91
56 64
56 127
57 116
57 67
57 93
57 94
57 124
57 72
57 73
57 74
57 125
57 120
57 99
57 100
57 103
57 121
57 105
57 78
57 126
57 79
57 80
57 109
57 122
57 110
57 88
57 89
57 112
57 90
57 58
57 60
57 61
57 91
57 63
57 127
57 115
57 97
57 59
57 113
57 71
57 82
57 68
58 66
58 123
58 67
58 117
58 118
58 69
58 94
58 124
58 95
58 76
58 77
58 101
58 121
58 78
58 126
58 80
58 106
58 108
58 111
58 88
58 112
58 113
58 115
58 62
58 127
59 116
59 66
59 92
59 118
59 69
59 70
59 94
59 124
59 96
59 120
59 97
59 76
59 100
59 101
59 103
59 104
59 121
59 105
59 78
59 126
59 79
59 80
59 83
59 85
59 86
59 110
59 88
59 90
59 113
59 114
59 115
59 60
59 61
59 63
59 127
59 71
59 82
59 68
60 66
60 123
60 92
60 93
60 118
60 71
60 124
60 72
60 125
60 119
60 120
60 97
60 75
60 98
60 99
60 77
60 101
60 103
60 104
60 105
60 80
60 107
60 81
60 108
60 85
60 109
60 111
60 88
60 90
60 114
60 61
60 63
60 64
60 65
61 67
61 92
61 93
61 69
61 70
61 72
61 73
61 74
61 120
61 97
61 76
61 77
61 102
61 104
61 126
61 79
61 107
61 82
61 83
61 87
61 111
61 88
61 89
61 90
61 113
61 114
61 91
61 64
61 127
61 65
62 116
62 66
62 123
62 68
62 94
62 124
62 95
62 73
62 74
62 125
62 96
62 120
62 75
62 76
62 100
62 101
62 102
62 104
62 105
62 78
62 79
62 80
62 81
62 83
62 84
62 85
62 109
62 122
62 86
62 110
62 111
62 89
62 91
62 64
62 65
63 123
63 67
63 92
63 93
63 69
63 95
63 73
63 125
63 96
63 97
63 76
63 99
63 100
63 77
63 101
63 102
63 103
63 121
63 105
63 78
63 80
63 106
63 82
63 83
63 87
63 111
63 89
63 113
63 114
63 115
63 91
63 64
63 127
63 65
63 71
63 120
63 68
63 79
64 123
64 92
64 93
64 118
64 70
64 94
64 124
64 95
64 73
64 74
64 125
64 119
64 120
64 97
64 76
64 99
64 100
64 101
64 102
64 103
64 79
64 80
64 107
64 108
64 85
64 122
64 86
64 87
64 110
64 112
64 90
64 114
64 127
64 65
65 67
65 117
65 92
65 93
65 68
65 69
65 124
65 95
65 73
65 74
65 119
65 97
65 76
65 98
65 99
65 77
65 101
65 103
65 121
65 78
65 106
65 107
65 81
65 82
65 83
65 85
65 89
65 112
65 115
65 91
65 127
66 67
66 117
66 94
66 95
66 74
66 75
66 98
66 102
66 105
66 79
66 80
66 106
66 83
66 87
66 88
66 89
66 113
66 114
66 127
66 68
66 118
66 70
66 72
66 125
66 119
66 100
66 77
66 101
66 121
66 78
66 108
66 84
66 115
67 116
67 123
67 117
67 94
67 124
67 95
67 73
67 96
67 97
67 98
67 100
67 77
67 101
67 81
67 108
67 83
67 84
67 109
67 87
67 111
67 88
67 90
67 113
67 115
67 91
68 117
68 124
68 102
68 126
68 80
68 106
68 82
68 83
68 85
68 87
68 88
68 127
68 69
68 70
68 97
68 101
68 108
68 86
68 110
68 115
68 113
68 100
68 71
68 120
68 79
69 123
69 117
69 93
69 94
69 124
69 98
69 102
69 126
69 80
69 106
69 109
69 122
69 111
69 88
69 89
69 112
69 90
69 113
69 91
69 127
69 78
69 108
69 115
69 96
69 104
69 107
70 123
70 93
70 71
70 95
70 75
70 98
70 103
70 80
70 106
70 82
70 83
70 109
70 122
70 87
70 89
70 112
70 113
70 91
70 118
70 92
70 72
70 73
70 76
70 100
70 77
70 101
70 78
70 107
70 81
70 86
70 110
71 116
71 123
71 93
71 92
71 118
71 124
71 72
71 125
71 96
71 119
71 98
71 100
71 77
71 105
71 80
71 106
71 108
71 83
71 122
71 86
71 111
71 89
71 112
71 114
71 127
71 115
71 97
71 113
71 82
71 120
71 79
72 123
72 93
72 124
72 74
72 75
72 103
72 105
72 106
72 85
72 87
72 88
72 114
72 127
72 118
72 73
72 125
72 119
72 76
72 99
72 101
72 104
72 107
72 86
72 115
73 93
73 124
73 74
73 75
73 105
73 126
73 80
73 106
73 83
73 85
73 109
73 111
73 89
73 90
73 113
73 114
73 91
73 127
73 118
73 77
73 101
73 121
73 115
73 92
73 120
73 97
73 76
73 104
73 110
74 116
74 123
74 117
74 125
74 96
74 119
74 120
74 97
74 76
74 99
74 100
74 103
74 104
74 80
74 107
74 81
74 82
74 83
74 109
74 86
74 87
74 110
74 111
74 112
74 114
74 91
75 116
75 93
75 95
75 92
75 125
75 96
75 120
75 77
75 104
75 78
75 79
75 107
75 82
75 83
75 109
75 122
75 87
75 111
75 88
75 89
75 115
75 91
76 123
76 94
76 124
76 95
76 102
76 105
76 80
76 82
76 83
76 109
76 122
76 87
76 88
76 89
76 90
76 113
76 114
76 127
76 118
76 125
76 119
76 100
76 77
76 121
76 108
76 92
76 96
76 120
76 104
76 107
76 81
76 86
77 117
77 93
77 94
77 124
77 95
77 98
77 102
77 105
77 80
77 82
77 83
77 85
77 122
77 87
77 112
77 90
77 113
77 114
77 127
77 118
77 119
77 100
77 96
77 99
77 101
77 104
77 78
77 108
77 84
77 86
78 117
78 94
78 95
78 98
78 80
78 83
78 111
78 112
78 114
78 125
78 121
78 92
78 96
78 120
78 97
78 99
78 107
78 108
78 84
78 110
78 115
79 116
79 123
79 98
79 103
79 105
79 126
79 92
79 96
79 97
79 80
79 106
79 81
79 82
79 84
79 85
79 109
79 86
79 87
79 111
79 90
79 115
79 113
79 100
79 120
80 116
80 117
80 93
80 94
80 98
80 105
80 118
80 125
80 97
80 99
80 104
80 121
80 106
80 107
80 108
80 85
80 86
80 89
80 90
80 113
80 115
80 91
80 127
81 117
81 124
81 95
81 98
81 103
81 126
81 106
81 83
81 85
81 122
81 87
81 111
81 88
81 89
81 114
81 91
81 119
81 100
81 101
81 108
81 84
81 115
81 92
81 96
81 86
81 110
82 116
82 117
82 93
82 94
82 98
82 102
82 92
82 96
82 119
82 120
82 97
82 99
82 100
82 121
82 108
82 83
82 85
82 86
82 110
82 111
82 90
82 113
82 114
82 115
82 91
83 116
83 123
83 117
83 93
83 94
83 124
83 105
83 106
83 92
83 118
83 120
83 100
83 101
83 121
83 107
83 84
83 85
83 109
83 122
83 86
83 87
83 111
83 112
84 123
84 93
84 94
84 124
84 98
84 102
84 126
84 85
84 109
84 122
84 87
84 89
84 114
84 118
84 97
84 99
84 107
84 86
85 116
85 123
85 117
85 98
85 102
85 103
85 126
85 106
85 125
85 120
85 97
85 104
85 86
85 111
85 88
85 89
85 112
85 90
85 113
85 115
85 91
86 123
86 93
86 95
86 98
86 102
86 103
86 105
86 122
86 87
86 88
86 89
86 114
86 127
86 119
86 100
86 121
86 108
86 96
86 107
87 116
87 123
87 117
87 93
87 94
87 95
87 98
87 103
87 105
87 109
87 122
87 92
87 118
87 125
87 96
87 119
87 97
87 104
87 121
87 108
87 110
87 88
87 113
87 114
87 91
87 127
88 116
88 123
88 117
88 93
88 94
88 124
88 102
88 105
88 126
88 109
88 92
88 96
88 119
88 97
88 99
88 121
88 108
88 110
88 89
88 113
88 91
88 127
89 116
89 117
89 94
89 124
89 103
89 105
89 126
89 106
89 118
89 125
89 96
89 97
89 100
89 104
89 121
89 107
89 112
89 114
89 91
90 116
90 117
90 93
90 94
90 124
90 95
90 98
90 103
90 106
90 109
90 122
90 111
90 96
90 119
90 99
90 100
90 101
90 107
90 108
90 110
90 114
90 115
90 91
90 127
91 116
91 123
91 93
91 94
91 98
91 102
91 126
91 106
91 109
91 122
91 112
91 92
91 118
91 125
91 96
91 120
91 104
91 121
91 108
91 127
92 94
92 95
92 98
92 103
92 126
92 112
92 114
92 125
92 119
92 100
92 101
92 108
92 115
92 99
92 104
92 107
92 110
93 116
93 123
93 117
93 118
93 125
93 96
93 120
93 98
93 100
93 101
93 102
93 103
93 104
93 121
93 126
93 108
93 122
93 112
93 113
93 115
94 116
94 96
94 120
94 100
94 101
94 103
94 105
94 126
94 107
94 109
94 122
94 111
94 114
94 127
95 116
95 117
95 120
95 97
95 99
95 100
95 101
95 102
95 121
95 105
95 126
95 106
95 107
95 108
95 109
95 110
95 112
95 114
96 124
96 98
96 102
96 105
96 109
96 112
96 113
96 118
96 125
96 119
96 100
96 101
96 115
96 99
96 104
96 110
97 123
97 124
97 98
97 103
97 126
97 106
97 109
97 122
97 112
97 113
97 114
97 127
97 118
97 100
97 121
97 108
97 115
97 99
97 107
97 120
98 116
98 123
98 117
98 124
98 118
98 125
98 119
98 120
98 100
98 104
98 108
98 109
98 110
98 113
98 127
99 124
99 102
99 105
99 112
99 127
99 118
99 125
99 119
99 101
99 108
99 115
99 104
100 123
100 117
100 103
100 105
100 126
100 109
100 122
100 113
100 114
100 118
100 125
100 119
100 120
100 101
100 104
100 107
100 110
100 115
101 123
101 117
101 102
101 103
101 122
101 111
101 112
101 113
101 114
101 127
101 118
101 125
101 115
102 116
102 118
102 104
102 121
102 105
102 106
102 107
102 108
102 109
102 122
102 112
102 113
103 116
103 123
103 117
103 118
103 125
103 104
103 126
103 106
103 107
103 108
103 112
103 127
104 123
104 126
104 122
104 111
104 112
104 114
104 127
104 118
104 125
104 108
104 115
104 120
104 110
105 116
105 124
105 118
105 125
105 120
105 107
105 110
105 113
105 115
106 116
106 123
106 117
106 126
106 125
106 119
106 109
106 122
106 110
106 111
106 127
107 117
107 126
107 113
107 114
107 118
107 125
107 108
107 115
107 120
107 110
108 117
108 126
108 112
108 113
108 114
108 118
108 119
108 120
108 115
109 116
109 124
109 118
109 125
109 120
109 121
109 110
109 112
109 114
109 115
109 127
110 122
110 112
110 114
110 127
110 118
110 125
110 119
110 121
110 115
110 120
111 116
111 117
111 124
111 126
111 122
111 121
111 114
112 116
112 123
112 126
112 118
112 113
112 114
112 127
113 116
113 123
113 117
113 124
113 126
113 119
113 120
113 121
113 114
113 115
114 116
114 123
114 117
114 126
114 118
114 119
114 121
115 122
115 127
115 125
115 120
116 123
116 117
116 124
116 126
116 122
116 127
117 125
117 120
117 121
117 126
117 122
117 127
118 123
118 122
118 119
118 120
118 121
119 126
119 122
120 123
120 124
120 122
120 127
120 125
121 123
121 127
123 126
124 125
124 127
126 127
