0 1
0 2
0 3
0 4
0 5
0 6
0 7
0 8
0 9
0 10
0 11
0 12
0 13
0 14
0 15
0 16
0 17
0 18
0 19
0 20
0 21
0 22
0 23
0 24
0 25
0 26
0 27
0 28
0 29
0 30
0 31
0 32
0 33
0 34
0 35
0 36
0 37
0 39
0 40
0 41
0 42
0 43
0 44
0 45
0 46
0 47
0 48
0 49
0 50
0 51
0 52
0 53
0 54
0 55
0 56
0 57
0 58
0 59
0 60
0 61
0 62
0 63
0 64
0 65
0 66
0 67
1 68
1 69
1 3
1 4
1 70
1 8
1 71
1 72
1 10
1 73
1 12
1 14
1 15
1 16
1 74
1 75
1 76
1 77
1 21
1 23
1 78
1 24
1 25
1 79
1 27
1 28
1 29
1 30
1 32
1 34
1 36
1 80
1 38
1 39
1 41
1 43
1 44
1 45
1 81
1 82
1 49
1 83
1 52
1 84
1 54
1 55
1 56
1 85
1 57
1 58
1 59
1 61
1 86
1 87
1 88
1 89
1 63
1 64
1 90
1 91
1 92
1 65
1 93
1 94
1 66
1 67
2 68
2 69
2 3
2 8
2 95
2 71
2 96
2 97
2 73
2 11
2 13
2 17
2 20
2 76
2 22
2 23
2 78
2 25
2 26
2 79
2 98
2 99
2 29
2 31
2 100
2 101
2 33
2 102
2 103
2 80
2 104
2 38
2 39
2 40
2 41
2 44
2 45
2 105
2 46
2 106
2 49
2 50
2 51
2 83
2 52
2 53
2 56
2 107
2 58
2 108
2 109
2 87
2 110
2 111
2 112
2 90
2 91
2 65
2 66
2 67
3 68
3 4
3 5
3 6
3 7
3 71
3 96
3 10
3 73
3 12
3 113
3 15
3 17
3 19
3 76
3 21
3 23
3 26
3 99
3 29
3 30
3 100
3 114
3 32
3 101
3 33
3 34
3 36
3 37
3 104
3 39
3 115
3 45
3 105
3 47
3 48
3 106
3 49
3 116
3 83
3 52
3 84
3 53
3 54
3 85
3 109
3 62
3 86
3 117
3 88
3 89
3 111
3 112
3 90
3 91
3 92
3 65
3 67
4 68
4 5
4 6
4 7
4 8
4 71
4 10
4 12
4 14
4 15
4 17
4 18
4 75
4 76
4 118
4 23
4 24
4 26
4 99
4 29
4 30
4 31
4 114
4 119
4 42
4 45
4 105
4 81
4 106
4 82
4 120
4 52
4 54
4 107
4 60
4 108
4 61
4 87
4 117
4 121
4 110
4 112
4 63
4 64
4 92
4 93
4 122
4 67
5 68
5 69
5 6
5 7
5 8
5 95
5 72
5 96
5 10
5 97
5 73
5 12
5 13
5 15
5 17
5 18
5 19
5 75
5 77
5 118
5 23
5 78
5 25
5 26
5 98
5 27
5 29
5 30
5 119
5 32
5 33
5 123
5 35
5 102
5 103
5 80
5 104
5 38
5 39
5 40
5 41
5 43
5 47
5 106
5 49
5 50
5 55
5 58
5 59
5 108
5 62
5 87
5 89
5 112
5 91
5 92
5 93
5 94
5 66
6 7
6 8
6 95
6 72
6 73
6 12
6 13
6 14
6 113
6 16
6 17
6 124
6 74
6 18
6 19
6 21
6 22
6 23
6 78
6 26
6 125
6 27
6 29
6 30
6 100
6 119
6 32
6 33
6 123
6 36
6 102
6 37
6 38
6 40
6 42
6 115
6 44
6 45
6 105
6 81
6 47
6 48
6 106
6 49
6 50
6 116
6 52
6 84
6 53
6 55
6 107
6 57
6 126
6 108
6 109
6 62
6 88
6 89
6 112
6 64
6 90
6 92
6 94
6 67
7 70
7 71
7 9
7 97
7 11
7 14
7 74
7 18
7 19
7 75
7 77
7 21
7 22
7 23
7 78
7 26
7 79
7 98
7 125
7 27
7 99
7 28
7 29
7 31
7 114
7 119
7 101
7 33
7 123
7 102
7 37
7 103
7 39
7 41
7 115
7 44
7 45
7 46
7 81
7 106
7 82
7 84
7 53
7 55
7 57
7 58
7 59
7 60
7 126
7 61
7 62
7 88
7 110
7 112
7 65
7 93
7 94
8 68
8 69
8 9
8 72
8 13
8 14
8 15
8 17
8 75
8 20
8 77
8 22
8 118
8 23
8 24
8 25
8 79
8 125
8 27
8 99
8 30
8 31
8 114
8 119
8 32
8 33
8 35
8 36
8 37
8 104
8 42
8 43
8 115
8 44
8 47
8 48
8 51
8 116
8 120
8 83
8 52
8 53
8 55
8 107
8 57
8 60
8 126
8 108
8 61
8 86
8 117
8 88
8 110
8 89
8 111
8 112
8 64
8 90
8 91
8 94
8 122
8 66
8 67
9 70
9 95
9 72
9 10
9 73
9 14
9 124
9 20
9 21
9 118
9 78
9 24
9 25
9 98
9 125
9 27
9 28
9 29
9 114
9 119
9 127
9 123
9 34
9 36
9 102
9 103
9 39
9 41
9 115
9 45
9 47
9 82
9 50
9 51
9 120
9 53
9 107
9 57
9 58
9 61
9 62
9 87
9 117
9 110
9 89
9 111
9 90
9 91
9 92
9 93
9 94
9 122
9 67
9 17
9 99
9 121
9 15
9 66
9 96
9 106
9 48
9 69
9 74
9 38
10 71
10 11
10 113
10 17
10 76
10 77
10 21
10 118
10 78
10 24
10 25
10 26
10 79
10 98
10 27
10 99
10 28
10 29
10 31
10 100
10 114
10 119
10 32
10 101
10 34
10 36
10 80
10 38
10 39
10 40
10 42
10 43
10 115
10 45
10 106
10 82
10 49
10 50
10 116
10 83
10 84
10 53
10 55
10 56
10 107
10 85
10 58
10 126
10 109
10 62
10 87
10 121
10 110
10 111
10 112
10 63
10 64
10 91
10 65
10 93
10 94
10 66
10 67
11 70
11 71
11 96
11 73
11 12
11 113
11 16
11 124
11 74
11 18
11 75
11 20
11 77
11 22
11 23
11 24
11 26
11 79
11 27
11 28
11 30
11 100
11 114
11 127
11 101
11 33
11 37
11 40
11 41
11 43
11 44
11 46
11 81
11 106
11 82
11 49
11 83
11 52
11 54
11 55
11 56
11 107
11 58
11 59
11 61
11 121
11 88
11 110
11 89
11 65
11 93
11 94
11 67
12 70
12 14
12 17
12 20
12 21
12 78
12 79
12 30
12 100
12 119
12 101
12 33
12 35
12 36
12 103
12 80
12 104
12 39
12 40
12 43
12 105
12 47
12 82
12 50
12 51
12 83
12 52
12 84
12 53
12 54
12 85
12 59
12 108
12 62
12 86
12 111
12 112
12 64
12 65
12 122
12 66
12 67
13 68
13 71
13 72
13 96
13 14
13 15
13 17
13 74
13 75
13 77
13 21
13 24
13 26
13 79
13 99
13 29
13 30
13 100
13 114
13 127
13 32
13 101
13 34
13 35
13 37
13 80
13 40
13 42
13 43
13 44
13 105
13 46
13 81
13 47
13 48
13 49
13 51
13 83
13 84
13 53
13 54
13 55
13 85
13 60
13 108
13 61
13 62
13 86
13 87
13 88
13 112
13 64
13 90
13 91
13 92
13 93
13 94
13 122
13 66
14 68
14 69
14 72
14 96
14 73
14 15
14 16
14 17
14 18
14 75
14 77
14 21
14 22
14 78
14 25
14 125
14 28
14 31
14 119
14 123
14 34
14 36
14 102
14 103
14 80
14 41
14 44
14 45
14 46
14 81
14 47
14 48
14 50
14 51
14 120
14 52
14 84
14 53
14 55
14 56
14 57
14 60
14 109
14 62
14 112
14 63
14 64
14 90
14 92
14 65
14 93
14 94
14 67
15 70
15 95
15 72
15 96
15 97
15 73
15 17
15 124
15 75
15 20
15 77
15 22
15 23
15 78
15 24
15 25
15 26
15 79
15 98
15 125
15 27
15 99
15 29
15 32
15 34
15 36
15 80
15 38
15 39
15 40
15 41
15 42
15 43
15 44
15 46
15 47
15 106
15 51
15 116
15 120
15 83
15 84
15 53
15 57
15 59
15 108
15 62
15 121
15 89
15 111
15 90
15 92
15 65
15 122
15 66
15 48
15 107
15 69
15 82
15 110
15 117
15 74
16 68
16 95
16 71
16 72
16 96
16 97
16 113
16 124
16 19
16 75
16 77
16 21
16 22
16 118
16 23
16 98
16 27
16 99
16 28
16 119
16 127
16 35
16 36
16 103
16 104
16 39
16 40
16 42
16 44
16 82
16 50
16 120
16 53
16 54
16 55
16 56
16 107
16 85
16 57
16 59
16 60
16 126
16 108
16 109
16 61
16 86
16 87
16 121
16 88
16 112
16 63
16 91
16 92
16 65
16 122
16 67
17 70
17 95
17 71
17 72
17 96
17 73
17 113
17 19
17 75
17 20
17 118
17 78
17 24
17 25
17 125
17 27
17 99
17 28
17 31
17 100
17 114
17 119
17 127
17 102
17 103
17 80
17 38
17 39
17 40
17 42
17 105
17 46
17 47
17 48
17 106
17 82
17 49
17 50
17 116
17 120
17 83
17 52
17 84
17 55
17 56
17 107
17 85
17 57
17 59
17 60
17 126
17 108
17 86
17 87
17 121
17 110
17 111
17 112
17 90
17 91
17 93
17 94
17 122
17 66
17 67
17 69
17 117
17 74
18 68
18 69
18 70
18 95
18 71
18 96
18 19
18 77
18 21
18 22
18 118
18 23
18 24
18 98
18 28
18 29
18 31
18 100
18 119
18 127
18 32
18 101
18 33
18 80
18 42
18 44
18 45
18 105
18 48
18 106
18 82
18 51
18 83
18 84
18 53
18 54
18 85
18 57
18 58
18 108
18 86
18 87
18 117
18 121
18 112
18 63
18 93
18 94
18 67
19 68
19 71
19 96
19 97
19 124
19 75
19 76
19 77
19 21
19 22
19 23
19 78
19 25
19 98
19 125
19 28
19 119
19 32
19 33
19 123
19 34
19 35
19 80
19 39
19 43
19 45
19 105
19 81
19 47
19 48
19 82
19 49
19 50
19 116
19 83
19 54
19 107
19 85
19 59
19 126
19 108
19 86
19 87
19 117
19 88
19 89
19 112
19 64
19 92
19 93
19 122
20 70
20 71
20 72
20 96
20 113
20 75
20 77
20 26
20 98
20 27
20 99
20 31
20 101
20 35
20 36
20 102
20 37
20 103
20 104
20 38
20 39
20 115
20 44
20 45
20 105
20 46
20 50
20 51
20 120
20 83
20 52
20 84
20 53
20 107
20 85
20 57
20 126
20 109
20 62
20 86
20 111
20 94
21 68
21 69
21 70
21 72
21 97
21 113
21 124
21 76
21 118
21 23
21 78
21 79
21 98
21 125
21 27
21 28
21 29
21 100
21 34
21 102
21 37
21 103
21 104
21 41
21 42
21 44
21 81
21 47
21 82
21 49
21 50
21 51
21 116
21 52
21 84
21 53
21 54
21 56
21 107
21 57
21 126
21 109
21 110
21 111
21 112
21 63
21 64
21 90
21 92
21 65
21 93
21 94
21 122
21 67
22 68
22 96
22 97
22 113
22 124
22 74
22 75
22 77
22 78
22 26
22 79
22 125
22 27
22 99
22 28
22 31
22 100
22 32
22 33
22 123
22 34
22 35
22 36
22 80
22 39
22 42
22 115
22 44
22 45
22 105
22 46
22 50
22 116
22 120
22 53
22 56
22 58
22 59
22 61
22 62
22 117
22 110
22 89
22 63
22 90
22 91
22 92
22 65
22 122
23 69
23 70
23 71
23 97
23 73
23 113
23 76
23 77
23 118
23 24
23 98
23 125
23 28
23 29
23 114
23 119
23 32
23 101
23 33
23 34
23 35
23 36
23 37
23 80
23 38
23 40
23 41
23 44
23 46
23 81
23 106
23 82
23 49
23 116
23 120
23 53
23 55
23 56
23 107
23 58
23 60
23 108
23 109
23 61
23 88
23 110
23 89
23 112
23 90
23 91
23 92
23 65
23 93
23 122
24 70
24 71
24 72
24 96
24 97
24 73
24 113
24 124
24 76
24 77
24 118
24 98
24 125
24 27
24 99
24 30
24 119
24 127
24 35
24 102
24 37
24 103
24 80
24 104
24 43
24 105
24 46
24 106
24 49
24 83
24 53
24 54
24 55
24 58
24 59
24 108
24 109
24 87
24 121
24 111
24 63
24 64
24 91
24 65
24 93
24 94
24 122
24 66
25 68
25 70
25 95
25 71
25 96
25 97
25 73
25 113
25 75
25 78
25 26
25 79
25 125
25 30
25 100
25 114
25 33
25 35
25 40
25 115
25 44
25 45
25 81
25 47
25 48
25 106
25 49
25 51
25 54
25 56
25 107
25 85
25 57
25 58
25 59
25 126
25 109
25 61
25 87
25 117
25 88
25 89
25 122
25 66
25 67
26 68
26 69
26 95
26 71
26 97
26 73
26 76
26 118
26 78
26 27
26 99
26 30
26 127
26 123
26 34
26 35
26 37
26 80
26 104
26 38
26 40
26 41
26 115
26 45
26 46
26 47
26 48
26 106
26 50
26 51
26 116
26 120
26 83
26 52
26 84
26 53
26 85
26 59
26 60
26 126
26 62
26 117
26 121
26 110
26 112
26 91
26 92
26 65
26 94
26 67
27 69
27 70
27 71
27 96
27 73
27 124
27 77
27 118
27 78
27 28
27 29
27 30
27 100
27 114
27 119
27 127
27 32
27 101
27 33
27 123
27 36
27 102
27 80
27 104
27 42
27 81
27 106
27 49
27 51
27 116
27 120
27 107
27 58
27 59
27 60
27 86
27 117
27 121
27 88
27 110
27 112
27 63
27 64
27 90
27 91
27 94
27 122
27 66
28 68
28 70
28 72
28 97
28 73
28 113
28 77
28 118
28 99
28 30
28 100
28 32
28 35
28 80
28 104
28 38
28 42
28 43
28 115
28 105
28 46
28 81
28 106
28 82
28 49
28 51
28 116
28 120
28 83
28 52
28 84
28 53
28 55
28 85
28 126
28 108
28 109
28 61
28 86
28 87
28 88
28 89
28 111
28 63
28 64
28 90
28 92
28 65
28 122
29 69
29 70
29 95
29 72
29 97
29 73
29 124
29 75
29 76
29 78
29 79
29 114
29 119
29 127
29 101
29 123
29 80
29 40
29 41
29 42
29 105
29 46
29 81
29 106
29 49
29 50
29 51
29 116
29 120
29 53
29 54
29 55
29 107
29 59
29 126
29 109
29 87
29 88
29 89
29 63
29 90
29 91
29 65
29 93
29 94
29 122
29 66
30 69
30 70
30 73
30 79
30 127
30 35
30 102
30 37
30 103
30 104
30 38
30 41
30 45
30 105
30 81
30 82
30 83
30 84
30 53
30 54
30 56
30 107
30 57
30 59
30 108
30 61
30 86
30 121
30 111
30 63
30 64
30 92
30 65
30 94
30 122
30 66
31 95
31 72
31 96
31 97
31 73
31 113
31 75
31 76
31 77
31 118
31 78
31 125
31 100
31 119
31 127
31 32
31 33
31 34
31 35
31 102
31 40
31 41
31 43
31 115
31 44
31 105
31 46
31 81
31 47
31 48
31 49
31 50
31 51
31 116
31 83
31 84
31 53
31 54
31 107
31 58
31 60
31 108
31 87
31 121
31 89
31 63
31 64
31 91
31 92
31 65
31 93
31 122
31 66
32 68
32 69
32 70
32 71
32 96
32 97
32 113
32 76
32 118
32 78
32 79
32 98
32 125
32 99
32 100
32 119
32 127
32 33
32 34
32 35
32 36
32 102
32 80
32 104
32 38
32 43
32 44
32 45
32 81
32 82
32 50
32 83
32 84
32 53
32 54
32 55
32 85
32 60
32 108
32 109
32 87
32 88
32 89
32 63
32 90
32 92
32 122
32 66
32 67
33 68
33 69
33 70
33 71
33 97
33 73
33 113
33 124
33 74
33 75
33 77
33 98
33 99
33 119
33 127
33 35
33 36
33 37
33 104
33 38
33 42
33 115
33 44
33 46
33 81
33 106
33 82
33 50
33 51
33 116
33 120
33 83
33 56
33 107
33 108
33 61
33 62
33 86
33 87
33 121
33 88
33 89
33 111
33 112
33 63
33 64
33 90
33 65
33 94
33 122
33 66
34 69
34 70
34 71
34 72
34 97
34 73
34 113
34 124
34 76
34 118
34 79
34 98
34 125
34 100
34 101
34 102
34 103
34 40
34 42
34 44
34 45
34 105
34 47
34 48
34 49
34 50
34 51
34 116
34 52
34 84
34 53
34 56
34 85
34 58
34 126
34 108
34 61
34 62
34 121
34 89
34 112
34 92
34 65
34 93
34 94
34 66
34 67
35 69
35 71
35 113
35 124
35 74
35 75
35 76
35 118
35 98
35 114
35 127
35 102
35 37
35 103
35 104
35 40
35 41
35 115
35 44
35 45
35 105
35 81
35 47
35 82
35 49
35 51
35 116
35 120
35 83
35 53
35 55
35 85
35 58
35 59
35 126
35 108
35 121
35 88
35 111
35 112
35 90
35 91
35 92
35 65
35 66
36 68
36 70
36 97
36 73
36 113
36 124
36 75
36 98
36 125
36 99
36 100
36 114
36 119
36 127
36 123
36 37
36 104
36 39
36 42
36 43
36 115
36 44
36 105
36 46
36 81
36 47
36 48
36 106
36 51
36 116
36 120
36 83
36 52
36 53
36 54
36 55
36 107
36 58
36 59
36 60
36 62
36 110
36 89
36 63
36 64
36 91
36 122
36 66
37 69
37 70
37 95
37 75
37 76
37 98
37 114
37 119
37 101
37 102
37 40
37 44
37 81
37 82
37 50
37 116
37 52
37 53
37 54
37 107
37 57
37 60
37 108
37 61
37 86
37 117
37 121
37 88
37 110
37 111
37 63
37 64
37 92
37 65
37 66
37 67
38 69
38 95
38 73
38 124
38 74
38 77
38 78
38 79
38 98
38 125
38 99
38 100
38 101
38 104
38 41
38 44
38 81
38 47
38 48
38 82
38 49
38 116
38 52
38 84
38 53
38 85
38 59
38 60
38 108
38 109
38 61
38 63
38 94
38 57
38 121
38 66
38 96
38 120
38 122
38 106
38 107
38 70
38 110
38 117
39 68
39 69
39 70
39 72
39 97
39 74
39 76
39 77
39 118
39 98
39 125
39 100
39 114
39 119
39 127
39 102
39 104
39 40
39 41
39 42
39 115
39 44
39 45
39 105
39 46
39 47
39 48
39 106
39 49
39 116
39 120
39 52
39 85
39 60
39 87
39 121
39 110
39 112
39 63
39 90
39 94
39 122
40 68
40 70
40 95
40 124
40 74
40 76
40 78
40 79
40 98
40 99
40 127
40 101
40 80
40 104
40 41
40 42
40 115
40 45
40 46
40 81
40 106
40 50
40 51
40 120
40 83
40 84
40 53
40 54
40 56
40 107
40 57
40 59
40 126
40 108
40 109
40 61
40 62
40 86
40 87
40 121
40 89
40 111
40 63
40 91
40 92
40 65
40 93
41 70
41 95
41 73
41 113
41 124
41 118
41 78
41 79
41 98
41 125
41 99
41 114
41 127
41 102
41 80
41 104
41 42
41 43
41 115
41 45
41 105
41 106
41 50
41 51
41 116
41 120
41 84
41 54
41 55
41 56
41 107
41 85
41 57
41 58
41 60
41 61
41 87
41 88
41 63
41 91
41 92
41 65
41 94
41 66
41 67
42 69
42 95
42 74
42 78
42 125
42 99
42 119
42 127
42 101
42 102
42 103
42 43
42 115
42 44
42 105
42 81
42 49
42 51
42 116
42 83
42 52
42 84
42 55
42 56
42 57
42 58
42 59
42 60
42 126
42 108
42 62
42 121
42 110
42 89
42 63
42 90
42 94
42 122
42 66
42 67
43 95
43 71
43 96
43 97
43 73
43 76
43 77
43 118
43 78
43 114
43 119
43 127
43 101
43 123
43 103
43 104
43 115
43 46
43 81
43 48
43 106
43 82
43 49
43 51
43 116
43 120
43 83
43 84
43 53
43 55
43 107
43 85
43 58
43 109
43 61
43 62
43 86
43 117
43 121
43 89
43 111
43 63
43 91
43 93
43 122
43 66
44 70
44 95
44 71
44 73
44 74
44 75
44 76
44 118
44 78
44 125
44 119
44 127
44 123
44 115
44 45
44 105
44 46
44 81
44 47
44 106
44 49
44 50
44 83
44 52
44 53
44 56
44 85
44 126
44 109
44 86
44 87
44 121
44 88
44 110
44 89
44 111
44 112
44 63
44 90
44 65
44 122
44 66
45 68
45 95
45 71
45 72
45 124
45 74
45 75
45 76
45 77
45 79
45 98
45 125
45 99
45 119
45 102
45 47
45 48
45 50
45 116
45 120
45 83
45 52
45 55
45 56
45 85
45 58
45 59
45 60
45 126
45 108
45 87
45 88
45 110
45 112
45 63
45 64
45 65
45 93
45 94
45 122
45 66
45 67
46 68
46 69
46 95
46 71
46 96
46 97
46 73
46 75
46 76
46 118
46 78
46 98
46 125
46 100
46 114
46 123
46 103
46 80
46 105
46 81
46 47
46 106
46 49
46 50
46 116
46 120
46 83
46 84
46 54
46 55
46 56
46 107
46 85
46 109
46 86
46 87
46 117
46 121
46 89
46 111
46 112
46 63
46 90
46 92
46 65
46 94
46 122
46 66
46 67
47 69
47 96
47 97
47 73
47 74
47 76
47 77
47 118
47 98
47 125
47 100
47 127
47 101
47 102
47 103
47 80
47 104
47 81
47 48
47 106
47 116
47 120
47 84
47 54
47 55
47 56
47 107
47 85
47 57
47 58
47 59
47 60
47 126
47 109
47 86
47 117
47 121
47 88
47 110
47 89
47 112
47 64
47 65
47 66
48 70
48 95
48 96
48 73
48 74
48 125
48 99
48 119
48 127
48 101
48 123
48 102
48 104
48 115
48 105
48 81
48 82
48 49
48 50
48 120
48 83
48 52
48 84
48 53
48 54
48 55
48 57
48 59
48 109
48 61
48 62
48 88
48 89
48 65
48 94
48 122
48 67
48 121
48 66
48 106
48 107
48 69
48 110
48 117
49 72
49 96
49 73
49 113
49 75
49 77
49 79
49 98
49 100
49 119
49 127
49 123
49 103
49 80
49 104
49 105
49 81
49 82
49 51
49 116
49 83
49 52
49 54
49 55
49 56
49 58
49 108
49 61
49 62
49 86
49 87
49 117
49 89
49 111
49 112
49 63
49 64
49 65
49 93
49 122
49 66
50 69
50 73
50 113
50 124
50 74
50 75
50 118
50 98
50 125
50 99
50 100
50 114
50 119
50 127
50 101
50 102
50 103
50 104
50 105
50 106
50 82
50 120
50 83
50 84
50 54
50 85
50 57
50 59
50 109
50 86
50 87
50 121
50 111
50 112
50 64
50 90
50 65
51 95
51 113
51 124
51 74
51 77
51 118
51 78
51 79
51 100
51 101
51 102
51 103
51 80
51 82
51 116
51 120
51 52
51 84
51 55
51 58
51 59
51 126
51 108
51 61
51 62
51 86
51 87
51 121
51 88
51 110
51 112
51 63
51 90
51 92
51 122
51 67
52 74
52 76
52 78
52 98
52 99
52 119
52 127
52 101
52 123
52 102
52 80
52 104
52 115
52 105
52 116
52 83
52 53
52 54
52 55
52 56
52 107
52 85
52 57
52 59
52 126
52 61
52 86
52 87
52 110
52 89
52 111
52 91
52 65
52 94
53 69
53 70
53 72
53 96
53 73
53 74
53 76
53 118
53 78
53 100
53 101
53 123
53 103
53 80
53 105
53 82
53 116
53 55
53 107
53 58
53 126
53 108
53 86
53 117
53 88
53 110
53 112
53 63
53 65
53 93
53 94
54 68
54 95
54 72
54 96
54 97
54 73
54 124
54 74
54 77
54 78
54 79
54 98
54 114
54 127
54 103
54 115
54 106
54 82
54 120
54 83
54 56
54 57
54 58
54 59
54 108
54 109
54 61
54 87
54 88
54 110
54 89
54 111
54 112
54 64
54 92
54 66
55 72
55 97
55 113
55 124
55 118
55 98
55 125
55 99
55 100
55 114
55 127
55 101
55 102
55 80
55 105
55 116
55 84
55 56
55 107
55 85
55 57
55 59
55 60
55 108
55 61
55 110
55 111
55 112
55 64
55 90
55 65
55 94
55 122
55 66
56 68
56 95
56 71
56 96
56 73
56 113
56 124
56 75
56 77
56 78
56 79
56 114
56 127
56 102
56 120
56 83
56 107
56 57
56 58
56 60
56 108
56 109
56 62
56 86
56 87
56 121
56 88
56 110
56 63
56 92
56 65
56 93
56 94
56 66
56 67
57 69
57 70
57 71
57 96
57 97
57 73
57 113
57 124
57 74
57 75
57 76
57 77
57 118
57 99
57 127
57 101
57 123
57 80
57 104
57 115
57 106
57 116
57 120
57 84
57 107
57 58
57 59
57 86
57 87
57 121
57 110
57 89
57 63
57 64
57 90
57 65
57 93
57 94
57 122
57 66
57 82
57 117
58 68
58 70
58 72
58 96
58 97
58 124
58 76
58 77
58 98
58 100
58 114
58 119
58 123
58 102
58 80
58 104
58 115
58 106
58 107
58 60
58 108
58 109
58 61
58 87
58 117
58 121
58 110
58 111
58 64
58 90
58 91
58 92
58 65
58 93
58 94
58 122
58 67
59 68
59 71
59 72
59 96
59 97
59 113
59 76
59 79
59 98
59 125
59 99
59 100
59 127
59 123
59 103
59 80
59 115
59 105
59 81
59 116
59 83
59 107
59 109
59 61
59 62
59 121
59 89
59 111
59 112
59 63
59 64
59 90
59 91
59 92
59 65
59 66
59 67
60 95
60 71
60 72
60 73
60 124
60 74
60 75
60 76
60 77
60 79
60 99
60 114
60 119
60 127
60 123
60 80
60 104
60 81
60 83
60 107
60 126
60 109
60 121
60 88
60 111
60 63
60 94
60 66
60 67
61 68
61 70
61 72
61 96
61 97
61 113
61 124
61 75
61 76
61 118
61 78
61 79
61 125
61 119
61 104
61 115
61 105
61 82
61 120
61 126
61 108
61 121
61 110
61 111
61 112
61 63
61 64
61 91
61 65
61 93
61 94
61 122
61 66
62 68
62 70
62 95
62 71
62 113
62 124
62 75
62 77
62 79
62 125
62 119
62 103
62 80
62 104
62 115
62 105
62 81
62 106
62 82
62 116
62 83
62 84
62 85
62 126
62 87
62 110
62 92
62 65
62 93
62 94
63 69
63 70
63 95
63 71
63 97
63 73
63 124
63 74
63 118
63 79
63 114
63 101
63 102
63 80
63 115
63 105
63 81
63 106
63 82
63 116
63 120
63 83
63 84
63 126
63 109
63 87
63 117
63 121
63 110
63 111
63 112
63 91
63 92
63 65
63 93
63 94
63 122
63 67
64 70
64 95
64 97
64 77
64 79
64 98
64 125
64 100
64 127
64 101
64 123
64 103
64 106
64 120
64 83
64 84
64 85
64 109
64 86
64 88
64 112
64 93
64 122
65 69
65 113
65 74
65 76
65 125
65 99
65 100
65 119
65 127
65 123
65 103
65 104
65 115
65 105
65 81
65 82
65 116
65 107
65 85
65 126
65 87
65 121
65 110
65 89
65 111
65 112
65 92
65 94
65 122
65 66
66 69
66 70
66 95
66 96
66 73
66 113
66 124
66 99
66 114
66 127
66 123
66 102
66 103
66 104
66 105
66 81
66 106
66 82
66 120
66 84
66 107
66 108
66 87
66 121
66 88
66 89
66 90
66 92
66 93
66 94
66 122
66 110
66 117
66 74
67 68
67 70
67 95
67 72
67 113
67 124
67 76
67 118
67 78
67 79
67 127
67 102
67 104
67 115
67 105
67 81
67 106
67 82
67 120
67 83
67 126
67 108
67 88
67 110
67 89
67 92
67 93
67 94
68 95
68 71
68 96
68 97
68 74
68 78
68 119
68 101
68 103
68 80
68 106
68 82
68 120
68 83
68 84
68 87
68 117
68 89
68 90
68 91
68 122
69 70
69 71
69 97
69 113
69 124
69 75
69 118
69 78
69 79
69 98
69 114
69 127
69 103
69 80
69 82
69 116
69 120
69 107
69 109
69 86
69 87
69 117
69 110
69 89
69 91
69 93
69 94
69 99
69 121
69 96
69 122
69 106
69 74
70 95
70 71
70 72
70 96
70 97
70 76
70 78
70 79
70 98
70 100
70 127
70 123
70 103
70 80
70 81
70 106
70 116
70 83
70 84
70 107
70 108
70 109
70 87
70 121
70 111
70 90
70 91
70 99
70 120
70 122
70 82
70 110
70 117
70 74
71 96
71 97
71 73
71 124
71 74
71 77
71 78
71 79
71 99
71 100
71 114
71 101
71 103
71 80
71 104
71 115
71 81
71 106
71 84
71 107
71 85
71 108
71 110
71 111
71 112
71 90
71 91
71 92
71 93
71 94
72 96
72 78
72 98
72 125
72 99
72 100
72 119
72 102
72 115
72 105
72 81
72 116
72 120
72 85
72 126
72 117
72 89
72 111
72 112
72 90
72 92
72 93
72 94
72 122
73 95
73 76
73 78
73 125
73 100
73 114
73 119
73 127
73 101
73 103
73 104
73 105
73 106
73 87
73 121
73 88
73 110
73 89
73 90
73 92
73 93
73 122
74 96
74 97
74 76
74 118
74 79
74 98
74 125
74 99
74 102
74 80
74 107
74 108
74 87
74 121
74 88
74 89
74 91
74 122
74 120
74 106
74 82
74 110
74 117
75 95
75 96
75 113
75 124
75 76
75 77
75 118
75 78
75 79
75 125
75 99
75 114
75 119
75 127
75 123
75 102
75 103
75 80
75 104
75 81
75 82
75 120
75 83
75 84
75 85
75 126
75 109
75 87
75 117
75 121
75 89
75 111
75 92
75 93
75 122
76 95
76 96
76 97
76 77
76 118
76 79
76 98
76 99
76 100
76 119
76 101
76 102
76 103
76 104
76 105
76 106
76 82
76 116
76 83
76 84
76 107
76 126
76 108
76 109
76 121
76 88
76 90
76 91
76 92
76 122
77 96
77 97
77 124
77 118
77 78
77 79
77 98
77 99
77 119
77 101
77 102
77 103
77 104
77 81
77 106
77 120
77 83
77 84
77 85
77 126
77 109
77 86
77 87
77 89
77 111
77 122
78 95
78 96
78 113
78 118
78 125
78 99
78 114
78 119
78 123
78 102
78 103
78 104
78 105
78 82
78 120
78 83
78 86
78 88
78 110
78 89
78 90
78 94
79 124
79 118
79 125
79 123
79 102
79 103
79 80
79 81
79 106
79 116
79 120
79 83
79 85
79 87
79 117
79 121
79 112
79 93
80 97
80 113
80 124
80 118
80 125
80 99
80 119
80 127
80 101
80 123
80 103
80 104
80 115
80 81
80 106
80 120
80 126
80 108
80 87
80 121
80 88
80 89
80 111
80 112
80 91
80 93
80 94
81 95
81 97
81 118
81 98
81 99
81 100
81 114
81 127
81 102
81 103
81 104
81 82
81 126
81 108
81 86
81 121
81 88
81 112
81 92
81 94
81 122
82 96
82 125
82 99
82 114
82 101
82 123
82 102
82 103
82 105
82 106
82 116
82 120
82 107
82 108
82 109
82 86
82 87
82 90
82 92
82 93
82 94
82 121
82 122
82 110
82 117
83 96
83 97
83 113
83 118
83 98
83 125
83 114
83 119
83 127
83 101
83 123
83 103
83 104
83 105
83 116
83 120
83 107
83 85
83 126
83 108
83 109
83 121
83 88
83 110
83 111
83 112
83 92
83 94
84 97
84 113
84 99
84 100
84 114
84 119
84 127
84 123
84 103
84 104
84 105
84 106
84 116
84 85
84 108
84 121
84 92
84 122
85 96
85 118
85 125
85 114
85 119
85 101
85 103
85 104
85 115
85 105
85 106
85 120
85 107
85 126
85 108
85 109
85 86
85 87
85 121
85 89
85 90
85 91
85 92
85 93
85 94
86 95
86 125
86 100
86 114
86 123
86 102
86 115
86 105
86 106
86 107
86 126
86 121
86 88
86 110
86 111
86 112
86 90
86 91
86 92
86 93
86 94
87 97
87 118
87 98
87 125
87 99
87 100
87 114
87 119
87 101
87 123
87 102
87 103
87 115
87 105
87 106
87 116
87 126
87 88
87 89
87 111
87 112
87 90
87 92
87 94
87 122
88 97
88 113
88 99
88 100
88 114
88 127
88 123
88 107
88 126
88 108
88 89
88 111
88 112
88 90
88 91
88 93
88 122
89 95
89 97
89 113
89 125
89 99
89 114
89 119
89 127
89 115
89 105
89 116
89 120
89 108
89 109
89 121
89 110
89 111
89 112
89 90
89 91
89 92
89 122
90 118
90 98
90 99
90 114
90 119
90 101
90 123
90 102
90 103
90 126
90 108
90 121
90 111
90 112
90 93
90 94
91 95
91 113
91 118
91 98
91 100
91 119
91 127
91 123
91 102
91 103
91 116
91 120
91 109
91 117
91 121
91 112
91 92
92 96
92 113
92 98
92 99
92 119
92 127
92 101
92 123
92 103
92 105
92 106
92 120
92 109
92 117
92 121
92 110
92 111
92 112
92 93
92 94
92 122
93 95
93 96
93 124
93 118
93 98
93 119
93 101
93 115
93 105
93 106
93 116
93 120
93 109
93 121
93 110
93 111
93 112
93 122
94 124
94 98
94 100
94 114
94 119
94 127
94 101
94 123
94 103
94 104
94 115
94 106
94 116
94 126
94 108
94 121
94 122
95 96
95 97
95 125
95 99
95 119
95 123
95 115
95 105
95 120
95 107
95 108
95 109
95 121
95 110
95 112
96 113
96 118
96 98
96 125
96 99
96 114
96 127
96 102
96 103
96 104
96 106
96 116
96 120
96 126
96 121
96 112
96 122
96 107
96 110
96 117
97 118
97 100
97 114
97 119
97 104
97 115
97 106
97 120
97 126
97 111
98 118
98 119
98 123
98 105
98 106
98 107
98 108
98 121
98 112
98 122
99 113
99 118
99 127
99 101
99 123
99 103
99 115
99 105
99 106
99 116
99 120
99 107
99 126
99 109
99 117
99 121
99 110
99 122
100 118
100 125
100 114
100 119
100 127
100 101
100 123
100 105
100 116
100 108
100 109
100 121
100 112
100 122
101 113
101 125
101 119
101 102
101 105
101 107
101 108
101 109
101 117
101 121
101 110
101 112
101 122
102 125
102 114
102 119
102 123
102 104
102 105
102 106
102 116
102 120
102 107
102 108
102 110
102 112
102 122
103 114
103 127
103 123
103 104
103 115
103 106
103 120
103 107
103 126
103 109
103 121
103 111
104 124
104 125
104 114
104 127
104 123
104 120
104 126
104 109
104 121
104 110
104 111
104 122
105 118
105 125
105 127
105 123
105 115
105 106
105 120
105 107
105 108
105 109
105 117
105 111
106 124
106 125
106 123
106 115
106 120
106 108
106 117
106 121
106 110
106 112
106 122
106 107
107 118
107 114
107 119
107 127
107 115
107 120
107 126
107 108
107 117
107 110
107 111
107 122
107 121
108 113
108 125
108 119
108 127
108 123
108 116
108 126
108 110
108 111
109 118
109 125
109 119
109 115
109 120
109 126
109 121
109 110
109 122
110 118
110 119
110 127
110 126
110 117
110 111
110 121
110 120
110 122
111 113
111 125
111 114
111 123
111 120
111 117
111 121
111 122
112 118
112 125
112 114
112 119
112 116
113 117
113 122
113 118
113 114
113 123
113 116
113 126
113 121
114 119
114 122
114 125
114 127
114 123
115 119
115 120
115 122
115 118
115 116
115 123
115 121
116 120
116 117
116 124
116 125
117 118
117 125
117 127
117 123
117 122
117 121
117 120
118 125
118 127
118 126
118 121
119 124
119 125
119 120
119 126
120 124
120 125
120 127
120 121
120 122
121 122
121 123
122 124
122 125
122 127
122 123
122 126
123 124
123 127
124 126
125 127
