0 2
0 3
0 6
0 7
0 8
0 9
0 11
0 12
0 13
0 14
0 15
0 16
0 17
0 18
0 19
0 21
0 23
0 24
0 25
0 26
0 27
0 28
0 29
0 30
0 31
0 32
0 33
0 34
0 35
0 36
0 37
0 38
0 39
0 40
0 41
0 42
0 44
0 45
0 46
0 47
0 48
0 49
0 50
0 51
0 52
0 53
0 54
0 55
0 56
0 57
0 58
0 63
0 122
0 123
0 68
0 67
0 61
0 59
0 83
0 96
0 5
0 66
1 2
1 59
1 60
1 3
1 4
1 5
1 61
1 8
1 62
1 9
1 11
1 63
1 17
1 64
1 65
1 66
1 22
1 67
1 68
1 69
1 26
1 70
1 27
1 71
1 72
1 73
1 29
1 30
1 31
1 32
1 74
1 75
1 36
1 37
1 38
1 76
1 77
1 39
1 78
1 79
1 80
1 41
1 42
1 43
1 44
1 45
1 46
1 48
1 81
1 82
1 51
1 52
1 83
1 84
1 85
1 86
1 55
1 87
1 88
1 56
1 57
1 89
1 90
2 91
2 59
2 92
2 60
2 93
2 94
2 95
2 3
2 4
2 96
2 61
2 62
2 9
2 97
2 10
2 98
2 99
2 12
2 13
2 15
2 16
2 100
2 18
2 65
2 19
2 66
2 22
2 67
2 68
2 70
2 27
2 71
2 101
2 72
2 73
2 102
2 30
2 31
2 32
2 34
2 74
2 35
2 103
2 75
2 104
2 105
2 36
2 38
2 76
2 106
2 107
2 108
2 78
2 79
2 80
2 43
2 44
2 45
2 46
2 109
2 47
2 110
2 111
2 81
2 83
2 54
2 85
2 86
2 55
2 87
2 56
2 57
2 112
2 58
2 90
3 91
3 59
3 92
3 95
3 5
3 7
3 62
3 9
3 10
3 98
3 11
3 63
3 13
3 16
3 100
3 64
3 18
3 65
3 19
3 113
3 20
3 66
3 22
3 67
3 68
3 69
3 24
3 114
3 27
3 72
3 28
3 102
3 33
3 103
3 75
3 104
3 105
3 76
3 106
3 77
3 108
3 79
3 80
3 41
3 42
3 43
3 44
3 45
3 46
3 47
3 48
3 115
3 111
3 81
3 116
3 82
3 50
3 51
3 53
3 85
3 86
3 56
3 112
3 58
4 91
4 59
4 61
4 7
4 62
4 117
4 9
4 10
4 11
4 63
4 12
4 100
4 18
4 20
4 21
4 66
4 22
4 23
4 69
4 114
4 26
4 70
4 27
4 71
4 72
4 28
4 32
4 33
4 74
4 118
4 103
4 37
4 76
4 106
4 108
4 119
4 39
4 40
4 79
4 80
4 41
4 44
4 46
4 48
4 120
4 110
4 121
4 115
4 50
4 53
4 83
4 54
4 90
5 91
5 122
5 94
5 95
5 96
5 6
5 117
5 99
5 14
5 100
5 64
5 19
5 113
5 20
5 21
5 67
5 24
5 70
5 71
5 101
5 72
5 73
5 30
5 32
5 33
5 74
5 118
5 36
5 107
5 40
5 79
5 41
5 43
5 45
5 120
5 110
5 121
5 115
5 49
5 116
5 51
5 54
5 85
5 55
5 87
5 63
5 27
5 123
5 68
5 61
5 57
5 17
5 59
5 53
5 15
5 83
5 66
5 34
6 60
6 95
6 7
6 62
6 9
6 97
6 98
6 11
6 13
6 14
6 15
6 18
6 65
6 19
6 113
6 20
6 69
6 24
6 114
6 71
6 28
6 30
6 31
6 33
6 34
6 74
6 118
6 75
6 104
6 105
6 36
6 123
6 38
6 108
6 119
6 39
6 78
6 40
6 79
6 47
6 48
6 120
6 115
6 111
6 49
6 116
6 82
6 50
6 51
6 52
6 53
6 83
6 85
6 86
6 88
6 57
6 112
7 91
7 122
7 60
7 93
7 96
7 61
7 124
7 62
7 117
7 10
7 11
7 99
7 63
7 12
7 13
7 14
7 16
7 17
7 125
7 19
7 113
7 20
7 21
7 66
7 23
7 26
7 70
7 27
7 71
7 72
7 73
7 102
7 30
7 74
7 126
7 35
7 75
7 104
7 105
7 37
7 106
7 77
7 107
7 39
7 78
7 40
7 80
7 42
7 43
7 44
7 45
7 109
7 47
7 127
7 120
7 110
7 121
7 115
7 111
7 81
7 116
7 82
7 83
7 84
7 54
7 88
7 56
7 112
7 90
8 122
8 60
8 94
8 95
8 61
8 124
8 62
8 117
8 9
8 10
8 63
8 12
8 13
8 14
8 15
8 17
8 64
8 65
8 113
8 21
8 23
8 67
8 24
8 114
8 26
8 70
8 101
8 72
8 29
8 30
8 74
8 118
8 126
8 35
8 103
8 75
8 36
8 106
8 77
8 107
8 108
8 39
8 43
8 44
8 47
8 127
8 48
8 120
8 121
8 111
8 116
8 53
8 83
8 54
8 86
8 55
8 56
8 57
8 112
8 58
9 91
9 59
9 92
9 122
9 60
9 93
9 124
9 97
9 10
9 14
9 15
9 100
9 125
9 18
9 19
9 113
9 66
9 22
9 23
9 67
9 24
9 25
9 26
9 70
9 27
9 71
9 29
9 31
9 34
9 74
9 35
9 103
9 75
9 104
9 105
9 36
9 37
9 38
9 76
9 107
9 119
9 79
9 41
9 42
9 43
9 44
9 45
9 46
9 47
9 120
9 49
9 81
9 116
9 50
9 53
9 83
9 86
9 55
9 112
9 58
10 92
10 122
10 60
10 94
10 61
10 124
10 62
10 98
10 11
10 99
10 13
10 14
10 15
10 100
10 17
10 64
10 113
10 66
10 22
10 23
10 67
10 24
10 25
10 26
10 70
10 73
10 102
10 31
10 33
10 34
10 74
10 118
10 35
10 103
10 104
10 105
10 36
10 37
10 108
10 78
10 40
10 79
10 44
10 45
10 47
10 127
10 120
10 121
10 115
10 111
10 81
10 82
10 53
10 85
10 55
10 87
10 88
10 56
10 57
11 92
11 94
11 124
11 98
11 99
11 12
11 14
11 16
11 100
11 18
11 20
11 21
11 22
11 69
11 114
11 26
11 72
11 30
11 32
11 34
11 74
11 75
11 36
11 76
11 106
11 107
11 119
11 40
11 41
11 47
11 110
11 115
11 49
11 81
11 116
11 82
11 53
11 83
11 85
11 55
11 56
11 57
11 112
11 58
11 90
12 91
12 122
12 60
12 61
12 124
12 97
12 63
12 13
12 15
12 100
12 64
12 19
12 66
12 22
12 67
12 68
12 69
12 114
12 70
12 71
12 73
12 102
12 30
12 33
12 34
12 74
12 103
12 75
12 104
12 36
12 37
12 38
12 106
12 107
12 39
12 78
12 40
12 80
12 42
12 44
12 45
12 109
12 120
12 111
12 49
12 116
12 50
12 52
12 54
12 85
12 86
12 55
12 56
12 57
12 90
13 91
13 93
13 94
13 95
13 96
13 98
13 99
13 16
13 21
13 22
13 23
13 69
13 24
13 26
13 27
13 101
13 28
13 73
13 102
13 33
13 34
13 74
13 118
13 126
13 35
13 103
13 104
13 123
13 37
13 79
13 80
13 41
13 42
13 43
13 45
13 47
13 127
13 110
13 121
13 115
13 49
13 81
13 51
13 52
13 83
13 84
13 54
13 87
13 56
13 57
13 112
13 58
13 89
14 92
14 60
14 93
14 95
14 61
14 124
14 117
14 99
14 63
14 17
14 64
14 18
14 65
14 19
14 21
14 23
14 114
14 26
14 71
14 101
14 72
14 73
14 102
14 29
14 30
14 31
14 118
14 126
14 35
14 105
14 123
14 37
14 106
14 77
14 108
14 78
14 40
14 79
14 80
14 41
14 44
14 46
14 127
14 48
14 120
14 110
14 111
14 81
14 116
14 82
14 50
14 51
14 55
14 58
14 89
15 92
15 122
15 95
15 61
15 98
15 63
15 100
15 18
15 19
15 66
15 22
15 23
15 68
15 24
15 114
15 25
15 26
15 101
15 73
15 102
15 31
15 32
15 34
15 118
15 35
15 75
15 36
15 37
15 38
15 106
15 77
15 107
15 108
15 119
15 78
15 40
15 79
15 80
15 45
15 46
15 109
15 127
15 48
15 110
15 115
15 49
15 51
15 84
15 54
15 87
15 88
15 57
15 112
15 89
15 27
15 123
15 67
15 17
15 59
15 53
15 83
15 96
16 122
16 93
16 94
16 95
16 61
16 62
16 117
16 97
16 99
16 125
16 18
16 113
16 22
16 23
16 69
16 24
16 26
16 71
16 28
16 73
16 102
16 32
16 33
16 74
16 118
16 126
16 103
16 75
16 104
16 105
16 123
16 37
16 76
16 106
16 77
16 119
16 78
16 40
16 80
16 42
16 44
16 45
16 109
16 47
16 127
16 120
16 110
16 121
16 81
16 82
16 83
16 84
16 85
16 86
16 55
16 87
16 90
17 92
17 122
17 60
17 124
17 117
17 97
17 99
17 100
17 125
17 65
17 22
17 23
17 68
17 24
17 114
17 26
17 70
17 72
17 31
17 33
17 34
17 74
17 35
17 103
17 75
17 104
17 77
17 108
17 40
17 79
17 80
17 42
17 43
17 46
17 48
17 121
17 115
17 81
17 82
17 50
17 84
17 86
17 87
17 88
17 57
17 112
17 58
17 89
17 90
17 63
17 27
17 123
17 67
17 61
17 19
17 54
17 59
17 53
17 83
17 96
17 66
18 91
18 122
18 60
18 94
18 95
18 61
18 62
18 98
18 125
18 65
18 19
18 22
18 23
18 69
18 24
18 114
18 25
18 70
18 27
18 71
18 72
18 28
18 102
18 33
18 74
18 118
18 35
18 103
18 104
18 123
18 106
18 119
18 39
18 41
18 42
18 43
18 44
18 46
18 109
18 47
18 48
18 120
18 115
18 111
18 49
18 81
18 116
18 53
18 86
18 58
18 89
19 92
19 122
19 95
19 96
19 61
19 63
19 100
19 125
19 64
19 20
19 21
19 22
19 67
19 68
19 69
19 24
19 114
19 27
19 72
19 102
19 30
19 32
19 33
19 74
19 126
19 35
19 105
19 123
19 77
19 119
19 78
19 40
19 42
19 48
19 110
19 121
19 111
19 49
19 116
19 50
19 51
19 53
19 54
19 55
19 87
19 57
19 112
19 58
19 90
19 59
19 83
19 66
19 34
20 91
20 59
20 92
20 122
20 93
20 94
20 124
20 62
20 98
20 100
20 64
20 113
20 23
20 67
20 68
20 69
20 26
20 70
20 101
20 72
20 102
20 30
20 31
20 118
20 126
20 103
20 75
20 105
20 36
20 123
20 37
20 76
20 108
20 119
20 39
20 79
20 42
20 45
20 46
20 109
20 47
20 48
20 120
20 121
20 115
20 49
20 81
20 116
20 82
20 52
20 53
20 84
20 54
20 86
20 55
20 88
20 112
20 58
20 89
21 59
21 60
21 93
21 94
21 95
21 96
21 61
21 97
21 100
21 125
21 64
21 66
21 22
21 23
21 67
21 24
21 70
21 27
21 71
21 72
21 28
21 102
21 30
21 31
21 33
21 74
21 118
21 35
21 105
21 123
21 77
21 107
21 40
21 80
21 42
21 43
21 44
21 109
21 120
21 110
21 121
21 81
21 52
21 54
21 85
21 86
21 87
21 88
21 56
21 57
21 58
22 91
22 59
22 122
22 93
22 124
22 62
22 100
22 65
22 113
22 114
22 25
22 26
22 70
22 72
22 28
22 102
22 29
22 32
22 33
22 35
22 103
22 75
22 105
22 36
22 123
22 38
22 106
22 107
22 108
22 119
22 39
22 78
22 40
22 79
22 41
22 43
22 45
22 46
22 47
22 127
22 110
22 121
22 116
22 82
22 51
22 52
22 53
22 84
22 85
22 86
22 88
22 57
22 112
22 58
22 89
23 92
23 122
23 60
23 93
23 95
23 62
23 97
23 98
23 63
23 100
23 125
23 65
23 66
23 67
23 114
23 101
23 72
23 102
23 32
23 33
23 118
23 75
23 105
23 36
23 38
23 106
23 107
23 108
23 78
23 40
23 80
23 44
23 45
23 109
23 47
23 127
23 110
23 121
23 115
23 111
23 81
23 84
23 55
23 57
23 89
24 92
24 122
24 60
24 95
24 96
24 124
24 62
24 63
24 65
24 66
24 67
24 68
24 69
24 70
24 72
24 28
24 73
24 102
24 31
24 34
24 74
24 118
24 103
24 105
24 36
24 123
24 37
24 38
24 76
24 77
24 119
24 39
24 78
24 40
24 79
24 80
24 42
24 44
24 46
24 127
24 48
24 121
24 115
24 82
24 84
24 85
24 87
24 56
24 57
24 112
24 58
25 59
25 92
25 93
25 95
25 96
25 124
25 63
25 64
25 65
25 113
25 66
25 26
25 70
25 27
25 101
25 72
25 73
25 29
25 30
25 32
25 126
25 103
25 75
25 37
25 76
25 108
25 78
25 40
25 79
25 80
25 41
25 45
25 46
25 127
25 48
25 110
25 121
25 115
25 111
25 49
25 81
25 82
25 52
25 83
25 54
25 85
25 55
25 57
25 58
25 90
26 59
26 122
26 96
26 124
26 98
26 99
26 100
26 64
26 113
26 114
26 70
26 72
26 73
26 30
26 31
26 32
26 33
26 34
26 126
26 35
26 75
26 105
26 36
26 37
26 107
26 108
26 39
26 78
26 80
26 43
26 44
26 45
26 46
26 47
26 127
26 48
26 120
26 110
26 115
26 49
26 81
26 82
26 51
26 53
26 83
26 84
26 54
26 86
26 87
26 88
26 56
26 57
26 112
26 89
27 92
27 122
27 60
27 95
27 61
27 117
27 97
27 63
27 125
27 67
27 68
27 71
27 72
27 28
27 29
27 32
27 34
27 126
27 35
27 103
27 75
27 105
27 36
27 123
27 76
27 106
27 108
27 39
27 79
27 44
27 46
27 47
27 48
27 110
27 121
27 49
27 81
27 50
27 51
27 53
27 54
27 85
27 87
27 57
27 112
27 89
27 59
27 83
27 96
27 66
28 94
28 95
28 61
28 99
28 100
28 125
28 65
28 113
28 67
28 114
28 101
28 73
28 102
28 30
28 32
28 33
28 34
28 126
28 35
28 103
28 104
28 36
28 123
28 37
28 38
28 76
28 106
28 77
28 107
28 39
28 78
28 40
28 41
28 42
28 46
28 120
28 110
28 111
28 116
28 82
28 50
28 51
28 52
28 53
28 83
28 84
28 86
28 55
28 88
28 58
28 89
29 91
29 59
29 60
29 94
29 95
29 124
29 117
29 63
29 100
29 64
29 66
29 114
29 70
29 72
29 73
29 31
29 33
29 118
29 126
29 104
29 36
29 38
29 76
29 77
29 108
29 40
29 79
29 44
29 46
29 109
29 47
29 127
29 48
29 120
29 110
29 121
29 115
29 111
29 82
29 54
29 86
29 88
29 56
29 57
29 112
29 58
29 90
30 92
30 60
30 93
30 94
30 96
30 62
30 117
30 97
30 63
30 100
30 125
30 64
30 67
30 68
30 69
30 70
30 71
30 101
30 72
30 32
30 126
30 75
30 105
30 36
30 123
30 37
30 77
30 108
30 39
30 40
30 80
30 42
30 45
30 120
30 110
30 116
30 51
30 83
30 54
30 87
30 88
30 56
30 57
30 112
30 58
30 90
31 122
31 60
31 93
31 94
31 117
31 97
31 98
31 99
31 63
31 64
31 65
31 113
31 67
31 69
31 101
31 72
31 102
31 32
31 34
31 35
31 103
31 75
31 105
31 77
31 107
31 108
31 119
31 39
31 78
31 79
31 80
31 41
31 42
31 44
31 45
31 46
31 47
31 110
31 121
31 115
31 111
31 49
31 116
31 82
31 51
31 53
31 84
31 85
31 86
31 55
31 87
31 88
31 56
31 57
31 58
31 89
32 91
32 122
32 60
32 62
32 98
32 63
32 125
32 64
32 113
32 114
32 101
32 73
32 102
32 34
32 74
32 35
32 103
32 36
32 123
32 106
32 39
32 78
32 40
32 79
32 41
32 46
32 109
32 121
32 115
32 49
32 81
32 116
32 82
32 50
32 52
32 83
32 85
32 86
32 55
32 58
32 89
33 91
33 59
33 60
33 93
33 94
33 95
33 96
33 61
33 124
33 62
33 97
33 98
33 63
33 125
33 113
33 67
33 68
33 70
33 73
33 102
33 34
33 118
33 126
33 35
33 103
33 75
33 104
33 76
33 77
33 107
33 119
33 39
33 78
33 79
33 41
33 45
33 47
33 127
33 48
33 120
33 49
33 81
33 116
33 52
33 84
33 54
33 87
33 57
33 112
33 89
33 90
34 91
34 122
34 93
34 94
34 62
34 117
34 98
34 100
34 113
34 71
34 101
34 72
34 73
34 74
34 35
34 103
34 75
34 36
34 123
34 106
34 78
34 40
34 79
34 41
34 44
34 45
34 46
34 109
34 127
34 121
34 111
34 49
34 82
34 53
34 85
34 86
34 56
34 63
34 68
34 67
34 61
34 57
34 54
34 59
34 83
34 96
34 66
35 91
35 59
35 94
35 95
35 96
35 61
35 124
35 62
35 97
35 98
35 99
35 63
35 125
35 65
35 66
35 114
35 70
35 71
35 72
35 74
35 75
35 37
35 38
35 77
35 119
35 39
35 78
35 42
35 43
35 45
35 109
35 127
35 120
35 121
35 115
35 111
35 49
35 81
35 116
35 51
35 53
35 85
35 86
35 88
35 56
35 112
35 58
35 90
36 91
36 59
36 93
36 95
36 61
36 99
36 63
36 100
36 66
36 67
36 68
36 70
36 101
36 72
36 118
36 126
36 75
36 104
36 37
36 77
36 107
36 39
36 40
36 44
36 109
36 48
36 120
36 116
36 82
36 54
36 86
36 55
37 92
37 60
37 93
37 124
37 117
37 97
37 98
37 63
37 100
37 125
37 64
37 65
37 113
37 67
37 68
37 73
37 102
37 105
37 38
37 106
37 107
37 119
37 78
37 40
37 41
37 43
37 44
37 109
37 120
37 110
37 121
37 111
37 49
37 81
37 51
37 52
37 83
37 54
38 59
38 92
38 94
38 96
38 124
38 97
38 98
38 99
38 100
38 125
38 64
38 65
38 113
38 71
38 101
38 72
38 118
38 103
38 75
38 105
38 123
38 76
38 119
38 39
38 41
38 48
38 121
38 111
38 81
38 116
38 51
38 53
38 83
38 84
38 54
38 85
38 56
38 57
38 58
39 91
39 92
39 94
39 124
39 97
39 98
39 99
39 100
39 64
39 65
39 113
39 67
39 68
39 101
39 74
39 126
39 103
39 123
39 76
39 106
39 77
39 108
39 119
39 41
39 42
39 43
39 46
39 109
39 127
39 120
39 121
39 115
39 111
39 49
39 81
39 82
39 50
39 51
39 87
39 112
40 59
40 92
40 122
40 94
40 61
40 62
40 63
40 125
40 64
40 65
40 113
40 66
40 67
40 68
40 69
40 114
40 101
40 72
40 73
40 102
40 118
40 103
40 104
40 105
40 123
40 76
40 77
40 119
40 78
40 79
40 80
40 43
40 44
40 45
40 46
40 109
40 47
40 127
40 110
40 121
40 115
40 116
40 51
40 53
40 85
40 86
40 87
40 88
40 57
40 58
40 90
41 59
41 60
41 62
41 117
41 98
41 99
41 63
41 100
41 64
41 65
41 67
41 68
41 69
41 72
41 73
41 102
41 74
41 126
41 75
41 105
41 123
41 107
41 108
41 119
41 42
41 44
41 45
41 109
41 127
41 48
41 120
41 121
41 111
41 81
41 50
41 51
41 53
41 83
41 85
41 56
41 57
42 59
42 122
42 93
42 95
42 96
42 61
42 117
42 97
42 125
42 64
42 65
42 66
42 114
42 72
42 73
42 102
42 118
42 126
42 123
42 76
42 77
42 107
42 119
42 79
42 43
42 44
42 109
42 110
42 115
42 81
42 116
42 50
42 52
42 83
42 84
42 54
42 85
42 86
42 88
42 56
42 57
42 112
42 58
42 89
43 59
43 92
43 94
43 95
43 96
43 117
43 100
43 64
43 65
43 68
43 69
43 114
43 71
43 101
43 72
43 74
43 126
43 103
43 75
43 105
43 76
43 77
43 107
43 108
43 119
43 78
43 47
43 127
43 48
43 120
43 121
43 115
43 116
43 50
43 51
43 53
43 83
43 86
43 87
43 57
43 112
43 58
43 90
44 59
44 92
44 122
44 60
44 93
44 94
44 117
44 113
44 69
44 114
44 71
44 73
44 118
44 75
44 108
44 79
44 80
44 48
44 120
44 110
44 121
44 49
44 81
44 116
44 50
44 53
44 83
44 84
44 86
44 55
44 87
44 56
44 57
44 90
45 91
45 59
45 93
45 94
45 95
45 96
45 124
45 62
45 117
45 98
45 99
45 100
45 125
45 113
45 67
45 69
45 114
45 70
45 71
45 72
45 73
45 102
45 118
45 126
45 103
45 75
45 123
45 76
45 106
45 77
45 107
45 119
45 109
45 47
45 48
45 115
45 116
45 83
45 84
45 85
45 55
45 56
45 112
45 89
45 90
46 59
46 122
46 94
46 95
46 61
46 117
46 98
46 99
46 63
46 100
46 64
46 65
46 67
46 68
46 70
46 72
46 73
46 74
46 103
46 104
46 105
46 123
46 76
46 106
46 77
46 107
46 78
46 79
46 47
46 110
46 121
46 111
46 81
46 116
46 82
46 50
46 52
46 83
46 84
46 86
46 55
46 56
46 89
46 90
47 60
47 94
47 95
47 98
47 125
47 64
47 65
47 66
47 67
47 69
47 71
47 101
47 72
47 102
47 74
47 118
47 103
47 76
47 77
47 108
47 119
47 78
47 79
47 80
47 116
47 82
47 50
47 51
47 52
47 53
47 55
47 89
48 92
48 93
48 94
48 117
48 98
48 99
48 63
48 125
48 65
48 113
48 67
48 69
48 114
48 71
48 101
48 73
48 102
48 74
48 103
48 75
48 105
48 123
48 106
48 108
48 119
48 79
48 80
48 127
48 110
48 121
48 115
48 81
48 82
48 50
48 84
48 54
48 85
48 56
48 112
48 58
49 91
49 59
49 122
49 93
49 94
49 61
49 124
49 99
49 64
49 65
49 66
49 67
49 68
49 114
49 101
49 73
49 74
49 118
49 104
49 105
49 76
49 107
49 108
49 119
49 78
49 80
49 109
49 120
49 110
49 111
49 82
49 51
49 52
49 53
49 55
49 87
49 88
49 56
49 57
49 112
49 89
49 90
50 92
50 122
50 60
50 93
50 95
50 96
50 61
50 97
50 98
50 99
50 125
50 66
50 68
50 102
50 74
50 118
50 126
50 103
50 75
50 105
50 123
50 76
50 106
50 107
50 109
50 120
50 110
50 121
50 81
50 116
50 82
50 51
50 83
50 54
50 85
50 86
50 55
50 87
50 56
50 58
51 92
51 94
51 96
51 62
51 117
51 97
51 125
51 65
51 113
51 68
51 69
51 70
51 71
51 72
51 102
51 118
51 126
51 123
51 76
51 77
51 107
51 109
51 110
51 116
51 82
51 53
51 83
51 54
51 55
51 87
51 88
51 56
51 89
52 91
52 59
52 93
52 95
52 61
52 62
52 97
52 99
52 63
52 64
52 66
52 70
52 126
52 75
52 123
52 76
52 106
52 77
52 107
52 108
52 78
52 79
52 127
52 110
52 115
52 111
52 81
52 53
52 84
52 54
52 85
52 55
52 56
52 57
52 58
53 59
53 92
53 93
53 95
53 96
53 61
53 124
53 98
53 99
53 63
53 125
53 66
53 67
53 69
53 114
53 70
53 72
53 74
53 118
53 126
53 104
53 105
53 106
53 77
53 108
53 79
53 110
53 115
53 111
53 54
53 86
53 55
53 56
53 58
53 89
53 90
53 122
53 123
53 68
53 57
53 83
54 91
54 92
54 122
54 93
54 94
54 95
54 96
54 61
54 124
54 97
54 98
54 63
54 100
54 125
54 64
54 66
54 67
54 68
54 69
54 70
54 72
54 73
54 74
54 75
54 104
54 105
54 123
54 77
54 108
54 119
54 78
54 109
54 127
54 110
54 115
54 116
54 82
54 84
54 87
54 88
54 56
54 57
54 58
54 90
54 59
54 83
55 91
55 59
55 92
55 122
55 60
55 93
55 94
55 95
55 124
55 117
55 97
55 98
55 99
55 63
55 100
55 125
55 64
55 113
55 67
55 68
55 70
55 71
55 72
55 73
55 102
55 118
55 103
55 104
55 123
55 106
55 77
55 107
55 108
55 119
55 80
55 109
55 120
55 110
55 121
55 111
55 116
55 86
55 112
55 58
55 90
56 91
56 92
56 122
56 60
56 96
56 97
56 99
56 100
56 64
56 67
56 114
56 70
56 71
56 73
56 74
56 118
56 126
56 103
56 104
56 105
56 76
56 106
56 107
56 108
56 80
56 109
56 127
56 84
56 85
56 86
56 88
56 112
57 59
57 92
57 122
57 93
57 61
57 62
57 97
57 98
57 63
57 100
57 125
57 64
57 65
57 67
57 68
57 69
57 114
57 70
57 72
57 102
57 103
57 75
57 123
57 77
57 107
57 119
57 79
57 109
57 120
57 110
57 121
57 115
57 82
57 85
57 87
57 112
57 90
57 83
57 96
57 66
58 91
58 122
58 60
58 93
58 96
58 124
58 63
58 100
58 125
58 64
58 65
58 113
58 66
58 67
58 68
58 70
58 71
58 74
58 103
58 105
58 123
58 77
58 108
58 80
58 127
58 110
58 111
58 81
58 86
58 88
58 112
58 90
59 91
59 94
59 124
59 62
59 99
59 63
59 100
59 64
59 67
59 68
59 69
59 70
59 101
59 102
59 74
59 104
59 105
59 76
59 106
59 77
59 120
59 110
59 121
59 86
59 88
59 112
59 90
59 122
59 123
59 61
59 83
59 96
59 66
60 91
60 92
60 122
60 93
60 94
60 95
60 61
60 124
60 99
60 125
60 69
60 114
60 72
60 126
60 103
60 104
60 106
60 77
60 119
60 80
60 109
60 110
60 121
60 115
60 111
60 116
60 82
60 86
60 87
60 88
60 90
61 122
61 93
61 94
61 124
61 63
61 100
61 64
61 113
61 66
61 67
61 68
61 69
61 114
61 70
61 101
61 73
61 102
61 74
61 118
61 103
61 104
61 105
61 123
61 106
61 107
61 119
61 127
61 120
61 121
61 115
61 111
61 81
61 82
61 83
61 85
61 87
61 90
61 96
62 93
62 125
62 64
62 68
62 70
62 73
62 102
62 118
62 103
62 105
62 123
62 77
62 107
62 119
62 78
62 109
62 127
62 120
62 121
62 111
62 81
62 116
62 82
62 83
62 86
62 87
62 89
62 90
63 91
63 92
63 122
63 94
63 124
63 117
63 97
63 99
63 65
63 113
63 67
63 68
63 69
63 101
63 72
63 73
63 126
63 104
63 123
63 106
63 77
63 107
63 108
63 119
63 78
63 79
63 80
63 127
63 110
63 111
63 116
63 82
63 83
63 86
63 88
63 90
63 96
63 66
64 91
64 93
64 94
64 117
64 125
64 113
64 66
64 69
64 101
64 74
64 118
64 103
64 123
64 76
64 106
64 77
64 107
64 79
64 109
64 110
64 121
64 115
64 111
64 116
64 82
64 88
64 112
64 89
64 90
65 93
65 94
65 96
65 124
65 98
65 125
65 69
65 114
65 71
65 101
65 73
65 118
65 126
65 103
65 104
65 123
65 76
65 106
65 107
65 119
65 79
65 80
65 127
65 120
65 110
65 121
65 115
65 111
65 81
65 116
65 82
65 84
65 85
65 87
65 112
66 92
66 94
66 124
66 67
66 68
66 114
66 70
66 102
66 74
66 126
66 103
66 76
66 106
66 77
66 79
66 120
66 110
66 121
66 87
66 88
66 90
66 122
66 123
66 83
66 96
67 122
67 93
67 124
67 99
67 113
67 68
67 70
67 72
67 74
67 75
67 123
67 106
67 108
67 119
67 80
67 109
67 127
67 120
67 121
67 81
67 87
67 112
67 83
67 96
68 92
68 122
68 94
68 95
68 96
68 100
68 125
68 113
68 69
68 114
68 71
68 74
68 126
68 103
68 75
68 123
68 106
68 107
68 108
68 119
68 78
68 80
68 109
68 120
68 110
68 121
68 115
68 111
68 81
68 82
68 83
68 84
68 86
68 88
69 91
69 92
69 94
69 95
69 124
69 117
69 98
69 100
69 113
69 70
69 71
69 101
69 73
69 102
69 118
69 75
69 104
69 123
69 106
69 108
69 119
69 78
69 109
69 110
69 111
69 81
69 84
69 85
69 86
70 91
70 92
70 93
70 95
70 124
70 98
70 125
70 114
70 101
70 72
70 74
70 104
70 105
70 123
70 76
70 108
70 109
70 120
70 81
70 116
70 84
70 85
70 87
70 89
70 90
71 93
71 94
71 117
71 97
71 98
71 113
71 114
71 73
71 102
71 74
71 118
71 126
71 75
71 105
71 76
71 77
71 119
71 79
71 109
71 110
71 121
71 81
71 116
71 82
71 84
71 87
71 90
72 92
72 122
72 124
72 117
72 97
72 99
72 100
72 125
72 113
72 101
72 102
72 126
72 103
72 75
72 123
72 107
72 119
72 78
72 79
72 80
72 120
72 121
72 111
72 81
72 116
72 87
72 88
72 89
73 91
73 122
73 96
73 124
73 97
73 98
73 100
73 74
73 118
73 126
73 105
73 123
73 76
73 106
73 107
73 78
73 79
73 80
73 127
73 110
73 115
73 81
73 116
73 84
73 85
73 87
73 90
74 92
74 122
74 93
74 96
74 124
74 117
74 100
74 125
74 113
74 101
74 126
74 75
74 104
74 106
74 107
74 108
74 119
74 80
74 109
74 127
74 120
74 111
74 81
74 82
74 83
74 84
74 85
74 86
74 87
74 88
74 90
75 91
75 117
75 97
75 98
75 114
75 102
75 126
75 103
75 105
75 123
75 77
75 119
75 79
75 109
75 127
75 110
75 82
75 84
75 85
75 88
76 91
76 93
76 96
76 124
76 117
76 97
76 125
76 114
76 101
76 102
76 118
76 126
76 104
76 123
76 106
76 77
76 79
76 109
76 127
76 110
76 111
76 116
76 83
76 84
76 85
76 87
76 112
76 89
76 90
77 91
77 93
77 94
77 95
77 117
77 97
77 99
77 100
77 125
77 114
77 102
77 103
77 105
77 106
77 119
77 78
77 79
77 80
77 109
77 110
77 115
77 84
77 85
77 112
77 90
78 93
78 117
78 98
78 99
78 114
78 103
78 105
78 123
78 106
78 119
78 79
78 127
78 120
78 110
78 115
78 83
78 84
78 85
78 88
78 89
78 90
79 91
79 92
79 95
79 96
79 117
79 97
79 98
79 100
79 125
79 113
79 114
79 101
79 118
79 105
79 123
79 119
79 127
79 120
79 121
79 84
79 87
79 112
79 89
80 91
80 122
80 94
80 95
80 98
80 99
80 125
80 102
80 118
80 103
80 104
80 123
80 107
80 127
80 120
80 110
80 121
80 81
80 82
80 84
80 85
80 86
80 112
80 90
81 91
81 122
81 93
81 124
81 117
81 97
81 98
81 125
81 113
81 114
81 101
81 118
81 126
81 105
81 123
81 107
81 119
81 109
81 121
81 115
81 116
81 86
81 87
81 88
81 112
82 92
82 122
82 93
82 94
82 124
82 97
82 99
82 100
82 113
82 114
82 101
82 118
82 126
82 123
82 107
82 108
82 119
82 110
82 115
82 83
82 84
82 85
82 89
83 92
83 96
83 97
83 102
83 105
83 123
83 106
83 107
83 108
83 127
83 115
83 85
83 86
83 122
84 96
84 97
84 100
84 125
84 113
84 102
84 105
84 107
84 108
84 120
84 111
84 116
84 86
84 87
84 112
84 90
85 91
85 92
85 122
85 95
85 124
85 117
85 97
85 98
85 100
85 125
85 101
85 118
85 104
85 105
85 123
85 108
85 119
85 109
85 127
85 110
85 115
85 86
85 87
86 91
86 92
86 96
86 98
86 99
86 125
86 113
86 102
86 126
86 104
86 108
86 127
86 120
86 110
86 116
86 87
86 88
86 89
87 91
87 95
87 117
87 98
87 100
87 113
87 103
87 104
87 105
87 106
87 109
87 127
87 121
87 115
87 111
87 112
87 89
88 92
88 122
88 94
88 96
88 98
88 99
88 125
88 113
88 114
88 118
88 103
88 104
88 123
88 106
88 107
88 119
88 109
88 120
88 121
88 115
88 116
88 112
89 91
89 122
89 97
89 99
89 113
89 102
89 126
89 103
89 104
89 123
89 106
89 108
89 119
89 109
89 127
89 120
89 110
89 121
89 115
89 116
90 91
90 92
90 122
90 93
90 95
90 124
90 100
90 101
90 102
90 103
90 104
90 105
90 106
90 107
90 119
90 109
90 127
90 120
90 110
90 121
90 115
90 111
91 122
91 94
91 96
91 124
91 117
91 100
91 125
91 101
91 118
91 126
91 123
91 106
91 108
91 120
91 110
91 121
91 115
91 111
91 116
92 122
92 96
92 124
92 117
92 100
92 118
92 123
92 106
92 108
92 120
92 121
92 111
92 93
92 95
92 99
92 113
92 102
92 103
92 104
92 107
93 122
93 96
93 124
93 100
93 125
93 110
93 111
93 116
93 98
93 99
93 113
93 103
93 104
93 105
93 109
93 127
94 95
94 96
94 97
94 99
94 100
94 125
94 113
94 118
94 103
94 105
94 107
94 108
94 119
94 121
94 115
95 100
95 125
95 118
95 126
95 106
95 111
95 116
95 97
95 105
95 119
95 109
95 127
96 124
96 117
96 97
96 114
96 118
96 103
96 106
96 121
96 115
96 116
96 112
96 122
96 123
97 122
97 124
97 117
97 118
97 126
97 106
97 121
97 111
97 113
97 114
97 107
97 119
97 112
98 117
98 100
98 101
98 126
98 123
98 108
98 115
98 111
98 116
98 103
98 105
98 119
98 109
98 112
99 122
99 100
99 125
99 123
99 106
99 108
99 120
99 110
99 121
99 114
99 104
99 105
99 109
99 112
100 122
100 124
100 117
100 114
100 118
100 126
100 103
100 105
100 107
100 108
100 109
100 120
100 121
100 115
100 111
100 116
100 112
101 122
101 117
101 125
101 113
101 102
101 126
101 103
101 104
101 123
101 119
101 127
101 120
101 110
102 117
102 125
102 118
102 126
102 123
102 120
102 110
102 121
102 113
102 105
102 127
102 112
103 124
103 117
103 125
103 118
103 123
103 108
103 121
103 111
103 116
103 114
103 107
103 119
104 124
104 117
104 125
104 118
104 126
104 106
104 120
104 115
104 114
104 107
104 119
104 109
104 127
105 122
105 125
105 126
105 123
105 108
105 110
105 115
105 111
105 116
105 113
105 107
105 119
105 112
106 122
106 124
106 123
106 113
106 114
106 107
106 120
106 110
106 115
106 111
106 112
107 122
107 124
107 117
107 126
107 108
107 121
107 111
107 116
107 109
108 124
108 126
108 114
108 119
108 115
108 116
108 112
109 124
109 117
109 125
109 120
109 114
109 127
109 112
110 122
110 124
110 123
110 120
110 113
110 114
110 119
110 121
110 115
110 111
111 124
111 125
111 126
111 120
111 121
111 113
111 116
112 122
112 125
112 118
112 120
112 116
112 113
112 119
113 122
113 124
113 117
113 118
113 126
113 120
113 116
113 114
113 127
114 122
114 124
114 117
114 125
114 118
114 126
114 121
114 116
114 119
114 127
115 122
115 117
115 126
115 121
115 119
115 127
116 117
116 118
116 126
116 120
116 119
116 127
117 122
117 125
117 126
117 123
117 127
117 121
118 126
118 119
118 127
118 121
119 126
119 121
119 127
120 122
120 123
120 121
121 122
121 126
121 123
121 127
122 125
122 126
122 123
122 127
123 125
123 127
124 125
124 127
125 126
125 127
126 127
