0 1
0 2
0 3
0 4
0 5
0 6
0 7
0 8
0 9
0 10
0 11
0 12
0 13
0 14
0 15
0 16
0 17
0 18
0 19
0 20
0 21
0 22
0 23
0 24
0 25
0 26
0 27
0 28
0 29
0 30
0 31
0 32
0 33
0 34
0 35
0 36
0 37
0 38
0 39
0 40
0 41
0 42
0 43
0 44
0 45
0 46
0 47
0 48
0 49
0 50
0 51
0 52
0 53
0 54
0 55
0 56
0 57
0 59
0 60
0 61
1 63
1 3
1 4
1 64
1 6
1 65
1 9
1 66
1 67
1 68
1 69
1 70
1 71
1 16
1 72
1 22
1 73
1 23
1 24
1 74
1 27
1 28
1 30
1 31
1 32
1 33
1 76
1 77
1 78
1 38
1 43
1 47
1 48
1 50
1 82
1 83
1 53
1 54
1 84
1 86
1 87
1 29
1 21
1 10
1 52
1 91
1 114
1 116
1 93
1 127
1 101
1 124
1 121
1 40
1 12
1 58
1 45
2 62
2 4
2 64
2 88
2 89
2 5
2 90
2 11
2 67
2 91
2 69
2 12
2 71
2 92
2 16
2 93
2 20
2 21
2 22
2 94
2 23
2 74
2 26
2 95
2 96
2 97
2 98
2 29
2 99
2 100
2 35
2 101
2 41
2 43
2 46
2 102
2 103
2 51
2 80
2 81
2 82
2 83
2 53
2 104
2 105
2 55
2 56
2 106
2 58
3 62
3 64
3 88
3 7
3 90
3 66
3 11
3 107
3 69
3 14
3 15
3 92
3 16
3 19
3 108
3 20
3 109
3 73
3 26
3 96
3 110
3 98
3 29
3 99
3 33
3 111
3 35
3 36
3 37
3 77
3 38
3 41
3 42
3 112
3 43
3 44
3 47
3 49
3 50
3 113
3 51
3 81
3 82
3 52
3 83
3 84
3 114
3 106
3 86
3 87
3 59
4 62
4 88
4 89
4 5
4 9
4 10
4 91
4 13
4 70
4 115
4 16
4 17
4 93
4 108
4 20
4 116
4 72
4 73
4 23
4 117
4 24
4 118
4 119
4 95
4 96
4 120
4 121
4 98
4 100
4 36
4 37
4 38
4 79
4 41
4 123
4 44
4 45
4 46
4 113
4 80
4 124
4 53
4 104
4 54
4 84
4 105
4 85
4 106
4 59
4 61
4 29
4 21
4 52
4 114
4 65
4 127
4 101
4 27
4 40
4 12
4 58
5 62
5 126
5 88
5 8
5 90
5 10
5 91
5 68
5 13
5 71
5 93
5 21
5 117
5 24
5 118
5 119
5 95
5 96
5 120
5 28
5 110
5 29
5 99
5 122
5 30
5 31
5 33
5 100
5 34
5 35
5 37
5 77
5 39
5 123
5 44
5 103
5 51
5 82
5 124
5 83
5 53
5 104
5 54
5 84
5 114
5 85
5 55
5 106
5 125
5 59
5 60
6 126
6 63
6 64
6 89
6 90
6 66
6 107
6 67
6 91
6 12
6 70
6 115
6 19
6 20
6 109
6 72
6 21
6 22
6 73
6 94
6 23
6 74
6 26
6 119
6 95
6 27
6 75
6 99
6 31
6 111
6 76
6 78
6 38
6 79
6 41
6 123
6 112
6 44
6 47
6 48
6 50
6 113
6 102
6 51
6 52
6 124
6 53
6 84
6 105
6 114
6 56
6 106
6 57
6 125
6 59
6 61
7 62
7 126
7 89
7 8
7 10
7 67
7 91
7 127
7 70
7 71
7 115
7 17
7 18
7 19
7 108
7 21
7 73
7 94
7 23
7 117
7 74
7 25
7 118
7 26
7 96
7 27
7 28
7 110
7 97
7 98
7 29
7 99
7 122
7 33
7 34
7 35
7 36
7 101
7 76
7 77
7 38
7 39
7 41
7 42
7 43
7 46
7 50
7 103
7 51
7 52
7 83
7 53
7 54
7 84
7 105
7 85
7 55
7 56
7 106
7 57
7 87
7 59
7 60
7 61
8 63
8 89
8 90
8 65
8 9
8 10
8 66
8 91
8 68
8 12
8 127
8 70
8 115
8 15
8 16
8 17
8 93
8 18
8 19
8 108
8 109
8 72
8 94
8 117
8 74
8 118
8 119
8 95
8 27
8 28
8 110
8 75
8 121
8 98
8 30
8 31
8 32
8 33
8 100
8 34
8 36
8 76
8 78
8 38
8 39
8 42
8 43
8 45
8 46
8 47
8 102
8 80
8 124
8 53
8 84
8 105
8 114
8 55
8 106
8 58
8 86
8 59
8 61
9 62
9 126
9 89
9 65
9 10
9 66
9 107
9 68
9 12
9 127
9 13
9 115
9 15
9 92
9 16
9 17
9 93
9 18
9 116
9 72
9 21
9 117
9 24
9 74
9 25
9 119
9 96
9 28
9 110
9 97
9 98
9 122
9 32
9 111
9 100
9 34
9 101
9 76
9 37
9 77
9 39
9 41
9 42
9 44
9 47
9 48
9 50
9 102
9 51
9 80
9 82
9 52
9 83
9 84
9 114
9 55
9 56
9 106
9 58
9 125
9 60
9 61
10 62
10 64
10 90
10 65
10 107
10 67
10 91
10 12
10 127
10 13
10 14
10 71
10 93
10 108
10 116
10 21
10 22
10 73
10 94
10 24
10 118
10 96
10 28
10 110
10 121
10 29
10 122
10 30
10 32
10 111
10 35
10 101
10 37
10 77
10 78
10 79
10 41
10 42
10 46
10 49
10 50
10 81
10 52
10 124
10 53
10 54
10 105
10 114
10 85
10 55
10 57
10 86
10 59
10 60
10 61
10 27
10 40
10 58
10 45
11 62
11 63
11 64
11 88
11 89
11 65
11 107
11 67
11 91
11 68
11 69
11 12
11 115
11 15
11 92
11 17
11 19
11 109
11 21
11 73
11 94
11 23
11 24
11 74
11 118
11 26
11 28
11 110
11 75
11 97
11 121
11 98
11 99
11 122
11 30
11 31
11 33
11 100
11 34
11 35
11 36
11 77
11 78
11 39
11 79
11 112
11 43
11 47
11 113
11 103
11 80
11 81
11 82
11 83
11 54
11 105
11 106
11 58
11 125
11 59
11 61
12 63
12 89
12 66
12 69
12 127
12 14
12 71
12 17
12 20
12 22
12 73
12 94
12 24
12 74
12 25
12 118
12 26
12 28
12 110
12 75
12 97
12 122
12 30
12 31
12 35
12 77
12 38
12 39
12 42
12 112
12 43
12 44
12 46
12 102
12 80
12 82
12 83
12 104
12 105
12 114
12 85
12 55
12 58
12 86
12 87
12 60
12 61
12 29
12 21
12 52
12 91
12 116
12 93
12 65
12 101
12 124
12 27
12 121
12 40
12 45
13 62
13 89
13 90
13 65
13 66
13 107
13 91
13 70
13 71
13 15
13 16
13 17
13 19
13 20
13 109
13 21
13 73
13 24
13 119
13 95
13 28
13 110
13 97
13 121
13 29
13 99
13 30
13 33
13 111
13 35
13 36
13 76
13 37
13 78
13 38
13 39
13 79
13 41
13 123
13 42
13 43
13 47
13 49
13 102
13 103
13 80
13 81
13 82
13 52
13 124
13 54
13 105
13 106
13 57
13 125
13 86
13 87
13 60
13 61
14 126
14 63
14 89
14 65
14 66
14 107
14 67
14 91
14 68
14 69
14 70
14 115
14 16
14 93
14 19
14 116
14 109
14 22
14 73
14 117
14 118
14 95
14 27
14 28
14 75
14 97
14 99
14 31
14 111
14 34
14 36
14 101
14 37
14 38
14 39
14 42
14 43
14 46
14 47
14 113
14 102
14 82
14 52
14 53
14 54
14 114
14 56
14 106
14 86
14 59
15 62
15 126
15 63
15 64
15 88
15 90
15 67
15 91
15 18
15 108
15 109
15 21
15 22
15 94
15 24
15 74
15 25
15 119
15 96
15 27
15 120
15 28
15 122
15 30
15 32
15 33
15 111
15 34
15 35
15 76
15 40
15 41
15 112
15 43
15 44
15 50
15 102
15 51
15 82
15 52
15 53
15 104
15 114
15 55
15 125
15 87
15 59
16 62
16 126
16 88
16 65
16 91
16 69
16 18
16 20
16 72
16 21
16 22
16 23
16 117
16 24
16 74
16 25
16 118
16 119
16 95
16 28
16 98
16 30
16 31
16 33
16 111
16 100
16 34
16 101
16 76
16 37
16 38
16 39
16 40
16 123
16 42
16 44
16 48
16 50
16 113
16 102
16 103
16 51
16 80
16 81
16 82
16 124
16 53
16 84
16 105
16 114
16 106
16 57
16 61
17 63
17 88
17 66
17 67
17 91
17 69
17 127
17 71
17 18
17 108
17 116
17 72
17 21
17 22
17 94
17 23
17 117
17 24
17 74
17 118
17 26
17 119
17 120
17 28
17 121
17 98
17 29
17 122
17 111
17 34
17 36
17 76
17 77
17 78
17 79
17 41
17 123
17 42
17 112
17 44
17 46
17 48
17 49
17 113
17 51
17 80
17 82
17 124
17 83
17 104
17 84
17 114
17 106
17 57
17 125
17 59
18 62
18 126
18 63
18 64
18 89
18 107
18 91
18 127
18 70
18 115
18 92
18 93
18 116
18 109
18 21
18 73
18 94
18 23
18 117
18 118
18 26
18 119
18 96
18 120
18 110
18 75
18 97
18 121
18 99
18 122
18 32
18 33
18 111
18 34
18 37
18 78
18 38
18 41
18 43
18 44
18 45
18 46
18 47
18 113
18 103
18 81
18 53
18 54
18 105
18 114
18 85
18 55
18 56
18 57
18 86
18 59
18 61
19 126
19 63
19 64
19 90
19 65
19 107
19 67
19 68
19 69
19 71
19 93
19 108
19 116
19 72
19 22
19 94
19 23
19 24
19 74
19 25
19 118
19 119
19 95
19 27
19 75
19 98
19 29
19 99
19 32
19 34
19 37
19 38
19 79
19 41
19 42
19 44
19 47
19 113
19 82
19 124
19 83
19 84
19 85
19 106
19 58
19 125
19 87
19 61
20 62
20 64
20 89
20 90
20 65
20 66
20 91
20 70
20 71
20 115
20 92
20 116
20 109
20 72
20 22
20 23
20 118
20 26
20 96
20 27
20 120
20 28
20 110
20 97
20 29
20 122
20 30
20 31
20 100
20 36
20 37
20 77
20 39
20 40
20 41
20 123
20 42
20 112
20 43
20 103
20 51
20 80
20 81
20 82
20 124
20 84
20 55
20 57
20 58
20 125
20 86
20 59
20 60
20 61
21 126
21 88
21 89
21 65
21 67
21 91
21 69
21 127
21 92
21 93
21 108
21 116
21 72
21 73
21 24
21 74
21 25
21 119
21 120
21 110
21 121
21 98
21 29
21 31
21 32
21 35
21 101
21 77
21 38
21 41
21 42
21 112
21 43
21 44
21 47
21 48
21 50
21 51
21 81
21 52
21 83
21 104
21 114
21 55
21 56
21 106
21 57
21 86
21 87
21 59
21 60
21 61
21 124
21 27
21 40
21 58
21 45
22 62
22 89
22 90
22 65
22 67
22 91
22 69
22 71
22 92
22 116
22 94
22 23
22 74
22 26
22 119
22 95
22 96
22 120
22 28
22 110
22 97
22 121
22 98
22 122
22 31
22 32
22 33
22 111
22 100
22 34
22 36
22 101
22 37
22 79
22 112
22 45
22 47
22 48
22 50
22 102
22 124
22 83
22 104
22 105
22 114
22 106
22 57
22 125
22 60
22 61
23 62
23 126
23 64
23 65
23 66
23 69
23 127
23 70
23 92
23 93
23 108
23 116
23 72
23 73
23 94
23 117
23 24
23 74
23 119
23 95
23 96
23 120
23 28
23 110
23 97
23 121
23 98
23 29
23 99
23 111
23 34
23 39
23 42
23 44
23 47
23 50
23 103
23 51
23 81
23 52
23 124
23 104
23 84
23 58
23 125
24 62
24 126
24 63
24 64
24 88
24 65
24 107
24 67
24 91
24 68
24 71
24 115
24 93
24 108
24 73
24 117
24 74
24 26
24 119
24 27
24 75
24 97
24 121
24 98
24 31
24 33
24 111
24 34
24 36
24 37
24 77
24 78
24 79
24 112
24 43
24 45
24 49
24 113
24 102
24 51
24 80
24 81
24 52
24 83
24 54
24 84
24 114
24 56
24 57
24 125
24 86
24 61
25 89
25 65
25 67
25 69
25 71
25 115
25 92
25 93
25 109
25 72
25 73
25 117
25 26
25 119
25 95
25 27
25 28
25 97
25 121
25 98
25 99
25 122
25 31
25 33
25 100
25 35
25 36
25 101
25 37
25 38
25 39
25 79
25 41
25 42
25 112
25 43
25 44
25 49
25 113
25 102
25 80
25 82
25 83
25 54
25 84
25 105
25 114
26 62
26 126
26 63
26 64
26 88
26 90
26 65
26 66
26 107
26 67
26 91
26 69
26 115
26 92
26 72
26 73
26 74
26 119
26 27
26 120
26 28
26 110
26 98
26 29
26 99
26 31
26 111
26 100
26 35
26 101
26 76
26 77
26 78
26 79
26 41
26 123
26 42
26 112
26 43
26 44
26 45
26 103
26 80
26 81
26 54
26 114
26 85
26 55
26 58
26 125
26 86
26 61
27 62
27 126
27 63
27 88
27 89
27 66
27 107
27 67
27 91
27 68
27 69
27 127
27 70
27 93
27 94
27 118
27 119
27 96
27 120
27 28
27 110
27 122
27 32
27 100
27 34
27 35
27 37
27 77
27 78
27 39
27 41
27 123
27 42
27 43
27 102
27 103
27 51
27 82
27 52
27 124
27 53
27 105
27 85
27 55
27 57
27 58
27 60
27 61
27 29
27 114
27 116
27 65
27 101
27 121
27 40
27 45
28 126
28 63
28 90
28 65
28 107
28 69
28 70
28 71
28 115
28 92
28 93
28 116
28 73
28 74
28 95
28 96
28 120
28 75
28 121
28 29
28 99
28 30
28 32
28 33
28 111
28 36
28 101
28 38
28 39
28 79
28 42
28 43
28 45
28 47
28 49
28 50
28 113
28 103
28 80
28 81
28 82
28 52
28 124
28 54
28 84
28 105
28 85
28 106
28 57
28 125
28 86
28 59
28 60
29 62
29 126
29 63
29 64
29 88
29 90
29 65
29 66
29 67
29 91
29 69
29 127
29 70
29 71
29 115
29 92
29 93
29 116
29 109
29 72
29 73
29 94
29 119
29 95
29 96
29 120
29 110
29 121
29 122
29 31
29 32
29 33
29 100
29 34
29 36
29 76
29 38
29 39
29 79
29 40
29 41
29 42
29 43
29 46
29 47
29 48
29 49
29 50
29 113
29 102
29 51
29 82
29 52
29 124
29 83
29 114
29 55
29 56
29 57
29 58
29 87
29 59
29 101
29 45
30 62
30 63
30 89
30 90
30 66
30 67
30 68
30 69
30 127
30 71
30 93
30 72
30 73
30 94
30 95
30 31
30 100
30 34
30 35
30 36
30 37
30 78
30 79
30 41
30 112
30 43
30 47
30 49
30 50
30 113
30 103
30 82
30 52
30 124
30 83
30 105
30 114
30 85
30 106
30 86
30 87
30 59
30 61
31 62
31 63
31 88
31 89
31 66
31 107
31 67
31 71
31 115
31 93
31 73
31 74
31 119
31 96
31 97
31 121
31 98
31 99
31 122
31 32
31 111
31 100
31 35
31 36
31 76
31 37
31 78
31 38
31 40
31 41
31 43
31 44
31 49
31 50
31 113
31 102
31 103
31 51
31 82
31 53
31 104
31 54
31 114
31 85
31 56
31 57
31 59
31 60
31 61
32 62
32 63
32 89
32 67
32 91
32 68
32 69
32 115
32 109
32 72
32 73
32 117
32 96
32 99
32 33
32 111
32 35
32 36
32 77
32 78
32 38
32 39
32 112
32 45
32 46
32 49
32 113
32 102
32 103
32 51
32 52
32 54
32 84
32 105
32 55
32 56
32 57
32 58
32 125
32 87
32 59
32 60
32 61
33 62
33 126
33 63
33 64
33 88
33 89
33 90
33 65
33 66
33 107
33 67
33 68
33 127
33 70
33 108
33 74
33 118
33 119
33 120
33 110
33 75
33 122
33 111
33 100
33 36
33 77
33 39
33 41
33 123
33 42
33 43
33 44
33 46
33 48
33 49
33 50
33 103
33 81
33 82
33 124
33 83
33 53
33 104
33 54
33 84
33 105
33 114
33 85
33 56
33 125
33 59
34 62
34 126
34 88
34 65
34 66
34 68
34 69
34 127
34 116
34 72
34 73
34 94
34 117
34 74
34 118
34 95
34 120
34 75
34 97
34 121
34 98
34 111
34 35
34 101
34 76
34 77
34 78
34 38
34 39
34 79
34 43
34 45
34 46
34 50
34 102
34 103
34 80
34 124
34 83
34 53
34 54
34 84
34 85
34 55
34 106
34 58
34 125
34 59
34 61
35 126
35 64
35 89
35 66
35 107
35 67
35 91
35 68
35 115
35 92
35 93
35 116
35 109
35 72
35 95
35 120
35 121
35 98
35 122
35 100
35 76
35 77
35 38
35 39
35 79
35 40
35 112
35 43
35 45
35 103
35 81
35 83
35 53
35 104
35 114
35 86
35 87
36 62
36 126
36 88
36 107
36 67
36 91
36 69
36 70
36 92
36 93
36 109
36 72
36 94
36 74
36 118
36 95
36 110
36 75
36 121
36 98
36 100
36 101
36 37
36 38
36 79
36 40
36 41
36 123
36 44
36 45
36 49
36 113
36 81
36 82
36 52
36 124
36 83
36 104
36 114
36 85
36 58
36 61
37 62
37 126
37 64
37 88
37 90
37 65
37 107
37 68
37 71
37 115
37 93
37 108
37 116
37 94
37 74
37 118
37 119
37 120
37 110
37 75
37 97
37 99
37 100
37 78
37 79
37 40
37 41
37 123
37 112
37 44
37 49
37 103
37 51
37 81
37 53
37 104
37 54
37 84
37 105
37 114
37 55
37 106
37 57
37 125
37 86
37 59
37 61
38 126
38 63
38 64
38 89
38 90
38 107
38 70
38 71
38 92
38 108
38 116
38 119
38 95
38 120
38 110
38 97
38 121
38 98
38 122
38 111
38 100
38 101
38 76
38 77
38 78
38 39
38 79
38 41
38 123
38 45
38 46
38 48
38 49
38 50
38 113
38 80
38 53
38 104
38 54
38 105
38 85
38 55
38 56
38 57
38 86
38 59
38 61
39 62
39 63
39 88
39 89
39 65
39 107
39 91
39 68
39 69
39 127
39 92
39 108
39 116
39 73
39 74
39 118
39 120
39 110
39 97
39 98
39 99
39 122
39 101
39 76
39 77
39 78
39 79
39 41
39 123
39 42
39 44
39 45
39 46
39 47
39 48
39 49
39 103
39 80
39 81
39 52
39 54
39 84
39 114
39 85
39 55
39 56
39 125
39 86
39 87
40 63
40 64
40 88
40 66
40 71
40 116
40 73
40 117
40 74
40 96
40 110
40 121
40 76
40 77
40 78
40 79
40 49
40 103
40 51
40 52
40 124
40 104
40 84
40 85
40 58
40 86
40 91
40 114
40 93
40 65
40 127
40 101
40 45
41 63
41 64
41 88
41 89
41 90
41 67
41 91
41 69
41 127
41 70
41 108
41 72
41 74
41 119
41 95
41 75
41 122
41 100
41 101
41 123
41 44
41 45
41 46
41 49
41 50
41 102
41 103
41 82
41 83
41 53
41 104
41 84
41 105
41 85
41 56
41 57
41 87
41 59
41 61
42 90
42 91
42 69
42 92
42 93
42 116
42 109
42 73
42 94
42 117
42 74
42 118
42 119
42 120
42 110
42 75
42 76
42 123
42 43
42 44
42 45
42 113
42 103
42 80
42 81
42 82
42 52
42 124
42 54
42 84
42 105
42 114
42 55
42 56
42 125
42 87
43 62
43 63
43 64
43 89
43 66
43 71
43 116
43 72
43 73
43 117
43 118
43 119
43 95
43 96
43 110
43 75
43 121
43 98
43 99
43 122
43 111
43 100
43 76
43 79
43 123
43 44
43 45
43 46
43 47
43 50
43 113
43 103
43 81
43 82
43 124
43 104
43 54
43 85
43 55
43 56
43 106
43 57
43 125
43 60
43 61
44 126
44 88
44 89
44 90
44 67
44 91
44 68
44 70
44 92
44 109
44 72
44 94
44 74
44 118
44 96
44 75
44 98
44 122
44 100
44 101
44 77
44 78
44 79
44 112
44 46
44 47
44 48
44 50
44 113
44 51
44 81
44 52
44 124
44 83
44 54
44 114
44 55
44 86
44 59
44 60
44 61
45 62
45 64
45 68
45 69
45 71
45 115
45 92
45 93
45 108
45 116
45 74
45 95
45 96
45 110
45 97
45 121
45 122
45 101
45 77
45 123
45 112
45 50
45 113
45 51
45 80
45 83
45 53
45 84
45 114
45 106
45 61
45 52
45 91
45 65
45 127
45 124
45 58
46 64
46 88
46 89
46 65
46 66
46 67
46 91
46 127
46 70
46 71
46 108
46 72
46 96
46 120
46 110
46 75
46 99
46 122
46 111
46 77
46 78
46 123
46 112
46 48
46 50
46 102
46 51
46 81
46 82
46 52
46 53
46 105
46 114
46 85
46 56
46 57
46 87
46 61
47 126
47 89
47 66
47 127
47 70
47 71
47 115
47 108
47 109
47 73
47 118
47 119
47 120
47 110
47 121
47 98
47 99
47 111
47 77
47 123
47 48
47 49
47 102
47 103
47 51
47 81
47 124
47 53
47 84
47 105
47 114
47 85
47 55
47 56
47 57
47 125
47 86
47 60
47 61
48 62
48 89
48 65
48 107
48 91
48 68
48 92
48 94
48 74
48 118
48 95
48 120
48 97
48 121
48 101
48 77
48 78
48 79
48 50
48 113
48 102
48 80
48 52
48 104
48 114
48 85
48 106
48 58
48 86
48 87
49 62
49 63
49 107
49 68
49 70
49 71
49 92
49 93
49 109
49 72
49 94
49 117
49 74
49 98
49 99
49 111
49 77
49 78
49 123
49 112
49 103
49 82
49 83
49 104
49 54
49 105
49 85
49 55
49 106
49 58
49 125
49 87
49 59
49 60
50 62
50 126
50 88
50 89
50 66
50 107
50 69
50 70
50 71
50 115
50 92
50 108
50 116
50 109
50 72
50 73
50 117
50 118
50 119
50 95
50 96
50 98
50 111
50 76
50 77
50 79
50 112
50 103
50 81
50 124
50 83
50 53
50 54
50 105
50 114
50 55
50 106
50 58
50 59
50 60
50 61
51 90
51 107
51 91
51 70
51 71
51 115
51 108
51 109
51 72
51 94
51 117
51 74
51 95
51 96
51 120
51 110
51 99
51 111
51 100
51 76
51 77
51 78
51 112
51 102
51 80
51 81
51 82
51 52
51 124
51 54
51 84
51 105
51 57
51 125
51 86
52 126
52 63
52 90
52 65
52 66
52 107
52 91
52 68
52 69
52 127
52 93
52 108
52 116
52 109
52 72
52 73
52 117
52 118
52 120
52 110
52 75
52 97
52 121
52 98
52 122
52 101
52 76
52 123
52 112
52 113
52 81
52 82
52 83
52 53
52 104
52 84
52 105
52 114
52 56
52 106
52 57
52 58
52 125
52 86
52 87
52 59
52 60
52 61
52 124
53 62
53 63
53 89
53 90
53 107
53 68
53 69
53 115
53 92
53 108
53 116
53 109
53 72
53 73
53 94
53 117
53 95
53 96
53 75
53 97
53 98
53 99
53 122
53 111
53 100
53 101
53 77
53 123
53 113
53 102
53 80
53 81
53 82
53 124
53 83
53 84
53 105
53 114
53 85
53 55
53 106
53 57
53 87
53 59
53 61
54 126
54 63
54 88
54 89
54 90
54 65
54 91
54 69
54 71
54 72
54 73
54 94
54 117
54 74
54 119
54 75
54 121
54 98
54 99
54 122
54 76
54 112
54 113
54 103
54 81
54 124
54 83
54 104
54 84
54 105
54 114
54 55
54 106
54 58
54 86
54 60
54 61
55 126
55 63
55 88
55 89
55 66
55 67
55 68
55 71
55 115
55 93
55 108
55 116
55 109
55 72
55 73
55 117
55 74
55 118
55 119
55 96
55 110
55 75
55 97
55 121
55 99
55 122
55 100
55 76
55 77
55 78
55 79
55 112
55 102
55 103
55 80
55 82
55 104
55 114
55 85
55 56
55 106
55 125
55 87
55 60
56 62
56 126
56 88
56 90
56 65
56 107
56 67
56 68
56 69
56 127
56 70
56 71
56 115
56 93
56 108
56 109
56 73
56 117
56 119
56 95
56 120
56 110
56 75
56 98
56 111
56 78
56 79
56 112
56 102
56 103
56 81
56 83
56 84
56 105
56 114
56 57
56 58
56 86
56 87
56 61
57 62
57 126
57 63
57 64
57 107
57 67
57 69
57 115
57 92
57 72
57 94
57 74
57 95
57 96
57 120
57 75
57 121
57 98
57 111
57 100
57 78
57 104
57 84
57 105
57 114
57 85
57 106
57 86
57 87
58 62
58 126
58 63
58 88
58 89
58 65
58 69
58 127
58 92
58 108
58 116
58 72
58 94
58 119
58 98
58 77
58 123
58 113
58 102
58 81
58 82
58 124
58 83
58 84
58 85
58 106
58 87
58 59
58 60
58 61
58 91
58 114
58 93
58 101
58 121
59 62
59 63
59 88
59 90
59 65
59 66
59 70
59 71
59 115
59 93
59 108
59 109
59 72
59 73
59 117
59 119
59 120
59 110
59 75
59 121
59 99
59 122
59 101
59 76
59 77
59 78
59 112
59 113
59 103
59 82
59 124
59 83
59 114
59 106
59 86
59 61
60 63
60 89
60 90
60 65
60 66
60 91
60 71
60 115
60 93
60 109
60 73
60 94
60 117
60 74
60 118
60 120
60 110
60 75
60 111
60 101
60 77
60 112
60 113
60 102
60 103
60 80
60 82
60 84
60 114
60 85
60 106
60 125
61 126
61 107
61 67
61 68
61 69
61 70
61 93
61 108
61 116
61 72
61 74
61 120
61 110
61 75
61 97
61 99
61 101
61 77
61 78
61 79
61 123
61 113
61 102
61 103
61 81
61 82
61 124
61 84
61 85
61 106
61 86
61 87
62 126
62 64
62 65
62 66
62 107
62 69
62 127
62 70
62 71
62 108
62 116
62 109
62 73
62 74
62 119
62 95
62 96
62 110
62 75
62 121
62 111
62 100
62 101
62 76
62 78
62 79
62 113
62 103
62 80
62 81
62 82
62 124
62 105
62 114
62 106
63 126
63 64
63 65
63 107
63 73
63 74
63 119
63 95
63 96
63 110
63 75
63 121
63 111
63 100
63 78
63 82
63 105
63 89
63 90
63 91
63 115
63 72
63 117
63 118
63 98
63 99
63 122
63 123
63 104
63 125
63 87
64 89
64 107
64 67
64 69
64 127
64 71
64 115
64 92
64 93
64 109
64 118
64 95
64 121
64 111
64 76
64 77
64 78
64 79
64 113
64 102
64 80
64 81
64 82
64 83
64 84
64 85
65 88
65 90
65 66
65 91
65 68
65 127
65 71
65 115
65 93
65 116
65 109
65 72
65 73
65 94
65 117
65 74
65 118
65 119
65 97
65 99
65 111
65 112
65 102
65 81
65 114
65 85
65 106
65 101
65 124
65 121
66 126
66 88
66 89
66 107
66 67
66 69
66 70
66 115
66 92
66 93
66 108
66 116
66 73
66 74
66 118
66 75
66 98
66 99
66 100
66 101
66 77
66 79
66 123
66 113
66 102
66 80
66 81
66 83
66 114
66 125
66 86
67 107
67 69
67 71
67 116
67 73
67 119
67 95
67 96
67 110
67 121
67 100
67 101
67 76
67 113
67 103
67 81
67 82
67 105
67 94
67 99
67 122
67 104
67 84
67 87
67 89
67 117
67 118
67 98
67 93
67 97
67 83
67 86
68 107
68 69
68 71
68 119
68 95
68 111
68 101
68 79
68 103
68 80
68 81
68 82
68 105
68 106
68 91
68 94
68 99
68 123
68 84
68 85
68 125
68 117
68 118
68 93
69 107
69 88
69 89
69 90
69 91
69 127
69 71
69 115
69 92
69 108
69 109
69 94
69 117
69 118
69 119
69 95
69 75
69 97
69 121
69 99
69 122
69 100
69 77
69 78
69 112
69 113
69 103
69 83
69 104
69 84
69 114
69 85
70 126
70 107
70 115
70 92
70 116
70 109
70 117
70 118
70 119
70 120
70 110
70 75
70 121
70 122
70 111
70 100
70 77
70 123
70 102
70 103
70 82
70 83
70 106
70 125
70 86
70 87
71 126
71 107
71 89
71 90
71 93
71 108
71 72
71 73
71 94
71 117
71 74
71 119
71 96
71 75
71 99
71 111
71 101
71 76
71 77
71 79
71 103
71 81
71 124
71 83
71 84
71 106
71 125
71 87
72 126
72 107
72 127
72 116
72 109
72 73
72 74
72 119
72 96
72 110
72 101
72 76
72 113
72 103
72 82
72 124
72 91
72 115
72 90
72 92
72 117
72 120
72 98
72 99
72 123
72 102
72 83
72 104
72 84
72 85
72 125
73 126
73 107
73 127
73 88
73 91
73 94
73 118
73 119
73 96
73 75
73 97
73 121
73 122
73 100
73 101
73 77
73 112
73 82
73 105
73 85
73 86
73 87
74 127
74 108
74 116
74 90
74 91
74 115
74 92
74 93
74 118
74 119
74 120
74 97
74 98
74 122
74 100
74 80
74 81
74 124
74 83
74 105
74 114
74 125
74 86
74 87
75 126
75 107
75 127
75 116
75 109
75 110
75 88
75 90
75 91
75 115
75 92
75 93
75 94
75 118
75 99
75 111
75 100
75 79
75 112
75 113
75 81
75 83
75 104
75 105
75 114
75 85
75 125
75 86
75 87
76 126
76 107
76 127
76 116
76 95
76 110
76 121
76 88
76 89
76 91
76 117
76 98
76 99
76 122
76 78
76 113
76 102
76 103
76 80
76 81
76 124
76 105
76 114
76 85
76 106
76 86
77 119
77 96
77 82
77 124
77 105
77 88
77 91
77 94
77 120
77 99
77 122
77 102
77 104
77 87
77 98
77 93
77 86
78 107
78 127
78 108
78 116
78 109
78 119
78 95
78 96
78 111
78 100
78 88
78 90
78 91
78 115
78 92
78 94
78 120
78 98
78 99
78 103
78 82
78 83
78 84
78 105
78 85
78 125
78 86
79 127
79 116
79 96
79 110
79 121
79 111
79 100
79 88
79 89
79 115
79 93
79 117
79 120
79 97
79 98
79 122
79 112
79 113
79 81
79 82
79 104
79 84
79 105
79 85
80 126
80 127
80 108
80 119
80 111
80 101
80 103
80 88
80 94
80 117
80 120
80 99
80 122
80 112
80 102
80 81
80 82
80 124
80 104
80 105
80 106
81 126
81 107
81 127
81 108
81 109
81 119
81 96
81 111
81 100
81 101
81 113
81 103
81 88
81 90
81 91
81 115
81 92
81 94
81 117
81 97
81 98
81 99
81 122
81 102
81 124
81 104
81 114
81 106
81 125
81 87
82 126
82 127
82 108
82 119
82 96
82 88
82 89
82 90
82 115
82 93
82 94
82 97
82 98
82 99
82 123
82 102
82 83
82 104
82 84
82 105
82 114
82 106
83 107
83 109
83 119
83 95
83 110
83 121
83 111
83 100
83 114
83 106
83 88
83 91
83 120
83 122
83 123
83 85
83 125
83 118
83 98
83 92
84 126
84 108
84 109
84 119
84 96
84 110
84 101
84 114
84 91
84 94
84 99
84 122
84 112
84 104
84 89
84 90
84 92
84 93
84 97
84 98
84 85
84 125
84 86
84 87
85 126
85 108
85 96
85 121
85 111
85 101
85 103
85 91
85 94
85 120
85 122
85 102
85 89
85 92
85 117
85 118
85 98
86 107
86 95
86 96
86 121
86 111
86 101
86 103
86 114
86 91
86 94
86 99
86 112
86 87
86 90
86 117
86 92
86 93
86 97
87 126
87 108
87 116
87 109
87 95
87 96
87 121
87 101
87 124
87 105
87 106
87 88
87 91
87 115
87 123
87 104
87 125
87 90
87 92
87 93
87 117
87 118
87 98
88 126
88 107
88 116
88 109
88 96
88 101
88 103
88 124
88 105
88 114
88 89
88 90
88 93
88 117
88 118
88 98
88 99
88 123
88 112
88 104
88 125
89 107
89 108
89 116
89 119
89 111
89 113
89 103
89 105
89 114
89 99
89 122
89 112
89 102
89 104
89 125
89 92
89 117
89 118
89 98
90 107
90 127
90 108
90 109
90 119
90 95
90 110
90 111
90 113
90 105
90 106
90 91
90 99
90 112
90 125
90 117
90 118
90 98
91 126
91 107
91 127
91 108
91 116
91 109
91 95
91 96
91 121
91 111
91 100
91 113
91 103
91 114
91 93
91 94
91 117
91 98
91 122
91 123
91 125
91 101
91 124
92 127
92 109
92 95
92 110
92 121
92 124
92 114
92 106
92 115
92 99
92 123
92 102
92 118
92 98
92 93
93 127
93 108
93 116
93 119
93 95
93 96
93 111
93 101
93 103
93 124
93 114
93 106
93 115
93 94
93 120
93 123
93 112
93 102
93 104
93 118
93 121
94 126
94 116
94 109
94 119
94 96
94 111
94 100
94 103
94 105
94 114
94 117
94 118
94 120
94 97
94 99
94 122
94 112
94 102
94 125
95 127
95 116
95 109
95 117
95 118
95 120
95 97
95 121
95 98
95 111
95 100
95 102
95 104
95 114
95 106
95 125
96 126
96 107
96 127
96 108
96 116
96 109
96 110
96 97
96 98
96 99
96 122
96 100
96 123
96 113
96 103
96 114
96 106
96 125
97 107
97 116
97 109
97 119
97 110
97 111
97 100
97 101
97 113
97 105
97 114
97 115
97 120
97 112
97 102
97 117
98 108
98 109
98 119
98 114
98 115
98 120
98 99
98 122
98 123
98 125
98 117
99 126
99 107
99 127
99 108
99 109
99 110
99 121
99 101
99 103
99 124
99 105
99 115
99 117
99 122
99 123
99 102
99 104
100 126
100 107
100 127
100 108
100 116
100 109
100 119
100 117
100 118
100 120
100 123
100 112
100 113
100 124
100 106
101 127
101 110
101 121
101 115
101 117
101 118
101 122
101 112
101 113
101 102
101 105
101 125
101 114
101 116
101 124
102 126
102 107
102 110
102 121
102 111
102 103
102 112
102 118
102 125
103 126
103 107
103 127
103 116
103 121
103 111
103 122
103 123
103 104
103 105
104 126
104 107
104 108
104 110
104 121
104 111
104 113
104 105
104 106
104 115
104 120
104 122
104 117
105 116
105 119
105 110
105 111
105 113
105 124
105 115
105 117
105 122
105 112
106 126
106 107
106 109
106 119
106 121
106 111
106 113
106 124
106 125
107 126
107 118
107 120
107 110
107 121
107 122
107 113
108 119
108 120
108 122
108 123
108 112
108 114
109 126
109 121
109 122
109 112
109 113
109 124
110 115
110 118
110 121
110 122
110 123
110 125
111 126
111 127
111 116
111 121
111 115
111 117
111 118
111 122
111 113
111 124
111 114
112 126
112 127
112 116
112 121
112 113
112 115
112 122
112 123
113 127
113 116
113 119
113 121
113 115
113 117
113 123
113 114
114 127
114 116
114 115
114 118
114 123
114 124
114 121
115 126
115 127
115 116
115 119
115 121
115 124
115 118
115 120
115 123
116 126
116 127
116 117
116 118
116 122
116 124
116 121
117 127
117 119
117 118
118 121
118 122
118 125
119 126
119 127
119 122
119 124
119 125
120 126
120 127
120 125
121 126
121 127
121 122
121 123
121 125
121 124
122 126
122 127
122 123
122 125
123 126
123 127
124 126
124 125
124 127
125 126
