0 1
0 2
0 3
0 4
0 5
0 6
0 7
0 8
0 9
0 10
0 11
0 12
0 13
0 14
0 15
0 16
0 17
0 18
0 19
0 20
0 21
0 22
0 23
0 24
0 25
0 26
0 27
0 28
0 29
0 30
0 31
0 32
0 33
0 34
0 35
0 36
0 37
0 38
0 39
0 40
0 41
0 42
0 43
0 44
0 45
0 46
0 47
0 48
0 49
0 50
0 51
0 52
0 53
0 54
0 55
0 56
0 57
0 58
0 59
0 60
0 61
0 62
0 63
0 64
0 65
0 66
0 67
0 68
0 69
0 70
0 71
0 72
1 73
1 4
1 5
1 74
1 6
1 7
1 75
1 8
1 76
1 77
1 78
1 79
1 80
1 11
1 13
1 81
1 82
1 16
1 17
1 18
1 20
1 21
1 23
1 25
1 83
1 28
1 29
1 84
1 32
1 33
1 85
1 36
1 86
1 39
1 41
1 44
1 45
1 87
1 88
1 89
1 49
1 90
1 51
1 91
1 52
1 92
1 93
1 53
1 54
1 94
1 95
1 56
1 57
1 58
1 96
1 97
1 98
1 62
1 99
1 63
1 100
1 66
1 67
1 68
1 69
1 70
2 73
2 4
2 5
2 74
2 6
2 101
2 7
2 75
2 9
2 10
2 79
2 80
2 12
2 14
2 15
2 18
2 19
2 20
2 21
2 22
2 24
2 26
2 102
2 103
2 104
2 28
2 29
2 84
2 32
2 33
2 35
2 105
2 37
2 86
2 106
2 107
2 39
2 108
2 109
2 87
2 46
2 89
2 51
2 91
2 92
2 93
2 53
2 94
2 110
2 58
2 96
2 111
2 98
2 112
2 63
2 67
2 68
2 69
2 70
2 71
2 72
3 4
3 5
3 101
3 10
3 79
3 12
3 15
3 20
3 21
3 25
3 102
3 27
3 31
3 34
3 36
3 106
3 40
3 41
3 108
3 44
3 47
3 89
3 49
3 90
3 51
3 113
3 92
3 114
3 94
3 95
3 96
3 111
3 98
3 115
3 65
3 66
3 116
3 54
3 57
3 50
3 77
3 117
3 118
3 121
3 122
3 6
3 60
3 107
3 80
3 110
4 6
4 7
4 8
4 76
4 10
4 80
4 11
4 117
4 81
4 14
4 82
4 15
4 18
4 118
4 19
4 20
4 21
4 119
4 22
4 25
4 26
4 83
4 102
4 103
4 29
4 31
4 33
4 35
4 36
4 105
4 37
4 86
4 38
4 106
4 40
4 42
4 108
4 43
4 45
4 46
4 47
4 89
4 48
4 49
4 113
4 91
4 52
4 93
4 54
4 114
4 55
4 110
4 95
4 56
4 57
4 59
4 60
4 120
4 111
4 98
4 62
4 99
4 112
4 100
4 64
4 65
4 121
4 66
4 69
4 71
5 73
5 6
5 101
5 7
5 9
5 77
5 12
5 13
5 117
5 14
5 82
5 16
5 18
5 19
5 21
5 119
5 24
5 25
5 26
5 30
5 32
5 34
5 36
5 105
5 38
5 107
5 108
5 109
5 87
5 88
5 46
5 49
5 51
5 113
5 52
5 53
5 122
5 114
5 94
5 58
5 59
5 111
5 123
5 65
5 66
5 116
5 67
5 68
5 69
5 71
6 73
6 74
6 7
6 75
6 8
6 76
6 9
6 10
6 77
6 79
6 80
6 12
6 117
6 81
6 21
6 22
6 124
6 83
6 104
6 32
6 34
6 35
6 36
6 105
6 37
6 38
6 39
6 42
6 45
6 87
6 47
6 48
6 49
6 50
6 125
6 91
6 52
6 114
6 94
6 55
6 95
6 56
6 58
6 59
6 60
6 120
6 97
6 61
6 62
6 99
6 100
6 121
6 116
6 69
6 70
6 71
6 72
6 54
6 57
6 15
6 118
6 40
6 122
6 107
6 110
7 126
7 8
7 10
7 79
7 11
7 13
7 81
7 14
7 82
7 17
7 18
7 19
7 22
7 124
7 24
7 25
7 83
7 102
7 104
7 27
7 84
7 105
7 86
7 107
7 39
7 42
7 109
7 44
7 45
7 88
7 47
7 89
7 48
7 90
7 50
7 51
7 52
7 53
7 54
7 122
7 114
7 55
7 95
7 59
7 60
7 111
7 98
7 62
7 112
7 64
7 66
7 70
7 72
8 73
8 74
8 10
8 78
8 79
8 80
8 14
8 82
8 16
8 118
8 20
8 21
8 124
8 83
8 104
8 27
8 29
8 30
8 32
8 33
8 85
8 36
8 106
8 40
8 108
8 109
8 44
8 87
8 46
8 52
8 53
8 54
8 114
8 110
8 95
8 58
8 120
8 97
8 111
8 98
8 62
8 123
8 100
8 121
8 67
8 70
8 72
9 126
9 74
9 101
9 75
9 10
9 79
9 11
9 15
9 16
9 18
9 19
9 20
9 21
9 119
9 22
9 124
9 24
9 25
9 26
9 104
9 27
9 127
9 32
9 34
9 35
9 85
9 37
9 86
9 38
9 40
9 41
9 42
9 109
9 43
9 45
9 87
9 47
9 89
9 48
9 90
9 113
9 91
9 92
9 93
9 53
9 54
9 122
9 55
9 95
9 56
9 97
9 111
9 98
9 112
9 100
9 64
9 66
9 67
9 70
9 72
10 74
10 75
10 76
10 77
10 78
10 12
10 13
10 117
10 82
10 15
10 16
10 17
10 20
10 124
10 24
10 26
10 83
10 104
10 29
10 84
10 31
10 33
10 34
10 36
10 105
10 37
10 38
10 106
10 40
10 41
10 42
10 108
10 109
10 43
10 45
10 87
10 88
10 46
10 47
10 89
10 49
10 90
10 50
10 51
10 52
10 92
10 54
10 122
10 110
10 95
10 57
10 59
10 99
10 115
10 123
10 100
10 121
10 67
10 69
10 70
10 72
11 73
11 126
11 74
11 79
11 12
11 81
11 82
11 15
11 17
11 18
11 118
11 19
11 119
11 124
11 25
11 102
11 103
11 104
11 27
11 30
11 84
11 35
11 37
11 106
11 107
11 39
11 41
11 108
11 45
11 88
11 46
11 89
11 49
11 50
11 125
11 113
11 92
11 93
11 53
11 122
11 114
11 58
11 59
11 96
11 120
11 97
11 111
11 98
11 62
11 112
11 121
11 66
11 116
11 69
11 70
11 71
12 73
12 74
12 75
12 77
12 13
12 17
12 18
12 118
12 20
12 119
12 22
12 25
12 102
12 103
12 104
12 28
12 127
12 30
12 84
12 31
12 33
12 35
12 85
12 36
12 105
12 38
12 107
12 39
12 40
12 42
12 109
12 47
12 48
12 51
12 52
12 93
12 53
12 54
12 122
12 94
12 95
12 56
12 58
12 59
12 60
12 111
12 115
12 123
12 63
12 66
12 67
12 68
12 69
12 72
13 101
13 75
13 77
13 78
13 14
13 17
13 18
13 21
13 22
13 24
13 25
13 26
13 83
13 27
13 28
13 84
13 32
13 33
13 34
13 36
13 37
13 38
13 39
13 41
13 108
13 47
13 89
13 48
13 50
13 51
13 125
13 113
13 52
13 93
13 55
13 95
13 56
13 58
13 59
13 61
13 98
13 99
13 112
13 123
13 63
13 121
13 116
14 73
14 75
14 76
14 79
14 80
14 117
14 81
14 82
14 16
14 17
14 118
14 19
14 20
14 21
14 22
14 24
14 102
14 104
14 28
14 30
14 84
14 31
14 34
14 85
14 36
14 105
14 37
14 86
14 106
14 40
14 41
14 108
14 43
14 87
14 88
14 46
14 89
14 48
14 51
14 125
14 91
14 92
14 53
14 114
14 94
14 60
14 97
14 61
14 98
14 112
14 123
14 63
14 100
14 64
14 65
14 67
14 68
14 69
14 70
14 72
15 73
15 126
15 74
15 76
15 77
15 79
15 117
15 16
15 18
15 118
15 21
15 124
15 102
15 103
15 104
15 27
15 28
15 31
15 32
15 34
15 35
15 105
15 86
15 106
15 41
15 108
15 43
15 45
15 87
15 46
15 47
15 89
15 49
15 90
15 50
15 51
15 113
15 93
15 54
15 94
15 56
15 57
15 96
15 97
15 61
15 62
15 112
15 65
15 121
15 66
15 116
15 67
15 68
15 70
15 71
15 40
15 122
15 60
15 107
15 80
15 110
16 74
16 81
16 82
16 18
16 118
16 19
16 21
16 124
16 23
16 24
16 25
16 26
16 27
16 28
16 29
16 127
16 30
16 84
16 31
16 34
16 36
16 105
16 37
16 38
16 39
16 41
16 108
16 109
16 44
16 45
16 87
16 88
16 89
16 125
16 92
16 93
16 122
16 114
16 55
16 95
16 56
16 58
16 60
16 96
16 120
16 97
16 61
16 98
16 62
16 100
16 64
16 121
16 66
16 116
16 67
16 68
16 69
16 70
16 71
16 72
17 73
17 101
17 75
17 76
17 79
17 117
17 82
17 18
17 118
17 20
17 119
17 124
17 23
17 24
17 25
17 103
17 28
17 29
17 127
17 31
17 33
17 85
17 105
17 38
17 106
17 39
17 41
17 42
17 108
17 109
17 43
17 45
17 87
17 88
17 46
17 49
17 90
17 51
17 91
17 52
17 92
17 53
17 54
17 122
17 94
17 55
17 110
17 95
17 56
17 57
17 59
17 96
17 120
17 97
17 62
17 99
17 112
17 63
17 121
17 66
17 116
17 67
17 70
17 71
17 72
18 126
18 75
18 76
18 77
18 79
18 81
18 21
18 119
18 22
18 23
18 25
18 103
18 28
18 29
18 84
18 31
18 36
18 105
18 38
18 40
18 41
18 108
18 109
18 43
18 44
18 45
18 49
18 90
18 51
18 125
18 93
18 53
18 54
18 122
18 114
18 94
18 55
18 110
18 57
18 58
18 120
18 61
18 111
18 98
18 62
18 99
18 112
18 115
18 123
18 100
18 66
18 67
18 68
18 71
19 73
19 101
19 75
19 77
19 78
19 117
19 82
19 119
19 22
19 124
19 24
19 26
19 83
19 102
19 104
19 30
19 84
19 31
19 32
19 34
19 35
19 36
19 105
19 38
19 39
19 41
19 45
19 87
19 46
19 47
19 48
19 49
19 90
19 50
19 51
19 125
19 113
19 93
19 53
19 54
19 114
19 55
19 95
19 56
19 59
19 60
19 61
19 111
19 62
19 100
19 64
19 116
19 68
19 69
20 73
20 76
20 79
20 21
20 119
20 124
20 25
20 102
20 103
20 127
20 30
20 33
20 35
20 85
20 105
20 37
20 39
20 41
20 42
20 45
20 88
20 46
20 89
20 51
20 113
20 52
20 93
20 53
20 57
20 58
20 62
20 99
20 112
20 115
20 63
20 100
20 64
20 65
20 116
20 68
20 69
20 72
21 73
21 101
21 77
21 79
21 117
21 81
21 82
21 118
21 119
21 22
21 124
21 23
21 26
21 83
21 103
21 104
21 27
21 28
21 29
21 127
21 30
21 33
21 35
21 85
21 105
21 37
21 107
21 42
21 109
21 43
21 44
21 45
21 87
21 88
21 47
21 89
21 48
21 90
21 50
21 125
21 92
21 93
21 53
21 54
21 114
21 94
21 55
21 95
21 56
21 57
21 60
21 120
21 61
21 98
21 112
21 121
21 66
21 116
21 67
21 69
21 71
21 34
21 40
21 122
21 80
21 110
22 73
22 75
22 76
22 77
22 82
22 118
22 23
22 24
22 25
22 26
22 102
22 104
22 28
22 29
22 33
22 36
22 105
22 37
22 86
22 38
22 39
22 40
22 109
22 44
22 87
22 88
22 47
22 48
22 90
22 50
22 93
22 53
22 54
22 114
22 55
22 56
22 59
22 120
22 62
22 112
22 115
22 123
22 100
22 64
22 68
22 70
22 71
23 73
23 126
23 74
23 101
23 75
23 79
23 80
23 117
23 81
23 82
23 124
23 25
23 83
23 102
23 27
23 84
23 31
23 34
23 35
23 36
23 37
23 86
23 38
23 106
23 40
23 41
23 42
23 108
23 44
23 45
23 87
23 88
23 46
23 47
23 89
23 48
23 49
23 90
23 51
23 113
23 91
23 52
23 92
23 53
23 54
23 122
23 110
23 59
23 60
23 96
23 97
23 61
23 98
23 62
23 112
23 115
23 63
23 66
23 68
23 69
24 126
24 75
24 76
24 77
24 78
24 80
24 81
24 118
24 119
24 124
24 25
24 83
24 102
24 103
24 104
24 27
24 28
24 127
24 30
24 84
24 33
24 37
24 86
24 38
24 39
24 42
24 108
24 43
24 44
24 45
24 87
24 46
24 89
24 48
24 50
24 125
24 113
24 92
24 93
24 94
24 55
24 95
24 56
24 59
24 60
24 61
24 111
24 98
24 115
24 63
24 64
24 121
24 66
24 67
24 68
24 69
25 126
25 74
25 101
25 75
25 117
25 81
25 82
25 118
25 119
25 124
25 83
25 103
25 28
25 127
25 84
25 33
25 35
25 105
25 86
25 38
25 106
25 107
25 41
25 42
25 109
25 45
25 46
25 89
25 49
25 90
25 50
25 91
25 52
25 53
25 122
25 114
25 94
25 55
25 95
25 57
25 59
25 60
25 96
25 61
25 111
25 115
25 64
25 67
25 71
25 72
26 126
26 74
26 75
26 117
26 119
26 124
26 83
26 27
26 28
26 29
26 127
26 30
26 32
26 34
26 35
26 85
26 36
26 37
26 86
26 107
26 39
26 108
26 43
26 44
26 87
26 49
26 50
26 91
26 52
26 92
26 114
26 94
26 55
26 110
26 58
26 60
26 120
26 98
26 115
26 123
26 100
26 65
26 66
26 116
26 67
26 68
26 72
27 73
27 74
27 75
27 76
27 77
27 78
27 79
27 82
27 118
27 124
27 102
27 28
27 29
27 30
27 35
27 36
27 105
27 38
27 106
27 43
27 44
27 87
27 88
27 89
27 49
27 90
27 51
27 125
27 91
27 53
27 54
27 122
27 55
27 95
27 58
27 59
27 96
27 97
27 111
27 98
27 62
27 123
27 63
27 64
27 65
27 121
27 66
27 68
27 69
28 73
28 74
28 75
28 77
28 79
28 117
28 81
28 118
28 124
28 83
28 127
28 30
28 32
28 33
28 35
28 105
28 37
28 86
28 106
28 107
28 41
28 109
28 44
28 87
28 46
28 48
28 49
28 51
28 125
28 113
28 52
28 92
28 93
28 53
28 54
28 122
28 114
28 94
28 55
28 110
28 56
28 58
28 120
28 97
28 61
28 99
28 112
28 115
28 123
28 63
28 65
28 121
28 116
28 68
28 69
28 70
28 71
29 73
29 74
29 101
29 75
29 79
29 80
29 81
29 82
29 118
29 119
29 124
29 83
29 102
29 103
29 104
29 127
29 30
29 31
29 32
29 105
29 106
29 107
29 39
29 108
29 109
29 88
29 46
29 47
29 90
29 125
29 52
29 92
29 93
29 94
29 110
29 95
29 56
29 57
29 59
29 96
29 97
29 61
29 111
29 98
29 112
29 100
29 65
29 121
29 66
29 70
29 72
30 126
30 74
30 101
30 76
30 77
30 79
30 80
30 118
30 119
30 124
30 83
30 102
30 31
30 32
30 34
30 85
30 36
30 37
30 86
30 106
30 39
30 41
30 108
30 46
30 89
30 49
30 113
30 93
30 54
30 114
30 94
30 60
30 96
30 120
30 97
30 61
30 98
30 62
30 112
30 115
30 123
30 63
30 100
30 64
30 121
30 66
30 116
30 68
30 69
30 70
30 71
30 72
31 126
31 78
31 80
31 117
31 81
31 82
31 118
31 83
31 104
31 127
31 32
31 34
31 35
31 86
31 38
31 106
31 39
31 40
31 43
31 44
31 87
31 46
31 89
31 48
31 51
31 91
31 92
31 93
31 54
31 55
31 95
31 56
31 59
31 96
31 120
31 61
31 111
31 62
31 112
31 115
31 100
31 64
31 116
31 67
31 69
31 70
31 71
31 72
32 75
32 77
32 78
32 79
32 80
32 82
32 119
32 124
32 102
32 103
32 127
32 84
32 35
32 37
32 38
32 106
32 42
32 109
32 43
32 44
32 45
32 87
32 47
32 89
32 48
32 49
32 90
32 50
32 93
32 53
32 95
32 56
32 57
32 120
32 98
32 99
32 115
32 100
32 64
32 65
32 67
32 69
33 101
33 79
33 80
33 81
33 82
33 119
33 124
33 102
33 103
33 104
33 84
33 35
33 85
33 36
33 105
33 37
33 38
33 109
33 43
33 44
33 87
33 46
33 47
33 89
33 48
33 49
33 51
33 125
33 113
33 91
33 93
33 114
33 94
33 95
33 56
33 57
33 58
33 120
33 97
33 62
33 123
33 100
33 65
33 121
33 66
33 67
33 68
33 69
33 71
34 126
34 74
34 101
34 76
34 78
34 79
34 117
34 82
34 119
34 84
34 35
34 85
34 36
34 37
34 38
34 40
34 45
34 87
34 48
34 91
34 52
34 54
34 122
34 55
34 95
34 57
34 59
34 96
34 61
34 111
34 99
34 115
34 63
34 64
34 121
34 67
34 69
34 50
34 77
34 116
34 118
34 60
34 107
34 80
34 110
35 73
35 74
35 101
35 75
35 76
35 117
35 81
35 119
35 124
35 83
35 102
35 103
35 84
35 105
35 37
35 86
35 38
35 106
35 41
35 42
35 108
35 109
35 43
35 87
35 88
35 46
35 90
35 113
35 92
35 93
35 122
35 95
35 57
35 59
35 96
35 120
35 97
35 111
35 98
35 99
35 115
35 123
35 63
35 121
35 66
35 116
35 68
35 72
36 73
36 75
36 76
36 77
36 79
36 117
36 119
36 83
36 104
36 84
36 105
36 38
36 107
36 39
36 40
36 108
36 109
36 87
36 49
36 50
36 91
36 52
36 92
36 53
36 94
36 55
36 110
36 57
36 59
36 60
36 120
36 61
36 111
36 98
36 112
36 115
36 63
36 100
36 65
36 121
36 67
36 68
36 69
36 70
36 71
36 72
37 73
37 76
37 77
37 79
37 82
37 124
37 102
37 103
37 84
37 86
37 38
37 106
37 107
37 40
37 41
37 44
37 87
37 48
37 49
37 90
37 50
37 91
37 92
37 122
37 114
37 94
37 55
37 110
37 95
37 56
37 57
37 59
37 60
37 96
37 61
37 111
37 98
37 62
37 99
37 112
37 123
37 65
37 66
37 68
37 70
37 71
38 73
38 126
38 74
38 101
38 76
38 79
38 80
38 117
38 82
38 118
38 119
38 83
38 102
38 103
38 104
38 127
38 105
38 106
38 39
38 40
38 42
38 108
38 109
38 44
38 45
38 87
38 88
38 47
38 89
38 49
38 51
38 54
38 122
38 55
38 58
38 60
38 111
38 99
38 112
38 123
38 100
38 116
38 68
38 71
39 73
39 126
39 74
39 75
39 79
39 80
39 81
39 82
39 118
39 124
39 83
39 104
39 127
39 85
39 105
39 106
39 42
39 43
39 44
39 47
39 49
39 90
39 50
39 125
39 113
39 53
39 54
39 114
39 110
39 95
39 56
39 57
39 60
39 96
39 97
39 98
39 112
39 115
39 123
39 63
39 100
39 65
39 121
39 67
39 68
39 69
40 126
40 77
40 79
40 80
40 117
40 81
40 124
40 83
40 103
40 104
40 127
40 105
40 106
40 41
40 108
40 44
40 45
40 46
40 47
40 90
40 50
40 51
40 53
40 54
40 94
40 110
40 56
40 57
40 58
40 96
40 61
40 98
40 99
40 63
40 64
40 65
40 66
40 67
40 69
40 72
40 116
40 118
40 121
40 122
40 60
40 107
41 73
41 126
41 74
41 76
41 117
41 81
41 119
41 83
41 102
41 103
41 106
41 42
41 109
41 87
41 46
41 47
41 89
41 48
41 90
41 125
41 52
41 92
41 93
41 122
41 110
41 56
41 57
41 58
41 100
41 64
41 121
41 69
41 71
41 72
42 74
42 76
42 78
42 79
42 117
42 81
42 119
42 124
42 102
42 103
42 84
42 85
42 86
42 43
42 44
42 87
42 88
42 47
42 49
42 90
42 51
42 125
42 92
42 54
42 55
42 56
42 57
42 58
42 96
42 120
42 98
42 99
42 115
42 63
42 65
42 121
42 66
42 116
42 67
42 71
43 75
43 76
43 77
43 80
43 117
43 81
43 82
43 124
43 103
43 104
43 127
43 84
43 85
43 107
43 108
43 87
43 88
43 47
43 89
43 49
43 90
43 50
43 125
43 113
43 91
43 52
43 92
43 53
43 94
43 57
43 59
43 112
43 115
43 123
43 65
43 121
43 66
43 116
43 67
43 69
43 70
44 126
44 78
44 119
44 124
44 83
44 84
44 86
44 106
44 45
44 87
44 48
44 51
44 125
44 91
44 53
44 54
44 122
44 55
44 110
44 95
44 56
44 60
44 96
44 97
44 61
44 111
44 98
44 99
44 112
44 63
44 100
44 64
44 121
44 66
44 116
44 67
44 71
44 72
45 126
45 74
45 101
45 76
45 77
45 78
45 79
45 117
45 81
45 82
45 118
45 102
45 103
45 127
45 84
45 85
45 105
45 86
45 109
45 88
45 46
45 47
45 48
45 49
45 50
45 51
45 52
45 93
45 114
45 95
45 57
45 58
45 59
45 96
45 120
45 99
45 115
45 63
45 64
45 65
45 121
45 66
45 67
45 68
45 69
45 71
46 74
46 76
46 78
46 79
46 80
46 81
46 124
46 83
46 102
46 103
46 104
46 127
46 85
46 107
46 109
46 87
46 47
46 49
46 90
46 51
46 93
46 54
46 114
46 55
46 110
46 95
46 57
46 120
46 97
46 61
46 98
46 99
46 115
46 64
46 66
46 116
46 67
46 69
46 70
47 73
47 126
47 74
47 75
47 76
47 78
47 117
47 118
47 102
47 127
47 84
47 106
47 109
47 48
47 49
47 51
47 125
47 53
47 54
47 122
47 94
47 55
47 57
47 58
47 96
47 61
47 62
47 99
47 115
47 121
47 66
47 69
47 70
47 71
48 126
48 74
48 101
48 75
48 76
48 77
48 119
48 85
48 105
48 106
48 107
48 87
48 89
48 49
48 90
48 51
48 113
48 92
48 53
48 54
48 114
48 94
48 95
48 56
48 57
48 60
48 96
48 97
48 61
48 98
48 62
48 123
48 63
48 100
48 65
48 66
48 67
48 68
49 73
49 126
49 74
49 101
49 75
49 76
49 77
49 78
49 117
49 81
49 82
49 119
49 103
49 104
49 127
49 105
49 86
49 107
49 109
49 87
49 89
49 50
49 51
49 113
49 91
49 52
49 53
49 122
49 94
49 55
49 110
49 57
49 58
49 60
49 96
49 97
49 61
49 99
49 112
49 65
49 116
49 67
49 68
49 70
49 72
50 101
50 75
50 77
50 79
50 117
50 81
50 82
50 118
50 119
50 124
50 102
50 103
50 104
50 127
50 105
50 106
50 107
50 109
50 88
50 90
50 51
50 91
50 52
50 92
50 53
50 54
50 122
50 114
50 57
50 60
50 120
50 61
50 111
50 98
50 62
50 112
50 115
50 123
50 63
50 100
50 64
50 65
50 66
50 116
50 67
50 70
50 71
50 121
50 80
50 110
51 73
51 75
51 78
51 80
51 81
51 119
51 83
51 103
51 105
51 86
51 109
51 90
51 113
51 52
51 93
51 114
51 56
51 96
51 62
51 99
51 112
51 123
51 63
51 65
51 121
51 116
51 68
51 69
51 72
52 73
52 74
52 75
52 76
52 81
52 103
52 127
52 84
52 105
52 108
52 109
52 87
52 88
52 89
52 125
52 113
52 91
52 53
52 122
52 94
52 56
52 58
52 60
52 120
52 61
52 111
52 98
52 62
52 99
52 123
52 63
52 64
52 121
52 67
52 68
52 69
52 72
53 73
53 126
53 75
53 79
53 80
53 117
53 81
53 83
53 102
53 104
53 84
53 85
53 86
53 106
53 109
53 88
53 89
53 90
53 91
53 92
53 93
53 122
53 94
53 55
53 56
53 60
53 99
53 112
53 63
53 100
53 64
53 66
53 68
54 73
54 126
54 101
54 77
54 78
54 79
54 117
54 118
54 119
54 124
54 102
54 84
54 85
54 89
54 90
54 93
54 94
54 110
54 95
54 57
54 120
54 61
54 98
54 62
54 99
54 112
54 100
54 64
54 65
54 116
54 69
54 72
54 121
54 122
54 60
54 107
54 80
55 73
55 74
55 101
55 75
55 81
55 82
55 118
55 102
55 103
55 104
55 127
55 84
55 105
55 106
55 107
55 87
55 90
55 113
55 91
55 94
55 110
55 56
55 57
55 58
55 96
55 97
55 61
55 111
55 62
55 99
55 115
55 123
55 63
55 65
55 121
55 70
56 126
56 101
56 75
56 76
56 77
56 78
56 80
56 117
56 81
56 82
56 83
56 102
56 103
56 104
56 127
56 84
56 85
56 105
56 106
56 109
56 88
56 89
56 90
56 91
56 93
56 122
56 94
56 110
56 58
56 59
56 120
56 61
56 98
56 62
56 99
56 112
56 115
56 100
56 65
56 66
56 116
56 68
56 72
57 73
57 126
57 74
57 75
57 76
57 77
57 78
57 79
57 117
57 82
57 118
57 102
57 103
57 104
57 127
57 85
57 105
57 86
57 107
57 108
57 88
57 89
57 90
57 125
57 91
57 92
57 93
57 122
57 95
57 97
57 61
57 111
57 98
57 62
57 99
57 112
57 115
57 123
57 100
57 64
57 121
57 66
57 116
57 72
57 60
57 80
57 110
58 73
58 126
58 76
58 77
58 117
58 81
58 82
58 118
58 83
58 102
58 103
58 84
58 105
58 86
58 106
58 107
58 87
58 89
58 90
58 125
58 113
58 92
58 95
58 60
58 120
58 98
58 99
58 115
58 123
58 63
58 100
58 121
58 116
58 68
58 71
59 73
59 126
59 74
59 101
59 80
59 117
59 119
59 102
59 103
59 104
59 127
59 105
59 107
59 108
59 87
59 88
59 90
59 93
59 114
59 120
59 97
59 61
59 111
59 62
59 115
59 123
59 100
59 64
59 65
59 68
59 70
59 71
59 72
60 126
60 101
60 79
60 80
60 117
60 81
60 118
60 119
60 103
60 84
60 86
60 106
60 109
60 87
60 88
60 89
60 113
60 93
60 94
60 95
60 96
60 120
60 61
60 98
60 99
60 112
60 64
60 121
60 66
60 116
60 67
60 69
60 72
60 77
60 122
60 107
60 110
61 75
61 76
61 77
61 79
61 81
61 82
61 119
61 124
61 102
61 84
61 85
61 105
61 86
61 108
61 87
61 90
61 125
61 91
61 114
61 94
61 95
61 96
61 97
61 115
61 123
61 63
61 64
61 67
61 68
61 70
62 73
62 74
62 101
62 76
62 77
62 80
62 117
62 81
62 82
62 118
62 103
62 104
62 85
62 105
62 107
62 108
62 109
62 89
62 113
62 93
62 114
62 94
62 110
62 95
62 96
62 120
62 97
62 111
62 99
62 112
62 115
62 123
62 66
62 67
62 68
63 126
63 74
63 75
63 77
63 79
63 80
63 117
63 82
63 124
63 83
63 103
63 127
63 84
63 106
63 109
63 89
63 125
63 91
63 93
63 122
63 110
63 120
63 99
63 112
63 115
63 64
63 65
63 66
63 68
63 70
63 71
64 126
64 74
64 101
64 77
64 79
64 117
64 82
64 118
64 124
64 83
64 127
64 84
64 85
64 107
64 109
64 87
64 88
64 125
64 91
64 115
64 100
64 65
64 66
64 116
64 69
64 71
65 74
65 101
65 75
65 76
65 77
65 78
65 81
65 82
65 118
65 83
65 127
65 109
65 87
65 89
65 90
65 125
65 91
65 114
65 97
65 98
65 115
65 123
65 121
65 67
65 69
65 70
65 71
65 72
66 126
66 79
66 80
66 117
66 82
66 118
66 124
66 103
66 127
66 85
66 105
66 86
66 106
66 108
66 87
66 89
66 90
66 125
66 113
66 91
66 92
66 93
66 114
66 94
66 110
66 95
66 96
66 120
66 99
66 112
66 115
66 69
66 72
67 73
67 126
67 74
67 101
67 75
67 76
67 79
67 82
67 119
67 124
67 103
67 104
67 127
67 84
67 85
67 105
67 86
67 109
67 88
67 90
67 113
67 92
67 114
67 95
67 96
67 120
67 98
67 116
67 68
68 74
68 75
68 78
68 117
68 81
68 83
68 127
68 85
68 86
68 107
68 108
68 109
68 87
68 88
68 89
68 93
68 114
68 94
68 110
68 95
68 120
68 97
68 111
68 99
68 112
68 115
68 123
68 100
68 116
68 69
69 73
69 75
69 76
69 78
69 118
69 83
69 103
69 84
69 86
69 108
69 109
69 87
69 92
69 94
69 95
69 120
69 97
69 112
69 123
69 100
69 70
69 71
69 72
70 75
70 78
70 82
70 118
70 119
70 124
70 102
70 127
70 85
70 86
70 106
70 107
70 109
70 87
70 88
70 89
70 90
70 125
70 113
70 91
70 92
70 93
70 96
70 120
70 99
70 115
70 123
70 100
70 121
70 71
71 74
71 101
71 75
71 77
71 78
71 117
71 81
71 82
71 118
71 83
71 104
71 108
71 87
71 88
71 90
71 125
71 91
71 92
71 93
71 122
71 114
71 94
71 96
71 120
71 97
71 111
71 99
71 123
71 121
72 74
72 101
72 75
72 78
72 79
72 117
72 81
72 103
72 105
72 88
72 90
72 113
72 91
72 93
72 95
72 120
72 111
72 98
72 99
72 112
72 123
72 100
72 116
73 74
73 75
73 76
73 77
73 78
73 80
73 81
73 118
73 119
73 83
73 102
73 104
73 127
73 84
73 85
73 105
73 86
73 106
73 108
73 88
73 90
73 125
73 113
73 91
73 93
73 94
73 95
73 96
73 98
73 99
73 123
73 100
73 121
74 126
74 75
74 76
74 77
74 78
74 79
74 80
74 81
74 82
74 119
74 124
74 83
74 103
74 127
74 85
74 105
74 86
74 108
74 109
74 89
74 90
74 91
74 92
74 93
74 110
74 96
74 120
74 97
74 111
74 98
74 112
74 121
75 126
75 101
75 80
75 81
75 118
75 119
75 83
75 102
75 103
75 85
75 107
75 91
75 114
75 94
75 110
75 95
75 97
75 111
76 78
76 80
76 81
76 82
76 118
76 124
76 83
76 102
76 103
76 104
76 84
76 85
76 105
76 107
76 88
76 92
76 93
76 122
76 94
76 95
76 96
76 97
76 99
76 115
76 100
77 79
77 80
77 117
77 81
77 118
77 83
77 102
77 84
77 105
77 109
77 113
77 91
77 92
77 122
77 114
77 110
77 95
77 120
77 97
77 111
77 99
77 123
77 100
77 121
77 116
77 107
78 101
78 80
78 118
78 119
78 124
78 83
78 102
78 127
78 84
78 85
78 105
78 86
78 106
78 108
78 109
78 87
78 88
78 89
78 113
78 91
78 92
78 94
78 97
78 111
78 98
78 99
78 115
78 123
78 100
78 121
78 116
79 126
79 101
79 80
79 117
79 81
79 118
79 119
79 124
79 83
79 102
79 127
79 85
79 107
79 108
79 109
79 89
79 90
79 125
79 113
79 92
79 122
79 95
79 96
79 99
79 112
79 115
79 100
79 116
79 121
79 110
80 101
80 117
80 118
80 119
80 83
80 102
80 103
80 127
80 84
80 85
80 105
80 87
80 90
80 114
80 94
80 95
80 111
80 99
80 112
80 100
80 116
80 121
80 122
80 107
80 110
81 119
81 83
81 104
81 127
81 84
81 105
81 106
81 108
81 109
81 90
81 92
81 122
81 94
81 95
81 96
81 120
81 123
81 100
81 121
81 116
82 126
82 101
82 118
82 83
82 103
82 104
82 85
82 105
82 86
82 87
82 88
82 89
82 113
82 92
82 122
82 96
82 120
82 111
82 99
82 116
83 126
83 101
83 119
83 124
83 103
83 127
83 105
83 106
83 107
83 108
83 89
83 90
83 113
83 91
83 122
83 114
83 94
83 110
83 97
83 112
83 123
83 100
84 101
84 117
84 119
84 124
84 102
84 103
84 127
84 85
84 107
84 108
84 109
84 90
84 125
84 113
84 122
84 114
84 94
84 96
84 98
84 123
84 100
84 116
85 126
85 101
85 104
85 86
85 106
85 89
85 90
85 93
85 122
85 95
85 96
85 120
85 99
85 112
85 115
85 100
85 116
86 118
86 119
86 103
86 104
86 105
86 106
86 107
86 87
86 88
86 89
86 90
86 113
86 92
86 94
86 111
86 98
86 99
86 112
86 115
86 100
86 121
87 126
87 101
87 118
87 102
87 104
87 127
87 105
87 106
87 125
87 113
87 92
87 93
87 114
87 94
87 110
87 95
87 96
87 120
87 112
87 123
87 121
87 116
88 126
88 101
88 117
88 119
88 124
88 103
88 104
88 106
88 92
88 93
88 96
88 120
88 97
88 98
88 115
88 121
89 126
89 119
89 124
89 103
89 104
89 127
89 105
89 106
89 108
89 109
89 125
89 93
89 122
89 110
89 95
89 96
89 99
89 112
89 115
89 100
89 121
89 116
90 124
90 102
90 105
90 106
90 107
90 109
90 125
90 113
90 91
90 93
90 122
90 94
90 110
90 96
90 111
90 98
90 99
90 112
90 116
91 126
91 103
91 104
91 106
91 108
91 125
91 92
91 122
91 114
91 94
91 95
91 96
91 120
91 111
91 99
91 112
91 115
91 123
91 121
92 126
92 117
92 118
92 119
92 124
92 103
92 127
92 105
92 106
92 108
92 122
92 114
92 97
92 111
92 98
92 99
92 112
92 123
92 100
92 121
92 116
93 117
93 118
93 124
93 103
93 107
93 109
93 113
93 95
93 96
93 120
93 121
93 116
94 101
94 118
94 104
94 108
94 109
94 125
94 114
94 95
94 96
94 111
94 98
94 99
94 100
94 121
95 101
95 117
95 124
95 102
95 105
95 106
95 107
95 109
95 125
95 122
95 96
95 120
95 98
95 99
95 112
95 115
95 123
95 100
95 116
96 117
96 118
96 103
96 127
96 107
96 125
96 113
96 114
96 97
96 99
96 115
96 100
96 116
97 124
97 127
97 105
97 106
97 110
97 98
97 112
97 115
97 123
97 100
97 116
98 126
98 101
98 118
98 103
98 104
98 109
98 125
98 113
98 120
98 111
98 99
98 115
98 123
98 100
98 116
99 101
99 117
99 124
99 103
99 127
99 105
99 106
99 109
99 125
99 122
99 111
99 115
99 123
99 100
99 121
100 126
100 117
100 118
100 103
100 104
100 105
100 106
100 114
100 110
100 120
100 112
100 115
100 123
101 126
101 118
101 119
101 124
101 103
101 127
101 105
101 109
101 113
101 122
101 115
101 123
101 116
102 118
102 119
102 124
102 127
102 105
102 106
102 107
102 109
102 113
102 122
102 110
102 111
102 112
103 126
103 118
103 119
103 105
103 125
103 113
103 114
103 120
103 123
104 117
104 118
104 119
104 105
104 113
104 111
104 116
105 126
105 117
105 119
105 127
105 107
105 125
105 113
105 114
105 120
105 111
105 123
105 121
106 126
106 117
106 118
106 119
106 124
106 127
106 107
106 125
106 114
106 120
106 111
106 112
106 115
106 121
107 127
107 109
107 113
107 121
107 116
107 117
107 118
107 122
107 110
108 117
108 118
108 124
108 113
108 122
108 114
108 110
108 120
108 112
108 121
109 126
109 117
109 119
109 124
109 125
109 113
109 114
109 110
109 120
109 111
109 116
110 117
110 119
110 124
110 113
110 122
110 115
110 121
110 116
110 118
111 117
111 118
111 119
111 124
111 127
111 125
111 122
111 120
111 112
111 123
111 121
112 126
112 117
112 118
112 113
112 120
112 115
112 123
113 117
113 127
113 125
113 122
113 120
113 115
113 123
114 126
114 117
114 118
114 124
114 125
114 122
114 120
114 115
114 123
114 121
114 116
115 119
115 124
115 121
116 117
116 118
116 119
116 124
116 127
116 125
116 120
116 123
116 121
116 122
117 118
117 127
117 122
117 121
118 126
118 119
118 125
118 122
118 121
119 126
119 124
119 121
120 123
120 126
120 124
120 122
121 123
121 126
121 124
121 122
122 127
122 125
122 123
123 127
123 125
123 126
123 124
124 127
124 125
124 126
126 127
