0 1
0 2
0 3
0 4
0 5
0 6
0 7
0 8
0 9
0 10
0 11
0 12
0 13
0 14
0 15
0 16
0 17
0 18
0 19
0 20
0 21
0 22
0 23
0 24
0 25
0 26
0 27
0 28
0 29
0 30
0 32
0 33
0 34
0 35
0 36
0 37
0 38
0 39
0 40
0 41
0 42
0 43
0 44
0 45
0 46
0 47
0 48
0 49
0 50
0 51
0 52
0 53
0 54
0 55
0 56
0 57
0 58
0 59
0 60
0 61
0 62
0 63
0 64
0 65
1 66
1 67
1 2
1 68
1 4
1 5
1 7
1 69
1 13
1 15
1 16
1 70
1 17
1 71
1 72
1 73
1 19
1 20
1 21
1 74
1 23
1 75
1 24
1 26
1 76
1 28
1 29
1 31
1 32
1 33
1 77
1 78
1 39
1 79
1 43
1 44
1 80
1 49
1 51
1 81
1 82
1 83
1 84
1 85
1 86
1 87
1 54
1 55
1 88
1 89
1 90
1 91
1 59
1 60
1 92
1 64
1 93
1 94
2 67
2 6
2 7
2 8
2 9
2 12
2 95
2 69
2 96
2 15
2 97
2 98
2 17
2 71
2 99
2 20
2 21
2 75
2 24
2 26
2 27
2 100
2 29
2 32
2 33
2 101
2 77
2 35
2 36
2 37
2 39
2 40
2 102
2 103
2 43
2 44
2 80
2 46
2 47
2 49
2 50
2 51
2 81
2 82
2 84
2 86
2 104
2 53
2 54
2 105
2 89
2 90
2 91
2 59
2 106
2 60
2 107
2 61
2 62
2 108
2 63
2 65
2 109
2 94
2 110
3 66
3 67
3 111
3 6
3 7
3 9
3 10
3 112
3 12
3 113
3 114
3 115
3 70
3 98
3 71
3 73
3 20
3 21
3 22
3 74
3 23
3 75
3 25
3 100
3 30
3 101
3 77
3 78
3 37
3 38
3 39
3 79
3 41
3 42
3 43
3 45
3 80
3 116
3 47
3 48
3 117
3 50
3 82
3 84
3 85
3 86
3 52
3 104
3 87
3 118
3 55
3 57
3 58
3 91
3 119
3 106
3 60
3 63
3 64
3 65
3 93
4 67
4 5
4 6
4 8
4 9
4 11
4 112
4 113
4 95
4 69
4 13
4 114
4 15
4 16
4 115
4 70
4 98
4 17
4 71
4 72
4 18
4 73
4 19
4 22
4 23
4 75
4 25
4 27
4 32
4 101
4 77
4 37
4 38
4 40
4 79
4 102
4 41
4 103
4 45
4 116
4 46
4 48
4 50
4 83
4 85
4 104
4 87
4 53
4 54
4 120
4 55
4 56
4 57
4 58
4 91
4 119
4 59
4 106
4 62
4 108
4 121
4 109
4 110
5 111
5 7
5 10
5 11
5 113
5 95
5 13
5 96
5 122
5 16
5 70
5 97
5 71
5 72
5 73
5 19
5 99
5 21
5 123
5 22
5 23
5 75
5 25
5 76
5 124
5 30
5 77
5 35
5 78
5 36
5 37
5 38
5 40
5 79
5 41
5 42
5 43
5 44
5 45
5 80
5 125
5 46
5 47
5 49
5 50
5 51
5 81
5 83
5 52
5 104
5 87
5 53
5 118
5 54
5 105
5 89
5 119
5 59
5 106
5 60
5 107
5 61
5 62
5 121
5 63
5 64
5 65
5 110
6 67
6 7
6 8
6 10
6 11
6 12
6 115
6 70
6 97
6 98
6 18
6 73
6 99
6 123
6 22
6 74
6 23
6 25
6 76
6 28
6 100
6 124
6 31
6 32
6 33
6 34
6 77
6 35
6 78
6 38
6 40
6 79
6 102
6 42
6 43
6 45
6 116
6 47
6 48
6 49
6 51
6 81
6 82
6 85
6 87
6 54
6 120
6 55
6 56
6 57
6 89
6 58
6 59
6 60
6 92
6 107
6 62
6 108
6 121
6 64
6 93
6 109
7 66
7 111
7 68
7 8
7 9
7 11
7 112
7 12
7 113
7 69
7 13
7 96
7 15
7 122
7 115
7 70
7 98
7 71
7 18
7 19
7 99
7 21
7 123
7 22
7 74
7 23
7 75
7 25
7 26
7 76
7 27
7 28
7 100
7 30
7 33
7 77
7 37
7 38
7 39
7 79
7 41
7 103
7 43
7 44
7 126
7 45
7 116
7 46
7 47
7 48
7 49
7 117
7 50
7 81
7 82
7 83
7 85
7 52
7 118
7 54
7 105
7 88
7 89
7 58
7 119
7 92
7 61
7 62
7 108
7 121
7 63
7 65
7 93
7 110
7 60
7 80
7 34
7 57
7 14
7 31
8 67
8 68
8 9
8 10
8 112
8 12
8 113
8 95
8 13
8 96
8 15
8 115
8 70
8 98
8 17
8 72
8 73
8 19
8 21
8 123
8 22
8 74
8 23
8 24
8 27
8 28
8 100
8 29
8 31
8 32
8 33
8 101
8 35
8 38
8 40
8 79
8 102
8 44
8 45
8 80
8 125
8 116
8 48
8 51
8 83
8 85
8 86
8 104
8 87
8 118
8 54
8 120
8 56
8 58
8 90
8 59
8 108
8 110
9 66
9 111
9 12
9 96
9 15
9 70
9 97
9 98
9 17
9 72
9 19
9 99
9 123
9 23
9 25
9 76
9 27
9 28
9 100
9 30
9 32
9 101
9 77
9 36
9 38
9 39
9 103
9 42
9 43
9 126
9 80
9 47
9 50
9 81
9 84
9 86
9 52
9 104
9 87
9 53
9 105
9 56
9 127
9 89
9 90
9 91
9 92
9 107
9 61
9 62
9 65
9 109
9 94
9 110
10 66
10 67
10 113
10 95
10 69
10 96
10 14
10 122
10 97
10 17
10 18
10 99
10 20
10 22
10 23
10 24
10 26
10 76
10 27
10 100
10 31
10 35
10 78
10 37
10 40
10 79
10 103
10 126
10 116
10 46
10 48
10 49
10 51
10 82
10 83
10 85
10 104
10 87
10 53
10 118
10 120
10 105
10 55
10 56
10 57
10 88
10 127
10 89
10 58
10 119
10 59
10 107
10 61
10 62
10 108
10 121
10 64
10 93
11 66
11 112
11 113
11 95
11 13
11 96
11 15
11 122
11 16
11 97
11 17
11 71
11 72
11 73
11 19
11 99
11 20
11 21
11 23
11 24
11 26
11 76
11 27
11 100
11 124
11 31
11 32
11 33
11 77
11 35
11 37
11 39
11 40
11 79
11 103
11 43
11 44
11 126
11 48
11 49
11 117
11 50
11 51
11 86
11 52
11 104
11 87
11 53
11 118
11 105
11 55
11 88
11 127
11 89
11 58
11 90
11 119
11 59
11 60
11 64
11 93
11 110
12 112
12 113
12 13
12 96
12 14
12 122
12 98
12 71
12 19
12 21
12 22
12 23
12 76
12 124
12 32
12 33
12 101
12 77
12 37
12 40
12 79
12 103
12 42
12 43
12 126
12 80
12 116
12 48
12 49
12 117
12 51
12 81
12 83
12 84
12 86
12 52
12 55
12 88
12 127
12 89
12 58
12 90
12 119
12 92
12 107
12 62
12 108
12 121
12 64
12 65
12 93
12 110
12 60
12 25
12 34
12 57
12 31
12 123
12 105
13 66
13 67
13 68
13 96
13 16
13 70
13 97
13 98
13 72
13 73
13 19
13 99
13 22
13 23
13 75
13 24
13 25
13 27
13 28
13 124
13 29
13 30
13 32
13 33
13 101
13 35
13 78
13 38
13 39
13 40
13 79
13 102
13 43
13 126
13 80
13 49
13 117
13 51
13 81
13 82
13 87
13 53
13 118
13 120
13 105
13 58
13 91
13 59
13 106
13 92
13 107
13 93
13 109
13 94
13 110
14 67
14 111
14 113
14 96
14 114
14 15
14 98
14 17
14 18
14 21
14 74
14 23
14 75
14 24
14 25
14 26
14 76
14 28
14 100
14 124
14 29
14 30
14 33
14 35
14 78
14 40
14 79
14 43
14 44
14 45
14 80
14 125
14 46
14 47
14 48
14 117
14 50
14 82
14 83
14 84
14 85
14 86
14 53
14 120
14 55
14 89
14 90
14 59
14 106
14 60
14 92
14 64
14 93
14 109
14 71
14 119
14 88
14 121
14 116
14 34
14 57
14 31
14 123
14 105
15 66
15 111
15 68
15 112
15 95
15 69
15 96
15 114
15 115
15 98
15 73
15 20
15 21
15 123
15 22
15 74
15 75
15 24
15 76
15 27
15 28
15 100
15 124
15 29
15 30
15 32
15 33
15 34
15 78
15 36
15 37
15 40
15 79
15 102
15 103
15 42
15 43
15 45
15 125
15 116
15 47
15 48
15 117
15 81
15 82
15 85
15 86
15 87
15 53
15 118
15 54
15 88
15 89
15 58
15 91
15 119
15 60
15 107
15 108
15 65
15 93
15 109
15 94
15 110
16 67
16 111
16 112
16 113
16 95
16 69
16 96
16 114
16 71
16 18
16 19
16 99
16 20
16 22
16 74
16 23
16 24
16 76
16 28
16 100
16 30
16 32
16 101
16 34
16 77
16 35
16 36
16 38
16 40
16 79
16 102
16 42
16 43
16 44
16 126
16 116
16 81
16 82
16 84
16 86
16 52
16 87
16 88
16 127
16 91
16 119
16 59
16 106
16 60
16 92
16 61
16 121
16 65
16 93
16 94
16 110
17 95
17 96
17 115
17 70
17 71
17 72
17 18
17 73
17 99
17 20
17 21
17 123
17 22
17 23
17 24
17 76
17 29
17 30
17 31
17 32
17 33
17 101
17 35
17 78
17 36
17 39
17 40
17 103
17 125
17 46
17 47
17 48
17 49
17 117
17 50
17 51
17 81
17 83
17 84
17 85
17 86
17 52
17 104
17 87
17 53
17 55
17 56
17 58
17 59
17 121
17 63
17 65
17 109
17 94
17 110
18 66
18 67
18 111
18 113
18 69
18 96
18 70
18 97
18 98
18 71
18 72
18 73
18 19
18 99
18 20
18 22
18 23
18 26
18 28
18 124
18 30
18 31
18 33
18 101
18 34
18 78
18 37
18 41
18 103
18 126
18 80
18 116
18 47
18 48
18 49
18 117
18 50
18 51
18 81
18 82
18 83
18 84
18 85
18 52
18 104
18 53
18 54
18 55
18 56
18 57
18 89
18 90
18 91
18 119
18 106
18 60
18 107
18 61
18 108
18 64
18 109
19 67
19 68
19 112
19 113
19 95
19 70
19 98
19 71
19 20
19 22
19 23
19 75
19 24
19 26
19 27
19 28
19 29
19 30
19 32
19 101
19 102
19 41
19 103
19 42
19 43
19 44
19 126
19 45
19 48
19 49
19 51
19 82
19 83
19 86
19 87
19 53
19 54
19 55
19 56
19 57
19 127
19 58
19 91
19 119
19 60
19 107
19 61
19 62
19 63
19 64
19 93
19 109
19 110
20 111
20 112
20 69
20 96
20 97
20 98
20 71
20 72
20 73
20 21
20 74
20 24
20 25
20 26
20 76
20 27
20 124
20 32
20 101
20 78
20 37
20 38
20 41
20 43
20 126
20 45
20 80
20 116
20 46
20 48
20 117
20 81
20 82
20 85
20 86
20 104
20 87
20 53
20 54
20 55
20 88
20 89
20 91
20 106
20 60
20 92
20 107
20 121
20 64
20 65
20 109
20 94
20 110
21 66
21 112
21 113
21 95
21 96
21 122
21 98
21 71
21 72
21 73
21 22
21 23
21 75
21 24
21 25
21 76
21 124
21 29
21 30
21 78
21 36
21 38
21 79
21 41
21 103
21 42
21 44
21 45
21 125
21 46
21 47
21 48
21 49
21 51
21 82
21 83
21 85
21 86
21 104
21 53
21 54
21 55
21 57
21 88
21 127
21 89
21 58
21 90
21 91
21 119
21 59
21 60
21 107
21 108
21 121
21 63
21 109
21 94
21 110
21 80
21 116
21 34
21 31
21 123
21 105
22 67
22 111
22 113
22 69
22 114
22 122
22 115
22 97
22 72
22 73
22 76
22 28
22 29
22 30
22 31
22 33
22 34
22 77
22 35
22 37
22 38
22 39
22 40
22 79
22 126
22 116
22 46
22 47
22 48
22 117
22 50
22 81
22 82
22 85
22 86
22 104
22 87
22 53
22 118
22 120
22 105
22 55
22 56
22 57
22 88
22 127
22 89
22 90
22 119
22 60
22 62
22 121
22 63
22 65
22 93
22 109
22 94
22 110
23 66
23 67
23 95
23 69
23 96
23 115
23 70
23 72
23 99
23 74
23 25
23 26
23 27
23 124
23 30
23 33
23 101
23 78
23 36
23 38
23 39
23 40
23 79
23 41
23 103
23 42
23 43
23 126
23 116
23 47
23 50
23 81
23 82
23 85
23 86
23 104
23 87
23 54
23 55
23 56
23 127
23 58
23 91
23 92
23 108
23 121
23 64
23 109
23 94
23 110
24 113
24 69
24 96
24 114
24 98
24 71
24 73
24 123
24 75
24 25
24 28
24 100
24 29
24 30
24 32
24 33
24 78
24 37
24 38
24 40
24 79
24 102
24 41
24 42
24 80
24 49
24 117
24 51
24 84
24 85
24 86
24 52
24 53
24 118
24 54
24 56
24 57
24 127
24 58
24 91
24 119
24 60
24 61
24 62
24 108
24 64
24 94
24 110
25 66
25 67
25 111
25 69
25 96
25 122
25 70
25 97
25 98
25 71
25 72
25 99
25 74
25 75
25 26
25 76
25 31
25 32
25 33
25 34
25 36
25 37
25 45
25 80
25 47
25 117
25 50
25 86
25 87
25 118
25 120
25 105
25 88
25 89
25 91
25 60
25 108
25 63
25 64
25 109
25 94
25 119
25 113
25 121
25 83
25 116
25 57
25 123
26 68
26 95
26 122
26 115
26 98
26 73
26 123
26 74
26 28
26 29
26 30
26 31
26 101
26 34
26 77
26 35
26 79
26 103
26 43
26 44
26 126
26 45
26 46
26 47
26 50
26 84
26 86
26 52
26 53
26 54
26 120
26 105
26 55
26 57
26 89
26 90
26 91
26 119
26 92
26 107
26 62
26 63
26 64
26 109
26 110
27 66
27 69
27 96
27 114
27 122
27 115
27 70
27 99
27 74
27 76
27 28
27 100
27 124
27 30
27 32
27 33
27 77
27 78
27 38
27 103
27 42
27 43
27 44
27 80
27 125
27 116
27 46
27 47
27 48
27 117
27 81
27 82
27 83
27 84
27 85
27 86
27 87
27 53
27 55
27 56
27 88
27 127
27 90
27 91
27 119
27 106
27 61
27 62
27 121
27 63
27 65
27 109
27 94
27 110
28 66
28 111
28 113
28 69
28 96
28 114
28 122
28 115
28 98
28 71
28 99
28 123
28 74
28 75
28 76
28 33
28 101
28 78
28 37
28 39
28 40
28 79
28 102
28 41
28 103
28 42
28 126
28 46
28 47
28 51
28 82
28 104
28 120
28 55
28 89
28 90
28 91
28 92
28 107
28 62
28 121
28 63
29 67
29 112
29 95
29 114
29 122
29 115
29 97
29 98
29 71
29 72
29 73
29 99
29 75
29 76
29 100
29 124
29 30
29 31
29 32
29 77
29 37
29 38
29 40
29 102
29 41
29 43
29 44
29 126
29 45
29 47
29 49
29 81
29 83
29 85
29 86
29 87
29 53
29 54
29 105
29 55
29 57
29 88
29 127
29 90
29 91
29 106
29 62
29 121
29 63
29 110
30 113
30 69
30 96
30 114
30 122
30 97
30 98
30 73
30 99
30 123
30 74
30 75
30 31
30 32
30 33
30 34
30 38
30 39
30 40
30 43
30 126
30 45
30 80
30 46
30 48
30 49
30 51
30 83
30 86
30 52
30 87
30 118
30 54
30 120
30 55
30 56
30 88
30 127
30 58
30 59
30 106
30 60
30 92
30 107
30 61
30 121
30 63
30 93
30 94
31 67
31 68
31 112
31 113
31 69
31 122
31 115
31 97
31 71
31 123
31 101
31 34
31 77
31 78
31 36
31 41
31 103
31 42
31 43
31 125
31 47
31 48
31 117
31 85
31 52
31 104
31 87
31 118
31 54
31 105
31 55
31 88
31 58
31 119
31 61
31 108
31 121
31 63
31 64
31 109
31 110
31 98
31 83
31 60
31 80
31 116
31 57
32 66
32 67
32 111
32 68
32 113
32 95
32 69
32 96
32 114
32 122
32 115
32 70
32 71
32 74
32 75
32 76
32 77
32 35
32 78
32 36
32 38
32 79
32 102
32 103
32 126
32 45
32 80
32 116
32 46
32 49
32 81
32 83
32 84
32 85
32 86
32 53
32 118
32 105
32 56
32 57
32 127
32 89
32 58
32 59
32 106
32 92
32 63
32 65
32 109
32 110
33 66
33 112
33 96
33 122
33 115
33 97
33 71
33 72
33 99
33 74
33 76
33 100
33 34
33 78
33 37
33 38
33 39
33 40
33 79
33 103
33 43
33 44
33 126
33 45
33 80
33 125
33 116
33 49
33 117
33 50
33 81
33 82
33 84
33 85
33 87
33 54
33 57
33 58
33 90
33 119
33 61
33 121
33 64
33 109
33 94
33 110
34 66
34 112
34 96
34 114
34 122
34 123
34 74
34 124
34 101
34 40
34 79
34 102
34 44
34 80
34 48
34 50
34 51
34 81
34 84
34 104
34 54
34 55
34 57
34 119
34 60
34 62
34 63
34 65
34 93
34 109
34 94
34 71
34 113
34 98
34 88
34 121
34 83
34 116
34 105
35 112
35 122
35 115
35 70
35 97
35 98
35 71
35 75
35 77
35 78
35 36
35 40
35 79
35 102
35 41
35 43
35 125
35 116
35 46
35 48
35 117
35 50
35 51
35 82
35 83
35 86
35 52
35 53
35 118
35 120
35 55
35 127
35 89
35 58
35 90
35 91
35 60
35 92
35 107
35 61
35 62
35 121
35 63
36 111
36 68
36 95
36 69
36 114
36 97
36 71
36 99
36 123
36 74
36 77
36 78
36 37
36 38
36 39
36 42
36 45
36 116
36 46
36 47
36 117
36 50
36 81
36 82
36 84
36 104
36 54
36 120
36 55
36 57
36 88
36 127
36 91
36 59
36 106
36 92
36 107
36 61
36 121
36 63
36 93
36 94
36 110
37 67
37 112
37 69
37 96
37 122
37 115
37 70
37 98
37 71
37 72
37 73
37 99
37 123
37 74
37 75
37 76
37 100
37 101
37 38
37 39
37 79
37 102
37 41
37 103
37 42
37 126
37 80
37 48
37 49
37 117
37 50
37 81
37 82
37 52
37 104
37 87
37 105
37 55
37 56
37 127
37 106
37 60
37 92
37 61
37 108
37 64
37 94
38 67
38 111
38 68
38 95
38 122
38 98
38 72
38 75
38 76
38 78
38 39
38 40
38 103
38 47
38 48
38 49
38 117
38 81
38 83
38 52
38 104
38 87
38 54
38 56
38 88
38 58
38 91
38 59
38 60
38 63
38 65
38 109
39 66
39 113
39 95
39 69
39 96
39 114
39 71
39 73
39 123
39 76
39 124
39 78
39 41
39 42
39 43
39 45
39 80
39 46
39 48
39 49
39 82
39 83
39 85
39 104
39 87
39 53
39 120
39 55
39 56
39 57
39 88
39 89
39 58
39 119
39 106
39 60
39 107
39 61
39 121
39 63
39 65
39 93
39 109
39 94
39 110
40 67
40 95
40 69
40 96
40 70
40 72
40 100
40 77
40 102
40 126
40 45
40 116
40 49
40 117
40 50
40 51
40 81
40 83
40 84
40 85
40 86
40 118
40 54
40 105
40 56
40 57
40 88
40 127
40 89
40 58
40 91
40 119
40 61
40 64
40 94
41 66
41 67
41 68
41 112
41 113
41 95
41 97
41 72
41 73
41 75
41 76
41 124
41 42
41 43
41 126
41 80
41 125
41 48
41 82
41 85
41 87
41 120
41 55
41 88
41 89
41 58
41 106
41 61
41 108
41 121
41 64
41 94
42 67
42 111
42 69
42 96
42 114
42 70
42 97
42 71
42 99
42 123
42 74
42 100
42 124
42 77
42 78
42 43
42 44
42 126
42 125
42 116
42 46
42 47
42 117
42 50
42 51
42 82
42 83
42 85
42 53
42 54
42 120
42 55
42 58
42 90
42 91
42 119
42 59
42 107
42 108
42 121
42 94
43 66
43 67
43 112
43 69
43 114
43 70
43 72
43 76
43 101
43 77
43 79
43 102
43 125
43 51
43 83
43 86
43 52
43 87
43 118
43 54
43 105
43 55
43 56
43 89
43 91
43 92
43 61
43 108
43 121
43 93
43 109
43 110
44 111
44 68
44 95
44 69
44 122
44 115
44 99
44 123
44 74
44 75
44 101
44 77
44 78
44 79
44 103
44 45
44 116
44 47
44 48
44 49
44 117
44 51
44 83
44 87
44 53
44 120
44 55
44 57
44 89
44 91
44 59
44 106
44 92
44 107
44 61
44 108
45 66
45 67
45 68
45 112
45 69
45 114
45 122
45 70
45 98
45 73
45 74
45 75
45 100
45 124
45 102
45 103
45 80
45 125
45 47
45 48
45 49
45 117
45 50
45 81
45 85
45 52
45 104
45 118
45 54
45 56
45 127
45 90
45 119
45 61
45 108
45 65
45 93
45 109
45 94
45 110
46 66
46 111
46 113
46 95
46 69
46 114
46 70
46 71
46 72
46 75
46 100
46 79
46 103
46 126
46 80
46 50
46 82
46 84
46 85
46 52
46 53
46 120
46 105
46 57
46 88
46 127
46 90
46 119
46 106
46 60
46 107
46 61
46 62
46 108
46 121
46 63
46 94
46 110
47 67
47 68
47 112
47 69
47 96
47 114
47 122
47 115
47 98
47 73
47 99
47 74
47 75
47 100
47 78
47 79
47 102
47 80
47 48
47 117
47 51
47 82
47 52
47 53
47 54
47 105
47 57
47 127
47 119
47 60
47 61
47 93
47 94
47 110
48 111
48 68
48 112
48 114
48 122
48 115
48 98
48 72
48 99
48 74
48 76
48 100
48 124
48 77
48 79
48 102
48 126
48 125
48 49
48 117
48 81
48 82
48 83
48 86
48 104
48 87
48 120
48 105
48 55
48 88
48 127
48 89
48 58
48 91
48 119
48 106
48 60
48 107
48 62
48 121
48 63
48 64
48 65
48 93
48 94
48 110
49 66
49 67
49 111
49 112
49 95
49 69
49 122
49 70
49 98
49 71
49 72
49 99
49 74
49 75
49 124
49 79
49 102
49 126
49 80
49 116
49 117
49 50
49 86
49 52
49 53
49 118
49 105
49 55
49 58
49 90
49 91
49 59
49 60
49 92
49 107
49 61
49 62
49 108
49 63
49 64
49 109
49 94
50 66
50 111
50 112
50 95
50 69
50 122
50 70
50 97
50 99
50 123
50 74
50 76
50 100
50 101
50 102
50 103
50 80
50 125
50 116
50 117
50 81
50 84
50 85
50 86
50 87
50 53
50 54
50 120
50 127
50 58
50 90
50 119
50 106
50 60
50 92
50 61
50 108
50 63
50 64
50 94
50 110
51 66
51 111
51 68
51 112
51 113
51 95
51 69
51 114
51 97
51 98
51 71
51 72
51 99
51 123
51 75
51 79
51 103
51 125
51 117
51 83
51 104
51 87
51 53
51 120
51 56
51 127
51 89
51 58
51 91
51 59
51 106
51 92
51 121
51 65
51 93
51 110
52 68
52 113
52 69
52 114
52 70
52 99
52 123
52 75
52 100
52 77
52 102
52 103
52 126
52 80
52 125
52 117
52 81
52 104
52 87
52 118
52 54
52 55
52 56
52 88
52 127
52 91
52 119
52 60
52 92
52 62
52 108
52 63
52 65
52 93
52 110
53 111
53 68
53 96
53 122
53 115
53 98
53 71
53 99
53 74
53 75
53 100
53 77
53 79
53 103
53 126
53 117
53 81
53 118
53 54
53 120
53 57
53 88
53 127
53 58
53 64
53 93
53 109
53 94
54 112
54 113
54 114
54 122
54 98
54 72
54 74
54 75
54 76
54 124
54 101
54 77
54 79
54 103
54 80
54 125
54 117
54 83
54 84
54 85
54 120
54 56
54 89
54 90
54 59
54 92
54 107
54 61
54 64
54 93
54 109
55 111
55 113
55 95
55 69
55 96
55 115
55 70
55 97
55 98
55 71
55 72
55 99
55 74
55 76
55 100
55 124
55 102
55 126
55 80
55 125
55 116
55 117
55 82
55 83
55 84
55 85
55 86
55 56
55 88
55 59
55 60
55 107
55 62
55 63
55 64
55 65
55 110
56 111
56 68
56 95
56 69
56 122
56 70
56 98
56 71
56 73
56 99
56 123
56 75
56 100
56 77
56 78
56 102
56 125
56 117
56 81
56 82
56 84
56 85
56 104
56 118
56 57
56 88
56 89
56 119
56 59
56 106
56 60
56 92
56 108
56 121
56 63
56 109
56 94
57 111
57 69
57 122
57 115
57 72
57 99
57 123
57 74
57 101
57 77
57 78
57 79
57 126
57 82
57 84
57 86
57 87
57 120
57 127
57 58
57 119
57 59
57 108
57 65
57 71
57 113
57 98
57 88
57 121
57 83
57 60
57 80
57 116
57 105
58 67
58 111
58 69
58 122
58 115
58 97
58 71
58 72
58 73
58 99
58 74
58 75
58 101
58 77
58 78
58 102
58 116
58 82
58 104
58 118
58 120
58 105
58 88
58 127
58 91
58 59
58 60
58 107
58 61
58 62
58 63
58 93
58 94
59 66
59 68
59 112
59 113
59 96
59 115
59 70
59 98
59 72
59 73
59 99
59 123
59 74
59 75
59 100
59 124
59 77
59 79
59 80
59 82
59 83
59 84
59 86
59 104
59 87
59 118
59 127
59 92
59 61
59 108
59 121
59 64
59 65
59 93
59 110
60 66
60 111
60 112
60 113
60 95
60 114
60 122
60 115
60 99
60 75
60 124
60 101
60 78
60 102
60 126
60 116
60 117
60 82
60 84
60 104
60 87
60 127
60 91
60 119
60 107
60 108
60 121
60 64
60 65
60 93
60 94
60 71
60 98
60 88
60 83
60 80
60 123
60 105
61 67
61 111
61 112
61 113
61 114
61 115
61 70
61 97
61 71
61 99
61 76
61 101
61 80
61 117
61 81
61 82
61 83
61 85
61 104
61 87
61 118
61 88
61 89
61 91
61 106
61 107
61 62
61 109
61 110
62 67
62 111
62 68
62 112
62 69
62 114
62 122
62 70
62 98
62 73
62 123
62 74
62 75
62 76
62 101
62 77
62 126
62 80
62 125
62 116
62 81
62 83
62 84
62 86
62 104
62 120
62 89
62 119
62 106
62 107
62 64
62 65
62 110
63 67
63 68
63 112
63 113
63 69
63 97
63 98
63 71
63 73
63 123
63 74
63 100
63 79
63 102
63 126
63 80
63 125
63 85
63 87
63 120
63 88
63 89
63 119
63 108
63 64
63 93
63 109
63 110
64 66
64 113
64 96
64 115
64 70
64 97
64 98
64 71
64 72
64 99
64 123
64 74
64 77
64 78
64 79
64 103
64 80
64 117
64 81
64 83
64 84
64 85
64 86
64 104
64 87
64 118
64 120
64 127
64 90
64 91
64 119
64 92
64 107
64 121
64 65
64 109
64 110
65 68
65 112
65 113
65 95
65 69
65 70
65 72
65 73
65 123
65 100
65 124
65 101
65 77
65 78
65 126
65 116
65 82
65 83
65 85
65 90
65 92
65 107
65 93
65 109
65 94
65 110
66 67
66 111
66 112
66 113
66 96
66 114
66 70
66 98
66 71
66 73
66 99
66 124
66 77
66 103
66 126
66 86
66 120
66 88
66 127
66 90
66 106
66 92
66 108
66 93
66 109
66 94
67 69
67 96
67 114
67 115
67 70
67 98
67 99
67 123
67 74
67 100
67 77
67 78
67 79
67 102
67 125
67 81
67 85
67 87
67 118
67 88
67 89
67 90
67 91
67 93
67 110
68 111
68 96
68 70
68 71
68 73
68 99
68 123
68 124
68 116
68 86
68 88
68 90
68 106
68 92
68 94
68 69
68 74
68 76
68 100
68 78
68 80
68 117
68 81
68 85
68 105
68 91
68 107
68 121
68 110
69 111
69 112
69 114
69 71
69 73
69 124
69 103
69 126
69 116
69 86
69 120
69 90
69 106
69 93
69 109
69 95
69 122
69 115
69 97
69 74
69 76
69 100
69 79
69 117
69 81
69 82
69 83
69 84
69 104
69 87
69 119
69 121
69 110
70 111
70 113
70 96
70 95
70 122
70 115
70 97
70 98
70 71
70 124
70 77
70 78
70 103
70 116
70 81
70 84
70 86
70 104
70 118
70 88
70 89
70 121
70 109
70 110
71 112
71 113
71 96
71 98
71 95
71 115
71 97
71 123
71 74
71 100
71 124
71 77
71 126
71 80
71 117
71 81
71 82
71 83
71 84
71 85
71 86
71 87
71 120
71 105
71 88
71 127
71 90
71 119
71 108
71 121
71 94
71 110
71 116
72 111
72 112
72 99
72 77
72 103
72 126
72 116
72 86
72 127
72 108
72 93
72 109
72 94
72 95
72 122
72 74
72 101
72 79
72 102
72 80
72 85
72 104
72 89
73 96
73 114
73 98
73 95
73 122
73 97
73 99
73 123
73 74
73 75
73 76
73 100
73 77
73 103
73 80
73 125
73 117
73 81
73 82
73 83
73 85
73 86
73 104
73 87
73 120
73 105
73 88
73 127
73 90
73 91
73 108
73 94
74 99
74 124
74 103
74 126
74 86
74 88
74 127
74 90
74 106
74 93
74 95
74 122
74 75
74 76
74 100
74 101
74 78
74 125
74 81
74 83
74 85
74 87
74 118
74 89
74 91
74 107
75 111
75 112
75 96
75 98
75 99
75 124
75 126
75 116
75 88
75 127
75 93
75 109
75 94
75 122
75 115
75 100
75 78
75 79
75 125
75 117
75 81
75 84
75 104
75 87
75 107
76 111
76 112
76 113
76 96
76 98
76 103
76 106
76 92
76 109
76 94
76 115
76 101
76 102
76 80
76 81
76 82
76 84
76 85
76 118
76 89
76 119
76 121
76 110
77 113
77 98
77 124
77 95
77 97
77 100
77 101
77 79
77 102
77 126
77 80
77 116
77 117
77 81
77 82
77 120
77 127
77 90
77 91
77 106
77 107
77 108
78 113
78 98
78 99
78 124
78 116
78 86
78 90
78 93
78 94
78 122
78 115
78 97
78 100
78 101
78 80
78 125
78 117
78 81
78 83
78 84
78 87
78 118
78 91
78 107
78 110
79 111
79 112
79 113
79 98
79 124
79 103
79 116
79 86
79 120
79 90
79 108
79 93
79 109
79 94
79 102
79 117
79 81
79 105
79 110
80 111
80 112
80 113
80 96
80 114
80 98
80 99
80 123
80 124
80 103
80 126
80 106
80 92
80 109
80 122
80 115
80 101
80 125
80 81
80 82
80 83
80 85
80 104
80 118
80 105
80 89
80 91
80 110
80 119
80 88
80 121
80 116
81 111
81 96
81 98
81 124
81 127
81 90
81 93
81 109
81 97
81 102
81 125
81 118
81 105
81 119
81 121
82 111
82 96
82 114
82 124
82 103
82 116
82 106
82 93
82 94
82 95
82 115
82 97
82 100
82 101
82 102
82 84
82 89
82 91
82 119
82 121
83 111
83 112
83 113
83 98
83 123
83 124
83 103
83 116
83 86
83 88
83 127
83 90
83 106
83 108
83 93
83 109
83 94
83 95
83 100
83 117
83 85
83 87
83 105
83 91
83 119
83 107
83 121
84 112
84 113
84 98
84 123
84 124
84 103
84 86
84 88
84 127
84 93
84 94
84 101
84 125
84 117
84 85
84 104
84 87
84 119
85 112
85 113
85 96
85 114
85 124
85 103
85 126
85 116
85 86
85 88
85 90
85 92
85 95
85 115
85 97
85 102
85 117
85 118
85 89
85 91
85 121
86 111
86 113
86 98
86 99
86 126
86 116
86 122
86 115
86 117
86 104
86 87
86 120
86 89
86 90
86 91
86 92
86 109
86 110
87 96
87 98
87 99
87 123
87 103
87 116
87 88
87 108
87 109
87 94
87 95
87 115
87 97
87 101
87 102
87 125
87 104
87 118
87 105
87 121
87 110
88 111
88 113
88 96
88 98
88 99
88 124
88 95
88 122
88 115
88 97
88 101
88 102
88 125
88 104
88 105
88 89
88 91
88 119
88 106
88 92
88 107
88 108
88 121
88 109
88 94
88 116
88 123
89 111
89 113
89 96
89 98
89 123
89 120
89 90
89 108
89 109
89 95
89 115
89 100
89 101
89 117
89 104
89 105
89 121
89 110
90 111
90 112
90 96
90 99
90 120
90 127
90 122
90 100
90 101
90 102
90 118
90 106
90 92
90 121
90 93
90 109
90 94
91 111
91 112
91 114
91 98
91 99
91 124
91 108
91 93
91 109
91 94
91 95
91 100
91 101
91 117
91 118
91 105
91 107
92 98
92 123
92 124
92 103
92 127
92 95
92 100
92 102
92 125
92 104
92 105
92 107
92 121
92 93
92 109
92 110
93 111
93 113
93 114
93 98
93 126
93 116
93 120
93 108
93 115
93 97
93 101
93 117
93 104
93 119
93 121
93 109
93 94
93 110
94 112
94 113
94 98
94 124
94 126
94 127
94 109
94 101
94 118
94 105
94 121
95 112
95 96
95 114
95 98
95 99
95 124
95 126
95 106
95 100
95 102
95 122
95 101
95 119
95 121
96 111
96 112
96 113
96 114
96 115
96 124
96 101
96 102
96 126
96 125
96 118
96 105
96 119
96 106
96 108
96 109
96 110
97 112
97 113
97 114
97 98
97 124
97 127
97 106
97 115
97 100
97 125
97 110
97 101
97 117
98 113
98 122
98 124
98 102
98 116
98 117
98 120
98 105
98 127
98 119
98 121
98 123
99 111
99 113
99 115
99 100
99 102
99 126
99 125
99 116
99 117
99 105
99 106
99 107
99 108
99 121
99 109
99 110
100 111
100 112
100 103
100 126
100 116
100 120
100 127
100 106
100 109
100 115
100 101
100 104
100 119
100 121
101 111
101 112
101 113
101 123
101 124
101 126
101 106
101 108
101 115
101 118
101 117
101 104
101 105
102 111
102 112
102 113
102 114
102 123
102 124
102 126
102 120
102 108
102 109
102 125
102 117
102 104
102 118
102 119
102 107
102 110
103 111
103 112
103 114
103 126
103 104
103 118
103 120
103 127
103 119
103 106
104 111
104 113
104 126
104 116
104 120
104 127
104 106
104 108
104 118
104 107
105 112
105 123
105 124
105 126
105 116
105 127
105 108
105 115
105 122
105 117
105 119
105 113
105 121
106 111
106 113
106 124
106 126
106 116
106 120
106 127
106 115
106 118
106 108
106 121
106 109
106 110
107 112
107 113
107 124
107 116
107 120
107 108
107 110
108 111
108 112
108 114
108 124
108 126
108 117
108 110
109 111
109 112
109 126
109 116
109 125
109 117
109 121
109 110
110 111
110 113
110 123
110 124
110 116
110 120
110 127
110 118
110 122
110 119
111 114
111 122
111 115
111 124
111 126
111 117
111 121
112 113
112 125
112 117
112 120
112 127
112 119
113 114
113 115
113 126
113 116
113 118
113 127
113 119
113 121
113 123
114 125
114 116
115 123
115 126
115 116
115 127
115 122
115 125
115 117
115 119
116 122
116 125
116 118
116 120
116 119
116 121
116 123
117 118
117 122
117 119
117 121
118 123
118 126
118 127
118 125
118 119
118 121
119 123
119 126
119 125
119 122
119 121
120 124
120 126
120 122
120 125
120 127
120 121
121 126
121 125
121 123
122 123
122 126
123 124
124 126
124 125
125 127
126 127
