0 1
0 2
0 3
0 4
0 5
0 6
0 7
0 8
0 9
0 10
0 11
0 12
0 13
0 14
0 15
0 16
0 17
0 18
0 19
0 20
0 21
0 22
0 23
0 24
0 25
0 26
0 27
0 28
0 29
0 30
0 31
0 33
0 34
0 35
0 36
0 37
0 38
0 39
0 40
0 41
0 42
0 43
0 44
0 45
0 46
0 47
0 48
0 49
0 51
0 52
0 53
0 54
0 55
0 56
0 57
0 58
0 59
0 60
0 61
0 62
0 63
0 64
0 65
0 66
1 67
1 3
1 68
1 4
1 5
1 7
1 8
1 9
1 11
1 69
1 13
1 14
1 70
1 71
1 15
1 16
1 72
1 19
1 20
1 73
1 74
1 22
1 75
1 24
1 29
1 76
1 30
1 31
1 32
1 77
1 78
1 33
1 35
1 79
1 37
1 38
1 80
1 81
1 82
1 83
1 39
1 43
1 44
1 45
1 46
1 84
1 85
1 86
1 49
1 87
1 50
1 54
1 88
1 89
1 90
1 91
1 56
1 57
1 58
1 59
1 60
1 92
1 62
1 93
1 94
1 95
1 96
1 66
2 4
2 5
2 97
2 8
2 11
2 13
2 98
2 71
2 15
2 17
2 19
2 20
2 21
2 74
2 22
2 24
2 99
2 100
2 101
2 26
2 29
2 102
2 76
2 103
2 31
2 77
2 78
2 33
2 34
2 35
2 79
2 104
2 37
2 80
2 82
2 39
2 42
2 43
2 44
2 46
2 105
2 84
2 47
2 85
2 48
2 86
2 87
2 50
2 51
2 106
2 54
2 89
2 55
2 90
2 91
2 107
2 108
2 56
2 60
2 62
2 109
2 93
2 96
2 110
3 67
3 111
3 5
3 6
3 7
3 97
3 8
3 10
3 12
3 69
3 13
3 14
3 112
3 98
3 70
3 15
3 16
3 18
3 19
3 20
3 21
3 113
3 23
3 25
3 99
3 100
3 114
3 28
3 76
3 31
3 35
3 79
3 80
3 82
3 115
3 116
3 83
3 39
3 117
3 40
3 41
3 43
3 44
3 45
3 105
3 47
3 118
3 50
3 51
3 53
3 91
3 56
3 57
3 58
3 60
3 61
3 109
3 94
3 95
3 119
3 66
4 6
4 7
4 97
4 10
4 11
4 69
4 13
4 14
4 112
4 70
4 71
4 15
4 17
4 72
4 18
4 19
4 20
4 21
4 73
4 24
4 25
4 99
4 101
4 28
4 102
4 76
4 103
4 30
4 32
4 77
4 35
4 120
4 79
4 38
4 82
4 115
4 39
4 117
4 41
4 42
4 45
4 105
4 47
4 85
4 48
4 118
4 49
4 88
4 90
4 107
4 108
4 56
4 57
4 58
4 92
4 109
4 63
4 65
4 87
4 125
4 40
4 59
4 91
4 50
5 68
5 6
5 97
5 10
5 69
5 14
5 112
5 17
5 20
5 74
5 24
5 25
5 99
5 121
5 114
5 122
5 27
5 28
5 76
5 103
5 30
5 31
5 78
5 33
5 34
5 120
5 36
5 104
5 37
5 115
5 116
5 39
5 117
5 40
5 41
5 42
5 45
5 105
5 48
5 118
5 86
5 51
5 53
5 91
5 107
5 56
5 60
5 62
5 109
5 63
5 94
5 64
5 65
5 119
5 110
5 66
6 67
6 111
6 68
6 97
6 69
6 14
6 98
6 71
6 16
6 18
6 19
6 20
6 74
6 25
6 101
6 121
6 26
6 27
6 29
6 30
6 120
6 37
6 82
6 83
6 39
6 117
6 123
6 40
6 42
6 105
6 84
6 85
6 48
6 49
6 87
6 106
6 54
6 88
6 89
6 56
6 57
6 61
6 92
6 62
6 94
6 124
6 119
6 66
7 111
7 97
7 10
7 11
7 69
7 13
7 14
7 70
7 71
7 72
7 18
7 19
7 20
7 21
7 73
7 23
7 25
7 100
7 101
7 114
7 122
7 27
7 102
7 76
7 30
7 31
7 78
7 33
7 34
7 35
7 79
7 104
7 37
7 38
7 80
7 81
7 82
7 115
7 116
7 83
7 123
7 40
7 42
7 43
7 46
7 105
7 47
7 118
7 49
7 51
7 106
7 54
7 125
7 88
7 89
7 55
7 90
7 91
7 107
7 108
7 56
7 58
7 59
7 60
7 62
7 109
7 93
7 65
7 124
7 95
7 119
7 96
7 66
7 87
7 103
7 32
7 50
7 77
8 67
8 111
8 97
8 12
8 69
8 13
8 14
8 112
8 71
8 16
8 72
8 18
8 21
8 73
8 74
8 113
8 75
8 25
8 99
8 100
8 101
8 114
8 26
8 27
8 28
8 29
8 102
8 76
8 103
8 78
8 33
8 34
8 104
8 80
8 115
8 83
8 117
8 40
8 43
8 45
8 47
8 86
8 49
8 106
8 54
8 125
8 88
8 89
8 90
8 107
8 108
8 56
8 57
8 126
8 61
8 62
8 94
8 124
8 127
8 95
8 119
8 96
8 66
9 111
9 97
9 10
9 69
9 13
9 112
9 98
9 70
9 16
9 18
9 21
9 22
9 23
9 25
9 99
9 100
9 101
9 26
9 28
9 30
9 32
9 36
9 79
9 115
9 116
9 39
9 117
9 41
9 44
9 45
9 105
9 47
9 118
9 51
9 53
9 54
9 107
9 108
9 57
9 58
9 92
9 93
9 64
9 95
9 119
9 110
10 67
10 111
10 68
10 11
10 12
10 13
10 14
10 70
10 71
10 17
10 18
10 20
10 21
10 73
10 74
10 113
10 101
10 114
10 27
10 29
10 102
10 103
10 30
10 77
10 78
10 34
10 35
10 36
10 79
10 37
10 38
10 81
10 82
10 115
10 116
10 123
10 40
10 42
10 43
10 46
10 47
10 85
10 118
10 51
10 106
10 54
10 125
10 88
10 55
10 90
10 108
10 56
10 126
10 61
10 109
10 93
10 64
10 65
10 119
10 96
10 66
10 87
10 32
10 59
10 91
10 50
11 67
11 68
11 97
11 12
11 112
11 98
11 71
11 72
11 21
11 73
11 113
11 22
11 23
11 24
11 99
11 100
11 114
11 122
11 27
11 102
11 76
11 103
11 30
11 32
11 78
11 33
11 35
11 36
11 79
11 37
11 38
11 81
11 41
11 43
11 46
11 85
11 118
11 87
11 52
11 106
11 55
11 90
11 91
11 108
11 56
11 126
11 60
11 92
11 63
11 93
11 64
11 65
11 127
11 119
11 110
11 88
11 125
11 40
11 59
11 50
11 77
12 67
12 68
12 97
12 14
12 71
12 15
12 17
12 72
12 21
12 73
12 113
12 75
12 99
12 100
12 114
12 122
12 27
12 28
12 29
12 102
12 103
12 33
12 120
12 36
12 37
12 80
12 115
12 116
12 83
12 42
12 46
12 84
12 118
12 87
12 52
12 54
12 88
12 89
12 55
12 90
12 91
12 107
12 58
12 60
12 61
12 92
12 62
12 109
12 93
12 94
12 64
12 65
12 96
12 110
13 68
13 97
13 14
13 112
13 71
13 15
13 16
13 17
13 18
13 73
13 113
13 22
13 23
13 75
13 24
13 25
13 99
13 122
13 28
13 102
13 31
13 32
13 77
13 79
13 104
13 37
13 38
13 81
13 115
13 39
13 123
13 41
13 42
13 43
13 84
13 47
13 85
13 50
13 51
13 52
13 54
13 125
13 88
13 90
13 56
13 126
13 60
13 94
13 64
13 65
13 124
13 95
13 119
13 96
13 110
14 67
14 112
14 98
14 19
14 21
14 74
14 113
14 23
14 75
14 25
14 99
14 121
14 26
14 27
14 28
14 102
14 76
14 103
14 77
14 78
14 36
14 82
14 116
14 39
14 123
14 40
14 42
14 43
14 44
14 45
14 84
14 48
14 118
14 87
14 51
14 53
14 54
14 125
14 89
14 108
14 57
14 60
14 62
14 109
14 93
14 94
14 64
14 127
14 95
14 66
15 68
15 69
15 98
15 70
15 16
15 17
15 72
15 18
15 21
15 73
15 23
15 24
15 99
15 101
15 122
15 28
15 102
15 76
15 30
15 31
15 32
15 78
15 33
15 35
15 104
15 37
15 81
15 82
15 116
15 39
15 117
15 123
15 40
15 42
15 46
15 84
15 48
15 118
15 87
15 88
15 55
15 108
15 57
15 126
15 58
15 59
15 60
15 92
15 62
15 109
15 63
15 94
15 64
15 127
15 119
15 66
16 67
16 97
16 112
16 98
16 70
16 71
16 17
16 19
16 20
16 21
16 73
16 22
16 99
16 101
16 121
16 114
16 26
16 27
16 29
16 31
16 78
16 33
16 104
16 38
16 81
16 82
16 117
16 123
16 41
16 47
16 85
16 48
16 86
16 49
16 87
16 51
16 106
16 54
16 125
16 55
16 91
16 56
16 57
16 92
16 62
16 93
16 64
16 65
16 124
16 127
16 95
17 68
17 97
17 112
17 71
17 72
17 18
17 21
17 73
17 74
17 23
17 75
17 24
17 25
17 100
17 121
17 114
17 26
17 28
17 102
17 30
17 78
17 33
17 36
17 37
17 38
17 82
17 116
17 83
17 39
17 117
17 123
17 41
17 42
17 44
17 45
17 105
17 84
17 47
17 85
17 86
17 49
17 51
17 106
17 53
17 125
17 88
17 90
17 107
17 108
17 57
17 60
17 92
17 62
17 109
17 94
17 64
17 65
17 95
17 96
17 66
18 69
18 112
18 98
18 71
18 20
18 99
18 100
18 114
18 122
18 102
18 76
18 31
18 34
18 104
18 37
18 80
18 81
18 41
18 47
18 85
18 118
18 50
18 52
18 54
18 88
18 90
18 91
18 107
18 108
18 56
18 57
18 58
18 59
18 60
18 92
18 93
18 64
18 65
18 124
18 127
18 95
18 119
18 96
18 110
19 111
19 68
19 69
19 71
19 72
19 20
19 73
19 74
19 113
19 23
19 24
19 100
19 101
19 122
19 27
19 29
19 102
19 30
19 78
19 33
19 35
19 79
19 82
19 116
19 41
19 44
19 46
19 86
19 49
19 87
19 50
19 51
19 106
19 53
19 54
19 89
19 90
19 107
19 108
19 56
19 57
19 59
19 61
19 92
19 62
19 94
19 64
19 65
19 124
19 95
19 119
20 111
20 68
20 97
20 69
20 112
20 70
20 72
20 73
20 74
20 23
20 24
20 25
20 121
20 114
20 122
20 27
20 29
20 103
20 31
20 104
20 80
20 81
20 82
20 115
20 83
20 39
20 42
20 46
20 118
20 49
20 50
20 54
20 88
20 108
20 56
20 58
20 59
20 62
20 63
20 93
20 94
20 64
20 127
20 96
21 67
21 68
21 69
21 71
21 73
21 22
21 23
21 24
21 99
21 101
21 121
21 122
21 26
21 27
21 28
21 102
21 30
21 78
21 34
21 35
21 36
21 104
21 38
21 83
21 39
21 117
21 123
21 44
21 45
21 105
21 47
21 118
21 87
21 52
21 53
21 125
21 88
21 55
21 57
21 126
21 59
21 60
21 61
21 62
21 109
21 63
21 93
21 64
21 65
21 124
21 95
21 119
21 96
21 66
21 103
21 32
21 40
21 91
21 50
21 77
22 67
22 111
22 97
22 74
22 24
22 25
22 99
22 100
22 101
22 121
22 122
22 27
22 29
22 103
22 30
22 31
22 78
22 34
22 35
22 79
22 104
22 80
22 81
22 82
22 83
22 123
22 40
22 42
22 45
22 46
22 105
22 47
22 48
22 118
22 87
22 50
22 51
22 52
22 106
22 53
22 88
22 89
22 55
22 90
22 91
22 107
22 108
22 57
22 60
22 92
22 109
22 63
22 93
22 64
22 65
22 127
22 95
22 119
22 110
23 68
23 97
23 74
23 113
23 24
23 99
23 121
23 114
23 122
23 27
23 28
23 102
23 31
23 77
23 78
23 33
23 34
23 35
23 120
23 36
23 79
23 104
23 37
23 81
23 115
23 116
23 83
23 39
23 117
23 41
23 44
23 46
23 84
23 47
23 85
23 48
23 51
23 52
23 106
23 53
23 54
23 89
23 55
23 90
23 57
23 126
23 58
23 92
23 94
23 127
23 110
23 66
24 68
24 97
24 69
24 112
24 98
24 71
24 74
24 75
24 99
24 101
24 114
24 26
24 28
24 29
24 102
24 30
24 31
24 78
24 35
24 120
24 79
24 104
24 37
24 38
24 115
24 116
24 117
24 40
24 43
24 46
24 105
24 84
24 47
24 85
24 118
24 86
24 49
24 50
24 52
24 53
24 54
24 125
24 88
24 89
24 55
24 91
24 108
24 56
24 57
24 126
24 58
24 93
24 94
24 64
24 124
24 95
24 96
24 110
25 111
25 68
25 98
25 70
25 72
25 73
25 74
25 113
25 75
25 99
25 100
25 121
25 114
25 28
25 102
25 76
25 30
25 32
25 77
25 78
25 34
25 35
25 120
25 36
25 79
25 80
25 82
25 116
25 39
25 117
25 123
25 40
25 42
25 45
25 84
25 47
25 85
25 48
25 49
25 51
25 54
25 89
25 56
25 57
25 126
25 58
25 59
25 61
25 109
25 64
25 124
25 95
25 119
25 66
26 67
26 111
26 97
26 112
26 70
26 73
26 101
26 121
26 114
26 122
26 28
26 103
26 31
26 32
26 77
26 78
26 34
26 36
26 79
26 104
26 37
26 38
26 80
26 81
26 115
26 83
26 39
26 123
26 40
26 41
26 43
26 44
26 46
26 105
26 84
26 47
26 85
26 48
26 118
26 51
26 52
26 106
26 54
26 88
26 89
26 55
26 56
26 57
26 126
26 58
26 60
26 92
26 62
26 109
26 63
26 93
26 65
26 96
26 110
26 66
27 67
27 111
27 68
27 97
27 112
27 70
27 71
27 73
27 74
27 113
27 100
27 122
27 28
27 102
27 76
27 30
27 78
27 33
27 35
27 120
27 81
27 115
27 116
27 83
27 39
27 117
27 40
27 41
27 42
27 44
27 48
27 86
27 49
27 50
27 51
27 106
27 54
27 89
27 91
27 107
27 57
27 59
27 92
27 62
27 127
28 67
28 111
28 68
28 97
28 112
28 98
28 70
28 71
28 73
28 100
28 101
28 102
28 103
28 30
28 77
28 78
28 34
28 120
28 36
28 104
28 37
28 38
28 115
28 116
28 39
28 117
28 40
28 41
28 42
28 45
28 46
28 47
28 118
28 86
28 87
28 51
28 52
28 89
28 55
28 107
28 57
28 58
28 59
28 60
28 92
28 62
28 109
28 93
28 94
28 65
28 124
28 127
28 95
28 119
28 110
28 66
29 67
29 68
29 97
29 112
29 70
29 71
29 74
29 75
29 100
29 101
29 121
29 122
29 31
29 32
29 33
29 34
29 79
29 104
29 37
29 80
29 81
29 115
29 83
29 39
29 123
29 40
29 42
29 44
29 45
29 46
29 105
29 47
29 86
29 50
29 51
29 89
29 55
29 107
29 108
29 56
29 57
29 58
29 92
29 62
29 109
29 63
29 94
29 127
29 119
29 110
30 97
30 69
30 112
30 70
30 71
30 73
30 75
30 99
30 100
30 101
30 102
30 103
30 31
30 32
30 33
30 34
30 35
30 36
30 37
30 38
30 80
30 81
30 115
30 116
30 83
30 39
30 117
30 41
30 43
30 47
30 85
30 48
30 118
30 49
30 87
30 50
30 52
30 106
30 53
30 54
30 125
30 88
30 89
30 90
30 91
30 107
30 108
30 126
30 58
30 59
30 60
30 61
30 92
30 109
30 63
30 93
30 94
30 64
30 65
30 124
30 119
30 110
30 66
30 40
30 77
31 67
31 111
31 68
31 112
31 98
31 71
31 72
31 74
31 113
31 75
31 100
31 121
31 114
31 32
31 34
31 120
31 79
31 37
31 38
31 80
31 81
31 115
31 116
31 117
31 41
31 43
31 45
31 84
31 50
31 52
31 53
31 54
31 125
31 88
31 107
31 126
31 60
31 61
31 62
31 93
31 64
31 65
31 124
31 95
31 119
31 96
32 67
32 111
32 68
32 73
32 113
32 75
32 114
32 122
32 78
32 34
32 120
32 79
32 80
32 115
32 39
32 117
32 123
32 40
32 45
32 46
32 47
32 85
32 118
32 86
32 49
32 87
32 52
32 54
32 55
32 126
32 58
32 60
32 61
32 92
32 62
32 94
32 127
32 119
32 65
32 71
32 88
32 103
32 125
32 59
32 91
32 50
32 77
33 69
33 70
33 71
33 75
33 100
33 114
33 122
33 76
33 77
33 34
33 120
33 79
33 115
33 116
33 83
33 40
33 42
33 44
33 45
33 84
33 47
33 118
33 50
33 52
33 106
33 54
33 125
33 88
33 55
33 90
33 91
33 108
33 56
33 57
33 126
33 58
33 59
33 60
33 61
33 62
33 94
33 124
33 127
34 67
34 68
34 72
34 73
34 74
34 75
34 99
34 100
34 101
34 121
34 114
34 122
34 102
34 78
34 120
34 36
34 79
34 104
34 38
34 82
34 83
34 117
34 123
34 40
34 41
34 42
34 43
34 44
34 45
34 46
34 105
34 84
34 47
34 85
34 118
34 86
34 50
34 51
34 106
34 53
34 88
34 55
34 91
34 57
34 126
34 61
34 62
34 109
34 94
34 64
34 65
34 127
34 110
35 111
35 68
35 97
35 112
35 98
35 71
35 72
35 74
35 113
35 75
35 99
35 101
35 121
35 122
35 76
35 103
35 78
35 104
35 37
35 116
35 117
35 41
35 42
35 43
35 45
35 85
35 48
35 118
35 86
35 87
35 50
35 52
35 106
35 88
35 107
35 56
35 126
35 61
35 92
35 124
35 95
35 96
35 110
35 66
36 69
36 112
36 98
36 70
36 72
36 113
36 103
36 120
36 79
36 104
36 81
36 83
36 117
36 123
36 40
36 43
36 85
36 50
36 51
36 52
36 53
36 125
36 89
36 91
36 107
36 108
36 57
36 126
36 58
36 61
36 92
36 62
36 63
36 64
36 65
36 124
36 119
36 96
36 110
37 68
37 97
37 112
37 70
37 71
37 72
37 73
37 113
37 121
37 114
37 122
37 102
37 76
37 77
37 78
37 80
37 82
37 83
37 39
37 117
37 123
37 41
37 44
37 46
37 47
37 85
37 118
37 49
37 51
37 125
37 88
37 89
37 55
37 91
37 107
37 108
37 56
37 57
37 126
37 60
37 61
37 62
37 63
37 94
37 64
37 124
37 127
37 95
37 110
38 67
38 68
38 69
38 98
38 70
38 72
38 75
38 99
38 121
38 114
38 122
38 76
38 78
38 79
38 115
38 83
38 40
38 43
38 45
38 46
38 84
38 85
38 118
38 52
38 54
38 125
38 88
38 89
38 91
38 107
38 108
38 57
38 58
38 92
38 62
38 109
38 63
38 94
38 65
38 124
38 127
38 96
38 110
39 67
39 111
39 68
39 97
39 112
39 98
39 71
39 74
39 113
39 75
39 100
39 101
39 76
39 78
39 81
39 83
39 40
39 42
39 45
39 105
39 49
39 87
39 51
39 52
39 54
39 88
39 89
39 55
39 91
39 107
39 108
39 56
39 126
39 58
39 59
39 109
39 63
39 93
39 94
39 65
39 124
39 127
39 119
39 96
39 66
40 111
40 97
40 112
40 98
40 71
40 72
40 74
40 113
40 75
40 99
40 101
40 121
40 122
40 102
40 76
40 103
40 78
40 104
40 80
40 115
40 83
40 123
40 42
40 43
40 105
40 47
40 85
40 118
40 86
40 50
40 51
40 52
40 53
40 88
40 55
40 91
40 107
40 56
40 126
40 60
40 63
40 94
40 65
40 124
40 95
40 119
40 96
40 73
40 87
40 125
40 59
40 77
41 111
41 97
41 71
41 72
41 74
41 113
41 75
41 121
41 122
41 102
41 76
41 103
41 80
41 82
41 117
41 42
41 44
41 46
41 84
41 47
41 85
41 87
41 50
41 53
41 125
41 88
41 55
41 90
41 91
41 107
41 126
41 58
41 61
41 93
41 65
41 127
41 66
42 67
42 111
42 68
42 97
42 72
42 113
42 75
42 100
42 122
42 77
42 120
42 79
42 104
42 80
42 116
42 83
42 123
42 43
42 44
42 84
42 118
42 51
42 52
42 53
42 54
42 125
42 88
42 89
42 56
42 126
42 59
42 61
42 62
42 109
42 63
42 94
42 64
42 65
42 124
42 127
42 95
42 119
42 96
43 67
43 111
43 97
43 98
43 71
43 73
43 113
43 99
43 101
43 122
43 78
43 104
43 45
43 46
43 105
43 84
43 85
43 48
43 86
43 49
43 87
43 106
43 54
43 88
43 56
43 58
43 92
43 62
43 109
43 94
43 65
43 124
43 96
43 110
43 66
44 111
44 68
44 69
44 112
44 71
44 73
44 74
44 75
44 101
44 121
44 114
44 122
44 76
44 103
44 78
44 120
44 104
44 81
44 116
44 83
44 117
44 105
44 84
44 85
44 86
44 49
44 51
44 106
44 53
44 89
44 55
44 91
44 107
44 108
44 56
44 57
44 126
44 58
44 59
44 61
44 62
44 109
44 63
44 93
44 94
44 64
44 95
44 96
44 110
45 67
45 111
45 68
45 69
45 112
45 70
45 73
45 113
45 75
45 99
45 100
45 122
45 103
45 120
45 81
45 82
45 115
45 116
45 123
45 105
45 84
45 47
45 85
45 86
45 49
45 50
45 52
45 106
45 53
45 89
45 90
45 107
45 108
45 56
45 92
45 62
45 109
45 94
45 124
45 127
45 95
45 119
45 96
45 110
46 111
46 97
46 73
46 100
46 121
46 102
46 76
46 77
46 78
46 79
46 104
46 115
46 116
46 117
46 105
46 47
46 49
46 87
46 50
46 106
46 53
46 54
46 125
46 89
46 90
46 91
46 108
46 57
46 126
46 58
46 60
46 109
46 63
46 93
46 94
46 95
46 110
46 66
47 111
47 68
47 112
47 98
47 70
47 72
47 113
47 75
47 114
47 76
47 78
47 120
47 104
47 81
47 82
47 116
47 123
47 105
47 84
47 48
47 49
47 87
47 51
47 53
47 125
47 55
47 90
47 91
47 108
47 56
47 57
47 126
47 60
47 61
47 109
47 63
47 94
47 64
47 65
47 127
47 119
48 67
48 68
48 97
48 69
48 112
48 98
48 71
48 114
48 122
48 78
48 120
48 81
48 115
48 116
48 117
48 84
48 85
48 118
48 86
48 49
48 87
48 50
48 52
48 53
48 125
48 91
48 57
48 126
48 92
48 109
48 63
48 64
48 65
48 124
48 119
48 110
48 66
49 67
49 111
49 97
49 69
49 73
49 74
49 113
49 75
49 100
49 122
49 102
49 78
49 120
49 79
49 80
49 81
49 82
49 115
49 83
49 123
49 105
49 84
49 86
49 87
49 53
49 55
49 90
49 107
49 108
49 56
49 57
49 126
49 60
49 61
49 92
49 62
49 65
49 127
49 95
50 67
50 111
50 68
50 71
50 72
50 73
50 74
50 113
50 100
50 101
50 104
50 116
50 105
50 85
50 86
50 87
50 51
50 52
50 106
50 88
50 89
50 108
50 57
50 126
50 60
50 65
50 124
50 119
50 96
50 118
50 103
50 125
50 59
50 91
50 77
51 67
51 69
51 112
51 98
51 70
51 72
51 73
51 113
51 100
51 101
51 102
51 76
51 103
51 78
51 120
51 79
51 115
51 116
51 83
51 117
51 118
51 86
51 106
51 125
51 88
51 89
51 108
51 62
51 65
51 119
51 66
52 67
52 111
52 68
52 97
52 98
52 72
52 121
52 122
52 76
52 103
52 78
52 120
52 104
52 82
52 116
52 83
52 117
52 105
52 84
52 85
52 118
52 87
52 53
52 54
52 89
52 55
52 90
52 107
52 108
52 56
52 57
52 126
52 58
52 59
52 60
52 62
52 109
52 63
52 93
52 94
52 64
52 65
52 127
52 95
52 96
52 110
52 66
53 67
53 112
53 98
53 70
53 73
53 74
53 99
53 100
53 121
53 102
53 76
53 77
53 78
53 79
53 104
53 81
53 116
53 105
53 85
53 87
53 106
53 125
53 89
53 91
53 57
53 60
53 94
53 64
53 65
53 124
53 127
53 95
53 96
53 66
54 67
54 111
54 68
54 98
54 70
54 71
54 72
54 74
54 113
54 99
54 100
54 101
54 121
54 122
54 78
54 104
54 80
54 82
54 115
54 83
54 118
54 86
54 87
54 88
54 89
54 91
54 108
54 56
54 57
54 58
54 60
54 92
54 62
54 109
54 93
54 94
54 64
54 124
54 127
54 119
55 67
55 111
55 97
55 112
55 71
55 74
55 113
55 99
55 100
55 114
55 122
55 76
55 78
55 120
55 80
55 81
55 82
55 83
55 105
55 84
55 88
55 90
55 91
55 107
55 56
55 126
55 58
55 59
55 60
55 92
55 62
55 63
55 64
55 65
55 124
55 127
55 119
55 66
56 111
56 69
56 112
56 98
56 74
56 75
56 99
56 100
56 121
56 76
56 77
56 78
56 120
56 79
56 104
56 81
56 82
56 118
56 87
56 106
56 125
56 89
56 91
56 59
56 61
56 92
56 62
56 63
56 93
56 94
56 65
56 127
56 119
56 96
56 66
57 67
57 111
57 97
57 69
57 112
57 98
57 70
57 71
57 72
57 74
57 75
57 99
57 114
57 77
57 78
57 120
57 79
57 104
57 80
57 81
57 82
57 115
57 116
57 83
57 117
57 123
57 105
57 84
57 85
57 87
57 106
57 125
57 88
57 108
57 61
57 62
57 109
57 93
57 94
57 65
57 124
57 127
57 96
58 67
58 69
58 112
58 74
58 99
58 121
58 114
58 122
58 103
58 104
58 80
58 116
58 84
58 85
58 118
58 90
58 91
58 92
58 62
58 94
58 64
58 95
59 68
59 97
59 112
59 98
59 70
59 73
59 101
59 121
59 102
59 76
59 77
59 79
59 104
59 80
59 115
59 83
59 123
59 85
59 89
59 90
59 91
59 107
59 108
59 61
59 92
59 62
59 63
59 94
59 127
59 95
59 119
59 110
59 65
59 118
59 71
59 87
59 88
59 103
59 125
60 67
60 111
60 69
60 98
60 70
60 71
60 113
60 101
60 121
60 122
60 76
60 77
60 78
60 81
60 82
60 115
60 116
60 83
60 105
60 84
60 85
60 86
60 125
60 88
60 90
60 91
60 107
60 109
60 127
60 96
60 66
61 67
61 111
61 68
61 69
61 71
61 72
61 75
61 99
61 121
61 122
61 76
61 103
61 78
61 79
61 104
61 82
61 116
61 83
61 117
61 123
61 105
61 84
61 85
61 86
61 106
61 125
61 88
61 90
61 91
61 107
61 108
61 126
61 109
61 94
61 64
61 124
61 95
62 67
62 111
62 69
62 112
62 73
62 74
62 113
62 75
62 99
62 101
62 102
62 77
62 78
62 120
62 79
62 115
62 83
62 123
62 84
62 106
62 125
62 88
62 90
62 107
62 108
62 126
62 94
62 64
62 65
62 124
62 127
62 95
62 119
62 110
62 66
63 68
63 97
63 112
63 98
63 70
63 73
63 75
63 100
63 101
63 76
63 103
63 77
63 104
63 81
63 82
63 83
63 123
63 86
63 87
63 125
63 126
63 92
63 93
63 94
63 64
63 124
63 95
63 96
64 97
64 69
64 112
64 98
64 73
64 113
64 102
64 77
64 120
64 80
64 116
64 83
64 117
64 84
64 86
64 87
64 125
64 88
64 91
64 107
64 109
64 93
64 65
64 124
65 67
65 68
65 112
65 70
65 71
65 73
65 75
65 100
65 101
65 121
65 114
65 102
65 76
65 77
65 78
65 79
65 80
65 81
65 115
65 116
65 83
65 105
65 85
65 118
65 87
65 106
65 125
65 88
65 89
65 90
65 91
65 108
65 126
65 93
65 94
65 124
65 110
65 66
65 103
66 67
66 111
66 68
66 69
66 112
66 71
66 73
66 74
66 113
66 75
66 99
66 100
66 121
66 114
66 102
66 103
66 77
66 78
66 120
66 81
66 82
66 115
66 116
66 117
66 85
66 86
66 87
66 89
66 91
66 108
66 109
66 93
66 94
66 96
67 68
67 69
67 112
67 98
67 70
67 71
67 73
67 75
67 99
67 100
67 101
67 121
67 122
67 102
67 76
67 103
67 120
67 81
67 115
67 83
67 123
67 105
67 84
67 85
67 86
67 87
67 125
67 90
67 126
67 92
67 93
67 95
67 119
67 96
68 98
68 70
68 71
68 113
68 99
68 100
68 121
68 122
68 78
68 120
68 104
68 80
68 82
68 115
68 83
68 84
68 85
68 118
68 86
68 91
68 126
68 92
68 93
68 96
69 112
69 98
69 70
69 72
69 113
69 101
69 121
69 114
69 122
69 76
69 103
69 77
69 120
69 80
69 82
69 116
69 117
69 84
69 118
69 87
69 89
69 107
69 108
69 95
69 96
70 97
70 72
70 74
70 113
70 75
70 99
70 100
70 76
70 103
70 79
70 104
70 81
70 82
70 116
70 123
70 105
70 118
70 106
70 90
70 108
70 109
70 127
70 95
70 119
71 112
71 98
71 97
71 73
71 99
71 100
71 122
71 77
71 120
71 79
71 80
71 82
71 116
71 117
71 123
71 84
71 118
71 106
71 88
71 89
71 90
71 126
71 92
71 109
71 94
71 119
71 110
71 87
71 103
71 125
71 91
72 112
72 98
72 73
72 100
72 101
72 121
72 103
72 81
72 123
72 125
72 90
72 92
72 95
72 119
72 111
72 114
72 78
72 80
72 82
72 106
72 89
72 91
72 108
72 110
73 112
73 98
73 111
73 113
73 99
73 100
73 101
73 114
73 102
73 103
73 77
73 120
73 79
73 104
73 116
73 84
73 85
73 118
73 86
73 87
73 89
73 91
73 107
73 108
73 126
73 109
73 93
73 124
73 96
73 110
73 88
73 125
74 112
74 101
74 121
74 122
74 102
74 120
74 81
74 115
74 83
74 86
74 87
74 126
74 92
74 95
74 114
74 104
74 82
74 107
74 110
74 97
74 113
74 79
74 116
74 117
74 118
75 112
75 98
75 111
75 113
75 100
75 101
75 121
75 114
75 102
75 103
75 77
75 79
75 104
75 80
75 82
75 116
75 83
75 123
75 105
75 118
75 125
75 90
75 107
75 126
75 92
75 93
75 94
75 95
75 119
75 110
76 112
76 98
76 99
76 100
76 101
76 121
76 122
76 111
76 114
76 103
76 77
76 78
76 79
76 80
76 81
76 82
76 83
76 117
76 123
76 84
76 85
76 118
76 86
76 87
76 88
76 90
76 91
76 107
76 94
76 127
76 95
77 98
77 100
77 121
77 102
77 103
77 115
77 105
77 85
77 87
77 125
77 90
77 93
77 95
77 119
77 111
77 114
77 104
77 82
77 117
77 106
77 89
77 109
77 118
77 88
77 91
78 112
78 99
78 121
78 122
78 81
78 83
78 84
78 90
78 92
78 95
78 119
78 104
78 82
78 107
78 110
78 113
78 79
78 80
78 116
78 117
78 106
78 124
79 112
79 98
79 99
79 101
79 122
79 102
79 120
79 105
79 84
79 87
79 125
79 90
79 96
79 82
79 89
79 107
79 108
79 110
79 97
79 117
79 118
79 109
79 124
80 112
80 98
80 100
80 101
80 122
80 102
80 103
80 81
80 83
80 123
80 84
80 86
80 125
80 88
80 90
80 92
80 95
80 96
80 114
80 89
80 108
80 110
80 116
80 106
80 91
80 109
80 127
81 98
81 100
81 121
81 102
81 103
81 120
81 113
81 104
81 115
81 116
81 83
81 117
81 86
81 87
81 106
81 88
81 90
81 91
81 107
81 93
81 119
81 96
82 98
82 99
82 101
82 121
82 122
82 102
82 105
82 87
82 125
82 93
82 95
82 96
82 111
82 114
82 104
82 116
82 118
82 106
82 89
82 109
82 94
82 124
82 127
83 98
83 102
83 103
83 120
83 104
83 116
83 123
83 105
83 84
83 85
83 87
83 106
83 89
83 107
83 108
83 92
83 93
83 110
84 112
84 99
84 100
84 122
84 102
84 120
84 123
84 114
84 104
84 85
84 86
84 87
84 106
84 125
84 88
84 126
84 92
84 109
84 93
84 124
84 96
85 98
85 99
85 122
85 103
85 111
85 97
85 114
85 116
85 118
85 86
85 87
85 106
85 90
85 107
85 126
85 109
85 93
85 95
85 110
86 98
86 99
86 121
86 122
86 103
86 120
86 115
86 104
86 117
86 118
86 87
86 88
86 89
86 107
86 108
86 126
86 92
86 109
86 94
86 124
86 127
86 119
86 110
87 98
87 99
87 101
87 122
87 103
87 105
87 111
87 113
87 114
87 104
87 116
87 118
87 88
87 109
87 94
87 124
87 95
87 119
87 96
87 125
87 91
88 99
88 100
88 101
88 121
88 122
88 103
88 120
88 115
88 105
88 111
88 97
88 104
88 116
88 90
88 107
88 108
88 126
88 92
88 93
88 127
88 95
88 119
88 110
88 118
88 125
88 91
89 98
89 121
89 122
89 120
89 125
89 90
89 126
89 93
89 119
89 111
89 114
89 97
89 113
89 116
89 106
89 107
89 94
89 124
89 127
89 110
90 98
90 99
90 121
90 102
90 103
90 123
90 111
90 113
90 116
90 106
90 91
90 92
90 109
90 93
90 94
90 124
90 119
90 96
91 98
91 105
91 114
91 113
91 109
91 124
91 127
91 118
91 103
91 125
92 100
92 101
92 122
92 102
92 103
92 120
92 115
92 105
92 126
92 111
92 114
92 104
92 106
92 127
92 95
92 119
92 96
93 99
93 101
93 121
93 120
93 123
93 125
93 111
93 97
93 114
93 116
93 107
93 109
93 94
93 124
93 127
93 95
94 98
94 100
94 101
94 102
94 123
94 105
94 125
94 126
94 95
94 119
94 96
94 110
94 97
94 113
94 116
94 106
94 109
94 127
95 98
95 103
95 115
95 123
95 105
95 126
95 113
95 114
95 104
95 117
95 118
95 106
95 108
95 124
95 127
95 119
95 110
96 98
96 101
96 122
96 102
96 103
96 115
96 105
96 125
96 126
96 119
96 104
96 116
96 117
96 107
96 108
96 109
96 124
97 100
97 121
97 122
97 103
97 115
97 123
97 125
97 126
97 119
97 114
97 104
97 110
97 113
97 117
97 118
97 106
97 124
98 99
98 100
98 120
98 104
98 115
98 117
98 105
98 106
98 125
98 108
98 126
98 119
99 112
99 113
99 101
99 122
99 102
99 120
99 104
99 123
99 105
99 118
99 107
99 108
99 109
99 124
99 127
99 119
99 110
100 111
100 113
100 101
100 122
100 103
100 104
100 116
100 123
100 105
100 107
100 108
100 126
100 109
101 112
101 111
101 121
101 102
101 103
101 120
101 115
101 116
101 123
101 105
101 118
101 106
101 109
101 110
102 112
102 114
102 104
102 116
102 123
102 106
102 126
102 109
102 124
102 127
103 112
103 111
103 120
103 104
103 123
103 105
103 107
103 108
103 126
103 109
103 124
103 118
103 125
104 121
104 120
104 115
104 123
104 119
104 111
104 114
104 117
104 106
104 109
104 124
104 127
104 110
105 121
105 115
105 113
105 116
105 117
105 126
105 109
105 124
105 127
105 119
106 112
106 121
106 120
106 126
106 119
106 114
106 107
106 108
106 110
106 116
106 117
106 124
106 127
107 121
107 115
107 123
107 111
107 113
107 116
107 117
107 109
107 124
107 127
108 112
108 121
108 122
108 120
108 125
108 126
108 119
108 111
108 116
108 117
108 118
108 109
108 127
109 121
109 120
109 115
109 114
109 113
109 116
109 117
109 118
109 124
110 112
110 121
110 120
110 125
110 126
110 119
110 111
110 113
110 116
110 117
110 127
111 115
111 126
111 114
112 121
112 116
112 117
112 123
112 118
112 126
113 121
113 122
113 120
113 115
113 119
113 117
113 118
114 121
114 122
114 123
114 125
114 119
115 121
115 122
115 120
115 116
115 126
115 124
115 127
115 119
116 126
116 119
116 124
116 127
117 121
117 122
117 120
117 126
117 119
117 127
118 121
118 123
118 119
118 127
118 125
119 121
119 122
119 120
119 125
119 127
120 121
120 123
120 125
120 127
121 125
121 126
121 124
121 127
122 125
122 126
123 126
124 126
124 127
125 126
