0 1
0 2
0 3
0 4
0 5
0 6
0 7
0 8
0 9
0 10
0 11
0 12
0 13
0 14
0 15
0 16
0 17
0 18
0 19
0 20
0 21
0 22
0 23
0 24
0 25
0 26
0 27
0 28
0 29
0 30
0 31
0 32
0 33
0 34
0 35
0 36
0 38
0 39
0 40
0 41
0 42
0 43
0 44
0 45
0 46
0 47
0 48
0 49
0 50
0 51
0 52
0 53
0 54
0 55
0 56
0 57
0 58
0 59
0 60
0 61
0 62
0 63
0 64
0 65
0 66
0 68
0 69
0 70
1 2
1 71
1 72
1 5
1 73
1 6
1 9
1 10
1 11
1 74
1 12
1 15
1 75
1 76
1 18
1 77
1 19
1 78
1 79
1 21
1 80
1 23
1 81
1 27
1 31
1 82
1 83
1 84
1 85
1 40
1 86
1 87
1 41
1 88
1 43
1 46
1 47
1 89
1 90
1 48
1 51
1 56
1 57
1 91
1 92
1 59
1 93
1 94
1 60
1 61
1 62
1 63
1 64
1 95
1 66
1 67
1 69
1 96
1 70
2 97
2 98
2 73
2 99
2 9
2 10
2 74
2 13
2 100
2 101
2 75
2 102
2 76
2 16
2 17
2 103
2 21
2 80
2 23
2 81
2 26
2 27
2 30
2 31
2 82
2 104
2 105
2 33
2 35
2 106
2 36
2 39
2 40
2 86
2 87
2 41
2 42
2 107
2 45
2 46
2 89
2 48
2 108
2 109
2 52
2 53
2 110
2 54
2 56
2 91
2 111
2 59
2 94
2 60
2 61
2 62
2 95
2 69
3 112
3 4
3 113
3 72
3 114
3 73
3 99
3 7
3 8
3 10
3 11
3 74
3 13
3 14
3 15
3 101
3 75
3 76
3 16
3 17
3 78
3 79
3 21
3 22
3 81
3 26
3 116
3 27
3 29
3 30
3 31
3 83
3 104
3 117
3 84
3 85
3 34
3 118
3 36
3 119
3 39
3 86
3 87
3 107
3 43
3 120
3 45
3 48
3 50
3 51
3 53
3 54
3 55
3 57
3 91
3 111
3 121
3 59
3 60
3 61
3 62
3 65
3 66
3 67
3 69
3 96
4 97
4 98
4 114
4 73
4 99
4 10
4 11
4 74
4 122
4 14
4 102
4 76
4 16
4 115
4 17
4 18
4 77
4 103
4 20
4 22
4 80
4 23
4 123
4 81
4 116
4 27
4 28
4 124
4 82
4 83
4 104
4 32
4 105
4 117
4 85
4 34
4 106
4 37
4 119
4 40
4 88
4 107
4 120
4 44
4 89
4 90
4 50
4 109
4 52
4 110
4 55
4 56
4 57
4 58
4 111
4 121
4 125
4 62
4 63
4 64
4 65
4 96
5 97
5 98
5 113
5 114
5 73
5 6
5 7
5 8
5 9
5 10
5 11
5 74
5 13
5 122
5 101
5 75
5 102
5 16
5 17
5 77
5 19
5 79
5 20
5 22
5 24
5 123
5 81
5 27
5 28
5 124
5 30
5 31
5 82
5 83
5 32
5 105
5 33
5 34
5 35
5 36
5 37
5 119
5 38
5 86
5 46
5 90
5 48
5 50
5 51
5 109
5 52
5 53
5 110
5 54
5 56
5 91
5 92
5 121
5 93
5 94
5 63
5 126
5 66
5 68
5 69
5 70
6 97
6 113
6 73
6 11
6 13
6 75
6 115
6 19
6 78
6 80
6 24
6 123
6 81
6 116
6 28
6 124
6 31
6 105
6 117
6 85
6 38
6 40
6 87
6 88
6 107
6 46
6 47
6 89
6 90
6 49
6 108
6 52
6 57
6 91
6 92
6 59
6 125
6 63
6 64
6 68
6 69
6 96
6 7
6 62
6 120
6 37
6 102
6 66
6 26
6 18
6 112
6 67
6 84
7 97
7 112
7 113
7 99
7 74
7 122
7 100
7 15
7 75
7 102
7 76
7 16
7 115
7 18
7 19
7 78
7 103
7 20
7 22
7 25
7 81
7 116
7 31
7 33
7 117
7 35
7 36
7 37
7 119
7 38
7 40
7 87
7 42
7 120
7 44
7 45
7 47
7 89
7 90
7 48
7 49
7 50
7 108
7 53
7 110
7 54
7 56
7 57
7 91
7 121
7 93
7 94
7 62
7 63
7 64
7 95
7 65
7 66
7 68
7 69
7 96
7 70
7 26
7 67
7 84
8 112
8 98
8 71
8 113
8 72
8 114
8 99
8 11
8 74
8 12
8 100
8 15
8 101
8 102
8 76
8 16
8 17
8 18
8 77
8 79
8 21
8 24
8 123
8 28
8 29
8 124
8 30
8 31
8 83
8 33
8 34
8 35
8 36
8 119
8 87
8 42
8 107
8 43
8 120
8 44
8 45
8 47
8 89
8 49
8 50
8 108
8 109
8 52
8 53
8 110
8 56
8 92
8 111
8 125
8 62
8 63
8 126
8 95
8 65
8 66
8 68
9 97
9 112
9 113
9 114
9 10
9 74
9 12
9 122
9 14
9 100
9 15
9 17
9 18
9 127
9 19
9 79
9 103
9 21
9 22
9 24
9 25
9 81
9 26
9 116
9 28
9 29
9 124
9 30
9 32
9 117
9 84
9 85
9 34
9 35
9 106
9 36
9 119
9 38
9 39
9 86
9 42
9 45
9 46
9 47
9 89
9 90
9 48
9 49
9 50
9 108
9 51
9 52
9 53
9 110
9 54
9 57
9 91
9 92
9 59
9 125
9 94
9 60
9 63
9 66
9 67
9 69
9 96
10 112
10 98
10 72
10 114
10 99
10 74
10 14
10 102
10 76
10 16
10 17
10 18
10 19
10 78
10 103
10 20
10 21
10 22
10 80
10 23
10 24
10 25
10 123
10 81
10 29
10 124
10 30
10 82
10 83
10 104
10 32
10 105
10 117
10 84
10 85
10 118
10 106
10 36
10 119
10 86
10 88
10 45
10 46
10 90
10 48
10 108
10 51
10 52
10 110
10 55
10 57
10 111
10 121
10 125
10 93
10 61
10 65
10 68
10 96
11 97
11 112
11 98
11 113
11 114
11 73
11 99
11 13
11 122
11 14
11 101
11 76
11 16
11 77
11 127
11 19
11 79
11 103
11 21
11 22
11 23
11 25
11 123
11 81
11 26
11 116
11 27
11 28
11 30
11 31
11 82
11 104
11 105
11 33
11 85
11 118
11 35
11 106
11 119
11 38
11 39
11 87
11 42
11 88
11 107
11 43
11 120
11 44
11 45
11 89
11 90
11 48
11 109
11 110
11 56
11 91
11 92
11 121
11 93
11 94
11 60
11 61
11 62
11 126
11 95
11 65
11 67
11 68
11 70
12 112
12 71
12 72
12 99
12 122
12 75
12 102
12 16
12 18
12 79
12 22
12 80
12 23
12 24
12 25
12 123
12 26
12 116
12 27
12 29
12 82
12 33
12 117
12 84
12 118
12 35
12 106
12 36
12 40
12 86
12 87
12 42
12 107
12 46
12 47
12 90
12 48
12 108
12 51
12 109
12 110
12 54
12 91
12 92
12 121
12 59
12 93
12 94
12 62
12 95
12 66
12 69
13 97
13 98
13 113
13 114
13 99
13 74
13 122
13 14
13 115
13 77
13 127
13 19
13 103
13 80
13 123
13 26
13 116
13 27
13 28
13 29
13 30
13 104
13 32
13 33
13 117
13 85
13 35
13 106
13 36
13 119
13 38
13 39
13 41
13 107
13 43
13 120
13 45
13 46
13 47
13 89
13 90
13 49
13 50
13 51
13 52
13 110
13 54
13 56
13 125
13 61
13 63
13 64
13 95
13 68
13 69
14 114
14 73
14 99
14 74
14 100
14 15
14 75
14 102
14 76
14 16
14 17
14 127
14 19
14 78
14 79
14 103
14 80
14 23
14 24
14 123
14 124
14 30
14 31
14 82
14 83
14 84
14 34
14 118
14 106
14 36
14 39
14 40
14 41
14 42
14 107
14 43
14 46
14 89
14 48
14 50
14 51
14 109
14 52
14 56
14 58
14 111
14 121
14 61
14 62
14 63
14 64
14 65
14 66
14 96
14 70
15 97
15 98
15 71
15 113
15 114
15 73
15 99
15 101
15 75
15 102
15 76
15 16
15 115
15 17
15 18
15 77
15 78
15 103
15 22
15 80
15 23
15 25
15 26
15 116
15 124
15 30
15 83
15 104
15 32
15 105
15 33
15 36
15 37
15 119
15 40
15 86
15 87
15 43
15 120
15 47
15 89
15 49
15 50
15 108
15 51
15 109
15 52
15 110
15 92
15 111
15 59
15 125
15 94
15 61
15 62
15 95
15 66
15 68
15 96
16 112
16 98
16 71
16 114
16 73
16 99
16 122
16 115
16 77
16 127
16 19
16 103
16 21
16 22
16 80
16 23
16 24
16 116
16 124
16 30
16 82
16 104
16 32
16 105
16 36
16 119
16 38
16 40
16 41
16 107
16 47
16 89
16 50
16 51
16 109
16 53
16 110
16 54
16 55
16 57
16 92
16 121
16 59
16 94
16 60
16 61
16 62
16 126
16 95
16 65
16 66
16 67
16 70
17 112
17 98
17 71
17 113
17 72
17 99
17 100
17 101
17 75
17 102
17 77
17 127
17 19
17 78
17 79
17 103
17 20
17 81
17 26
17 27
17 124
17 30
17 31
17 83
17 104
17 32
17 105
17 33
17 117
17 34
17 118
17 106
17 36
17 37
17 38
17 39
17 86
17 87
17 41
17 88
17 107
17 120
17 46
17 47
17 50
17 108
17 109
17 52
17 53
17 110
17 55
17 91
17 92
17 121
17 93
17 94
17 60
17 63
17 64
17 126
17 95
17 65
17 66
17 69
18 113
18 72
18 114
18 73
18 99
18 74
18 101
18 115
18 127
18 79
18 23
18 24
18 123
18 26
18 116
18 28
18 29
18 30
18 82
18 83
18 84
18 34
18 35
18 36
18 38
18 40
18 86
18 41
18 120
18 44
18 46
18 49
18 50
18 108
18 51
18 109
18 52
18 110
18 121
18 59
18 94
18 60
18 63
18 64
18 95
18 65
18 96
18 70
18 57
18 62
18 75
18 117
18 90
18 68
18 31
18 37
18 102
18 66
18 112
18 67
19 97
19 112
19 98
19 72
19 114
19 73
19 99
19 74
19 76
19 115
19 80
19 24
19 123
19 26
19 116
19 29
19 31
19 104
19 32
19 35
19 37
19 41
19 88
19 107
19 43
19 120
19 46
19 47
19 89
19 48
19 50
19 51
19 58
19 111
19 121
19 59
19 125
19 63
19 126
19 95
19 65
19 68
19 69
19 96
19 70
20 97
20 98
20 72
20 99
20 122
20 100
20 101
20 75
20 21
20 80
20 24
20 25
20 123
20 81
20 116
20 27
20 82
20 83
20 105
20 33
20 117
20 84
20 85
20 35
20 36
20 37
20 119
20 38
20 39
20 87
20 42
20 88
20 107
20 120
20 50
20 108
20 51
20 110
20 54
20 57
20 91
20 92
20 111
20 59
20 125
20 93
20 62
20 95
20 65
20 69
20 96
20 70
21 112
21 98
21 71
21 113
21 72
21 114
21 99
21 74
21 122
21 100
21 76
21 77
21 127
21 78
21 22
21 80
21 24
21 25
21 81
21 28
21 29
21 30
21 83
21 104
21 105
21 117
21 84
21 34
21 118
21 106
21 36
21 87
21 41
21 88
21 107
21 43
21 120
21 89
21 90
21 108
21 52
21 110
21 55
21 56
21 111
21 59
21 93
21 61
21 62
21 64
21 67
21 69
21 96
22 98
22 72
22 99
22 74
22 122
22 101
22 75
22 102
22 115
22 127
22 78
22 103
22 24
22 25
22 123
22 81
22 116
22 28
22 82
22 32
22 117
22 118
22 36
22 119
22 38
22 86
22 42
22 88
22 107
22 43
22 120
22 44
22 89
22 48
22 50
22 110
22 54
22 56
22 92
22 58
22 111
22 121
22 59
22 93
22 60
22 63
22 64
22 67
22 68
22 69
22 96
22 70
23 113
23 72
23 114
23 75
23 102
23 79
23 103
23 80
23 24
23 25
23 123
23 81
23 26
23 116
23 31
23 83
23 104
23 32
23 105
23 33
23 117
23 84
23 35
23 106
23 36
23 40
23 86
23 41
23 42
23 107
23 120
23 44
23 46
23 47
23 48
23 49
23 52
23 54
23 55
23 92
23 111
23 59
23 125
23 93
23 60
23 61
23 62
23 63
23 126
23 95
23 68
23 96
23 70
24 98
24 113
24 73
24 74
24 122
24 100
24 101
24 115
24 77
24 127
24 78
24 79
24 103
24 25
24 123
24 116
24 27
24 29
24 30
24 83
24 104
24 105
24 117
24 84
24 118
24 106
24 37
24 38
24 107
24 44
24 45
24 46
24 47
24 49
24 50
24 51
24 52
24 110
24 54
24 91
24 58
24 59
24 125
24 93
24 60
24 62
24 63
24 64
24 126
24 65
24 67
24 96
24 70
25 97
25 112
25 98
25 71
25 100
25 75
25 102
25 77
25 78
25 80
25 81
25 116
25 27
25 29
25 124
25 30
25 32
25 84
25 85
25 34
25 118
25 35
25 36
25 37
25 119
25 39
25 42
25 43
25 44
25 45
25 46
25 47
25 89
25 48
25 50
25 51
25 52
25 110
25 56
25 57
25 91
25 59
25 94
25 64
25 67
25 68
25 69
25 96
26 97
26 112
26 72
26 114
26 99
26 74
26 100
26 101
26 77
26 78
26 79
26 103
26 80
26 123
26 116
26 28
26 29
26 124
26 30
26 117
26 84
26 118
26 40
26 41
26 42
26 88
26 120
26 46
26 89
26 49
26 52
26 53
26 57
26 91
26 92
26 111
26 121
26 63
26 64
26 66
26 67
26 68
26 69
26 70
26 62
26 38
26 75
26 90
26 31
26 37
26 102
26 115
27 112
27 71
27 113
27 72
27 114
27 75
27 127
27 78
27 80
27 116
27 28
27 30
27 31
27 104
27 32
27 105
27 34
27 35
27 106
27 119
27 38
27 40
27 86
27 87
27 88
27 107
27 43
27 44
27 46
27 47
27 108
27 51
27 109
27 57
27 91
27 121
27 125
27 60
27 64
27 95
27 66
27 68
27 96
28 97
28 98
28 71
28 72
28 99
28 101
28 75
28 76
28 79
28 124
28 30
28 31
28 82
28 83
28 32
28 33
28 117
28 84
28 85
28 118
28 35
28 106
28 36
28 37
28 39
28 40
28 86
28 43
28 45
28 47
28 49
28 50
28 108
28 109
28 52
28 53
28 54
28 56
28 57
28 91
28 111
28 125
28 93
28 60
28 61
28 62
28 126
28 66
29 97
29 112
29 71
29 72
29 73
29 74
29 122
29 100
29 101
29 75
29 76
29 115
29 77
29 127
29 79
29 80
29 123
29 116
29 124
29 31
29 104
29 32
29 34
29 35
29 39
29 87
29 41
29 88
29 43
29 46
29 47
29 50
29 108
29 51
29 109
29 52
29 53
29 54
29 55
29 57
29 58
29 121
29 59
29 125
29 93
29 94
29 65
29 66
29 67
29 69
29 70
30 112
30 98
30 71
30 113
30 99
30 122
30 100
30 101
30 102
30 76
30 115
30 77
30 80
30 116
30 124
30 31
30 104
30 85
30 36
30 119
30 38
30 40
30 86
30 42
30 88
30 107
30 120
30 46
30 89
30 49
30 53
30 110
30 54
30 55
30 91
30 92
30 61
30 66
30 68
30 96
31 97
31 113
31 114
31 74
31 122
31 100
31 75
31 127
31 78
31 80
31 116
31 82
31 83
31 104
31 33
31 117
31 84
31 85
31 34
31 35
31 36
31 37
31 38
31 41
31 107
31 120
31 46
31 47
31 90
31 48
31 49
31 108
31 51
31 52
31 54
31 55
31 56
31 57
31 92
31 111
31 121
31 62
31 63
31 64
31 68
31 96
31 102
31 66
31 112
31 115
31 67
32 98
32 71
32 72
32 114
32 100
32 101
32 102
32 115
32 77
32 127
32 79
32 103
32 80
32 123
32 116
32 117
32 85
32 118
32 106
32 36
32 37
32 119
32 39
32 86
32 87
32 88
32 107
32 120
32 44
32 46
32 47
32 89
32 90
32 49
32 50
32 53
32 110
32 54
32 56
32 57
32 92
32 111
32 121
32 59
32 125
32 94
32 64
32 126
32 65
32 67
32 96
33 71
33 72
33 73
33 99
33 74
33 122
33 100
33 102
33 78
33 103
33 80
33 116
33 82
33 83
33 105
33 39
33 86
33 87
33 42
33 44
33 45
33 90
33 49
33 51
33 109
33 110
33 54
33 56
33 91
33 111
33 59
33 125
33 94
33 63
33 126
33 95
33 65
33 69
34 97
34 113
34 73
34 99
34 122
34 101
34 102
34 127
34 78
34 103
34 123
34 116
34 124
34 82
34 83
34 105
34 84
34 85
34 118
34 35
34 106
34 37
34 119
34 40
34 86
34 87
34 41
34 44
34 45
34 46
34 47
34 108
34 51
34 110
34 54
34 55
34 92
34 58
34 93
34 94
34 61
34 63
34 64
34 126
34 65
34 67
34 70
35 98
35 113
35 114
35 73
35 99
35 100
35 75
35 102
35 115
35 78
35 80
35 123
35 124
35 106
35 36
35 38
35 39
35 40
35 87
35 42
35 88
35 45
35 46
35 90
35 48
35 49
35 108
35 51
35 109
35 53
35 54
35 55
35 56
35 92
35 111
35 121
35 94
35 61
35 63
35 126
35 95
35 67
35 96
35 70
36 97
36 98
36 113
36 72
36 73
36 99
36 74
36 100
36 101
36 75
36 77
36 78
36 79
36 123
36 81
36 124
36 82
36 83
36 105
36 117
36 118
36 106
36 119
36 38
36 39
36 40
36 87
36 41
36 42
36 88
36 120
36 45
36 89
36 90
36 48
36 49
36 50
36 109
36 110
36 55
36 56
36 91
36 92
36 58
36 111
36 93
36 94
36 61
36 63
36 64
36 95
36 65
36 66
36 67
36 68
36 70
37 97
37 98
37 113
37 72
37 114
37 122
37 102
37 127
37 78
37 79
37 103
37 123
37 81
37 116
37 124
37 82
37 104
37 105
37 117
37 85
37 118
37 38
37 39
37 40
37 86
37 43
37 44
37 46
37 48
37 49
37 108
37 109
37 53
37 55
37 57
37 92
37 58
37 121
37 59
37 94
37 60
37 63
37 95
37 65
37 66
37 68
37 69
37 62
37 75
37 90
37 120
37 112
37 115
37 67
37 84
38 98
38 73
38 99
38 74
38 101
38 75
38 102
38 115
38 80
38 123
38 81
38 116
38 124
38 83
38 105
38 117
38 84
38 118
38 40
38 86
38 87
38 107
38 120
38 47
38 89
38 90
38 48
38 51
38 109
38 53
38 110
38 54
38 55
38 56
38 57
38 58
38 111
38 121
38 59
38 125
38 94
38 61
38 62
38 95
38 67
38 68
38 66
38 112
39 97
39 113
39 100
39 115
39 77
39 103
39 80
39 123
39 116
39 82
39 83
39 104
39 85
39 86
39 87
39 42
39 107
39 43
39 45
39 90
39 48
39 49
39 50
39 51
39 110
39 55
39 59
39 125
39 93
39 94
39 60
39 64
39 126
39 68
39 69
39 96
40 98
40 71
40 74
40 122
40 76
40 78
40 79
40 103
40 80
40 116
40 82
40 83
40 105
40 117
40 106
40 119
40 87
40 41
40 88
40 107
40 44
40 90
40 48
40 49
40 50
40 108
40 51
40 110
40 54
40 55
40 91
40 58
40 59
40 93
40 60
40 62
40 63
40 126
40 95
40 65
40 66
41 97
41 98
41 71
41 114
41 99
41 74
41 101
41 75
41 127
41 78
41 80
41 82
41 117
41 84
41 118
41 106
41 86
41 107
41 120
41 45
41 46
41 89
41 90
41 48
41 50
41 108
41 51
41 109
41 52
41 53
41 91
41 92
41 111
41 59
41 93
41 61
41 62
41 126
41 95
41 67
41 69
41 70
42 97
42 98
42 71
42 114
42 99
42 75
42 102
42 76
42 115
42 127
42 78
42 116
42 104
42 105
42 84
42 119
42 87
42 107
42 45
42 46
42 89
42 90
42 50
42 108
42 51
42 52
42 121
42 59
42 125
42 93
42 94
42 60
42 63
42 64
42 65
42 69
42 96
42 70
43 71
43 74
43 100
43 75
43 115
43 77
43 127
43 78
43 80
43 81
43 116
43 124
43 105
43 117
43 84
43 106
43 119
43 86
43 87
43 88
43 120
43 44
43 90
43 49
43 50
43 53
43 54
43 92
43 58
43 59
43 125
43 93
43 60
43 63
43 64
43 65
43 67
43 70
44 97
44 113
44 72
44 114
44 73
44 74
44 122
44 76
44 115
44 77
44 127
44 78
44 79
44 116
44 124
44 82
44 104
44 105
44 117
44 84
44 87
44 88
44 107
44 45
44 46
44 89
44 49
44 50
44 108
44 51
44 53
44 55
44 56
44 92
44 111
44 94
44 65
44 66
44 67
44 68
44 69
44 70
45 97
45 112
45 71
45 113
45 72
45 73
45 99
45 100
45 101
45 75
45 115
45 78
45 80
45 81
45 83
45 105
45 88
45 107
45 47
45 48
45 108
45 51
45 52
45 54
45 56
45 92
45 121
45 59
45 61
45 62
45 63
45 64
45 95
45 66
45 67
45 68
45 69
45 96
45 70
46 97
46 112
46 74
46 102
46 77
46 80
46 104
46 105
46 117
46 85
46 106
46 86
46 107
46 120
46 89
46 90
46 48
46 49
46 50
46 53
46 56
46 57
46 91
46 92
46 111
46 121
46 125
46 93
46 94
46 60
46 61
46 64
46 95
46 65
46 67
46 68
47 71
47 113
47 72
47 114
47 73
47 99
47 100
47 102
47 127
47 79
47 103
47 80
47 82
47 105
47 117
47 84
47 85
47 118
47 106
47 119
47 86
47 87
47 88
47 89
47 90
47 48
47 49
47 50
47 51
47 52
47 53
47 110
47 54
47 55
47 56
47 92
47 58
47 111
47 121
47 59
47 125
47 61
47 62
47 63
47 64
47 126
47 95
47 96
47 70
48 97
48 98
48 71
48 73
48 99
48 122
48 100
48 102
48 115
48 77
48 127
48 78
48 79
48 103
48 80
48 123
48 81
48 116
48 124
48 82
48 83
48 104
48 85
48 118
48 106
48 119
48 86
48 87
48 107
48 120
48 89
48 49
48 50
48 52
48 110
48 54
48 56
48 125
48 94
48 60
48 61
48 126
48 66
48 67
48 68
48 69
48 96
48 70
49 112
49 71
49 72
49 114
49 99
49 74
49 100
49 101
49 102
49 115
49 77
49 78
49 80
49 116
49 82
49 104
49 105
49 85
49 118
49 106
49 119
49 87
49 88
49 107
49 90
49 108
49 52
49 53
49 110
49 91
49 92
49 111
49 125
49 60
49 61
49 63
49 64
49 126
49 95
49 65
49 66
49 68
49 96
49 70
50 97
50 112
50 72
50 73
50 99
50 74
50 100
50 101
50 75
50 102
50 80
50 123
50 81
50 116
50 124
50 83
50 105
50 84
50 85
50 118
50 106
50 87
50 88
50 89
50 108
50 51
50 54
50 57
50 91
50 121
50 59
50 125
50 60
50 61
50 63
50 68
50 69
50 96
51 97
51 112
51 71
51 114
51 73
51 99
51 74
51 100
51 101
51 102
51 76
51 115
51 79
51 103
51 81
51 124
51 104
51 84
51 85
51 118
51 106
51 119
51 88
51 107
51 120
51 89
51 90
51 109
51 52
51 53
51 54
51 91
51 58
51 94
51 61
51 62
51 126
51 95
51 67
51 69
51 96
51 70
52 71
52 113
52 114
52 99
52 74
52 122
52 100
52 75
52 102
52 115
52 77
52 127
52 78
52 103
52 123
52 81
52 116
52 104
52 105
52 117
52 84
52 85
52 118
52 106
52 119
52 86
52 87
52 88
52 89
52 108
52 53
52 54
52 55
52 91
52 111
52 125
52 93
52 94
52 61
52 62
52 95
52 68
52 69
52 96
53 97
53 112
53 72
53 114
53 122
53 101
53 75
53 102
53 77
53 78
53 79
53 123
53 81
53 116
53 82
53 104
53 85
53 87
53 88
53 107
53 120
53 89
53 108
53 54
53 55
53 57
53 58
53 59
53 94
53 61
53 62
53 63
53 126
53 65
53 66
53 68
53 96
53 70
54 98
54 71
54 113
54 72
54 73
54 99
54 76
54 78
54 79
54 123
54 81
54 124
54 117
54 118
54 119
54 86
54 107
54 90
54 108
54 109
54 110
54 56
54 57
54 92
54 111
54 59
54 125
54 93
54 94
54 60
54 61
54 126
54 95
54 66
54 96
55 97
55 99
55 100
55 102
55 76
55 115
55 77
55 78
55 103
55 80
55 123
55 116
55 124
55 83
55 104
55 105
55 117
55 118
55 106
55 119
55 87
55 107
55 120
55 89
55 90
55 108
55 109
55 110
55 58
55 59
55 94
55 61
55 126
55 95
55 68
56 97
56 98
56 71
56 114
56 73
56 99
56 100
56 101
56 115
56 79
56 123
56 116
56 124
56 82
56 105
56 117
56 85
56 106
56 120
56 90
56 109
56 57
56 91
56 58
56 121
56 59
56 125
56 63
56 95
56 65
56 67
56 68
56 69
56 96
57 112
57 98
57 71
57 73
57 74
57 101
57 75
57 102
57 76
57 79
57 80
57 123
57 81
57 124
57 82
57 104
57 105
57 117
57 85
57 119
57 120
57 89
57 90
57 91
57 92
57 58
57 111
57 121
57 59
57 125
57 93
57 94
57 60
57 62
57 66
57 67
57 68
57 69
57 115
57 84
58 97
58 71
58 74
58 75
58 77
58 103
58 80
58 81
58 116
58 124
58 82
58 104
58 106
58 119
58 89
58 90
58 109
58 111
58 121
58 125
58 94
58 60
58 61
58 62
58 65
58 66
58 67
58 96
58 70
59 112
59 71
59 113
59 72
59 114
59 73
59 74
59 122
59 102
59 76
59 115
59 77
59 127
59 123
59 81
59 116
59 124
59 82
59 104
59 105
59 118
59 106
59 119
59 87
59 88
59 107
59 89
59 90
59 110
59 91
59 92
59 125
59 93
59 60
59 126
59 95
59 67
60 97
60 98
60 113
60 72
60 73
60 74
60 122
60 100
60 101
60 77
60 79
60 103
60 80
60 123
60 81
60 124
60 83
60 104
60 117
60 84
60 119
60 86
60 88
60 107
60 90
60 108
60 109
60 92
60 111
60 121
60 125
60 94
60 61
60 63
60 64
60 65
60 68
60 69
60 96
60 70
61 112
61 98
61 71
61 72
61 74
61 100
61 101
61 76
61 77
61 78
61 103
61 123
61 82
61 83
61 104
61 105
61 117
61 106
61 88
61 107
61 120
61 108
61 109
61 92
61 121
61 125
61 93
61 62
61 63
61 64
61 65
61 69
61 70
62 113
62 72
62 73
62 99
62 74
62 75
62 102
62 76
62 115
62 127
62 103
62 80
62 123
62 116
62 117
62 84
62 85
62 106
62 119
62 87
62 88
62 107
62 120
62 89
62 90
62 108
62 110
62 121
62 93
62 94
62 63
62 126
62 95
62 66
62 67
62 68
62 70
62 112
63 98
63 71
63 113
63 114
63 75
63 115
63 79
63 80
63 124
63 82
63 83
63 87
63 88
63 107
63 108
63 109
63 110
63 91
63 111
63 125
63 93
63 94
63 64
63 126
63 68
63 70
64 112
64 72
64 114
64 73
64 99
64 100
64 101
64 76
64 127
64 78
64 79
64 103
64 80
64 123
64 124
64 105
64 106
64 87
64 107
64 120
64 89
64 91
64 121
64 93
64 65
64 66
64 68
64 96
65 97
65 98
65 71
65 113
65 72
65 114
65 73
65 74
65 76
65 115
65 77
65 78
65 80
65 81
65 116
65 82
65 105
65 117
65 84
65 85
65 118
65 87
65 88
65 90
65 108
65 109
65 110
65 91
65 92
65 111
65 121
65 93
65 94
65 67
65 70
66 112
66 98
66 99
66 74
66 122
66 101
66 76
66 79
66 103
66 123
66 116
66 105
66 84
66 85
66 118
66 106
66 119
66 86
66 107
66 120
66 90
66 109
66 92
66 95
66 67
66 69
66 75
66 117
66 68
66 102
66 115
67 112
67 78
67 124
67 82
67 83
67 104
67 117
67 84
67 85
67 106
67 86
67 87
67 107
67 120
67 89
67 111
67 94
67 95
67 96
67 70
67 75
67 90
67 68
67 102
67 115
68 97
68 112
68 114
68 73
68 99
68 122
68 101
68 75
68 76
68 77
68 79
68 103
68 104
68 105
68 117
68 85
68 119
68 86
68 120
68 89
68 90
68 109
68 110
68 111
68 125
68 93
68 94
68 69
68 70
68 102
68 115
68 84
69 97
69 98
69 99
69 101
69 115
69 127
69 78
69 79
69 123
69 81
69 116
69 124
69 82
69 83
69 104
69 105
69 117
69 85
69 118
69 106
69 87
69 88
69 120
69 108
69 109
69 92
69 94
69 96
69 70
70 98
70 71
70 113
70 74
70 101
70 75
70 127
70 78
70 79
70 103
70 80
70 123
70 81
70 83
70 84
70 85
70 106
70 107
70 90
70 108
70 110
70 91
70 111
70 121
70 125
70 126
70 95
70 96
71 98
71 113
71 73
71 74
71 122
71 75
71 102
71 76
71 103
71 80
71 123
71 116
71 104
71 117
71 106
71 88
71 107
71 120
71 89
71 108
71 109
71 110
71 91
71 92
72 112
72 98
72 99
72 122
72 100
72 101
72 75
72 102
72 76
72 115
72 77
72 127
72 78
72 80
72 81
72 83
72 85
72 86
72 87
72 88
72 107
72 120
72 89
72 90
72 108
72 109
72 110
72 92
72 111
72 125
72 94
72 96
73 97
73 112
73 113
73 99
73 74
73 100
73 101
73 75
73 77
73 78
73 79
73 103
73 80
73 116
73 124
73 104
73 105
73 85
73 106
73 87
73 88
73 107
73 108
73 109
73 111
73 93
73 126
74 97
74 114
74 99
74 100
74 101
74 75
74 115
74 77
74 78
74 79
74 80
74 116
74 82
74 117
74 118
74 106
74 86
74 87
74 88
74 107
74 90
74 91
74 111
74 125
74 93
74 95
75 112
75 99
75 100
75 102
75 76
75 77
75 78
75 80
75 123
75 81
75 117
75 119
75 86
75 87
75 88
75 120
75 90
75 121
75 125
75 94
75 95
75 115
75 84
76 97
76 114
76 100
76 77
76 127
76 79
76 103
76 80
76 81
76 124
76 82
76 104
76 117
76 84
76 85
76 86
76 88
76 89
76 90
76 91
76 121
76 125
76 93
76 94
76 126
77 112
77 101
77 102
77 115
77 78
77 81
77 124
77 83
77 105
77 84
77 107
77 120
77 89
77 108
77 91
77 121
77 95
78 98
78 113
78 100
78 101
78 102
78 80
78 124
78 82
78 117
78 84
78 85
78 106
78 87
78 88
78 120
78 89
78 108
78 109
78 110
78 91
78 121
79 98
79 113
79 114
79 99
79 100
79 115
79 127
79 103
79 80
79 81
79 116
79 82
79 83
79 117
79 119
79 87
79 107
79 120
79 90
79 108
79 109
79 110
79 111
79 121
79 125
79 126
80 97
80 98
80 113
80 100
80 101
80 115
80 127
80 103
80 81
80 83
80 84
80 118
80 86
80 88
80 107
80 120
80 91
80 111
80 121
80 125
80 94
80 126
80 95
81 97
81 112
81 113
81 99
81 122
81 101
81 102
81 115
81 127
81 103
81 123
81 83
81 84
81 85
81 118
81 88
81 120
81 90
81 108
81 109
81 92
81 121
81 125
81 94
81 126
82 97
82 98
82 114
82 99
82 102
82 115
82 123
82 116
82 83
82 105
82 117
82 86
82 87
82 120
82 110
82 91
82 111
82 125
82 93
82 94
82 95
83 97
83 98
83 99
83 100
83 102
83 115
83 103
83 116
83 124
83 104
83 105
83 84
83 85
83 119
83 86
83 87
83 107
83 110
83 94
83 126
83 95
84 112
84 113
84 122
84 101
84 123
84 116
84 105
84 85
84 86
84 87
84 90
84 109
84 111
84 93
84 126
84 95
84 96
84 117
84 120
84 102
84 115
85 97
85 100
85 102
85 115
85 127
85 103
85 123
85 116
85 105
85 117
85 119
85 87
85 88
85 120
85 89
85 90
85 108
85 109
85 110
85 91
85 92
85 111
85 121
85 125
85 93
85 96
86 98
86 113
86 99
86 122
86 100
86 115
86 127
86 116
86 124
86 104
86 117
86 107
86 120
86 109
86 91
86 125
86 93
86 94
86 126
86 95
86 96
87 97
87 99
87 100
87 101
87 127
87 123
87 104
87 118
87 106
87 119
87 88
87 120
87 89
87 109
87 111
87 93
88 112
88 98
88 113
88 99
88 127
88 103
88 116
88 124
88 105
88 117
88 118
88 119
88 107
88 89
88 90
88 109
88 91
88 92
88 111
88 121
88 93
88 95
88 96
89 97
89 114
89 122
89 101
89 115
89 127
89 116
89 104
89 105
89 117
89 106
89 120
89 90
89 91
89 92
89 111
89 121
89 93
89 94
90 112
90 99
90 100
90 102
90 103
90 116
90 105
90 117
90 106
90 107
90 120
90 108
90 109
90 110
90 91
90 92
90 111
90 125
90 94
90 96
90 115
91 97
91 113
91 114
91 99
91 122
91 101
91 103
91 123
91 124
91 117
91 106
91 107
91 110
91 92
91 126
91 95
91 96
92 97
92 112
92 113
92 101
92 127
92 103
92 116
92 124
92 118
92 106
92 119
92 108
92 110
92 111
92 93
92 96
93 97
93 112
93 113
93 99
93 122
93 102
93 115
93 127
93 124
93 104
93 118
93 106
93 119
93 107
93 120
93 111
93 121
93 125
93 126
93 96
94 97
94 98
94 113
94 114
94 122
94 115
94 123
94 116
94 104
94 105
94 117
94 118
94 106
94 119
94 110
94 111
94 125
94 95
94 96
95 98
95 113
95 114
95 122
95 100
95 102
95 115
95 127
95 103
95 116
95 124
95 104
95 105
95 118
95 106
95 107
95 120
95 110
95 111
95 125
95 96
96 112
96 98
96 113
96 114
96 122
96 100
96 115
96 103
96 123
96 105
96 107
96 109
96 125
96 126
97 112
97 98
97 113
97 99
97 122
97 101
97 102
97 115
97 127
97 103
97 123
97 124
97 104
97 105
97 118
97 106
97 119
97 108
97 109
97 110
97 121
97 125
97 126
98 112
98 113
98 114
98 99
98 101
98 115
98 127
98 103
98 123
98 116
98 124
98 105
98 117
98 118
98 119
98 109
98 111
98 121
98 125
98 126
99 112
99 114
99 122
99 100
99 101
99 127
99 103
99 104
99 117
99 106
99 119
99 107
99 120
99 108
99 111
99 125
99 126
100 101
100 127
100 123
100 124
100 104
100 105
100 119
100 108
100 109
100 110
100 111
100 121
101 112
101 114
101 122
101 127
101 103
101 123
101 104
101 117
101 106
101 119
101 110
101 111
101 126
102 113
102 114
102 122
102 115
102 127
102 103
102 116
102 124
102 104
102 119
102 107
102 120
102 108
102 110
102 121
102 126
102 117
102 112
103 115
103 116
103 105
103 117
103 106
103 107
103 121
103 126
104 122
104 123
104 116
104 105
104 118
104 106
104 119
104 107
104 120
104 109
104 110
104 121
104 125
105 113
105 114
105 122
105 115
105 123
105 116
105 118
105 119
105 120
105 110
105 121
106 113
106 122
106 115
106 116
106 124
106 117
106 118
106 119
106 111
106 121
106 126
107 114
107 115
107 127
107 124
107 118
107 108
107 109
107 121
107 125
108 114
108 127
108 123
108 124
108 118
108 110
108 111
108 125
108 126
109 112
109 114
109 127
109 123
109 116
109 120
109 110
109 111
109 121
109 126
110 113
110 116
110 124
110 118
110 111
110 121
111 112
111 113
111 114
111 122
111 115
111 119
111 121
111 125
112 113
112 122
112 127
112 124
112 119
112 120
112 126
112 117
112 115
113 122
113 115
113 127
113 117
113 119
113 120
113 121
113 125
114 118
114 120
114 121
114 126
115 122
115 116
115 124
115 120
115 121
115 125
115 117
116 122
116 127
116 123
116 124
116 117
116 120
116 125
116 126
117 122
117 124
117 119
117 120
117 121
118 122
118 123
118 124
118 119
118 121
118 126
119 124
119 121
119 126
120 122
120 123
120 124
120 125
120 126
121 122
121 127
122 127
122 123
122 125
122 126
123 127
123 125
123 126
124 127
124 125
125 127
125 126
126 127
