0 1
0 2
0 3
0 4
0 5
0 6
0 7
0 8
0 9
0 10
0 11
0 12
0 13
0 14
0 15
0 16
0 17
0 18
0 19
0 20
0 21
0 22
0 23
0 24
0 25
0 26
0 27
0 28
0 29
0 30
0 31
0 32
0 33
0 34
0 35
0 36
0 37
0 38
0 39
0 40
0 41
0 42
0 43
0 44
0 45
0 46
0 47
0 48
0 49
0 50
0 51
0 52
0 53
0 54
0 55
0 56
0 57
0 58
0 59
0 60
0 61
0 62
0 63
0 64
0 65
0 66
1 2
1 67
1 68
1 6
1 7
1 69
1 10
1 12
1 14
1 70
1 15
1 16
1 71
1 72
1 17
1 73
1 74
1 75
1 20
1 22
1 76
1 23
1 24
1 25
1 26
1 30
1 77
1 31
1 32
1 33
1 78
1 34
1 35
1 79
1 80
1 81
1 82
1 38
1 39
1 83
1 84
1 42
1 85
1 86
1 47
1 87
1 49
1 88
1 50
1 89
1 90
1 52
1 53
1 91
1 54
1 56
1 92
1 62
1 93
1 94
1 95
1 96
1 63
1 97
1 64
1 98
1 65
1 66
2 99
2 5
2 6
2 69
2 100
2 12
2 13
2 14
2 70
2 15
2 72
2 17
2 73
2 18
2 74
2 75
2 101
2 102
2 24
2 103
2 25
2 27
2 28
2 29
2 104
2 30
2 105
2 31
2 32
2 33
2 106
2 35
2 79
2 80
2 107
2 108
2 83
2 40
2 109
2 110
2 43
2 44
2 85
2 86
2 46
2 47
2 87
2 49
2 111
2 91
2 54
2 55
2 112
2 113
2 56
2 114
2 60
2 62
2 93
2 115
2 95
2 97
2 66
3 99
3 67
3 4
3 68
3 6
3 8
3 69
3 10
3 11
3 13
3 14
3 70
3 15
3 72
3 73
3 18
3 74
3 116
3 21
3 22
3 23
3 24
3 25
3 26
3 28
3 117
3 30
3 105
3 31
3 33
3 78
3 34
3 35
3 79
3 80
3 81
3 36
3 37
3 82
3 107
3 38
3 39
3 83
3 40
3 109
3 118
3 42
3 85
3 119
3 87
3 120
3 88
3 50
3 111
3 51
3 90
3 56
3 114
3 92
3 58
3 59
3 62
3 94
3 115
3 95
3 97
3 64
3 65
3 66
4 6
4 7
4 100
4 9
4 10
4 13
4 14
4 70
4 15
4 71
4 72
4 73
4 18
4 19
4 20
4 21
4 102
4 76
4 23
4 27
4 104
4 77
4 122
4 31
4 106
4 35
4 79
4 80
4 36
4 123
4 107
4 39
4 83
4 40
4 118
4 42
4 45
4 86
4 46
4 47
4 87
4 49
4 120
4 50
4 124
4 90
4 125
4 56
4 114
4 57
4 92
4 121
4 59
4 60
4 115
4 95
4 96
4 63
4 97
4 64
4 98
4 126
4 65
4 66
5 68
5 7
5 8
5 69
5 100
5 11
5 12
5 13
5 15
5 16
5 72
5 74
5 20
5 22
5 102
5 76
5 24
5 25
5 26
5 27
5 29
5 104
5 117
5 105
5 122
5 31
5 32
5 79
5 80
5 37
5 123
5 40
5 118
5 41
5 42
5 85
5 86
5 119
5 87
5 48
5 50
5 111
5 51
5 90
5 52
5 125
5 91
5 112
5 56
5 114
5 92
5 121
5 59
5 61
5 93
5 115
5 96
5 63
5 64
5 126
5 65
6 7
6 69
6 11
6 13
6 70
6 15
6 73
6 18
6 74
6 20
6 101
6 102
6 76
6 23
6 25
6 26
6 117
6 77
6 106
6 80
6 127
6 123
6 82
6 38
6 39
6 83
6 109
6 118
6 44
6 45
6 46
6 119
6 87
6 49
6 120
6 88
6 50
6 111
6 124
6 51
6 52
6 125
6 91
6 54
6 55
6 112
6 58
6 121
6 59
6 61
6 62
6 93
6 94
6 115
6 95
6 96
6 63
6 97
6 64
6 98
6 65
7 99
7 10
7 11
7 13
7 14
7 15
7 16
7 72
7 17
7 73
7 19
7 74
7 116
7 22
7 102
7 23
7 24
7 26
7 28
7 104
7 117
7 30
7 105
7 32
7 33
7 106
7 78
7 79
7 36
7 82
7 107
7 108
7 83
7 109
7 84
7 110
7 43
7 85
7 86
7 46
7 119
7 120
7 88
7 111
7 52
7 53
7 125
7 54
7 114
7 92
7 121
7 59
7 93
7 95
7 63
7 97
7 64
7 98
8 67
8 100
8 10
8 11
8 12
8 13
8 70
8 15
8 16
8 71
8 17
8 18
8 19
8 74
8 75
8 20
8 116
8 76
8 23
8 24
8 103
8 25
8 26
8 29
8 117
8 105
8 77
8 122
8 31
8 32
8 78
8 34
8 79
8 127
8 36
8 108
8 38
8 40
8 118
8 84
8 110
8 85
8 45
8 86
8 46
8 47
8 119
8 87
8 120
8 88
8 89
8 90
8 53
8 125
8 91
8 113
8 92
8 121
8 60
8 95
8 63
8 97
8 126
8 66
9 67
9 68
9 10
9 12
9 13
9 15
9 16
9 17
9 73
9 18
9 19
9 20
9 116
9 22
9 76
9 26
9 27
9 28
9 104
9 105
9 122
9 31
9 106
9 81
9 123
9 108
9 38
9 83
9 40
9 109
9 42
9 110
9 43
9 47
9 119
9 49
9 111
9 51
9 52
9 125
9 54
9 55
9 113
9 56
9 114
9 92
9 59
9 61
9 93
9 94
9 115
9 95
9 96
9 63
9 97
9 126
9 66
10 67
10 11
10 12
10 13
10 16
10 17
10 18
10 19
10 74
10 75
10 20
10 21
10 22
10 102
10 24
10 26
10 27
10 28
10 29
10 104
10 117
10 122
10 32
10 33
10 78
10 35
10 79
10 36
10 37
10 82
10 107
10 108
10 38
10 118
10 43
10 86
10 46
10 47
10 119
10 48
10 120
10 124
10 52
10 53
10 125
10 91
10 54
10 112
10 56
10 114
10 57
10 92
10 121
10 59
10 61
10 62
10 93
10 115
10 95
10 97
10 98
10 126
11 99
11 67
11 100
11 72
11 73
11 19
11 75
11 22
11 102
11 76
11 24
11 26
11 27
11 104
11 122
11 32
11 106
11 78
11 36
11 82
11 108
11 83
11 40
11 109
11 118
11 42
11 110
11 43
11 44
11 85
11 119
11 88
11 89
11 90
11 52
11 53
11 125
11 91
11 54
11 55
11 112
11 114
11 60
11 61
11 93
11 115
11 63
11 64
11 98
12 67
12 68
12 69
12 100
12 13
12 14
12 70
12 72
12 73
12 19
12 75
12 101
12 21
12 76
12 23
12 24
12 103
12 25
12 26
12 29
12 104
12 117
12 30
12 122
12 78
12 79
12 80
12 36
12 82
12 107
12 38
12 39
12 84
12 42
12 43
12 44
12 46
12 119
12 48
12 120
12 88
12 50
12 111
12 90
12 52
12 53
12 125
12 91
12 56
12 114
12 57
12 121
12 59
12 115
12 95
12 96
12 63
12 64
12 98
12 126
13 99
13 14
13 70
13 18
13 20
13 102
13 76
13 103
13 25
13 27
13 28
13 29
13 117
13 77
13 31
13 32
13 33
13 78
13 34
13 35
13 79
13 107
13 39
13 83
13 40
13 41
13 84
13 42
13 43
13 44
13 85
13 45
13 86
13 47
13 87
13 48
13 50
13 124
13 89
13 91
13 54
13 55
13 114
13 58
13 60
13 61
13 62
13 93
13 94
13 115
13 97
13 64
13 98
13 66
14 99
14 69
14 100
14 15
14 72
14 17
14 73
14 19
14 74
14 23
14 24
14 25
14 27
14 117
14 30
14 122
14 106
14 34
14 79
14 80
14 81
14 107
14 38
14 39
14 83
14 40
14 109
14 41
14 84
14 110
14 119
14 87
14 48
14 49
14 51
14 90
14 52
14 53
14 125
14 57
14 121
14 60
14 95
14 63
14 97
14 98
14 66
15 99
15 67
15 16
15 71
15 17
15 75
15 20
15 101
15 21
15 23
15 24
15 103
15 26
15 28
15 29
15 104
15 31
15 32
15 33
15 106
15 78
15 79
15 36
15 123
15 107
15 108
15 38
15 39
15 41
15 84
15 110
15 43
15 44
15 85
15 45
15 46
15 87
15 49
15 111
15 124
15 51
15 90
15 52
15 125
15 55
15 56
15 57
15 58
15 61
15 62
15 95
15 96
15 63
15 97
15 98
15 66
16 99
16 69
16 71
16 18
16 75
16 20
16 101
16 21
16 102
16 76
16 103
16 27
16 28
16 29
16 104
16 117
16 105
16 122
16 32
16 106
16 78
16 35
16 81
16 37
16 82
16 108
16 38
16 40
16 41
16 45
16 86
16 46
16 47
16 119
16 87
16 48
16 120
16 50
16 111
16 124
16 53
16 54
16 113
16 121
16 61
16 94
16 115
16 95
16 63
16 97
16 64
16 98
16 126
17 99
17 68
17 100
17 70
17 71
17 73
17 18
17 74
17 20
17 23
17 24
17 103
17 28
17 77
17 32
17 106
17 34
17 35
17 79
17 81
17 37
17 107
17 38
17 39
17 83
17 40
17 84
17 110
17 43
17 44
17 85
17 86
17 87
17 120
17 88
17 50
17 111
17 124
17 89
17 90
17 52
17 53
17 91
17 54
17 55
17 113
17 56
17 57
17 92
17 61
17 93
17 94
17 63
17 97
17 98
17 126
17 66
18 67
18 68
18 100
18 70
18 73
18 74
18 20
18 101
18 102
18 23
18 26
18 27
18 28
18 29
18 117
18 105
18 77
18 31
18 33
18 106
18 34
18 79
18 37
18 38
18 118
18 42
18 44
18 85
18 46
18 47
18 49
18 88
18 90
18 125
18 54
18 55
18 61
18 95
18 64
18 98
18 126
18 66
19 99
19 100
19 70
19 75
19 116
19 21
19 102
19 23
19 24
19 25
19 27
19 104
19 105
19 77
19 122
19 31
19 35
19 80
19 36
19 123
19 38
19 39
19 40
19 118
19 42
19 43
19 44
19 85
19 86
19 46
19 87
19 49
19 124
19 51
19 89
19 54
19 112
19 92
19 58
19 121
19 59
19 62
19 93
19 95
19 98
20 99
20 68
20 69
20 70
20 72
20 73
20 75
20 22
20 102
20 76
20 23
20 24
20 25
20 27
20 28
20 30
20 105
20 32
20 33
20 34
20 79
20 81
20 37
20 108
20 38
20 83
20 40
20 109
20 118
20 41
20 44
20 85
20 86
20 46
20 119
20 120
20 50
20 111
20 124
20 51
20 53
20 91
20 54
20 55
20 114
20 58
20 121
20 60
20 61
20 62
20 96
20 64
21 69
21 71
21 74
21 116
21 76
21 103
21 117
21 30
21 77
21 122
21 31
21 32
21 106
21 78
21 127
21 37
21 82
21 108
21 40
21 84
21 110
21 43
21 44
21 85
21 46
21 48
21 49
21 120
21 50
21 111
21 51
21 89
21 53
21 91
21 54
21 56
21 121
21 59
21 61
21 115
21 95
21 66
22 68
22 69
22 70
22 73
22 74
22 101
22 23
22 24
22 25
22 27
22 28
22 77
22 32
22 33
22 106
22 34
22 35
22 79
22 80
22 81
22 36
22 37
22 123
22 82
22 107
22 40
22 109
22 118
22 41
22 42
22 110
22 44
22 86
22 47
22 87
22 48
22 120
22 50
22 111
22 124
22 51
22 52
22 91
22 54
22 55
22 112
22 113
22 56
22 92
22 58
22 121
22 59
22 95
22 98
22 65
23 67
23 68
23 69
23 71
23 73
23 75
23 116
23 102
23 76
23 24
23 103
23 26
23 28
23 30
23 105
23 77
23 122
23 31
23 32
23 106
23 34
23 35
23 79
23 127
23 36
23 37
23 123
23 107
23 108
23 38
23 39
23 83
23 40
23 41
23 110
23 43
23 44
23 85
23 45
23 86
23 46
23 47
23 119
23 87
23 48
23 49
23 120
23 88
23 50
23 111
23 52
23 53
23 125
23 54
23 112
23 113
23 56
23 92
23 121
23 60
23 61
23 94
23 115
23 95
23 63
23 97
23 64
23 65
24 67
24 100
24 71
24 74
24 75
24 101
24 116
24 76
24 103
24 117
24 30
24 105
24 77
24 31
24 33
24 78
24 34
24 35
24 80
24 127
24 108
24 38
24 39
24 40
24 118
24 41
24 110
24 43
24 119
24 87
24 48
24 49
24 88
24 111
24 89
24 53
24 125
24 112
24 113
24 56
24 114
24 58
24 121
24 59
24 62
24 115
24 95
24 96
24 63
24 98
25 99
25 68
25 69
25 71
25 72
25 73
25 75
25 27
25 28
25 117
25 105
25 32
25 33
25 106
25 80
25 127
25 123
25 107
25 108
25 40
25 109
25 118
25 41
25 42
25 43
25 44
25 45
25 86
25 46
25 119
25 120
25 88
25 50
25 111
25 51
25 53
25 54
25 55
25 112
25 56
25 114
25 57
25 92
25 58
25 59
25 62
25 93
25 94
25 115
25 97
25 64
25 66
25 65
25 121
25 81
25 122
25 78
25 91
26 99
26 69
26 100
26 71
26 72
26 74
26 101
26 116
26 102
26 76
26 103
26 27
26 28
26 30
26 77
26 31
26 32
26 33
26 78
26 34
26 37
26 107
26 108
26 39
26 83
26 41
26 84
26 42
26 43
26 44
26 85
26 45
26 49
26 50
26 124
26 51
26 90
26 52
26 53
26 125
26 91
26 55
26 112
26 113
26 57
26 92
26 58
26 59
26 60
26 94
26 115
26 97
26 64
26 98
26 126
26 65
26 66
27 69
27 70
27 71
27 102
27 105
27 122
27 31
27 33
27 78
27 34
27 79
27 127
27 82
27 107
27 83
27 40
27 109
27 42
27 85
27 45
27 119
27 120
27 88
27 111
27 124
27 51
27 89
27 52
27 112
27 56
27 114
27 92
27 121
27 60
27 61
27 62
27 95
27 97
27 64
27 98
27 66
28 99
28 69
28 73
28 75
28 76
28 103
28 104
28 30
28 77
28 33
28 106
28 78
28 34
28 35
28 36
28 37
28 123
28 108
28 38
28 44
28 86
28 46
28 120
28 88
28 50
28 111
28 124
28 90
28 53
28 125
28 112
28 113
28 56
28 92
28 58
28 60
28 93
28 94
28 115
28 95
28 63
28 97
28 64
28 98
28 126
28 65
28 66
29 69
29 72
29 73
29 75
29 101
29 116
29 102
29 76
29 104
29 117
29 30
29 32
29 33
29 106
29 34
29 79
29 80
29 37
29 123
29 108
29 38
29 39
29 84
29 85
29 119
29 48
29 120
29 88
29 89
29 90
29 53
29 125
29 91
29 55
29 112
29 113
29 56
29 114
29 92
29 94
29 95
29 96
29 63
29 64
29 126
29 66
30 99
30 69
30 71
30 74
30 102
30 76
30 103
30 117
30 105
30 122
30 31
30 32
30 78
30 80
30 127
30 81
30 82
30 38
30 40
30 109
30 84
30 110
30 85
30 46
30 47
30 48
30 120
30 88
30 111
30 124
30 51
30 89
30 90
30 52
30 53
30 91
30 59
30 62
30 63
30 97
30 98
30 126
30 65
31 99
31 68
31 72
31 73
31 75
31 103
31 104
31 117
31 105
31 77
31 122
31 33
31 106
31 78
31 34
31 79
31 127
31 81
31 37
31 123
31 82
31 108
31 84
31 42
31 85
31 46
31 47
31 87
31 49
31 120
31 50
31 124
31 90
31 125
31 91
31 55
31 112
31 114
31 58
31 59
31 61
31 93
31 94
31 95
31 96
31 63
31 64
31 98
31 126
32 67
32 68
32 70
32 72
32 101
32 116
32 102
32 104
32 122
32 33
32 78
32 34
32 35
32 80
32 81
32 82
32 108
32 83
32 40
32 109
32 42
32 44
32 45
32 47
32 49
32 50
32 52
32 112
32 56
32 57
32 92
32 121
32 62
32 93
32 94
32 115
32 95
32 96
32 64
32 65
33 99
33 68
33 69
33 73
33 74
33 75
33 101
33 116
33 102
33 104
33 117
33 105
33 77
33 122
33 106
33 34
33 35
33 79
33 80
33 37
33 108
33 109
33 110
33 85
33 86
33 47
33 119
33 87
33 49
33 88
33 124
33 51
33 89
33 52
33 53
33 55
33 56
33 57
33 92
33 58
33 59
33 61
33 93
33 94
33 95
33 96
33 64
33 98
33 126
33 65
33 66
34 69
34 70
34 71
34 116
34 102
34 76
34 104
34 77
34 122
34 106
34 35
34 79
34 37
34 123
34 107
34 108
34 38
34 39
34 83
34 109
34 118
34 43
34 46
34 47
34 48
34 49
34 88
34 124
34 51
34 89
34 52
34 125
34 91
34 54
34 55
34 112
34 56
34 121
34 59
34 93
34 94
34 97
34 98
35 99
35 69
35 100
35 70
35 72
35 73
35 74
35 75
35 116
35 76
35 103
35 117
35 77
35 106
35 79
35 80
35 123
35 82
35 107
35 38
35 39
35 83
35 40
35 109
35 84
35 110
35 43
35 86
35 46
35 87
35 49
35 50
35 51
35 89
35 52
35 53
35 91
35 57
35 58
35 60
35 61
35 62
35 94
35 95
35 97
35 126
36 99
36 68
36 69
36 71
36 72
36 73
36 74
36 75
36 101
36 116
36 102
36 103
36 104
36 117
36 105
36 106
36 78
36 79
36 127
36 123
36 109
36 41
36 84
36 43
36 44
36 85
36 46
36 87
36 49
36 51
36 89
36 90
36 125
36 54
36 55
36 112
36 56
36 58
36 121
36 62
36 97
36 64
36 98
36 126
36 65
37 99
37 67
37 100
37 71
37 73
37 101
37 116
37 76
37 103
37 104
37 105
37 77
37 122
37 78
37 79
37 127
37 82
37 107
37 108
37 38
37 39
37 40
37 118
37 41
37 84
37 42
37 110
37 44
37 85
37 45
37 46
37 47
37 120
37 88
37 50
37 111
37 124
37 89
37 90
37 52
37 53
37 125
37 54
37 113
37 56
37 92
37 59
37 60
37 61
37 93
37 95
37 98
37 126
38 99
38 68
38 70
38 71
38 75
38 101
38 102
38 103
38 105
38 77
38 122
38 79
38 81
38 107
38 108
38 83
38 40
38 118
38 41
38 42
38 44
38 45
38 47
38 87
38 48
38 49
38 120
38 88
38 50
38 124
38 90
38 52
38 53
38 125
38 91
38 54
38 113
38 57
38 92
38 59
38 60
38 93
38 115
38 97
38 64
38 65
38 66
39 99
39 70
39 71
39 75
39 117
39 106
39 78
39 79
39 123
39 107
39 108
39 109
39 84
39 44
39 86
39 46
39 48
39 50
39 111
39 124
39 51
39 90
39 52
39 125
39 54
39 55
39 112
39 114
39 57
39 92
39 121
39 59
39 60
39 62
39 115
39 95
39 96
39 98
39 126
39 65
39 66
40 99
40 68
40 69
40 71
40 73
40 116
40 102
40 103
40 104
40 122
40 109
40 45
40 46
40 48
40 88
40 50
40 124
40 52
40 112
40 113
40 56
40 114
40 57
40 92
40 121
40 60
40 62
40 94
40 115
40 98
41 99
41 67
41 69
41 104
41 105
41 122
41 106
41 127
41 81
41 108
41 118
41 45
41 86
41 87
41 48
41 49
41 120
41 88
41 50
41 124
41 51
41 125
41 91
41 54
41 112
41 114
41 57
41 60
41 62
41 98
41 59
41 66
41 72
41 117
41 73
41 107
41 75
41 65
41 121
41 92
41 123
41 78
42 99
42 67
42 70
42 73
42 103
42 117
42 122
42 106
42 79
42 82
42 107
42 83
42 109
42 118
42 84
42 85
42 45
42 86
42 46
42 47
42 119
42 49
42 120
42 50
42 89
42 52
42 91
42 54
42 55
42 113
42 56
42 57
42 58
42 121
42 61
42 62
42 93
42 95
42 97
42 64
42 98
42 126
42 66
43 99
43 69
43 73
43 74
43 75
43 101
43 116
43 102
43 76
43 77
43 106
43 80
43 127
43 81
43 123
43 82
43 108
43 83
43 118
43 84
43 44
43 45
43 86
43 46
43 47
43 119
43 120
43 124
43 89
43 90
43 52
43 125
43 91
43 55
43 56
43 57
43 92
43 121
43 60
43 62
43 93
43 63
43 97
43 64
43 98
43 126
43 66
44 67
44 69
44 100
44 72
44 74
44 101
44 116
44 102
44 103
44 117
44 122
44 79
44 80
44 127
44 81
44 123
44 83
44 118
44 84
44 85
44 45
44 86
44 47
44 87
44 48
44 111
44 124
44 51
44 89
44 90
44 52
44 53
44 91
44 54
44 55
44 112
44 56
44 114
44 57
44 92
44 62
44 94
44 97
44 98
44 66
45 69
45 71
45 73
45 74
45 75
45 116
45 76
45 103
45 79
45 80
45 82
45 107
45 108
45 83
45 110
45 86
45 47
45 48
45 49
45 88
45 50
45 111
45 51
45 89
45 53
45 125
45 91
45 55
45 113
45 114
45 92
45 58
45 121
45 93
45 94
45 115
45 96
45 63
45 64
45 98
45 65
45 66
46 99
46 68
46 69
46 100
46 70
46 72
46 73
46 74
46 75
46 101
46 104
46 77
46 122
46 78
46 127
46 123
46 82
46 110
46 85
46 86
46 119
46 87
46 124
46 51
46 89
46 125
46 91
46 112
46 114
46 92
46 58
46 59
46 93
46 96
46 97
46 64
46 98
46 126
46 65
47 68
47 69
47 70
47 73
47 74
47 75
47 101
47 116
47 76
47 103
47 104
47 117
47 105
47 77
47 78
47 79
47 80
47 127
47 123
47 82
47 110
47 85
47 86
47 119
47 88
47 50
47 89
47 52
47 53
47 112
47 114
47 92
47 121
47 60
47 62
47 93
47 94
47 96
47 63
47 97
47 98
47 65
47 66
48 99
48 67
48 68
48 70
48 72
48 73
48 116
48 102
48 76
48 103
48 104
48 117
48 77
48 122
48 81
48 82
48 83
48 109
48 118
48 110
48 85
48 119
48 120
48 111
48 52
48 53
48 54
48 56
48 114
48 58
48 59
48 60
48 62
48 94
48 115
48 95
48 63
48 97
48 98
48 65
48 66
49 99
49 67
49 68
49 69
49 70
49 73
49 74
49 75
49 116
49 102
49 76
49 103
49 117
49 122
49 106
49 79
49 127
49 81
49 83
49 118
49 84
49 86
49 119
49 87
49 111
49 124
49 90
49 52
49 54
49 55
49 112
49 57
49 92
49 58
49 59
49 61
49 63
49 98
49 126
50 69
50 100
50 72
50 73
50 74
50 75
50 101
50 102
50 103
50 117
50 77
50 122
50 79
50 81
50 107
50 83
50 84
50 110
50 119
50 120
50 124
50 51
50 90
50 53
50 91
50 54
50 55
50 113
50 56
50 114
50 57
50 92
50 58
50 59
50 61
50 95
50 63
50 64
50 126
50 66
50 65
50 121
50 123
50 105
50 78
51 99
51 67
51 69
51 100
51 71
51 72
51 73
51 74
51 75
51 116
51 102
51 76
51 117
51 105
51 106
51 78
51 79
51 80
51 108
51 83
51 109
51 118
51 110
51 86
51 119
51 87
51 111
51 90
51 53
51 112
51 57
51 58
51 121
51 60
51 61
51 62
51 93
51 115
51 64
51 98
51 126
52 99
52 67
52 69
52 100
52 71
52 72
52 75
52 101
52 116
52 103
52 117
52 105
52 106
52 80
52 127
52 81
52 123
52 108
52 109
52 84
52 110
52 85
52 87
52 120
52 111
52 124
52 112
52 56
52 114
52 58
52 121
52 59
52 60
52 61
52 93
52 115
52 95
52 63
52 97
52 64
52 98
52 126
52 66
53 99
53 68
53 70
53 71
53 72
53 116
53 102
53 104
53 117
53 105
53 79
53 127
53 107
53 108
53 83
53 84
53 110
53 85
53 87
53 111
53 124
53 90
53 91
53 54
53 55
53 112
53 56
53 114
53 57
53 121
53 59
53 60
53 61
53 93
53 94
53 115
53 96
53 63
53 64
53 65
54 67
54 69
54 100
54 72
54 73
54 74
54 75
54 102
54 104
54 117
54 77
54 122
54 106
54 78
54 80
54 81
54 123
54 82
54 107
54 108
54 109
54 84
54 110
54 119
54 120
54 88
54 124
54 90
54 91
54 55
54 56
54 114
54 58
54 59
54 61
54 93
54 63
54 64
54 65
54 66
54 121
54 92
54 105
55 67
55 69
55 100
55 70
55 74
55 75
55 101
55 103
55 122
55 106
55 79
55 80
55 127
55 82
55 83
55 118
55 85
55 87
55 120
55 88
55 111
55 89
55 125
55 91
55 113
55 56
55 114
55 57
55 59
55 60
55 61
55 62
55 93
55 94
55 95
55 63
55 97
55 64
55 126
55 66
56 67
56 100
56 71
56 105
56 77
56 122
56 78
56 79
56 80
56 81
56 82
56 108
56 83
56 109
56 118
56 84
56 85
56 119
56 89
56 125
56 112
56 114
56 61
56 93
56 94
56 115
56 95
56 66
57 71
57 72
57 74
57 75
57 102
57 76
57 103
57 117
57 77
57 106
57 81
57 108
57 83
57 109
57 118
57 119
57 87
57 120
57 88
57 111
57 89
57 90
57 112
57 114
57 92
57 58
57 60
57 61
57 94
57 95
57 96
57 126
57 66
58 68
58 69
58 71
58 75
58 101
58 116
58 102
58 76
58 103
58 117
58 77
58 122
58 78
58 79
58 107
58 108
58 118
58 110
58 119
58 87
58 111
58 124
58 90
58 125
58 113
58 92
58 59
58 60
58 61
58 93
58 94
58 64
58 98
58 126
58 65
59 99
59 69
59 100
59 70
59 72
59 73
59 75
59 101
59 116
59 103
59 104
59 117
59 105
59 77
59 78
59 79
59 127
59 123
59 82
59 107
59 108
59 109
59 84
59 119
59 87
59 120
59 88
59 124
59 90
59 125
59 113
59 121
59 60
59 62
59 93
59 115
59 95
59 63
59 126
59 66
59 65
59 92
59 81
59 122
59 91
60 99
60 67
60 72
60 73
60 74
60 75
60 101
60 116
60 102
60 76
60 77
60 106
60 79
60 127
60 123
60 82
60 83
60 109
60 119
60 90
60 125
60 91
60 112
60 115
60 95
60 64
60 98
60 126
60 65
60 66
61 99
61 67
61 68
61 71
61 72
61 73
61 74
61 101
61 76
61 103
61 117
61 77
61 106
61 79
61 81
61 123
61 107
61 108
61 83
61 109
61 84
61 85
61 86
61 87
61 125
61 112
61 113
61 114
61 121
61 93
61 94
61 115
61 95
61 97
61 64
61 126
62 100
62 70
62 71
62 73
62 74
62 75
62 101
62 116
62 122
62 106
62 79
62 82
62 107
62 83
62 109
62 118
62 84
62 110
62 85
62 86
62 87
62 120
62 111
62 124
62 125
62 91
62 112
62 114
62 121
62 93
62 95
62 96
62 63
62 64
62 98
62 126
62 65
63 67
63 68
63 69
63 100
63 73
63 74
63 75
63 116
63 102
63 117
63 105
63 122
63 79
63 127
63 81
63 123
63 108
63 109
63 110
63 85
63 86
63 119
63 87
63 88
63 89
63 112
63 113
63 114
63 94
63 115
63 95
63 97
63 126
63 65
64 67
64 68
64 70
64 71
64 72
64 75
64 76
64 103
64 104
64 117
64 105
64 122
64 78
64 80
64 127
64 81
64 82
64 83
64 87
64 120
64 88
64 111
64 124
64 125
64 91
64 92
64 121
64 94
64 115
64 98
64 126
64 65
64 66
65 99
65 100
65 70
65 74
65 101
65 102
65 103
65 79
65 127
65 81
65 108
65 110
65 85
65 111
65 125
65 91
65 113
65 114
65 121
65 93
65 94
65 96
65 97
65 98
65 66
65 72
65 117
65 73
65 107
65 75
65 92
65 123
65 122
65 105
65 78
66 67
66 69
66 100
66 72
66 73
66 75
66 116
66 117
66 77
66 79
66 80
66 127
66 81
66 123
66 107
66 108
66 83
66 84
66 110
66 85
66 120
66 88
66 89
66 90
66 112
66 113
66 92
66 121
66 93
66 94
66 95
66 96
66 97
66 122
66 105
66 78
66 91
67 99
67 68
67 69
67 100
67 71
67 75
67 116
67 76
67 103
67 104
67 117
67 106
67 79
67 127
67 82
67 108
67 83
67 109
67 84
67 86
67 119
67 87
67 120
67 88
67 90
67 125
67 91
67 114
67 94
67 115
67 95
67 126
68 100
68 70
68 71
68 72
68 73
68 75
68 101
68 104
68 122
68 78
68 80
68 81
68 107
68 83
68 109
68 84
68 110
68 88
68 111
68 124
68 90
68 91
68 113
68 92
68 115
68 95
68 97
68 98
68 126
69 70
69 71
69 74
69 116
69 103
69 104
69 77
69 106
69 78
69 79
69 80
69 81
69 107
69 83
69 88
69 89
69 90
69 125
69 91
69 113
69 121
69 115
69 97
69 98
69 126
70 72
70 73
70 101
70 77
70 79
70 80
70 81
70 108
70 83
70 118
70 110
70 85
70 86
70 119
70 124
70 90
70 113
70 92
70 93
70 115
70 96
70 97
70 98
70 126
71 72
71 116
71 102
71 104
71 117
71 105
71 77
71 122
71 106
71 78
71 127
71 109
71 118
71 86
71 119
71 87
71 111
71 124
71 90
71 112
71 92
71 121
71 115
71 96
71 98
72 100
72 73
72 74
72 75
72 101
72 116
72 103
72 117
72 77
72 122
72 106
72 81
72 82
72 107
72 108
72 83
72 118
72 84
72 110
72 87
72 120
72 111
72 90
72 91
72 113
72 92
72 115
72 96
72 126
72 121
72 123
72 105
72 78
73 74
73 75
73 116
73 102
73 76
73 103
73 117
73 122
73 78
73 79
73 127
73 81
73 82
73 107
73 110
73 86
73 88
73 89
73 90
73 93
73 94
73 115
73 96
73 97
73 98
73 126
73 121
73 92
73 123
73 105
73 91
74 103
74 117
74 105
74 122
74 79
74 127
74 108
74 83
74 118
74 84
74 87
74 88
74 111
74 90
74 112
74 113
74 92
74 94
74 115
74 126
75 100
75 116
75 76
75 117
75 122
75 79
75 82
75 107
75 108
75 83
75 118
75 86
75 87
75 111
75 89
75 90
75 125
75 91
75 112
75 92
75 94
75 95
75 96
75 97
75 126
75 121
75 81
75 123
75 105
75 78
76 99
76 101
76 116
76 103
76 104
76 117
76 106
76 80
76 82
76 108
76 83
76 109
76 118
76 110
76 86
76 111
76 90
76 94
76 115
76 95
76 98
76 126
77 99
77 100
77 116
77 102
77 103
77 117
77 106
77 78
77 81
77 83
77 86
77 87
77 120
77 89
77 90
77 113
77 114
77 92
77 93
77 115
77 96
77 97
77 98
77 126
78 99
78 101
78 104
78 105
78 106
78 79
78 80
78 127
78 81
78 123
78 82
78 108
78 118
78 85
78 120
78 88
78 112
78 113
78 95
78 117
78 107
78 121
78 92
78 122
78 91
79 99
79 116
79 104
79 80
79 127
79 82
79 107
79 83
79 109
79 84
79 85
79 86
79 111
79 124
79 113
79 94
79 126
80 100
80 101
80 104
80 117
80 105
80 122
80 106
80 123
80 107
80 108
80 83
80 84
80 110
80 86
80 119
80 120
80 88
80 89
80 90
80 125
80 91
80 112
80 114
80 92
80 94
80 115
80 95
80 96
80 98
80 126
81 99
81 100
81 116
81 102
81 103
81 105
81 127
81 107
81 118
81 84
81 85
81 119
81 124
81 90
81 125
81 112
81 113
81 92
81 121
81 94
81 95
81 96
81 98
81 117
81 123
81 122
81 91
82 101
82 116
82 102
82 105
82 122
82 106
82 107
82 83
82 109
82 110
82 86
82 119
82 120
82 88
82 111
82 124
82 90
82 125
82 91
82 114
82 92
82 93
82 96
82 97
83 99
83 101
83 102
83 103
83 105
83 122
83 106
83 127
83 107
83 118
83 85
83 86
83 88
83 89
83 125
83 112
83 113
83 114
83 92
83 93
83 94
83 115
83 126
84 99
84 104
84 106
84 123
84 107
84 108
84 109
84 118
84 110
84 85
84 87
84 88
84 124
84 125
84 91
84 121
84 94
84 115
84 95
84 97
84 98
85 101
85 102
85 106
85 107
85 108
85 118
85 110
85 87
85 120
85 88
85 124
85 89
85 90
85 125
85 113
85 94
85 95
85 96
86 101
86 116
86 102
86 103
86 117
86 127
86 118
86 87
86 120
86 88
86 111
86 124
86 89
86 125
86 113
86 114
86 92
86 94
86 95
86 98
86 126
87 100
87 102
87 104
87 105
87 106
87 127
87 108
87 118
87 110
87 119
87 89
87 125
87 112
87 113
87 114
87 121
87 94
88 101
88 116
88 102
88 103
88 117
88 122
88 106
88 110
88 119
88 120
88 124
88 89
88 91
88 112
88 93
88 94
88 115
88 97
88 98
88 126
89 100
89 116
89 102
89 105
89 122
89 123
89 108
89 120
89 90
89 125
89 91
89 112
89 113
89 115
89 95
90 99
90 103
90 104
90 117
90 105
90 106
90 127
90 123
90 118
90 119
90 111
90 124
90 125
90 91
90 112
90 113
90 114
90 121
90 93
90 94
90 96
90 98
90 126
91 101
91 116
91 103
91 117
91 105
91 106
91 110
91 125
91 113
91 92
91 115
91 98
91 107
91 121
91 123
91 122
92 99
92 100
92 102
92 104
92 122
92 106
92 107
92 108
92 109
92 110
92 119
92 94
92 95
92 97
92 98
92 117
92 121
92 123
92 105
93 99
93 100
93 116
93 102
93 103
93 104
93 117
93 106
93 127
93 107
93 108
93 109
93 119
93 120
93 124
93 125
93 112
93 114
93 95
93 97
94 99
94 101
94 103
94 117
94 105
94 106
94 127
94 107
94 108
94 119
94 120
94 111
94 113
94 121
94 115
94 95
94 97
94 98
95 99
95 100
95 103
95 104
95 117
95 105
95 106
95 127
95 108
95 109
95 110
95 120
95 113
95 114
95 121
95 96
95 97
95 98
95 126
96 99
96 100
96 101
96 116
96 102
96 103
96 122
96 106
96 127
96 123
96 107
96 108
96 110
96 120
96 124
96 114
96 121
96 115
96 98
96 126
97 101
97 116
97 104
97 122
97 106
97 127
97 109
97 118
97 110
97 120
97 111
97 113
97 114
97 98
98 99
98 101
98 102
98 105
98 107
98 108
98 110
98 119
98 124
98 125
98 112
98 114
98 121
98 115
98 126
99 100
99 102
99 103
99 117
99 105
99 122
99 106
99 127
99 107
99 108
99 109
99 110
99 120
99 124
99 125
99 112
99 114
99 115
100 101
100 102
100 103
100 105
100 108
100 118
100 119
100 125
100 112
100 121
101 106
101 109
101 120
101 125
101 112
101 121
101 126
102 106
102 124
102 125
102 121
102 115
102 126
103 116
103 104
103 105
103 106
103 123
103 107
103 109
103 118
103 110
103 120
103 111
103 114
103 121
103 115
103 126
104 122
104 106
104 127
104 107
104 108
104 110
104 120
104 114
104 115
104 116
104 118
104 111
104 113
104 121
105 117
105 122
105 107
105 120
105 124
105 113
105 114
105 126
105 121
105 123
106 116
106 107
106 108
106 109
106 119
106 124
106 125
106 112
106 113
106 121
106 115
107 117
107 122
107 110
107 125
107 113
107 121
107 123
108 117
108 110
108 120
108 124
108 112
108 113
108 121
108 115
108 126
109 127
109 116
109 120
109 111
109 114
109 115
109 126
110 127
110 116
110 111
110 124
110 113
110 115
111 117
111 122
111 124
111 112
111 114
111 115
112 120
112 116
112 114
112 121
112 115
112 126
113 117
113 124
113 125
113 114
113 123
113 118
114 127
114 124
114 125
114 116
114 123
114 118
114 119
114 121
115 117
115 122
115 116
115 126
116 117
116 122
116 125
116 123
116 119
116 126
117 122
117 127
117 120
117 125
117 126
117 121
117 123
118 125
118 119
119 127
119 120
119 124
120 121
120 126
121 122
121 125
121 126
121 123
122 123
122 125
122 126
123 125
