0 1
0 3
0 4
0 5
0 6
0 7
0 8
0 9
0 10
0 12
0 14
0 15
0 16
0 17
0 18
0 19
0 20
0 21
0 22
0 23
0 25
0 26
0 27
0 28
0 29
0 30
0 31
0 32
0 33
0 34
0 35
0 36
0 38
0 39
0 40
0 41
0 42
0 44
0 46
0 47
0 48
0 49
0 50
0 51
0 52
0 53
0 54
0 55
0 57
0 58
0 59
0 60
0 61
0 62
0 63
0 64
0 65
0 66
0 80
0 89
0 75
0 96
0 79
0 97
0 116
0 119
0 120
0 2
0 43
1 67
1 68
1 4
1 6
1 69
1 7
1 12
1 70
1 71
1 13
1 15
1 72
1 73
1 16
1 17
1 74
1 75
1 76
1 77
1 78
1 23
1 25
1 26
1 28
1 29
1 79
1 80
1 33
1 36
1 81
1 37
1 39
1 82
1 83
1 84
1 41
1 44
1 85
1 47
1 51
1 86
1 87
1 54
1 55
1 88
1 58
1 89
1 59
1 90
1 61
2 91
2 92
2 68
2 4
2 5
2 7
2 9
2 10
2 11
2 13
2 15
2 94
2 17
2 18
2 20
2 95
2 75
2 96
2 76
2 22
2 23
2 97
2 99
2 79
2 31
2 32
2 33
2 34
2 35
2 36
2 100
2 101
2 38
2 39
2 102
2 103
2 83
2 104
2 105
2 106
2 42
2 43
2 85
2 107
2 50
2 52
2 108
2 111
2 54
2 112
2 57
2 60
2 61
2 62
2 63
2 55
2 80
2 89
2 116
2 30
2 119
2 12
2 120
2 8
2 16
3 91
3 68
3 4
3 5
3 6
3 113
3 70
3 13
3 14
3 15
3 72
3 73
3 94
3 16
3 17
3 114
3 19
3 95
3 75
3 96
3 76
3 21
3 78
3 25
3 27
3 28
3 29
3 79
3 115
3 34
3 35
3 101
3 38
3 102
3 103
3 116
3 84
3 41
3 106
3 117
3 44
3 85
3 47
3 48
3 49
3 50
3 51
3 108
3 86
3 87
3 55
3 56
3 58
3 89
3 59
3 63
3 118
4 91
4 92
4 119
4 120
4 5
4 69
4 9
4 10
4 11
4 70
4 13
4 14
4 15
4 72
4 73
4 94
4 16
4 121
4 122
4 74
4 95
4 76
4 77
4 78
4 22
4 23
4 97
4 123
4 26
4 124
4 28
4 98
4 29
4 30
4 115
4 31
4 32
4 34
4 81
4 37
4 101
4 102
4 83
4 116
4 84
4 41
4 106
4 42
4 43
4 44
4 85
4 47
4 48
4 107
4 49
4 51
4 109
4 110
4 111
4 56
4 112
4 88
4 57
4 58
4 89
4 59
4 90
4 60
4 63
4 64
4 65
4 66
5 91
5 119
5 68
5 120
5 93
5 6
5 7
5 9
5 11
5 70
5 15
5 73
5 94
5 17
5 18
5 121
5 19
5 20
5 122
5 95
5 96
5 78
5 22
5 24
5 124
5 28
5 98
5 29
5 30
5 31
5 32
5 34
5 125
5 35
5 100
5 81
5 38
5 102
5 40
5 82
5 103
5 116
5 84
5 105
5 42
5 45
5 47
5 108
5 109
5 53
5 111
5 56
5 88
5 57
5 90
5 61
5 64
5 65
5 66
5 118
6 91
6 92
6 67
6 68
6 120
6 126
6 7
6 113
6 9
6 10
6 70
6 71
6 14
6 72
6 73
6 16
6 18
6 121
6 19
6 74
6 75
6 96
6 77
6 78
6 97
6 25
6 124
6 98
6 79
6 115
6 31
6 32
6 33
6 34
6 125
6 100
6 38
6 39
6 102
6 82
6 83
6 116
6 105
6 106
6 117
6 42
6 46
6 85
6 47
6 48
6 51
6 53
6 87
6 54
6 89
6 59
6 63
6 64
7 91
7 119
7 120
7 93
7 69
7 126
7 8
7 9
7 10
7 70
7 71
7 72
7 94
7 16
7 17
7 18
7 121
7 19
7 20
7 122
7 96
7 77
7 21
7 22
7 23
7 97
7 24
7 123
7 27
7 28
7 99
7 30
7 115
7 32
7 125
7 37
7 38
7 40
7 116
7 104
7 105
7 127
7 106
7 117
7 42
7 45
7 46
7 47
7 48
7 49
7 51
7 52
7 108
7 109
7 53
7 110
7 111
7 54
7 55
7 88
7 58
7 62
7 63
7 64
7 66
7 118
8 67
8 119
8 120
8 93
8 69
8 126
8 12
8 73
8 17
8 18
8 121
8 19
8 75
8 76
8 77
8 78
8 29
8 80
8 32
8 34
8 125
8 37
8 102
8 103
8 83
8 116
8 104
8 117
8 42
8 45
8 85
8 107
8 50
8 86
8 111
8 54
8 55
8 112
8 57
8 58
8 90
8 61
8 62
8 66
8 118
8 89
8 96
8 79
8 97
8 30
8 20
8 23
8 43
8 16
9 67
9 68
9 93
9 113
9 11
9 71
9 13
9 14
9 15
9 16
9 18
9 19
9 76
9 77
9 78
9 23
9 97
9 123
9 26
9 124
9 98
9 99
9 80
9 30
9 115
9 31
9 32
9 34
9 100
9 81
9 101
9 38
9 39
9 102
9 84
9 104
9 41
9 106
9 85
9 48
9 107
9 49
9 50
9 53
9 110
9 111
9 54
9 55
9 57
9 89
9 90
9 62
9 65
9 66
9 118
10 91
10 67
10 120
10 69
10 113
10 13
10 114
10 19
10 20
10 96
10 78
10 23
10 24
10 123
10 25
10 27
10 124
10 99
10 29
10 31
10 33
10 34
10 125
10 35
10 37
10 102
10 103
10 83
10 104
10 105
10 127
10 106
10 117
10 43
10 46
10 85
10 107
10 50
10 51
10 108
10 109
10 110
10 86
10 111
10 112
10 88
10 89
10 61
11 91
11 92
11 119
11 68
11 120
11 93
11 69
11 126
11 113
11 12
11 71
11 13
11 14
11 15
11 94
11 16
11 19
11 75
11 96
11 76
11 77
11 21
11 78
11 97
11 24
11 25
11 28
11 29
11 115
11 31
11 33
11 125
11 35
11 36
11 37
11 39
11 102
11 82
11 103
11 116
11 84
11 105
11 41
11 117
11 42
11 43
11 45
11 85
11 47
11 48
11 108
11 110
11 54
11 55
11 58
11 59
11 90
11 61
11 62
11 63
12 91
12 92
12 67
12 94
12 16
12 18
12 19
12 20
12 122
12 74
12 78
12 22
12 97
12 123
12 27
12 124
12 28
12 30
12 115
12 32
12 34
12 125
12 39
12 83
12 105
12 106
12 44
12 46
12 49
12 52
12 53
12 110
12 86
12 87
12 54
12 56
12 89
12 59
12 90
12 64
12 55
12 80
12 75
12 96
12 79
12 116
12 119
12 23
12 120
12 43
13 93
13 126
13 113
13 71
13 14
13 15
13 94
13 17
13 121
13 95
13 75
13 21
13 22
13 24
13 28
13 79
13 30
13 115
13 33
13 34
13 35
13 36
13 100
13 81
13 39
13 102
13 40
13 82
13 103
13 83
13 104
13 105
13 41
13 127
13 117
13 43
13 47
13 50
13 53
13 110
13 87
13 54
13 56
13 112
13 89
13 59
13 90
13 60
13 65
13 66
13 118
14 67
14 119
14 68
14 120
14 69
14 126
14 70
14 71
14 73
14 17
14 18
14 121
14 20
14 122
14 95
14 76
14 21
14 78
14 22
14 25
14 124
14 79
14 80
14 115
14 34
14 125
14 35
14 36
14 100
14 37
14 39
14 102
14 40
14 82
14 116
14 84
14 105
14 117
14 46
14 47
14 50
14 52
14 108
14 110
14 86
14 54
14 58
14 89
14 63
14 64
14 66
14 118
15 119
15 120
15 126
15 70
15 71
15 72
15 94
15 18
15 121
15 114
15 19
15 122
15 77
15 21
15 78
15 23
15 97
15 27
15 99
15 29
15 80
15 30
15 115
15 31
15 35
15 102
15 82
15 103
15 116
15 84
15 104
15 41
15 127
15 44
15 45
15 46
15 107
15 51
15 52
15 108
15 53
15 111
15 55
15 112
15 90
15 60
15 118
16 91
16 67
16 119
16 68
16 126
16 70
16 71
16 72
16 73
16 17
16 121
16 19
16 74
16 75
16 96
16 78
16 24
16 123
16 25
16 26
16 79
16 30
16 34
16 35
16 101
16 82
16 83
16 84
16 105
16 106
16 45
16 46
16 47
16 48
16 108
16 56
16 57
16 58
16 89
16 90
16 63
16 55
16 80
16 97
16 116
16 20
16 23
16 120
16 18
16 43
17 92
17 67
17 69
17 72
17 73
17 94
17 114
17 19
17 20
17 122
17 95
17 22
17 23
17 97
17 24
17 25
17 26
17 27
17 124
17 98
17 29
17 30
17 32
17 34
17 125
17 36
17 100
17 81
17 101
17 38
17 39
17 83
17 116
17 104
17 105
17 117
17 42
17 47
17 48
17 107
17 49
17 50
17 108
17 110
17 86
17 55
17 56
17 112
17 88
17 89
17 90
17 61
17 62
17 64
17 65
17 66
18 91
18 92
18 67
18 119
18 68
18 120
18 126
18 72
18 73
18 121
18 114
18 20
18 77
18 78
18 97
18 25
18 28
18 79
18 80
18 30
18 31
18 34
18 125
18 35
18 101
18 38
18 116
18 84
18 104
18 106
18 117
18 107
18 50
18 51
18 52
18 108
18 109
18 53
18 110
18 111
18 87
18 54
18 56
18 112
18 58
18 59
18 90
18 60
18 63
18 64
18 118
18 55
18 89
18 75
18 96
18 23
18 43
19 91
19 67
19 119
19 68
19 120
19 113
19 70
19 71
19 74
19 95
19 96
19 77
19 78
19 22
19 123
19 25
19 26
19 27
19 124
19 99
19 29
19 79
19 80
19 31
19 33
19 34
19 81
19 102
19 40
19 103
19 83
19 116
19 84
19 105
19 106
19 42
19 44
19 85
19 47
19 51
19 52
19 108
19 110
19 111
19 54
19 55
19 89
19 90
19 60
19 62
19 63
19 64
19 118
20 67
20 68
20 120
20 93
20 69
20 126
20 113
20 71
20 72
20 94
20 114
20 122
20 74
20 95
20 77
20 78
20 97
20 24
20 26
20 27
20 124
20 28
20 99
20 79
20 80
20 115
20 32
20 34
20 125
20 36
20 100
20 38
20 39
20 40
20 103
20 83
20 116
20 84
20 41
20 127
20 106
20 42
20 43
20 44
20 85
20 47
20 48
20 109
20 54
20 58
20 61
20 63
20 64
20 65
20 66
20 118
20 55
20 89
20 75
20 96
20 30
20 119
20 23
21 91
21 67
21 119
21 68
21 93
21 70
21 72
21 73
21 121
21 114
21 77
21 23
21 97
21 24
21 123
21 27
21 124
21 28
21 98
21 99
21 80
21 31
21 32
21 125
21 36
21 100
21 81
21 37
21 101
21 39
21 40
21 83
21 84
21 104
21 41
21 127
21 106
21 44
21 45
21 47
21 48
21 49
21 50
21 51
21 52
21 108
21 110
21 111
21 54
21 56
21 112
21 88
21 58
21 89
21 59
21 60
21 62
21 64
22 91
22 119
22 68
22 120
22 69
22 126
22 70
22 71
22 73
22 94
22 122
22 74
22 76
22 23
22 97
22 123
22 26
22 27
22 99
22 30
22 31
22 34
22 125
22 36
22 100
22 81
22 37
22 101
22 38
22 39
22 40
22 103
22 83
22 116
22 84
22 104
22 105
22 117
22 42
22 43
22 45
22 47
22 48
22 107
22 49
22 50
22 51
22 52
22 109
22 54
22 55
22 58
22 59
22 60
22 63
22 66
22 118
23 67
23 120
23 93
23 126
23 113
23 70
23 73
23 121
23 95
23 75
23 96
23 97
23 123
23 29
23 79
23 80
23 115
23 33
23 125
23 36
23 81
23 37
23 101
23 39
23 102
23 82
23 116
23 104
23 41
23 127
23 106
23 117
23 42
23 47
23 49
23 108
23 109
23 53
23 110
23 87
23 56
23 88
23 58
23 89
23 65
23 66
23 55
23 30
23 119
23 43
24 91
24 93
24 113
24 70
24 122
24 76
24 77
24 78
24 123
24 27
24 124
24 99
24 29
24 31
24 32
24 33
24 125
24 36
24 38
24 39
24 102
24 82
24 103
24 83
24 116
24 105
24 41
24 127
24 106
24 43
24 46
24 85
24 48
24 49
24 50
24 51
24 52
24 108
24 53
24 86
24 56
24 112
24 88
24 57
24 60
24 61
24 63
25 91
25 67
25 119
25 68
25 69
25 126
25 70
25 73
25 121
25 114
25 122
25 74
25 95
25 76
25 97
25 123
25 26
25 28
25 98
25 99
25 29
25 80
25 31
25 32
25 34
25 125
25 35
25 100
25 37
25 101
25 38
25 102
25 40
25 82
25 83
25 116
25 104
25 105
25 127
25 117
25 43
25 44
25 46
25 47
25 107
25 51
25 109
25 110
25 86
25 88
25 57
25 58
25 89
25 59
25 90
25 60
25 63
26 92
26 68
26 120
26 113
26 70
26 71
26 73
26 94
26 121
26 122
26 74
26 96
26 77
26 97
26 123
26 124
26 99
26 29
26 79
26 80
26 30
26 115
26 32
26 125
26 35
26 36
26 100
26 81
26 39
26 102
26 40
26 103
26 83
26 116
26 104
26 105
26 127
26 117
26 42
26 44
26 45
26 46
26 85
26 47
26 52
26 108
26 109
26 53
26 110
26 86
26 111
26 87
26 56
26 58
26 89
26 90
26 61
26 66
26 118
27 91
27 67
27 119
27 120
27 93
27 69
27 73
27 94
27 114
27 74
27 124
27 98
27 29
27 30
27 115
27 33
27 100
27 101
27 39
27 102
27 82
27 116
27 104
27 127
27 106
27 117
27 44
27 45
27 46
27 47
27 107
27 49
27 50
27 51
27 109
27 53
27 87
27 55
27 112
27 88
27 57
27 58
27 89
27 59
27 60
27 63
27 118
28 91
28 92
28 119
28 68
28 120
28 93
28 126
28 113
28 72
28 94
28 122
28 74
28 75
28 98
28 99
28 79
28 30
28 34
28 100
28 81
28 101
28 39
28 102
28 82
28 105
28 106
28 42
28 43
28 45
28 48
28 107
28 50
28 108
28 109
28 53
28 88
28 57
28 89
28 59
28 90
28 60
28 61
28 62
28 64
28 66
28 118
29 91
29 119
29 68
29 70
29 122
29 74
29 95
29 75
29 96
29 76
29 97
29 123
29 79
29 80
29 30
29 115
29 31
29 32
29 33
29 34
29 35
29 36
29 37
29 38
29 102
29 103
29 104
29 41
29 106
29 117
29 42
29 43
29 46
29 85
29 48
29 49
29 50
29 51
29 86
29 111
29 54
29 112
29 88
29 89
29 61
29 62
29 63
29 64
29 66
29 118
30 91
30 119
30 68
30 126
30 70
30 71
30 121
30 114
30 122
30 74
30 75
30 96
30 77
30 97
30 98
30 79
30 80
30 31
30 32
30 33
30 125
30 36
30 38
30 40
30 116
30 84
30 127
30 117
30 42
30 43
30 45
30 47
30 49
30 50
30 51
30 111
30 55
30 88
30 57
30 89
30 59
30 90
30 118
30 120
31 92
31 119
31 69
31 126
31 70
31 71
31 72
31 121
31 114
31 122
31 95
31 76
31 77
31 78
31 80
31 32
31 33
31 125
31 35
31 37
31 101
31 39
31 82
31 103
31 116
31 42
31 44
31 49
31 50
31 108
31 109
31 53
31 86
31 111
31 112
31 88
31 89
31 90
31 60
31 61
31 62
31 63
31 65
32 68
32 120
32 93
32 71
32 73
32 121
32 122
32 74
32 76
32 77
32 78
32 97
32 124
32 99
32 79
32 33
32 35
32 81
32 37
32 101
32 39
32 40
32 83
32 84
32 104
32 105
32 127
32 106
32 117
32 42
32 43
32 44
32 45
32 51
32 108
32 109
32 86
32 55
32 112
32 88
32 57
32 59
32 90
32 60
32 63
33 91
33 92
33 67
33 119
33 68
33 120
33 93
33 69
33 113
33 70
33 71
33 94
33 121
33 114
33 95
33 75
33 76
33 78
33 123
33 124
33 80
33 115
33 34
33 36
33 81
33 37
33 40
33 83
33 116
33 106
33 117
33 45
33 49
33 51
33 53
33 54
33 56
33 112
33 59
33 60
33 66
34 68
34 120
34 126
34 113
34 94
34 114
34 74
34 96
34 78
34 97
34 98
34 79
34 80
34 100
34 81
34 101
34 38
34 40
34 83
34 104
34 41
34 127
34 106
34 117
34 42
34 46
34 49
34 50
34 87
34 54
34 56
34 88
34 58
34 89
34 60
34 61
34 62
34 63
35 68
35 126
35 70
35 72
35 114
35 95
35 78
35 123
35 98
35 100
35 37
35 101
35 40
35 82
35 83
35 116
35 127
35 117
35 42
35 43
35 45
35 47
35 107
35 49
35 108
35 109
35 53
35 110
35 86
35 111
35 54
35 56
35 112
35 58
35 89
35 59
35 61
35 62
35 63
35 66
35 118
36 91
36 120
36 93
36 69
36 70
36 72
36 73
36 114
36 122
36 95
36 75
36 96
36 77
36 78
36 97
36 123
36 124
36 99
36 79
36 115
36 125
36 39
36 102
36 40
36 82
36 116
36 105
36 106
36 117
36 46
36 85
36 107
36 49
36 50
36 108
36 109
36 53
36 110
36 54
36 112
36 58
36 60
36 63
36 64
36 65
36 118
37 92
37 67
37 119
37 68
37 120
37 93
37 69
37 113
37 70
37 71
37 94
37 121
37 74
37 75
37 77
37 123
37 124
37 99
37 79
37 80
37 115
37 125
37 100
37 38
37 102
37 82
37 83
37 84
37 105
37 127
37 106
37 42
37 46
37 85
37 48
37 107
37 50
37 52
37 108
37 53
37 86
37 111
37 55
37 57
37 58
37 89
37 59
37 60
37 63
37 66
38 91
38 92
38 119
38 68
38 120
38 93
38 69
38 113
38 70
38 73
38 94
38 74
38 75
38 96
38 78
38 97
38 123
38 124
38 98
38 79
38 100
38 81
38 39
38 82
38 103
38 83
38 105
38 106
38 117
38 44
38 85
38 47
38 48
38 107
38 50
38 51
38 52
38 109
38 110
38 86
38 87
38 112
38 57
38 58
38 59
38 90
38 60
38 62
38 64
39 92
39 93
39 126
39 71
39 72
39 73
39 96
39 76
39 78
39 123
39 124
39 115
39 125
39 100
39 82
39 105
39 41
39 127
39 117
39 44
39 46
39 85
39 48
39 107
39 49
39 50
39 51
39 53
39 87
39 55
39 88
39 57
39 58
39 65
40 91
40 92
40 119
40 93
40 126
40 113
40 73
40 94
40 121
40 114
40 122
40 75
40 77
40 78
40 124
40 98
40 79
40 80
40 125
40 100
40 101
40 102
40 82
40 103
40 116
40 84
40 105
40 127
40 106
40 117
40 43
40 46
40 47
40 49
40 51
40 108
40 54
40 55
40 88
40 90
40 61
40 62
40 64
40 66
40 118
41 68
41 93
41 69
41 126
41 113
41 73
41 114
41 122
41 95
41 75
41 76
41 78
41 97
41 98
41 99
41 79
41 100
41 82
41 83
41 116
41 104
41 42
41 43
41 85
41 107
41 49
41 50
41 52
41 108
41 109
41 53
41 110
41 87
41 55
41 58
41 60
41 62
41 63
41 66
42 67
42 119
42 68
42 120
42 69
42 113
42 71
42 72
42 73
42 94
42 121
42 74
42 75
42 77
42 124
42 99
42 79
42 115
42 100
42 81
42 82
42 103
42 83
42 116
42 104
42 117
42 43
42 45
42 46
42 85
42 48
42 49
42 50
42 51
42 52
42 108
42 109
42 53
42 110
42 111
42 87
42 59
42 90
42 62
42 66
43 91
43 69
43 113
43 72
43 94
43 121
43 114
43 122
43 95
43 75
43 98
43 80
43 125
43 100
43 81
43 85
43 47
43 107
43 53
43 86
43 87
43 55
43 112
43 58
43 60
43 61
43 63
43 66
43 89
43 96
43 79
43 97
43 116
43 119
43 120
44 91
44 67
44 119
44 120
44 93
44 126
44 113
44 70
44 71
44 73
44 94
44 114
44 122
44 95
44 75
44 97
44 123
44 98
44 99
44 79
44 115
44 125
44 81
44 102
44 103
44 84
44 105
44 127
44 106
44 117
44 85
44 47
44 107
44 53
44 110
44 87
44 54
44 55
44 112
44 58
44 89
44 59
44 60
44 61
44 64
45 92
45 67
45 73
45 121
45 114
45 122
45 74
45 96
45 76
45 77
45 78
45 97
45 124
45 99
45 100
45 101
45 82
45 103
45 116
45 104
45 105
45 127
45 106
45 85
45 48
45 49
45 50
45 51
45 52
45 108
45 109
45 53
45 110
45 111
45 87
45 55
45 58
45 89
45 63
45 66
45 118
46 91
46 67
46 68
46 120
46 93
46 70
46 71
46 72
46 121
46 122
46 74
46 95
46 75
46 76
46 97
46 124
46 99
46 79
46 80
46 102
46 82
46 103
46 84
46 105
46 127
46 106
46 85
46 48
46 49
46 109
46 111
46 87
46 58
46 90
46 60
46 61
47 91
47 92
47 119
47 120
47 126
47 113
47 70
47 71
47 72
47 73
47 121
47 114
47 122
47 74
47 95
47 75
47 96
47 76
47 78
47 97
47 99
47 80
47 115
47 100
47 81
47 82
47 83
47 116
47 84
47 127
47 106
47 117
47 48
47 109
47 53
47 86
47 111
47 56
47 88
47 57
47 90
47 61
47 62
47 63
47 66
47 118
48 67
48 119
48 68
48 69
48 70
48 71
48 73
48 114
48 74
48 76
48 78
48 99
48 125
48 82
48 116
48 104
48 127
48 117
48 50
48 51
48 52
48 108
48 111
48 54
48 56
48 88
48 57
48 89
48 59
48 60
48 62
48 64
48 66
48 118
49 119
49 68
49 93
49 126
49 71
49 72
49 94
49 114
49 122
49 95
49 75
49 96
49 76
49 77
49 123
49 99
49 125
49 100
49 81
49 82
49 103
49 83
49 116
49 84
49 104
49 105
49 106
49 107
49 52
49 108
49 55
49 56
49 88
49 57
49 89
49 59
49 90
49 62
50 67
50 119
50 68
50 126
50 113
50 71
50 73
50 94
50 121
50 114
50 122
50 75
50 76
50 77
50 78
50 99
50 115
50 125
50 100
50 102
50 82
50 116
50 105
50 106
50 107
50 51
50 108
50 109
50 53
50 110
50 86
50 112
50 57
50 58
50 59
50 90
50 60
50 62
50 63
50 64
50 66
50 118
51 91
51 67
51 119
51 120
51 93
51 69
51 71
51 72
51 94
51 121
51 74
51 76
51 97
51 123
51 124
51 98
51 79
51 80
51 100
51 101
51 84
51 105
51 117
51 107
51 52
51 109
51 110
51 111
51 55
51 88
51 57
51 61
51 63
51 64
51 66
51 118
52 91
52 92
52 67
52 126
52 113
52 72
52 121
52 95
52 75
52 96
52 77
52 97
52 123
52 124
52 79
52 115
52 125
52 100
52 81
52 101
52 83
52 104
52 127
52 106
52 117
52 85
52 109
52 110
52 111
52 55
52 56
52 112
52 57
52 58
52 89
52 59
52 64
53 91
53 67
53 69
53 126
53 113
53 72
53 94
53 114
53 74
53 95
53 75
53 96
53 76
53 123
53 98
53 79
53 80
53 115
53 125
53 100
53 81
53 82
53 103
53 83
53 104
53 127
53 106
53 117
53 107
53 110
53 57
53 58
53 59
53 90
53 60
53 61
53 63
53 64
53 118
54 68
54 120
54 126
54 113
54 72
54 121
54 96
54 76
54 77
54 78
54 97
54 98
54 125
54 81
54 102
54 82
54 103
54 83
54 116
54 104
54 106
54 107
54 108
54 109
54 86
54 87
54 55
54 56
54 88
54 59
54 62
54 63
54 65
55 92
55 67
55 119
55 93
55 69
55 126
55 113
55 70
55 71
55 72
55 73
55 94
55 114
55 122
55 74
55 75
55 96
55 97
55 98
55 79
55 80
55 115
55 125
55 100
55 101
55 102
55 82
55 116
55 105
55 106
55 108
55 109
55 87
55 56
55 112
55 58
55 89
55 90
55 61
55 62
55 64
55 66
55 118
55 120
56 67
56 119
56 68
56 93
56 69
56 72
56 73
56 94
56 121
56 122
56 78
56 98
56 99
56 80
56 125
56 100
56 102
56 116
56 106
56 117
56 108
56 109
56 110
56 87
56 112
56 88
56 57
56 59
56 90
56 63
56 64
57 91
57 119
57 120
57 93
57 69
57 113
57 70
57 121
57 114
57 95
57 96
57 97
57 123
57 98
57 79
57 80
57 125
57 81
57 102
57 82
57 83
57 116
57 127
57 106
57 107
57 108
57 111
57 87
57 58
57 89
57 59
57 60
57 64
57 118
58 92
58 67
58 126
58 70
58 71
58 72
58 74
58 95
58 75
58 96
58 77
58 78
58 97
58 123
58 124
58 98
58 79
58 80
58 125
58 81
58 82
58 103
58 116
58 84
58 127
58 117
58 85
58 107
58 108
58 109
58 87
58 112
58 89
58 59
58 62
58 118
59 91
59 67
59 93
59 69
59 126
59 74
59 95
59 96
59 76
59 77
59 97
59 124
59 79
59 115
59 102
59 103
59 104
59 127
59 106
59 117
59 85
59 107
59 109
59 110
59 86
59 111
59 87
59 112
59 60
59 62
59 64
59 66
59 118
60 91
60 92
60 67
60 119
60 68
60 93
60 69
60 70
60 72
60 94
60 74
60 75
60 123
60 124
60 98
60 99
60 81
60 102
60 82
60 83
60 116
60 117
60 85
60 110
60 111
60 87
60 112
60 61
60 62
60 63
60 64
60 66
60 118
61 91
61 92
61 68
61 93
61 69
61 71
61 73
61 94
61 121
61 95
61 75
61 96
61 78
61 123
61 99
61 100
61 106
61 85
61 107
61 108
61 110
61 111
61 112
61 88
61 89
61 62
61 63
62 91
62 92
62 120
62 93
62 126
62 70
62 72
62 94
62 95
62 123
62 124
62 79
62 80
62 125
62 100
62 81
62 101
62 103
62 116
62 127
62 117
62 107
62 110
62 86
62 87
62 88
62 90
62 63
62 64
62 65
62 66
63 92
63 119
63 93
63 69
63 113
63 70
63 71
63 122
63 74
63 75
63 77
63 78
63 123
63 98
63 79
63 80
63 125
63 103
63 83
63 116
63 84
63 127
63 106
63 88
63 89
63 118
64 92
64 68
64 120
64 69
64 113
64 71
64 121
64 74
64 75
64 76
64 78
64 97
64 98
64 99
64 115
64 100
64 81
64 82
64 103
64 83
64 104
64 106
64 117
64 85
64 107
64 109
64 86
64 112
64 89
64 90
64 65
64 66
65 67
65 68
65 120
65 93
65 69
65 126
65 72
65 121
65 114
65 74
65 75
65 96
65 78
65 97
65 123
65 124
65 98
65 99
65 80
65 115
65 100
65 81
65 84
65 104
65 85
65 107
65 109
65 110
65 111
65 87
65 112
65 66
65 118
66 91
66 67
66 119
66 69
66 70
66 94
66 74
66 75
66 96
66 123
66 98
66 99
66 80
66 100
66 81
66 101
66 102
66 116
66 104
66 105
66 127
66 106
66 117
66 85
66 107
66 108
66 111
66 87
66 112
66 89
66 118
67 92
67 119
67 68
67 120
67 113
67 71
67 73
67 94
67 114
67 122
67 75
67 76
67 77
67 123
67 124
67 98
67 79
67 80
67 115
67 81
67 102
67 104
67 127
67 106
67 107
67 110
67 111
67 90
67 118
68 91
68 93
68 69
68 71
68 72
68 121
68 122
68 74
68 77
68 99
68 80
68 115
68 125
68 81
68 101
68 103
68 83
68 116
68 127
68 106
68 85
68 108
68 109
68 112
68 89
68 118
69 119
69 126
69 70
69 71
69 72
69 73
69 94
69 114
69 74
69 96
69 76
69 77
69 97
69 123
69 124
69 99
69 80
69 115
69 82
69 103
69 83
69 127
69 106
69 85
69 110
69 86
69 111
69 87
69 90
69 118
70 119
70 93
70 71
70 121
70 114
70 122
70 74
70 95
70 75
70 96
70 76
70 77
70 97
70 124
70 98
70 99
70 80
70 125
70 100
70 102
70 103
70 83
70 127
70 117
70 107
70 109
70 110
70 111
70 88
70 89
70 118
71 120
71 93
71 126
71 72
71 121
71 114
71 122
71 74
71 95
71 75
71 96
71 76
71 123
71 99
71 80
71 115
71 125
71 100
71 81
71 101
71 102
71 127
71 85
71 107
71 108
71 86
71 89
71 90
72 91
72 92
72 119
72 120
72 93
72 73
72 94
72 122
72 95
72 76
72 77
72 97
72 123
72 124
72 98
72 99
72 79
72 80
72 81
72 83
72 104
72 117
72 107
72 109
72 110
72 86
72 111
72 112
73 119
73 120
73 126
73 113
73 121
73 122
73 95
73 96
73 78
73 97
73 124
73 99
73 80
73 115
73 102
73 103
73 84
73 104
73 105
73 127
73 117
73 85
73 107
73 86
73 111
73 87
73 90
73 118
74 91
74 120
74 113
74 94
74 95
74 75
74 76
74 123
74 98
74 79
74 115
74 100
74 101
74 102
74 82
74 83
74 116
74 84
74 105
74 106
74 117
74 85
74 109
74 110
74 87
74 112
74 88
75 119
75 126
75 113
75 94
75 121
75 114
75 96
75 76
75 78
75 97
75 123
75 124
75 79
75 80
75 115
75 125
75 82
75 83
75 116
75 104
75 105
75 117
75 85
75 110
75 111
75 87
75 112
75 89
75 90
75 118
75 120
76 92
76 120
76 126
76 113
76 94
76 95
76 96
76 124
76 79
76 81
76 101
76 103
76 116
76 84
76 105
76 106
76 110
76 86
76 87
76 90
77 91
77 92
77 120
77 113
77 121
77 122
77 96
77 97
77 124
77 98
77 99
77 80
77 125
77 81
77 102
77 82
77 103
77 116
77 84
77 104
77 105
77 127
77 110
77 86
77 111
77 87
77 112
77 88
77 89
77 90
78 91
78 92
78 93
78 126
78 121
78 97
78 123
78 98
78 80
78 115
78 100
78 101
78 82
78 116
78 84
78 104
78 105
78 85
78 108
78 109
78 87
78 89
79 92
79 119
79 120
79 93
79 113
79 114
79 122
79 96
79 97
79 98
79 99
79 80
79 125
79 101
79 103
79 116
79 104
79 117
79 109
79 86
79 87
79 112
79 89
79 118
80 92
80 119
80 93
80 126
80 94
80 121
80 114
80 96
80 97
80 99
80 125
80 100
80 102
80 82
80 83
80 116
80 105
80 106
80 108
80 110
80 112
80 88
80 89
80 90
80 120
81 126
81 94
81 121
81 122
81 96
81 123
81 124
81 98
81 115
81 125
81 102
81 82
81 83
81 116
81 84
81 104
81 106
81 85
81 107
81 108
81 109
81 111
81 87
81 112
81 88
81 118
82 92
82 119
82 126
82 113
82 94
82 121
82 122
82 96
82 124
82 98
82 125
82 100
82 102
82 103
82 83
82 116
82 84
82 104
82 106
82 108
82 110
82 111
82 112
82 89
82 118
83 92
83 120
83 93
83 121
83 95
83 96
83 123
83 124
83 125
83 100
83 103
83 105
83 117
83 85
83 111
83 112
83 118
84 92
84 122
84 96
84 97
84 124
84 115
84 100
84 102
84 116
84 104
84 106
84 117
84 85
84 87
84 88
85 92
85 93
85 126
85 122
85 123
85 124
85 98
85 101
85 103
85 104
85 117
85 108
85 110
85 87
85 89
86 92
86 126
86 123
86 125
86 100
86 103
86 116
86 104
86 127
86 106
86 117
86 107
86 111
86 88
86 89
87 119
87 120
87 113
87 95
87 97
87 98
87 115
87 100
87 103
87 127
87 106
87 108
87 109
87 111
87 112
87 89
87 90
87 118
88 91
88 92
88 119
88 120
88 126
88 113
88 94
88 121
88 114
88 95
88 96
88 97
88 98
88 115
88 100
88 117
88 108
88 109
88 112
88 118
89 91
89 119
89 93
89 113
89 94
89 114
89 95
89 96
89 97
89 123
89 124
89 98
89 115
89 125
89 100
89 116
89 105
89 127
89 107
89 108
89 109
89 112
89 90
89 118
89 120
90 91
90 119
90 120
90 93
90 94
90 114
90 122
90 95
90 123
90 124
90 98
90 115
90 125
90 100
90 116
90 105
90 108
90 110
90 112
91 120
91 93
91 121
91 114
91 122
91 95
91 123
91 124
91 98
91 100
91 101
91 116
91 104
91 105
91 127
91 108
92 120
92 93
92 114
92 122
92 95
92 124
92 98
92 101
92 116
92 104
92 119
92 113
92 94
92 97
92 99
92 125
92 102
92 103
92 117
92 107
92 110
92 111
92 118
93 120
93 119
93 113
93 94
93 114
93 122
93 95
93 96
93 97
93 124
93 115
93 101
93 116
93 105
93 127
93 117
93 109
93 110
94 114
94 123
94 124
94 104
94 105
94 127
94 108
94 126
94 99
94 107
94 110
94 112
94 118
95 114
95 122
95 126
95 96
95 98
95 99
95 125
95 100
95 101
95 102
95 104
95 127
95 107
95 108
95 109
95 110
95 111
96 121
96 123
96 124
96 100
96 116
96 104
96 105
96 127
96 108
96 119
96 113
96 97
96 125
96 102
96 110
96 111
96 126
96 106
96 109
96 120
97 120
97 122
97 124
97 101
97 116
97 104
97 119
97 99
97 106
97 117
97 109
97 110
97 112
97 118
98 121
98 114
98 122
98 119
98 126
98 125
98 100
98 101
98 117
98 108
98 110
98 118
99 120
99 114
99 105
99 127
99 113
99 102
99 106
99 117
99 110
99 111
100 120
100 121
100 122
100 123
100 124
100 113
100 115
100 125
100 101
100 127
100 106
100 108
100 110
100 111
101 121
101 122
101 124
101 113
101 125
101 103
101 116
101 127
101 106
101 117
101 107
101 110
101 111
101 118
102 120
102 122
102 127
102 103
102 117
102 107
102 111
103 120
103 116
103 104
103 105
103 127
103 108
103 125
103 126
103 106
103 117
103 107
103 110
104 121
104 114
104 122
104 123
104 124
104 116
104 113
104 115
104 125
104 106
104 117
104 107
104 108
104 109
104 111
104 112
104 118
105 120
105 121
105 122
105 124
105 126
105 113
105 127
105 106
105 117
105 107
106 121
106 114
106 122
106 119
106 113
106 117
106 110
106 118
106 126
106 112
107 120
107 121
107 116
107 127
107 108
107 119
107 125
107 126
107 115
107 109
107 111
107 112
107 118
108 120
108 121
108 122
108 123
108 119
108 113
108 115
108 125
108 109
108 111
108 112
109 120
109 121
109 122
109 123
109 124
109 116
109 127
109 119
109 113
109 125
109 117
109 110
109 111
109 118
109 126
110 120
110 114
110 123
110 124
110 119
110 113
110 125
110 115
110 112
111 121
111 114
111 122
111 124
111 116
111 119
111 125
111 117
111 118
112 120
112 114
112 127
112 125
112 126
112 115
113 120
113 122
113 124
113 116
113 127
113 119
113 115
113 125
113 118
114 121
114 122
114 123
114 115
114 127
115 122
115 127
115 125
116 120
116 121
116 122
116 123
116 124
116 119
116 126
117 121
117 122
117 124
117 119
117 125
117 126
118 123
118 124
119 120
119 121
119 123
119 124
120 122
120 125
120 127
121 126
121 122
121 123
122 126
122 123
122 125
123 124
123 125
124 126
125 127
125 126
126 127
