0 1
0 2
0 3
0 4
0 5
0 6
0 7
0 8
0 9
0 10
0 11
0 12
0 13
0 14
0 16
0 17
0 18
0 19
0 20
0 21
0 22
0 23
0 24
0 25
0 26
0 27
0 28
0 29
0 30
0 31
0 32
0 33
0 34
0 36
0 37
0 38
0 39
0 40
0 41
0 42
0 43
0 44
0 45
0 46
0 47
0 48
0 49
0 50
0 51
0 52
0 53
0 54
0 55
0 56
0 57
0 58
0 59
0 60
0 61
0 62
0 63
0 64
0 65
0 66
0 67
0 68
0 69
0 70
0 71
0 72
1 2
1 73
1 3
1 74
1 75
1 76
1 4
1 77
1 78
1 5
1 79
1 80
1 81
1 82
1 7
1 83
1 84
1 85
1 9
1 10
1 14
1 86
1 16
1 87
1 17
1 88
1 89
1 18
1 90
1 20
1 21
1 23
1 26
1 91
1 28
1 29
1 30
1 34
1 36
1 38
1 39
1 92
1 93
1 94
1 95
1 41
1 96
1 42
1 97
1 98
1 99
1 45
1 47
1 48
1 49
1 50
1 52
1 56
1 100
1 57
1 58
1 59
1 101
1 65
1 67
1 102
1 70
1 103
2 104
2 73
2 75
2 76
2 4
2 77
2 105
2 79
2 6
2 80
2 82
2 7
2 83
2 9
2 10
2 11
2 14
2 16
2 106
2 17
2 107
2 108
2 88
2 90
2 19
2 20
2 109
2 25
2 26
2 91
2 27
2 28
2 29
2 31
2 110
2 33
2 111
2 35
2 38
2 40
2 41
2 96
2 97
2 98
2 44
2 112
2 46
2 48
2 53
2 113
2 56
2 57
2 58
2 60
2 62
2 64
2 66
2 102
2 69
2 70
2 72
3 114
3 115
3 79
3 82
3 7
3 84
3 85
3 10
3 14
3 116
3 17
3 108
3 89
3 18
3 20
3 117
3 109
3 22
3 24
3 25
3 28
3 118
3 31
3 32
3 119
3 33
3 111
3 120
3 36
3 37
3 121
3 94
3 96
3 42
3 122
3 44
3 123
3 45
3 112
3 49
3 53
3 56
3 100
3 60
3 101
3 61
3 66
3 102
3 69
3 70
3 103
4 114
4 104
4 73
4 77
4 5
4 105
4 79
4 7
4 8
4 85
4 11
4 14
4 87
4 116
4 17
4 107
4 88
4 89
4 19
4 117
4 109
4 23
4 24
4 25
4 27
4 28
4 29
4 31
4 32
4 110
4 35
4 38
4 121
4 39
4 124
4 41
4 97
4 122
4 43
4 44
4 123
4 99
4 45
4 46
4 47
4 48
4 49
4 50
4 51
4 52
4 53
4 54
4 56
4 100
4 58
4 101
4 61
4 62
4 65
4 103
5 104
5 74
5 75
5 76
5 77
5 79
5 6
5 81
5 83
5 84
5 9
5 10
5 15
5 87
5 116
5 107
5 108
5 89
5 18
5 90
5 20
5 109
5 23
5 24
5 28
5 32
5 110
5 125
5 120
5 35
5 37
5 38
5 124
5 92
5 126
5 93
5 96
5 42
5 97
5 122
5 123
5 45
5 112
5 46
5 47
5 48
5 50
5 52
5 55
5 59
5 60
5 61
5 62
5 65
5 68
5 69
5 70
5 71
5 72
5 103
6 73
6 115
6 78
6 105
6 81
6 83
6 9
6 10
6 11
6 16
6 87
6 17
6 107
6 88
6 18
6 90
6 19
6 117
6 21
6 109
6 25
6 28
6 29
6 30
6 118
6 31
6 119
6 110
6 125
6 34
6 36
6 39
6 124
6 127
6 126
6 93
6 94
6 95
6 96
6 97
6 122
6 98
6 44
6 123
6 99
6 45
6 46
6 51
6 52
6 53
6 113
6 54
6 55
6 56
6 59
6 61
6 62
6 63
6 64
6 65
7 104
7 115
7 76
7 78
7 79
7 80
7 82
7 83
7 84
7 85
7 9
7 10
7 11
7 12
7 13
7 14
7 87
7 116
7 17
7 107
7 88
7 90
7 20
7 21
7 24
7 26
7 27
7 28
7 30
7 31
7 32
7 119
7 34
7 111
7 35
7 38
7 121
7 124
7 92
7 127
7 126
7 93
7 94
7 42
7 98
7 123
7 99
7 45
7 112
7 46
7 47
7 51
7 53
7 113
7 55
7 57
7 59
7 101
7 61
7 62
7 67
7 102
7 69
7 71
7 72
7 103
7 54
7 40
7 15
7 18
8 104
8 73
8 115
8 77
8 78
8 105
8 80
8 82
8 83
8 84
8 85
8 9
8 10
8 11
8 12
8 14
8 16
8 87
8 18
8 90
8 19
8 20
8 117
8 21
8 109
8 25
8 26
8 27
8 28
8 29
8 30
8 31
8 32
8 119
8 110
8 34
8 120
8 36
8 37
8 38
8 121
8 92
8 127
8 126
8 93
8 95
8 123
8 99
8 112
8 46
8 48
8 54
8 55
8 57
8 59
8 64
8 66
8 67
8 69
8 70
8 71
8 72
9 104
9 73
9 115
9 74
9 105
9 79
9 81
9 85
9 13
9 15
9 16
9 87
9 106
9 18
9 90
9 22
9 23
9 26
9 91
9 27
9 118
9 33
9 125
9 34
9 111
9 36
9 92
9 127
9 126
9 40
9 94
9 95
9 97
9 122
9 43
9 123
9 112
9 46
9 47
9 48
9 50
9 52
9 53
9 54
9 55
9 56
9 100
9 58
9 59
9 101
9 64
9 65
9 66
9 102
9 72
9 103
10 114
10 104
10 73
10 74
10 75
10 77
10 78
10 81
10 82
10 83
10 85
10 12
10 13
10 14
10 15
10 116
10 106
10 107
10 88
10 89
10 90
10 22
10 23
10 26
10 27
10 30
10 32
10 110
10 125
10 111
10 36
10 38
10 121
10 92
10 127
10 94
10 95
10 96
10 122
10 43
10 98
10 44
10 99
10 112
10 47
10 48
10 49
10 52
10 53
10 58
10 101
10 61
10 64
10 65
10 66
10 68
10 102
10 70
10 71
10 103
11 114
11 104
11 73
11 115
11 77
11 78
11 82
11 83
11 85
11 12
11 14
11 86
11 16
11 87
11 116
11 17
11 107
11 108
11 89
11 18
11 117
11 21
11 25
11 26
11 27
11 30
11 31
11 110
11 33
11 125
11 34
11 111
11 38
11 39
11 124
11 127
11 126
11 40
11 41
11 42
11 122
11 98
11 44
11 123
11 112
11 46
11 48
11 50
11 51
11 54
11 59
11 60
11 101
11 62
11 64
11 66
11 68
11 102
11 69
11 70
11 72
11 103
11 35
11 15
11 13
11 24
12 77
12 105
12 79
12 81
12 14
12 16
12 87
12 106
12 17
12 107
12 18
12 90
12 19
12 20
12 117
12 22
12 23
12 25
12 26
12 27
12 29
12 125
12 111
12 36
12 37
12 38
12 121
12 39
12 124
12 40
12 42
12 98
12 99
12 45
12 46
12 47
12 49
12 50
12 52
12 53
12 113
12 54
12 55
12 56
12 57
12 59
12 101
12 61
12 62
12 64
12 65
12 67
12 69
12 70
12 71
12 103
13 114
13 73
13 74
13 75
13 105
13 82
13 83
13 86
13 16
13 87
13 116
13 17
13 108
13 18
13 90
13 19
13 117
13 109
13 22
13 23
13 25
13 26
13 28
13 31
13 32
13 33
13 125
13 120
13 35
13 36
13 37
13 38
13 121
13 40
13 94
13 42
13 122
13 43
13 123
13 112
13 47
13 49
13 53
13 100
13 60
13 64
13 65
13 66
13 67
13 68
13 71
13 72
13 103
13 21
13 27
13 101
13 115
13 85
13 69
13 46
13 54
13 15
13 124
13 24
14 114
14 73
14 74
14 75
14 76
14 105
14 80
14 81
14 83
14 85
14 86
14 15
14 87
14 116
14 17
14 107
14 89
14 90
14 19
14 20
14 21
14 109
14 22
14 23
14 25
14 26
14 27
14 29
14 30
14 119
14 125
14 111
14 35
14 92
14 126
14 94
14 41
14 96
14 42
14 43
14 98
14 44
14 47
14 48
14 49
14 56
14 100
14 57
14 101
14 61
14 63
14 66
14 67
14 102
14 70
15 115
15 80
15 81
15 82
15 86
15 106
15 17
15 107
15 108
15 90
15 19
15 117
15 109
15 23
15 26
15 27
15 30
15 118
15 31
15 110
15 125
15 34
15 111
15 35
15 36
15 37
15 38
15 121
15 124
15 127
15 93
15 41
15 42
15 97
15 122
15 44
15 123
15 48
15 49
15 50
15 58
15 59
15 101
15 64
15 65
15 67
15 68
15 69
15 72
15 21
15 85
15 112
15 46
15 54
15 40
15 24
15 18
16 114
16 73
16 115
16 75
16 76
16 78
16 105
16 79
16 81
16 82
16 85
16 86
16 17
16 107
16 90
16 117
16 21
16 109
16 23
16 24
16 26
16 91
16 27
16 30
16 31
16 119
16 33
16 35
16 36
16 121
16 92
16 127
16 94
16 95
16 96
16 122
16 43
16 49
16 51
16 100
16 101
16 64
16 68
16 102
16 70
16 72
17 73
17 75
17 76
17 77
17 78
17 105
17 82
17 83
17 84
17 85
17 87
17 116
17 106
17 107
17 89
17 90
17 19
17 117
17 21
17 28
17 30
17 118
17 31
17 110
17 33
17 34
17 120
17 38
17 39
17 126
17 94
17 95
17 96
17 122
17 123
17 45
17 46
17 47
17 48
17 50
17 51
17 52
17 113
17 55
17 100
17 58
17 59
17 61
17 63
17 64
17 68
17 102
17 69
17 70
17 71
17 103
18 114
18 104
18 73
18 75
18 78
18 80
18 83
18 84
18 85
18 86
18 106
18 88
18 89
18 90
18 20
18 23
18 24
18 25
18 27
18 118
18 32
18 33
18 34
18 35
18 37
18 38
18 92
18 93
18 41
18 42
18 43
18 99
18 45
18 112
18 49
18 51
18 52
18 113
18 58
18 59
18 64
18 68
18 102
18 69
18 70
18 21
18 101
18 115
18 46
18 54
18 40
18 124
18 82
18 31
19 114
19 104
19 73
19 115
19 74
19 75
19 77
19 105
19 79
19 80
19 83
19 84
19 85
19 86
19 87
19 116
19 107
19 108
19 89
19 90
19 21
19 22
19 23
19 26
19 91
19 28
19 30
19 118
19 119
19 110
19 33
19 125
19 120
19 35
19 37
19 39
19 92
19 126
19 40
19 94
19 95
19 41
19 96
19 97
19 43
19 99
19 112
19 46
19 47
19 48
19 50
19 52
19 100
19 57
19 59
19 101
19 63
19 64
19 65
19 66
19 67
19 68
19 102
19 70
19 71
19 72
20 115
20 74
20 75
20 77
20 78
20 105
20 79
20 80
20 81
20 82
20 85
20 116
20 108
20 88
20 21
20 22
20 23
20 25
20 91
20 28
20 118
20 119
20 33
20 125
20 34
20 111
20 120
20 35
20 36
20 37
20 38
20 121
20 39
20 92
20 126
20 40
20 93
20 41
20 42
20 122
20 43
20 44
20 112
20 47
20 48
20 50
20 51
20 53
20 55
20 100
20 101
20 62
20 64
20 67
20 102
20 70
20 71
20 72
21 114
21 104
21 115
21 75
21 76
21 77
21 78
21 105
21 81
21 82
21 84
21 85
21 86
21 87
21 106
21 107
21 90
21 26
21 27
21 28
21 29
21 30
21 118
21 110
21 34
21 111
21 120
21 36
21 37
21 121
21 39
21 92
21 127
21 40
21 41
21 96
21 42
21 97
21 122
21 98
21 99
21 45
21 112
21 46
21 47
21 49
21 50
21 51
21 52
21 113
21 54
21 55
21 56
21 57
21 58
21 59
21 60
21 101
21 61
21 63
21 64
21 65
21 66
21 69
21 70
21 71
21 103
21 35
21 124
21 24
21 31
22 104
22 73
22 75
22 83
22 84
22 116
22 106
22 107
22 88
22 109
22 23
22 26
22 29
22 30
22 31
22 119
22 33
22 125
22 111
22 120
22 92
22 41
22 42
22 98
22 44
22 123
22 45
22 112
22 46
22 49
22 52
22 53
22 113
22 55
22 100
22 57
22 60
22 62
22 66
22 69
22 70
22 71
22 72
23 104
23 73
23 75
23 76
23 78
23 79
23 80
23 81
23 82
23 83
23 85
23 87
23 106
23 107
23 108
23 109
23 24
23 25
23 27
23 32
23 33
23 34
23 111
23 35
23 36
23 38
23 124
23 126
23 95
23 42
23 97
23 122
23 44
23 123
23 112
23 48
23 50
23 51
23 52
23 113
23 54
23 55
23 58
23 101
23 62
23 63
23 65
23 66
23 68
23 72
23 103
24 114
24 104
24 115
24 75
24 78
24 105
24 79
24 83
24 85
24 86
24 107
24 25
24 26
24 91
24 27
24 29
24 30
24 118
24 119
24 110
24 34
24 35
24 121
24 124
24 127
24 95
24 42
24 46
24 49
24 52
24 113
24 54
24 55
24 56
24 101
24 61
24 102
24 69
24 70
24 72
24 103
24 112
24 40
24 82
24 31
25 114
25 115
25 78
25 79
25 80
25 84
25 106
25 107
25 89
25 90
25 117
25 109
25 27
25 32
25 110
25 120
25 36
25 37
25 92
25 127
25 94
25 41
25 97
25 98
25 44
25 99
25 46
25 47
25 48
25 49
25 50
25 51
25 52
25 54
25 55
25 56
25 57
25 58
25 60
25 61
25 71
25 103
26 73
26 74
26 75
26 105
26 81
26 82
26 83
26 84
26 85
26 86
26 87
26 106
26 107
26 108
26 88
26 89
26 90
26 117
26 30
26 118
26 31
26 125
26 34
26 35
26 38
26 124
26 94
26 41
26 96
26 42
26 97
26 43
26 99
26 47
26 48
26 55
26 56
26 100
26 57
26 58
26 60
26 61
26 64
26 68
26 102
26 69
27 114
27 104
27 115
27 74
27 75
27 83
27 85
27 86
27 87
27 108
27 88
27 90
27 117
27 109
27 29
27 118
27 31
27 32
27 110
27 34
27 36
27 39
27 127
27 126
27 40
27 93
27 94
27 95
27 41
27 96
27 97
27 44
27 123
27 99
27 45
27 112
27 46
27 47
27 50
27 51
27 52
27 53
27 54
27 100
27 57
27 58
27 60
27 101
27 61
27 66
27 67
27 69
27 72
27 35
27 124
27 82
28 104
28 115
28 74
28 75
28 80
28 83
28 84
28 86
28 116
28 106
28 108
28 88
28 109
28 91
28 30
28 31
28 32
28 119
28 110
28 125
28 34
28 35
28 37
28 92
28 127
28 126
28 93
28 94
28 42
28 44
28 99
28 47
28 50
28 52
28 54
28 55
28 57
28 59
28 101
28 61
28 65
28 66
28 68
28 102
28 69
28 72
28 103
29 114
29 73
29 115
29 74
29 75
29 78
29 105
29 79
29 81
29 82
29 83
29 85
29 106
29 107
29 117
29 118
29 32
29 33
29 125
29 36
29 121
29 124
29 92
29 127
29 94
29 41
29 96
29 97
29 43
29 45
29 112
29 46
29 47
29 49
29 52
29 113
29 56
29 100
29 57
29 58
29 59
29 60
29 101
29 62
29 63
29 65
29 66
29 67
29 68
29 70
30 73
30 82
30 87
30 116
30 106
30 88
30 89
30 117
30 118
30 31
30 32
30 119
30 33
30 125
30 111
30 120
30 35
30 36
30 39
30 124
30 92
30 127
30 94
30 95
30 98
30 44
30 51
30 53
30 113
30 55
30 57
30 58
30 62
30 65
30 102
30 71
30 72
31 114
31 115
31 74
31 77
31 78
31 79
31 81
31 82
31 84
31 85
31 86
31 87
31 107
31 108
31 90
31 117
31 32
31 110
31 35
31 39
31 124
31 127
31 126
31 94
31 41
31 42
31 97
31 43
31 44
31 112
31 47
31 53
31 55
31 56
31 60
31 62
31 66
31 67
31 70
31 72
31 101
31 69
31 46
31 54
31 40
32 76
32 77
32 79
32 81
32 84
32 85
32 87
32 116
32 106
32 107
32 108
32 89
32 117
32 91
32 110
32 33
32 125
32 34
32 120
32 36
32 121
32 92
32 127
32 40
32 93
32 41
32 96
32 42
32 97
32 122
32 43
32 98
32 44
32 123
32 47
32 49
32 50
32 100
32 60
32 63
32 68
32 102
32 69
32 70
32 71
33 114
33 73
33 115
33 74
33 75
33 77
33 79
33 80
33 81
33 82
33 83
33 85
33 87
33 116
33 107
33 108
33 89
33 90
33 117
33 109
33 118
33 119
33 125
33 111
33 35
33 121
33 92
33 126
33 40
33 93
33 94
33 95
33 122
33 43
33 98
33 123
33 46
33 48
33 49
33 54
33 56
33 100
33 60
33 101
33 66
33 67
33 68
33 71
34 104
34 74
34 77
34 82
34 84
34 86
34 87
34 116
34 108
34 88
34 89
34 117
34 119
34 110
34 125
34 120
34 38
34 121
34 124
34 92
34 127
34 126
34 93
34 97
34 122
34 43
34 98
34 123
34 45
34 47
34 48
34 50
34 55
34 100
34 59
34 101
34 62
34 66
34 68
34 102
34 70
35 114
35 104
35 73
35 115
35 74
35 76
35 77
35 78
35 79
35 80
35 83
35 85
35 107
35 108
35 88
35 89
35 90
35 117
35 109
35 118
35 110
35 125
35 36
35 121
35 39
35 124
35 40
35 93
35 94
35 41
35 122
35 98
35 123
35 46
35 47
35 48
35 49
35 52
35 56
35 57
35 59
35 60
35 61
35 62
35 63
35 64
35 65
35 66
35 68
35 102
35 70
35 71
35 72
35 103
35 101
35 112
35 69
35 54
35 82
36 104
36 73
36 115
36 74
36 75
36 77
36 78
36 87
36 107
36 108
36 88
36 89
36 90
36 117
36 109
36 91
36 118
36 119
36 110
36 37
36 121
36 92
36 127
36 94
36 95
36 42
36 97
36 98
36 123
36 45
36 112
36 47
36 48
36 49
36 51
36 52
36 53
36 56
36 58
36 60
36 62
36 64
36 66
36 68
36 102
36 69
36 103
37 73
37 115
37 74
37 75
37 76
37 77
37 105
37 82
37 84
37 87
37 107
37 90
37 117
37 91
37 119
37 120
37 38
37 121
37 92
37 93
37 94
37 43
37 98
37 44
37 123
37 99
37 45
37 47
37 49
37 51
37 55
37 59
37 60
37 101
37 61
37 63
37 64
37 65
37 66
37 70
37 72
38 73
38 115
38 75
38 105
38 79
38 81
38 82
38 84
38 85
38 86
38 87
38 116
38 107
38 108
38 88
38 90
38 117
38 119
38 125
38 111
38 39
38 40
38 122
38 43
38 44
38 123
38 112
38 46
38 48
38 51
38 52
38 53
38 113
38 54
38 100
38 58
38 65
38 66
38 67
38 68
38 69
38 71
39 114
39 104
39 75
39 76
39 77
39 105
39 80
39 82
39 84
39 86
39 87
39 106
39 88
39 117
39 109
39 91
39 118
39 110
39 111
39 126
39 40
39 41
39 96
39 97
39 98
39 123
39 45
39 46
39 48
39 49
39 51
39 53
39 57
39 58
39 60
39 101
39 63
39 64
39 66
39 67
39 68
39 102
39 69
39 70
39 72
39 103
40 104
40 73
40 74
40 78
40 105
40 79
40 85
40 87
40 106
40 108
40 88
40 109
40 119
40 110
40 111
40 92
40 126
40 93
40 94
40 95
40 96
40 97
40 98
40 123
40 99
40 46
40 47
40 113
40 55
40 58
40 60
40 61
40 63
40 68
40 69
40 70
40 103
40 101
40 115
40 112
40 54
40 124
40 82
41 114
41 73
41 76
41 77
41 81
41 83
41 85
41 116
41 108
41 89
41 90
41 117
41 109
41 91
41 118
41 119
41 110
41 111
41 124
41 92
41 93
41 94
41 95
41 42
41 122
41 43
41 44
41 47
41 51
41 55
41 56
41 100
41 61
41 63
41 66
41 68
41 102
41 69
41 70
42 114
42 74
42 75
42 76
42 77
42 78
42 105
42 80
42 83
42 84
42 86
42 87
42 116
42 88
42 89
42 90
42 117
42 91
42 118
42 119
42 110
42 120
42 124
42 127
42 126
42 97
42 98
42 44
42 123
42 99
42 47
42 51
42 113
42 54
42 56
42 100
42 61
42 62
42 65
42 66
42 67
42 102
42 70
42 71
42 72
43 104
43 115
43 74
43 76
43 78
43 80
43 82
43 84
43 106
43 107
43 108
43 89
43 90
43 109
43 91
43 118
43 110
43 121
43 127
43 96
43 97
43 123
43 99
43 112
43 48
43 50
43 51
43 53
43 57
43 58
43 60
43 61
43 62
43 63
43 66
44 73
44 115
44 74
44 75
44 77
44 79
44 80
44 81
44 82
44 84
44 85
44 86
44 116
44 107
44 117
44 91
44 118
44 125
44 120
44 121
44 92
44 126
44 94
44 97
44 122
44 98
44 123
44 112
44 46
44 47
44 48
44 49
44 50
44 51
44 53
44 113
44 56
44 100
44 57
44 101
44 66
44 67
44 102
44 69
44 71
44 72
45 104
45 115
45 74
45 75
45 76
45 77
45 78
45 79
45 81
45 82
45 83
45 84
45 85
45 87
45 116
45 106
45 90
45 109
45 91
45 119
45 111
45 120
45 127
45 126
45 93
45 94
45 96
45 123
45 112
45 48
45 49
45 113
45 54
45 58
45 101
45 61
45 62
45 63
45 64
45 65
45 67
45 68
45 102
45 69
45 70
45 72
46 114
46 73
46 115
46 74
46 75
46 78
46 105
46 79
46 81
46 83
46 85
46 87
46 108
46 89
46 91
46 118
46 110
46 125
46 120
46 121
46 124
46 127
46 126
46 94
46 98
46 99
46 112
46 48
46 51
46 58
46 101
46 61
46 62
46 66
46 68
46 102
46 69
46 71
46 72
46 103
46 54
46 82
47 75
47 79
47 80
47 81
47 82
47 83
47 84
47 86
47 116
47 106
47 107
47 108
47 88
47 91
47 118
47 110
47 124
47 92
47 127
47 126
47 93
47 94
47 95
47 97
47 122
47 123
47 99
47 112
47 50
47 54
47 100
47 61
47 62
47 65
47 66
47 68
47 102
48 104
48 73
48 74
48 75
48 78
48 105
48 82
48 83
48 86
48 108
48 88
48 89
48 90
48 109
48 91
48 118
48 110
48 125
48 121
48 124
48 127
48 94
48 95
48 97
48 123
48 112
48 49
48 51
48 52
48 53
48 54
48 61
48 62
48 63
48 65
48 102
48 69
48 70
48 72
48 103
49 104
49 74
49 77
49 79
49 81
49 82
49 84
49 85
49 86
49 106
49 107
49 108
49 90
49 117
49 119
49 125
49 111
49 124
49 92
49 126
49 93
49 95
49 96
49 122
49 98
49 99
49 112
49 52
49 113
49 56
49 57
49 59
49 101
49 61
49 64
49 66
49 68
49 71
49 103
50 73
50 74
50 75
50 76
50 77
50 78
50 79
50 82
50 83
50 84
50 116
50 106
50 108
50 88
50 117
50 91
50 119
50 110
50 124
50 92
50 127
50 126
50 94
50 97
50 98
50 123
50 99
50 51
50 52
50 55
50 56
50 57
50 59
50 60
50 61
50 63
50 64
50 65
50 67
50 102
50 69
50 71
51 114
51 115
51 74
51 75
51 77
51 78
51 80
51 81
51 82
51 83
51 84
51 87
51 107
51 88
51 90
51 119
51 125
51 111
51 120
51 121
51 124
51 127
51 93
51 94
51 95
51 98
51 123
51 52
51 53
51 54
51 55
51 56
51 57
51 60
51 101
51 61
51 62
51 69
51 70
51 71
51 72
52 114
52 104
52 74
52 77
52 79
52 82
52 83
52 84
52 86
52 87
52 106
52 108
52 88
52 90
52 91
52 118
52 119
52 110
52 124
52 92
52 127
52 126
52 94
52 96
52 97
52 54
52 55
52 57
52 101
52 61
52 62
52 63
52 65
52 66
52 103
53 114
53 104
53 115
53 74
53 75
53 76
53 105
53 81
53 85
53 107
53 108
53 117
53 109
53 118
53 119
53 110
53 120
53 121
53 124
53 93
53 95
53 96
53 98
53 123
53 99
53 112
53 55
53 57
53 58
53 60
53 62
53 65
53 66
53 67
53 68
53 70
53 71
53 72
53 103
54 104
54 73
54 79
54 82
54 83
54 84
54 116
54 88
54 89
54 90
54 119
54 111
54 120
54 121
54 92
54 98
54 99
54 112
54 55
54 56
54 57
54 101
54 63
54 64
54 65
54 66
54 102
54 69
54 70
54 71
54 72
54 103
54 115
54 85
54 124
55 114
55 104
55 73
55 115
55 74
55 76
55 77
55 78
55 79
55 82
55 83
55 84
55 87
55 106
55 88
55 90
55 91
55 118
55 125
55 111
55 120
55 92
55 127
55 93
55 94
55 95
55 96
55 122
55 123
55 56
55 58
55 60
55 101
55 61
55 65
55 66
55 68
55 103
56 114
56 115
56 74
56 77
56 78
56 79
56 80
56 81
56 82
56 86
56 87
56 116
56 108
56 88
56 89
56 90
56 91
56 119
56 110
56 120
56 121
56 92
56 93
56 97
56 112
56 113
56 100
56 58
56 59
56 60
56 61
56 65
56 66
56 69
57 114
57 104
57 73
57 115
57 74
57 75
57 76
57 77
57 78
57 80
57 81
57 86
57 108
57 89
57 109
57 91
57 118
57 119
57 110
57 121
57 92
57 127
57 126
57 93
57 94
57 95
57 96
57 122
57 98
57 112
57 60
57 61
57 62
57 66
57 67
57 70
57 71
57 103
58 114
58 104
58 115
58 77
58 80
58 81
58 85
58 87
58 116
58 106
58 108
58 117
58 91
58 119
58 110
58 120
58 121
58 124
58 126
58 93
58 94
58 98
58 100
58 60
58 61
58 62
58 64
58 69
58 70
58 71
58 72
59 73
59 76
59 105
59 79
59 81
59 84
59 87
59 106
59 108
59 89
59 90
59 117
59 118
59 110
59 125
59 111
59 120
59 121
59 124
59 127
59 126
59 96
59 98
59 123
59 60
59 62
59 64
59 65
59 66
59 68
59 102
59 70
60 73
60 115
60 75
60 76
60 79
60 82
60 84
60 86
60 87
60 107
60 88
60 89
60 109
60 91
60 118
60 119
60 120
60 92
60 126
60 94
60 96
60 122
60 98
60 100
60 61
60 63
60 65
60 66
60 68
60 102
60 69
60 70
61 115
61 74
61 75
61 76
61 83
61 84
61 86
61 87
61 116
61 106
61 88
61 90
61 109
61 91
61 119
61 110
61 125
61 121
61 94
61 97
61 98
61 123
61 99
61 112
61 113
61 100
61 62
61 65
61 102
61 70
61 71
61 72
62 114
62 73
62 115
62 74
62 76
62 77
62 78
62 79
62 81
62 82
62 86
62 116
62 109
62 91
62 118
62 119
62 125
62 111
62 124
62 126
62 95
62 96
62 97
62 123
62 99
62 112
62 100
62 101
62 63
62 64
62 66
62 67
62 68
62 102
62 69
62 70
62 72
62 103
63 115
63 74
63 75
63 76
63 77
63 78
63 105
63 85
63 86
63 87
63 106
63 107
63 119
63 110
63 124
63 92
63 127
63 93
63 95
63 97
63 122
63 123
63 113
63 100
63 101
63 64
63 65
63 67
63 68
63 102
63 69
63 70
63 71
63 72
63 103
64 114
64 115
64 75
64 105
64 80
64 83
64 85
64 86
64 88
64 117
64 119
64 110
64 111
64 120
64 92
64 94
64 95
64 96
64 123
64 99
64 70
64 71
65 114
65 104
65 74
65 75
65 105
65 80
65 81
65 84
65 85
65 87
65 116
65 106
65 108
65 88
65 91
65 119
65 110
65 111
65 120
65 124
65 93
65 94
65 95
65 122
65 123
65 100
65 67
65 68
65 102
65 72
66 114
66 104
66 73
66 77
66 84
66 85
66 106
66 107
66 89
66 90
66 117
66 91
66 119
66 125
66 111
66 120
66 121
66 95
66 97
66 122
66 98
66 99
66 112
66 101
66 68
66 72
67 114
67 104
67 76
67 77
67 78
67 80
67 83
67 84
67 88
67 89
67 90
67 109
67 119
67 110
67 111
67 121
67 92
67 95
67 96
67 122
67 98
67 123
67 99
67 112
67 113
67 68
67 69
67 70
67 71
67 103
68 104
68 73
68 75
68 76
68 81
68 83
68 116
68 88
68 89
68 90
68 117
68 91
68 118
68 119
68 93
68 97
68 98
68 99
68 102
68 103
69 115
69 78
69 105
69 79
69 81
69 82
69 84
69 85
69 86
69 87
69 107
69 89
69 117
69 118
69 121
69 124
69 92
69 127
69 126
69 93
69 94
69 95
69 96
69 123
69 99
69 112
69 113
69 100
69 101
69 102
69 103
70 104
70 115
70 75
70 105
70 79
70 81
70 83
70 86
70 106
70 107
70 108
70 89
70 90
70 109
70 119
70 125
70 111
70 124
70 126
70 122
70 98
70 112
70 100
70 101
71 104
71 73
71 115
71 75
71 76
71 80
71 85
71 86
71 116
71 108
71 88
71 89
71 109
71 91
71 119
71 110
71 125
71 111
71 120
71 121
71 97
71 122
71 112
71 113
71 100
71 101
71 102
71 72
71 103
72 114
72 115
72 74
72 77
72 78
72 80
72 82
72 83
72 86
72 87
72 116
72 108
72 88
72 89
72 90
72 125
72 120
72 121
72 92
72 126
72 93
72 94
72 97
72 123
72 99
72 112
72 100
72 101
73 74
73 77
73 105
73 79
73 82
73 83
73 85
73 87
73 116
73 88
73 89
73 109
73 91
73 125
73 111
73 120
73 121
73 92
73 126
73 94
73 122
73 99
73 101
73 102
74 114
74 104
74 115
74 75
74 77
74 78
74 105
74 80
74 82
74 84
74 85
74 86
74 87
74 116
74 107
74 89
74 117
74 109
74 110
74 125
74 127
74 126
74 96
74 122
74 98
74 99
74 112
74 113
74 100
74 102
75 104
75 76
75 77
75 79
75 83
75 85
75 116
75 106
75 108
75 88
75 90
75 117
75 91
75 118
75 125
75 111
75 120
75 121
75 92
75 93
75 94
75 97
75 123
75 99
75 112
75 100
75 103
76 114
76 79
76 80
76 83
76 84
76 85
76 86
76 116
76 107
76 108
76 90
76 109
76 91
76 121
76 92
76 127
76 126
76 122
76 112
76 101
77 104
77 115
77 78
77 81
77 82
77 83
77 85
77 86
77 87
77 116
77 89
77 90
77 117
77 118
77 110
77 125
77 111
77 120
77 124
77 92
77 127
77 96
77 97
77 98
77 123
77 99
77 113
77 101
77 103
78 104
78 105
78 79
78 81
78 82
78 83
78 84
78 86
78 106
78 88
78 89
78 90
78 117
78 109
78 91
78 118
78 111
78 120
78 121
78 127
78 126
78 95
78 97
78 98
78 123
78 113
78 100
79 114
79 104
79 80
79 81
79 84
79 86
79 87
79 116
79 88
79 90
79 109
79 91
79 118
79 119
79 111
79 127
79 126
79 94
79 96
79 122
79 99
79 112
79 102
79 103
80 114
80 115
80 105
80 81
80 85
80 86
80 87
80 106
80 108
80 88
80 90
80 117
80 91
80 118
80 119
80 125
80 127
80 93
80 113
80 103
81 104
81 115
81 105
81 83
81 84
81 85
81 87
81 106
81 107
81 88
81 117
81 91
81 118
81 125
81 120
81 92
81 127
81 126
81 96
81 98
81 123
81 99
81 101
81 103
82 114
82 115
82 105
82 85
82 86
82 107
82 108
82 90
82 91
82 124
82 92
82 127
82 126
82 94
82 95
82 96
82 97
82 122
82 123
82 112
82 100
82 101
83 114
83 115
83 105
83 84
83 106
83 107
83 88
83 89
83 109
83 91
83 118
83 121
83 93
83 96
83 123
83 99
83 113
83 100
83 101
83 103
84 114
84 115
84 105
84 85
84 86
84 87
84 116
84 108
84 88
84 89
84 90
84 109
84 91
84 118
84 119
84 110
84 125
84 121
84 124
84 126
84 95
84 122
84 99
84 113
85 114
85 104
85 115
85 105
85 116
85 106
85 107
85 108
85 88
85 117
85 118
85 119
85 121
85 92
85 127
85 95
85 97
85 112
85 101
85 124
86 114
86 105
86 87
86 106
86 107
86 88
86 91
86 119
86 110
86 125
86 111
86 120
86 121
86 92
86 127
86 93
86 95
86 96
86 98
86 123
86 99
86 112
86 100
87 104
87 115
87 105
87 106
87 107
87 108
87 91
87 119
87 110
87 120
87 121
87 124
87 127
87 94
87 95
87 98
87 99
87 113
87 102
88 114
88 115
88 116
88 106
88 108
88 91
88 119
88 120
88 121
88 124
88 92
88 126
88 95
88 97
88 122
88 112
88 100
88 102
89 104
89 115
89 116
89 106
89 107
89 108
89 118
89 119
89 110
89 125
89 121
89 124
89 127
89 95
89 96
89 123
89 112
89 113
89 100
89 101
89 103
90 104
90 115
90 106
90 107
90 109
90 125
90 111
90 120
90 121
90 127
90 126
90 95
90 122
90 98
90 123
90 112
90 100
90 102
91 104
91 105
91 106
91 107
91 108
91 109
91 118
91 119
91 110
91 125
91 111
91 120
91 124
91 92
91 94
91 96
91 97
91 98
91 112
91 101
91 102
91 103
92 114
92 105
92 116
92 106
92 107
92 118
92 111
92 120
92 121
92 124
92 127
92 126
92 94
92 95
92 97
92 122
92 98
92 123
92 112
92 100
93 114
93 115
93 116
93 106
93 107
93 108
93 109
93 118
93 125
93 120
93 126
93 94
93 98
93 113
93 100
93 102
93 103
94 116
94 106
94 108
94 118
94 111
94 120
94 121
94 127
94 113
94 101
94 102
95 114
95 106
95 108
95 119
95 110
95 111
95 124
95 127
95 123
95 99
95 112
95 100
95 101
95 102
96 114
96 104
96 115
96 116
96 109
96 110
96 125
96 120
96 121
96 124
96 127
96 122
96 123
96 99
96 101
96 102
97 104
97 115
97 105
97 116
97 106
97 107
97 117
97 118
97 125
97 120
97 127
97 126
97 123
97 99
97 112
97 113
97 100
97 101
97 103
98 114
98 104
98 115
98 116
98 106
98 107
98 108
98 118
98 119
98 120
98 121
98 122
98 123
98 113
98 100
98 101
98 102
99 114
99 115
99 116
99 106
99 117
99 118
99 125
99 111
99 120
99 124
99 127
99 126
99 112
99 100
99 101
99 103
100 114
100 106
100 108
100 119
100 111
100 120
100 121
100 127
100 122
100 123
100 112
100 101
100 103
101 104
101 115
101 116
101 108
101 118
101 111
101 121
101 126
101 112
101 113
101 103
101 124
102 105
102 116
102 106
102 119
102 110
102 125
102 127
102 126
102 122
102 123
102 113
102 103
103 114
103 115
103 105
103 108
103 117
103 119
103 125
103 121
103 127
103 122
103 112
104 115
104 106
104 107
104 108
104 109
104 121
104 124
104 127
104 126
104 123
105 116
105 107
105 109
105 110
105 125
105 111
105 127
105 126
105 122
105 112
105 113
106 109
106 119
106 110
106 111
106 121
106 124
106 112
107 114
107 116
107 110
107 120
107 121
107 126
107 122
107 123
108 114
108 117
108 119
108 110
108 111
108 127
108 126
108 122
108 112
109 114
109 115
109 117
109 118
109 119
109 110
109 111
109 127
109 126
109 122
109 112
110 114
110 116
110 117
110 118
110 120
110 127
110 126
110 122
110 112
111 114
111 115
111 116
111 119
111 126
111 123
111 113
112 114
112 115
112 116
112 119
112 121
112 124
112 127
113 117
113 118
113 119
113 120
113 121
113 127
113 122
113 123
114 116
114 117
114 125
114 121
114 127
114 126
114 122
115 125
115 121
115 126
115 122
115 118
115 119
115 120
115 123
115 124
116 117
116 118
116 122
116 123
117 118
117 125
117 120
117 121
117 126
118 125
118 121
118 127
118 126
118 122
118 123
118 120
118 119
119 125
119 121
119 122
119 123
120 125
120 122
120 124
121 126
121 123
122 126
122 123
123 125
123 124
124 125
125 127
125 126
