0 1
0 2
0 3
0 4
0 5
0 6
0 7
0 8
0 9
0 10
0 11
0 12
0 13
0 14
0 15
0 16
0 17
0 18
0 19
0 20
0 21
0 22
0 23
0 24
0 25
0 26
0 27
0 28
0 29
0 30
0 31
0 32
0 33
0 34
0 35
0 36
0 37
0 38
0 39
0 40
0 41
0 42
0 43
0 44
0 45
0 46
0 47
0 48
0 49
0 50
0 51
0 52
0 53
0 54
0 55
0 56
0 57
0 58
0 59
0 60
0 61
0 62
0 63
0 64
0 65
0 66
0 67
0 68
0 69
0 70
0 71
0 72
0 73
0 74
0 76
1 3
1 4
1 77
1 78
1 79
1 6
1 80
1 81
1 82
1 83
1 84
1 85
1 9
1 10
1 86
1 87
1 14
1 15
1 16
1 88
1 18
1 89
1 19
1 20
1 90
1 91
1 24
1 92
1 26
1 27
1 29
1 93
1 94
1 33
1 95
1 34
1 96
1 40
1 97
1 44
1 98
1 48
1 50
1 51
1 55
1 57
1 58
1 99
1 100
1 62
1 68
1 69
1 70
1 72
1 101
1 102
1 103
1 104
1 74
1 105
2 106
2 107
2 3
2 4
2 5
2 77
2 79
2 80
2 108
2 8
2 109
2 110
2 82
2 83
2 84
2 85
2 10
2 86
2 87
2 12
2 15
2 17
2 88
2 89
2 21
2 23
2 24
2 25
2 92
2 29
2 93
2 111
2 32
2 95
2 34
2 112
2 113
2 37
2 38
2 39
2 40
2 42
2 44
2 98
2 114
2 46
2 115
2 49
2 55
2 116
2 56
2 57
2 58
2 59
2 99
2 60
2 117
2 100
2 61
2 62
2 63
2 64
2 65
2 66
2 67
2 118
2 119
2 71
2 72
2 101
2 104
2 74
2 76
2 105
3 5
3 77
3 78
3 79
3 6
3 80
3 81
3 120
3 121
3 108
3 7
3 8
3 82
3 122
3 10
3 86
3 87
3 12
3 13
3 88
3 18
3 19
3 20
3 90
3 91
3 22
3 23
3 24
3 26
3 28
3 29
3 30
3 93
3 31
3 95
3 113
3 37
3 123
3 39
3 42
3 97
3 124
3 114
3 46
3 47
3 50
3 54
3 55
3 116
3 60
3 100
3 62
3 63
3 64
3 65
3 67
3 68
3 118
3 69
3 119
3 71
3 73
3 102
3 103
3 75
3 76
3 105
4 107
4 5
4 77
4 79
4 6
4 8
4 109
4 110
4 82
4 85
4 9
4 11
4 86
4 87
4 14
4 17
4 19
4 20
4 21
4 90
4 91
4 22
4 23
4 24
4 27
4 29
4 93
4 31
4 34
4 35
4 36
4 37
4 38
4 40
4 42
4 97
4 43
4 124
4 98
4 114
4 45
4 50
4 52
4 53
4 116
4 58
4 59
4 60
4 64
4 65
4 67
4 118
4 70
4 119
4 71
4 72
4 73
4 102
4 103
4 105
5 107
5 79
5 6
5 81
5 120
5 121
5 8
5 110
5 84
5 9
5 11
5 86
5 87
5 12
5 13
5 15
5 17
5 18
5 89
5 19
5 20
5 23
5 125
5 27
5 29
5 30
5 94
5 33
5 95
5 34
5 112
5 36
5 113
5 96
5 123
5 39
5 97
5 43
5 44
5 114
5 45
5 47
5 48
5 49
5 51
5 53
5 126
5 127
5 54
5 58
5 117
5 100
5 64
5 67
5 69
5 70
5 72
5 73
5 102
5 104
5 75
5 76
6 79
6 80
6 81
6 121
6 7
6 8
6 82
6 83
6 84
6 9
6 10
6 11
6 12
6 17
6 90
6 23
6 125
6 26
6 27
6 28
6 30
6 33
6 95
6 34
6 112
6 35
6 36
6 113
6 38
6 40
6 42
6 97
6 43
6 124
6 44
6 98
6 114
6 48
6 115
6 49
6 51
6 52
6 53
6 126
6 56
6 57
6 59
6 99
6 60
6 117
6 65
6 66
6 67
6 70
6 119
6 72
6 101
6 103
6 104
6 74
7 107
7 78
7 80
7 81
7 84
7 85
7 122
7 10
7 11
7 87
7 12
7 14
7 15
7 88
7 18
7 89
7 19
7 21
7 92
7 26
7 28
7 94
7 111
7 32
7 95
7 112
7 36
7 113
7 37
7 38
7 123
7 40
7 41
7 97
7 124
7 44
7 98
7 114
7 45
7 46
7 48
7 115
7 49
7 53
7 127
7 54
7 55
7 56
7 100
7 61
7 64
7 65
7 66
7 70
7 119
7 71
7 102
7 74
7 75
7 105
8 106
8 107
8 78
8 109
8 110
8 82
8 84
8 122
8 11
8 86
8 87
8 17
8 88
8 20
8 21
8 22
8 24
8 25
8 26
8 27
8 30
8 93
8 111
8 32
8 34
8 35
8 113
8 37
8 123
8 40
8 41
8 42
8 97
8 124
8 98
8 114
8 45
8 48
8 115
8 49
8 50
8 51
8 126
8 127
8 57
8 58
8 99
8 60
8 100
8 62
8 63
8 64
8 66
8 67
8 68
8 118
8 119
8 71
8 72
8 73
8 104
8 105
8 14
8 75
8 46
8 70
8 33
8 28
9 106
9 77
9 79
9 80
9 81
9 121
9 108
9 109
9 82
9 83
9 122
9 11
9 20
9 90
9 24
9 25
9 29
9 94
9 111
9 31
9 34
9 112
9 36
9 37
9 96
9 38
9 123
9 39
9 40
9 42
9 97
9 124
9 44
9 114
9 45
9 46
9 48
9 115
9 49
9 52
9 53
9 116
9 57
9 99
9 117
9 100
9 63
9 64
9 67
9 68
9 70
9 119
9 72
9 73
9 103
9 74
9 75
10 106
10 77
10 79
10 81
10 120
10 108
10 109
10 82
10 11
10 87
10 13
10 15
10 18
10 89
10 20
10 90
10 91
10 22
10 23
10 125
10 92
10 26
10 30
10 93
10 33
10 95
10 112
10 36
10 96
10 123
10 39
10 40
10 41
10 42
10 97
10 114
10 45
10 47
10 49
10 53
10 54
10 56
10 60
10 117
10 100
10 61
10 62
10 63
10 64
10 71
10 73
10 74
10 105
11 106
11 107
11 78
11 79
11 81
11 120
11 108
11 122
11 86
11 87
11 12
11 13
11 15
11 16
11 18
11 20
11 90
11 22
11 24
11 25
11 26
11 27
11 93
11 111
11 95
11 36
11 38
11 123
11 40
11 97
11 43
11 44
11 98
11 47
11 48
11 49
11 52
11 53
11 126
11 54
11 116
11 59
11 61
11 62
11 119
11 71
11 73
11 103
11 104
11 76
12 107
12 77
12 78
12 79
12 80
12 109
12 110
12 83
12 84
12 14
12 15
12 17
12 88
12 18
12 20
12 21
12 22
12 25
12 92
12 26
12 29
12 94
12 95
12 112
12 113
12 37
12 96
12 39
12 42
12 124
12 44
12 98
12 45
12 49
12 51
12 52
12 53
12 126
12 127
12 54
12 116
12 56
12 57
12 58
12 59
12 99
12 62
12 63
12 64
12 65
12 68
12 118
12 69
12 70
12 71
12 72
12 101
12 102
12 76
12 105
13 77
13 78
13 108
13 110
13 85
13 122
13 86
13 15
13 17
13 89
13 90
13 22
13 24
13 125
13 26
13 28
13 94
13 32
13 34
13 112
13 35
13 36
13 113
13 37
13 38
13 124
13 44
13 98
13 114
13 45
13 46
13 48
13 50
13 51
13 126
13 127
13 116
13 58
13 65
13 118
13 119
13 72
13 101
13 102
13 104
13 75
13 76
14 107
14 108
14 82
14 85
14 122
14 87
14 16
14 18
14 89
14 19
14 20
14 21
14 90
14 25
14 92
14 27
14 29
14 30
14 93
14 94
14 111
14 33
14 95
14 34
14 35
14 36
14 38
14 123
14 39
14 97
14 45
14 46
14 48
14 54
14 57
14 100
14 61
14 63
14 65
14 67
14 68
14 118
14 70
14 103
14 104
14 71
14 73
14 72
14 41
14 22
14 75
14 50
14 28
14 99
15 79
15 80
15 81
15 120
15 121
15 110
15 83
15 84
15 86
15 87
15 16
15 17
15 88
15 18
15 89
15 19
15 20
15 21
15 22
15 23
15 24
15 25
15 92
15 26
15 29
15 30
15 31
15 32
15 33
15 95
15 34
15 112
15 36
15 37
15 96
15 38
15 41
15 97
15 44
15 114
15 45
15 115
15 51
15 52
15 126
15 127
15 116
15 57
15 59
15 64
15 65
15 66
15 68
15 69
15 70
15 119
15 102
15 103
15 104
15 74
15 75
15 76
15 105
16 106
16 107
16 77
16 80
16 81
16 120
16 121
16 110
16 82
16 85
16 86
16 89
16 19
16 20
16 90
16 23
16 24
16 25
16 125
16 26
16 27
16 30
16 93
16 111
16 31
16 32
16 36
16 113
16 37
16 38
16 123
16 40
16 42
16 97
16 47
16 115
16 49
16 52
16 54
16 55
16 56
16 59
16 99
16 60
16 117
16 62
16 64
16 65
16 67
16 118
16 69
16 119
16 71
16 72
16 101
16 73
16 103
16 74
16 75
16 105
17 78
17 79
17 80
17 81
17 120
17 121
17 108
17 86
17 88
17 19
17 91
17 22
17 24
17 92
17 27
17 28
17 111
17 31
17 32
17 112
17 35
17 36
17 113
17 37
17 123
17 39
17 40
17 97
17 45
17 47
17 48
17 49
17 53
17 126
17 127
17 58
17 60
17 117
17 100
17 61
17 62
17 63
17 67
17 68
17 69
17 70
17 71
17 104
17 75
17 105
18 106
18 107
18 78
18 79
18 80
18 81
18 120
18 121
18 108
18 110
18 83
18 84
18 122
18 86
18 89
18 19
18 20
18 21
18 91
18 22
18 23
18 25
18 125
18 92
18 26
18 27
18 29
18 30
18 93
18 94
18 34
18 112
18 37
18 114
18 45
18 47
18 115
18 49
18 52
18 54
18 58
18 99
18 117
18 100
18 61
18 64
18 66
18 68
18 118
18 69
18 71
18 101
18 103
18 104
18 75
18 76
19 107
19 78
19 80
19 81
19 120
19 108
19 109
19 82
19 85
19 86
19 87
19 89
19 22
19 23
19 125
19 93
19 111
19 31
19 32
19 95
19 112
19 35
19 36
19 113
19 38
19 39
19 40
19 41
19 42
19 97
19 44
19 45
19 47
19 48
19 115
19 52
19 54
19 116
19 56
19 58
19 59
19 60
19 117
19 100
19 62
19 63
19 64
19 65
19 67
19 119
19 72
19 102
19 103
19 104
19 75
19 76
19 105
20 106
20 107
20 77
20 78
20 79
20 121
20 109
20 83
20 84
20 85
20 88
20 21
20 91
20 22
20 92
20 94
20 31
20 32
20 112
20 36
20 113
20 37
20 38
20 123
20 40
20 43
20 44
20 98
20 47
20 115
20 49
20 50
20 52
20 127
20 55
20 116
20 58
20 59
20 60
20 62
20 63
20 64
20 66
20 67
20 118
20 72
20 104
21 106
21 107
21 77
21 78
21 120
21 109
21 110
21 82
21 84
21 88
21 90
21 91
21 22
21 24
21 25
21 125
21 26
21 27
21 28
21 30
21 93
21 94
21 31
21 34
21 112
21 35
21 40
21 41
21 97
21 44
21 98
21 114
21 45
21 47
21 50
21 52
21 126
21 127
21 54
21 55
21 117
21 100
21 62
21 63
21 65
21 68
21 71
21 75
21 105
22 106
22 107
22 77
22 81
22 108
22 109
22 110
22 82
22 83
22 84
22 122
22 86
22 89
22 91
22 125
22 92
22 27
22 28
22 29
22 94
22 31
22 34
22 35
22 36
22 37
22 96
22 39
22 41
22 42
22 43
22 44
22 98
22 45
22 46
22 47
22 48
22 115
22 51
22 126
22 127
22 55
22 60
22 62
22 65
22 66
22 67
22 68
22 118
22 69
22 70
22 71
22 72
22 73
22 102
22 103
22 104
22 105
22 75
22 50
22 33
22 123
22 99
23 107
23 79
23 80
23 81
23 120
23 82
23 83
23 85
23 122
23 87
23 88
23 89
23 91
23 125
23 27
23 29
23 93
23 94
23 31
23 34
23 112
23 36
23 113
23 38
23 123
23 39
23 40
23 41
23 97
23 43
23 44
23 98
23 114
23 45
23 46
23 48
23 115
23 49
23 50
23 51
23 52
23 53
23 126
23 127
23 55
23 116
23 56
23 99
23 61
23 62
23 63
23 70
23 71
23 72
23 101
23 73
23 102
23 103
23 104
23 76
23 105
24 106
24 77
24 78
24 79
24 80
24 121
24 109
24 82
24 122
24 86
24 89
24 91
24 92
24 26
24 27
24 28
24 29
24 34
24 112
24 35
24 38
24 123
24 41
24 43
24 44
24 98
24 45
24 47
24 48
24 126
24 54
24 116
24 56
24 58
24 60
24 64
24 67
24 68
24 118
24 70
24 71
24 73
24 102
24 104
24 74
24 76
25 78
25 81
25 120
25 108
25 109
25 110
25 82
25 83
25 85
25 122
25 87
25 88
25 91
25 92
25 28
25 29
25 30
25 32
25 33
25 112
25 36
25 113
25 96
25 39
25 41
25 42
25 97
25 44
25 114
25 46
25 47
25 48
25 51
25 52
25 126
25 127
25 55
25 116
25 58
25 59
25 99
25 60
25 100
25 62
25 63
25 64
25 118
25 69
25 70
25 119
25 102
25 103
26 106
26 77
26 78
26 80
26 81
26 120
26 121
26 109
26 82
26 122
26 86
26 87
26 90
26 91
26 125
26 28
26 29
26 94
26 32
26 33
26 112
26 113
26 38
26 123
26 39
26 41
26 42
26 124
26 98
26 46
26 48
26 50
26 52
26 126
26 127
26 54
26 59
26 99
26 60
26 61
26 62
26 63
26 64
26 66
26 67
26 68
26 101
26 73
26 102
26 103
26 75
26 105
27 107
27 81
27 120
27 121
27 108
27 82
27 83
27 84
27 85
27 86
27 88
27 89
27 90
27 91
27 125
27 94
27 31
27 95
27 34
27 36
27 113
27 37
27 123
27 41
27 42
27 97
27 98
27 45
27 46
27 47
27 50
27 51
27 127
27 99
27 60
27 61
27 63
27 64
27 65
27 66
27 67
27 68
27 118
27 69
27 71
27 72
27 73
27 103
27 104
27 74
27 76
27 35
27 75
27 70
27 33
27 28
28 106
28 78
28 120
28 121
28 108
28 110
28 82
28 83
28 85
28 122
28 86
28 87
28 90
28 91
28 94
28 111
28 33
28 35
28 36
28 113
28 37
28 96
28 38
28 41
28 42
28 44
28 114
28 50
28 126
28 127
28 56
28 57
28 58
28 99
28 117
28 100
28 61
28 62
28 66
28 67
28 118
28 72
28 101
28 73
28 102
28 76
28 104
28 71
28 45
28 107
28 75
28 46
28 70
28 123
29 77
29 78
29 80
29 81
29 121
29 108
29 110
29 83
29 86
29 87
29 89
29 91
29 125
29 112
29 35
29 36
29 113
29 37
29 96
29 123
29 39
29 40
29 42
29 43
29 45
29 115
29 51
29 52
29 53
29 116
29 56
29 117
29 100
29 62
29 63
29 65
29 66
29 118
29 69
29 119
29 71
29 101
29 104
29 75
29 105
30 106
30 77
30 79
30 80
30 121
30 109
30 110
30 84
30 85
30 122
30 87
30 89
30 93
30 94
30 31
30 32
30 112
30 37
30 123
30 41
30 97
30 43
30 124
30 98
30 114
30 46
30 47
30 48
30 115
30 49
30 51
30 53
30 127
30 54
30 55
30 116
30 57
30 58
30 60
30 61
30 62
30 63
30 66
30 68
30 70
30 119
30 71
30 102
30 103
30 104
30 76
31 106
31 107
31 78
31 79
31 81
31 120
31 109
31 110
31 82
31 84
31 85
31 122
31 88
31 90
31 91
31 92
31 111
31 32
31 33
31 34
31 112
31 35
31 36
31 37
31 38
31 123
31 40
31 43
31 44
31 98
31 114
31 45
31 48
31 115
31 49
31 50
31 126
31 127
31 116
31 56
31 58
31 59
31 100
31 61
31 62
31 63
31 65
31 72
31 101
31 102
31 103
31 104
31 74
31 75
32 107
32 77
32 81
32 120
32 110
32 83
32 122
32 87
32 88
32 89
32 91
32 125
32 33
32 95
32 112
32 35
32 113
32 37
32 96
32 123
32 41
32 97
32 124
32 115
32 51
32 53
32 126
32 57
32 59
32 60
32 100
32 66
32 67
32 68
32 118
32 70
32 119
32 72
32 73
32 102
32 74
32 76
32 105
33 120
33 108
33 109
33 110
33 86
33 92
33 111
33 96
33 123
33 41
33 97
33 114
33 46
33 47
33 49
33 52
33 127
33 55
33 59
33 117
33 62
33 63
33 68
33 69
33 119
33 71
33 72
33 104
33 76
33 105
33 73
33 45
33 107
33 35
33 75
33 50
33 70
33 99
34 106
34 78
34 79
34 80
34 81
34 121
34 82
34 85
34 86
34 87
34 91
34 92
34 94
34 112
34 37
34 96
34 123
34 39
34 40
34 42
34 97
34 124
34 44
34 98
34 114
34 45
34 47
34 50
34 52
34 53
34 126
34 56
34 57
34 58
34 61
34 63
34 64
34 65
34 66
34 67
34 68
34 70
34 119
34 72
34 73
34 76
34 105
35 78
35 120
35 121
35 110
35 82
35 84
35 89
35 91
35 125
35 111
35 36
35 96
35 39
35 41
35 42
35 97
35 124
35 45
35 115
35 51
35 52
35 127
35 116
35 56
35 58
35 59
35 99
35 117
35 100
35 63
35 64
35 65
35 118
35 69
35 119
35 103
35 104
35 76
35 71
35 73
35 72
35 107
35 75
35 46
35 50
35 70
35 123
36 106
36 77
36 80
36 81
36 110
36 82
36 85
36 122
36 87
36 88
36 91
36 125
36 92
36 93
36 112
36 113
36 37
36 123
36 39
36 41
36 42
36 43
36 124
36 44
36 114
36 47
36 48
36 115
36 49
36 52
36 53
36 54
36 56
36 58
36 59
36 99
36 100
36 65
36 67
36 119
36 101
36 102
36 75
37 78
37 80
37 121
37 109
37 110
37 83
37 85
37 86
37 87
37 88
37 89
37 91
37 125
37 92
37 111
37 95
37 112
37 113
37 96
37 123
37 40
37 42
37 43
37 124
37 47
37 48
37 115
37 49
37 51
37 126
37 127
37 55
37 116
37 58
37 60
37 61
37 63
37 64
37 65
37 66
37 67
37 68
37 69
37 70
37 72
37 101
37 73
37 102
37 74
37 76
38 107
38 77
38 79
38 80
38 81
38 120
38 121
38 108
38 84
38 85
38 122
38 88
38 91
38 92
38 93
38 94
38 95
38 96
38 42
38 97
38 43
38 98
38 114
38 46
38 47
38 49
38 52
38 53
38 127
38 54
38 55
38 57
38 58
38 99
38 60
38 61
38 62
38 64
38 66
38 68
38 71
38 72
38 104
38 75
38 105
39 77
39 78
39 80
39 109
39 110
39 82
39 83
39 122
39 86
39 87
39 89
39 91
39 92
39 111
39 112
39 113
39 123
39 97
39 124
39 114
39 45
39 46
39 47
39 115
39 49
39 52
39 53
39 126
39 127
39 116
39 57
39 59
39 117
39 61
39 62
39 63
39 64
39 65
39 66
39 67
39 69
39 119
39 72
39 101
39 103
39 104
39 74
39 75
39 76
39 105
40 106
40 107
40 78
40 81
40 121
40 109
40 110
40 84
40 122
40 88
40 89
40 91
40 93
40 112
40 113
40 96
40 41
40 42
40 43
40 98
40 46
40 115
40 49
40 50
40 51
40 52
40 54
40 57
40 59
40 60
40 117
40 100
40 61
40 62
40 63
40 65
40 67
40 118
40 69
40 119
40 72
40 102
40 104
40 74
40 75
41 107
41 78
41 79
41 80
41 121
41 108
41 110
41 82
41 83
41 85
41 86
41 87
41 89
41 91
41 125
41 92
41 93
41 94
41 96
41 123
41 43
41 44
41 114
41 45
41 46
41 47
41 50
41 52
41 126
41 127
41 55
41 116
41 57
41 59
41 60
41 117
41 100
41 62
41 63
41 65
41 68
41 118
41 70
41 71
41 72
41 101
41 73
41 103
41 104
41 74
41 75
41 76
41 105
41 99
42 77
42 80
42 81
42 121
42 110
42 85
42 122
42 91
42 92
42 93
42 95
42 124
42 46
42 48
42 115
42 50
42 51
42 53
42 54
42 55
42 116
42 56
42 57
42 58
42 59
42 99
42 60
42 117
42 61
42 68
42 70
42 119
42 71
42 101
42 73
42 102
42 104
42 75
42 76
42 105
43 107
43 77
43 78
43 79
43 81
43 120
43 109
43 110
43 82
43 86
43 88
43 89
43 90
43 125
43 92
43 93
43 111
43 112
43 113
43 123
43 97
43 124
43 46
43 47
43 48
43 49
43 52
43 53
43 126
43 57
43 58
43 60
43 100
43 62
43 63
43 118
43 71
43 72
43 101
43 73
43 103
43 75
44 106
44 107
44 78
44 80
44 82
44 83
44 84
44 87
44 88
44 89
44 90
44 91
44 92
44 93
44 94
44 111
44 95
44 96
44 123
44 97
44 98
44 114
44 45
44 115
44 49
44 51
44 52
44 53
44 127
44 56
44 57
44 59
44 99
44 60
44 117
44 62
44 63
44 64
44 65
44 67
44 118
44 69
44 70
44 72
44 73
44 102
44 104
44 74
44 75
45 106
45 107
45 77
45 79
45 81
45 120
45 110
45 83
45 84
45 122
45 86
45 87
45 88
45 91
45 92
45 94
45 112
45 113
45 46
45 47
45 49
45 51
45 52
45 53
45 126
45 127
45 54
45 55
45 116
45 57
45 59
45 99
45 60
45 117
45 100
45 61
45 63
45 64
45 67
45 118
45 71
45 72
45 101
45 73
45 103
45 104
45 75
45 76
45 50
45 70
45 123
46 106
46 107
46 80
46 120
46 121
46 108
46 110
46 83
46 85
46 122
46 88
46 93
46 94
46 123
46 98
46 48
46 52
46 55
46 58
46 62
46 67
46 68
46 118
46 69
46 70
46 119
46 73
46 102
46 103
46 104
46 75
46 76
46 71
46 72
46 50
46 99
47 106
47 107
47 77
47 79
47 121
47 108
47 110
47 83
47 85
47 122
47 87
47 92
47 111
47 112
47 114
47 48
47 49
47 51
47 52
47 53
47 127
47 56
47 57
47 58
47 99
47 117
47 61
47 63
47 67
47 118
47 119
47 71
47 73
47 103
47 104
47 76
48 106
48 78
48 79
48 80
48 120
48 108
48 109
48 85
48 122
48 86
48 87
48 88
48 92
48 112
48 113
48 96
48 124
48 98
48 114
48 115
48 51
48 52
48 55
48 56
48 58
48 59
48 117
48 62
48 63
48 65
48 66
48 67
48 118
48 69
48 119
48 71
48 72
48 101
48 102
48 74
48 76
48 105
49 107
49 79
49 109
49 85
49 122
49 86
49 87
49 89
49 92
49 93
49 94
49 112
49 113
49 96
49 97
49 114
49 115
49 50
49 53
49 126
49 55
49 116
49 99
49 60
49 117
49 61
49 62
49 65
49 67
49 69
49 70
49 71
49 101
49 104
49 74
49 105
50 77
50 79
50 80
50 109
50 83
50 86
50 88
50 89
50 115
50 52
50 126
50 127
50 55
50 116
50 57
50 58
50 99
50 100
50 65
50 66
50 68
50 118
50 69
50 101
50 103
50 75
50 76
50 104
50 71
50 73
50 72
50 107
50 70
50 123
51 106
51 78
51 81
51 120
51 121
51 110
51 82
51 83
51 84
51 87
51 88
51 90
51 92
51 94
51 111
51 95
51 113
51 96
51 97
51 114
51 115
51 127
51 54
51 58
51 117
51 62
51 63
51 73
51 102
51 74
51 76
52 107
52 77
52 79
52 81
52 120
52 108
52 109
52 82
52 83
52 84
52 85
52 86
52 87
52 88
52 125
52 93
52 94
52 111
52 95
52 113
52 123
52 97
52 124
52 53
52 57
52 58
52 117
52 65
52 67
52 101
52 73
52 103
52 104
52 105
53 106
53 77
53 78
53 79
53 81
53 121
53 108
53 109
53 110
53 83
53 84
53 85
53 86
53 91
53 93
53 111
53 96
53 97
53 124
53 126
53 127
53 55
53 116
53 56
53 57
53 99
53 117
53 100
53 63
53 65
53 66
53 68
53 118
53 69
53 119
53 101
53 73
53 104
53 74
53 76
53 105
54 106
54 107
54 80
54 81
54 120
54 121
54 110
54 82
54 83
54 90
54 125
54 93
54 111
54 95
54 112
54 113
54 97
54 98
54 126
54 127
54 116
54 59
54 99
54 63
54 64
54 66
54 68
54 118
54 69
54 70
54 71
54 101
54 75
54 105
55 106
55 77
55 78
55 81
55 108
55 110
55 83
55 84
55 85
55 122
55 87
55 88
55 89
55 90
55 125
55 92
55 93
55 95
55 112
55 113
55 96
55 97
55 115
55 126
55 127
55 116
55 59
55 61
55 66
55 118
55 69
55 70
55 71
55 73
55 102
55 104
55 74
55 105
56 106
56 77
56 80
56 120
56 108
56 109
56 83
56 84
56 85
56 88
56 90
56 91
56 111
56 113
56 97
56 124
56 98
56 114
56 115
56 126
56 127
56 116
56 99
56 60
56 63
56 64
56 65
56 67
56 118
56 70
56 72
56 101
56 102
56 104
56 74
56 105
57 77
57 78
57 79
57 80
57 108
57 109
57 110
57 82
57 122
57 86
57 90
57 125
57 92
57 111
57 95
57 112
57 97
57 98
57 114
57 115
57 126
57 127
57 58
57 59
57 117
57 100
57 61
57 63
57 64
57 65
57 66
57 67
57 118
57 119
57 72
57 101
57 73
57 102
57 103
58 77
58 80
58 120
58 108
58 110
58 83
58 122
58 86
58 88
58 89
58 91
58 125
58 93
58 95
58 112
58 113
58 96
58 124
58 98
58 127
58 99
58 60
58 65
58 66
58 67
58 68
58 118
58 69
58 70
58 101
58 103
58 104
59 106
59 107
59 77
59 78
59 79
59 80
59 120
59 121
59 108
59 109
59 110
59 82
59 86
59 87
59 88
59 89
59 95
59 112
59 113
59 96
59 123
59 97
59 124
59 115
59 126
59 99
59 60
59 117
59 100
59 62
59 65
59 67
59 118
59 69
59 101
59 73
59 104
59 75
59 105
60 79
60 80
60 81
60 121
60 110
60 83
60 85
60 87
60 88
60 89
60 91
60 125
60 94
60 111
60 112
60 96
60 97
60 127
60 116
60 99
60 64
60 68
60 118
60 70
60 119
60 101
60 73
60 102
60 103
60 75
60 76
61 106
61 77
61 121
61 82
61 83
61 86
61 87
61 91
61 92
61 93
61 111
61 112
61 113
61 123
61 97
61 98
61 114
61 127
61 99
61 117
61 100
61 62
61 65
61 67
61 118
61 70
61 119
61 101
61 73
61 102
61 104
61 75
61 105
62 78
62 79
62 120
62 109
62 83
62 85
62 122
62 89
62 94
62 111
62 112
62 96
62 123
62 97
62 114
62 115
62 100
62 63
62 64
62 66
62 67
62 68
62 72
62 103
62 104
62 75
63 106
63 77
63 79
63 121
63 108
63 110
63 83
63 84
63 87
63 88
63 89
63 91
63 92
63 94
63 95
63 112
63 113
63 97
63 124
63 98
63 115
63 116
63 69
63 70
63 119
63 71
63 101
63 102
63 104
63 74
63 75
64 107
64 77
64 80
64 81
64 121
64 108
64 110
64 82
64 83
64 84
64 85
64 87
64 89
64 125
64 93
64 94
64 112
64 113
64 96
64 123
64 97
64 98
64 114
64 127
64 116
64 100
64 65
64 66
64 67
64 68
64 118
64 69
64 70
64 119
64 71
64 101
64 103
64 74
64 105
65 77
65 80
65 81
65 120
65 121
65 109
65 110
65 82
65 84
65 85
65 122
65 86
65 87
65 89
65 90
65 125
65 113
65 97
65 124
65 114
65 115
65 126
65 127
65 100
65 67
65 68
65 118
65 69
65 119
65 103
65 104
65 74
65 105
66 107
66 77
66 80
66 81
66 120
66 121
66 108
66 83
66 84
66 122
66 87
66 89
66 125
66 92
66 111
66 124
66 98
66 114
66 117
66 100
66 68
66 69
66 70
66 72
66 101
66 102
66 103
66 74
66 76
66 105
67 106
67 107
67 77
67 78
67 80
67 81
67 120
67 121
67 108
67 82
67 83
67 85
67 90
67 92
67 93
67 94
67 95
67 112
67 113
67 123
67 97
67 126
67 116
67 99
67 117
67 68
67 118
67 69
67 70
67 72
67 101
67 102
67 105
68 121
68 108
68 82
68 84
68 122
68 87
68 88
68 89
68 91
68 125
68 92
68 93
68 112
68 96
68 97
68 114
68 115
68 126
68 116
68 117
68 119
68 73
68 103
68 75
68 76
69 107
69 77
69 78
69 79
69 80
69 81
69 110
69 82
69 83
69 84
69 89
69 90
69 91
69 125
69 92
69 93
69 111
69 96
69 98
69 114
69 117
69 118
69 119
69 71
69 101
69 73
69 102
69 103
69 104
69 74
69 75
69 76
69 105
70 106
70 77
70 78
70 81
70 121
70 108
70 85
70 122
70 87
70 89
70 111
70 113
70 97
70 124
70 100
70 119
70 71
70 73
70 103
70 74
70 75
70 104
70 72
70 107
70 123
70 99
71 106
71 107
71 78
71 80
71 81
71 121
71 108
71 109
71 82
71 83
71 85
71 87
71 89
71 90
71 125
71 92
71 93
71 94
71 113
71 96
71 123
71 98
71 114
71 115
71 116
71 117
71 100
71 72
71 101
71 73
71 102
71 104
71 74
71 105
71 75
71 99
72 107
72 77
72 81
72 121
72 83
72 84
72 85
72 87
72 88
72 111
72 95
72 113
72 123
72 98
72 116
72 100
72 118
72 101
72 73
72 104
72 74
72 75
72 76
72 105
72 99
73 106
73 107
73 77
73 79
73 80
73 81
73 110
73 82
73 84
73 85
73 87
73 90
73 125
73 92
73 94
73 111
73 113
73 96
73 123
73 124
73 98
73 126
73 99
73 118
73 102
73 104
73 75
73 105
74 106
74 107
74 79
74 80
74 120
74 110
74 82
74 84
74 85
74 122
74 125
74 93
74 94
74 112
74 97
74 98
74 114
74 116
74 117
74 119
74 103
74 104
74 76
74 105
75 81
75 120
75 121
75 110
75 84
75 122
75 87
75 88
75 89
75 125
75 92
75 111
75 112
75 113
75 123
75 97
75 124
75 115
75 126
75 127
75 118
75 119
75 76
75 104
75 107
75 99
76 78
76 79
76 80
76 81
76 82
76 87
76 90
76 92
76 94
76 95
76 112
76 123
76 97
76 124
76 98
76 114
76 126
76 127
76 116
76 99
76 117
76 119
76 101
76 102
76 103
76 104
77 106
77 78
77 79
77 80
77 120
77 121
77 108
77 82
77 83
77 84
77 122
77 86
77 88
77 89
77 90
77 111
77 95
77 113
77 123
77 124
77 98
77 114
77 115
77 127
77 99
77 117
77 105
78 106
78 79
78 81
78 121
78 108
78 109
78 82
78 83
78 122
78 88
78 90
78 91
78 125
78 92
78 112
78 96
78 123
78 98
78 119
78 101
78 102
78 103
78 105
79 121
79 110
79 84
79 85
79 86
79 89
79 90
79 125
79 111
79 96
79 116
79 100
79 119
79 103
79 105
79 107
79 82
79 91
79 92
79 93
79 123
79 97
79 124
79 102
80 120
80 85
80 90
80 94
80 111
80 95
80 113
80 96
80 100
80 119
80 105
80 107
80 109
80 112
80 123
80 97
80 114
80 126
80 127
80 104
81 120
81 121
81 110
81 83
81 85
81 89
81 90
81 125
81 94
81 95
81 96
81 119
81 108
81 91
81 93
81 127
81 101
81 122
81 114
81 126
81 102
82 120
82 110
82 84
82 85
82 87
82 88
82 89
82 111
82 95
82 113
82 96
82 116
82 103
82 107
82 108
82 109
82 122
82 92
82 123
82 97
82 98
82 115
82 127
82 117
82 101
82 102
82 104
83 106
83 120
83 110
83 84
83 86
83 87
83 91
83 125
83 93
83 94
83 95
83 112
83 113
83 96
83 123
83 98
83 114
83 126
83 127
83 102
83 103
84 106
84 121
84 107
84 109
84 85
84 89
84 91
84 92
84 94
84 111
84 95
84 97
84 98
84 126
84 127
84 116
84 117
84 118
84 119
84 104
85 106
85 120
85 121
85 107
85 108
85 109
85 122
85 86
85 88
85 92
85 93
85 95
85 123
85 97
85 124
85 114
85 126
85 127
85 99
85 117
85 100
85 119
85 101
85 102
85 103
85 104
85 105
86 106
86 120
86 121
86 122
86 87
86 88
86 92
86 93
86 111
86 95
86 112
86 113
86 123
86 97
86 124
86 127
86 116
86 99
86 117
86 119
86 101
86 103
86 104
86 105
87 106
87 120
87 107
87 91
87 125
87 94
87 111
87 112
87 97
87 114
87 126
87 116
87 117
87 102
87 103
87 104
87 105
88 106
88 120
88 121
88 110
88 107
88 89
88 92
88 93
88 94
88 96
88 123
88 98
88 114
88 100
88 118
89 106
89 120
89 110
89 107
89 109
89 90
89 93
89 111
89 123
89 124
89 126
89 127
89 100
89 119
89 101
89 102
89 103
90 106
90 120
90 121
90 107
90 109
90 122
90 91
90 125
90 94
90 111
90 112
90 124
90 98
90 127
90 99
90 117
90 100
90 101
91 121
91 110
91 125
91 94
91 113
91 96
91 99
91 100
91 107
91 112
91 97
91 98
91 114
91 115
91 101
91 102
92 121
92 110
92 125
92 111
92 113
92 96
92 100
92 103
92 109
92 93
92 115
92 101
92 104
92 122
92 97
92 114
92 102
93 125
93 95
93 113
93 116
93 105
93 107
93 109
93 112
93 98
93 114
93 115
93 126
93 127
93 117
94 106
94 120
94 110
94 108
94 111
94 95
94 124
94 115
94 127
94 116
94 100
94 118
94 101
94 102
94 103
94 105
95 106
95 120
95 121
95 110
95 125
95 112
95 96
95 123
95 97
95 98
95 115
95 126
95 127
95 117
95 101
95 105
96 106
96 120
96 121
96 125
96 111
96 123
96 97
96 124
96 98
96 126
96 103
96 104
97 120
97 110
97 125
97 111
97 100
97 119
97 109
97 124
97 98
97 127
97 123
97 118
98 121
98 125
98 111
98 100
98 119
98 107
98 108
98 109
98 112
98 124
98 123
98 127
98 117
98 118
98 104
99 120
99 111
99 116
99 108
99 123
99 114
99 126
99 127
99 119
99 101
99 102
99 103
99 104
99 107
100 106
100 120
100 121
100 111
100 107
100 108
100 109
100 112
100 124
100 114
100 115
100 117
100 118
100 119
100 102
100 105
101 120
101 121
101 110
101 111
101 113
101 116
101 107
101 124
101 115
101 123
101 114
101 118
102 120
102 121
102 111
102 113
102 103
102 105
102 124
102 104
102 114
102 117
102 118
103 106
103 120
103 125
103 122
103 112
103 124
103 117
103 118
104 110
104 125
104 113
104 119
104 105
104 107
104 112
104 124
104 127
104 114
104 123
105 106
105 120
105 121
105 110
105 125
105 116
105 109
105 122
105 112
105 123
105 126
105 118
106 120
106 121
106 110
106 125
106 111
106 113
106 116
106 119
107 120
107 111
107 116
107 108
107 109
107 112
107 124
107 115
107 127
107 123
108 120
108 121
108 113
108 116
108 109
108 122
108 112
108 123
108 115
108 127
108 117
109 120
109 121
109 110
109 125
109 111
109 123
109 124
109 114
109 127
109 118
110 120
110 125
110 111
110 123
110 124
110 114
110 126
110 118
111 120
111 121
111 113
111 114
111 115
111 127
111 117
111 118
112 113
112 119
112 124
112 114
112 115
112 126
112 127
112 117
113 120
113 121
113 125
113 122
113 126
113 127
113 117
113 118
113 119
114 116
114 124
114 127
114 126
114 117
114 118
115 120
115 121
115 125
115 126
115 127
115 117
116 120
116 121
116 122
116 123
117 120
117 119
117 127
117 123
117 118
118 120
118 121
118 125
118 122
119 120
119 121
119 123
120 123
120 126
121 125
121 126
121 127
122 124
123 125
124 125
125 127
126 127
