0 2
0 3
0 4
0 5
0 6
0 7
0 8
0 9
0 10
0 11
0 12
0 13
0 15
0 16
0 17
0 18
0 20
0 21
0 22
0 23
0 24
0 25
0 26
0 27
0 28
0 29
0 30
0 32
0 33
0 34
0 35
0 36
0 37
0 38
0 39
0 40
0 41
0 42
0 43
0 44
0 45
0 46
0 47
0 48
0 49
0 50
0 51
0 52
0 53
0 54
0 55
0 56
0 57
0 58
0 59
0 60
0 61
0 72
0 111
0 83
0 88
0 87
0 116
0 114
1 62
1 63
1 64
1 6
1 65
1 66
1 67
1 68
1 10
1 11
1 13
1 69
1 17
1 70
1 71
1 72
1 20
1 21
1 22
1 23
1 73
1 24
1 74
1 75
1 76
1 77
1 78
1 79
1 80
1 27
1 28
1 81
1 82
1 83
1 33
1 34
1 38
1 84
1 39
1 41
1 43
1 44
1 46
1 85
1 48
1 86
1 53
1 54
1 57
1 59
1 89
1 90
1 91
1 60
2 92
2 63
2 5
2 93
2 6
2 65
2 67
2 68
2 8
2 94
2 10
2 13
2 14
2 95
2 16
2 17
2 18
2 19
2 20
2 21
2 22
2 25
2 74
2 75
2 78
2 96
2 97
2 98
2 81
2 29
2 99
2 30
2 100
2 101
2 102
2 83
2 103
2 33
2 34
2 104
2 105
2 84
2 40
2 41
2 42
2 43
2 44
2 46
2 85
2 106
2 48
2 49
2 86
2 87
2 50
2 53
2 55
2 56
2 107
2 58
2 108
2 59
2 90
2 109
2 60
2 61
3 62
3 5
3 93
3 7
3 66
3 9
3 12
3 14
3 110
3 95
3 111
3 69
3 15
3 17
3 72
3 20
3 21
3 74
3 112
3 113
3 96
3 80
3 98
3 28
3 114
3 100
3 101
3 102
3 83
3 32
3 103
3 34
3 35
3 36
3 115
3 116
3 42
3 44
3 106
3 48
3 49
3 86
3 87
3 50
3 55
3 56
3 59
3 89
3 109
3 60
3 61
4 117
4 63
4 5
4 65
4 7
4 66
4 67
4 8
4 94
4 12
4 110
4 95
4 111
4 72
4 20
4 21
4 24
4 25
4 74
4 76
4 26
4 96
4 118
4 80
4 27
4 29
4 101
4 31
4 83
4 32
4 119
4 33
4 34
4 35
4 36
4 37
4 104
4 115
4 105
4 84
4 40
4 116
4 42
4 43
4 44
4 45
4 46
4 106
4 48
4 87
4 51
4 52
4 120
4 55
4 57
4 107
4 58
4 89
4 90
4 91
4 109
4 60
4 61
4 23
4 22
4 88
4 30
4 56
4 114
5 92
5 121
5 64
5 93
5 6
5 65
5 7
5 66
5 67
5 68
5 9
5 12
5 13
5 95
5 17
5 18
5 19
5 71
5 72
5 22
5 23
5 73
5 75
5 76
5 113
5 97
5 79
5 81
5 29
5 99
5 100
5 101
5 31
5 102
5 34
5 35
5 36
5 37
5 104
5 105
5 84
5 39
5 41
5 116
5 46
5 85
5 49
5 86
5 51
5 120
5 55
5 56
5 107
5 58
5 89
5 90
5 109
5 61
6 121
6 65
6 67
6 68
6 11
6 110
6 95
6 17
6 19
6 70
6 71
6 122
6 72
6 20
6 23
6 24
6 25
6 74
6 75
6 77
6 26
6 112
6 97
6 80
6 27
6 98
6 29
6 114
6 99
6 30
6 100
6 82
6 101
6 31
6 102
6 119
6 33
6 36
6 37
6 115
6 116
6 44
6 45
6 47
6 85
6 106
6 86
6 50
6 52
6 53
6 120
6 56
6 57
6 107
6 88
6 58
6 108
6 59
6 91
6 109
6 60
7 117
7 64
7 93
7 66
7 67
7 68
7 8
7 10
7 11
7 13
7 14
7 110
7 95
7 111
7 69
7 18
7 72
7 20
7 21
7 73
7 24
7 74
7 123
7 112
7 113
7 96
7 97
7 80
7 27
7 81
7 124
7 101
7 31
7 83
7 119
7 33
7 34
7 35
7 36
7 37
7 105
7 84
7 39
7 40
7 42
7 43
7 47
7 48
7 87
7 53
7 54
7 120
7 57
7 108
7 90
7 91
7 60
7 125
7 61
7 23
7 22
7 88
7 30
7 116
7 56
7 114
8 117
8 121
8 63
8 64
8 93
8 65
8 66
8 68
8 94
8 11
8 12
8 111
8 69
8 15
8 17
8 18
8 71
8 122
8 72
8 20
8 21
8 73
8 74
8 75
8 123
8 26
8 112
8 113
8 97
8 118
8 28
8 124
8 114
8 126
8 101
8 31
8 102
8 83
8 32
8 119
8 33
8 36
8 37
8 104
8 116
8 43
8 46
8 47
8 85
8 49
8 86
8 52
8 53
8 54
8 56
8 57
8 58
8 59
8 91
8 109
8 60
9 92
9 117
9 121
9 64
9 93
9 67
9 68
9 11
9 13
9 110
9 95
9 69
9 16
9 19
9 70
9 23
9 25
9 123
9 112
9 113
9 96
9 97
9 118
9 80
9 27
9 81
9 124
9 114
9 82
9 102
9 32
9 119
9 33
9 34
9 38
9 84
9 40
9 41
9 116
9 42
9 43
9 44
9 127
9 87
9 50
9 51
9 52
9 53
9 54
9 120
9 57
9 88
9 58
9 108
9 60
10 62
10 117
10 65
10 66
10 67
10 68
10 94
10 13
10 111
10 16
10 17
10 18
10 70
10 71
10 122
10 72
10 20
10 22
10 73
10 24
10 25
10 75
10 76
10 77
10 123
10 26
10 113
10 97
10 118
10 80
10 27
10 98
10 81
10 99
10 100
10 101
10 102
10 34
10 36
10 104
10 115
10 84
10 40
10 43
10 44
10 45
10 46
10 127
10 47
10 85
10 106
10 48
10 49
10 86
10 51
10 54
10 55
10 57
10 58
10 59
10 89
10 109
10 60
10 61
11 93
11 65
11 66
11 94
11 12
11 15
11 16
11 19
11 71
11 122
11 23
11 74
11 76
11 26
11 78
11 113
11 79
11 118
11 99
11 126
11 101
11 103
11 33
11 34
11 37
11 38
11 84
11 41
11 116
11 42
11 44
11 45
11 46
11 127
11 106
11 48
11 49
11 86
11 52
11 120
11 55
11 56
11 108
11 89
11 90
11 60
11 61
12 92
12 62
12 117
12 121
12 64
12 93
12 67
12 13
12 69
12 15
12 16
12 17
12 18
12 19
12 21
12 22
12 23
12 123
12 26
12 78
12 112
12 97
12 79
12 118
12 28
12 29
12 99
12 126
12 82
12 31
12 102
12 32
12 103
12 33
12 35
12 37
12 105
12 40
12 41
12 116
12 43
12 46
12 47
12 85
12 106
12 48
12 86
12 51
12 52
12 53
12 120
12 55
12 57
12 58
12 108
12 59
12 89
12 90
12 91
12 60
12 125
13 92
13 62
13 63
13 93
13 66
13 67
13 94
13 14
13 111
13 15
13 16
13 71
13 122
13 24
13 25
13 74
13 75
13 76
13 77
13 123
13 26
13 78
13 96
13 79
13 118
13 80
13 27
13 98
13 124
13 100
13 126
13 102
13 83
13 32
13 119
13 33
13 34
13 37
13 104
13 105
13 41
13 116
13 42
13 43
13 46
13 85
13 106
13 50
13 52
13 120
13 56
13 57
13 88
13 108
13 59
13 89
13 90
13 91
13 109
13 60
13 125
14 92
14 62
14 121
14 63
14 65
14 68
14 69
14 15
14 16
14 17
14 18
14 70
14 71
14 122
14 72
14 23
14 73
14 25
14 74
14 75
14 76
14 77
14 78
14 112
14 113
14 97
14 79
14 118
14 80
14 27
14 28
14 81
14 29
14 124
14 30
14 100
14 126
14 102
14 103
14 36
14 37
14 38
14 104
14 105
14 84
14 41
14 116
14 43
14 44
14 127
14 47
14 106
14 48
14 49
14 86
14 87
14 54
14 107
14 109
14 60
14 61
15 64
15 67
15 68
15 110
15 95
15 111
15 69
15 18
15 19
15 70
15 71
15 20
15 73
15 74
15 123
15 26
15 78
15 113
15 80
15 98
15 81
15 29
15 124
15 30
15 82
15 83
15 32
15 119
15 103
15 33
15 34
15 37
15 115
15 84
15 39
15 40
15 45
15 85
15 106
15 86
15 87
15 52
15 53
15 88
15 59
15 89
15 90
15 109
15 61
16 92
16 62
16 121
16 64
16 93
16 66
16 67
16 68
16 94
16 95
16 111
16 18
16 20
16 73
16 75
16 76
16 77
16 96
16 97
16 79
16 80
16 27
16 81
16 29
16 30
16 101
16 119
16 103
16 33
16 34
16 36
16 38
16 104
16 105
16 84
16 40
16 41
16 42
16 43
16 44
16 45
16 46
16 127
16 47
16 85
16 106
16 86
16 53
16 120
16 55
16 107
16 59
16 109
16 60
16 125
17 92
17 62
17 117
17 64
17 67
17 68
17 110
17 95
17 111
17 69
17 18
17 70
17 22
17 25
17 74
17 75
17 76
17 77
17 123
17 26
17 113
17 96
17 118
17 27
17 98
17 28
17 29
17 124
17 30
17 100
17 82
17 31
17 102
17 32
17 119
17 34
17 35
17 37
17 38
17 105
17 39
17 40
17 116
17 43
17 46
17 85
17 48
17 87
17 51
17 53
17 55
17 57
17 107
17 88
17 108
17 60
17 125
18 63
18 65
18 66
18 67
18 95
18 21
18 23
18 24
18 75
18 76
18 77
18 78
18 112
18 79
18 27
18 81
18 29
18 124
18 114
18 99
18 30
18 100
18 102
18 83
18 32
18 119
18 36
18 37
18 104
18 115
18 116
18 106
18 86
18 87
18 51
18 54
18 120
18 55
18 56
18 57
18 88
18 58
18 108
18 59
18 91
18 60
18 61
19 62
19 93
19 65
19 67
19 110
19 111
19 71
19 23
19 73
19 24
19 25
19 74
19 75
19 77
19 123
19 78
19 96
19 97
19 118
19 81
19 29
19 99
19 30
19 100
19 126
19 83
19 119
19 33
19 34
19 38
19 104
19 115
19 105
19 84
19 41
19 45
19 85
19 106
19 87
19 52
19 56
19 58
19 108
19 89
19 90
19 91
19 60
19 61
20 62
20 64
20 66
20 67
20 95
20 111
20 69
20 71
20 122
20 72
20 21
20 22
20 23
20 75
20 76
20 77
20 98
20 28
20 81
20 114
20 30
20 100
20 101
20 31
20 102
20 83
20 32
20 103
20 33
20 34
20 35
20 37
20 104
20 115
20 40
20 42
20 43
20 45
20 85
20 106
20 48
20 86
20 52
20 53
20 54
20 120
20 57
20 108
20 59
20 89
20 90
20 60
20 125
20 61
20 88
20 36
20 87
20 116
20 56
21 62
21 117
21 121
21 63
21 64
21 94
21 110
21 111
21 72
21 22
21 73
21 25
21 74
21 75
21 76
21 123
21 26
21 78
21 112
21 27
21 81
21 29
21 124
21 30
21 100
21 126
21 101
21 102
21 83
21 32
21 119
21 33
21 35
21 37
21 38
21 104
21 40
21 42
21 43
21 46
21 127
21 47
21 85
21 48
21 49
21 86
21 51
21 52
21 53
21 54
21 56
21 57
21 88
21 58
21 108
21 59
21 109
21 125
21 61
21 23
21 36
21 87
21 116
21 114
22 92
22 67
22 71
22 122
22 72
22 25
22 74
22 76
22 123
22 78
22 112
22 97
22 79
22 28
22 81
22 114
22 30
22 126
22 82
22 31
22 102
22 37
22 104
22 39
22 40
22 116
22 42
22 127
22 47
22 106
22 49
22 86
22 87
22 50
22 55
22 57
22 107
22 89
22 90
22 91
22 109
22 61
22 35
22 111
22 43
22 83
22 23
22 88
22 36
22 56
23 117
23 63
23 64
23 66
23 67
23 95
23 69
23 71
23 122
23 72
23 73
23 74
23 76
23 123
23 112
23 113
23 79
23 27
23 98
23 81
23 29
23 100
23 126
23 82
23 31
23 32
23 33
23 34
23 35
23 38
23 104
23 39
23 40
23 41
23 116
23 42
23 45
23 46
23 47
23 87
23 50
23 52
23 120
23 88
23 59
23 91
23 109
23 61
23 111
23 43
23 83
23 36
23 30
23 56
23 114
24 92
24 62
24 121
24 63
24 64
24 93
24 110
24 111
24 70
24 72
24 73
24 76
24 78
24 97
24 118
24 27
24 98
24 28
24 81
24 124
24 114
24 99
24 82
24 101
24 102
24 83
24 119
24 33
24 35
24 37
24 84
24 39
24 40
24 41
24 116
24 44
24 47
24 48
24 50
24 52
24 53
24 54
24 56
24 57
24 88
24 58
24 108
24 109
24 60
25 92
25 117
25 63
25 68
25 94
25 95
25 111
25 70
25 71
25 122
25 72
25 73
25 75
25 123
25 26
25 112
25 97
25 80
25 28
25 81
25 30
25 100
25 126
25 82
25 31
25 32
25 103
25 33
25 34
25 37
25 104
25 40
25 41
25 42
25 46
25 106
25 48
25 50
25 51
25 52
25 53
25 54
25 57
25 107
25 88
25 58
25 108
25 59
25 89
25 60
25 125
26 117
26 64
26 65
26 66
26 68
26 73
26 76
26 78
26 113
26 97
26 79
26 118
26 80
26 27
26 98
26 124
26 114
26 30
26 82
26 31
26 102
26 119
26 33
26 35
26 104
26 115
26 105
26 40
26 116
26 43
26 44
26 45
26 49
26 86
26 87
26 51
26 53
26 120
26 57
26 107
26 58
26 89
26 90
26 60
26 125
27 92
27 121
27 64
27 93
27 65
27 66
27 67
27 68
27 71
27 123
27 78
27 113
27 97
27 79
27 98
27 28
27 81
27 99
27 30
27 82
27 101
27 102
27 119
27 103
27 34
27 36
27 37
27 38
27 115
27 40
27 42
27 45
27 46
27 85
27 106
27 86
27 51
27 56
27 58
27 89
27 91
27 61
28 121
28 63
28 93
28 65
28 95
28 111
28 69
28 71
28 72
28 74
28 75
28 78
28 112
28 113
28 96
28 97
28 79
28 98
28 114
28 99
28 100
28 126
28 101
28 32
28 119
28 103
28 34
28 37
28 38
28 105
28 40
28 41
28 45
28 46
28 50
28 54
28 120
28 55
28 57
28 58
28 108
28 59
28 89
28 90
28 91
28 61
29 62
29 117
29 63
29 93
29 68
29 94
29 110
29 95
29 69
29 70
29 71
29 72
29 74
29 76
29 123
29 112
29 118
29 80
29 98
29 81
29 114
29 99
29 30
29 101
29 83
29 34
29 35
29 36
29 38
29 104
29 84
29 39
29 40
29 41
29 116
29 46
29 127
29 47
29 48
29 87
29 50
29 51
29 52
29 54
29 120
29 55
29 57
29 58
29 89
29 60
29 125
29 61
30 62
30 117
30 121
30 63
30 64
30 65
30 67
30 110
30 111
30 69
30 71
30 122
30 72
30 73
30 74
30 76
30 77
30 123
30 96
30 97
30 118
30 124
30 114
30 99
30 100
30 126
30 82
30 83
30 32
30 119
30 33
30 34
30 35
30 36
30 38
30 115
30 105
30 84
30 39
30 40
30 41
30 43
30 47
30 49
30 86
30 87
30 50
30 53
30 54
30 120
30 56
30 58
30 59
30 61
30 88
30 116
31 62
31 117
31 121
31 93
31 65
31 66
31 67
31 111
31 71
31 72
31 73
31 75
31 123
31 112
31 113
31 96
31 97
31 79
31 98
31 99
31 126
31 101
31 83
31 32
31 119
31 33
31 34
31 35
31 37
31 38
31 115
31 105
31 40
31 41
31 44
31 106
31 48
31 49
31 54
31 57
31 108
31 89
31 90
31 109
31 60
31 125
31 61
32 92
32 121
32 93
32 69
32 71
32 73
32 74
32 77
32 112
32 113
32 96
32 118
32 80
32 124
32 82
32 102
32 83
32 119
32 103
32 35
32 37
32 104
32 105
32 84
32 39
32 41
32 42
32 45
32 46
32 47
32 85
32 106
32 49
32 86
32 50
32 51
32 53
32 55
32 88
32 91
32 109
32 60
32 125
32 61
33 121
33 64
33 65
33 68
33 110
33 111
33 70
33 71
33 122
33 76
33 112
33 113
33 98
33 124
33 126
33 101
33 34
33 36
33 37
33 38
33 39
33 40
33 116
33 42
33 43
33 44
33 45
33 46
33 127
33 85
33 50
33 52
33 53
33 54
33 55
33 107
33 108
33 59
33 89
33 60
33 61
34 92
34 62
34 121
34 93
34 66
34 67
34 94
34 69
34 70
34 73
34 76
34 77
34 78
34 112
34 97
34 98
34 124
34 100
34 126
34 83
34 119
34 35
34 36
34 38
34 104
34 115
34 84
34 40
34 41
34 43
34 44
34 45
34 46
34 127
34 85
34 106
34 49
34 86
34 87
34 51
34 53
34 54
34 120
34 55
34 56
34 57
34 107
34 58
34 108
34 89
34 90
34 60
35 92
35 62
35 117
35 121
35 64
35 93
35 68
35 94
35 110
35 111
35 69
35 71
35 122
35 72
35 74
35 75
35 76
35 77
35 123
35 78
35 113
35 96
35 97
35 79
35 80
35 98
35 114
35 99
35 126
35 82
35 101
35 102
35 83
35 119
35 36
35 104
35 115
35 39
35 40
35 41
35 42
35 43
35 45
35 127
35 106
35 48
35 86
35 50
35 51
35 52
35 53
35 55
35 56
35 88
35 58
35 108
35 59
35 89
35 91
35 109
35 125
35 61
35 87
35 116
36 62
36 117
36 63
36 65
36 66
36 94
36 111
36 69
36 70
36 122
36 73
36 113
36 97
36 118
36 80
36 98
36 124
36 114
36 102
36 83
36 104
36 105
36 84
36 40
36 116
36 43
36 45
36 46
36 127
36 106
36 49
36 86
36 50
36 52
36 57
36 58
36 108
36 89
36 109
36 60
36 125
36 61
36 72
36 88
36 87
36 56
37 92
37 64
37 65
37 67
37 68
37 94
37 111
37 69
37 71
37 72
37 73
37 75
37 76
37 123
37 78
37 112
37 113
37 97
37 79
37 118
37 80
37 114
37 99
37 82
37 115
37 42
37 43
37 45
37 46
37 47
37 49
37 86
37 50
37 53
37 58
37 108
37 109
37 125
38 92
38 62
38 121
38 63
38 64
38 65
38 66
38 67
38 68
38 94
38 70
38 73
38 74
38 76
38 77
38 78
38 112
38 96
38 97
38 79
38 118
38 80
38 98
38 81
38 124
38 114
38 99
38 100
38 101
38 102
38 83
38 119
38 41
38 116
38 42
38 127
38 85
38 106
38 48
38 50
38 51
38 52
38 120
38 55
38 56
38 57
38 108
38 109
38 60
39 92
39 117
39 121
39 63
39 65
39 94
39 95
39 111
39 69
39 122
39 75
39 112
39 79
39 118
39 80
39 82
39 101
39 102
39 119
39 103
39 115
39 105
39 41
39 116
39 42
39 43
39 44
39 47
39 85
39 106
39 86
39 50
39 51
39 55
39 56
39 57
39 108
39 59
39 90
40 121
40 65
40 68
40 110
40 70
40 71
40 73
40 76
40 78
40 112
40 113
40 96
40 79
40 118
40 80
40 124
40 100
40 126
40 101
40 102
40 119
40 115
40 42
40 47
40 48
40 86
40 51
40 54
40 55
40 56
40 57
40 107
40 88
40 58
40 89
40 91
40 109
40 61
41 117
41 121
41 63
41 65
41 66
41 67
41 68
41 110
41 95
41 69
41 70
41 122
41 72
41 73
41 75
41 76
41 77
41 112
41 96
41 97
41 81
41 124
41 114
41 99
41 100
41 101
41 83
41 105
41 84
41 42
41 106
41 49
41 50
41 52
41 53
41 120
41 56
41 108
41 89
41 90
41 91
41 109
41 125
42 63
42 64
42 68
42 94
42 69
42 70
42 74
42 75
42 77
42 78
42 79
42 118
42 81
42 124
42 99
42 126
42 82
42 101
42 102
42 83
42 104
42 115
42 84
42 44
42 45
42 46
42 85
42 106
42 48
42 49
42 87
42 53
42 55
42 56
42 107
42 108
42 90
42 91
42 109
42 60
42 125
43 92
43 62
43 117
43 121
43 67
43 68
43 94
43 110
43 95
43 111
43 69
43 70
43 71
43 72
43 73
43 123
43 112
43 118
43 80
43 98
43 124
43 114
43 99
43 82
43 101
43 102
43 83
43 119
43 103
43 104
43 115
43 84
43 46
43 106
43 49
43 86
43 87
43 51
43 52
43 53
43 88
43 109
43 60
43 125
43 61
43 116
43 56
44 117
44 93
44 65
44 67
44 68
44 94
44 95
44 111
44 71
44 122
44 78
44 112
44 79
44 118
44 98
44 99
44 82
44 101
44 102
44 119
44 103
44 84
44 127
44 48
44 50
44 52
44 55
44 56
44 107
44 108
44 59
44 90
44 91
44 109
45 92
45 62
45 117
45 121
45 64
45 93
45 65
45 110
45 111
45 71
45 73
45 75
45 76
45 123
45 78
45 112
45 96
45 79
45 118
45 80
45 98
45 81
45 126
45 101
45 102
45 119
45 103
45 115
45 105
45 84
45 46
45 127
45 85
45 106
45 48
45 86
45 87
45 51
45 53
45 54
45 88
45 58
45 108
45 109
45 60
45 125
45 61
46 92
46 117
46 65
46 66
46 111
46 70
46 122
46 73
46 76
46 78
46 113
46 79
46 98
46 114
46 100
46 102
46 119
46 115
46 127
46 47
46 106
46 50
46 51
46 53
46 120
46 57
46 107
46 88
46 58
46 108
46 89
46 61
47 92
47 62
47 117
47 121
47 93
47 68
47 95
47 71
47 72
47 73
47 74
47 75
47 77
47 123
47 112
47 97
47 118
47 98
47 81
47 99
47 100
47 126
47 101
47 104
47 84
47 127
47 48
47 49
47 50
47 53
47 120
47 107
47 88
47 91
47 60
48 92
48 117
48 121
48 93
48 66
48 67
48 68
48 95
48 111
48 70
48 122
48 72
48 73
48 74
48 77
48 123
48 112
48 113
48 97
48 79
48 98
48 124
48 114
48 99
48 101
48 102
48 119
48 103
48 104
48 116
48 85
48 106
48 86
48 87
48 51
48 53
48 54
48 57
48 107
48 108
48 59
48 89
48 125
48 61
49 62
49 117
49 63
49 93
49 66
49 68
49 110
49 111
49 69
49 70
49 77
49 112
49 113
49 79
49 99
49 126
49 82
49 83
49 119
49 104
49 105
49 84
49 85
49 86
49 50
49 52
49 53
49 120
49 55
49 57
49 107
49 88
49 108
49 89
49 109
49 125
50 92
50 117
50 63
50 65
50 66
50 68
50 94
50 69
50 70
50 71
50 122
50 76
50 77
50 78
50 79
50 80
50 98
50 81
50 100
50 101
50 83
50 103
50 104
50 127
50 85
50 87
50 51
50 54
50 120
50 55
50 56
50 57
50 107
50 58
50 89
50 90
50 91
50 109
50 60
50 61
51 92
51 62
51 121
51 64
51 68
51 110
51 111
51 70
51 71
51 74
51 75
51 76
51 112
51 81
51 100
51 126
51 82
51 101
51 83
51 119
51 115
51 105
51 84
51 85
51 106
51 53
51 54
51 55
51 56
51 88
51 108
51 59
51 91
51 109
51 60
51 61
52 92
52 117
52 121
52 63
52 66
52 68
52 111
52 69
52 71
52 123
52 112
52 113
52 79
52 118
52 80
52 81
52 124
52 114
52 126
52 101
52 119
52 103
52 104
52 84
52 127
52 106
52 86
52 87
52 54
52 55
52 56
52 88
52 58
52 109
52 60
52 61
53 62
53 117
53 121
53 93
53 68
53 94
53 110
53 95
53 73
53 74
53 76
53 77
53 123
53 112
53 113
53 96
53 97
53 79
53 80
53 98
53 99
53 126
53 82
53 101
53 102
53 103
53 104
53 115
53 120
53 55
53 56
53 57
53 109
53 60
53 61
54 62
54 117
54 121
54 64
54 65
54 66
54 110
54 69
54 70
54 71
54 122
54 77
54 78
54 113
54 118
54 80
54 124
54 99
54 102
54 104
54 115
54 84
54 116
54 120
54 107
54 108
54 59
54 91
54 60
54 125
55 62
55 117
55 63
55 93
55 65
55 67
55 68
55 94
55 95
55 111
55 69
55 71
55 73
55 75
55 76
55 77
55 123
55 112
55 113
55 99
55 100
55 101
55 83
55 119
55 103
55 104
55 115
55 105
55 127
55 85
55 106
55 56
55 107
55 88
55 108
55 59
55 89
55 90
55 109
55 61
56 62
56 93
56 65
56 66
56 67
56 68
56 94
56 95
56 70
56 122
56 123
56 78
56 97
56 81
56 102
56 83
56 103
56 104
56 115
56 84
56 116
56 106
56 107
56 108
56 59
56 89
56 60
56 125
56 61
56 72
56 111
56 88
56 87
56 114
57 62
57 63
57 64
57 65
57 66
57 68
57 94
57 95
57 70
57 76
57 78
57 118
57 124
57 114
57 101
57 83
57 104
57 85
57 120
57 107
57 88
57 108
57 59
57 89
57 90
57 91
57 60
57 125
58 92
58 62
58 121
58 63
58 93
58 66
58 67
58 68
58 94
58 111
58 122
58 72
58 73
58 75
58 76
58 77
58 96
58 97
58 118
58 98
58 81
58 99
58 100
58 83
58 119
58 103
58 104
58 105
58 84
58 85
58 106
58 120
58 107
58 108
58 89
58 90
59 62
59 64
59 65
59 66
59 67
59 110
59 95
59 69
59 70
59 122
59 73
59 74
59 76
59 77
59 123
59 97
59 79
59 80
59 98
59 81
59 99
59 126
59 82
59 101
59 103
59 104
59 115
59 105
59 86
59 89
59 90
59 91
59 109
59 60
60 117
60 121
60 64
60 65
60 67
60 95
60 111
60 70
60 122
60 73
60 75
60 123
60 78
60 98
60 100
60 82
60 102
60 103
60 104
60 105
60 85
60 87
60 88
60 108
60 89
60 90
60 91
60 109
60 125
61 92
61 117
61 93
61 67
61 68
61 110
61 95
61 111
61 69
61 72
61 74
61 76
61 123
61 78
61 112
61 97
61 79
61 118
61 98
61 124
61 99
61 101
61 83
61 119
61 103
61 105
61 84
61 85
61 86
61 108
61 89
61 125
61 88
61 87
61 116
61 114
62 117
62 63
62 64
62 93
62 66
62 68
62 111
62 69
62 71
62 74
62 75
62 76
62 96
62 79
62 118
62 80
62 124
62 99
62 100
62 82
62 104
62 115
62 106
62 108
62 90
62 91
63 64
63 67
63 94
63 110
63 95
63 111
63 70
63 71
63 122
63 72
63 73
63 74
63 76
63 77
63 123
63 78
63 113
63 79
63 80
63 98
63 114
63 99
63 126
63 82
63 102
63 83
63 119
63 105
63 84
63 116
63 106
63 86
63 87
63 107
63 88
63 108
63 89
63 90
63 125
64 117
64 121
64 93
64 66
64 67
64 68
64 94
64 110
64 95
64 122
64 73
64 74
64 75
64 76
64 77
64 97
64 79
64 80
64 98
64 81
64 114
64 99
64 101
64 119
64 103
64 115
64 84
64 127
64 108
64 91
64 109
64 125
65 92
65 66
65 68
65 71
65 122
65 72
65 75
65 113
65 96
65 79
65 98
65 81
65 114
65 126
65 82
65 101
65 102
65 83
65 119
65 115
65 116
65 127
65 85
65 106
65 87
65 107
65 108
65 89
65 90
65 125
66 117
66 94
66 110
66 111
66 69
66 70
66 72
66 75
66 76
66 77
66 123
66 113
66 80
66 114
66 99
66 126
66 82
66 83
66 104
66 105
66 116
66 85
66 106
66 87
66 107
66 88
66 108
66 89
66 90
66 91
66 109
67 93
67 94
67 95
67 111
67 69
67 122
67 72
67 73
67 123
67 113
67 96
67 97
67 118
67 81
67 114
67 126
67 101
67 83
67 119
67 103
67 115
67 116
67 127
67 85
67 106
67 86
67 88
67 108
67 91
68 92
68 117
68 93
68 110
68 95
68 111
68 70
68 72
68 74
68 76
68 77
68 123
68 78
68 112
68 97
68 79
68 118
68 81
68 114
68 126
68 82
68 101
68 102
68 83
68 119
68 103
68 104
68 115
68 105
68 116
68 106
68 86
68 107
68 88
68 89
68 90
68 109
68 125
69 93
69 110
69 111
69 71
69 72
69 73
69 75
69 77
69 123
69 96
69 80
69 98
69 81
69 100
69 82
69 102
69 119
69 103
69 115
69 116
69 88
69 108
69 89
69 91
69 109
70 117
70 94
70 110
70 71
70 72
70 75
70 76
70 78
70 112
70 113
70 96
70 98
70 81
70 100
70 82
70 101
70 102
70 119
70 104
70 115
70 84
70 116
70 85
70 86
70 87
70 120
70 107
70 108
70 109
70 125
71 111
71 73
71 76
71 123
71 112
71 98
71 124
71 99
71 100
71 83
71 84
71 116
71 106
71 87
71 108
71 109
72 93
72 110
72 95
72 111
72 122
72 74
72 75
72 76
72 77
72 123
72 78
72 112
72 113
72 96
72 97
72 79
72 118
72 98
72 124
72 114
72 99
72 100
72 83
72 119
72 104
72 115
72 84
72 127
72 85
72 86
72 87
72 120
72 88
72 108
72 89
72 109
72 116
73 121
73 93
73 111
73 75
73 76
73 123
73 79
73 98
73 99
73 100
73 102
73 83
73 103
73 104
73 115
73 105
73 127
73 106
73 86
73 120
73 107
73 91
74 92
74 121
74 95
74 111
74 122
74 75
74 113
74 96
74 97
74 79
74 80
74 98
74 81
74 124
74 99
74 126
74 101
74 102
74 83
74 104
74 105
74 84
74 106
74 108
74 89
75 93
75 110
75 95
75 122
75 76
75 78
75 112
75 113
75 96
75 79
75 118
75 98
75 124
75 114
75 99
75 82
75 119
75 103
75 105
75 116
75 85
75 106
75 87
75 120
75 89
75 125
76 117
76 93
76 123
76 96
76 97
76 79
76 80
76 99
76 101
76 103
76 104
76 116
76 127
76 85
76 87
76 120
76 107
76 88
76 90
76 125
77 92
77 117
77 121
77 93
77 94
77 95
77 111
77 122
77 123
77 113
77 96
77 97
77 98
77 81
77 124
77 114
77 99
77 126
77 82
77 83
77 104
77 115
77 84
77 127
77 106
77 87
77 120
77 107
77 90
77 91
78 92
78 121
78 93
78 112
78 96
78 118
78 80
78 81
78 124
78 99
78 100
78 126
78 82
78 102
78 83
78 103
78 104
78 115
78 105
78 84
78 116
78 127
78 106
78 86
78 88
78 108
78 109
79 117
79 121
79 110
79 95
79 122
79 123
79 113
79 96
79 97
79 80
79 81
79 124
79 126
79 101
79 102
79 83
79 103
79 105
79 127
79 87
79 120
79 107
79 108
79 89
79 91
79 125
80 92
80 117
80 121
80 94
80 95
80 123
80 113
80 96
80 118
80 98
80 124
80 114
80 99
80 100
80 102
80 83
80 119
80 103
80 115
80 84
80 127
80 87
80 120
80 88
80 108
80 89
80 90
80 109
81 92
81 117
81 94
81 110
81 95
81 122
81 96
81 97
81 118
81 99
81 126
81 82
81 102
81 119
81 103
81 104
81 105
81 84
81 116
81 127
81 85
81 106
81 108
81 89
81 90
82 92
82 93
82 111
82 122
82 123
82 113
82 96
82 98
82 124
82 99
82 100
82 126
82 101
82 102
82 83
82 103
82 115
82 105
82 85
82 87
82 89
82 91
83 92
83 121
83 94
83 111
83 123
83 112
83 118
83 98
83 126
83 101
83 103
83 115
83 86
83 120
83 108
83 88
83 87
83 116
83 114
84 121
84 94
84 111
84 122
84 112
84 96
84 118
84 98
84 124
84 114
84 99
84 100
84 126
84 119
84 103
84 104
84 115
84 105
84 85
84 87
84 88
85 92
85 117
85 94
85 95
85 111
85 123
85 113
85 118
85 114
85 99
85 126
85 102
85 119
85 103
85 115
85 106
85 86
85 87
85 107
85 90
85 109
86 92
86 117
86 121
86 94
86 110
86 111
86 122
86 123
86 113
86 96
86 97
86 98
86 114
86 99
86 100
86 126
86 103
86 104
86 106
86 87
86 120
86 108
86 90
86 109
87 92
87 121
87 93
87 111
87 124
87 114
87 100
87 126
87 105
87 127
87 108
87 89
87 90
87 91
87 109
87 125
87 88
87 116
88 117
88 121
88 110
88 95
88 96
88 97
88 124
88 114
88 99
88 126
88 103
88 115
88 120
88 107
88 90
88 91
88 125
88 111
88 116
89 121
89 94
89 110
89 95
89 123
89 112
89 118
89 124
89 114
89 101
89 102
89 119
89 104
89 116
89 127
89 106
89 107
89 108
89 90
89 109
90 93
90 94
90 110
90 122
90 123
90 113
90 96
90 118
90 124
90 99
90 100
90 126
90 101
90 102
90 103
90 127
90 106
90 120
90 108
90 125
91 92
91 117
91 93
91 95
91 122
91 112
91 113
91 96
91 119
91 103
91 104
91 116
91 127
91 120
91 108
91 125
92 117
92 121
92 110
92 95
92 111
92 123
92 112
92 113
92 96
92 97
92 118
92 98
92 124
92 99
92 100
92 126
92 115
92 105
92 106
92 107
92 108
92 109
92 125
93 117
93 110
93 95
93 111
93 112
93 113
93 96
93 124
93 99
93 126
93 101
93 119
93 104
93 106
93 120
93 107
94 117
94 121
94 110
94 95
94 111
94 122
94 112
94 97
94 118
94 98
94 114
94 100
94 116
94 127
94 120
95 117
95 110
95 111
95 122
95 123
95 112
95 113
95 97
95 118
95 114
95 99
95 126
95 101
95 119
95 103
95 104
95 115
95 116
95 127
95 125
96 121
96 110
96 123
96 97
96 98
96 124
96 100
96 101
96 103
96 104
96 115
96 120
96 107
96 108
97 121
97 110
97 123
97 112
97 118
97 98
97 114
97 99
97 100
97 126
97 104
97 115
97 106
97 120
97 108
97 109
98 117
98 121
98 110
98 123
98 112
98 113
98 100
98 102
98 116
98 106
98 120
98 125
99 121
99 111
99 122
99 123
99 112
99 113
99 118
99 124
99 105
99 106
99 120
99 107
99 125
100 117
100 111
100 122
100 112
100 118
100 114
100 119
100 103
100 104
100 115
100 116
100 127
100 106
100 120
100 107
100 108
100 125
101 121
101 122
101 123
101 118
101 102
101 119
101 103
101 115
101 105
101 116
101 106
101 120
101 108
102 121
102 111
102 122
102 112
102 118
102 126
102 119
102 103
102 115
102 120
102 107
102 108
102 109
103 117
103 110
103 122
103 123
103 113
103 124
103 126
103 115
103 105
103 106
103 120
103 107
104 117
104 110
104 114
104 126
105 121
105 122
105 124
105 126
105 119
105 127
105 108
105 109
105 125
106 117
106 110
106 111
106 123
106 113
106 124
106 114
106 119
106 116
106 120
106 109
107 121
107 122
107 123
107 119
107 127
107 109
108 117
108 110
108 111
108 122
108 123
108 112
108 118
108 126
108 116
108 120
108 109
109 117
109 122
109 112
109 113
109 118
109 115
109 116
109 127
109 120
110 117
110 121
110 111
110 118
110 114
110 126
110 125
111 123
111 118
111 114
111 126
111 119
111 115
111 127
111 125
111 116
112 121
112 124
112 114
112 126
112 119
112 127
112 120
112 125
113 117
113 122
113 114
113 126
113 115
114 121
114 118
114 126
114 122
114 119
114 116
115 121
115 123
115 124
115 119
115 116
116 124
116 120
117 122
117 123
117 126
117 119
117 125
118 124
118 119
118 127
118 125
119 121
119 125
119 127
120 123
120 126
120 127
121 123
122 123
122 124
122 127
123 124
123 126
123 125
124 126
124 127
