0 2
0 3
0 5
0 6
0 7
0 8
0 9
0 10
0 11
0 12
0 14
0 15
0 16
0 17
0 18
0 19
0 20
0 21
0 22
0 24
0 25
0 26
0 27
0 28
0 29
0 30
0 31
0 32
0 33
0 34
0 35
0 36
0 37
0 38
0 39
0 40
0 41
0 42
0 43
0 44
0 45
0 46
0 47
0 48
0 49
0 50
0 51
0 52
0 53
0 54
0 55
0 57
0 58
0 59
0 60
0 61
0 62
0 63
0 96
0 94
0 109
0 85
0 83
0 116
0 110
0 98
1 64
1 65
1 5
1 7
1 66
1 67
1 8
1 68
1 69
1 12
1 70
1 71
1 17
1 19
1 72
1 73
1 22
1 23
1 25
1 26
1 74
1 75
1 76
1 77
1 78
1 31
1 37
1 38
1 79
1 39
1 80
1 40
1 81
1 42
1 43
1 45
1 82
1 83
1 47
1 49
1 84
1 50
1 51
1 85
1 52
1 53
1 86
1 54
1 55
1 56
1 57
1 59
1 87
1 88
1 89
1 90
1 91
1 60
1 61
1 63
1 92
1 93
1 94
2 95
2 3
2 64
2 65
2 4
2 5
2 96
2 7
2 97
2 66
2 8
2 69
2 98
2 70
2 99
2 15
2 16
2 17
2 18
2 19
2 72
2 21
2 22
2 24
2 27
2 76
2 77
2 100
2 101
2 78
2 102
2 35
2 103
2 38
2 104
2 105
2 106
2 41
2 45
2 46
2 107
2 108
2 49
2 109
2 85
2 52
2 110
2 86
2 111
2 55
2 56
2 112
2 89
2 91
2 60
2 113
2 62
2 63
2 114
2 94
3 95
3 64
3 115
3 96
3 7
3 12
3 70
3 13
3 17
3 72
3 73
3 117
3 118
3 75
3 76
3 77
3 100
3 101
3 119
3 78
3 120
3 33
3 102
3 35
3 36
3 103
3 38
3 79
3 105
3 43
3 82
3 83
3 47
3 107
3 48
3 49
3 109
3 85
3 86
3 111
3 54
3 55
3 57
3 88
3 112
3 60
3 61
3 92
3 93
3 114
4 95
4 64
4 115
4 96
4 6
4 121
4 97
4 66
4 8
4 122
4 69
4 10
4 11
4 12
4 123
4 70
4 99
4 13
4 14
4 15
4 16
4 19
4 116
4 20
4 21
4 73
4 23
4 74
4 118
4 75
4 124
4 76
4 100
4 119
4 78
4 31
4 120
4 32
4 102
4 34
4 35
4 38
4 79
4 39
4 104
4 105
4 40
4 42
4 43
4 45
4 83
4 107
4 49
4 125
4 84
4 51
4 85
4 52
4 53
4 86
4 111
4 58
4 59
4 87
4 88
4 112
4 91
4 113
4 61
4 126
5 95
5 115
5 6
5 7
5 121
5 67
5 12
5 99
5 17
5 18
5 20
5 72
5 21
5 73
5 23
5 24
5 25
5 26
5 117
5 27
5 76
5 29
5 101
5 119
5 78
5 30
5 31
5 120
5 32
5 102
5 34
5 36
5 103
5 37
5 38
5 79
5 105
5 80
5 40
5 81
5 45
5 82
5 46
5 47
5 108
5 84
5 109
5 85
5 52
5 110
5 86
5 55
5 56
5 57
5 58
5 90
5 91
5 127
5 113
5 62
5 63
5 114
5 94
5 126
6 65
6 115
6 97
6 8
6 68
6 69
6 9
6 123
6 70
6 99
6 71
6 17
6 116
6 20
6 72
6 22
6 23
6 27
6 75
6 124
6 28
6 77
6 29
6 119
6 78
6 31
6 32
6 102
6 34
6 35
6 36
6 37
6 39
6 104
6 80
6 106
6 41
6 81
6 43
6 44
6 45
6 83
6 47
6 108
6 48
6 109
6 85
6 110
6 111
6 56
6 59
6 89
6 91
6 60
6 127
6 61
6 62
6 114
6 126
7 97
7 66
7 67
7 69
7 10
7 12
7 98
7 70
7 13
7 14
7 18
7 73
7 23
7 24
7 118
7 28
7 77
7 100
7 101
7 78
7 30
7 32
7 102
7 36
7 38
7 104
7 80
7 40
7 106
7 81
7 42
7 44
7 45
7 83
7 46
7 107
7 48
7 49
7 51
7 85
7 110
7 54
7 56
7 112
7 89
7 90
7 91
7 61
7 62
7 92
7 114
8 64
8 96
8 121
8 97
8 66
8 69
8 9
8 10
8 123
8 98
8 70
8 13
8 14
8 16
8 17
8 18
8 19
8 72
8 21
8 73
8 23
8 74
8 27
8 124
8 76
8 77
8 29
8 100
8 119
8 31
8 32
8 35
8 36
8 103
8 38
8 39
8 104
8 40
8 41
8 42
8 43
8 83
8 108
8 48
8 84
8 109
8 50
8 51
8 85
8 53
8 110
8 86
8 111
8 54
8 55
8 59
8 88
8 112
8 90
8 60
8 61
8 63
8 114
8 94
8 126
8 33
8 116
8 34
9 95
9 65
9 97
9 67
9 11
9 123
9 70
9 14
9 17
9 21
9 73
9 26
9 76
9 119
9 30
9 31
9 33
9 34
9 35
9 36
9 103
9 38
9 79
9 39
9 104
9 80
9 41
9 83
9 46
9 48
9 125
9 84
9 109
9 53
9 111
9 56
9 57
9 59
9 88
9 112
9 90
9 60
9 62
9 63
9 92
9 93
9 114
9 126
9 96
9 94
9 85
9 29
9 116
9 110
9 98
10 95
10 96
10 121
10 66
10 68
10 122
10 69
10 11
10 12
10 70
10 13
10 14
10 71
10 15
10 16
10 18
10 19
10 116
10 20
10 72
10 21
10 22
10 24
10 25
10 117
10 74
10 27
10 75
10 77
10 101
10 30
10 120
10 34
10 36
10 103
10 38
10 79
10 39
10 105
10 40
10 81
10 42
10 45
10 82
10 83
10 47
10 107
10 108
10 48
10 109
10 50
10 85
10 52
10 86
10 54
10 55
10 56
10 57
10 58
10 87
10 91
10 60
10 127
10 61
10 62
10 92
10 93
10 114
10 94
11 95
11 64
11 65
11 115
11 67
11 68
11 122
11 123
11 98
11 70
11 99
11 71
11 18
11 19
11 73
11 24
11 25
11 28
11 76
11 77
11 100
11 101
11 119
11 30
11 32
11 33
11 102
11 104
11 80
11 106
11 41
11 42
11 43
11 45
11 46
11 47
11 107
11 108
11 48
11 49
11 109
11 51
11 85
11 52
11 53
11 111
11 54
11 57
11 87
11 88
11 112
11 89
11 60
11 127
11 63
11 93
11 114
11 126
12 115
12 96
12 66
12 122
12 69
12 98
12 70
12 14
12 71
12 15
12 18
12 72
12 22
12 117
12 74
12 118
12 27
12 124
12 28
12 76
12 101
12 119
12 31
12 102
12 35
12 103
12 79
12 39
12 104
12 105
12 81
12 46
12 47
12 107
12 50
12 51
12 53
12 86
12 111
12 54
12 55
12 56
12 57
12 58
12 87
12 90
12 91
12 127
12 61
12 92
12 93
12 114
13 95
13 97
13 66
13 122
13 69
13 123
13 98
13 99
13 71
13 16
13 17
13 18
13 19
13 116
13 20
13 72
13 73
13 22
13 23
13 118
13 27
13 124
13 76
13 100
13 101
13 78
13 30
13 31
13 102
13 35
13 38
13 104
13 80
13 41
13 81
13 43
13 44
13 45
13 48
13 84
13 50
13 85
13 110
13 111
13 54
13 56
13 57
13 58
13 59
13 87
13 112
13 89
13 61
13 63
13 114
13 126
14 95
14 65
14 96
14 67
14 68
14 98
14 71
14 17
14 19
14 116
14 20
14 21
14 23
14 24
14 25
14 27
14 75
14 124
14 77
14 29
14 100
14 101
14 78
14 30
14 120
14 32
14 36
14 38
14 39
14 105
14 80
14 40
14 41
14 81
14 44
14 82
14 46
14 107
14 48
14 84
14 109
14 50
14 52
14 53
14 111
14 55
14 57
14 58
14 88
14 112
14 89
14 90
14 60
14 127
14 113
14 63
14 93
14 114
15 64
15 65
15 115
15 121
15 66
15 67
15 68
15 69
15 123
15 98
15 99
15 16
15 116
15 21
15 73
15 24
15 25
15 26
15 27
15 124
15 28
15 76
15 77
15 29
15 30
15 120
15 32
15 33
15 102
15 34
15 35
15 37
15 38
15 104
15 105
15 80
15 40
15 106
15 81
15 42
15 43
15 83
15 46
15 47
15 107
15 108
15 48
15 49
15 109
15 51
15 86
15 111
15 55
15 59
15 88
15 90
15 91
15 127
15 93
15 114
15 94
15 126
16 65
16 121
16 97
16 66
16 67
16 68
16 123
16 71
16 17
16 72
16 73
16 23
16 24
16 25
16 117
16 74
16 118
16 27
16 28
16 76
16 100
16 119
16 31
16 32
16 102
16 35
16 39
16 80
16 40
16 106
16 41
16 43
16 83
16 46
16 47
16 48
16 49
16 109
16 51
16 85
16 52
16 53
16 54
16 58
16 59
16 113
16 62
16 63
16 92
16 114
16 126
17 95
17 64
17 115
17 96
17 67
17 68
17 123
17 98
17 99
17 71
17 18
17 116
17 20
17 23
17 24
17 25
17 26
17 75
17 124
17 77
17 29
17 119
17 31
17 32
17 34
17 35
17 38
17 39
17 104
17 41
17 82
17 83
17 46
17 107
17 48
17 125
17 109
17 51
17 85
17 52
17 110
17 86
17 54
17 55
17 56
17 59
17 87
17 113
17 62
17 63
17 92
17 94
17 126
17 33
17 53
17 21
18 65
18 66
18 67
18 122
18 69
18 98
18 70
18 19
18 23
18 24
18 26
18 27
18 124
18 101
18 119
18 78
18 120
18 35
18 36
18 38
18 79
18 39
18 104
18 106
18 46
18 47
18 107
18 48
18 84
18 109
18 85
18 111
18 54
18 55
18 57
18 87
18 112
18 89
18 90
18 63
18 93
18 114
18 94
18 126
19 65
19 121
19 97
19 66
19 68
19 122
19 98
19 70
19 20
19 73
19 22
19 23
19 26
19 74
19 118
19 75
19 76
19 29
19 100
19 119
19 78
19 120
19 33
19 102
19 34
19 37
19 39
19 104
19 80
19 44
19 45
19 46
19 108
19 49
19 109
19 50
19 52
19 53
19 110
19 56
19 57
19 112
19 90
19 60
19 127
19 114
19 94
19 126
20 95
20 115
20 121
20 123
20 98
20 99
20 72
20 21
20 73
20 23
20 25
20 26
20 117
20 74
20 27
20 77
20 29
20 100
20 101
20 119
20 78
20 31
20 32
20 102
20 34
20 36
20 37
20 38
20 39
20 105
20 40
20 81
20 42
20 44
20 47
20 108
20 48
20 49
20 51
20 53
20 110
20 86
20 56
20 58
20 88
20 112
20 91
20 60
20 127
20 63
20 94
20 126
21 65
21 115
21 122
21 123
21 98
21 70
21 72
21 73
21 23
21 24
21 26
21 119
21 78
21 31
21 120
21 33
21 34
21 35
21 104
21 106
21 44
21 82
21 107
21 109
21 51
21 85
21 53
21 86
21 54
21 55
21 57
21 88
21 89
21 60
21 62
21 63
21 94
21 96
21 48
21 83
21 29
21 116
21 110
22 64
22 65
22 121
22 66
22 69
22 123
22 98
22 70
22 71
22 116
22 24
22 26
22 74
22 118
22 27
22 124
22 76
22 29
22 100
22 119
22 78
22 30
22 31
22 120
22 32
22 102
22 34
22 38
22 40
22 81
22 44
22 45
22 82
22 83
22 47
22 108
22 48
22 50
22 85
22 52
22 86
22 111
22 54
22 55
22 57
22 58
22 112
22 89
22 60
22 127
22 113
22 62
22 94
23 64
23 65
23 115
23 121
23 97
23 67
23 68
23 122
23 69
23 123
23 98
23 70
23 116
23 73
23 25
23 74
23 75
23 28
23 29
23 100
23 120
23 32
23 33
23 36
23 37
23 39
23 104
23 80
23 106
23 41
23 43
23 45
23 47
23 108
23 49
23 51
23 85
23 53
23 111
23 54
23 56
23 57
23 87
23 112
23 89
23 91
23 62
23 93
23 94
23 126
24 95
24 115
24 121
24 97
24 66
24 67
24 68
24 98
24 73
24 74
24 118
24 75
24 76
24 101
24 30
24 31
24 120
24 33
24 34
24 79
24 104
24 105
24 106
24 81
24 44
24 83
24 107
24 49
24 125
24 109
24 50
24 85
24 53
24 54
24 55
24 57
24 58
24 59
24 90
24 60
24 61
24 94
24 126
25 65
25 115
25 96
25 97
25 69
25 123
25 99
25 73
25 26
25 117
25 74
25 118
25 27
25 75
25 76
25 77
25 100
25 120
25 102
25 35
25 103
25 38
25 39
25 104
25 105
25 80
25 40
25 106
25 41
25 42
25 43
25 44
25 45
25 82
25 83
25 46
25 47
25 125
25 84
25 109
25 51
25 52
25 110
25 54
25 56
25 59
25 87
25 88
25 113
25 61
25 92
25 93
25 126
26 64
26 115
26 96
26 66
26 67
26 68
26 122
26 123
26 70
26 99
26 72
26 74
26 27
26 124
26 28
26 100
26 119
26 78
26 34
26 36
26 103
26 38
26 79
26 104
26 105
26 106
26 41
26 81
26 44
26 82
26 47
26 107
26 84
26 109
26 85
26 52
26 53
26 110
26 86
26 111
26 55
26 57
26 59
26 87
26 88
26 89
26 60
26 127
26 61
26 62
26 63
26 93
26 114
26 94
26 126
27 64
27 65
27 68
27 122
27 69
27 123
27 70
27 99
27 71
27 73
27 117
27 118
27 75
27 124
27 29
27 100
27 101
27 78
27 30
27 120
27 32
27 102
27 34
27 35
27 36
27 103
27 37
27 38
27 79
27 104
27 40
27 106
27 81
27 42
27 45
27 82
27 46
27 108
27 49
27 84
27 50
27 52
27 111
27 54
27 56
27 59
27 87
27 112
27 89
27 90
27 91
27 60
27 127
27 61
27 62
27 92
27 93
27 114
28 64
28 65
28 96
28 121
28 97
28 68
28 122
28 69
28 70
28 99
28 72
28 73
28 75
28 124
28 76
28 78
28 30
28 120
28 102
28 34
28 35
28 36
28 39
28 104
28 80
28 41
28 81
28 42
28 43
28 44
28 46
28 107
28 108
28 48
28 49
28 50
28 51
28 85
28 52
28 86
28 111
28 54
28 55
28 56
28 57
28 59
28 87
28 88
28 112
28 60
28 62
28 93
28 114
28 94
28 126
29 95
29 64
29 96
29 121
29 66
29 67
29 123
29 70
29 116
29 117
29 75
29 124
29 76
29 100
29 119
29 37
29 38
29 39
29 80
29 43
29 44
29 45
29 107
29 48
29 49
29 52
29 53
29 110
29 86
29 54
29 57
29 58
29 87
29 89
29 91
29 60
29 61
29 63
29 92
29 94
29 109
29 85
29 31
29 83
29 35
29 33
29 34
29 98
30 95
30 64
30 65
30 121
30 122
30 69
30 98
30 74
30 77
30 101
30 119
30 120
30 32
30 36
30 39
30 80
30 40
30 106
30 42
30 43
30 45
30 82
30 46
30 47
30 50
30 51
30 85
30 52
30 111
30 55
30 56
30 57
30 58
30 89
30 91
30 113
30 61
30 62
30 63
30 92
30 93
30 114
30 126
31 65
31 115
31 96
31 121
31 68
31 122
31 69
31 123
31 98
31 99
31 72
31 73
31 117
31 74
31 118
31 75
31 124
31 76
31 101
31 120
31 32
31 102
31 34
31 35
31 36
31 37
31 79
31 39
31 104
31 80
31 40
31 41
31 83
31 46
31 47
31 48
31 49
31 109
31 51
31 85
31 53
31 55
31 56
31 59
31 87
31 89
31 90
31 91
31 113
31 62
31 63
31 92
31 94
31 33
31 116
31 110
32 95
32 64
32 115
32 97
32 66
32 67
32 68
32 122
32 69
32 98
32 71
32 116
32 72
32 124
32 77
32 101
32 78
32 35
32 38
32 39
32 104
32 105
32 106
32 81
32 42
32 83
32 46
32 107
32 48
32 125
32 84
32 109
32 51
32 52
32 53
32 54
32 55
32 56
32 58
32 59
32 87
32 88
32 112
32 90
32 127
32 113
32 61
32 63
32 92
32 114
32 94
33 95
33 115
33 96
33 97
33 66
33 69
33 98
33 99
33 116
33 72
33 117
33 118
33 100
33 119
33 78
33 120
33 102
33 34
33 35
33 36
33 37
33 38
33 79
33 40
33 106
33 81
33 43
33 44
33 45
33 83
33 46
33 107
33 108
33 48
33 84
33 109
33 50
33 52
33 53
33 110
33 57
33 87
33 88
33 112
33 89
33 90
33 113
33 61
33 62
33 63
33 92
33 93
33 126
33 94
33 85
34 95
34 65
34 96
34 121
34 67
34 122
34 123
34 99
34 116
34 72
34 73
34 118
34 77
34 78
34 36
34 103
34 37
34 39
34 105
34 81
34 43
34 44
34 83
34 108
34 48
34 49
34 109
34 50
34 52
34 111
34 55
34 56
34 57
34 58
34 88
34 112
34 89
34 90
34 91
34 113
34 61
34 62
34 92
34 94
34 85
34 35
34 110
34 98
34 53
35 64
35 115
35 96
35 68
35 98
35 71
35 73
35 117
35 74
35 75
35 124
35 76
35 78
35 120
35 103
35 37
35 79
35 43
35 83
35 107
35 108
35 48
35 109
35 85
35 52
35 111
35 55
35 56
35 57
35 58
35 112
35 89
35 113
35 61
35 62
35 63
35 92
35 93
35 114
35 94
35 126
35 116
35 110
35 53
36 65
36 97
36 68
36 122
36 123
36 98
36 70
36 71
36 116
36 73
36 117
36 74
36 77
36 120
36 102
36 37
36 38
36 79
36 39
36 104
36 80
36 40
36 41
36 81
36 42
36 45
36 82
36 83
36 46
36 48
36 49
36 50
36 85
36 53
36 111
36 54
36 58
36 112
36 89
36 91
36 60
36 127
36 113
36 62
36 63
36 92
36 94
37 95
37 64
37 115
37 96
37 66
37 68
37 122
37 69
37 98
37 71
37 73
37 117
37 74
37 118
37 124
37 101
37 119
37 120
37 102
37 104
37 80
37 106
37 41
37 81
37 42
37 43
37 44
37 83
37 47
37 107
37 108
37 84
37 109
37 50
37 110
37 86
37 56
37 58
37 87
37 112
37 89
37 90
37 127
37 113
37 62
37 92
37 126
38 115
38 67
38 122
38 99
38 71
38 73
38 74
38 75
38 77
38 120
38 102
38 103
38 79
38 104
38 105
38 40
38 106
38 41
38 81
38 42
38 45
38 83
38 107
38 108
38 48
38 49
38 109
38 50
38 51
38 52
38 86
38 111
38 87
38 90
38 91
38 60
38 113
38 62
38 63
38 114
39 95
39 64
39 65
39 96
39 68
39 123
39 70
39 116
39 72
39 73
39 74
39 75
39 76
39 100
39 78
39 102
39 103
39 40
39 41
39 43
39 47
39 108
39 125
39 50
39 51
39 52
39 54
39 55
39 56
39 57
39 112
39 89
39 91
39 60
39 127
39 113
39 92
40 95
40 64
40 121
40 66
40 67
40 68
40 122
40 123
40 98
40 70
40 99
40 73
40 117
40 74
40 75
40 124
40 76
40 77
40 119
40 78
40 120
40 79
40 106
40 81
40 42
40 82
40 83
40 46
40 48
40 125
40 84
40 51
40 85
40 52
40 53
40 110
40 86
40 111
40 54
40 56
40 58
40 59
40 87
40 112
40 91
40 113
40 61
40 62
40 92
40 93
40 126
41 64
41 65
41 96
41 121
41 97
41 122
41 69
41 98
41 70
41 99
41 71
41 116
41 72
41 118
41 75
41 76
41 120
41 102
41 103
41 104
41 105
41 81
41 42
41 43
41 45
41 83
41 46
41 107
41 84
41 51
41 85
41 52
41 111
41 54
41 58
41 87
41 88
41 112
41 89
41 90
41 60
41 127
41 62
41 93
41 114
41 126
42 64
42 65
42 115
42 97
42 68
42 122
42 69
42 70
42 71
42 116
42 72
42 73
42 124
42 76
42 77
42 119
42 78
42 102
42 80
42 43
42 44
42 83
42 46
42 47
42 107
42 108
42 125
42 84
42 109
42 51
42 53
42 110
42 86
42 55
42 58
42 59
42 112
42 60
42 113
42 62
42 92
42 114
43 65
43 115
43 96
43 97
43 66
43 67
43 68
43 69
43 70
43 99
43 71
43 72
43 118
43 77
43 101
43 120
43 79
43 80
43 106
43 81
43 45
43 82
43 46
43 107
43 50
43 51
43 85
43 52
43 53
43 86
43 54
43 57
43 59
43 87
43 88
43 89
43 91
43 127
43 63
43 114
44 121
44 97
44 122
44 69
44 123
44 98
44 70
44 73
44 74
44 118
44 100
44 119
44 78
44 120
44 102
44 103
44 104
44 105
44 80
44 106
44 81
44 82
44 46
44 47
44 107
44 108
44 49
44 50
44 85
44 52
44 53
44 110
44 86
44 55
44 57
44 59
44 88
44 112
44 89
44 91
44 113
44 61
44 63
44 92
44 93
44 114
45 65
45 115
45 67
45 69
45 123
45 98
45 70
45 99
45 72
45 117
45 74
45 124
45 76
45 100
45 101
45 119
45 120
45 79
45 80
45 81
45 82
45 83
45 47
45 48
45 49
45 84
45 50
45 51
45 53
45 86
45 55
45 56
45 89
45 90
45 91
45 113
45 61
45 62
45 63
45 114
45 94
45 126
46 64
46 96
46 121
46 97
46 66
46 69
46 98
46 72
46 118
46 75
46 124
46 76
46 77
46 100
46 101
46 119
46 102
46 103
46 104
46 105
46 81
46 82
46 83
46 47
46 107
46 49
46 84
46 109
46 85
46 52
46 86
46 111
46 54
46 57
46 59
46 87
46 112
46 89
46 90
46 60
46 127
46 113
46 63
46 114
46 94
46 126
47 65
47 115
47 69
47 99
47 116
47 72
47 117
47 76
47 100
47 101
47 78
47 120
47 79
47 80
47 106
47 82
47 107
47 125
47 50
47 53
47 111
47 54
47 112
47 89
47 90
47 60
47 127
47 61
47 93
48 95
48 64
48 65
48 115
48 96
48 121
48 66
48 122
48 69
48 99
48 71
48 117
48 74
48 124
48 77
48 100
48 101
48 119
48 78
48 120
48 102
48 103
48 79
48 106
48 83
48 107
48 125
48 109
48 85
48 52
48 110
48 111
48 56
48 57
48 58
48 59
48 87
48 112
48 89
48 60
48 127
48 113
48 61
48 62
48 94
48 126
48 116
48 98
48 53
49 64
49 65
49 96
49 121
49 97
49 66
49 67
49 122
49 70
49 99
49 116
49 72
49 117
49 118
49 124
49 76
49 77
49 101
49 78
49 79
49 104
49 80
49 82
49 108
49 109
49 50
49 55
49 56
49 58
49 88
49 89
49 60
49 63
49 93
49 126
50 64
50 115
50 96
50 97
50 66
50 122
50 69
50 123
50 71
50 73
50 74
50 118
50 75
50 101
50 78
50 104
50 105
50 81
50 107
50 108
50 125
50 53
50 110
50 86
50 54
50 55
50 57
50 58
50 59
50 87
50 89
50 91
50 127
50 113
50 61
50 62
50 92
50 126
51 95
51 121
51 66
51 67
51 123
51 99
51 71
51 117
51 75
51 124
51 77
51 100
51 101
51 119
51 78
51 102
51 103
51 79
51 105
51 80
51 106
51 81
51 83
51 107
51 108
51 84
51 109
51 86
51 111
51 56
51 58
51 88
51 113
51 61
51 63
52 65
52 96
52 121
52 67
52 68
52 122
52 69
52 123
52 70
52 99
52 71
52 118
52 76
52 77
52 100
52 78
52 120
52 103
52 79
52 105
52 80
52 81
52 82
52 83
52 125
52 109
52 57
52 59
52 89
52 90
52 91
52 60
52 62
53 95
53 64
53 65
53 115
53 96
53 69
53 70
53 117
53 76
53 77
53 102
53 79
53 104
53 106
53 83
53 107
53 125
53 84
53 110
53 86
53 111
53 55
53 56
53 88
53 90
53 61
53 62
53 63
53 92
53 93
53 126
53 94
53 109
53 85
53 116
53 98
54 64
54 65
54 121
54 67
54 68
54 98
54 70
54 71
54 73
54 117
54 74
54 100
54 101
54 119
54 102
54 103
54 79
54 80
54 82
54 107
54 108
54 125
54 84
54 86
54 57
54 89
54 90
54 91
54 62
54 92
54 114
55 96
55 67
55 122
55 69
55 116
55 117
55 75
55 119
55 102
55 79
55 105
55 81
55 125
55 109
55 110
55 111
55 58
55 59
55 91
55 60
55 62
55 63
55 94
55 126
56 95
56 96
56 67
56 122
56 69
56 123
56 98
56 70
56 99
56 72
56 73
56 117
56 75
56 76
56 100
56 103
56 105
56 80
56 82
56 107
56 125
56 86
56 111
56 87
56 88
56 90
56 91
56 61
56 92
56 114
57 64
57 65
57 96
57 97
57 66
57 67
57 122
57 69
57 71
57 116
57 75
57 76
57 77
57 101
57 120
57 104
57 83
57 107
57 125
57 84
57 110
57 111
57 58
57 59
57 87
57 91
57 63
57 93
57 114
57 126
58 95
58 65
58 67
58 122
58 123
58 99
58 71
58 116
58 72
58 117
58 124
58 76
58 100
58 101
58 119
58 105
58 80
58 107
58 108
58 84
58 109
58 86
58 111
58 91
58 60
58 61
58 62
58 114
58 94
58 126
59 65
59 115
59 96
59 121
59 67
59 123
59 98
59 71
59 72
59 117
59 74
59 118
59 75
59 101
59 119
59 120
59 102
59 103
59 79
59 106
59 82
59 109
59 85
59 110
59 86
59 111
59 88
59 112
59 60
59 127
59 61
59 63
59 114
59 94
60 95
60 96
60 67
60 122
60 71
60 72
60 73
60 124
60 76
60 77
60 120
60 102
60 83
60 125
60 84
60 110
60 112
60 61
60 62
60 92
60 93
60 114
60 94
61 95
61 64
61 65
61 115
61 121
61 97
61 66
61 122
61 69
61 98
61 70
61 72
61 73
61 74
61 124
61 76
61 77
61 100
61 101
61 78
61 103
61 104
61 105
61 80
61 106
61 81
61 83
61 107
61 108
61 125
61 84
61 110
61 86
61 88
61 112
61 89
61 91
61 127
61 62
61 63
61 92
61 114
61 94
61 126
62 95
62 65
62 115
62 96
62 121
62 97
62 66
62 68
62 122
62 69
62 99
62 72
62 73
62 117
62 74
62 75
62 100
62 119
62 120
62 102
62 79
62 104
62 80
62 106
62 82
62 107
62 108
62 125
62 84
62 110
62 86
62 111
62 87
62 88
62 89
62 91
62 127
62 92
62 93
62 114
62 94
62 126
63 95
63 64
63 65
63 115
63 96
63 97
63 66
63 67
63 68
63 122
63 69
63 98
63 99
63 71
63 72
63 117
63 74
63 118
63 75
63 124
63 77
63 101
63 103
63 105
63 106
63 107
63 108
63 125
63 84
63 112
63 89
63 92
63 93
63 94
63 126
64 95
64 65
64 115
64 96
64 66
64 67
64 69
64 70
64 99
64 74
64 118
64 75
64 77
64 78
64 120
64 102
64 103
64 79
64 104
64 83
64 107
64 84
64 109
64 87
64 88
64 90
64 91
64 127
64 113
64 93
64 126
65 95
65 115
65 96
65 121
65 97
65 67
65 98
65 72
65 118
65 76
65 77
65 78
65 102
65 79
65 104
65 80
65 82
65 107
65 108
65 84
65 85
65 111
65 87
65 112
65 89
65 90
65 91
65 113
65 92
65 114
66 95
66 67
66 68
66 122
66 98
66 116
66 72
66 73
66 75
66 124
66 76
66 77
66 100
66 101
66 119
66 103
66 83
66 107
66 108
66 125
66 109
66 85
66 110
66 86
66 111
66 87
66 112
66 93
66 114
66 94
67 96
67 97
67 68
67 98
67 99
67 117
67 118
67 75
67 124
67 101
67 119
67 120
67 102
67 103
67 104
67 105
67 106
67 83
67 107
67 85
67 110
67 86
67 87
67 112
67 89
68 95
68 115
68 96
68 123
68 99
68 117
68 74
68 118
68 75
68 124
68 77
68 100
68 101
68 119
68 78
68 103
68 104
68 105
68 80
68 83
68 107
68 109
68 110
68 86
68 111
68 87
68 88
68 90
68 113
68 92
68 93
68 126
69 115
69 97
69 98
69 70
69 99
69 116
69 72
69 117
69 75
69 124
69 77
69 119
69 103
69 80
69 106
69 83
69 107
69 84
69 85
69 111
69 87
69 112
69 91
69 113
69 114
70 95
70 96
70 122
70 123
70 98
70 99
70 71
70 116
70 117
70 74
70 75
70 119
70 102
70 103
70 79
70 104
70 80
70 81
70 83
70 108
70 125
70 109
70 85
70 111
70 112
70 89
70 91
70 127
70 94
70 126
71 122
71 73
71 118
71 124
71 76
71 100
71 101
71 78
71 120
71 106
71 82
71 83
71 107
71 84
71 85
71 110
71 111
71 87
71 88
71 112
71 91
71 92
71 114
71 126
72 115
72 96
72 121
72 122
72 99
72 73
72 117
72 74
72 118
72 75
72 124
72 76
72 100
72 105
72 80
72 107
72 108
72 125
72 109
72 85
72 112
72 91
72 113
72 93
72 114
72 126
73 95
73 115
73 96
73 121
73 97
73 98
73 116
73 117
73 74
73 118
73 124
73 77
73 100
73 101
73 78
73 120
73 103
73 104
73 105
73 80
73 82
73 107
73 108
73 125
73 85
73 87
73 112
73 89
73 90
73 91
73 127
73 92
73 94
73 126
74 115
74 96
74 121
74 97
74 122
74 99
74 118
74 75
74 101
74 120
74 103
74 105
74 80
74 106
74 81
74 125
74 85
74 86
74 112
74 89
74 91
74 113
74 92
74 114
74 94
74 126
75 95
75 115
75 96
75 122
75 99
75 76
75 103
75 104
75 82
75 83
75 107
75 125
75 84
75 85
75 86
75 111
75 88
75 90
75 94
75 126
76 96
76 121
76 97
76 116
76 118
76 77
76 100
76 101
76 119
76 105
76 80
76 106
76 81
76 125
76 84
76 86
76 90
76 91
76 127
76 113
76 92
76 114
77 121
77 97
77 122
77 98
77 99
77 116
77 117
77 100
77 78
77 120
77 102
77 103
77 79
77 80
77 106
77 81
77 82
77 83
77 125
77 84
77 87
77 88
77 89
77 90
77 127
77 113
77 126
78 95
78 115
78 96
78 97
78 122
78 123
78 98
78 116
78 117
78 118
78 101
78 120
78 102
78 103
78 79
78 104
78 81
78 82
78 83
78 107
78 109
78 85
78 88
78 89
78 127
78 94
78 126
79 95
79 96
79 121
79 98
79 99
79 117
79 101
79 119
79 120
79 102
79 105
79 106
79 81
79 82
79 83
79 107
79 84
79 85
79 110
79 86
79 111
79 88
79 112
79 89
79 90
79 127
79 94
80 95
80 115
80 121
80 97
80 122
80 124
80 100
80 101
80 120
80 103
80 104
80 81
80 82
80 108
80 125
80 84
80 110
80 111
80 88
80 112
80 90
80 91
80 93
81 95
81 115
81 122
81 124
81 100
81 104
81 107
81 108
81 84
81 110
81 112
81 89
81 91
81 113
81 93
81 114
81 126
82 95
82 96
82 122
82 98
82 100
82 119
82 103
82 105
82 83
82 107
82 125
82 85
82 110
82 86
82 111
82 88
82 112
82 114
82 94
82 126
83 95
83 96
83 122
83 98
83 118
83 124
83 100
83 101
83 102
83 104
83 105
83 106
83 108
83 125
83 84
83 109
83 85
83 110
83 111
83 88
83 89
83 90
83 127
83 113
83 93
83 94
83 116
84 95
84 115
84 121
84 97
84 122
84 99
84 117
84 118
84 120
84 102
84 106
84 107
84 125
84 86
84 111
84 88
84 89
84 90
84 91
84 127
84 113
84 126
85 96
85 97
85 122
85 117
85 100
85 101
85 103
85 104
85 105
85 106
85 109
85 86
85 88
85 112
85 90
85 91
85 93
85 114
85 94
85 116
85 110
85 98
86 96
86 116
86 117
86 100
86 119
86 120
86 102
86 103
86 107
86 108
86 109
86 111
86 88
86 89
86 91
86 113
86 92
86 93
86 114
86 94
87 115
87 96
87 121
87 97
87 123
87 98
87 116
87 124
87 100
87 101
87 120
87 102
87 104
87 107
87 108
87 109
87 88
87 112
87 91
87 127
87 113
87 92
88 95
88 115
88 96
88 99
88 118
88 100
88 101
88 103
88 104
88 108
88 109
88 89
88 91
88 93
88 114
88 94
88 126
89 123
89 99
89 117
89 118
89 124
89 100
89 101
89 119
89 120
89 103
89 106
89 107
89 108
89 109
89 111
89 90
89 91
89 127
89 93
89 94
90 95
90 122
90 123
90 98
90 99
90 116
90 118
90 124
90 100
90 101
90 119
90 120
90 103
90 104
90 105
90 106
90 108
90 125
90 109
90 110
90 113
90 92
90 114
91 95
91 115
91 121
91 97
91 123
91 98
91 118
91 101
91 119
91 120
91 102
91 103
91 107
91 108
91 109
91 110
91 111
91 127
91 92
91 93
91 114
91 126
92 121
92 97
92 122
92 98
92 99
92 116
92 118
92 124
92 100
92 101
92 119
92 102
92 104
92 106
92 110
92 111
92 114
93 95
93 96
93 97
93 98
93 116
93 118
93 124
93 100
93 101
93 120
93 104
93 105
93 108
93 109
93 111
93 113
93 114
93 126
94 115
94 96
94 121
94 122
94 123
94 98
94 99
94 116
94 124
94 100
94 119
94 120
94 103
94 104
94 106
94 108
94 109
94 110
94 112
94 127
95 121
95 97
95 122
95 123
95 98
95 117
95 100
95 119
95 120
95 102
95 103
95 105
95 125
95 109
95 110
95 127
95 126
96 121
96 97
96 123
96 117
96 119
96 120
96 102
96 103
96 105
96 125
96 109
96 110
96 115
96 99
96 118
96 124
96 101
96 104
96 107
96 108
96 112
96 113
96 114
96 116
96 98
97 115
97 123
97 118
97 101
97 120
97 102
97 103
97 104
97 107
97 109
97 114
97 126
98 121
98 123
98 115
98 116
98 117
98 102
98 104
98 108
98 113
98 126
98 109
98 110
99 122
99 123
99 117
99 100
99 102
99 103
99 105
99 125
99 109
99 126
99 115
99 116
99 124
99 104
99 108
99 111
100 121
100 115
100 116
100 118
100 124
100 101
100 119
100 120
100 102
100 103
100 106
100 109
100 110
100 113
101 121
101 122
101 123
101 102
101 103
101 105
101 109
101 118
101 107
101 108
101 112
102 123
102 119
102 118
102 104
102 106
102 107
102 108
102 109
102 110
102 111
102 127
102 114
102 126
103 121
103 122
103 119
103 104
103 107
103 108
103 125
103 110
103 111
103 113
103 114
103 126
104 121
104 122
104 117
104 119
104 120
104 105
104 109
104 110
104 127
104 116
104 124
104 111
104 112
104 114
105 121
105 117
105 119
105 116
105 124
105 108
105 111
105 112
105 127
105 113
105 114
105 126
106 122
106 119
106 120
106 109
106 127
106 118
106 124
106 111
106 113
107 121
107 123
107 119
107 125
107 109
107 116
107 118
107 113
107 114
108 121
108 122
108 117
108 125
108 109
108 127
108 112
108 114
109 121
109 122
109 119
109 120
109 118
109 110
109 114
109 116
110 121
110 122
110 123
110 120
110 125
110 115
110 124
110 112
110 114
110 116
111 122
111 116
111 118
111 124
111 113
111 114
112 121
112 122
112 123
112 120
112 115
113 120
113 126
113 118
113 114
114 119
114 120
114 125
114 126
114 115
114 116
115 122
115 123
115 125
115 127
115 126
115 116
115 124
116 121
116 117
116 126
117 121
117 123
117 118
117 124
117 119
117 125
117 126
118 122
118 123
118 119
118 125
118 124
119 121
119 123
119 120
119 125
120 122
120 123
120 124
120 127
120 126
121 123
121 124
121 125
121 126
122 125
122 127
122 126
123 126
124 127
125 127
125 126
