0 1
0 2
0 3
0 4
0 5
0 6
0 7
0 8
0 9
0 10
0 11
0 12
0 13
0 14
0 15
0 16
0 17
0 18
0 19
0 20
0 21
0 22
0 23
0 24
0 25
0 26
0 27
0 28
0 29
0 30
0 31
0 32
0 33
0 34
0 35
0 36
0 37
0 38
0 39
0 40
0 41
0 42
0 43
0 44
0 45
0 46
0 47
0 48
0 49
0 50
0 51
0 52
0 53
0 54
0 55
0 56
0 57
0 58
0 59
0 60
0 61
0 62
0 63
0 64
1 3
1 4
1 65
1 6
1 7
1 66
1 67
1 9
1 10
1 11
1 68
1 69
1 18
1 19
1 20
1 70
1 71
1 24
1 72
1 73
1 27
1 28
1 74
1 30
1 75
1 31
1 32
1 76
1 37
1 77
1 41
1 78
1 42
1 79
1 80
1 46
1 81
1 82
1 83
1 84
1 51
1 85
1 53
1 55
1 86
1 87
1 88
1 89
1 90
1 91
1 92
1 56
1 93
1 57
1 58
1 94
1 95
1 61
1 64
2 4
2 6
2 8
2 66
2 96
2 97
2 98
2 99
2 18
2 19
2 100
2 20
2 21
2 22
2 23
2 72
2 101
2 25
2 102
2 26
2 27
2 28
2 103
2 104
2 74
2 105
2 106
2 29
2 107
2 30
2 31
2 108
2 34
2 37
2 38
2 39
2 109
2 41
2 110
2 42
2 80
2 111
2 46
2 49
2 50
2 84
2 51
2 85
2 112
2 55
2 87
2 90
2 91
2 92
2 113
2 93
2 58
2 114
2 59
2 60
2 95
2 61
3 4
3 5
3 65
3 115
3 6
3 7
3 8
3 116
3 12
3 13
3 15
3 98
3 16
3 17
3 18
3 100
3 22
3 70
3 23
3 24
3 72
3 73
3 25
3 26
3 28
3 103
3 105
3 29
3 32
3 34
3 76
3 37
3 77
3 109
3 40
3 41
3 78
3 42
3 80
3 45
3 117
3 47
3 49
3 118
3 119
3 50
3 83
3 120
3 84
3 51
3 52
3 54
3 55
3 86
3 89
3 90
3 91
3 56
3 113
3 93
3 94
3 114
3 59
3 61
3 64
3 69
3 58
3 53
3 36
3 95
4 65
4 115
4 6
4 8
4 66
4 67
4 10
4 11
4 68
4 14
4 97
4 69
4 16
4 18
4 20
4 21
4 23
4 24
4 101
4 25
4 102
4 26
4 27
4 103
4 105
4 106
4 29
4 75
4 31
4 32
4 108
4 76
4 36
4 121
4 77
4 109
4 78
4 110
4 111
4 45
4 46
4 118
4 119
4 81
4 82
4 83
4 120
4 84
4 51
4 86
4 89
4 90
4 91
4 56
4 113
4 93
4 57
4 94
4 59
4 60
4 95
4 62
4 63
5 115
5 6
5 7
5 9
5 10
5 12
5 68
5 96
5 13
5 14
5 15
5 98
5 16
5 99
5 20
5 21
5 70
5 101
5 25
5 102
5 26
5 28
5 74
5 106
5 107
5 30
5 75
5 31
5 108
5 34
5 35
5 39
5 109
5 41
5 78
5 42
5 43
5 111
5 45
5 46
5 48
5 119
5 122
5 50
5 82
5 83
5 85
5 112
5 52
5 53
5 87
5 89
5 90
5 92
5 56
5 93
5 94
5 114
5 59
5 95
5 62
6 65
6 115
6 7
6 67
6 9
6 10
6 12
6 14
6 15
6 98
6 69
6 100
6 20
6 21
6 71
6 72
6 102
6 26
6 103
6 104
6 105
6 107
6 31
6 32
6 76
6 36
6 121
6 41
6 78
6 110
6 43
6 111
6 44
6 47
6 48
6 118
6 119
6 81
6 50
6 84
6 85
6 112
6 53
6 54
6 86
6 87
6 88
6 90
6 91
6 92
6 56
6 113
6 93
6 57
6 58
6 59
6 60
6 95
6 64
7 67
7 11
7 97
7 15
7 98
7 69
7 17
7 99
7 18
7 19
7 100
7 22
7 70
7 72
7 102
7 26
7 105
7 29
7 107
7 31
7 32
7 34
7 36
7 109
7 78
7 42
7 117
7 47
7 48
7 49
7 118
7 119
7 81
7 82
7 120
7 84
7 52
7 53
7 123
7 87
7 124
7 90
7 91
7 92
7 56
7 113
7 58
7 59
7 64
7 24
7 37
7 86
7 61
7 115
7 8
7 95
8 115
8 66
8 116
8 11
8 125
8 12
8 15
8 99
8 18
8 22
8 70
8 71
8 126
8 23
8 102
8 26
8 28
8 103
8 74
8 105
8 107
8 108
8 33
8 34
8 37
8 121
8 39
8 109
8 40
8 80
8 111
8 44
8 49
8 118
8 119
8 81
8 82
8 83
8 84
8 112
8 123
8 124
8 89
8 91
8 56
8 114
8 59
8 62
8 63
8 127
8 24
8 100
8 86
8 61
8 98
8 69
8 58
8 53
8 78
8 36
8 95
9 65
9 116
9 11
9 12
9 68
9 96
9 97
9 15
9 16
9 17
9 99
9 18
9 19
9 70
9 23
9 24
9 72
9 25
9 106
9 29
9 31
9 32
9 76
9 35
9 39
9 40
9 41
9 78
9 110
9 79
9 80
9 43
9 46
9 48
9 119
9 122
9 50
9 83
9 84
9 51
9 112
9 52
9 54
9 123
9 55
9 88
9 124
9 90
9 91
9 56
9 93
9 57
9 114
9 60
9 61
9 62
9 64
10 65
10 115
10 116
10 125
10 12
10 14
10 15
10 98
10 16
10 17
10 99
10 100
10 23
10 72
10 25
10 102
10 104
10 29
10 107
10 30
10 31
10 108
10 33
10 35
10 36
10 38
10 77
10 39
10 78
10 43
10 44
10 45
10 117
10 47
10 119
10 122
10 82
10 83
10 51
10 85
10 52
10 54
10 123
10 55
10 86
10 87
10 88
10 90
10 92
10 56
10 93
10 61
10 63
10 64
10 127
11 66
11 125
11 12
11 68
11 96
11 13
11 15
11 69
11 16
11 17
11 19
11 20
11 21
11 70
11 71
11 126
11 23
11 101
11 26
11 27
11 103
11 104
11 74
11 106
11 29
11 75
11 31
11 32
11 76
11 35
11 38
11 121
11 77
11 39
11 40
11 110
11 42
11 79
11 43
11 111
11 44
11 46
11 117
11 48
11 118
11 119
11 81
11 51
11 85
11 112
11 52
11 123
11 55
11 87
11 124
11 91
11 92
11 56
11 94
11 114
11 60
11 62
11 63
11 127
12 65
12 66
12 67
12 116
12 68
12 13
12 97
12 15
12 69
12 99
12 18
12 21
12 22
12 126
12 23
12 24
12 72
12 25
12 102
12 28
12 104
12 106
12 30
12 31
12 33
12 36
12 37
12 121
12 39
12 40
12 78
12 42
12 44
12 45
12 47
12 49
12 118
12 119
12 122
12 81
12 120
12 51
12 85
12 53
12 55
12 86
12 87
12 92
12 113
12 93
12 114
12 59
12 95
12 63
12 64
13 65
13 66
13 15
13 98
13 69
13 18
13 19
13 100
13 70
13 126
13 101
13 73
13 25
13 26
13 104
13 29
13 30
13 32
13 33
13 36
13 38
13 77
13 41
13 78
13 110
13 79
13 80
13 44
13 47
13 48
13 49
13 119
13 81
13 82
13 84
13 51
13 85
13 86
13 88
13 124
13 91
13 56
13 57
13 58
13 94
13 95
13 61
13 127
14 65
14 115
14 67
14 97
14 15
14 98
14 69
14 16
14 17
14 100
14 22
14 70
14 126
14 23
14 72
14 25
14 103
14 104
14 105
14 29
14 30
14 34
14 76
14 121
14 77
14 39
14 41
14 42
14 43
14 44
14 46
14 48
14 49
14 119
14 122
14 81
14 50
14 83
14 120
14 112
14 54
14 123
14 86
14 88
14 124
14 90
14 91
14 92
14 56
14 113
14 93
14 94
14 114
14 62
14 63
14 127
15 115
15 116
15 68
15 96
15 98
15 69
15 17
15 99
15 20
15 21
15 70
15 71
15 23
15 72
15 73
15 28
15 104
15 74
15 105
15 107
15 30
15 75
15 35
15 38
15 39
15 109
15 41
15 78
15 110
15 42
15 79
15 80
15 44
15 46
15 49
15 122
15 81
15 50
15 84
15 85
15 55
15 87
15 92
15 113
15 57
15 94
15 59
15 60
15 95
15 61
15 62
15 127
16 115
16 67
16 116
16 68
16 69
16 17
16 99
16 19
16 100
16 20
16 22
16 70
16 71
16 26
16 74
16 29
16 75
16 32
16 108
16 36
16 38
16 78
16 42
16 80
16 43
16 44
16 45
16 46
16 48
16 49
16 82
16 83
16 51
16 52
16 53
16 123
16 55
16 87
16 124
16 89
16 91
16 92
16 93
16 58
16 94
16 60
16 61
16 62
17 65
17 115
17 67
17 98
17 69
17 18
17 19
17 100
17 20
17 126
17 25
17 26
17 27
17 28
17 103
17 104
17 74
17 105
17 29
17 31
17 32
17 34
17 37
17 121
17 78
17 110
17 79
17 43
17 44
17 45
17 46
17 117
17 82
17 83
17 84
17 51
17 85
17 123
17 55
17 86
17 87
17 88
17 124
17 90
17 92
17 56
17 94
17 114
17 59
17 60
17 61
17 62
17 63
17 64
18 65
18 67
18 125
18 96
18 100
18 71
18 23
18 24
18 72
18 101
18 102
18 26
18 74
18 106
18 107
18 30
18 75
18 31
18 108
18 33
18 76
18 36
18 37
18 77
18 109
18 41
18 78
18 110
18 42
18 79
18 43
18 44
18 46
18 117
18 47
18 48
18 49
18 119
18 122
18 50
18 82
18 120
18 52
18 123
18 86
18 88
18 91
18 92
18 113
18 93
18 58
18 114
18 59
18 60
18 63
19 65
19 116
19 125
19 96
19 97
19 69
19 99
19 100
19 21
19 22
19 70
19 126
19 23
19 73
19 25
19 105
19 75
19 108
19 76
19 37
19 38
19 121
19 41
19 78
19 43
19 45
19 48
19 81
19 120
19 84
19 53
19 123
19 55
19 86
19 124
19 91
19 56
19 113
19 93
19 57
19 114
19 60
19 95
19 64
20 65
20 115
20 66
20 67
20 69
20 21
20 22
20 71
20 126
20 23
20 24
20 72
20 101
20 102
20 27
20 28
20 74
20 105
20 106
20 29
20 107
20 108
20 33
20 76
20 35
20 36
20 37
20 38
20 109
20 40
20 41
20 42
20 79
20 80
20 43
20 111
20 44
20 45
20 46
20 47
20 118
20 119
20 122
20 81
20 50
20 84
20 85
20 52
20 54
20 123
20 55
20 124
20 113
20 58
20 114
20 60
20 95
20 62
21 65
21 115
21 116
21 125
21 96
21 99
21 22
21 70
21 126
21 24
21 101
21 73
21 28
21 103
21 104
21 74
21 106
21 107
21 30
21 75
21 108
21 34
21 76
21 35
21 37
21 38
21 39
21 109
21 40
21 41
21 42
21 79
21 111
21 117
21 118
21 122
21 81
21 50
21 82
21 83
21 84
21 112
21 55
21 86
21 88
21 89
21 92
21 56
21 113
21 57
21 58
21 60
21 61
21 62
22 65
22 115
22 67
22 125
22 96
22 97
22 99
22 100
22 70
22 126
22 23
22 24
22 101
22 25
22 27
22 106
22 75
22 31
22 32
22 33
22 76
22 35
22 121
22 109
22 40
22 41
22 78
22 79
22 80
22 43
22 44
22 45
22 46
22 117
22 48
22 49
22 119
22 83
22 120
22 84
22 51
22 85
22 52
22 53
22 123
22 55
22 87
22 124
22 90
22 91
22 56
22 59
22 60
22 95
22 61
22 62
22 64
22 127
23 65
23 116
23 96
23 98
23 69
23 99
23 70
23 71
23 72
23 25
23 102
23 26
23 27
23 104
23 106
23 29
23 30
23 31
23 32
23 108
23 33
23 76
23 35
23 77
23 40
23 78
23 42
23 79
23 43
23 111
23 44
23 45
23 46
23 49
23 118
23 119
23 122
23 82
23 120
23 112
23 52
23 123
23 55
23 86
23 88
23 124
23 89
23 90
23 92
23 113
23 58
23 94
23 114
23 59
23 95
23 64
24 65
24 115
24 116
24 125
24 97
24 98
24 69
24 99
24 100
24 70
24 126
24 26
24 28
24 104
24 74
24 31
24 32
24 108
24 34
24 76
24 35
24 37
24 38
24 121
24 40
24 41
24 110
24 42
24 80
24 43
24 45
24 48
24 49
24 118
24 122
24 82
24 120
24 112
24 52
24 123
24 55
24 86
24 91
24 92
24 56
24 93
24 58
24 60
24 95
24 61
24 62
24 63
24 109
24 53
24 78
24 36
25 65
25 66
25 67
25 116
25 97
25 99
25 100
25 126
25 101
25 73
25 26
25 27
25 103
25 104
25 105
25 106
25 30
25 31
25 32
25 33
25 76
25 36
25 121
25 39
25 109
25 40
25 41
25 78
25 42
25 79
25 111
25 44
25 45
25 48
25 49
25 119
25 50
25 82
25 85
25 112
25 53
25 54
25 123
25 55
25 87
25 124
25 90
25 91
25 56
25 58
25 63
26 115
26 66
26 67
26 116
26 96
26 69
26 99
26 100
26 71
26 126
26 73
26 27
26 28
26 105
26 106
26 107
26 33
26 35
26 38
26 77
26 39
26 41
26 42
26 79
26 80
26 43
26 111
26 122
26 81
26 50
26 83
26 120
26 51
26 52
26 55
26 86
26 87
26 90
26 91
26 92
26 56
26 113
26 93
26 57
26 94
26 114
26 60
26 95
26 127
27 115
27 67
27 116
27 68
27 97
27 69
27 100
27 71
27 101
27 102
27 28
27 104
27 74
27 105
27 106
27 107
27 30
27 37
27 38
27 121
27 77
27 79
27 45
27 46
27 47
27 48
27 118
27 82
27 83
27 51
27 85
27 112
27 52
27 123
27 86
27 87
27 88
27 90
27 93
27 57
27 58
27 94
27 114
27 59
27 60
27 61
27 62
27 127
28 115
28 66
28 67
28 116
28 125
28 68
28 97
28 71
28 72
28 104
28 105
28 107
28 33
28 76
28 35
28 36
28 121
28 39
28 109
28 40
28 110
28 44
28 47
28 48
28 118
28 122
28 81
28 83
28 84
28 51
28 52
28 53
28 123
28 55
28 87
28 88
28 124
28 90
28 91
28 56
28 113
28 57
28 60
28 62
28 127
29 125
29 96
29 99
29 100
29 70
29 71
29 126
29 102
29 103
29 104
29 105
29 106
29 107
29 75
29 32
29 108
29 35
29 37
29 38
29 39
29 41
29 78
29 42
29 79
29 80
29 43
29 111
29 44
29 45
29 117
29 47
29 48
29 118
29 122
29 81
29 50
29 83
29 84
29 51
29 85
29 112
29 52
29 53
29 86
29 88
29 124
29 89
29 90
29 92
29 56
29 59
29 60
29 95
29 63
29 64
29 127
30 115
30 66
30 67
30 68
30 96
30 97
30 100
30 71
30 126
30 72
30 101
30 73
30 104
30 74
30 106
30 75
30 31
30 32
30 33
30 37
30 39
30 78
30 80
30 43
30 45
30 117
30 119
30 122
30 81
30 50
30 83
30 120
30 84
30 51
30 85
30 112
30 52
30 55
30 87
30 89
30 91
30 92
30 93
30 94
30 59
30 60
30 62
30 63
31 65
31 67
31 116
31 68
31 96
31 98
31 99
31 100
31 71
31 101
31 73
31 102
31 103
31 104
31 105
31 106
31 34
31 76
31 77
31 109
31 41
31 78
31 110
31 42
31 80
31 45
31 46
31 117
31 47
31 49
31 120
31 84
31 51
31 85
31 112
31 52
31 54
31 86
31 87
31 124
31 56
31 57
31 94
31 114
31 60
31 127
32 65
32 115
32 67
32 116
32 96
32 97
32 98
32 69
32 100
32 70
32 71
32 104
32 74
32 105
32 107
32 75
32 76
32 35
32 36
32 39
32 40
32 41
32 78
32 110
32 43
32 111
32 44
32 46
32 48
32 49
32 119
32 82
32 83
32 120
32 85
32 53
32 123
32 86
32 87
32 88
32 124
32 56
32 57
32 94
32 114
32 60
32 61
33 65
33 115
33 66
33 116
33 125
33 98
33 69
33 126
33 101
33 102
33 103
33 74
33 105
33 106
33 107
33 75
33 108
33 34
33 38
33 77
33 41
33 110
33 42
33 111
33 45
33 46
33 47
33 48
33 122
33 50
33 83
33 51
33 85
33 52
33 87
33 88
33 89
33 90
33 92
33 113
33 60
33 61
33 62
33 63
33 64
34 115
34 67
34 96
34 97
34 99
34 100
34 70
34 126
34 102
34 103
34 104
34 74
34 105
34 106
34 75
34 76
34 37
34 38
34 109
34 40
34 110
34 42
34 43
34 46
34 117
34 118
34 122
34 83
34 120
34 51
34 85
34 52
34 53
34 55
34 86
34 87
34 88
34 89
34 91
34 92
34 57
34 114
34 59
34 60
34 95
34 61
34 127
34 98
34 69
34 58
34 78
34 36
35 66
35 125
35 68
35 98
35 69
35 126
35 72
35 102
35 103
35 104
35 106
35 107
35 76
35 121
35 77
35 109
35 78
35 110
35 80
35 44
35 47
35 119
35 82
35 120
35 84
35 54
35 86
35 88
35 124
35 89
35 90
35 93
35 58
35 94
35 95
35 61
35 63
35 64
36 115
36 67
36 116
36 125
36 96
36 97
36 100
36 71
36 126
36 73
36 102
36 103
36 74
36 105
36 106
36 76
36 38
36 121
36 109
36 41
36 79
36 80
36 118
36 81
36 50
36 82
36 83
36 120
36 51
36 53
36 54
36 124
36 90
36 91
36 92
36 56
36 113
36 93
36 59
36 61
36 63
36 37
36 86
36 98
36 69
36 58
36 78
36 95
37 115
37 66
37 125
37 68
37 98
37 99
37 100
37 70
37 71
37 126
37 72
37 101
37 102
37 103
37 105
37 107
37 75
37 108
37 77
37 39
37 41
37 78
37 110
37 42
37 80
37 43
37 111
37 45
37 117
37 47
37 48
37 118
37 122
37 81
37 50
37 83
37 120
37 84
37 85
37 112
37 54
37 55
37 86
37 91
37 57
37 58
37 94
37 59
37 61
37 62
37 69
37 109
37 53
37 95
38 65
38 115
38 66
38 67
38 125
38 68
38 96
38 98
38 69
38 100
38 72
38 73
38 103
38 104
38 74
38 105
38 106
38 108
38 76
38 77
38 40
38 41
38 80
38 45
38 117
38 48
38 49
38 118
38 119
38 122
38 50
38 83
38 120
38 84
38 85
38 112
38 54
38 123
38 86
38 87
38 91
38 93
38 58
38 95
38 61
38 63
38 127
39 115
39 66
39 116
39 68
39 96
39 97
39 69
39 99
39 70
39 71
39 126
39 73
39 104
39 74
39 105
39 75
39 109
39 40
39 41
39 110
39 79
39 111
39 45
39 117
39 47
39 118
39 122
39 82
39 83
39 84
39 51
39 85
39 52
39 54
39 123
39 124
39 89
39 91
39 93
39 114
39 59
39 95
39 61
40 66
40 116
40 96
40 97
40 69
40 100
40 70
40 71
40 72
40 73
40 102
40 103
40 105
40 106
40 107
40 109
40 79
40 46
40 117
40 48
40 119
40 122
40 81
40 112
40 52
40 53
40 123
40 55
40 87
40 88
40 124
40 89
40 90
40 113
40 57
40 58
40 62
41 65
41 115
41 68
41 96
41 70
41 71
41 72
41 74
41 105
41 107
41 75
41 76
41 110
41 42
41 46
41 117
41 49
41 118
41 119
41 81
41 50
41 82
41 84
41 85
41 87
41 124
41 90
41 91
41 113
41 93
41 94
41 59
41 95
41 61
41 63
41 64
41 127
42 66
42 68
42 99
42 100
42 71
42 101
42 73
42 103
42 105
42 106
42 107
42 108
42 76
42 80
42 44
42 45
42 117
42 47
42 48
42 49
42 119
42 122
42 83
42 84
42 85
42 112
42 52
42 54
42 123
42 55
42 86
42 87
42 88
42 91
42 92
42 56
42 93
42 57
42 94
42 59
42 60
42 95
42 61
42 62
42 63
42 127
43 115
43 68
43 96
43 98
43 70
43 126
43 73
43 102
43 103
43 104
43 105
43 75
43 108
43 76
43 121
43 110
43 80
43 44
43 45
43 117
43 122
43 81
43 82
43 83
43 84
43 51
43 112
43 55
43 86
43 124
43 89
43 91
43 92
43 57
43 94
43 114
43 60
43 95
43 62
43 63
43 64
44 65
44 115
44 66
44 67
44 116
44 96
44 97
44 98
44 100
44 70
44 101
44 73
44 106
44 75
44 121
44 77
44 109
44 110
44 79
44 80
44 111
44 49
44 118
44 122
44 81
44 83
44 84
44 51
44 85
44 112
44 52
44 54
44 87
44 88
44 90
44 91
44 113
44 93
44 58
44 94
44 114
44 59
44 60
44 62
44 63
45 66
45 67
45 116
45 68
45 100
45 70
45 126
45 72
45 104
45 105
45 106
45 108
45 121
45 109
45 78
45 110
45 111
45 46
45 48
45 118
45 122
45 50
45 120
45 53
45 123
45 55
45 86
45 88
45 124
45 90
45 91
45 57
45 94
45 59
45 62
45 63
45 64
45 127
46 65
46 66
46 116
46 125
46 68
46 96
46 69
46 71
46 126
46 101
46 73
46 102
46 103
46 104
46 74
46 105
46 75
46 108
46 76
46 121
46 77
46 78
46 79
46 80
46 118
46 122
46 81
46 83
46 120
46 51
46 52
46 53
46 123
46 55
46 86
46 88
46 124
46 89
46 91
46 92
46 93
46 57
46 94
46 60
46 95
46 63
47 97
47 99
47 70
47 71
47 73
47 104
47 74
47 106
47 107
47 121
47 77
47 109
47 78
47 110
47 79
47 48
47 49
47 50
47 83
47 120
47 53
47 54
47 86
47 87
47 124
47 90
47 91
47 92
47 56
47 113
47 59
47 95
47 61
47 63
47 64
47 127
48 65
48 66
48 116
48 125
48 97
48 100
48 72
48 102
48 103
48 104
48 74
48 105
48 107
48 121
48 77
48 109
48 110
48 80
48 111
48 49
48 118
48 122
48 81
48 83
48 120
48 51
48 85
48 112
48 52
48 54
48 55
48 90
48 92
48 57
48 58
48 94
48 114
48 59
48 62
48 64
48 127
49 68
49 96
49 97
49 98
49 69
49 99
49 70
49 101
49 73
49 103
49 104
49 74
49 106
49 108
49 76
49 77
49 110
49 111
49 117
49 118
49 82
49 84
49 85
49 53
49 88
49 124
49 89
49 90
49 92
49 56
49 113
49 93
49 94
49 95
49 61
49 62
49 63
50 65
50 67
50 116
50 68
50 99
50 70
50 126
50 72
50 102
50 103
50 105
50 107
50 121
50 77
50 109
50 117
50 118
50 119
50 122
50 82
50 83
50 85
50 112
50 52
50 53
50 123
50 87
50 124
50 89
50 93
50 57
50 58
50 94
50 114
50 95
50 61
50 63
50 127
51 65
51 115
51 67
51 116
51 125
51 99
51 100
51 126
51 72
51 101
51 73
51 103
51 104
51 108
51 77
51 111
51 117
51 118
51 81
51 82
51 120
51 84
51 85
51 112
51 52
51 54
51 123
51 55
51 88
51 90
51 92
51 56
51 93
51 58
51 59
51 62
51 63
51 64
51 127
52 66
52 68
52 96
52 100
52 71
52 126
52 72
52 73
52 74
52 105
52 107
52 75
52 108
52 76
52 78
52 110
52 79
52 80
52 119
52 122
52 82
52 83
52 120
52 85
52 112
52 54
52 88
52 89
52 90
52 113
52 57
52 94
52 61
52 63
52 64
52 127
53 65
53 115
53 66
53 98
53 126
53 72
53 73
53 102
53 107
53 75
53 78
53 117
53 118
53 122
53 120
53 85
53 54
53 55
53 86
53 88
53 124
53 114
53 95
53 100
53 91
53 61
53 69
53 58
53 109
54 65
54 115
54 66
54 125
54 68
54 69
54 100
54 126
54 101
54 102
54 103
54 74
54 105
54 106
54 107
54 75
54 108
54 76
54 121
54 77
54 79
54 80
54 119
54 122
54 81
54 82
54 120
54 84
54 124
54 90
54 91
54 92
54 113
54 61
54 62
54 127
55 66
55 67
55 96
55 98
55 100
55 70
55 71
55 72
55 101
55 104
55 105
55 75
55 108
55 76
55 77
55 109
55 78
55 110
55 79
55 80
55 117
55 119
55 112
55 87
55 114
55 95
55 63
55 64
55 127
56 65
56 66
56 97
56 99
56 100
56 70
56 71
56 126
56 102
56 74
56 105
56 75
56 108
56 121
56 77
56 78
56 110
56 79
56 80
56 111
56 117
56 118
56 122
56 112
56 86
56 88
56 91
56 92
56 58
56 114
56 60
56 63
57 65
57 115
57 66
57 67
57 97
57 98
57 100
57 71
57 126
57 73
57 102
57 103
57 74
57 105
57 106
57 107
57 108
57 76
57 77
57 78
57 79
57 80
57 118
57 81
57 83
57 120
57 112
57 86
57 88
57 124
57 89
57 90
57 92
57 94
57 61
57 62
57 63
57 127
58 115
58 67
58 116
58 125
58 68
58 97
58 98
58 126
58 72
58 101
58 103
58 104
58 105
58 106
58 77
58 78
58 79
58 117
58 119
58 81
58 83
58 89
58 91
58 92
58 113
58 95
58 61
58 63
58 100
58 86
58 118
58 69
58 109
59 65
59 115
59 66
59 67
59 125
59 68
59 96
59 97
59 98
59 99
59 126
59 72
59 103
59 104
59 107
59 75
59 108
59 76
59 77
59 78
59 110
59 79
59 117
59 118
59 81
59 82
59 83
59 84
59 90
59 92
59 94
59 114
59 60
59 61
59 62
59 64
59 127
60 65
60 115
60 68
60 97
60 98
60 99
60 100
60 70
60 71
60 126
60 72
60 101
60 73
60 103
60 75
60 77
60 109
60 78
60 117
60 118
60 122
60 81
60 120
60 84
60 112
60 123
60 88
60 124
60 89
60 90
60 94
60 61
61 65
61 115
61 66
61 67
61 125
61 96
61 98
61 99
61 100
61 71
61 126
61 72
61 102
61 103
61 74
61 105
61 75
61 108
61 76
61 78
61 80
61 111
61 118
61 119
61 122
61 120
61 86
61 88
61 90
61 91
61 92
61 113
61 93
61 94
61 62
61 64
61 69
61 109
61 95
62 65
62 115
62 67
62 116
62 125
62 68
62 97
62 69
62 99
62 101
62 73
62 103
62 104
62 74
62 106
62 76
62 121
62 77
62 110
62 79
62 80
62 119
62 81
62 82
62 88
62 93
62 94
63 66
63 125
63 68
63 97
63 98
63 99
63 100
63 70
63 71
63 72
63 101
63 102
63 103
63 107
63 109
63 80
63 111
63 83
63 120
63 84
63 86
63 87
63 88
63 124
63 89
63 91
63 92
63 113
63 94
63 64
64 65
64 115
64 67
64 125
64 97
64 69
64 126
64 72
64 101
64 103
64 77
64 109
64 110
64 80
64 117
64 119
64 81
64 82
64 84
64 85
64 123
64 86
64 124
64 91
64 113
64 114
65 67
65 116
65 98
65 100
65 72
65 101
65 102
65 104
65 74
65 105
65 107
65 108
65 76
65 121
65 77
65 109
65 110
65 80
65 117
65 118
65 122
65 112
65 123
65 87
65 88
65 89
65 90
65 92
65 93
65 94
66 116
66 97
66 100
66 126
66 72
66 101
66 73
66 104
66 74
66 105
66 106
66 107
66 75
66 108
66 109
66 79
66 80
66 111
66 117
66 122
66 84
66 86
66 87
66 88
66 89
66 90
66 91
66 92
66 94
66 95
66 127
67 116
67 125
67 96
67 100
67 71
67 126
67 72
67 73
67 103
67 104
67 105
67 106
67 75
67 108
67 76
67 111
67 83
67 85
67 89
67 91
67 113
67 94
67 127
68 96
68 98
68 69
68 126
68 72
68 73
68 102
68 103
68 104
68 74
68 106
68 75
68 108
68 76
68 77
68 78
68 110
68 79
68 80
68 111
68 117
68 118
68 82
68 83
68 84
68 85
68 123
68 124
68 91
68 92
68 93
68 114
68 95
68 127
69 115
69 116
69 125
69 97
69 98
69 100
69 70
69 71
69 126
69 72
69 73
69 102
69 104
69 106
69 107
69 108
69 109
69 79
69 80
69 111
69 117
69 118
69 83
69 112
69 123
69 88
69 124
69 90
69 91
69 92
69 113
69 93
69 94
69 114
69 86
69 78
69 95
70 116
70 125
70 98
70 100
70 71
70 126
70 72
70 101
70 73
70 103
70 104
70 74
70 106
70 108
70 76
70 109
70 78
70 110
70 111
70 117
70 119
70 84
70 85
70 112
70 123
70 86
70 88
70 90
70 92
70 113
70 93
71 115
71 125
71 96
71 97
71 101
71 104
71 106
71 107
71 108
71 76
71 78
71 110
71 80
71 117
71 119
71 81
71 120
71 85
71 88
71 89
71 90
71 91
71 92
71 93
71 114
71 95
72 115
72 125
72 97
72 98
72 99
72 101
72 105
72 106
72 108
72 77
72 78
72 110
72 80
72 117
72 119
72 81
72 82
72 120
72 86
72 88
72 124
72 91
72 93
72 114
72 127
73 115
73 96
73 97
73 99
73 100
73 126
73 101
73 104
73 74
73 105
73 121
73 111
73 117
73 118
73 119
73 122
73 81
73 82
73 83
73 84
73 123
73 86
73 124
73 90
73 93
73 114
73 95
74 97
74 99
74 100
74 102
74 105
74 108
74 121
74 77
74 109
74 78
74 79
74 111
74 117
74 119
74 82
74 120
74 84
74 85
74 112
74 86
74 89
74 90
74 91
74 113
74 114
75 98
75 100
75 126
75 103
75 104
75 107
75 108
75 121
75 110
75 80
75 117
75 122
75 81
75 82
75 85
75 112
75 123
75 87
75 88
75 89
75 90
75 127
76 97
76 98
76 100
76 126
76 102
76 103
76 104
76 108
76 78
76 110
76 79
76 80
76 122
76 120
76 84
76 86
76 88
76 124
76 90
76 91
76 93
76 94
76 114
77 115
77 116
77 96
77 97
77 100
77 102
77 106
77 109
77 110
77 80
77 118
77 122
77 83
77 120
77 84
77 85
77 123
77 87
77 89
77 91
77 93
77 95
77 127
78 115
78 96
78 98
78 126
78 101
78 105
78 107
78 109
78 79
78 111
78 117
78 118
78 119
78 120
78 86
78 87
78 90
78 94
78 127
78 100
78 91
78 95
79 96
79 97
79 98
79 99
79 100
79 126
79 108
79 109
79 80
79 117
79 118
79 84
79 112
79 86
79 124
79 92
79 113
79 94
79 114
79 127
80 115
80 116
80 96
80 99
80 100
80 126
80 102
80 105
80 121
80 110
80 118
80 119
80 122
80 120
80 112
80 123
80 88
80 92
80 93
80 127
81 125
81 96
81 97
81 100
81 126
81 101
81 104
81 105
81 106
81 108
81 109
81 82
81 83
81 85
81 123
81 90
81 95
81 127
82 115
82 125
82 99
82 126
82 101
82 102
82 103
82 105
82 106
82 107
82 108
82 121
82 109
82 111
82 117
82 118
82 83
82 120
82 85
82 112
82 86
82 87
82 88
82 124
82 89
82 90
82 113
82 114
82 95
82 127
83 116
83 125
83 96
83 99
83 100
83 102
83 105
83 106
83 107
83 121
83 109
83 110
83 111
83 118
83 122
83 120
83 85
83 88
83 89
83 94
83 114
83 95
83 127
84 116
84 98
84 100
84 101
84 103
84 104
84 105
84 106
84 110
84 118
84 120
84 112
84 86
84 88
84 113
85 115
85 116
85 96
85 97
85 99
85 100
85 126
85 101
85 105
85 107
85 109
85 117
85 118
85 122
85 120
85 86
85 124
85 89
85 91
85 113
85 93
85 94
85 114
85 127
86 115
86 125
86 98
86 99
86 100
86 126
86 102
86 104
86 105
86 106
86 107
86 121
86 109
86 118
86 119
86 122
86 123
86 88
86 124
86 89
86 91
86 93
86 114
86 127
86 95
87 125
87 96
87 100
87 101
87 102
87 104
87 106
87 107
87 108
87 121
87 117
87 120
87 124
87 89
87 90
87 91
87 92
87 113
87 94
87 114
87 95
88 116
88 97
88 99
88 100
88 101
88 103
88 104
88 105
88 107
88 108
88 121
88 109
88 111
88 119
88 112
88 124
88 90
88 92
88 94
89 126
89 101
89 102
89 103
89 105
89 106
89 109
89 110
89 117
89 118
89 120
89 92
89 93
89 94
90 115
90 116
90 97
90 98
90 126
90 102
90 103
90 104
90 105
90 106
90 107
90 109
90 118
90 119
90 122
90 120
90 112
90 124
90 92
90 93
90 94
90 95
91 115
91 116
91 125
91 96
91 97
91 100
91 126
91 101
91 105
91 106
91 108
91 111
91 117
91 118
91 122
91 123
91 92
91 113
91 93
91 127
91 98
91 109
91 95
92 115
92 99
92 103
92 107
92 109
92 111
92 117
92 118
92 119
92 112
92 123
92 93
92 114
92 95
93 115
93 125
93 97
93 99
93 103
93 105
93 106
93 108
93 109
93 110
93 123
93 124
93 114
94 115
94 125
94 96
94 98
94 99
94 100
94 126
94 104
94 121
94 109
94 110
94 117
94 122
94 124
94 114
94 127
95 116
95 97
95 98
95 101
95 104
95 105
95 106
95 107
95 121
95 111
95 117
95 122
95 123
95 127
95 100
95 115
95 118
95 109
96 115
96 97
96 98
96 99
96 100
96 126
96 101
96 102
96 103
96 105
96 106
96 107
96 111
96 122
96 112
96 124
96 113
96 114
96 127
97 115
97 116
97 99
97 103
97 104
97 106
97 107
97 108
97 121
97 109
97 110
97 111
97 117
97 119
97 122
97 120
97 123
97 113
98 115
98 116
98 125
98 100
98 102
98 104
98 105
98 107
98 108
98 121
98 110
98 111
98 117
98 122
98 120
98 123
98 113
98 118
98 109
99 116
99 100
99 102
99 104
99 105
99 107
99 121
99 110
99 117
99 119
99 112
99 127
100 115
100 101
100 102
100 108
100 121
100 109
100 118
100 119
100 122
100 120
100 124
100 114
100 127
101 116
101 126
101 102
101 103
101 105
101 106
101 108
101 121
101 110
101 111
101 117
101 118
101 119
101 120
101 112
101 123
101 124
101 114
101 127
102 104
102 105
102 107
102 108
102 121
102 109
102 110
102 117
102 118
102 120
102 112
102 123
102 113
102 114
103 126
103 104
103 105
103 106
103 107
103 121
103 117
103 118
103 122
103 124
103 113
104 116
104 118
104 119
104 122
104 112
104 123
104 113
104 114
104 127
105 115
105 125
105 126
105 106
105 107
105 108
105 109
105 111
105 119
105 122
105 120
105 112
105 123
105 124
105 114
105 127
106 115
106 116
106 107
106 108
106 110
106 111
106 117
106 119
106 122
106 123
106 124
107 116
107 126
107 108
107 110
107 122
107 120
107 123
108 126
108 109
108 110
108 120
108 112
108 113
109 115
109 122
109 120
109 113
109 118
110 115
110 116
110 117
110 119
110 120
110 112
110 127
111 115
111 116
111 125
111 121
111 117
111 118
111 123
111 113
111 114
112 115
112 116
112 117
112 118
112 119
112 122
112 120
112 123
112 124
112 113
112 127
113 115
113 126
113 117
113 123
113 114
114 125
114 126
114 121
114 118
114 119
114 120
114 123
114 127
115 116
115 125
115 126
115 118
115 123
116 117
116 122
117 121
117 118
117 119
117 122
117 123
117 127
118 121
118 119
118 122
118 120
118 124
119 125
119 126
119 121
119 120
119 123
119 124
119 127
120 126
120 122
120 123
120 127
121 125
121 126
121 122
121 124
121 127
122 126
122 124
122 127
123 125
123 126
123 127
124 125
124 127
