0 1
0 2
0 3
0 4
0 5
0 6
0 7
0 8
0 9
0 10
0 11
0 12
0 13
0 14
0 15
0 16
0 17
0 18
0 19
0 20
0 21
0 22
0 23
0 24
0 25
0 26
0 27
0 28
0 29
0 30
0 31
0 32
0 33
0 34
0 35
0 36
0 37
0 38
0 39
0 40
0 41
0 42
0 43
0 44
0 45
0 46
0 47
0 48
0 49
0 50
0 51
0 52
0 53
0 54
0 55
0 56
0 57
0 58
0 59
0 60
0 61
0 62
0 63
0 64
1 65
1 2
1 6
1 66
1 67
1 8
1 9
1 68
1 11
1 69
1 14
1 15
1 70
1 71
1 72
1 20
1 73
1 22
1 74
1 23
1 24
1 75
1 25
1 26
1 76
1 29
1 30
1 35
1 36
1 37
1 38
1 39
1 77
1 78
1 41
1 79
1 80
1 45
1 81
1 82
1 83
1 51
1 84
1 85
1 86
1 52
1 87
1 54
1 56
1 88
1 89
1 90
1 59
1 60
1 91
1 63
1 64
1 92
2 65
2 3
2 93
2 94
2 6
2 66
2 8
2 95
2 11
2 96
2 12
2 97
2 16
2 17
2 98
2 71
2 99
2 20
2 22
2 74
2 24
2 75
2 25
2 100
2 31
2 101
2 102
2 33
2 34
2 35
2 103
2 37
2 38
2 104
2 77
2 40
2 79
2 44
2 80
2 45
2 105
2 81
2 83
2 47
2 49
2 84
2 106
2 87
2 107
2 108
2 53
2 109
2 56
2 57
2 58
2 59
2 91
2 110
2 111
2 112
3 93
3 4
3 5
3 7
3 113
3 8
3 68
3 12
3 13
3 14
3 15
3 70
3 16
3 71
3 18
3 72
3 73
3 74
3 114
3 23
3 75
3 27
3 100
3 28
3 29
3 31
3 102
3 103
3 77
3 115
3 42
3 44
3 116
3 81
3 46
3 48
3 49
3 51
3 85
3 86
3 106
3 52
3 117
3 118
3 54
3 119
3 88
3 57
3 89
3 60
3 91
3 110
3 61
3 111
3 62
3 112
3 64
3 92
4 94
4 5
4 66
4 113
4 8
4 9
4 11
4 69
4 96
4 13
4 17
4 98
4 19
4 20
4 73
4 74
4 25
4 26
4 27
4 76
4 28
4 29
4 30
4 120
4 32
4 34
4 36
4 103
4 40
4 78
4 41
4 44
4 80
4 121
4 122
4 105
4 46
4 82
4 47
4 48
4 49
4 50
4 51
4 84
4 106
4 87
4 107
4 123
4 118
4 108
4 53
4 109
4 54
4 119
4 58
4 59
4 60
4 91
4 111
4 62
4 112
4 63
4 64
5 93
5 9
5 95
5 10
5 68
5 11
5 69
5 14
5 15
5 124
5 98
5 18
5 72
5 20
5 21
5 22
5 74
5 23
5 24
5 26
5 27
5 100
5 29
5 31
5 101
5 32
5 102
5 33
5 36
5 38
5 104
5 115
5 41
5 42
5 79
5 43
5 121
5 116
5 105
5 81
5 46
5 48
5 51
5 85
5 87
5 108
5 53
5 109
5 88
5 57
5 91
5 110
5 61
5 111
5 112
5 63
5 125
5 92
6 93
6 94
6 66
6 95
6 10
6 12
6 13
6 15
6 72
6 19
6 20
6 21
6 22
6 114
6 25
6 26
6 27
6 100
6 28
6 30
6 101
6 34
6 35
6 103
6 39
6 40
6 126
6 44
6 80
6 121
6 116
6 122
6 105
6 47
6 51
6 86
6 106
6 52
6 87
6 117
6 123
6 118
6 108
6 53
6 109
6 54
6 55
6 119
6 56
6 88
6 58
6 89
6 90
6 91
6 61
6 111
6 63
7 65
7 94
7 66
7 113
7 95
7 11
7 96
7 16
7 98
7 71
7 18
7 72
7 19
7 22
7 114
7 24
7 75
7 25
7 28
7 29
7 120
7 31
7 101
7 103
7 37
7 40
7 78
7 42
7 79
7 43
7 116
7 45
7 81
7 82
7 47
7 48
7 85
7 86
7 87
7 117
7 123
7 108
7 109
7 54
7 55
7 88
7 57
7 58
7 89
7 90
7 59
7 60
7 91
7 110
7 61
7 111
7 62
7 112
7 63
7 92
7 106
7 14
7 124
7 36
7 76
7 77
7 102
8 93
8 66
8 67
8 68
8 69
8 12
8 124
8 97
8 70
8 17
8 71
8 18
8 72
8 19
8 20
8 24
8 75
8 25
8 76
8 100
8 120
8 34
8 37
8 39
8 104
8 77
8 40
8 78
8 115
8 42
8 79
8 43
8 45
8 122
8 82
8 83
8 50
8 51
8 85
8 86
8 52
8 54
8 119
8 88
8 89
8 90
8 60
8 91
8 111
8 127
8 63
8 64
8 125
8 92
9 65
9 93
9 94
9 66
9 68
9 96
9 13
9 14
9 124
9 16
9 72
9 21
9 22
9 74
9 24
9 75
9 25
9 76
9 28
9 120
9 31
9 101
9 32
9 35
9 103
9 38
9 104
9 40
9 43
9 121
9 116
9 45
9 122
9 82
9 83
9 47
9 50
9 84
9 106
9 107
9 117
9 108
9 53
9 109
9 55
9 56
9 88
9 58
9 91
9 61
9 127
9 62
9 112
9 63
9 64
9 92
10 65
10 94
10 67
10 113
10 95
10 69
10 96
10 12
10 124
10 70
10 17
10 98
10 18
10 72
10 99
10 21
10 74
10 114
10 23
10 24
10 76
10 30
10 120
10 101
10 32
10 102
10 33
10 35
10 37
10 104
10 115
10 41
10 79
10 44
10 116
10 45
10 122
10 81
10 46
10 49
10 51
10 87
10 107
10 117
10 123
10 118
10 53
10 119
10 89
10 59
10 91
10 111
10 112
10 63
10 64
10 92
11 93
11 66
11 113
11 95
11 12
11 13
11 14
11 17
11 98
11 18
11 72
11 99
11 19
11 21
11 22
11 114
11 25
11 27
11 76
11 28
11 102
11 34
11 35
11 36
11 37
11 38
11 39
11 104
11 40
11 42
11 43
11 44
11 80
11 116
11 45
11 122
11 105
11 81
11 46
11 48
11 50
11 86
11 52
11 87
11 107
11 117
11 53
11 109
11 55
11 119
11 56
11 88
11 57
11 89
11 90
11 59
11 61
11 62
11 63
11 64
12 94
12 15
12 16
12 17
12 71
12 18
12 19
12 21
12 73
12 22
12 74
12 26
12 27
12 76
12 28
12 29
12 31
12 101
12 32
12 33
12 34
12 35
12 103
12 37
12 38
12 39
12 104
12 40
12 78
12 41
12 42
12 116
12 122
12 105
12 81
12 82
12 83
12 48
12 49
12 84
12 85
12 86
12 106
12 117
12 108
12 53
12 54
12 56
12 88
12 90
12 91
12 110
12 61
12 111
12 127
12 62
12 112
12 63
12 64
12 92
13 14
13 17
13 19
13 22
13 74
13 24
13 75
13 27
13 28
13 30
13 31
13 101
13 32
13 102
13 33
13 36
13 38
13 39
13 77
13 126
13 41
13 42
13 43
13 122
13 105
13 83
13 47
13 50
13 51
13 86
13 87
13 107
13 117
13 123
13 53
13 109
13 55
13 119
13 56
13 88
13 89
13 110
13 61
13 127
13 112
13 64
13 125
14 93
14 68
14 69
14 15
14 124
14 97
14 16
14 98
14 18
14 19
14 21
14 73
14 22
14 74
14 114
14 26
14 27
14 76
14 100
14 30
14 33
14 36
14 103
14 40
14 78
14 115
14 41
14 79
14 80
14 116
14 81
14 47
14 49
14 85
14 52
14 87
14 117
14 123
14 118
14 109
14 56
14 90
14 59
14 60
14 111
14 127
14 112
14 64
14 92
14 86
14 57
14 106
14 75
14 77
14 102
15 94
15 68
15 96
15 97
15 70
15 98
15 71
15 20
15 21
15 23
15 24
15 75
15 25
15 27
15 29
15 30
15 31
15 101
15 102
15 33
15 35
15 36
15 103
15 77
15 40
15 115
15 126
15 41
15 79
15 43
15 44
15 116
15 45
15 122
15 105
15 81
15 46
15 83
15 47
15 48
15 50
15 84
15 86
15 123
15 118
15 108
15 53
15 109
15 54
15 56
15 89
15 90
15 110
15 61
15 111
15 62
15 64
15 92
16 65
16 94
16 66
16 67
16 113
16 95
16 69
16 96
16 124
16 98
16 71
16 18
16 72
16 99
16 21
16 73
16 114
16 23
16 24
16 25
16 76
16 100
16 28
16 120
16 31
16 33
16 39
16 40
16 115
16 79
16 44
16 122
16 81
16 82
16 47
16 51
16 86
16 117
16 123
16 118
16 109
16 55
16 119
16 57
16 58
16 89
16 90
16 59
16 91
16 61
16 111
16 127
16 63
16 64
16 125
16 106
16 75
16 36
16 77
16 102
17 65
17 93
17 94
17 66
17 113
17 95
17 68
17 72
17 19
17 22
17 24
17 25
17 27
17 76
17 31
17 101
17 32
17 102
17 34
17 35
17 36
17 103
17 38
17 77
17 40
17 78
17 126
17 42
17 43
17 80
17 45
17 105
17 81
17 47
17 48
17 51
17 84
17 86
17 52
17 87
17 117
17 108
17 54
17 119
17 90
17 59
17 91
17 110
17 61
17 111
17 112
17 63
17 125
18 65
18 94
18 66
18 95
18 124
18 97
18 71
18 19
18 20
18 73
18 75
18 25
18 29
18 32
18 33
18 103
18 37
18 38
18 39
18 104
18 115
18 42
18 43
18 44
18 80
18 105
18 82
18 48
18 84
18 85
18 87
18 123
18 119
18 57
18 58
18 90
18 60
18 61
18 127
18 62
18 112
18 64
18 125
19 93
19 94
19 95
19 96
19 70
19 72
19 20
19 73
19 22
19 24
19 27
19 100
19 28
19 32
19 35
19 40
19 78
19 79
19 43
19 44
19 80
19 121
19 105
19 81
19 46
19 83
19 47
19 48
19 49
19 51
19 85
19 86
19 106
19 87
19 123
19 118
19 108
19 109
19 54
19 55
19 119
19 90
19 60
19 61
19 62
19 112
19 64
19 125
19 92
20 93
20 94
20 67
20 69
20 96
20 70
20 98
20 71
20 72
20 99
20 73
20 74
20 114
20 23
20 24
20 75
20 25
20 100
20 28
20 120
20 101
20 32
20 33
20 35
20 103
20 37
20 39
20 104
20 77
20 40
20 115
20 44
20 121
20 116
20 45
20 105
20 83
20 47
20 50
20 117
20 118
20 53
20 89
20 90
20 60
20 61
20 127
20 62
20 112
20 64
21 65
21 93
21 66
21 113
21 95
21 96
21 97
21 72
21 99
21 73
21 22
21 114
21 24
21 25
21 26
21 27
21 28
21 29
21 120
21 31
21 32
21 33
21 34
21 35
21 37
21 39
21 78
21 44
21 80
21 122
21 81
21 82
21 50
21 86
21 106
21 53
21 119
21 58
21 89
21 59
21 111
21 62
21 125
21 92
22 93
22 67
22 95
22 69
22 97
22 72
22 99
22 74
22 114
22 23
22 24
22 75
22 25
22 26
22 76
22 100
22 28
22 29
22 30
22 120
22 31
22 32
22 103
22 104
22 115
22 41
22 79
22 43
22 44
22 80
22 121
22 45
22 82
22 49
22 50
22 51
22 85
22 86
22 106
22 52
22 87
22 118
22 53
22 109
22 54
22 55
22 88
22 90
22 60
22 91
22 110
22 111
22 127
22 112
22 63
23 65
23 66
23 113
23 96
23 124
23 98
23 72
23 99
23 114
23 24
23 75
23 27
23 30
23 120
23 31
23 101
23 102
23 34
23 35
23 103
23 37
23 104
23 40
23 126
23 79
23 43
23 80
23 116
23 46
23 82
23 85
23 86
23 106
23 52
23 87
23 107
23 109
23 56
23 88
23 90
23 91
23 111
23 127
23 62
23 112
23 63
23 125
24 93
24 94
24 66
24 67
24 95
24 68
24 96
24 73
24 74
24 75
24 26
24 27
24 100
24 28
24 30
24 120
24 33
24 34
24 35
24 104
24 78
24 115
24 41
24 42
24 79
24 43
24 122
24 105
24 81
24 46
24 82
24 83
24 48
24 50
24 84
24 85
24 106
24 107
24 117
24 118
24 108
24 53
24 56
24 88
24 58
24 89
24 59
24 91
24 110
24 61
24 127
24 63
24 125
25 94
25 66
25 95
25 68
25 69
25 96
25 97
25 70
25 98
25 71
25 99
25 100
25 30
25 120
25 31
25 101
25 102
25 35
25 36
25 103
25 37
25 38
25 39
25 77
25 40
25 42
25 79
25 44
25 80
25 121
25 122
25 81
25 46
25 82
25 83
25 47
25 48
25 85
25 86
25 123
25 108
25 54
25 55
25 119
25 56
25 57
25 89
25 90
25 60
25 91
25 110
25 127
25 112
25 64
25 125
25 92
26 65
26 94
26 67
26 95
26 69
26 97
26 70
26 71
26 99
26 73
26 114
26 75
26 76
26 120
26 31
26 32
26 35
26 103
26 38
26 40
26 115
26 42
26 79
26 43
26 44
26 80
26 121
26 116
26 122
26 105
26 46
26 48
26 84
26 85
26 106
26 87
26 107
26 117
26 118
26 54
26 55
26 89
26 90
26 59
26 110
26 127
26 62
26 112
26 64
26 125
27 65
27 66
27 67
27 113
27 97
27 71
27 72
27 99
27 73
27 114
27 75
27 100
27 28
27 30
27 115
27 126
27 41
27 79
27 43
27 44
27 80
27 121
27 122
27 82
27 83
27 47
27 86
27 106
27 52
27 87
27 107
27 123
27 108
27 53
27 109
27 54
27 55
27 89
27 59
27 60
27 91
27 110
27 61
27 111
27 127
27 62
27 125
28 93
28 94
28 66
28 68
28 124
28 70
28 71
28 72
28 99
28 74
28 100
28 120
28 31
28 101
28 32
28 102
28 33
28 35
28 36
28 103
28 37
28 38
28 39
28 104
28 77
28 78
28 115
28 126
28 42
28 79
28 43
28 44
28 116
28 45
28 122
28 81
28 46
28 83
28 48
28 50
28 51
28 84
28 85
28 86
28 106
28 87
28 117
28 56
28 57
28 90
28 59
28 60
28 110
28 61
29 65
29 93
29 94
29 113
29 95
29 68
29 96
29 70
29 72
29 99
29 73
29 114
29 30
29 31
29 101
29 33
29 35
29 37
29 77
29 78
29 115
29 41
29 44
29 80
29 121
29 105
29 81
29 83
29 47
29 48
29 84
29 87
29 117
29 53
29 54
29 55
29 56
29 88
29 59
29 60
29 110
29 111
29 63
29 64
29 125
30 65
30 93
30 66
30 67
30 96
30 124
30 97
30 70
30 71
30 114
30 75
30 76
30 102
30 33
30 35
30 103
30 37
30 38
30 39
30 104
30 115
30 43
30 116
30 81
30 82
30 51
30 84
30 86
30 106
30 52
30 107
30 117
30 118
30 109
30 54
30 55
30 119
30 56
30 88
30 57
30 90
30 110
30 127
30 62
30 64
31 65
31 66
31 67
31 95
31 96
31 98
31 72
31 73
31 114
31 76
31 100
31 101
31 34
31 36
31 37
31 104
31 78
31 126
31 42
31 79
31 43
31 44
31 121
31 45
31 47
31 84
31 86
31 106
31 117
31 118
31 108
31 54
31 55
31 88
31 57
31 89
31 90
31 59
31 110
31 111
31 125
31 92
32 65
32 94
32 66
32 67
32 95
32 69
32 124
32 97
32 98
32 74
32 114
32 76
32 120
32 101
32 33
32 35
32 36
32 103
32 37
32 104
32 77
32 115
32 126
32 41
32 79
32 116
32 81
32 82
32 83
32 47
32 49
32 50
32 85
32 86
32 106
32 107
32 123
32 108
32 109
32 55
32 57
32 58
32 90
32 60
32 91
32 61
32 111
32 112
32 125
33 93
33 94
33 113
33 95
33 97
33 70
33 71
33 72
33 74
33 114
33 76
33 100
33 101
33 35
33 37
33 38
33 39
33 115
33 41
33 42
33 79
33 44
33 80
33 116
33 45
33 122
33 46
33 82
33 83
33 48
33 106
33 52
33 117
33 123
33 108
33 53
33 55
33 57
33 90
33 61
33 63
33 64
33 125
33 92
34 67
34 113
34 95
34 68
34 69
34 73
34 74
34 75
34 76
34 120
34 102
34 35
34 37
34 39
34 104
34 40
34 126
34 41
34 79
34 43
34 44
34 80
34 105
34 46
34 83
34 48
34 50
34 84
34 86
34 106
34 87
34 107
34 117
34 123
34 119
34 57
34 90
34 59
34 91
34 110
34 111
34 112
34 63
34 125
35 93
35 113
35 95
35 68
35 69
35 97
35 98
35 71
35 99
35 73
35 75
35 120
35 101
35 102
35 36
35 37
35 38
35 77
35 40
35 78
35 79
35 43
35 44
35 45
35 122
35 46
35 82
35 83
35 47
35 49
35 51
35 87
35 107
35 55
35 119
35 89
35 90
35 60
35 61
35 111
35 127
35 63
35 64
35 92
36 65
36 93
36 66
36 67
36 95
36 96
36 70
36 72
36 99
36 73
36 114
36 100
36 102
36 38
36 39
36 104
36 40
36 126
36 79
36 44
36 122
36 46
36 83
36 47
36 84
36 106
36 87
36 123
36 108
36 53
36 55
36 57
36 90
36 60
36 61
36 111
36 127
36 112
36 125
36 86
36 109
36 124
36 75
36 76
36 77
37 65
37 93
37 66
37 67
37 95
37 68
37 69
37 124
37 72
37 99
37 73
37 74
37 120
37 101
37 39
37 40
37 78
37 126
37 41
37 80
37 121
37 45
37 122
37 105
37 47
37 48
37 50
37 84
37 85
37 86
37 123
37 118
37 53
37 56
37 88
37 57
37 90
37 59
37 91
37 62
37 112
37 125
38 68
38 69
38 124
38 70
38 72
38 99
38 73
38 74
38 114
38 100
38 102
38 39
38 77
38 115
38 42
38 79
38 116
38 45
38 105
38 82
38 49
38 50
38 85
38 87
38 123
38 108
38 54
38 57
38 58
38 60
38 91
38 62
38 63
38 125
39 65
39 67
39 113
39 69
39 124
39 97
39 70
39 98
39 71
39 72
39 73
39 114
39 120
39 104
39 78
39 115
39 126
39 42
39 79
39 44
39 80
39 121
39 45
39 122
39 47
39 48
39 49
39 50
39 85
39 86
39 107
39 108
39 54
39 58
39 90
39 60
39 110
39 61
39 111
39 63
39 125
40 65
40 66
40 95
40 68
40 69
40 124
40 70
40 71
40 72
40 99
40 73
40 74
40 114
40 75
40 100
40 104
40 126
40 42
40 79
40 44
40 80
40 121
40 116
40 45
40 122
40 105
40 82
40 48
40 49
40 50
40 85
40 86
40 106
40 52
40 107
40 117
40 123
40 53
40 109
40 54
40 55
40 88
40 57
40 90
40 60
40 111
40 62
40 64
40 76
40 77
40 102
41 94
41 67
41 68
41 69
41 70
41 98
41 114
41 75
41 100
41 120
41 101
41 103
41 104
41 77
41 42
41 79
41 80
41 45
41 122
41 105
41 82
41 47
41 48
41 49
41 50
41 51
41 87
41 123
41 118
41 53
41 109
41 54
41 55
41 119
41 56
41 88
41 57
41 90
41 59
41 60
41 110
41 111
41 62
41 112
41 64
41 125
41 92
42 66
42 113
42 68
42 97
42 98
42 72
42 99
42 73
42 74
42 114
42 100
42 120
42 101
42 102
42 104
42 77
42 78
42 126
42 80
42 121
42 116
42 81
42 83
42 49
42 84
42 85
42 86
42 106
42 87
42 123
42 118
42 108
42 53
42 109
42 119
42 56
42 89
42 59
42 91
42 110
42 61
42 112
42 64
42 125
43 94
43 67
43 113
43 68
43 96
43 97
43 71
43 73
43 120
43 101
43 103
43 78
43 115
43 126
43 79
43 122
43 46
43 47
43 48
43 51
43 84
43 85
43 52
43 117
43 123
43 108
43 53
43 54
43 55
43 119
43 56
43 58
43 91
43 61
43 127
43 62
43 63
43 64
43 125
43 92
44 94
44 113
44 124
44 97
44 71
44 72
44 99
44 73
44 75
44 76
44 100
44 120
44 101
44 78
44 115
44 80
44 121
44 45
44 48
44 49
44 50
44 84
44 85
44 86
44 52
44 118
44 54
44 55
44 119
44 88
44 57
44 58
44 90
44 60
44 91
44 110
44 111
44 112
44 63
44 64
44 92
45 65
45 94
45 66
45 67
45 113
45 95
45 97
45 70
45 98
45 71
45 73
45 76
45 104
45 126
45 80
45 121
45 116
45 122
45 81
45 83
45 47
45 49
45 50
45 84
45 87
45 107
45 117
45 54
45 56
45 88
45 57
45 89
45 59
45 61
45 111
45 62
45 92
46 93
46 66
46 113
46 95
46 68
46 69
46 97
46 70
46 71
46 99
46 73
46 114
46 75
46 100
46 101
46 103
46 104
46 78
46 115
46 126
46 79
46 80
46 122
46 83
46 47
46 48
46 50
46 86
46 106
46 107
46 117
46 118
46 53
46 109
46 55
46 119
46 56
46 57
46 58
46 89
46 90
46 59
46 91
46 127
46 125
46 92
47 65
47 94
47 66
47 67
47 113
47 68
47 69
47 97
47 99
47 73
47 74
47 114
47 75
47 101
47 103
47 104
47 77
47 115
47 79
47 80
47 122
47 82
47 83
47 49
47 50
47 51
47 84
47 106
47 107
47 117
47 118
47 108
47 55
47 57
47 58
47 60
47 110
47 127
47 125
47 92
48 93
48 67
48 113
48 95
48 97
48 70
48 98
48 99
48 114
48 76
48 102
48 103
48 104
48 78
48 121
48 105
48 81
48 49
48 50
48 51
48 85
48 52
48 117
48 123
48 118
48 53
48 109
48 55
48 119
48 57
48 58
48 89
48 60
48 91
48 61
48 127
48 62
48 112
48 63
48 125
49 94
49 67
49 113
49 68
49 97
49 70
49 98
49 71
49 72
49 74
49 114
49 75
49 100
49 120
49 101
49 77
49 78
49 115
49 80
49 121
49 116
49 105
49 82
49 50
49 86
49 107
49 108
49 88
49 57
49 58
49 90
49 60
49 110
49 61
49 111
49 62
49 64
49 125
50 93
50 94
50 95
50 68
50 96
50 71
50 72
50 74
50 114
50 75
50 101
50 103
50 104
50 77
50 115
50 126
50 80
50 82
50 51
50 84
50 118
50 109
50 54
50 119
50 56
50 88
50 89
50 59
50 91
50 61
50 62
50 112
51 65
51 93
51 94
51 67
51 113
51 95
51 69
51 96
51 70
51 99
51 74
51 75
51 76
51 120
51 101
51 102
51 103
51 104
51 77
51 78
51 126
51 79
51 80
51 121
51 105
51 82
51 84
51 86
51 106
51 52
51 87
51 107
51 117
51 123
51 118
51 109
51 54
51 58
51 89
51 90
51 91
51 61
51 127
51 62
51 112
51 64
51 92
52 94
52 66
52 113
52 68
52 96
52 124
52 97
52 98
52 72
52 73
52 74
52 114
52 75
52 76
52 100
52 120
52 102
52 104
52 78
52 115
52 79
52 80
52 122
52 81
52 82
52 83
52 84
52 85
52 106
52 117
52 118
52 53
52 109
52 55
52 119
52 88
52 58
52 89
52 60
52 110
52 111
52 64
52 92
53 67
53 113
53 95
53 69
53 96
53 97
53 70
53 71
53 72
53 99
53 75
53 76
53 120
53 102
53 103
53 104
53 126
53 79
53 80
53 81
53 82
53 83
53 84
53 86
53 106
53 87
53 107
53 117
53 123
53 118
53 108
53 54
53 55
53 57
53 89
53 59
53 60
53 110
53 127
53 112
53 125
53 92
54 93
54 94
54 66
54 67
54 113
54 68
54 96
54 124
54 98
54 73
54 76
54 101
54 102
54 77
54 122
54 85
54 86
54 106
54 87
54 107
54 88
54 57
54 58
54 89
54 90
54 60
54 91
54 61
54 127
54 62
54 112
54 64
54 92
55 96
55 97
55 70
55 98
55 73
55 74
55 120
55 104
55 115
55 126
55 79
55 121
55 122
55 81
55 83
55 86
55 106
55 87
55 123
55 118
55 108
55 88
55 89
55 59
55 60
55 63
55 64
56 65
56 93
56 113
56 95
56 68
56 96
56 71
56 99
56 73
56 114
56 76
56 100
56 101
56 103
56 115
56 126
56 80
56 121
56 116
56 105
56 82
56 84
56 86
56 87
56 107
56 117
56 108
56 109
56 88
56 57
56 89
56 60
56 127
56 62
56 63
56 125
56 92
57 65
57 67
57 95
57 96
57 124
57 70
57 99
57 114
57 76
57 100
57 120
57 101
57 103
57 104
57 79
57 80
57 121
57 116
57 81
57 82
57 83
57 85
57 86
57 107
57 117
57 118
57 108
57 109
57 88
57 58
57 89
57 90
57 59
57 91
57 61
57 63
57 125
57 106
57 111
57 75
57 77
57 102
58 96
58 98
58 72
58 73
58 74
58 75
58 100
58 120
58 102
58 103
58 104
58 77
58 126
58 79
58 121
58 122
58 81
58 83
58 85
58 86
58 87
58 107
58 117
58 118
58 108
58 109
58 119
58 88
58 89
58 90
58 91
58 62
58 112
58 64
59 94
59 67
59 124
59 97
59 70
59 98
59 71
59 114
59 75
59 100
59 120
59 101
59 77
59 78
59 79
59 80
59 122
59 105
59 82
59 84
59 85
59 86
59 107
59 118
59 108
59 89
59 60
59 61
59 111
59 127
59 112
59 125
59 92
60 94
60 67
60 95
60 124
60 97
60 72
60 99
60 73
60 74
60 101
60 103
60 104
60 115
60 126
60 116
60 81
60 86
60 106
60 107
60 118
60 88
60 91
60 64
61 65
61 93
61 94
61 67
61 124
61 97
61 70
61 98
61 72
61 99
61 73
61 74
61 114
61 100
61 101
61 102
61 103
61 104
61 78
61 121
61 83
61 107
61 123
61 119
61 88
61 90
61 91
61 110
61 111
61 127
61 112
61 63
61 64
61 125
62 93
62 94
62 69
62 96
62 70
62 98
62 74
62 75
62 76
62 100
62 101
62 102
62 103
62 104
62 115
62 126
62 79
62 80
62 122
62 105
62 82
62 83
62 84
62 85
62 87
62 107
62 119
62 90
62 91
62 111
62 127
62 63
62 125
62 92
63 65
63 94
63 68
63 124
63 97
63 70
63 71
63 99
63 73
63 74
63 120
63 101
63 103
63 104
63 77
63 78
63 115
63 126
63 79
63 80
63 121
63 116
63 84
63 106
63 87
63 118
63 88
63 91
63 110
63 127
63 112
63 64
64 65
64 93
64 94
64 66
64 69
64 96
64 124
64 97
64 70
64 114
64 75
64 100
64 103
64 104
64 78
64 115
64 126
64 122
64 105
64 81
64 83
64 85
64 106
64 117
64 118
64 90
64 127
64 112
65 93
65 67
65 113
65 95
65 68
65 69
65 71
65 99
65 73
65 75
65 102
65 104
65 77
65 78
65 115
65 79
65 80
65 116
65 122
65 105
65 82
65 86
65 106
65 87
65 117
65 123
65 119
65 88
65 110
65 111
65 125
66 93
66 94
66 67
66 68
66 69
66 96
66 97
66 70
66 98
66 71
66 73
66 100
66 120
66 103
66 77
66 78
66 126
66 122
66 105
66 81
66 82
66 87
66 123
66 118
66 109
66 119
66 88
66 89
66 90
66 91
66 125
67 95
67 68
67 98
67 73
67 75
67 100
67 102
67 115
67 126
67 79
67 80
67 105
67 82
67 83
67 85
67 86
67 87
67 123
67 109
67 88
67 110
67 125
67 92
68 113
68 95
68 96
68 97
68 70
68 71
68 73
68 114
68 75
68 100
68 120
68 77
68 126
68 122
68 82
68 83
68 84
68 85
68 86
68 106
68 107
68 118
68 108
68 109
68 88
68 110
68 125
68 92
69 113
69 96
69 124
69 70
69 72
69 73
69 114
69 76
69 100
69 120
69 101
69 103
69 77
69 78
69 115
69 121
69 122
69 105
69 81
69 82
69 83
69 84
69 85
69 86
69 107
69 123
69 109
69 89
69 91
69 110
69 111
69 112
70 93
70 94
70 113
70 95
70 96
70 124
70 74
70 114
70 100
70 120
70 101
70 104
70 78
70 126
70 79
70 80
70 121
70 116
70 122
70 105
70 81
70 84
70 85
70 117
70 108
70 90
70 111
70 112
71 94
71 113
71 96
71 124
71 97
71 98
71 72
71 73
71 114
71 75
71 100
71 120
71 101
71 104
71 126
71 116
71 81
71 82
71 83
71 85
71 86
71 87
71 107
71 123
71 88
71 89
71 110
71 111
71 127
71 112
72 93
72 97
72 99
72 73
72 114
72 75
72 120
72 103
72 77
72 78
72 115
72 121
72 81
72 83
72 85
72 106
72 87
72 107
72 117
72 118
72 109
72 119
72 88
72 89
72 91
72 110
72 111
72 92
73 94
73 124
73 97
73 98
73 114
73 76
73 100
73 120
73 101
73 77
73 78
73 126
73 80
73 121
73 105
73 82
73 84
73 85
73 106
73 107
73 123
73 118
73 109
73 119
73 88
73 90
73 91
73 111
74 94
74 95
74 96
74 124
74 99
74 114
74 75
74 76
74 102
74 103
74 77
74 78
74 79
74 80
74 116
74 81
74 84
74 86
74 87
74 123
74 118
74 108
74 109
74 119
74 88
74 90
74 111
74 127
74 112
74 125
74 92
75 113
75 96
75 124
75 97
75 76
75 100
75 101
75 102
75 103
75 78
75 79
75 80
75 121
75 122
75 105
75 84
75 86
75 87
75 117
75 109
75 119
75 91
75 110
75 111
75 125
75 114
75 90
75 106
75 77
76 94
76 113
76 124
76 97
76 100
76 101
76 103
76 77
76 78
76 79
76 81
76 82
76 83
76 84
76 85
76 86
76 106
76 117
76 123
76 119
76 89
76 90
76 91
76 110
76 92
76 109
76 114
76 111
76 102
77 93
77 94
77 98
77 99
77 120
77 104
77 126
77 121
77 116
77 85
77 86
77 118
77 90
77 110
77 111
77 112
77 125
77 109
77 114
77 79
77 106
77 124
77 102
78 95
78 98
78 101
78 103
78 104
78 115
78 126
78 79
78 80
78 116
78 122
78 81
78 83
78 84
78 86
78 107
78 117
78 109
78 89
78 90
78 111
78 112
78 125
78 92
79 93
79 94
79 98
79 114
79 100
79 103
79 104
79 115
79 121
79 81
79 83
79 86
79 106
79 107
79 118
79 108
79 109
79 90
79 110
79 111
79 112
79 124
79 102
80 93
80 94
80 124
80 98
80 99
80 100
80 101
80 102
80 104
80 115
80 121
80 116
80 105
80 81
80 108
80 109
80 88
80 89
80 91
80 110
80 127
80 125
80 92
81 94
81 95
81 124
81 98
81 100
81 104
81 126
81 116
81 122
81 82
81 83
81 84
81 85
81 86
81 106
81 107
81 117
81 123
81 108
81 90
81 91
81 110
81 111
81 127
81 112
81 125
81 92
82 94
82 113
82 95
82 96
82 124
82 98
82 99
82 120
82 102
82 115
82 126
82 121
82 83
82 84
82 86
82 106
82 117
82 118
82 109
82 89
82 111
82 112
83 93
83 94
83 96
83 124
83 97
83 114
83 120
83 115
83 105
83 84
83 85
83 106
83 87
83 107
83 117
83 108
83 89
83 91
83 110
83 112
83 125
84 95
84 97
84 98
84 99
84 100
84 101
84 116
84 122
84 106
84 87
84 117
84 123
84 118
84 119
84 88
84 89
84 90
84 110
84 127
84 125
85 113
85 95
85 97
85 98
85 99
85 103
85 104
85 121
85 116
85 105
85 87
85 107
85 117
85 123
85 108
85 109
85 89
85 90
85 111
85 127
85 92
86 93
86 113
86 95
86 99
86 114
86 120
86 101
86 115
86 126
86 121
86 116
86 122
86 107
86 117
86 123
86 109
86 88
86 90
86 91
86 110
86 127
86 125
86 92
86 106
86 111
86 124
86 102
87 93
87 95
87 96
87 99
87 114
87 100
87 101
87 102
87 103
87 126
87 121
87 123
87 108
87 109
87 119
87 88
87 89
87 91
87 110
87 111
87 112
87 92
88 113
88 95
88 98
88 99
88 114
88 100
88 104
88 115
88 121
88 122
88 106
88 119
88 110
88 125
88 92
89 93
89 94
89 124
89 97
89 98
89 99
89 100
89 120
89 101
89 103
89 104
89 115
89 121
89 122
89 105
89 107
89 108
89 109
89 90
89 127
89 112
89 125
90 113
90 96
90 124
90 97
90 114
90 120
90 102
90 126
90 122
90 105
90 106
90 107
90 109
90 91
90 110
90 112
90 111
91 93
91 94
91 95
91 100
91 120
91 101
91 103
91 104
91 115
91 121
91 116
91 105
91 106
91 108
91 119
91 127
92 98
92 114
92 100
92 102
92 103
92 121
92 116
92 105
92 117
92 123
92 118
92 110
92 127
92 112
92 125
93 95
93 124
93 97
93 98
93 99
93 100
93 101
93 102
93 115
93 126
93 116
93 107
93 109
93 110
93 112
93 125
94 113
94 102
94 116
94 122
94 105
94 111
94 114
94 100
94 101
94 126
94 121
94 118
94 108
94 127
95 124
95 97
95 99
95 114
95 120
95 101
95 102
95 103
95 104
95 115
95 126
95 121
95 122
95 106
95 107
95 123
95 118
95 111
95 127
95 112
96 102
96 115
96 116
96 106
96 117
96 123
96 119
96 110
96 111
96 97
96 100
96 120
96 101
96 121
97 113
97 99
97 102
97 119
97 125
97 98
97 114
97 100
97 120
97 101
97 103
97 108
97 127
98 116
98 106
98 123
98 119
98 110
98 114
98 101
98 118
98 108
98 112
99 124
99 114
99 100
99 120
99 101
99 102
99 115
99 126
99 117
99 118
99 109
99 119
99 127
99 112
100 113
100 102
100 115
100 106
100 119
100 125
100 114
100 126
100 118
100 108
100 109
100 112
101 102
101 115
101 122
101 106
101 117
101 119
101 125
101 124
101 126
101 107
101 112
102 114
102 122
102 123
102 109
102 112
102 106
102 111
102 124
103 113
103 104
103 115
103 116
103 105
103 117
103 123
103 119
103 125
103 114
103 126
103 121
103 107
103 109
103 112
104 113
104 114
104 120
104 115
104 121
104 116
104 122
104 106
104 118
104 108
104 119
104 125
105 113
105 115
105 114
105 107
105 123
105 118
105 110
106 113
106 115
106 124
106 114
106 120
106 126
106 119
106 110
106 109
106 111
107 125
107 124
107 126
107 121
107 118
107 108
107 127
108 113
108 115
108 116
108 123
108 119
108 110
108 125
108 109
108 112
109 116
109 110
109 111
109 125
109 114
109 120
109 118
109 124
110 113
110 115
110 116
110 122
110 123
110 114
110 127
110 125
111 115
111 116
111 122
111 123
111 119
111 124
111 120
111 126
111 114
112 113
112 115
112 116
112 122
112 117
112 114
112 126
113 120
113 115
113 126
113 121
113 123
113 127
113 125
114 115
114 116
114 122
114 119
114 124
114 126
114 118
115 124
115 120
115 121
115 116
115 118
116 122
116 118
117 122
117 120
117 121
117 123
117 118
117 119
117 125
118 122
118 119
118 120
118 126
118 121
119 123
119 124
119 120
119 126
119 121
119 125
120 123
120 124
120 121
120 127
121 122
121 123
121 125
121 127
122 126
122 123
123 124
123 126
124 125
124 127
125 127
