0 1
0 2
0 3
0 4
0 5
0 6
0 7
0 8
0 9
0 10
0 11
0 12
0 13
0 14
0 15
0 16
0 17
0 18
0 19
0 20
0 21
0 22
0 23
0 24
0 25
0 26
0 27
0 28
0 29
0 30
0 31
0 32
0 33
0 34
0 35
0 36
0 37
0 38
0 39
0 40
0 41
0 42
0 43
0 44
0 45
0 46
0 47
0 48
0 49
0 50
0 51
0 52
0 53
0 54
0 55
0 56
0 57
0 58
0 59
0 60
0 61
0 62
1 2
1 63
1 64
1 4
1 7
1 8
1 10
1 11
1 12
1 14
1 65
1 15
1 16
1 66
1 18
1 67
1 68
1 20
1 21
1 23
1 69
1 28
1 70
1 71
1 29
1 72
1 30
1 73
1 74
1 37
1 75
1 39
1 76
1 77
1 78
1 79
1 41
1 42
1 80
1 44
1 81
1 45
1 82
1 47
1 83
1 48
1 84
1 49
1 50
1 85
1 86
1 55
1 87
1 56
1 57
1 88
1 59
1 89
1 90
1 60
1 61
1 91
1 62
2 92
2 4
2 5
2 6
2 93
2 94
2 7
2 8
2 95
2 10
2 12
2 13
2 16
2 66
2 96
2 67
2 97
2 98
2 23
2 25
2 27
2 28
2 71
2 99
2 100
2 101
2 33
2 34
2 37
2 38
2 102
2 103
2 39
2 76
2 77
2 78
2 41
2 42
2 43
2 80
2 44
2 104
2 45
2 105
2 106
2 49
2 51
2 85
2 54
2 86
2 88
2 107
2 58
2 59
2 89
2 90
2 60
2 61
2 62
2 108
3 109
3 63
3 6
3 8
3 9
3 95
3 11
3 110
3 12
3 15
3 16
3 17
3 66
3 18
3 111
3 112
3 20
3 97
3 23
3 114
3 115
3 27
3 69
3 72
3 100
3 30
3 101
3 73
3 33
3 35
3 116
3 117
3 36
3 37
3 75
3 103
3 40
3 42
3 43
3 118
3 82
3 119
3 83
3 48
3 84
3 49
3 51
3 85
3 120
3 54
3 88
3 107
3 61
3 91
3 108
4 109
4 63
4 92
4 121
4 5
4 93
4 110
4 12
4 13
4 122
4 65
4 17
4 96
4 111
4 67
4 112
4 19
4 20
4 98
4 21
4 22
4 23
4 113
4 25
4 26
4 69
4 28
4 70
4 72
4 30
4 31
4 73
4 32
4 35
4 116
4 117
4 36
4 37
4 75
4 38
4 102
4 40
4 41
4 44
4 104
4 119
4 47
4 105
4 48
4 106
4 84
4 49
4 51
4 120
4 123
4 86
4 87
4 57
4 107
4 59
4 90
4 108
4 126
4 81
4 83
4 64
4 68
5 109
5 63
5 64
5 7
5 8
5 9
5 10
5 11
5 122
5 96
5 18
5 111
5 68
5 112
5 19
5 20
5 97
5 98
5 23
5 26
5 114
5 69
5 71
5 29
5 100
5 101
5 34
5 124
5 74
5 35
5 116
5 117
5 36
5 38
5 102
5 103
5 39
5 78
5 40
5 79
5 42
5 104
5 45
5 119
5 47
5 83
5 84
5 49
5 51
5 52
5 53
5 123
5 86
5 55
5 87
5 56
5 57
5 107
5 59
5 89
5 90
5 60
5 61
5 126
5 113
5 81
5 17
5 48
6 109
6 121
6 93
6 94
6 7
6 9
6 13
6 14
6 65
6 15
6 16
6 17
6 18
6 112
6 20
6 98
6 21
6 22
6 23
6 24
6 26
6 114
6 115
6 69
6 70
6 71
6 29
6 101
6 32
6 33
6 34
6 124
6 35
6 116
6 117
6 125
6 36
6 102
6 77
6 43
6 80
6 81
6 45
6 105
6 48
6 50
6 51
6 126
6 123
6 54
6 86
6 55
6 57
6 88
6 58
6 89
6 127
7 63
7 92
7 64
7 10
7 11
7 110
7 12
7 13
7 14
7 122
7 65
7 15
7 96
7 18
7 67
7 112
7 20
7 21
7 22
7 26
7 27
7 69
7 28
7 29
7 100
7 101
7 73
7 32
7 124
7 116
7 125
7 36
7 102
7 39
7 77
7 78
7 79
7 42
7 43
7 44
7 81
7 104
7 118
7 47
7 105
7 106
7 84
7 49
7 51
7 126
7 52
7 86
7 55
7 59
7 89
7 62
8 109
8 63
8 93
8 95
8 11
8 65
8 15
8 16
8 96
8 18
8 111
8 67
8 68
8 112
8 97
8 98
8 22
8 23
8 24
8 25
8 26
8 114
8 27
8 28
8 70
8 29
8 72
8 99
8 31
8 32
8 33
8 34
8 124
8 125
8 75
8 102
8 103
8 39
8 78
8 40
8 79
8 41
8 43
8 81
8 45
8 47
8 105
8 106
8 84
8 49
8 50
8 51
8 85
8 126
8 120
8 52
8 123
8 86
8 55
8 56
8 107
8 58
8 59
8 91
9 109
9 63
9 64
9 121
9 93
9 94
9 10
9 11
9 12
9 13
9 122
9 66
9 96
9 18
9 68
9 19
9 20
9 98
9 22
9 23
9 25
9 26
9 114
9 115
9 28
9 70
9 71
9 30
9 101
9 33
9 34
9 74
9 35
9 125
9 103
9 39
9 77
9 41
9 43
9 80
9 81
9 104
9 45
9 82
9 46
9 119
9 47
9 48
9 106
9 84
9 50
9 123
9 55
9 87
9 57
9 58
9 90
9 91
9 62
9 127
9 108
10 109
10 121
10 93
10 95
10 11
10 14
10 15
10 17
10 66
10 18
10 111
10 68
10 20
10 22
10 113
10 26
10 114
10 115
10 27
10 28
10 70
10 71
10 29
10 30
10 31
10 101
10 73
10 32
10 34
10 124
10 35
10 116
10 125
10 36
10 37
10 102
10 103
10 77
10 78
10 40
10 79
10 41
10 42
10 44
10 81
10 46
10 105
10 83
10 84
10 49
10 120
10 53
10 123
10 54
10 87
10 57
10 58
10 89
10 61
10 62
10 127
10 108
11 63
11 92
11 64
11 93
11 110
11 12
11 14
11 15
11 17
11 68
11 20
11 97
11 98
11 21
11 22
11 23
11 113
11 24
11 25
11 28
11 70
11 71
11 100
11 30
11 31
11 101
11 34
11 124
11 74
11 117
11 75
11 103
11 78
11 40
11 79
11 80
11 44
11 81
11 45
11 82
11 46
11 119
11 84
11 50
11 51
11 85
11 126
11 52
11 123
11 54
11 87
11 56
11 88
11 58
11 59
11 91
11 62
11 108
12 92
12 64
12 121
12 93
12 94
12 95
12 110
12 122
12 16
12 111
12 20
12 97
12 98
12 21
12 23
12 113
12 24
12 26
12 115
12 69
12 71
12 72
12 31
12 101
12 32
12 33
12 34
12 35
12 117
12 37
12 75
12 79
12 41
12 43
12 80
12 104
12 105
12 83
12 106
12 84
12 51
12 126
12 120
12 52
12 53
12 54
12 55
12 59
12 89
12 61
12 62
12 108
13 110
13 65
13 96
13 20
13 97
13 98
13 23
13 26
13 69
13 28
13 70
13 29
13 72
13 99
13 31
13 101
13 32
13 74
13 35
13 125
13 37
13 75
13 39
13 76
13 78
13 40
13 41
13 42
13 81
13 104
13 45
13 82
13 47
13 83
13 106
13 49
13 50
13 126
13 52
13 53
13 54
13 56
13 58
13 59
13 90
13 61
13 108
14 109
14 63
14 64
14 121
14 95
14 15
14 16
14 66
14 68
14 112
14 19
14 20
14 22
14 23
14 113
14 24
14 27
14 71
14 29
14 100
14 32
14 34
14 74
14 35
14 116
14 117
14 125
14 36
14 39
14 78
14 79
14 41
14 43
14 80
14 46
14 119
14 83
14 106
14 84
14 49
14 51
14 52
14 53
14 54
14 86
14 87
14 58
14 60
14 61
14 108
15 109
15 64
15 121
15 122
15 65
15 17
15 66
15 96
15 18
15 111
15 67
15 112
15 22
15 23
15 24
15 26
15 115
15 27
15 69
15 28
15 71
15 29
15 72
15 101
15 73
15 32
15 33
15 34
15 35
15 116
15 117
15 37
15 75
15 38
15 78
15 40
15 42
15 44
15 45
15 118
15 46
15 47
15 83
15 48
15 106
15 50
15 120
15 53
15 123
15 87
15 88
15 89
15 60
15 61
15 91
15 62
15 127
16 92
16 93
16 94
16 110
16 122
16 18
16 19
16 20
16 97
16 22
16 113
16 25
16 26
16 114
16 115
16 27
16 69
16 28
16 70
16 71
16 99
16 30
16 73
16 74
16 116
16 125
16 75
16 39
16 76
16 78
16 40
16 79
16 42
16 80
16 81
16 104
16 45
16 118
16 82
16 106
16 84
16 50
16 120
16 53
16 123
16 87
16 56
16 57
16 107
16 59
16 89
16 90
16 60
16 61
16 91
17 109
17 92
17 65
17 96
17 20
17 21
17 22
17 23
17 25
17 114
17 27
17 28
17 29
17 99
17 73
17 33
17 74
17 117
17 125
17 36
17 38
17 103
17 39
17 77
17 78
17 79
17 41
17 42
17 81
17 118
17 46
17 119
17 47
17 105
17 83
17 48
17 106
17 84
17 49
17 126
17 52
17 53
17 86
17 55
17 87
17 57
17 88
17 90
17 60
17 127
17 59
17 122
17 63
17 113
17 104
17 64
17 68
18 109
18 121
18 93
18 122
18 65
18 96
18 67
18 19
18 20
18 98
18 21
18 23
18 24
18 25
18 114
18 27
18 69
18 70
18 72
18 30
18 31
18 73
18 32
18 33
18 116
18 117
18 75
18 38
18 102
18 103
18 76
18 78
18 41
18 42
18 44
18 81
18 82
18 119
18 47
18 105
18 84
18 51
18 123
18 54
18 88
18 90
18 60
18 61
18 127
18 108
19 93
19 122
19 67
19 112
19 98
19 22
19 113
19 24
19 27
19 69
19 70
19 71
19 99
19 101
19 73
19 124
19 74
19 38
19 103
19 39
19 76
19 78
19 40
19 41
19 43
19 80
19 45
19 118
19 82
19 106
19 49
19 85
19 54
19 86
19 87
19 107
19 58
19 59
19 89
19 90
19 60
19 91
19 127
19 108
20 92
20 93
20 94
20 122
20 96
20 111
20 67
20 68
20 97
20 21
20 22
20 113
20 25
20 28
20 70
20 71
20 29
20 99
20 100
20 101
20 33
20 35
20 117
20 125
20 36
20 37
20 38
20 103
20 39
20 76
20 40
20 43
20 80
20 44
20 81
20 118
20 82
20 119
20 105
20 49
20 50
20 120
20 52
20 54
20 86
20 87
20 56
20 57
20 58
20 59
20 90
20 61
20 91
20 108
21 63
21 92
21 64
21 121
21 93
21 95
21 110
21 66
21 111
21 67
21 68
21 112
21 23
21 113
21 115
21 27
21 69
21 28
21 30
21 31
21 33
21 34
21 124
21 125
21 36
21 37
21 75
21 76
21 78
21 41
21 43
21 104
21 118
21 82
21 119
21 83
21 48
21 49
21 51
21 126
21 120
21 52
21 86
21 55
21 87
21 107
21 58
21 89
21 61
21 62
21 127
21 108
22 109
22 63
22 92
22 64
22 93
22 94
22 95
22 66
22 96
22 111
22 67
22 68
22 98
22 23
22 25
22 26
22 115
22 69
22 28
22 70
22 71
22 29
22 99
22 100
22 30
22 32
22 34
22 124
22 116
22 103
22 76
22 77
22 78
22 40
22 41
22 42
22 80
22 44
22 118
22 82
22 119
22 47
22 106
22 50
22 85
22 126
22 123
22 54
22 57
22 107
22 58
22 90
22 60
22 127
22 108
23 109
23 63
23 93
23 94
23 110
23 122
23 65
23 66
23 67
23 68
23 112
23 97
23 113
23 25
23 26
23 115
23 27
23 69
23 70
23 29
23 99
23 30
23 31
23 73
23 32
23 34
23 116
23 125
23 36
23 37
23 102
23 39
23 40
23 80
23 81
23 104
23 45
23 118
23 119
23 50
23 85
23 126
23 120
23 52
23 55
23 87
23 56
23 88
23 59
23 89
23 90
23 60
23 61
24 113
24 109
24 92
24 64
24 95
24 110
24 122
24 65
24 96
24 111
24 112
24 25
24 26
24 114
24 115
24 70
24 71
24 99
24 30
24 31
24 101
24 33
24 34
24 124
24 74
24 116
24 117
24 37
24 38
24 102
24 103
24 39
24 76
24 42
24 81
24 118
24 82
24 46
24 119
24 48
24 106
24 84
24 49
24 50
24 85
24 52
24 53
24 54
24 55
24 87
24 56
24 57
24 107
24 58
24 59
24 89
25 63
25 121
25 94
25 122
25 65
25 96
25 111
25 68
25 97
25 26
25 114
25 27
25 70
25 100
25 31
25 32
25 117
25 125
25 103
25 77
25 78
25 40
25 41
25 46
25 119
25 48
25 84
25 51
25 53
25 123
25 54
25 86
25 55
25 107
25 58
25 59
25 60
25 91
25 62
25 127
26 109
26 63
26 92
26 121
26 66
26 96
26 111
26 67
26 68
26 114
26 27
26 99
26 31
26 34
26 74
26 35
26 102
26 39
26 41
26 80
26 105
26 48
26 106
26 126
26 120
26 52
26 123
26 55
26 87
26 57
26 107
26 58
26 59
26 89
26 60
26 127
27 109
27 63
27 121
27 93
27 94
27 96
27 67
27 68
27 112
27 97
27 98
27 115
27 28
27 71
27 29
27 100
27 101
27 32
27 124
27 74
27 125
27 75
27 77
27 41
27 42
27 81
27 104
27 82
27 119
27 47
27 105
27 83
27 106
27 84
27 50
27 51
27 85
27 126
27 120
27 52
27 53
27 123
27 86
27 87
27 107
27 89
27 90
27 62
27 127
28 113
28 109
28 63
28 92
28 64
28 93
28 94
28 95
28 110
28 122
28 65
28 66
28 68
28 98
28 114
28 69
28 99
28 31
28 101
28 73
28 32
28 33
28 34
28 74
28 35
28 125
28 75
28 38
28 103
28 39
28 78
28 79
28 41
28 43
28 80
28 81
28 104
28 105
28 48
28 49
28 50
28 51
28 85
28 126
28 52
28 123
28 54
28 86
28 55
28 57
28 88
28 59
28 61
28 108
29 109
29 92
29 121
29 93
29 110
29 65
29 67
29 112
29 97
29 98
29 114
29 115
29 70
29 72
29 30
29 31
29 101
29 73
29 32
29 74
29 35
29 125
29 36
29 38
29 103
29 76
29 77
29 40
29 79
29 41
29 43
29 81
29 118
29 82
29 119
29 105
29 106
29 84
29 51
29 120
29 54
29 86
29 55
29 57
29 89
29 90
29 127
29 108
30 109
30 92
30 64
30 121
30 93
30 110
30 66
30 96
30 68
30 112
30 97
30 98
30 115
30 71
30 72
30 99
30 100
30 33
30 34
30 124
30 74
30 37
30 38
30 102
30 103
30 39
30 77
30 41
30 42
30 43
30 44
30 118
30 46
30 105
30 83
30 49
30 50
30 51
30 123
30 86
30 55
30 87
30 57
30 88
30 58
30 59
30 60
30 91
31 64
31 121
31 95
31 66
31 67
31 68
31 97
31 98
31 114
31 115
31 71
31 72
31 99
31 73
31 33
31 34
31 124
31 35
31 36
31 37
31 75
31 38
31 103
31 39
31 77
31 78
31 40
31 104
31 82
31 105
31 106
31 84
31 51
31 126
31 123
31 54
31 55
31 87
31 88
31 58
31 59
31 89
31 90
31 127
32 113
32 63
32 121
32 94
32 110
32 96
32 98
32 114
32 69
32 100
32 101
32 33
32 34
32 35
32 116
32 117
32 125
32 38
32 102
32 103
32 39
32 77
32 78
32 79
32 42
32 43
32 80
32 48
32 106
32 51
32 85
32 52
32 53
32 123
32 54
32 87
32 56
32 57
32 88
32 58
32 59
32 89
32 90
32 61
32 62
32 127
32 108
33 92
33 93
33 96
33 111
33 67
33 97
33 98
33 115
33 70
33 71
33 72
33 99
33 100
33 101
33 73
33 34
33 35
33 102
33 103
33 76
33 77
33 40
33 79
33 43
33 80
33 104
33 82
33 84
33 49
33 126
33 86
33 55
33 87
33 88
33 58
33 59
33 89
33 62
33 127
33 108
34 109
34 63
34 94
34 122
34 96
34 111
34 68
34 112
34 97
34 114
34 115
34 71
34 72
34 100
34 101
34 74
34 35
34 36
34 37
34 103
34 39
34 78
34 40
34 42
34 43
34 44
34 81
34 119
34 105
34 106
34 49
34 51
34 54
34 88
34 58
34 60
34 61
34 91
34 127
35 109
35 63
35 92
35 64
35 93
35 122
35 65
35 111
35 67
35 112
35 70
35 71
35 72
35 99
35 100
35 101
35 73
35 124
35 74
35 37
35 75
35 103
35 78
35 40
35 79
35 42
35 43
35 81
35 118
35 82
35 46
35 47
35 83
35 84
35 50
35 51
35 85
35 126
35 54
35 107
35 58
35 59
35 90
35 60
36 113
36 109
36 63
36 64
36 94
36 110
36 122
36 66
36 67
36 68
36 98
36 114
36 115
36 70
36 72
36 124
36 74
36 125
36 37
36 75
36 103
36 39
36 76
36 78
36 41
36 43
36 44
36 81
36 45
36 119
36 47
36 83
36 106
36 49
36 51
36 85
36 53
36 123
36 54
36 86
36 56
36 88
36 107
36 58
36 60
36 61
36 91
36 62
36 108
37 109
37 92
37 65
37 112
37 97
37 114
37 71
37 72
37 100
37 74
37 117
37 75
37 102
37 103
37 39
37 76
37 78
37 40
37 41
37 42
37 43
37 44
37 118
37 82
37 119
37 105
37 106
37 51
37 120
37 52
37 53
37 123
37 54
37 87
37 56
37 88
37 90
37 60
37 62
38 113
38 63
38 92
38 121
38 93
38 94
38 110
38 66
38 96
38 111
38 67
38 98
38 71
38 101
38 124
38 74
38 117
38 103
38 39
38 76
38 78
38 41
38 42
38 43
38 80
38 81
38 104
38 82
38 119
38 47
38 83
38 106
38 84
38 49
38 85
38 126
38 52
38 88
38 107
38 58
38 90
38 127
39 109
39 92
39 64
39 121
39 93
39 95
39 122
39 67
39 112
39 114
39 115
39 70
39 72
39 101
39 74
39 103
39 40
39 41
39 42
39 80
39 44
39 104
39 46
39 119
39 47
39 105
39 48
39 50
39 51
39 120
39 53
39 123
39 54
39 87
39 56
39 57
39 58
39 59
39 108
40 113
40 121
40 110
40 122
40 111
40 67
40 112
40 97
40 98
40 114
40 70
40 71
40 99
40 124
40 125
40 75
40 103
40 76
40 77
40 41
40 44
40 104
40 118
40 46
40 47
40 105
40 48
40 106
40 84
40 49
40 50
40 51
40 85
40 120
40 52
40 54
40 87
40 56
40 88
40 59
40 91
40 62
41 109
41 92
41 64
41 121
41 94
41 95
41 110
41 66
41 96
41 68
41 97
41 98
41 115
41 69
41 70
41 101
41 73
41 74
41 116
41 117
41 125
41 103
41 79
41 80
41 81
41 46
41 119
41 47
41 48
41 49
41 51
41 126
41 120
41 54
41 86
41 55
41 87
41 56
41 107
41 59
41 89
41 60
41 91
41 62
41 108
42 63
42 94
42 95
42 122
42 65
42 97
42 98
42 114
42 69
42 70
42 71
42 72
42 99
42 100
42 101
42 74
42 116
42 117
42 125
42 103
42 79
42 43
42 80
42 104
42 118
42 46
42 105
42 83
42 48
42 106
42 84
42 50
42 51
42 126
42 120
42 52
42 123
42 54
42 86
42 87
42 57
42 59
42 89
42 62
42 127
42 108
43 63
43 92
43 121
43 93
43 94
43 96
43 68
43 112
43 114
43 69
43 70
43 72
43 100
43 73
43 124
43 74
43 116
43 102
43 103
43 76
43 80
43 44
43 81
43 46
43 48
43 49
43 51
43 85
43 53
43 123
43 86
43 55
43 87
43 57
43 59
43 60
43 61
43 127
43 108
44 63
44 92
44 94
44 122
44 65
44 111
44 67
44 68
44 97
44 115
44 71
44 100
44 101
44 116
44 117
44 125
44 75
44 103
44 76
44 81
44 104
44 45
44 118
44 82
44 119
44 47
44 48
44 50
44 51
44 85
44 52
44 53
44 86
44 56
44 107
44 58
44 59
44 89
44 91
44 127
45 109
45 63
45 64
45 93
45 110
45 122
45 96
45 111
45 98
45 69
45 72
45 99
45 124
45 117
45 125
45 75
45 103
45 76
45 77
45 78
45 80
45 104
45 118
45 119
45 83
45 84
45 123
45 86
45 55
45 88
45 107
45 59
45 89
45 61
45 91
45 62
45 108
46 113
46 63
46 95
46 122
46 67
46 98
46 114
46 115
46 71
46 100
46 101
46 73
46 124
46 125
46 102
46 103
46 76
46 77
46 78
46 80
46 104
46 82
46 119
46 47
46 105
46 83
46 106
46 49
46 50
46 54
46 86
46 88
46 58
46 59
46 90
46 60
46 91
46 127
46 108
47 109
47 63
47 92
47 94
47 95
47 110
47 114
47 115
47 70
47 72
47 99
47 73
47 116
47 76
47 77
47 78
47 80
47 104
47 118
47 82
47 119
47 106
47 84
47 50
47 120
47 87
47 56
47 57
47 58
47 59
47 90
47 60
47 62
47 108
48 109
48 92
48 121
48 93
48 94
48 122
48 65
48 96
48 68
48 98
48 115
48 70
48 100
48 101
48 73
48 124
48 116
48 117
48 125
48 102
48 78
48 80
48 81
48 104
48 118
48 82
48 119
48 106
48 85
48 54
48 87
48 56
48 88
48 59
48 89
48 90
48 60
48 61
48 108
48 57
48 84
48 63
48 126
48 113
48 83
48 64
49 109
49 63
49 64
49 121
49 93
49 94
49 95
49 110
49 122
49 65
49 111
49 67
49 68
49 112
49 98
49 114
49 69
49 71
49 72
49 100
49 73
49 74
49 116
49 125
49 77
49 80
49 81
49 104
49 119
49 105
49 84
49 85
49 126
49 120
49 52
49 53
49 123
49 86
49 56
49 88
49 107
49 59
49 89
49 90
49 61
49 62
49 127
49 108
50 109
50 92
50 110
50 66
50 97
50 114
50 115
50 69
50 99
50 100
50 73
50 124
50 74
50 116
50 125
50 75
50 103
50 78
50 79
50 118
50 119
50 83
50 84
50 85
50 126
50 120
50 53
50 123
50 86
50 55
50 88
50 90
50 60
50 61
50 91
50 127
51 109
51 92
51 64
51 121
51 110
51 65
51 66
51 96
51 111
51 112
51 98
51 115
51 100
51 73
51 75
51 76
51 79
51 80
51 104
51 82
51 119
51 84
51 85
51 126
51 120
51 123
51 86
51 55
51 56
51 88
51 107
51 59
51 90
52 113
52 64
52 121
52 93
52 95
52 110
52 65
52 96
52 111
52 67
52 68
52 115
52 70
52 71
52 99
52 100
52 101
52 73
52 124
52 116
52 117
52 75
52 80
52 104
52 82
52 83
52 84
52 120
52 86
52 87
52 88
52 58
52 59
52 89
52 90
52 60
52 61
52 127
53 64
53 94
53 95
53 122
53 66
53 112
53 114
53 72
53 101
53 124
53 102
53 77
53 78
53 79
53 80
53 81
53 82
53 119
53 106
53 84
53 126
53 120
53 54
53 86
53 55
53 107
53 58
53 59
53 90
53 91
53 127
54 113
54 63
54 92
54 94
54 95
54 122
54 65
54 96
54 67
54 97
54 70
54 72
54 99
54 125
54 103
54 79
54 104
54 118
54 82
54 84
54 123
54 55
54 107
54 58
54 89
54 60
54 61
54 91
54 127
54 108
55 113
55 63
55 121
55 65
55 66
55 96
55 111
55 112
55 97
55 114
55 69
55 70
55 71
55 73
55 74
55 116
55 117
55 125
55 102
55 77
55 78
55 80
55 118
55 82
55 83
55 106
55 84
55 120
55 123
55 86
55 57
55 107
55 58
55 60
55 61
55 91
55 62
55 127
56 113
56 92
56 64
56 93
56 94
56 95
56 110
56 122
56 65
56 66
56 97
56 98
56 114
56 115
56 69
56 100
56 101
56 116
56 102
56 76
56 78
56 79
56 80
56 105
56 126
56 120
56 123
56 57
56 88
56 107
56 89
56 90
56 60
56 61
56 91
56 62
56 127
57 109
57 63
57 64
57 121
57 95
57 122
57 65
57 96
57 111
57 67
57 68
57 112
57 98
57 115
57 101
57 73
57 74
57 117
57 125
57 75
57 76
57 77
57 78
57 80
57 118
57 105
57 106
57 84
57 85
57 120
57 87
57 88
57 107
57 59
57 89
57 61
57 108
57 126
57 113
57 81
57 104
57 83
58 113
58 63
58 93
58 94
58 95
58 110
58 122
58 65
58 66
58 111
58 67
58 115
58 69
58 72
58 100
58 101
58 73
58 124
58 74
58 116
58 125
58 102
58 103
58 77
58 80
58 104
58 82
58 119
58 85
58 120
58 86
58 87
58 59
58 89
58 61
58 91
58 62
59 113
59 109
59 63
59 92
59 110
59 122
59 66
59 96
59 68
59 112
59 114
59 115
59 69
59 70
59 71
59 72
59 99
59 100
59 73
59 116
59 117
59 103
59 80
59 81
59 105
59 83
59 106
59 84
59 126
59 120
59 107
59 89
59 60
59 91
59 62
59 127
59 104
59 64
60 113
60 92
60 121
60 93
60 110
60 65
60 66
60 111
60 67
60 112
60 97
60 98
60 70
60 71
60 72
60 101
60 124
60 74
60 116
60 125
60 103
60 78
60 79
60 80
60 81
60 104
60 118
60 82
60 119
60 106
60 123
60 86
60 87
60 107
60 89
60 61
60 127
60 108
61 109
61 92
61 64
61 93
61 110
61 122
61 65
61 111
61 68
61 112
61 98
61 114
61 69
61 70
61 72
61 100
61 101
61 124
61 74
61 116
61 117
61 125
61 75
61 76
61 77
61 78
61 80
61 81
61 118
61 119
61 83
61 85
61 126
61 120
61 86
61 87
61 107
61 90
61 62
61 108
62 113
62 109
62 63
62 93
62 94
62 95
62 66
62 111
62 67
62 112
62 97
62 98
62 114
62 115
62 70
62 72
62 101
62 73
62 74
62 125
62 75
62 102
62 76
62 104
62 118
62 82
62 119
62 83
62 106
62 84
62 126
62 87
62 89
63 113
63 109
63 110
63 122
63 65
63 66
63 96
63 112
63 98
63 114
63 69
63 70
63 72
63 75
63 103
63 78
63 79
63 81
63 118
63 82
63 119
63 83
63 106
63 84
63 120
63 123
63 86
63 88
63 107
63 127
63 126
63 104
63 64
63 68
64 121
64 93
64 122
64 66
64 96
64 111
64 67
64 112
64 98
64 114
64 115
64 69
64 70
64 71
64 99
64 101
64 124
64 116
64 117
64 75
64 103
64 76
64 77
64 79
64 80
64 88
64 107
64 91
64 127
64 84
64 109
64 126
64 113
64 81
64 104
64 83
64 68
65 113
65 109
65 93
65 94
65 110
65 122
65 98
65 114
65 115
65 71
65 72
65 101
65 73
65 124
65 74
65 117
65 125
65 76
65 77
65 78
65 119
65 105
65 83
65 106
65 84
65 126
65 120
65 123
65 86
65 87
65 90
66 113
66 92
66 93
66 94
66 110
66 112
66 98
66 115
66 70
66 71
66 101
66 74
66 116
66 117
66 125
66 102
66 76
66 81
66 104
66 106
66 84
66 126
66 123
66 86
66 88
66 89
66 108
67 121
67 93
67 110
67 122
67 111
67 68
67 98
67 114
67 70
67 71
67 99
67 73
67 74
67 102
67 103
67 78
67 104
67 82
67 119
67 106
67 85
67 126
67 120
67 88
67 108
68 113
68 95
68 110
68 122
68 96
68 112
68 98
68 114
68 69
68 101
68 116
68 75
68 102
68 76
68 81
68 118
68 105
68 120
68 87
68 90
68 127
68 84
68 109
68 126
68 104
68 83
69 113
69 93
69 94
69 95
69 110
69 122
69 98
69 114
69 115
69 73
69 124
69 74
69 125
69 75
69 102
69 103
69 76
69 80
69 81
69 104
69 118
69 106
69 84
69 87
69 89
69 90
70 109
70 92
70 121
70 94
70 95
70 110
70 111
70 112
70 97
70 98
70 114
70 100
70 124
70 117
70 75
70 102
70 103
70 76
70 80
70 118
70 82
70 119
70 84
70 85
70 126
70 86
70 88
70 89
70 91
70 127
70 108
71 109
71 121
71 95
71 122
71 97
71 98
71 115
71 99
71 124
71 74
71 116
71 117
71 75
71 102
71 103
71 76
71 77
71 79
71 80
71 81
71 119
71 105
71 106
71 85
71 126
71 120
71 86
71 87
71 89
71 90
71 127
72 113
72 121
72 93
72 96
72 114
72 99
72 100
72 101
72 124
72 117
72 125
72 75
72 102
72 103
72 76
72 77
72 104
72 82
72 105
72 83
72 84
72 85
72 126
72 86
72 88
72 107
73 109
73 96
73 112
73 97
73 98
73 114
73 99
73 124
73 74
73 80
73 104
73 118
73 82
73 105
73 83
73 106
73 84
73 126
73 120
73 123
73 86
73 87
73 88
73 107
73 127
74 93
74 110
74 122
74 111
74 112
74 114
74 115
74 99
74 100
74 124
74 116
74 125
74 102
74 103
74 76
74 77
74 80
74 81
74 104
74 118
74 105
74 126
74 120
74 123
74 88
74 107
74 90
75 92
75 93
75 94
75 122
75 111
75 112
75 97
75 98
75 100
75 117
75 125
75 102
75 79
75 80
75 81
75 119
75 105
75 83
75 106
75 85
75 126
75 88
75 107
75 91
75 127
76 109
76 95
76 112
76 97
76 98
76 117
76 102
76 103
76 81
76 119
76 105
76 85
76 126
76 123
76 87
76 88
76 107
76 127
77 113
77 109
77 92
77 93
77 94
77 111
77 112
77 97
77 98
77 114
77 101
77 79
77 80
77 81
77 118
77 106
77 84
77 123
77 87
77 107
77 89
77 90
77 127
77 108
78 113
78 121
78 122
78 96
78 111
78 112
78 97
78 114
78 115
78 99
78 101
78 124
78 117
78 102
78 79
78 81
78 82
78 119
78 105
78 83
78 106
78 85
78 126
78 120
78 86
78 87
78 107
78 90
78 91
78 127
78 108
79 109
79 92
79 110
79 122
79 96
79 112
79 97
79 98
79 115
79 99
79 100
79 101
79 124
79 116
79 117
79 125
79 103
79 81
79 104
79 118
79 82
79 106
79 84
79 120
79 123
79 86
79 107
79 89
80 109
80 121
80 110
80 112
80 115
80 124
80 125
80 81
80 118
80 83
80 106
80 84
80 85
80 126
80 123
80 86
80 87
80 91
80 127
80 108
81 113
81 109
81 92
81 93
81 95
81 96
81 112
81 97
81 115
81 100
81 101
81 117
81 125
81 102
81 106
81 84
81 85
81 120
81 88
81 107
81 91
81 122
81 126
81 104
81 83
82 109
82 121
82 93
82 95
82 122
82 96
82 111
82 97
82 98
82 115
82 100
82 124
82 117
82 102
82 104
82 118
82 119
82 84
82 126
82 120
82 87
82 88
82 107
82 91
83 109
83 92
83 121
83 95
83 112
83 98
83 114
83 115
83 99
83 100
83 124
83 116
83 117
83 102
83 104
83 119
83 120
83 91
83 108
83 96
83 122
83 84
83 126
83 113
84 113
84 109
84 121
84 94
84 110
84 122
84 96
84 111
84 97
84 115
84 100
84 124
84 116
84 117
84 125
84 85
84 123
84 86
84 87
84 91
84 127
84 108
84 126
84 104
85 113
85 109
85 92
85 121
85 94
85 110
85 122
85 96
85 111
85 98
85 99
85 100
85 124
85 117
85 102
85 104
85 119
85 105
85 126
85 120
85 123
85 87
85 107
85 90
85 127
85 108
86 109
86 121
86 93
86 95
86 112
86 97
86 114
86 101
86 124
86 116
86 117
86 118
86 119
86 105
86 88
86 91
87 113
87 92
87 93
87 94
87 95
87 111
87 112
87 114
87 99
87 101
87 116
87 117
87 125
87 104
87 105
87 126
87 120
87 107
87 90
87 91
87 127
88 93
88 95
88 122
88 96
88 112
88 98
88 101
88 116
88 125
88 102
88 105
88 106
88 107
88 90
88 91
88 127
89 113
89 121
89 93
89 95
89 110
89 122
89 96
89 97
89 98
89 115
89 100
89 124
89 116
89 125
89 119
89 126
89 120
89 107
89 91
89 108
90 109
90 121
90 110
90 122
90 112
90 98
90 114
90 100
90 101
90 124
90 116
90 117
90 104
90 105
90 120
90 123
90 127
91 113
91 109
91 121
91 94
91 96
91 98
91 114
91 115
91 100
91 101
91 116
91 102
91 103
91 106
91 126
91 123
92 113
92 93
92 95
92 114
92 100
92 124
92 120
92 123
92 107
92 111
92 98
92 101
92 117
92 102
92 105
92 106
93 109
93 121
93 95
93 110
93 122
93 96
93 112
93 97
93 98
93 114
93 115
93 100
93 116
93 117
93 118
93 105
93 106
93 126
93 120
93 123
93 107
94 113
94 95
94 122
94 96
94 114
94 115
94 99
94 124
94 104
94 119
94 126
94 120
94 127
94 108
94 121
94 110
94 111
94 98
94 101
94 125
94 102
94 103
94 118
94 105
95 113
95 109
95 110
95 122
95 96
95 112
95 97
95 98
95 114
95 99
95 101
95 124
95 116
95 103
95 119
95 105
95 106
95 126
95 123
95 107
95 108
96 109
96 122
96 110
96 111
96 112
96 114
96 116
96 117
96 103
96 118
96 105
96 106
96 120
96 127
96 108
96 126
96 113
96 104
97 122
97 99
97 100
97 104
97 119
97 123
97 127
97 108
97 121
97 111
97 112
97 103
97 106
98 122
98 100
98 126
98 120
98 127
98 110
98 112
98 116
98 103
98 118
98 105
98 106
99 113
99 109
99 122
99 110
99 111
99 112
99 124
99 116
99 118
99 119
99 105
99 106
99 120
99 107
99 127
100 113
100 109
100 114
100 111
100 101
100 117
100 125
100 102
100 103
100 105
100 120
100 107
100 127
100 108
101 113
101 122
101 114
101 124
101 126
101 107
101 127
101 108
101 110
101 117
101 102
101 103
101 105
101 106
102 114
102 115
102 124
102 119
102 120
102 107
102 108
102 125
102 103
102 106
103 122
103 114
103 115
103 124
103 104
103 119
103 123
103 107
103 121
103 116
103 117
103 118
103 105
104 109
104 114
104 115
104 124
104 112
104 106
104 126
104 107
104 108
104 122
104 113
105 114
105 115
105 124
105 107
105 108
105 116
105 106
106 113
106 122
106 114
106 115
106 119
106 107
106 108
106 110
106 111
106 116
106 125
107 113
107 109
107 119
107 120
107 110
107 117
107 125
107 118
107 127
108 109
108 114
108 115
108 123
108 127
108 110
108 111
108 117
108 118
109 113
109 122
109 114
109 115
109 124
109 119
109 126
109 120
109 123
109 127
110 113
110 120
110 123
110 116
110 125
111 114
111 115
111 119
111 118
111 121
111 117
111 125
112 113
112 122
112 114
112 124
112 119
112 126
112 127
112 125
113 121
113 114
113 115
113 117
113 125
113 118
113 123
113 127
113 122
113 126
114 121
114 115
114 125
114 119
114 120
114 123
114 127
115 122
115 121
115 124
115 125
115 119
115 126
115 123
115 127
116 124
116 119
116 126
116 121
116 117
117 122
117 124
117 126
117 123
117 118
117 121
118 122
118 124
118 119
118 126
118 120
118 123
118 127
118 125
119 121
119 127
120 122
120 124
120 126
120 121
120 127
121 124
121 123
121 127
122 125
122 126
123 124
123 126
123 125
124 125
125 126
