0 1
0 2
0 3
0 4
0 5
0 6
0 7
0 8
0 9
0 10
0 11
0 12
0 13
0 14
0 15
0 16
0 17
0 18
0 19
0 20
0 21
0 22
0 23
0 24
0 25
0 26
0 27
0 28
0 29
0 30
0 31
0 32
0 33
0 34
0 35
0 36
0 37
0 38
0 39
0 40
0 41
0 42
0 43
0 44
0 45
0 46
0 47
0 49
0 50
0 51
0 52
0 53
0 54
0 55
0 56
0 57
0 58
0 59
0 60
1 62
1 3
1 4
1 63
1 64
1 65
1 66
1 67
1 7
1 68
1 69
1 70
1 10
1 71
1 13
1 72
1 73
1 17
1 74
1 18
1 20
1 75
1 76
1 21
1 77
1 24
1 25
1 27
1 29
1 30
1 31
1 32
1 33
1 78
1 35
1 79
1 37
1 80
1 81
1 38
1 82
1 83
1 84
1 85
1 41
1 44
1 45
1 46
1 86
1 47
1 87
1 88
1 89
1 54
1 90
1 55
1 56
1 91
1 60
1 92
1 93
1 61
2 62
2 3
2 4
2 63
2 64
2 66
2 67
2 94
2 95
2 10
2 12
2 71
2 96
2 72
2 74
2 18
2 19
2 97
2 98
2 99
2 75
2 100
2 21
2 23
2 77
2 24
2 26
2 28
2 30
2 101
2 32
2 102
2 33
2 36
2 103
2 37
2 80
2 38
2 39
2 83
2 104
2 84
2 85
2 41
2 105
2 86
2 106
2 48
2 89
2 90
2 91
2 107
2 108
2 58
2 109
2 92
3 110
3 65
3 66
3 6
3 67
3 7
3 94
3 95
3 8
3 111
3 12
3 13
3 15
3 17
3 74
3 112
3 97
3 76
3 22
3 23
3 25
3 27
3 28
3 30
3 31
3 113
3 32
3 102
3 33
3 35
3 79
3 36
3 103
3 80
3 81
3 38
3 114
3 83
3 115
3 116
3 40
3 85
3 42
3 105
3 44
3 45
3 46
3 86
3 106
3 47
3 50
3 51
3 54
3 90
3 55
3 56
3 117
3 91
3 108
3 60
3 109
3 93
3 118
4 110
4 63
4 65
4 7
4 69
4 70
4 10
4 11
4 12
4 14
4 96
4 15
4 17
4 74
4 119
4 18
4 19
4 97
4 20
4 120
4 99
4 75
4 100
4 76
4 121
4 21
4 122
4 22
4 23
4 77
4 24
4 25
4 26
4 27
4 123
4 30
4 101
4 113
4 32
4 102
4 78
4 35
4 36
4 114
4 39
4 83
4 115
4 116
4 104
4 40
4 85
4 41
4 42
4 105
4 43
4 44
4 46
4 86
4 47
4 49
4 51
4 89
4 52
4 53
4 54
4 90
4 55
4 117
4 57
4 108
5 64
5 65
5 66
5 95
5 8
5 69
5 14
5 96
5 15
5 73
5 17
5 119
5 97
5 20
5 99
5 100
5 124
5 23
5 77
5 25
5 29
5 30
5 101
5 32
5 102
5 78
5 34
5 35
5 79
5 103
5 37
5 80
5 39
5 116
5 104
5 40
5 85
5 43
5 44
5 45
5 46
5 48
5 87
5 49
5 50
5 89
5 90
5 117
5 91
5 108
5 59
5 93
5 118
6 62
6 63
6 64
6 65
6 66
6 8
6 9
6 69
6 70
6 12
6 125
6 96
6 16
6 17
6 119
6 112
6 76
6 124
6 25
6 28
6 29
6 31
6 101
6 113
6 78
6 34
6 126
6 103
6 80
6 81
6 38
6 114
6 82
6 83
6 116
6 104
6 84
6 85
6 42
6 44
6 45
6 47
6 87
6 49
6 52
6 53
6 54
6 90
6 91
6 57
6 107
6 108
6 58
6 59
6 60
6 109
6 92
7 65
7 94
7 69
7 10
7 111
7 71
7 96
7 15
7 73
7 119
7 18
7 19
7 98
7 120
7 99
7 75
7 76
7 121
7 124
7 122
7 22
7 23
7 77
7 25
7 123
7 30
7 101
7 113
7 33
7 34
7 79
7 126
7 36
7 103
7 37
7 81
7 114
7 83
7 115
7 116
7 85
7 41
7 105
7 106
7 47
7 48
7 50
7 88
7 89
7 52
7 53
7 54
7 117
7 91
7 127
7 57
7 107
7 59
7 109
7 93
7 118
8 63
8 65
8 67
8 68
8 9
8 70
8 10
8 11
8 12
8 71
8 14
8 72
8 74
8 119
8 20
8 98
8 99
8 76
8 122
8 22
8 23
8 77
8 25
8 26
8 27
8 29
8 30
8 31
8 113
8 102
8 33
8 79
8 126
8 103
8 80
8 81
8 114
8 115
8 116
8 104
8 40
8 84
8 85
8 42
8 43
8 44
8 45
8 46
8 86
8 106
8 48
8 87
8 88
8 51
8 55
8 56
8 127
8 57
8 107
8 58
8 59
8 60
8 92
8 93
9 62
9 110
9 63
9 64
9 65
9 66
9 69
9 70
9 111
9 12
9 13
9 125
9 96
9 15
9 72
9 73
9 17
9 119
9 18
9 19
9 97
9 120
9 99
9 100
9 21
9 122
9 77
9 25
9 29
9 31
9 101
9 113
9 32
9 102
9 78
9 35
9 36
9 103
9 81
9 38
9 114
9 39
9 83
9 116
9 84
9 85
9 41
9 105
9 43
9 44
9 45
9 106
9 49
9 51
9 89
9 52
9 53
9 54
9 117
9 91
9 57
9 107
9 108
9 58
9 92
10 110
10 63
10 66
10 67
10 68
10 70
10 111
10 12
10 13
10 14
10 96
10 15
10 72
10 74
10 119
10 18
10 20
10 120
10 99
10 75
10 121
10 124
10 22
10 23
10 25
10 29
10 101
10 113
10 32
10 102
10 33
10 35
10 126
10 36
10 114
10 39
10 116
10 42
10 105
10 43
10 44
10 45
10 86
10 87
10 50
10 88
10 51
10 89
10 52
10 53
10 55
10 127
10 57
10 107
10 58
10 59
10 60
10 109
10 92
11 62
11 110
11 95
11 70
11 111
11 12
11 13
11 96
11 15
11 17
11 119
11 112
11 18
11 19
11 20
11 98
11 120
11 75
11 21
11 124
11 23
11 25
11 28
11 123
11 113
11 32
11 102
11 78
11 79
11 103
11 37
11 38
11 114
11 82
11 83
11 116
11 85
11 105
11 43
11 44
11 47
11 48
11 87
11 50
11 51
11 54
11 90
11 57
11 107
11 60
11 92
11 118
12 110
12 65
12 68
12 69
12 125
12 73
12 16
12 17
12 74
12 97
12 98
12 120
12 99
12 75
12 121
12 21
12 122
12 23
12 24
12 25
12 27
12 31
12 78
12 34
12 35
12 36
12 103
12 37
12 81
12 82
12 115
12 84
12 41
12 42
12 105
12 43
12 47
12 48
12 87
12 50
12 88
12 51
12 90
12 55
12 91
12 108
12 59
12 118
12 15
12 111
12 83
12 29
12 76
12 39
12 54
12 44
12 71
12 52
12 61
12 72
13 62
13 63
13 65
13 67
13 94
13 70
13 14
13 125
13 15
13 73
13 17
13 74
13 119
13 18
13 19
13 97
13 98
13 75
13 76
13 121
13 22
13 23
13 26
13 28
13 30
13 78
13 35
13 36
13 103
13 37
13 114
13 39
13 83
13 85
13 43
13 44
13 45
13 86
13 47
13 50
13 88
13 89
13 90
13 117
13 58
13 109
13 92
14 110
14 65
14 67
14 69
14 111
14 71
14 125
14 96
14 72
14 73
14 16
14 17
14 119
14 112
14 120
14 99
14 75
14 100
14 122
14 77
14 25
14 31
14 113
14 32
14 102
14 34
14 36
14 103
14 37
14 80
14 83
14 116
14 84
14 41
14 42
14 105
14 44
14 45
14 106
14 47
14 87
14 88
14 53
14 55
14 56
14 91
14 57
14 107
14 58
14 59
14 60
14 109
14 61
15 110
15 63
15 65
15 95
15 68
15 69
15 111
15 125
15 96
15 17
15 119
15 97
15 100
15 76
15 121
15 21
15 124
15 122
15 24
15 27
15 28
15 29
15 30
15 31
15 101
15 32
15 102
15 78
15 79
15 36
15 37
15 81
15 38
15 114
15 39
15 83
15 104
15 84
15 85
15 43
15 45
15 46
15 106
15 47
15 48
15 87
15 49
15 50
15 88
15 89
15 52
15 53
15 90
15 55
15 117
15 57
15 108
15 58
15 109
15 93
15 61
15 118
15 54
15 44
15 71
15 72
16 62
16 63
16 64
16 94
16 95
16 68
16 71
16 72
16 73
16 17
16 74
16 119
16 97
16 120
16 99
16 75
16 121
16 124
16 22
16 23
16 77
16 24
16 27
16 29
16 31
16 101
16 113
16 78
16 35
16 39
16 83
16 115
16 84
16 105
16 43
16 44
16 45
16 47
16 48
16 87
16 49
16 88
16 51
16 52
16 53
16 90
16 56
16 57
16 107
16 60
16 109
16 92
16 93
16 61
17 63
17 67
17 94
17 95
17 68
17 70
17 111
17 125
17 119
17 112
17 98
17 100
17 76
17 21
17 124
17 23
17 25
17 28
17 123
17 29
17 31
17 101
17 32
17 35
17 126
17 36
17 38
17 39
17 83
17 115
17 104
17 84
17 41
17 42
17 105
17 43
17 86
17 47
17 49
17 50
17 88
17 51
17 89
17 53
17 54
17 56
17 127
17 57
17 107
17 59
17 92
17 61
17 118
17 44
17 97
17 71
17 48
17 52
17 72
18 62
18 63
18 65
18 66
18 67
18 94
18 69
18 111
18 73
18 97
18 98
18 122
18 23
18 77
18 24
18 28
18 123
18 101
18 113
18 102
18 33
18 78
18 35
18 126
18 36
18 103
18 81
18 39
18 82
18 83
18 116
18 40
18 42
18 105
18 43
18 86
18 106
18 47
18 48
18 87
18 49
18 50
18 90
18 117
18 108
18 58
18 60
18 92
18 61
18 118
19 62
19 63
19 65
19 67
19 94
19 95
19 69
19 111
19 125
19 96
19 72
19 74
19 112
19 97
19 20
19 98
19 100
19 76
19 124
19 77
19 24
19 25
19 27
19 29
19 30
19 31
19 113
19 32
19 33
19 78
19 79
19 37
19 114
19 83
19 85
19 105
19 44
19 46
19 106
19 87
19 49
19 50
19 88
19 52
19 53
19 90
19 55
19 127
19 57
19 107
19 58
19 59
19 109
19 93
19 61
20 62
20 110
20 64
20 66
20 67
20 94
20 68
20 69
20 111
20 72
20 73
20 119
20 112
20 98
20 120
20 76
20 124
20 122
20 23
20 26
20 27
20 28
20 29
20 30
20 31
20 101
20 113
20 32
20 102
20 33
20 78
20 35
20 103
20 37
20 80
20 114
20 115
20 85
20 42
20 43
20 44
20 45
20 47
20 48
20 87
20 88
20 89
20 90
20 56
20 117
20 91
20 107
20 59
20 109
20 92
20 93
20 61
20 118
21 62
21 63
21 65
21 66
21 69
21 111
21 96
21 119
21 97
21 120
21 75
21 100
21 124
21 23
21 77
21 25
21 26
21 27
21 28
21 123
21 101
21 32
21 78
21 34
21 79
21 126
21 36
21 103
21 38
21 114
21 82
21 104
21 84
21 85
21 41
21 106
21 48
21 49
21 52
21 53
21 55
21 117
21 91
21 57
21 108
21 59
21 60
21 92
21 93
21 61
21 47
21 50
21 68
21 83
21 29
21 76
21 39
21 54
21 44
21 71
21 72
22 64
22 65
22 66
22 67
22 68
22 70
22 111
22 71
22 96
22 73
22 119
22 112
22 98
22 75
22 100
22 121
22 124
22 23
22 26
22 27
22 28
22 29
22 31
22 101
22 113
22 102
22 34
22 126
22 36
22 37
22 81
22 114
22 82
22 115
22 104
22 41
22 42
22 43
22 45
22 86
22 106
22 48
22 87
22 53
22 54
22 90
22 55
22 117
22 57
22 107
22 58
22 59
22 60
22 61
22 118
23 62
23 110
23 65
23 67
23 94
23 69
23 125
23 96
23 74
23 97
23 98
23 75
23 121
23 124
23 122
23 27
23 28
23 123
23 31
23 113
23 102
23 34
23 79
23 37
23 114
23 82
23 83
23 115
23 116
23 84
23 85
23 46
23 50
23 88
23 55
23 56
23 117
23 57
23 107
23 108
23 58
23 59
23 109
23 92
24 62
24 64
24 67
24 69
24 73
24 119
24 120
24 99
24 76
24 121
24 122
24 77
24 26
24 27
24 29
24 30
24 113
24 33
24 78
24 35
24 79
24 126
24 36
24 80
24 38
24 39
24 82
24 115
24 84
24 42
24 43
24 45
24 86
24 50
24 88
24 52
24 53
24 56
24 117
24 57
24 107
24 108
24 58
24 60
24 92
24 61
24 118
25 110
25 64
25 66
25 67
25 94
25 68
25 70
25 71
25 72
25 73
25 74
25 119
25 112
25 97
25 98
25 120
25 75
25 100
25 76
25 124
25 77
25 31
25 101
25 32
25 102
25 78
25 34
25 35
25 79
25 36
25 80
25 38
25 39
25 82
25 83
25 115
25 104
25 47
25 87
25 50
25 88
25 89
25 53
25 54
25 90
25 117
25 107
25 108
25 58
25 60
25 93
25 118
26 62
26 63
26 67
26 94
26 68
26 111
26 72
26 73
26 97
26 98
26 75
26 100
26 29
26 31
26 101
26 113
26 32
26 34
26 35
26 79
26 126
26 36
26 103
26 80
26 114
26 39
26 82
26 83
26 104
26 40
26 84
26 41
26 42
26 105
26 44
26 45
26 86
26 106
26 47
26 48
26 87
26 50
26 51
26 89
26 53
26 54
26 90
26 55
26 117
26 91
26 57
26 60
26 109
26 93
27 64
27 65
27 66
27 94
27 95
27 111
27 71
27 125
27 73
27 119
27 112
27 120
27 99
27 75
27 122
27 29
27 31
27 101
27 113
27 32
27 102
27 78
27 126
27 81
27 38
27 114
27 39
27 82
27 104
27 85
27 43
27 86
27 106
27 47
27 48
27 87
27 49
27 88
27 90
27 55
27 56
27 117
27 127
27 60
27 93
27 61
28 110
28 63
28 64
28 66
28 95
28 111
28 71
28 96
28 72
28 74
28 120
28 76
28 121
28 77
28 31
28 101
28 113
28 102
28 35
28 80
28 114
28 39
28 116
28 104
28 40
28 85
28 42
28 43
28 45
28 86
28 106
28 47
28 50
28 51
28 89
28 52
28 53
28 55
28 56
28 127
28 107
28 108
28 109
29 62
29 67
29 68
29 111
29 71
29 96
29 72
29 119
29 120
29 99
29 100
29 76
29 123
29 30
29 31
29 113
29 102
29 33
29 35
29 126
29 36
29 103
29 80
29 38
29 114
29 39
29 83
29 85
29 42
29 105
29 43
29 45
29 106
29 47
29 50
29 88
29 89
29 90
29 127
29 107
29 108
29 58
29 59
29 60
29 109
29 92
29 93
29 61
29 54
29 44
29 97
29 48
29 52
30 63
30 65
30 66
30 69
30 70
30 96
30 119
30 112
30 97
30 120
30 99
30 75
30 76
30 124
30 122
30 101
30 102
30 78
30 34
30 126
30 36
30 103
30 37
30 38
30 114
30 39
30 83
30 115
30 104
30 41
30 42
30 86
30 106
30 47
30 48
30 49
30 50
30 88
30 51
30 52
30 90
30 117
30 127
30 59
30 60
30 109
30 93
31 62
31 110
31 63
31 64
31 65
31 66
31 67
31 94
31 95
31 68
31 70
31 125
31 96
31 72
31 112
31 120
31 124
31 122
31 77
31 123
31 101
31 32
31 102
31 33
31 78
31 34
31 79
31 36
31 103
31 38
31 82
31 105
31 43
31 44
31 45
31 46
31 86
31 49
31 50
31 88
31 51
31 53
31 55
31 127
31 107
31 108
31 59
31 60
31 92
31 93
32 63
32 64
32 66
32 95
32 68
32 71
32 73
32 119
32 112
32 98
32 75
32 122
32 77
32 113
32 35
32 103
32 37
32 80
32 38
32 39
32 82
32 116
32 84
32 85
32 48
32 87
32 49
32 88
32 51
32 89
32 53
32 54
32 90
32 91
32 127
32 57
32 107
32 108
32 58
32 59
33 62
33 110
33 63
33 64
33 65
33 94
33 95
33 111
33 71
33 125
33 72
33 74
33 98
33 99
33 100
33 122
33 123
33 113
33 34
33 35
33 79
33 36
33 80
33 81
33 38
33 114
33 39
33 83
33 115
33 40
33 84
33 85
33 41
33 42
33 44
33 47
33 50
33 51
33 89
33 52
33 53
33 56
33 107
33 60
33 109
33 92
33 93
33 118
34 63
34 65
34 95
34 69
34 125
34 72
34 73
34 74
34 120
34 99
34 121
34 124
34 122
34 77
34 113
34 78
34 35
34 36
34 80
34 81
34 38
34 115
34 116
34 41
34 105
34 44
34 45
34 46
34 106
34 87
34 50
34 51
34 52
34 53
34 90
34 127
34 57
34 108
34 59
34 60
34 109
34 92
35 64
35 95
35 68
35 69
35 70
35 111
35 71
35 125
35 96
35 97
35 120
35 121
35 124
35 122
35 113
35 102
35 78
35 103
35 81
35 83
35 115
35 116
35 84
35 41
35 44
35 45
35 46
35 86
35 106
35 87
35 49
35 50
35 51
35 52
35 55
35 117
35 91
35 107
35 58
35 59
35 60
35 109
35 92
36 62
36 64
36 65
36 68
36 111
36 71
36 125
36 96
36 72
36 73
36 74
36 112
36 97
36 98
36 120
36 99
36 75
36 76
36 122
36 123
36 101
36 79
36 126
36 103
36 80
36 81
36 114
36 83
36 115
36 116
36 84
36 41
36 105
36 43
36 44
36 46
36 86
36 106
36 48
36 87
36 49
36 89
36 53
36 90
36 56
36 91
36 107
36 58
36 92
36 93
36 118
37 62
37 110
37 63
37 64
37 65
37 94
37 95
37 69
37 70
37 125
37 73
37 74
37 112
37 120
37 75
37 76
37 124
37 79
37 126
37 80
37 38
37 39
37 116
37 104
37 40
37 85
37 44
37 45
37 46
37 47
37 87
37 50
37 88
37 51
37 89
37 53
37 54
37 90
37 55
37 56
37 117
37 127
37 59
37 60
37 93
37 118
38 110
38 63
38 64
38 67
38 68
38 111
38 71
38 125
38 96
38 74
38 97
38 98
38 120
38 75
38 100
38 77
38 101
38 113
38 78
38 126
38 103
38 114
38 39
38 82
38 83
38 116
38 104
38 85
38 41
38 105
38 43
38 106
38 50
38 53
38 54
38 90
38 56
38 117
38 91
38 127
38 57
38 107
38 58
38 59
38 60
38 109
38 92
38 93
38 61
38 118
39 62
39 63
39 64
39 65
39 66
39 95
39 68
39 69
39 70
39 111
39 71
39 73
39 97
39 120
39 75
39 100
39 76
39 122
39 101
39 78
39 79
39 126
39 103
39 80
39 114
39 82
39 83
39 115
39 40
39 84
39 41
39 42
39 43
39 45
39 86
39 106
39 47
39 50
39 51
39 53
39 54
39 90
39 56
39 117
39 127
39 57
39 58
39 109
39 92
39 93
39 44
39 48
39 52
39 61
39 72
40 110
40 65
40 66
40 94
40 95
40 70
40 111
40 72
40 73
40 98
40 75
40 124
40 101
40 113
40 79
40 103
40 114
40 83
40 115
40 42
40 105
40 45
40 106
40 49
40 50
40 51
40 89
40 54
40 90
40 56
40 117
40 127
40 107
40 108
40 58
40 59
40 60
40 92
41 62
41 110
41 65
41 68
41 70
41 111
41 72
41 119
41 99
41 75
41 100
41 121
41 124
41 77
41 123
41 102
41 81
41 82
41 115
41 116
41 85
41 42
41 43
41 44
41 45
41 46
41 86
41 47
41 48
41 50
41 88
41 51
41 89
41 56
41 117
41 127
41 107
41 108
41 58
41 60
41 61
42 62
42 110
42 63
42 65
42 66
42 94
42 68
42 111
42 125
42 96
42 72
42 73
42 119
42 98
42 99
42 75
42 100
42 76
42 122
42 101
42 78
42 126
42 80
42 81
42 114
42 83
42 104
42 85
42 44
42 46
42 86
42 106
42 48
42 87
42 50
42 51
42 89
42 53
42 56
42 107
42 108
42 58
42 93
42 118
43 62
43 64
43 66
43 95
43 68
43 70
43 73
43 74
43 112
43 97
43 120
43 99
43 100
43 124
43 122
43 113
43 102
43 79
43 126
43 80
43 114
43 82
43 115
43 116
43 104
43 85
43 46
43 48
43 87
43 89
43 53
43 90
43 56
43 117
43 127
43 57
43 107
43 108
43 60
43 92
43 118
44 62
44 63
44 65
44 66
44 67
44 68
44 70
44 111
44 96
44 73
44 74
44 119
44 112
44 97
44 98
44 120
44 100
44 121
44 124
44 113
44 102
44 81
44 83
44 115
44 104
44 84
44 105
44 86
44 48
44 49
44 51
44 89
44 52
44 54
44 108
44 92
44 61
44 118
44 47
44 50
44 76
44 71
44 72
45 110
45 63
45 64
45 65
45 69
45 70
45 71
45 125
45 73
45 74
45 120
45 99
45 100
45 121
45 124
45 101
45 113
45 102
45 81
45 114
45 82
45 83
45 116
45 85
45 86
45 106
45 87
45 88
45 51
45 56
45 91
45 127
45 107
45 108
45 59
45 60
45 93
46 62
46 110
46 64
46 65
46 67
46 95
46 68
46 70
46 111
46 71
46 96
46 73
46 74
46 119
46 98
46 120
46 99
46 75
46 100
46 122
46 123
46 101
46 113
46 103
46 80
46 114
46 116
46 85
46 106
46 47
46 49
46 50
46 88
46 51
46 89
46 53
46 54
46 56
46 117
46 57
46 108
46 109
46 61
46 118
47 62
47 110
47 67
47 94
47 95
47 68
47 70
47 111
47 112
47 120
47 76
47 77
47 102
47 78
47 126
47 103
47 114
47 83
47 116
47 104
47 84
47 85
47 105
47 106
47 48
47 50
47 51
47 89
47 52
47 90
47 56
47 117
47 91
47 107
47 58
47 59
47 60
47 92
47 61
47 118
47 54
47 97
47 71
47 72
48 110
48 63
48 65
48 67
48 73
48 100
48 121
48 124
48 123
48 113
48 103
48 81
48 83
48 115
48 116
48 104
48 84
48 85
48 105
48 86
48 87
48 49
48 88
48 51
48 89
48 52
48 56
48 127
48 57
48 107
48 60
48 109
48 93
48 61
48 50
48 111
48 68
48 76
48 54
48 97
48 71
48 72
49 65
49 66
49 67
49 94
49 68
49 69
49 111
49 72
49 73
49 74
49 120
49 75
49 100
49 76
49 121
49 124
49 122
49 123
49 101
49 113
49 79
49 126
49 103
49 80
49 114
49 82
49 83
49 116
49 106
49 87
49 50
49 89
49 53
49 54
49 90
49 56
49 91
49 127
49 58
49 59
49 118
50 62
50 65
50 66
50 67
50 68
50 111
50 125
50 96
50 72
50 73
50 74
50 120
50 75
50 100
50 76
50 124
50 122
50 77
50 101
50 78
50 126
50 83
50 115
50 116
50 87
50 89
50 53
50 54
50 56
50 91
50 127
50 107
50 60
50 109
50 61
50 118
50 97
50 71
50 52
51 62
51 110
51 66
51 67
51 94
51 95
51 68
51 70
51 111
51 125
51 96
51 73
51 119
51 112
51 120
51 100
51 76
51 78
51 126
51 103
51 114
51 116
51 104
51 84
51 85
51 105
51 86
51 87
51 54
51 55
51 91
51 127
51 57
51 108
51 58
51 59
51 60
51 93
51 118
52 62
52 110
52 64
52 95
52 71
52 96
52 72
52 112
52 120
52 75
52 76
52 124
52 77
52 101
52 79
52 103
52 114
52 83
52 115
52 116
52 104
52 84
52 86
52 106
52 53
52 54
52 90
52 55
52 107
52 59
52 92
52 93
52 111
52 68
52 97
52 61
53 62
53 110
53 64
53 65
53 66
53 94
53 68
53 111
53 71
53 125
53 96
53 73
53 112
53 97
53 99
53 76
53 77
53 101
53 113
53 78
53 80
53 114
53 82
53 83
53 116
53 104
53 84
53 85
53 105
53 87
53 89
53 54
53 90
53 55
53 56
53 127
53 57
53 108
53 60
53 109
53 93
54 64
54 66
54 67
54 94
54 95
54 68
54 96
54 74
54 112
54 120
54 75
54 121
54 122
54 77
54 101
54 80
54 81
54 82
54 115
54 104
54 105
54 88
54 89
54 90
54 55
54 127
54 107
54 58
54 92
54 111
54 83
54 76
54 97
54 71
54 61
54 72
55 62
55 63
55 66
55 67
55 69
55 111
55 125
55 72
55 73
55 119
55 120
55 99
55 100
55 121
55 122
55 77
55 123
55 102
55 78
55 103
55 81
55 114
55 83
55 84
55 105
55 86
55 87
55 88
55 89
55 90
55 91
55 107
55 60
55 93
56 110
56 63
56 66
56 67
56 68
56 69
56 111
56 71
56 125
56 72
56 73
56 119
56 112
56 97
56 98
56 120
56 99
56 75
56 122
56 77
56 101
56 113
56 79
56 103
56 81
56 114
56 82
56 116
56 104
56 84
56 85
56 105
56 86
56 106
56 87
56 88
56 90
56 117
56 91
56 127
56 108
56 60
56 118
57 110
57 63
57 66
57 94
57 95
57 70
57 74
57 119
57 112
57 98
57 120
57 99
57 100
57 121
57 77
57 123
57 113
57 126
57 80
57 81
57 114
57 83
57 115
57 105
57 86
57 106
57 87
57 88
57 89
57 90
57 91
57 127
57 59
57 93
57 61
58 62
58 63
58 64
58 65
58 66
58 95
58 68
58 69
58 70
58 111
58 71
58 125
58 73
58 74
58 99
58 75
58 121
58 124
58 122
58 123
58 102
58 78
58 79
58 126
58 81
58 115
58 116
58 104
58 86
58 87
58 88
58 89
58 90
58 91
58 127
58 92
58 93
58 61
58 118
59 63
59 64
59 67
59 94
59 68
59 69
59 70
59 111
59 125
59 96
59 119
59 112
59 97
59 120
59 100
59 76
59 124
59 122
59 123
59 101
59 102
59 126
59 81
59 82
59 115
59 84
59 105
59 86
59 106
59 87
59 88
59 89
59 117
59 127
59 107
59 108
59 93
59 118
60 110
60 65
60 66
60 67
60 69
60 70
60 125
60 74
60 119
60 112
60 75
60 124
60 123
60 101
60 81
60 114
60 82
60 85
60 86
60 106
60 87
60 117
60 127
60 107
60 108
60 109
60 92
60 93
61 65
61 67
61 68
61 69
61 119
61 98
61 120
61 100
61 124
61 101
61 78
61 79
61 126
61 81
61 83
61 116
61 104
61 105
61 106
61 107
61 93
61 118
61 111
61 76
61 97
61 71
61 72
62 110
62 63
62 64
62 68
62 70
62 111
62 125
62 96
62 74
62 119
62 112
62 97
62 99
62 75
62 100
62 121
62 124
62 122
62 77
62 123
62 102
62 126
62 103
62 81
62 82
62 83
62 115
62 116
62 104
62 84
62 85
62 105
62 86
62 87
62 91
62 107
63 110
63 64
63 67
63 94
63 69
63 70
63 111
63 125
63 96
63 72
63 73
63 119
63 97
63 98
63 120
63 99
63 75
63 100
63 121
63 122
63 77
63 123
63 101
63 113
63 79
63 126
63 103
63 80
63 81
63 83
63 115
63 84
63 86
63 106
63 87
63 88
63 89
63 108
63 118
64 110
64 66
64 67
64 94
64 95
64 111
64 112
64 97
64 120
64 75
64 100
64 121
64 124
64 122
64 77
64 113
64 79
64 83
64 115
64 116
64 84
64 105
64 106
64 89
64 90
64 117
64 91
64 108
64 92
65 70
65 111
65 125
65 119
65 99
65 75
65 100
65 121
65 77
65 123
65 102
65 126
65 81
65 82
65 116
65 85
65 87
65 91
65 94
65 95
65 69
65 72
65 98
65 79
65 80
65 114
65 106
65 117
65 92
65 93
65 118
66 110
66 68
66 111
66 96
66 119
66 97
66 99
66 100
66 121
66 123
66 102
66 115
66 87
66 107
66 71
66 101
66 113
66 79
66 114
66 106
66 89
66 90
66 117
66 109
66 92
66 93
67 68
67 111
67 125
67 119
67 97
67 75
67 100
67 121
67 126
67 103
67 82
67 83
67 115
67 84
67 85
67 86
67 91
67 94
67 69
67 71
67 72
67 98
67 76
67 101
67 113
67 80
67 106
67 88
67 90
67 117
67 127
67 108
67 92
67 118
68 110
68 69
68 70
68 111
68 97
68 99
68 100
68 76
68 122
68 77
68 123
68 113
68 102
68 79
68 126
68 103
68 80
68 81
68 83
68 115
68 104
68 85
68 106
68 87
68 88
68 89
68 91
68 107
68 109
68 92
68 71
68 72
69 70
69 111
69 75
69 122
69 102
69 82
69 83
69 84
69 85
69 105
69 91
69 107
69 94
69 95
69 72
69 73
69 98
69 120
69 76
69 78
69 106
69 88
69 89
69 108
69 92
70 95
70 111
70 73
70 119
70 112
70 120
70 75
70 100
70 121
70 122
70 77
70 101
70 102
70 81
70 114
70 82
70 115
70 104
70 84
70 86
70 87
70 117
70 127
70 107
70 108
70 92
70 93
70 118
71 111
71 96
71 97
71 124
71 123
71 102
71 103
71 83
71 87
71 91
71 94
71 72
71 120
71 113
71 78
71 79
71 114
71 90
71 108
71 109
71 118
71 76
72 111
72 74
72 119
72 75
72 100
72 124
72 122
72 123
72 126
72 103
72 84
72 98
72 76
72 114
72 90
72 83
72 97
73 111
73 125
73 96
73 74
73 97
73 99
73 77
73 123
73 102
73 103
73 81
73 83
73 115
73 116
73 104
73 84
73 86
73 87
73 107
73 94
73 95
73 120
73 76
73 101
73 79
73 114
73 90
73 117
73 127
73 108
73 109
73 93
74 111
74 96
74 95
74 112
74 98
74 120
74 75
74 76
74 122
74 123
74 113
74 102
74 78
74 80
74 81
74 114
74 82
74 83
74 116
74 106
74 87
74 88
74 90
74 117
74 91
74 108
75 111
75 94
75 98
75 76
75 124
75 77
75 123
75 101
75 102
75 78
75 79
75 80
75 81
75 83
75 115
75 86
75 106
75 87
75 89
75 90
75 117
75 91
75 127
75 107
75 108
75 93
75 118
76 111
76 125
76 112
76 97
76 99
76 100
76 121
76 124
76 123
76 102
76 126
76 83
76 104
76 84
76 85
76 86
76 91
76 95
76 120
76 101
76 113
76 78
76 80
76 90
76 117
76 92
76 93
77 111
77 125
77 119
77 99
77 124
77 95
77 120
77 113
77 102
77 80
77 81
77 114
77 82
77 83
77 115
77 84
77 106
77 87
77 88
77 90
77 127
77 93
77 118
78 111
78 125
78 99
78 100
78 124
78 126
78 103
78 81
78 82
78 83
78 115
78 85
78 105
78 86
78 87
78 107
78 95
78 98
78 79
78 114
78 117
78 108
78 93
78 118
79 125
79 96
79 119
79 99
79 123
79 115
79 84
79 85
79 105
79 87
79 107
79 94
79 101
79 113
79 114
79 88
79 89
79 90
79 127
80 96
80 119
80 112
80 97
80 99
80 121
80 123
80 102
80 103
80 81
80 82
80 115
80 116
80 84
80 85
80 105
80 86
80 87
80 107
80 94
80 101
80 113
80 106
80 88
80 90
80 108
80 92
81 110
81 111
81 125
81 119
81 97
81 100
81 121
81 124
81 102
81 126
81 94
81 101
81 113
81 114
81 82
81 83
81 115
81 84
81 105
81 106
81 87
81 88
81 89
81 90
81 117
81 91
81 107
81 108
81 109
82 96
82 112
82 97
82 99
82 100
82 124
82 122
82 103
82 94
82 98
82 101
82 113
82 114
82 83
82 84
82 86
82 106
82 88
82 89
82 90
82 117
82 127
82 107
82 109
82 92
82 93
82 118
83 110
83 111
83 96
83 119
83 99
83 121
83 124
83 102
83 103
83 95
83 120
83 101
83 84
83 85
83 86
83 106
83 87
83 89
83 90
83 117
83 107
83 109
83 93
83 97
84 111
84 125
84 96
84 123
84 103
84 115
84 116
84 104
84 101
84 113
84 114
84 85
84 106
84 87
84 89
84 90
84 117
84 127
84 107
84 109
84 92
84 93
84 118
85 110
85 111
85 96
85 97
85 99
85 100
85 121
85 124
85 123
85 103
85 116
85 95
85 98
85 120
85 101
85 113
85 114
85 105
85 86
85 88
85 127
85 108
85 93
85 118
86 110
86 111
86 125
86 96
86 119
86 112
86 100
86 122
86 123
86 126
86 115
86 116
86 105
86 113
86 114
86 87
86 88
86 90
86 117
86 108
86 109
86 92
86 118
87 111
87 125
87 96
87 97
87 99
87 100
87 124
87 102
87 126
87 115
87 116
87 104
87 105
87 94
87 95
87 101
87 113
87 90
87 91
87 127
87 107
87 108
87 118
88 110
88 125
88 96
88 121
88 122
88 123
88 102
88 115
88 105
88 107
88 94
88 98
88 113
88 114
88 89
88 90
88 127
88 108
88 109
89 111
89 96
89 100
89 121
89 124
89 122
89 123
89 103
89 115
89 116
89 105
89 91
89 94
89 120
89 101
89 114
89 117
89 108
89 109
89 92
90 111
90 96
90 112
90 97
90 100
90 121
90 124
90 122
90 103
90 115
90 116
90 105
90 91
90 107
90 95
90 120
90 101
90 114
91 110
91 112
91 124
91 122
91 123
91 115
91 116
91 104
91 98
91 120
91 101
91 117
91 107
91 108
91 118
92 110
92 125
92 119
92 112
92 99
92 100
92 121
92 123
92 102
92 126
92 105
92 94
92 95
92 101
92 114
92 106
92 127
92 108
93 125
93 99
93 121
93 124
93 123
93 126
93 94
93 120
93 113
93 114
93 106
93 117
93 109
93 118
94 111
94 112
94 97
94 124
94 102
94 103
94 98
94 101
94 106
94 117
94 127
94 109
95 125
95 100
95 121
95 122
95 102
95 116
95 104
95 120
95 113
95 117
95 127
95 108
95 109
96 110
96 111
96 119
96 97
96 120
96 99
96 100
96 121
96 124
96 122
96 113
96 102
96 126
96 103
96 114
96 115
96 116
96 105
96 106
96 117
96 107
96 108
97 125
97 120
97 99
97 100
97 124
97 123
97 101
97 113
97 126
97 114
97 115
97 116
97 104
97 127
97 107
97 108
97 111
98 110
98 111
98 119
98 112
98 99
98 100
98 126
98 103
98 115
98 116
98 105
98 107
98 120
98 106
98 127
98 118
99 110
99 112
99 121
99 123
99 101
99 103
99 114
99 116
99 106
99 117
99 107
100 110
100 125
100 119
100 120
100 121
100 124
100 123
100 101
100 113
100 115
100 104
100 106
100 107
100 118
101 125
101 112
101 121
101 124
101 102
101 103
101 104
101 105
101 113
101 106
101 117
101 108
101 109
101 118
102 111
102 122
102 123
102 120
102 113
102 126
102 116
102 104
102 107
102 108
102 109
103 110
103 119
103 112
103 123
103 114
103 105
103 106
103 108
103 109
104 125
104 112
104 124
104 123
104 126
104 116
104 105
104 127
104 107
104 109
105 121
105 124
105 123
105 113
105 114
105 127
105 107
105 109
106 110
106 112
106 121
106 123
106 107
106 120
106 113
106 114
106 117
106 127
106 109
107 125
107 121
107 122
107 126
107 115
107 108
108 110
108 125
108 119
108 124
108 123
108 126
108 115
108 116
108 120
108 109
108 118
109 110
109 119
109 121
109 124
109 122
109 123
109 126
109 115
109 116
109 120
109 114
109 118
110 119
110 112
110 120
110 121
110 122
110 123
110 113
110 126
110 115
110 116
110 117
110 118
111 125
111 112
111 113
111 117
111 127
111 118
112 125
112 122
112 113
112 114
112 115
112 117
113 125
113 121
113 124
113 123
113 120
113 114
113 127
114 122
114 116
114 120
114 117
115 125
115 121
115 124
115 116
115 127
115 118
116 119
116 121
116 123
116 126
116 120
116 118
117 123
117 120
117 118
118 119
118 124
118 127
119 124
119 122
119 127
120 125
120 124
120 122
120 123
120 126
120 127
121 125
121 127
122 125
122 127
123 125
123 126
124 125
124 127
125 127
