0 1
0 2
0 3
0 4
0 5
0 6
0 7
0 8
0 9
0 10
0 11
0 12
0 13
0 14
0 15
0 16
0 17
0 18
0 19
0 20
0 21
0 22
0 23
0 24
0 25
0 26
0 27
0 28
0 29
0 30
0 31
0 32
0 33
0 34
0 35
0 36
0 37
0 38
0 39
0 40
0 41
0 42
0 43
0 44
0 45
0 46
0 47
0 48
0 49
0 50
0 51
0 52
0 53
0 54
0 55
0 56
0 58
0 59
0 60
0 61
0 62
0 63
0 64
0 65
0 66
1 67
1 68
1 69
1 70
1 71
1 2
1 3
1 6
1 8
1 10
1 72
1 13
1 73
1 74
1 14
1 75
1 15
1 76
1 16
1 17
1 77
1 20
1 21
1 22
1 23
1 78
1 24
1 25
1 79
1 80
1 81
1 27
1 30
1 32
1 82
1 33
1 34
1 36
1 39
1 83
1 84
1 85
1 86
1 87
1 40
1 88
1 41
1 89
1 90
1 44
1 91
1 45
1 48
1 92
1 53
1 55
1 93
1 94
1 95
1 57
1 96
1 97
1 98
1 62
1 63
1 64
1 99
1 100
1 66
1 4
1 35
1 106
1 113
1 65
1 125
2 67
2 69
2 71
2 4
2 5
2 8
2 9
2 72
2 12
2 13
2 101
2 14
2 102
2 16
2 77
2 20
2 21
2 78
2 103
2 24
2 104
2 105
2 79
2 80
2 81
2 27
2 28
2 106
2 30
2 31
2 32
2 107
2 34
2 108
2 38
2 39
2 109
2 84
2 86
2 43
2 110
2 91
2 47
2 48
2 111
2 112
2 49
2 50
2 92
2 113
2 55
2 56
2 95
2 64
2 114
2 65
2 115
2 35
2 57
2 94
2 125
3 67
3 69
3 70
3 4
3 6
3 8
3 9
3 72
3 116
3 11
3 12
3 73
3 101
3 74
3 15
3 76
3 102
3 16
3 117
3 17
3 77
3 20
3 21
3 22
3 26
3 105
3 79
3 81
3 27
3 28
3 118
3 30
3 31
3 33
3 34
3 35
3 39
3 84
3 85
3 86
3 87
3 40
3 88
3 89
3 90
3 44
3 91
3 45
3 119
3 48
3 111
3 49
3 50
3 113
3 93
3 59
3 60
3 96
3 97
3 98
3 61
3 62
3 120
3 64
3 114
3 65
3 121
3 66
4 67
4 68
4 71
4 8
4 116
4 12
4 13
4 73
4 101
4 15
4 76
4 122
4 102
4 117
4 17
4 77
4 18
4 20
4 78
4 123
4 24
4 25
4 104
4 80
4 27
4 106
4 118
4 32
4 34
4 36
4 37
4 38
4 39
4 109
4 83
4 110
4 46
4 119
4 48
4 49
4 50
4 51
4 92
4 55
4 94
4 95
4 58
4 60
4 96
4 61
4 120
4 63
4 64
4 115
4 21
4 86
4 35
4 57
4 113
4 65
4 125
5 68
5 70
5 71
5 6
5 7
5 8
5 9
5 10
5 116
5 11
5 12
5 13
5 73
5 101
5 14
5 124
5 122
5 102
5 17
5 18
5 22
5 78
5 103
5 24
5 25
5 26
5 105
5 125
5 79
5 80
5 27
5 118
5 31
5 32
5 33
5 108
5 36
5 84
5 85
5 87
5 40
5 88
5 41
5 110
5 45
5 46
5 119
5 48
5 49
5 126
5 92
5 113
5 54
5 55
5 93
5 56
5 95
5 57
5 97
5 98
5 61
5 62
5 120
5 64
5 99
5 114
5 100
5 65
5 121
5 66
6 68
6 69
6 10
6 72
6 116
6 12
6 13
6 124
6 75
6 15
6 76
6 102
6 16
6 117
6 77
6 19
6 23
6 24
6 104
6 26
6 81
6 27
6 28
6 106
6 118
6 31
6 32
6 36
6 39
6 109
6 83
6 84
6 85
6 86
6 88
6 90
6 42
6 44
6 91
6 127
6 49
6 50
6 92
6 53
6 93
6 94
6 95
6 60
6 96
6 98
6 61
6 120
6 64
6 114
6 121
7 67
7 70
7 71
7 11
7 73
7 101
7 14
7 124
7 17
7 18
7 19
7 20
7 21
7 23
7 78
7 123
7 25
7 105
7 79
7 80
7 81
7 27
7 106
7 30
7 31
7 82
7 107
7 108
7 35
7 36
7 38
7 84
7 85
7 86
7 87
7 40
7 90
7 43
7 44
7 46
7 119
7 48
7 127
7 112
7 126
7 50
7 54
7 93
7 94
7 59
7 96
7 98
7 62
7 64
7 99
7 114
7 100
7 115
7 66
8 69
8 70
8 10
8 13
8 101
8 124
8 117
8 20
8 21
8 103
8 123
8 25
8 125
8 79
8 81
8 27
8 29
8 106
8 31
8 107
8 34
8 36
8 39
8 109
8 83
8 86
8 87
8 88
8 44
8 91
8 45
8 47
8 127
8 51
8 113
8 53
8 56
8 94
8 59
8 61
8 99
8 100
8 55
8 92
8 24
8 32
8 35
8 57
8 65
9 67
9 71
9 72
9 11
9 12
9 73
9 101
9 14
9 124
9 17
9 77
9 23
9 78
9 103
9 123
9 24
9 104
9 79
9 81
9 27
9 28
9 29
9 33
9 35
9 37
9 109
9 84
9 40
9 88
9 110
9 45
9 46
9 111
9 126
9 52
9 53
9 96
9 97
9 98
9 61
9 62
9 63
9 114
9 115
9 121
9 66
10 70
10 72
10 73
10 101
10 74
10 124
10 75
10 76
10 122
10 16
10 17
10 77
10 19
10 20
10 21
10 22
10 123
10 24
10 125
10 79
10 80
10 27
10 28
10 106
10 118
10 30
10 33
10 35
10 38
10 39
10 109
10 83
10 41
10 91
10 119
10 47
10 48
10 127
10 112
10 49
10 126
10 50
10 93
10 59
10 60
10 96
10 97
10 98
10 61
10 62
10 64
10 114
10 115
10 121
10 66
11 69
11 70
11 71
11 116
11 12
11 73
11 101
11 74
11 102
11 117
11 17
11 18
11 20
11 21
11 78
11 104
11 26
11 79
11 81
11 27
11 29
11 31
11 107
11 38
11 109
11 85
11 40
11 88
11 41
11 90
11 42
11 44
11 91
11 46
11 47
11 48
11 49
11 113
11 53
11 54
11 93
11 94
11 59
11 60
11 96
11 97
11 98
11 61
11 62
11 63
11 64
11 114
11 100
11 115
11 121
12 116
12 13
12 73
12 101
12 74
12 14
12 75
12 122
12 117
12 17
12 19
12 20
12 21
12 22
12 123
12 24
12 125
12 79
12 29
12 118
12 31
12 32
12 33
12 38
12 109
12 83
12 87
12 40
12 88
12 41
12 110
12 91
12 45
12 46
12 119
12 47
12 48
12 49
12 126
12 51
12 113
12 53
12 93
12 95
12 57
12 60
12 96
12 97
12 98
12 62
12 120
12 99
12 66
13 69
13 70
13 71
13 72
13 73
13 101
13 14
13 75
13 15
13 76
13 16
13 77
13 18
13 21
13 23
13 24
13 25
13 104
13 105
13 125
13 80
13 81
13 27
13 28
13 118
13 31
13 107
13 34
13 108
13 35
13 38
13 109
13 83
13 85
13 86
13 87
13 40
13 41
13 89
13 42
13 43
13 91
13 119
13 48
13 112
13 50
13 51
13 92
13 113
13 53
13 54
13 55
13 93
13 95
13 60
13 96
13 97
13 61
13 120
13 64
13 99
13 114
13 115
13 66
13 32
13 57
13 94
13 106
13 65
14 69
14 72
14 116
14 73
14 101
14 74
14 75
14 15
14 122
14 16
14 18
14 20
14 23
14 103
14 24
14 25
14 26
14 105
14 81
14 27
14 29
14 118
14 32
14 34
14 108
14 37
14 38
14 39
14 109
14 90
14 43
14 44
14 110
14 91
14 46
14 119
14 127
14 112
14 49
14 126
14 50
14 51
14 92
14 54
14 55
14 56
14 94
14 58
14 96
14 61
14 63
14 114
14 115
14 66
15 70
15 71
15 72
15 116
15 73
15 124
15 76
15 16
15 77
15 18
15 21
15 78
15 123
15 25
15 26
15 105
15 81
15 29
15 118
15 30
15 34
15 108
15 39
15 109
15 86
15 41
15 89
15 42
15 43
15 110
15 91
15 119
15 47
15 48
15 127
15 112
15 49
15 50
15 92
15 54
15 55
15 56
15 95
15 60
15 98
15 61
15 62
15 99
15 100
15 115
15 121
15 66
16 67
16 69
16 71
16 72
16 116
16 73
16 101
16 124
16 76
16 122
16 117
16 20
16 21
16 22
16 24
16 104
16 125
16 79
16 80
16 81
16 28
16 106
16 118
16 33
16 39
16 85
16 87
16 90
16 42
16 43
16 91
16 47
16 127
16 112
16 49
16 51
16 113
16 93
16 56
16 58
16 59
16 60
16 97
16 98
16 63
16 99
16 114
16 65
16 121
17 67
17 68
17 71
17 116
17 73
17 101
17 75
17 18
17 22
17 78
17 103
17 123
17 25
17 80
17 81
17 29
17 106
17 32
17 33
17 37
17 38
17 109
17 83
17 84
17 87
17 40
17 41
17 43
17 91
17 45
17 46
17 48
17 112
17 126
17 52
17 92
17 54
17 56
17 58
17 59
17 96
17 61
17 63
17 64
17 99
17 114
17 100
17 115
17 121
18 67
18 71
18 72
18 73
18 101
18 124
18 122
18 117
18 19
18 20
18 21
18 22
18 23
18 78
18 103
18 24
18 25
18 104
18 26
18 105
18 80
18 27
18 29
18 118
18 31
18 107
18 33
18 34
18 37
18 38
18 39
18 109
18 84
18 86
18 87
18 40
18 89
18 42
18 47
18 48
18 111
18 112
18 49
18 50
18 92
18 54
18 56
18 95
18 59
18 60
18 96
18 97
18 98
18 120
18 64
18 99
18 121
19 68
19 72
19 116
19 73
19 101
19 74
19 77
19 21
19 22
19 23
19 78
19 103
19 123
19 24
19 25
19 79
19 80
19 81
19 27
19 29
19 31
19 33
19 108
19 39
19 109
19 83
19 84
19 85
19 87
19 88
19 42
19 43
19 44
19 110
19 45
19 47
19 48
19 112
19 49
19 52
19 92
19 113
19 55
19 93
19 94
19 57
19 58
19 59
19 96
19 97
19 98
19 61
19 120
19 63
19 64
19 99
19 65
19 115
19 121
19 66
20 67
20 69
20 70
20 72
20 116
20 74
20 124
20 75
20 76
20 102
20 123
20 24
20 104
20 26
20 105
20 125
20 79
20 80
20 81
20 27
20 28
20 30
20 31
20 36
20 38
20 39
20 109
20 83
20 40
20 88
20 90
20 42
20 43
20 110
20 45
20 46
20 48
20 49
20 52
20 92
20 53
20 54
20 93
20 95
20 57
20 59
20 97
20 61
20 64
20 65
21 116
21 124
21 76
21 122
21 102
21 22
21 103
21 24
21 104
21 79
21 80
21 27
21 106
21 107
21 33
21 34
21 36
21 39
21 109
21 83
21 84
21 86
21 87
21 89
21 90
21 42
21 44
21 110
21 126
21 52
21 92
21 113
21 54
21 55
21 94
21 95
21 59
21 97
21 63
21 64
21 99
21 65
21 32
21 35
21 57
21 125
22 67
22 116
22 101
22 124
22 75
22 76
22 102
22 117
22 25
22 26
22 105
22 79
22 81
22 27
22 28
22 106
22 118
22 30
22 32
22 83
22 85
22 89
22 43
22 110
22 45
22 119
22 127
22 112
22 49
22 126
22 51
22 113
22 53
22 54
22 55
22 56
22 94
22 95
22 57
22 59
22 61
22 64
22 100
22 115
22 66
23 67
23 71
23 72
23 116
23 73
23 101
23 74
23 75
23 122
23 102
23 117
23 77
23 78
23 123
23 24
23 25
23 105
23 125
23 79
23 80
23 29
23 118
23 30
23 32
23 82
23 33
23 35
23 38
23 39
23 109
23 83
23 84
23 85
23 87
23 41
23 42
23 43
23 110
23 91
23 45
23 47
23 111
23 127
23 112
23 49
23 126
23 53
23 54
23 93
23 56
23 94
23 58
23 60
23 120
23 63
23 64
23 99
23 65
23 66
24 67
24 71
24 116
24 73
24 101
24 74
24 76
24 103
24 123
24 125
24 79
24 80
24 81
24 27
24 29
24 106
24 34
24 35
24 39
24 83
24 84
24 85
24 86
24 89
24 42
24 43
24 44
24 45
24 46
24 119
24 47
24 127
24 112
24 50
24 51
24 92
24 113
24 53
24 55
24 56
24 58
24 59
24 60
24 96
24 97
24 98
24 120
24 114
24 100
24 65
24 115
24 121
24 66
24 32
24 57
24 94
25 67
25 68
25 70
25 73
25 101
25 124
25 105
25 81
25 27
25 28
25 106
25 118
25 30
25 31
25 33
25 108
25 36
25 37
25 39
25 109
25 83
25 84
25 85
25 86
25 87
25 88
25 89
25 90
25 42
25 43
25 44
25 119
25 111
25 112
25 126
25 51
25 55
25 56
25 60
25 96
25 98
25 61
25 99
25 115
25 121
25 66
26 70
26 72
26 124
26 75
26 123
26 105
26 81
26 28
26 29
26 106
26 32
26 82
26 107
26 34
26 108
26 35
26 36
26 37
26 40
26 90
26 42
26 43
26 110
26 91
26 119
26 48
26 111
26 50
26 51
26 113
26 93
26 95
26 58
26 59
26 60
26 96
26 97
26 98
26 62
26 64
26 114
26 65
26 115
27 72
27 73
27 74
27 75
27 76
27 122
27 102
27 78
27 123
27 104
27 105
27 79
27 80
27 81
27 106
27 118
27 32
27 82
27 33
27 34
27 37
27 38
27 84
27 85
27 86
27 40
27 88
27 41
27 42
27 43
27 91
27 46
27 48
27 111
27 112
27 49
27 126
27 92
27 53
27 55
27 56
27 57
27 58
27 59
27 120
27 99
27 65
27 115
27 121
27 35
27 94
27 113
27 125
28 68
28 69
28 71
28 72
28 116
28 73
28 124
28 122
28 102
28 117
28 103
28 123
28 29
28 118
28 82
28 33
28 35
28 109
28 83
28 84
28 85
28 40
28 89
28 90
28 42
28 43
28 44
28 110
28 91
28 48
28 112
28 52
28 92
28 54
28 55
28 93
28 94
28 95
28 59
28 96
28 98
28 61
28 64
28 99
28 114
28 100
28 65
28 115
28 66
29 68
29 69
29 70
29 71
29 72
29 116
29 101
29 124
29 75
29 117
29 77
29 103
29 123
29 104
29 105
29 125
29 79
29 80
29 81
29 118
29 30
29 107
29 33
29 35
29 36
29 39
29 83
29 85
29 86
29 87
29 88
29 41
29 90
29 43
29 110
29 91
29 45
29 119
29 47
29 127
29 49
29 126
29 51
29 92
29 53
29 55
29 93
29 94
29 95
29 57
29 59
29 60
29 96
29 97
29 62
29 64
29 99
29 114
29 115
29 121
30 67
30 72
30 116
30 101
30 122
30 102
30 77
30 78
30 103
30 123
30 125
30 80
30 81
30 106
30 107
30 35
30 39
30 109
30 84
30 87
30 88
30 110
30 91
30 45
30 47
30 48
30 111
30 127
30 49
30 126
30 51
30 92
30 53
30 54
30 55
30 93
30 95
30 57
30 58
30 96
30 97
30 61
30 62
30 120
30 64
30 100
30 121
30 66
31 67
31 68
31 70
31 122
31 79
31 106
31 118
31 82
31 34
31 37
31 38
31 83
31 84
31 86
31 88
31 41
31 42
31 43
31 45
31 46
31 48
31 112
31 126
31 50
31 52
31 92
31 113
31 53
31 54
31 55
31 56
31 94
31 95
31 59
31 97
31 61
31 62
31 63
31 99
31 114
31 100
31 115
31 121
32 67
32 69
32 71
32 72
32 116
32 73
32 101
32 124
32 76
32 102
32 77
32 103
32 104
32 105
32 125
32 106
32 33
32 34
32 108
32 39
32 109
32 83
32 85
32 86
32 40
32 88
32 41
32 43
32 110
32 91
32 45
32 47
32 111
32 127
32 112
32 49
32 50
32 113
32 53
32 56
32 94
32 95
32 58
32 60
32 96
32 61
32 62
32 64
32 99
32 55
32 92
32 35
32 57
32 65
33 116
33 73
33 74
33 122
33 77
33 78
33 105
33 125
33 80
33 81
33 34
33 108
33 38
33 109
33 83
33 84
33 85
33 86
33 40
33 89
33 90
33 110
33 91
33 45
33 46
33 48
33 112
33 52
33 92
33 54
33 55
33 56
33 94
33 95
33 58
33 59
33 60
33 96
33 98
33 61
33 63
33 64
33 100
33 115
33 66
34 67
34 69
34 70
34 71
34 116
34 101
34 74
34 124
34 75
34 76
34 122
34 117
34 77
34 78
34 105
34 125
34 106
34 118
34 82
34 107
34 108
34 38
34 86
34 87
34 40
34 41
34 89
34 110
34 45
34 119
34 48
34 112
34 50
34 51
34 52
34 92
34 55
34 56
34 94
34 95
34 58
34 98
34 63
34 99
34 114
34 100
34 115
34 121
34 35
34 57
34 113
34 65
35 67
35 68
35 70
35 71
35 116
35 102
35 105
35 118
35 107
35 83
35 85
35 89
35 42
35 43
35 44
35 46
35 48
35 111
35 112
35 49
35 50
35 51
35 92
35 113
35 55
35 57
35 60
35 96
35 98
35 120
35 63
35 100
35 121
35 86
35 94
35 106
35 65
35 125
36 68
36 70
36 73
36 74
36 75
36 117
36 77
36 78
36 125
36 81
36 82
36 38
36 109
36 83
36 85
36 86
36 41
36 90
36 42
36 43
36 44
36 110
36 91
36 45
36 119
36 111
36 126
36 51
36 92
36 113
36 55
36 93
36 94
36 98
36 61
36 62
36 63
36 65
36 115
36 121
36 66
37 67
37 68
37 72
37 73
37 124
37 75
37 76
37 117
37 123
37 104
37 105
37 125
37 80
37 81
37 106
37 39
37 84
37 40
37 41
37 89
37 90
37 43
37 110
37 91
37 46
37 119
37 47
37 111
37 127
37 112
37 126
37 113
37 55
37 95
37 59
37 97
37 63
37 99
37 115
37 121
37 66
38 67
38 69
38 70
38 101
38 124
38 76
38 122
38 102
38 77
38 103
38 79
38 81
38 108
38 109
38 84
38 85
38 40
38 88
38 41
38 90
38 43
38 44
38 110
38 91
38 46
38 119
38 48
38 112
38 126
38 55
38 94
38 96
38 97
38 62
38 120
38 64
38 100
38 115
38 121
38 66
39 72
39 73
39 74
39 75
39 122
39 102
39 117
39 77
39 103
39 105
39 80
39 81
39 106
39 107
39 108
39 109
39 84
39 87
39 41
39 42
39 44
39 91
39 46
39 48
39 111
39 127
39 49
39 113
39 53
39 55
39 93
39 58
39 60
39 61
39 120
39 100
39 115
39 121
40 69
40 70
40 72
40 101
40 74
40 124
40 122
40 102
40 117
40 77
40 78
40 80
40 82
40 107
40 108
40 83
40 84
40 87
40 88
40 89
40 42
40 43
40 110
40 91
40 46
40 47
40 48
40 111
40 92
40 93
40 56
40 94
40 57
40 59
40 60
40 96
40 62
40 63
40 64
40 100
40 115
40 121
41 68
41 72
41 116
41 74
41 124
41 75
41 102
41 123
41 105
41 79
41 81
41 106
41 82
41 107
41 108
41 83
41 85
41 86
41 88
41 90
41 42
41 43
41 110
41 45
41 48
41 49
41 51
41 52
41 92
41 54
41 55
41 56
41 57
41 58
41 60
41 64
41 100
41 115
41 66
42 68
42 71
42 72
42 116
42 101
42 74
42 124
42 75
42 117
42 77
42 78
42 103
42 105
42 81
42 118
42 108
42 109
42 83
42 85
42 86
42 88
42 89
42 90
42 43
42 110
42 91
42 48
42 127
42 51
42 54
42 55
42 56
42 94
42 57
42 59
42 60
42 97
42 98
42 61
42 62
42 120
42 63
42 64
42 100
42 115
42 121
43 68
43 69
43 70
43 71
43 116
43 73
43 101
43 74
43 75
43 76
43 122
43 77
43 104
43 79
43 106
43 82
43 107
43 108
43 109
43 83
43 84
43 85
43 86
43 87
43 88
43 110
43 91
43 45
43 47
43 126
43 92
43 53
43 54
43 95
43 58
43 96
43 61
43 62
43 64
43 114
43 100
43 115
43 66
44 69
44 71
44 73
44 74
44 124
44 75
44 77
44 104
44 125
44 80
44 81
44 118
44 82
44 108
44 85
44 86
44 87
44 90
44 110
44 119
44 48
44 51
44 52
44 92
44 53
44 54
44 55
44 56
44 94
44 57
44 96
44 98
44 120
44 63
44 121
45 68
45 70
45 73
45 74
45 124
45 75
45 102
45 117
45 103
45 123
45 104
45 79
45 80
45 81
45 108
45 109
45 84
45 85
45 86
45 90
45 110
45 91
45 46
45 119
45 47
45 111
45 127
45 112
45 49
45 50
45 51
45 92
45 113
45 53
45 54
45 55
45 95
45 57
45 59
45 61
45 62
45 63
45 100
45 115
45 121
46 70
46 71
46 72
46 116
46 75
46 76
46 102
46 117
46 78
46 80
46 106
46 118
46 82
46 107
46 83
46 84
46 88
46 91
46 48
46 111
46 112
46 49
46 126
46 50
46 51
46 52
46 113
46 53
46 55
46 93
46 56
46 94
46 95
46 96
46 98
46 61
46 62
46 63
46 64
46 100
46 65
46 115
47 67
47 69
47 70
47 74
47 124
47 75
47 76
47 122
47 102
47 117
47 77
47 103
47 105
47 79
47 80
47 106
47 118
47 82
47 83
47 84
47 87
47 89
47 90
47 110
47 127
47 49
47 53
47 93
47 56
47 94
47 59
47 60
47 96
47 97
47 61
47 120
47 114
47 100
47 65
47 115
48 68
48 69
48 70
48 71
48 72
48 101
48 74
48 76
48 122
48 103
48 123
48 105
48 79
48 81
48 82
48 107
48 108
48 83
48 85
48 87
48 89
48 90
48 110
48 91
48 119
48 127
48 50
48 52
48 113
48 54
48 55
48 94
48 95
48 57
48 58
48 59
48 60
48 97
48 100
48 65
49 70
49 116
49 73
49 101
49 74
49 76
49 77
49 103
49 79
49 80
49 118
49 82
49 107
49 108
49 83
49 84
49 85
49 88
49 89
49 90
49 110
49 119
49 112
49 52
49 92
49 94
49 95
49 58
49 96
49 97
49 98
49 62
49 63
49 99
49 114
49 65
49 115
49 66
50 68
50 69
50 72
50 101
50 76
50 122
50 102
50 117
50 104
50 125
50 79
50 80
50 81
50 107
50 108
50 109
50 85
50 86
50 88
50 110
50 91
50 119
50 126
50 51
50 52
50 92
50 54
50 55
50 93
50 60
50 61
50 63
50 121
51 70
51 71
51 116
51 73
51 124
51 122
51 77
51 78
51 105
51 125
51 79
51 80
51 81
51 82
51 107
51 108
51 83
51 84
51 86
51 87
51 90
51 127
51 112
51 92
51 113
51 57
51 58
51 59
51 60
51 96
51 98
51 61
51 62
51 63
51 64
51 99
51 100
51 65
51 115
51 121
51 66
52 67
52 70
52 73
52 101
52 74
52 75
52 76
52 77
52 123
52 105
52 79
52 118
52 107
52 83
52 87
52 88
52 89
52 110
52 91
52 119
52 111
52 127
52 57
52 58
52 97
52 62
52 120
52 64
52 99
52 114
52 65
52 121
52 66
53 67
53 68
53 69
53 70
53 71
53 73
53 101
53 124
53 122
53 102
53 103
53 125
53 79
53 80
53 81
53 106
53 118
53 83
53 84
53 85
53 88
53 119
53 112
53 92
53 55
53 93
53 94
53 59
53 97
53 120
53 63
53 64
53 115
53 121
54 68
54 70
54 124
54 75
54 117
54 77
54 78
54 123
54 104
54 105
54 125
54 79
54 80
54 81
54 118
54 107
54 108
54 109
54 85
54 86
54 88
54 89
54 91
54 119
54 111
54 112
54 126
54 113
54 95
54 58
54 96
54 63
54 114
54 121
54 66
55 67
55 68
55 72
55 73
55 74
55 122
55 102
55 117
55 77
55 78
55 123
55 104
55 105
55 125
55 80
55 118
55 108
55 109
55 83
55 85
55 86
55 87
55 89
55 91
55 92
55 56
55 94
55 95
55 58
55 59
55 60
55 97
55 98
55 62
55 63
55 99
55 100
55 115
55 121
55 57
55 106
55 113
55 65
56 67
56 68
56 69
56 70
56 71
56 74
56 124
56 122
56 117
56 77
56 78
56 125
56 79
56 80
56 81
56 106
56 118
56 82
56 107
56 85
56 86
56 87
56 89
56 110
56 91
56 127
56 126
56 92
56 113
56 93
56 94
56 95
56 97
56 61
56 62
56 64
56 99
56 114
56 121
57 68
57 71
57 72
57 116
57 73
57 101
57 124
57 75
57 76
57 117
57 77
57 103
57 104
57 80
57 81
57 118
57 82
57 83
57 84
57 86
57 88
57 90
57 91
57 111
57 127
57 112
57 126
57 113
57 58
57 60
57 96
57 98
57 61
57 120
57 63
57 64
57 121
57 66
57 92
57 94
57 106
57 65
57 125
58 67
58 69
58 70
58 71
58 116
58 101
58 74
58 76
58 122
58 102
58 77
58 78
58 123
58 79
58 80
58 118
58 82
58 107
58 108
58 83
58 84
58 87
58 88
58 89
58 90
58 110
58 111
58 127
58 93
58 95
58 59
58 60
58 96
58 97
58 98
58 62
58 100
58 115
58 121
58 66
59 67
59 68
59 69
59 101
59 122
59 102
59 104
59 79
59 81
59 106
59 107
59 108
59 83
59 85
59 87
59 90
59 119
59 111
59 112
59 94
59 95
59 97
59 98
59 62
59 120
59 64
59 99
59 114
59 100
59 66
60 68
60 69
60 70
60 72
60 116
60 73
60 101
60 124
60 75
60 102
60 117
60 77
60 103
60 123
60 104
60 105
60 125
60 79
60 81
60 106
60 82
60 83
60 84
60 86
60 87
60 89
60 91
60 119
60 112
60 95
60 61
60 62
60 120
60 64
60 99
60 115
61 70
61 71
61 73
61 101
61 74
61 76
61 122
61 77
61 78
61 105
61 81
61 108
61 109
61 83
61 85
61 88
61 90
61 110
61 119
61 126
61 92
61 93
61 94
61 95
61 96
61 98
61 62
61 120
61 63
61 99
61 114
61 115
61 66
62 69
62 70
62 72
62 116
62 74
62 76
62 102
62 77
62 78
62 103
62 105
62 80
62 81
62 106
62 82
62 107
62 108
62 109
62 83
62 87
62 89
62 110
62 112
62 92
62 94
62 97
62 120
62 99
62 65
62 66
63 67
63 68
63 70
63 71
63 116
63 73
63 101
63 74
63 124
63 122
63 102
63 117
63 77
63 103
63 123
63 105
63 79
63 106
63 118
63 82
63 85
63 87
63 88
63 89
63 110
63 119
63 127
63 126
63 93
63 95
63 96
63 97
63 98
63 114
63 65
63 121
63 66
64 67
64 68
64 116
64 122
64 102
64 77
64 78
64 123
64 104
64 107
64 84
64 86
64 87
64 88
64 89
64 90
64 110
64 91
64 119
64 127
64 112
64 93
64 95
64 96
64 98
64 100
64 115
64 66
65 68
65 69
65 72
65 75
65 122
65 117
65 78
65 103
65 104
65 125
65 80
65 106
65 82
65 84
65 85
65 86
65 87
65 112
65 95
65 120
65 114
65 121
65 66
65 92
65 94
65 113
66 68
66 71
66 124
66 76
66 77
66 78
66 103
66 123
66 104
66 125
66 80
66 81
66 118
66 108
66 109
66 83
66 85
66 86
66 88
66 89
66 90
66 127
66 126
66 92
66 93
66 94
66 97
66 99
66 100
66 115
66 121
67 68
67 70
67 71
67 72
67 101
67 74
67 76
67 102
67 77
67 78
67 103
67 123
67 105
67 80
67 106
67 118
67 82
67 84
67 86
67 88
67 89
67 110
67 91
67 119
67 127
67 112
67 126
67 92
67 113
67 94
67 97
67 98
67 120
67 114
67 115
68 69
68 70
68 71
68 73
68 74
68 124
68 75
68 76
68 117
68 77
68 104
68 125
68 81
68 106
68 82
68 108
68 109
68 84
68 85
68 86
68 87
68 88
68 89
68 91
68 119
68 127
68 112
68 126
68 93
68 94
68 95
68 96
68 97
68 99
68 115
69 70
69 71
69 116
69 124
69 75
69 102
69 77
69 123
69 104
69 105
69 79
69 81
69 106
69 118
69 82
69 107
69 108
69 85
69 86
69 87
69 89
69 119
69 111
69 127
69 126
69 113
69 93
69 94
69 98
69 99
69 100
69 115
69 121
70 72
70 74
70 122
70 117
70 77
70 104
70 79
70 80
70 81
70 118
70 82
70 108
70 109
70 83
70 85
70 88
70 89
70 110
70 112
70 126
70 99
70 114
70 100
70 115
71 116
71 101
71 74
71 75
71 122
71 102
71 103
71 104
71 80
71 81
71 106
71 108
71 109
71 84
71 89
71 110
71 119
71 111
71 126
71 94
71 95
71 98
71 120
71 114
71 115
72 101
72 124
72 76
72 122
72 102
72 78
72 123
72 104
72 105
72 79
72 82
72 107
72 108
72 83
72 85
72 87
72 89
72 90
72 111
72 112
72 113
72 94
72 96
72 97
72 99
72 114
72 121
73 74
73 77
73 78
73 103
73 123
73 104
73 79
73 80
73 81
73 118
73 109
73 83
73 84
73 85
73 86
73 88
73 89
73 91
73 119
73 111
73 127
73 112
73 93
73 94
73 114
73 100
73 121
74 116
74 101
74 124
74 117
74 78
74 103
74 104
74 125
74 79
74 80
74 81
74 106
74 107
74 108
74 83
74 85
74 87
74 89
74 90
74 110
74 91
74 111
74 127
74 112
74 96
74 98
74 120
74 114
74 100
74 121
75 124
75 76
75 102
75 117
75 78
75 103
75 123
75 104
75 80
75 107
75 84
75 87
75 88
75 91
75 119
75 111
75 127
75 92
75 93
75 94
75 95
75 96
75 99
75 121
76 116
76 102
76 77
76 105
76 125
76 80
76 81
76 107
76 110
76 91
76 119
76 111
76 93
76 94
76 95
76 97
76 98
76 114
76 100
76 115
76 121
77 101
77 122
77 117
77 103
77 123
77 81
77 118
77 82
77 109
77 85
77 86
77 89
77 111
77 112
77 126
77 93
77 94
77 97
77 98
77 115
77 121
78 116
78 125
78 79
78 106
78 118
78 82
78 107
78 108
78 109
78 84
78 85
78 86
78 89
78 90
78 110
78 126
78 92
78 113
78 94
78 95
78 120
78 121
79 116
79 101
79 124
79 117
79 103
79 123
79 104
79 125
79 81
79 106
79 82
79 107
79 108
79 109
79 86
79 90
79 110
79 119
79 111
79 112
79 126
79 113
79 93
79 94
79 96
79 120
79 99
79 115
80 116
80 124
80 122
80 102
80 117
80 103
80 123
80 104
80 125
80 118
80 82
80 109
80 84
80 88
80 90
80 91
80 119
80 111
80 127
80 93
80 97
80 99
80 114
80 115
81 116
81 102
81 125
81 106
81 107
81 108
81 109
81 83
81 85
81 87
81 89
81 91
81 111
81 113
81 94
81 95
81 97
81 120
81 99
81 121
82 101
82 124
82 102
82 104
82 118
82 107
82 84
82 86
82 87
82 90
82 110
82 91
82 119
82 127
82 112
82 126
82 95
82 96
82 99
82 114
82 121
83 124
83 122
83 106
83 118
83 107
83 108
83 88
83 89
83 119
83 112
83 92
83 113
83 98
83 120
83 115
84 101
84 124
84 122
84 104
84 118
84 108
84 85
84 87
84 88
84 91
84 127
84 112
84 92
84 113
84 97
84 120
84 99
84 114
84 121
85 116
85 101
85 124
85 117
85 103
85 105
85 125
85 118
85 109
85 87
85 88
85 89
85 91
85 119
85 112
85 92
85 113
85 95
85 96
85 97
85 100
86 101
86 124
86 122
86 102
86 103
86 123
86 105
86 106
86 107
86 108
86 89
86 110
86 91
86 119
86 111
86 112
86 126
86 92
86 93
86 96
86 99
86 114
86 115
86 121
86 94
86 113
86 125
87 116
87 101
87 102
87 123
87 104
87 125
87 108
87 109
87 89
87 90
87 92
87 113
87 94
87 97
87 98
87 99
87 121
88 101
88 124
88 117
88 123
88 104
88 125
88 118
88 107
88 110
88 91
88 119
88 111
88 127
88 112
88 126
88 92
88 94
88 98
88 120
88 115
88 121
89 101
89 122
89 123
89 104
89 106
89 118
89 107
89 91
89 119
89 111
89 127
89 112
89 92
89 113
89 93
89 95
89 96
89 98
89 99
89 115
90 102
90 117
90 123
90 118
90 109
90 110
90 91
90 119
90 127
90 92
90 93
90 94
90 96
90 98
90 120
90 99
90 114
90 121
91 124
91 122
91 102
91 117
91 123
91 106
91 107
91 109
91 119
91 127
91 112
91 92
91 94
91 95
91 120
91 100
91 121
92 116
92 124
92 122
92 102
92 117
92 103
92 123
92 106
92 118
92 107
92 109
92 112
92 94
92 120
92 114
92 121
92 113
92 125
93 124
93 102
93 104
93 106
93 107
93 108
93 119
93 111
93 127
93 112
93 126
93 96
93 98
93 99
93 100
94 101
94 124
94 117
94 107
94 108
94 110
94 111
94 97
94 98
94 106
94 113
94 125
95 116
95 101
95 102
95 104
95 106
95 108
95 109
95 98
95 120
95 99
95 114
95 100
95 115
96 116
96 101
96 124
96 122
96 117
96 103
96 104
96 125
96 106
96 108
96 110
96 111
96 127
96 126
96 98
96 120
96 114
97 116
97 117
97 103
97 105
97 118
97 109
97 111
97 112
98 116
98 101
98 124
98 122
98 102
98 123
98 104
98 125
98 106
98 118
98 108
98 109
98 112
98 126
98 113
98 100
99 101
99 122
99 102
99 117
99 103
99 104
99 105
99 118
99 108
99 110
99 111
99 127
99 112
99 120
99 114
99 100
100 116
100 101
100 124
100 122
100 103
100 105
100 125
100 107
100 108
100 119
100 127
100 112
100 114
101 122
101 103
101 105
101 125
101 118
101 108
101 109
101 110
101 127
101 126
101 120
101 114
101 115
102 116
102 122
102 117
102 105
102 119
102 127
102 112
102 113
103 116
103 124
103 117
103 123
103 106
103 118
103 109
103 127
103 112
103 126
103 121
104 123
104 110
104 119
104 126
104 114
104 115
104 124
104 116
104 125
104 107
104 108
104 109
104 121
105 123
105 116
105 117
105 125
105 107
105 108
105 119
105 126
105 120
105 114
106 123
106 116
106 124
106 122
106 117
106 125
106 108
106 111
106 112
106 126
106 113
107 119
107 126
107 113
107 114
107 109
107 116
107 122
107 111
108 123
108 118
108 119
108 127
108 126
108 113
108 120
108 114
108 124
108 117
108 116
108 122
108 109
108 111
109 110
109 119
109 120
109 124
109 125
109 116
110 118
110 116
110 119
110 126
110 113
110 120
111 123
111 127
111 126
111 113
111 120
111 114
111 115
111 125
111 116
112 123
112 118
112 119
112 127
112 122
112 126
112 121
113 123
113 118
113 126
113 116
113 117
113 125
113 115
114 118
114 126
114 120
114 122
114 117
114 125
115 123
115 118
115 119
115 126
115 120
115 116
115 125
116 118
116 119
116 126
116 124
117 119
117 120
117 124
117 122
118 124
118 120
119 124
119 122
119 126
119 120
119 121
120 123
120 127
120 126
120 122
120 125
120 121
121 123
121 127
121 124
121 125
121 122
122 126
122 124
123 124
123 125
123 126
124 126
125 127
125 126
