0 1
0 2
0 3
0 4
0 5
0 6
0 7
0 8
0 9
0 10
0 11
0 12
0 13
0 14
0 15
0 16
0 17
0 18
0 19
0 20
0 21
0 22
0 23
0 24
0 25
0 26
0 27
0 28
0 29
0 30
0 31
0 32
0 33
0 34
0 35
0 36
0 37
0 38
0 39
0 40
0 41
0 42
0 43
0 44
0 45
0 46
0 47
0 48
0 49
0 50
0 51
0 52
0 53
0 54
0 55
0 56
1 57
1 3
1 4
1 58
1 6
1 59
1 11
1 60
1 61
1 62
1 16
1 17
1 18
1 63
1 19
1 21
1 22
1 64
1 25
1 65
1 26
1 30
1 31
1 66
1 34
1 67
1 68
1 37
1 38
1 69
1 70
1 71
1 72
1 40
1 73
1 42
1 74
1 75
1 76
1 77
1 78
1 46
1 79
1 47
1 49
1 51
1 80
1 53
1 81
1 82
1 54
1 83
1 84
1 85
1 86
1 87
2 57
2 3
2 4
2 88
2 5
2 6
2 7
2 8
2 59
2 10
2 12
2 60
2 61
2 62
2 16
2 18
2 89
2 19
2 20
2 90
2 21
2 91
2 22
2 24
2 25
2 26
2 92
2 27
2 28
2 30
2 32
2 66
2 34
2 35
2 67
2 68
2 93
2 94
2 37
2 69
2 95
2 70
2 96
2 71
2 39
2 97
2 73
2 41
2 98
2 43
2 77
2 44
2 46
2 99
2 100
2 101
2 49
2 50
2 102
2 103
2 51
2 104
2 53
2 83
2 84
2 105
2 86
2 87
2 56
3 106
3 57
3 107
3 58
3 88
3 5
3 108
3 7
3 9
3 10
3 12
3 14
3 61
3 63
3 89
3 20
3 21
3 91
3 22
3 109
3 65
3 110
3 66
3 33
3 35
3 68
3 111
3 36
3 93
3 94
3 37
3 69
3 95
3 70
3 72
3 73
3 41
3 98
3 75
3 77
3 78
3 44
3 112
3 113
3 114
3 103
3 51
3 53
3 82
3 54
3 84
3 115
3 86
3 116
3 6
3 4
3 47
3 67
3 49
3 29
3 52
3 71
3 27
3 50
3 102
3 46
4 57
4 58
4 6
4 59
4 117
4 10
4 11
4 13
4 14
4 60
4 61
4 62
4 118
4 17
4 63
4 19
4 90
4 91
4 22
4 119
4 64
4 25
4 65
4 92
4 110
4 28
4 29
4 31
4 66
4 33
4 34
4 35
4 67
4 68
4 111
4 36
4 37
4 38
4 69
4 95
4 70
4 39
4 72
4 42
4 74
4 76
4 77
4 44
4 46
4 47
4 99
4 100
4 101
4 49
4 113
4 102
4 103
4 80
4 104
4 53
4 84
4 115
4 120
4 121
4 55
4 116
4 52
4 71
4 27
4 50
5 57
5 59
5 9
5 11
5 15
5 16
5 118
5 18
5 63
5 89
5 90
5 21
5 122
5 91
5 119
5 23
5 123
5 24
5 64
5 25
5 27
5 28
5 30
5 31
5 32
5 34
5 35
5 68
5 93
5 94
5 37
5 38
5 69
5 70
5 71
5 72
5 40
5 41
5 74
5 43
5 76
5 77
5 44
5 112
5 79
5 99
5 100
5 113
5 102
5 114
5 103
5 80
5 52
5 53
5 81
5 82
5 120
5 121
5 105
5 116
5 55
6 88
6 7
6 59
6 117
6 9
6 12
6 15
6 16
6 17
6 63
6 89
6 19
6 20
6 90
6 21
6 122
6 22
6 119
6 123
6 24
6 25
6 65
6 92
6 27
6 29
6 30
6 32
6 34
6 35
6 67
6 68
6 111
6 94
6 69
6 96
6 71
6 39
6 72
6 41
6 76
6 77
6 78
6 44
6 45
6 79
6 47
6 99
6 100
6 49
6 50
6 113
6 102
6 114
6 103
6 53
6 81
6 82
6 54
6 83
6 84
6 121
6 85
6 86
6 116
6 87
6 57
6 52
6 46
7 57
7 58
7 117
7 62
7 89
7 19
7 20
7 21
7 122
7 91
7 22
7 119
7 23
7 109
7 124
7 64
7 25
7 27
7 30
7 31
7 33
7 34
7 35
7 67
7 68
7 125
7 94
7 37
7 95
7 96
7 39
7 72
7 40
7 73
7 42
7 77
7 78
7 44
7 45
7 79
7 47
7 48
7 100
7 101
7 49
7 113
7 102
7 114
7 103
7 80
7 52
7 104
7 53
7 81
7 84
7 120
7 121
7 85
7 86
7 116
7 55
7 87
7 56
8 106
8 117
8 9
8 12
8 13
8 60
8 126
8 61
8 18
8 20
8 21
8 22
8 23
8 109
8 26
8 30
8 66
8 34
8 35
8 67
8 68
8 125
8 111
8 37
8 38
8 69
8 95
8 71
8 72
8 40
8 73
8 41
8 98
8 74
8 43
8 77
8 79
8 47
8 100
8 102
8 114
8 103
8 51
8 80
8 104
8 53
8 82
8 120
8 85
8 86
8 116
8 55
8 56
9 106
9 58
9 88
9 108
9 59
9 117
9 10
9 14
9 60
9 61
9 62
9 15
9 16
9 118
9 18
9 89
9 19
9 90
9 21
9 119
9 109
9 123
9 25
9 65
9 92
9 110
9 27
9 29
9 30
9 35
9 111
9 93
9 94
9 69
9 95
9 96
9 39
9 72
9 97
9 42
9 74
9 75
9 76
9 77
9 78
9 45
9 112
9 79
9 48
9 99
9 101
9 50
9 113
9 53
9 81
9 82
9 54
9 83
9 84
9 115
9 55
9 87
9 56
10 57
10 58
10 108
10 59
10 12
10 13
10 14
10 60
10 61
10 62
10 15
10 118
10 17
10 90
10 21
10 23
10 124
10 25
10 92
10 110
10 28
10 29
10 30
10 34
10 127
10 68
10 125
10 94
10 96
10 39
10 40
10 41
10 42
10 75
10 112
10 46
10 79
10 48
10 100
10 101
10 103
10 51
10 53
10 54
10 84
10 120
10 85
10 87
10 56
11 57
11 88
11 108
11 117
11 60
11 126
11 61
11 16
11 89
11 90
11 109
11 123
11 24
11 64
11 25
11 26
11 92
11 110
11 27
11 66
11 35
11 127
11 36
11 37
11 38
11 69
11 96
11 40
11 97
11 73
11 98
11 74
11 43
11 78
11 112
11 46
11 47
11 101
11 50
11 102
11 103
11 51
11 52
11 53
11 54
11 84
11 115
11 121
11 105
11 86
11 56
12 106
12 57
12 107
12 88
12 108
12 60
12 126
12 61
12 62
12 118
12 63
12 19
12 20
12 122
12 91
12 119
12 23
12 24
12 26
12 92
12 110
12 27
12 30
12 32
12 33
12 35
12 67
12 125
12 111
12 37
12 38
12 72
12 41
12 42
12 98
12 75
12 43
12 77
12 78
12 44
12 45
12 112
12 46
12 79
12 47
12 100
12 101
12 49
12 113
12 102
12 114
12 80
12 52
12 104
12 54
12 84
12 85
12 55
12 87
13 106
13 57
13 59
13 60
13 126
13 61
13 15
13 16
13 118
13 63
13 21
13 22
13 119
13 109
13 24
13 64
13 25
13 65
13 26
13 92
13 110
13 27
13 28
13 29
13 66
13 34
13 67
13 68
13 125
13 36
13 37
13 69
13 71
13 39
13 72
13 42
13 43
13 76
13 77
13 78
13 44
13 46
13 79
13 48
13 99
13 49
13 113
13 114
13 103
13 51
13 80
13 53
13 54
13 83
13 115
13 120
13 116
13 55
13 56
14 57
14 58
14 108
14 59
14 62
14 118
14 89
14 20
14 21
14 119
14 123
14 64
14 110
14 28
14 29
14 30
14 33
14 34
14 67
14 125
14 111
14 94
14 37
14 38
14 95
14 70
14 96
14 72
14 40
14 97
14 41
14 98
14 75
14 76
14 45
14 47
14 48
14 100
14 101
14 113
14 102
14 103
14 51
14 80
14 104
14 82
14 120
14 105
14 85
14 55
14 56
15 106
15 58
15 108
15 117
15 126
15 16
15 118
15 17
15 18
15 63
15 89
15 19
15 122
15 91
15 124
15 24
15 64
15 25
15 26
15 92
15 30
15 31
15 32
15 34
15 67
15 127
15 111
15 36
15 94
15 38
15 95
15 96
15 39
15 72
15 73
15 41
15 42
15 98
15 75
15 43
15 76
15 77
15 78
15 44
15 45
15 112
15 47
15 99
15 101
15 50
15 103
15 51
15 52
15 104
15 53
15 54
15 86
15 116
16 106
16 107
16 58
16 108
16 61
16 118
16 17
16 18
16 63
16 90
16 21
16 23
16 109
16 123
16 64
16 65
16 31
16 66
16 33
16 35
16 67
16 127
16 68
16 36
16 93
16 37
16 38
16 69
16 96
16 39
16 72
16 73
16 41
16 42
16 98
16 74
16 75
16 76
16 44
16 114
16 52
16 82
16 54
16 120
16 85
16 86
16 56
17 106
17 107
17 58
17 88
17 108
17 117
17 61
17 118
17 63
17 89
17 19
17 20
17 90
17 22
17 23
17 109
17 123
17 26
17 92
17 27
17 28
17 29
17 30
17 66
17 125
17 111
17 94
17 38
17 69
17 95
17 71
17 40
17 73
17 41
17 43
17 76
17 78
17 45
17 46
17 79
17 47
17 48
17 100
17 101
17 49
17 113
17 114
17 80
17 53
17 82
17 54
17 84
17 85
17 86
17 116
17 55
17 87
18 57
18 117
18 126
18 61
18 62
18 89
18 19
18 90
18 21
18 122
18 23
18 24
18 25
18 65
18 92
18 28
18 29
18 30
18 31
18 66
18 33
18 35
18 68
18 111
18 94
18 37
18 69
18 70
18 96
18 71
18 40
18 73
18 41
18 42
18 98
18 74
18 43
18 78
18 44
18 45
18 79
18 47
18 99
18 101
18 50
18 102
18 114
18 51
18 52
18 53
18 81
18 82
18 83
18 84
18 121
18 85
18 86
18 116
18 55
18 87
19 58
19 88
19 59
19 60
19 62
19 118
19 63
19 89
19 20
19 21
19 22
19 109
19 124
19 25
19 26
19 92
19 110
19 27
19 29
19 30
19 31
19 66
19 68
19 125
19 111
19 94
19 69
19 70
19 39
19 72
19 41
19 43
19 44
19 45
19 112
19 47
19 49
19 50
19 113
19 114
19 80
19 82
19 54
19 85
19 86
19 116
19 55
19 87
20 106
20 107
20 58
20 88
20 108
20 117
20 126
20 61
20 62
20 118
20 63
20 21
20 122
20 23
20 124
20 64
20 65
20 26
20 92
20 110
20 27
20 30
20 32
20 33
20 34
20 35
20 67
20 127
20 125
20 95
20 70
20 71
20 39
20 72
20 73
20 41
20 98
20 74
20 44
20 112
20 46
20 79
20 47
20 48
20 99
20 113
20 114
20 52
20 53
20 82
20 115
20 120
20 105
20 85
20 116
20 87
21 58
21 88
21 126
21 62
21 118
21 89
21 90
21 22
21 109
21 123
21 64
21 65
21 92
21 110
21 31
21 32
21 33
21 67
21 127
21 93
21 70
21 96
21 39
21 72
21 40
21 97
21 73
21 41
21 42
21 75
21 43
21 77
21 46
21 47
21 48
21 99
21 101
21 50
21 102
21 51
21 53
21 82
21 115
22 106
22 57
22 107
22 88
22 59
22 117
22 60
22 61
22 62
22 118
22 89
22 122
22 124
22 24
22 30
22 31
22 32
22 66
22 35
22 36
22 69
22 39
22 72
22 40
22 74
22 43
22 79
22 47
22 48
22 100
22 50
22 114
22 51
22 80
22 104
22 53
22 81
22 82
22 121
22 105
22 85
22 86
22 55
23 57
23 88
23 126
23 122
23 91
23 124
23 64
23 65
23 92
23 27
23 31
23 66
23 34
23 35
23 125
23 93
23 37
23 38
23 95
23 71
23 39
23 40
23 41
23 98
23 74
23 44
23 45
23 46
23 47
23 48
23 100
23 101
23 49
23 50
23 113
23 52
23 53
23 81
23 82
23 54
23 115
23 85
23 86
23 116
23 55
23 56
24 60
24 61
24 118
24 63
24 90
24 122
24 91
24 119
24 25
24 28
24 29
24 34
24 35
24 67
24 127
24 68
24 125
24 111
24 37
24 38
24 69
24 70
24 96
24 39
24 72
24 40
24 42
24 98
24 43
24 77
24 78
24 112
24 46
24 79
24 47
24 99
24 101
24 50
24 113
24 114
24 103
24 51
24 80
24 52
24 104
24 53
24 81
24 115
24 121
24 105
24 85
24 116
24 55
24 87
24 56
25 58
25 108
25 59
25 117
25 60
25 62
25 122
25 119
25 109
25 124
25 110
25 27
25 29
25 31
25 32
25 67
25 127
25 37
25 38
25 95
25 70
25 72
25 40
25 73
25 98
25 74
25 76
25 77
25 79
25 47
25 48
25 99
25 49
25 102
25 103
25 80
25 52
25 104
25 53
25 82
25 54
25 115
25 120
25 121
25 55
25 87
25 56
26 57
26 88
26 108
26 60
26 126
26 118
26 63
26 122
26 91
26 34
26 127
26 111
26 93
26 37
26 69
26 70
26 96
26 71
26 72
26 40
26 73
26 98
26 74
26 75
26 76
26 77
26 44
26 45
26 112
26 46
26 47
26 100
26 101
26 102
26 114
26 51
26 52
26 104
26 54
26 121
26 105
26 116
26 87
27 57
27 107
27 58
27 108
27 59
27 60
27 126
27 62
27 89
27 91
27 64
27 92
27 29
27 31
27 66
27 33
27 34
27 127
27 68
27 111
27 94
27 71
27 97
27 42
27 43
27 76
27 46
27 79
27 48
27 100
27 50
27 113
27 103
27 51
27 81
27 54
27 83
27 84
27 115
27 121
27 116
27 87
27 56
27 69
27 47
27 67
27 65
27 49
27 52
27 102
28 107
28 88
28 108
28 59
28 117
28 60
28 62
28 63
28 90
28 119
28 109
28 123
28 124
28 64
28 65
28 92
28 29
28 30
28 31
28 33
28 34
28 35
28 125
28 111
28 36
28 38
28 69
28 95
28 70
28 96
28 71
28 39
28 40
28 73
28 41
28 98
28 43
28 76
28 44
28 45
28 112
28 47
28 48
28 99
28 100
28 101
28 49
28 104
28 81
28 82
28 54
28 83
28 121
28 105
28 85
28 116
28 55
28 87
29 106
29 59
29 122
29 123
29 34
29 67
29 127
29 93
29 96
29 71
29 39
29 73
29 42
29 98
29 78
29 44
29 46
29 48
29 99
29 100
29 101
29 49
29 102
29 114
29 51
29 80
29 104
29 54
29 83
29 115
29 120
29 86
29 116
29 69
29 47
29 103
29 65
29 113
29 84
29 57
29 52
29 50
30 107
30 58
30 88
30 117
30 60
30 90
30 122
30 91
30 109
30 65
30 110
30 31
30 32
30 66
30 33
30 34
30 35
30 67
30 125
30 94
30 37
30 95
30 70
30 71
30 39
30 40
30 97
30 42
30 74
30 43
30 76
30 99
30 49
30 102
30 114
30 103
30 52
30 104
30 81
30 84
30 85
30 55
30 87
30 56
31 106
31 58
31 88
31 108
31 126
31 61
31 62
31 63
31 89
31 90
31 122
31 119
31 109
31 123
31 124
31 64
31 110
31 66
31 34
31 93
31 94
31 69
31 40
31 73
31 41
31 42
31 75
31 43
31 76
31 77
31 44
31 47
31 48
31 49
31 50
31 102
31 103
31 80
31 52
31 81
31 54
31 84
31 121
31 86
31 87
31 56
32 57
32 58
32 108
32 60
32 126
32 61
32 118
32 63
32 90
32 122
32 119
32 110
32 34
32 35
32 67
32 111
32 36
32 93
32 37
32 38
32 69
32 95
32 39
32 98
32 75
32 43
32 76
32 78
32 44
32 45
32 112
32 47
32 48
32 100
32 49
32 102
32 114
32 80
32 52
32 82
32 121
32 85
32 116
33 106
33 57
33 107
33 58
33 60
33 126
33 118
33 122
33 91
33 123
33 64
33 92
33 67
33 127
33 68
33 125
33 36
33 93
33 37
33 71
33 72
33 97
33 74
33 43
33 76
33 45
33 112
33 46
33 79
33 47
33 48
33 99
33 100
33 101
33 50
33 113
33 114
33 103
33 80
33 52
33 104
33 53
33 81
33 120
33 121
33 105
33 85
33 86
34 106
34 88
34 108
34 60
34 62
34 118
34 63
34 124
34 66
34 67
34 127
34 68
34 111
34 38
34 69
34 96
34 39
34 72
34 97
34 42
34 74
34 43
34 45
34 79
34 48
34 99
34 100
34 101
34 113
34 51
34 52
34 53
34 54
34 85
34 86
34 116
34 55
35 107
35 58
35 59
35 117
35 61
35 118
35 63
35 90
35 119
35 124
35 64
35 92
35 67
35 68
35 36
35 94
35 37
35 38
35 69
35 39
35 72
35 41
35 42
35 98
35 79
35 48
35 100
35 101
35 49
35 103
35 80
35 52
35 104
35 81
35 82
35 83
35 85
35 116
35 55
35 87
35 56
36 107
36 59
36 117
36 60
36 63
36 122
36 124
36 64
36 65
36 92
36 67
36 93
36 38
36 70
36 96
36 71
36 97
36 41
36 42
36 98
36 74
36 43
36 77
36 45
36 79
36 47
36 99
36 101
36 49
36 50
36 103
36 51
36 104
36 81
36 82
36 54
36 84
36 115
36 120
36 105
36 55
36 87
36 56
37 57
37 107
37 58
37 88
37 108
37 60
37 126
37 118
37 89
37 122
37 91
37 119
37 109
37 123
37 64
37 65
37 66
37 127
37 68
37 93
37 94
37 69
37 95
37 39
37 40
37 41
37 42
37 77
37 78
37 45
37 112
37 113
37 114
37 103
37 80
37 82
37 54
37 83
37 105
37 85
37 116
37 55
37 87
38 106
38 58
38 108
38 61
38 118
38 63
38 89
38 122
38 91
38 119
38 109
38 64
38 65
38 110
38 111
38 93
38 95
38 71
38 39
38 72
38 41
38 98
38 74
38 75
38 43
38 45
38 47
38 48
38 100
38 49
38 102
38 103
38 51
38 80
38 53
38 54
38 83
38 84
38 120
38 121
38 116
39 57
39 107
39 58
39 117
39 126
39 61
39 62
39 63
39 89
39 91
39 124
39 64
39 67
39 127
39 125
39 94
39 69
39 95
39 97
39 73
39 41
39 42
39 98
39 78
39 45
39 112
39 49
39 113
39 102
39 114
39 103
39 51
39 80
39 104
39 81
39 82
39 54
39 83
39 84
39 121
39 86
39 55
39 87
40 107
40 88
40 126
40 61
40 62
40 90
40 119
40 109
40 123
40 124
40 65
40 110
40 125
40 70
40 97
40 42
40 98
40 75
40 43
40 77
40 45
40 112
40 46
40 79
40 47
40 48
40 100
40 101
40 50
40 102
40 114
40 103
40 51
40 80
40 52
40 104
40 53
40 81
40 83
40 87
40 56
41 57
41 107
41 108
41 126
41 61
41 119
41 123
41 64
41 92
41 110
41 66
41 67
41 127
41 68
41 125
41 111
41 93
41 69
41 95
41 72
41 97
41 42
41 98
41 75
41 77
41 78
41 45
41 112
41 79
41 47
41 50
41 114
41 103
41 51
41 80
41 104
41 53
41 54
41 115
41 121
41 105
41 86
41 87
41 56
42 106
42 117
42 60
42 126
42 61
42 118
42 63
42 90
42 119
42 109
42 123
42 66
42 67
42 68
42 111
42 93
42 94
42 69
42 95
42 70
42 96
42 71
42 72
42 97
42 74
42 75
42 43
42 76
42 77
42 45
42 112
42 47
42 48
42 101
42 102
42 114
42 80
42 104
42 54
42 83
42 84
42 115
42 120
42 121
42 105
42 85
42 87
43 106
43 58
43 88
43 108
43 59
43 117
43 61
43 63
43 89
43 119
43 123
43 64
43 65
43 92
43 110
43 66
43 68
43 125
43 111
43 93
43 94
43 69
43 71
43 98
43 76
43 77
43 112
43 46
43 79
43 47
43 48
43 99
43 100
43 51
43 52
43 104
43 120
43 121
43 105
43 87
44 57
44 58
44 88
44 108
44 59
44 60
44 126
44 61
44 118
44 91
44 119
44 124
44 64
44 92
44 66
44 68
44 111
44 69
44 95
44 96
44 72
44 98
44 74
44 76
44 45
44 112
44 46
44 101
44 102
44 51
44 52
44 104
44 82
44 54
44 83
44 115
44 85
44 116
44 55
44 87
44 56
45 107
45 88
45 108
45 117
45 60
45 126
45 61
45 62
45 89
45 90
45 119
45 109
45 123
45 92
45 67
45 127
45 111
45 94
45 69
45 95
45 70
45 72
45 97
45 73
45 98
45 74
45 75
45 112
45 46
45 79
45 49
45 102
45 103
45 82
45 83
45 84
45 105
45 55
46 106
46 117
46 126
46 118
46 90
46 109
46 123
46 92
46 110
46 67
46 127
46 111
46 94
46 96
46 71
46 73
46 74
46 112
46 48
46 99
46 50
46 114
46 103
46 80
46 52
46 104
46 82
46 54
46 84
46 115
46 120
46 121
46 85
46 86
46 69
46 47
46 65
46 113
46 49
46 116
46 57
46 102
47 106
47 107
47 117
47 63
47 89
47 90
47 122
47 91
47 109
47 124
47 65
47 92
47 66
47 67
47 127
47 111
47 93
47 69
47 70
47 96
47 71
47 98
47 74
47 75
47 76
47 77
47 78
47 112
47 99
47 101
47 49
47 113
47 102
47 114
47 103
47 51
47 52
47 104
47 53
47 81
47 82
47 54
47 84
47 115
47 121
47 105
47 55
47 116
47 57
47 50
48 106
48 57
48 58
48 88
48 59
48 60
48 126
48 90
48 122
48 109
48 123
48 124
48 64
48 65
48 110
48 66
48 127
48 68
48 125
48 111
48 93
48 72
48 97
48 76
48 77
48 100
48 101
48 49
48 102
48 103
48 51
48 52
48 104
48 81
48 115
48 120
48 105
48 116
48 87
49 57
49 107
49 59
49 117
49 126
49 61
49 62
49 118
49 119
49 123
49 64
49 65
49 92
49 110
49 66
49 67
49 127
49 68
49 125
49 111
49 94
49 69
49 71
49 97
49 73
49 112
49 79
49 99
49 101
49 113
49 102
49 114
49 103
49 51
49 52
49 104
49 81
49 54
49 84
49 105
49 85
49 86
49 116
49 55
49 50
50 57
50 58
50 117
50 60
50 118
50 90
50 109
50 65
50 110
50 66
50 67
50 68
50 125
50 69
50 95
50 73
50 98
50 74
50 77
50 99
50 101
50 113
50 102
50 81
50 54
50 83
50 84
50 85
50 86
50 87
50 56
50 103
50 116
50 52
50 71
51 58
51 88
51 59
51 61
51 118
51 63
51 90
51 119
51 64
51 66
51 127
51 68
51 111
51 69
51 95
51 70
51 97
51 78
51 79
51 99
51 100
51 114
51 81
51 82
51 84
51 120
51 85
51 116
51 87
51 56
52 88
52 108
52 59
52 117
52 60
52 61
52 63
52 119
52 109
52 64
52 110
52 67
52 127
52 125
52 69
52 70
52 71
52 72
52 98
52 77
52 112
52 99
52 102
52 114
52 103
52 80
52 53
52 82
52 83
52 115
52 85
52 116
52 55
52 87
52 65
52 113
52 84
52 57
53 58
53 108
53 59
53 60
53 63
53 89
53 122
53 123
53 124
53 65
53 92
53 110
53 66
53 67
53 111
53 94
53 69
53 97
53 73
53 98
53 74
53 112
53 79
53 113
53 114
53 103
53 80
53 81
53 82
53 115
53 120
53 121
53 86
53 116
53 56
54 57
54 107
54 58
54 108
54 59
54 126
54 61
54 62
54 118
54 63
54 123
54 66
54 127
54 111
54 94
54 69
54 70
54 96
54 71
54 72
54 73
54 74
54 76
54 77
54 78
54 112
54 102
54 114
54 103
54 83
54 84
54 115
54 120
54 121
54 87
54 56
55 107
55 88
55 108
55 59
55 117
55 61
55 62
55 63
55 89
55 122
55 91
55 123
55 124
55 64
55 65
55 92
55 66
55 67
55 68
55 111
55 94
55 69
55 95
55 70
55 96
55 97
55 73
55 98
55 74
55 76
55 77
55 78
55 100
55 101
55 114
55 104
55 83
55 120
55 121
55 86
56 106
56 107
56 58
56 88
56 59
56 117
56 60
56 126
56 118
56 63
56 89
56 90
56 119
56 123
56 65
56 66
56 127
56 111
56 93
56 69
56 95
56 97
56 98
56 74
56 75
56 99
56 113
56 114
56 103
56 104
56 82
56 83
56 84
56 120
56 121
56 85
56 86
56 116
57 106
57 88
57 59
57 117
57 60
57 61
57 119
57 123
57 64
57 110
57 69
57 95
57 70
57 73
57 78
57 79
57 100
57 113
57 80
57 81
57 83
57 84
57 121
57 105
57 85
57 116
57 67
57 103
57 65
57 71
57 102
58 106
58 88
58 59
58 61
58 62
58 118
58 89
58 91
58 109
58 123
58 64
58 65
58 110
58 67
58 125
58 94
58 69
58 95
58 96
58 71
58 73
58 98
58 74
58 75
58 76
58 78
58 112
58 102
58 80
58 82
58 83
58 84
58 85
58 87
59 118
59 109
59 127
59 125
59 69
59 98
59 99
59 102
59 103
59 80
59 81
59 115
59 117
59 62
59 63
59 89
59 91
59 64
59 66
59 68
59 111
59 70
59 71
59 97
59 74
59 76
59 101
59 113
59 83
59 120
59 85
59 87
60 107
60 126
60 118
60 90
60 122
60 92
60 127
60 125
60 94
60 69
60 95
60 73
60 98
60 112
60 99
60 100
60 102
60 103
60 80
60 104
60 81
60 115
60 116
60 88
60 62
60 119
60 64
60 65
60 66
60 67
60 93
60 72
60 97
60 76
60 101
60 113
60 83
60 120
60 85
61 107
61 126
61 90
61 109
61 124
61 92
61 125
61 69
61 96
61 75
61 77
61 79
61 100
61 103
61 80
61 104
61 81
61 84
61 115
61 88
61 108
61 117
61 62
61 89
61 65
61 110
61 67
61 111
61 70
61 97
61 74
61 114
61 121
61 85
62 107
62 118
62 90
62 123
62 124
62 92
62 127
62 125
62 94
62 69
62 95
62 96
62 73
62 79
62 99
62 80
62 104
62 81
62 115
62 116
62 63
62 119
62 64
62 65
62 66
62 68
62 74
62 76
62 101
62 83
62 105
62 85
62 86
63 107
63 126
63 118
63 122
63 109
63 123
63 92
63 127
63 125
63 94
63 69
63 96
63 98
63 77
63 79
63 99
63 100
63 103
63 84
63 115
63 116
63 88
63 91
63 64
63 65
63 110
63 67
63 71
63 72
63 97
63 74
63 101
63 114
63 105
63 85
64 107
64 90
64 109
64 124
64 92
64 125
64 94
64 96
64 98
64 78
64 112
64 99
64 100
64 80
64 81
64 84
64 108
64 117
64 89
64 65
64 66
64 67
64 93
64 71
64 97
64 74
64 76
64 113
64 82
64 83
64 85
65 126
65 109
65 92
65 127
65 125
65 94
65 69
65 95
65 96
65 77
65 100
65 103
65 80
65 81
65 84
65 89
65 119
65 110
65 67
65 68
65 111
65 93
65 70
65 97
65 113
65 114
65 82
65 83
65 121
65 85
65 86
65 87
65 116
65 71
65 102
66 107
66 123
66 124
66 127
66 125
66 94
66 73
66 75
66 77
66 78
66 112
66 100
66 81
66 84
66 115
66 88
66 117
66 91
66 67
66 111
66 70
66 72
66 74
66 101
66 82
66 120
66 86
67 107
67 126
67 90
67 122
67 109
67 124
67 127
67 125
67 94
67 69
67 95
67 73
67 75
67 77
67 78
67 112
67 79
67 102
67 103
67 80
67 104
67 84
67 115
67 116
67 88
67 117
67 91
67 119
67 110
67 111
67 70
67 97
67 76
67 101
67 113
67 114
67 82
67 83
67 105
67 85
67 87
67 71
68 107
68 122
68 109
68 123
68 92
68 127
68 73
68 79
68 100
68 103
68 80
68 104
68 81
68 115
68 88
68 108
68 117
68 89
68 111
68 71
68 97
68 76
68 113
68 82
68 83
68 120
68 121
68 105
68 87
69 106
69 118
69 90
69 109
69 123
69 92
69 127
69 125
69 94
69 108
69 117
69 119
69 110
69 93
69 70
69 96
69 72
69 97
69 73
69 98
69 74
69 75
69 76
69 77
69 100
69 101
69 113
69 103
69 80
69 81
69 83
69 84
69 121
69 105
69 85
69 116
69 71
69 102
70 107
70 90
70 123
70 92
70 127
70 94
70 96
70 75
70 77
70 112
70 79
70 99
70 80
70 81
70 111
70 88
70 117
70 89
70 91
70 119
70 110
70 93
70 71
70 74
70 101
70 114
70 82
70 85
70 86
70 87
71 107
71 126
71 90
71 109
71 92
71 125
71 73
71 98
71 75
71 77
71 78
71 112
71 79
71 100
71 116
71 108
71 117
71 93
71 72
71 97
71 74
71 76
71 82
71 120
71 105
71 85
71 87
71 103
71 113
71 84
71 102
72 107
72 126
72 109
72 123
72 124
72 125
72 94
72 95
72 96
72 73
72 75
72 79
72 99
72 100
72 117
72 89
72 91
72 119
72 110
72 93
72 97
72 101
72 114
72 82
72 121
72 105
72 85
72 86
73 106
73 107
73 90
73 109
73 124
73 92
73 127
73 94
73 108
73 119
73 110
73 111
73 76
73 77
73 79
73 100
73 113
73 102
73 103
73 104
73 83
73 115
73 120
73 121
73 105
73 86
73 116
73 87
74 107
74 126
74 118
74 109
74 92
74 127
74 95
74 75
74 78
74 112
74 79
74 99
74 100
74 103
74 104
74 117
74 89
74 110
74 97
74 101
74 82
74 105
74 85
75 106
75 90
75 122
75 109
75 124
75 92
75 95
75 96
75 110
75 97
75 76
75 79
75 99
75 100
75 101
75 113
75 102
75 103
75 80
75 104
75 81
75 82
75 121
75 105
76 90
76 123
76 125
76 95
76 77
76 78
76 112
76 79
76 99
76 103
76 104
76 81
76 84
76 116
76 111
76 108
76 117
76 89
76 91
76 97
76 120
76 105
76 87
77 106
77 107
77 126
77 118
77 123
77 127
77 94
77 96
77 108
77 119
77 110
77 111
77 97
77 112
77 79
77 100
77 114
77 103
77 82
77 83
77 120
77 121
77 85
77 86
77 116
77 87
78 106
78 126
78 118
78 90
78 122
78 92
78 127
78 94
78 88
78 108
78 117
78 119
78 110
78 111
78 93
78 100
78 101
78 102
78 114
78 103
78 80
78 82
78 83
78 84
78 120
78 116
79 106
79 118
79 122
79 123
79 124
79 127
79 94
79 98
79 117
79 110
79 111
79 93
79 99
79 100
79 101
79 113
79 114
79 103
79 80
79 104
79 81
79 83
79 105
79 85
79 86
79 87
80 106
80 118
80 90
80 122
80 123
80 127
80 96
80 98
80 102
80 117
80 91
80 119
80 110
80 93
80 101
80 113
80 81
80 82
80 83
80 84
80 105
80 85
80 86
81 106
81 107
81 90
81 122
81 109
81 124
81 92
81 125
81 95
81 96
81 112
81 99
81 102
81 104
81 108
81 89
81 91
81 110
81 93
81 101
81 113
81 115
81 87
82 107
82 118
82 90
82 109
82 123
82 92
82 127
82 95
82 96
82 99
82 100
82 102
82 103
82 116
82 111
82 108
82 89
82 91
82 110
82 93
82 97
82 83
82 120
82 121
82 85
82 86
82 87
83 107
83 90
83 109
83 123
83 127
83 98
83 112
83 99
83 102
83 104
83 84
83 115
83 116
83 111
83 108
83 89
83 91
83 119
83 97
83 114
83 121
83 105
83 85
83 87
84 106
84 118
84 122
84 92
84 125
84 95
84 112
84 99
84 100
84 103
84 104
84 88
84 89
84 110
84 111
84 101
84 113
84 114
84 121
84 105
84 85
84 86
84 116
84 87
84 102
85 118
85 90
85 109
85 127
85 125
85 94
85 95
85 111
85 108
85 119
85 97
85 114
85 120
85 121
85 105
85 87
86 107
86 118
86 122
86 124
86 95
86 96
86 98
86 112
86 104
86 111
86 88
86 108
86 117
86 89
86 119
86 110
86 97
86 101
86 113
86 114
86 120
86 121
86 105
87 118
87 90
87 122
87 123
87 92
87 125
87 94
87 98
87 100
87 102
87 104
87 116
87 111
87 108
87 89
87 91
87 110
87 93
87 97
87 114
87 105
88 126
88 118
88 90
88 122
88 123
88 125
88 96
88 98
88 112
88 111
88 108
88 89
88 119
88 110
88 93
88 121
89 118
89 122
89 92
89 94
89 95
89 96
89 98
89 112
89 102
89 119
89 113
89 121
89 91
89 101
89 114
90 106
90 118
90 122
90 109
90 123
90 110
90 125
90 94
90 112
90 99
90 113
90 115
90 120
91 107
91 126
91 124
91 96
91 98
91 99
91 103
91 104
91 113
91 121
91 93
91 101
92 106
92 126
92 109
92 123
92 108
92 117
92 111
92 95
92 97
92 100
92 101
92 102
92 114
92 103
92 115
92 120
93 107
93 118
93 109
93 95
93 96
93 98
93 100
93 102
93 115
93 111
93 117
93 119
93 121
93 105
93 114
93 120
94 106
94 126
94 123
94 127
94 125
94 108
94 119
94 110
94 95
94 96
94 98
94 99
94 101
94 113
94 104
94 115
94 120
94 105
95 106
95 122
95 109
95 127
95 125
95 117
95 111
95 96
95 97
95 98
95 112
95 100
95 101
95 113
95 102
95 104
95 121
95 116
96 106
96 109
96 127
96 117
96 119
96 111
96 97
96 98
96 112
96 114
96 103
96 116
97 118
97 122
97 109
97 123
97 98
97 112
97 115
97 117
97 110
97 120
98 106
98 107
98 122
98 123
98 124
98 127
98 111
98 112
98 99
98 100
98 101
98 102
98 114
98 121
98 105
98 116
99 106
99 107
99 123
99 125
99 112
99 117
99 103
99 104
99 115
99 121
99 105
99 116
100 106
100 107
100 122
100 124
100 125
100 112
100 119
100 110
100 101
100 105
100 116
101 109
101 124
101 127
101 125
101 103
101 110
101 113
101 121
101 105
101 108
101 114
102 106
102 107
102 126
102 123
102 127
102 117
102 110
102 103
102 115
102 121
102 116
102 113
103 106
103 107
103 118
103 124
103 125
103 112
103 108
103 117
103 113
103 114
103 115
103 120
103 116
104 106
104 107
104 126
104 127
104 125
104 112
104 117
104 119
104 110
104 113
104 120
104 105
105 126
105 122
105 123
105 127
105 125
105 115
105 111
105 119
105 113
105 114
106 107
106 126
106 118
106 122
106 109
106 123
106 124
106 127
106 125
106 112
106 115
106 116
107 108
107 119
107 123
107 124
107 110
107 127
107 125
107 112
107 113
107 114
107 115
108 122
108 109
108 123
108 124
108 127
108 125
108 112
108 115
108 111
108 117
108 113
108 121
108 114
108 120
109 118
109 119
109 110
109 127
109 125
109 112
109 114
109 121
110 126
110 122
110 124
110 127
110 112
110 116
110 111
110 117
110 113
110 121
111 126
111 118
111 122
111 123
111 125
111 112
111 117
111 113
112 122
112 124
112 127
112 113
112 120
113 118
113 122
113 123
113 124
113 125
113 116
113 119
113 114
113 120
113 121
114 122
114 123
114 127
114 119
114 120
115 122
115 116
116 126
116 122
116 124
116 117
116 119
116 121
117 126
117 127
117 125
117 120
118 124
118 127
118 120
119 126
119 122
119 127
119 120
119 121
120 124
120 121
121 126
121 125
122 127
123 126
123 124
123 125
124 127
