0 1
0 2
0 3
0 4
0 5
0 6
0 7
0 8
0 9
0 10
0 11
0 12
0 13
0 14
0 15
0 16
0 17
0 18
0 19
0 20
0 21
0 22
0 23
0 24
0 25
0 26
0 27
0 28
0 29
0 30
0 31
0 32
0 33
0 34
0 35
0 36
0 37
0 38
0 39
0 40
0 41
0 42
0 43
0 44
0 45
0 46
0 47
0 48
0 49
0 50
0 51
0 52
0 53
0 54
0 55
0 56
0 57
0 58
0 59
0 60
0 61
0 62
0 63
0 64
1 65
1 3
1 66
1 5
1 67
1 10
1 12
1 15
1 16
1 17
1 68
1 18
1 69
1 70
1 19
1 20
1 71
1 72
1 22
1 23
1 24
1 25
1 26
1 73
1 27
1 28
1 30
1 74
1 75
1 34
1 76
1 35
1 37
1 77
1 39
1 40
1 78
1 41
1 79
1 80
1 81
1 44
1 46
1 82
1 83
1 51
1 52
1 84
1 53
1 85
1 86
1 55
1 87
1 88
1 89
1 90
1 57
1 60
1 91
1 92
1 61
1 93
1 62
1 94
1 95
1 96
1 63
1 97
2 98
2 65
2 3
2 4
2 5
2 7
2 10
2 13
2 16
2 17
2 99
2 100
2 18
2 69
2 101
2 70
2 19
2 102
2 103
2 21
2 72
2 22
2 104
2 73
2 105
2 27
2 28
2 29
2 30
2 31
2 74
2 106
2 107
2 33
2 75
2 34
2 76
2 108
2 35
2 37
2 38
2 40
2 41
2 42
2 79
2 80
2 43
2 109
2 49
2 50
2 110
2 83
2 51
2 52
2 85
2 86
2 89
2 111
2 57
2 58
2 112
2 91
2 92
2 62
2 96
2 113
2 63
2 64
2 97
2 44
2 120
2 56
2 81
2 45
3 98
3 65
3 66
3 9
3 114
3 99
3 68
3 101
3 19
3 102
3 103
3 71
3 21
3 72
3 22
3 104
3 24
3 25
3 105
3 29
3 30
3 107
3 33
3 75
3 34
3 38
3 39
3 78
3 41
3 79
3 80
3 115
3 44
3 109
3 116
3 50
3 117
3 83
3 52
3 85
3 86
3 118
3 55
3 88
3 56
3 59
3 60
3 92
3 61
3 64
3 35
3 89
3 27
3 16
3 74
3 37
3 120
3 81
3 45
4 65
4 66
4 10
4 11
4 14
4 114
4 16
4 17
4 99
4 100
4 69
4 102
4 119
4 20
4 71
4 21
4 23
4 104
4 24
4 73
4 27
4 29
4 30
4 31
4 74
4 32
4 33
4 76
4 37
4 77
4 39
4 40
4 79
4 43
4 115
4 44
4 47
4 49
4 50
4 83
4 51
4 84
4 120
4 118
4 88
4 56
4 58
4 92
4 62
4 95
4 113
4 64
5 98
5 66
5 8
5 9
5 10
5 11
5 13
5 14
5 114
5 15
5 99
5 121
5 68
5 18
5 101
5 70
5 19
5 119
5 103
5 72
5 22
5 122
5 73
5 105
5 27
5 30
5 31
5 106
5 33
5 75
5 76
5 35
5 123
5 124
5 79
5 80
5 43
5 81
5 115
5 47
5 48
5 82
5 125
5 50
5 126
5 83
5 52
5 53
5 54
5 86
5 120
5 118
5 87
5 111
5 56
5 90
5 59
5 60
5 62
5 95
5 113
5 63
5 64
5 97
6 98
6 66
6 67
6 7
6 11
6 15
6 68
6 101
6 70
6 103
6 21
6 72
6 22
6 26
6 73
6 29
6 32
6 107
6 33
6 75
6 76
6 123
6 78
6 79
6 115
6 46
6 47
6 49
6 50
6 110
6 126
6 83
6 51
6 84
6 53
6 54
6 120
6 118
6 87
6 88
6 57
6 58
6 112
6 61
6 95
6 97
7 98
7 65
7 66
7 67
7 8
7 10
7 14
7 114
7 15
7 99
7 100
7 68
7 18
7 69
7 101
7 70
7 19
7 119
7 20
7 21
7 72
7 22
7 122
7 104
7 24
7 73
7 105
7 28
7 31
7 74
7 32
7 106
7 34
7 76
7 108
7 77
7 38
7 39
7 123
7 40
7 78
7 41
7 79
7 43
7 47
7 48
7 116
7 125
7 50
7 110
7 126
7 83
7 52
7 86
7 118
7 87
7 88
7 89
7 111
7 56
7 90
7 59
7 60
7 112
7 92
7 61
7 62
7 94
7 95
7 64
7 127
7 97
8 98
8 66
8 12
8 13
8 15
8 17
8 101
8 102
8 119
8 20
8 71
8 21
8 72
8 22
8 104
8 24
8 25
8 26
8 27
8 29
8 32
8 106
8 107
8 33
8 75
8 108
8 36
8 37
8 39
8 123
8 42
8 79
8 115
8 45
8 109
8 46
8 47
8 82
8 125
8 50
8 110
8 117
8 126
8 83
8 52
8 84
8 54
8 85
8 118
8 55
8 59
8 112
8 91
8 92
8 94
8 95
8 96
8 63
9 67
9 10
9 11
9 16
9 17
9 121
9 18
9 19
9 102
9 119
9 71
9 72
9 22
9 24
9 25
9 73
9 105
9 28
9 29
9 31
9 32
9 106
9 75
9 76
9 108
9 35
9 36
9 77
9 39
9 123
9 78
9 124
9 41
9 79
9 80
9 81
9 109
9 47
9 49
9 50
9 51
9 52
9 84
9 53
9 54
9 85
9 86
9 87
9 111
9 93
9 94
9 95
9 113
9 63
9 64
10 66
10 67
10 11
10 13
10 114
10 16
10 17
10 100
10 121
10 68
10 69
10 19
10 102
10 103
10 71
10 72
10 22
10 23
10 104
10 25
10 26
10 105
10 27
10 31
10 32
10 107
10 33
10 75
10 76
10 77
10 38
10 39
10 78
10 41
10 80
10 43
10 115
10 109
10 47
10 48
10 82
10 49
10 126
10 53
10 54
10 86
10 87
10 90
10 58
10 112
10 92
10 93
10 62
10 94
10 96
11 65
11 66
11 12
11 13
11 16
11 17
11 121
11 68
11 70
11 19
11 103
11 71
11 21
11 25
11 73
11 75
11 34
11 108
11 37
11 38
11 39
11 123
11 78
11 124
11 41
11 42
11 43
11 115
11 44
11 45
11 46
11 47
11 82
11 49
11 110
11 126
11 83
11 53
11 120
11 87
11 88
11 89
11 56
11 90
11 57
11 58
11 60
11 91
11 92
11 96
11 113
11 63
12 66
12 13
12 14
12 99
12 100
12 69
12 101
12 19
12 122
12 104
12 24
12 26
12 73
12 27
12 30
12 32
12 106
12 107
12 75
12 34
12 108
12 35
12 36
12 37
12 39
12 40
12 80
12 43
12 109
12 46
12 47
12 82
12 116
12 49
12 50
12 110
12 117
12 83
12 51
12 84
12 53
12 54
12 85
12 86
12 120
12 118
12 55
12 87
12 88
12 56
12 59
12 60
12 112
12 61
12 94
12 95
12 96
12 113
12 63
13 66
13 67
13 114
13 99
13 18
13 69
13 19
13 103
13 20
13 71
13 72
13 22
13 122
13 25
13 26
13 73
13 105
13 27
13 29
13 74
13 33
13 36
13 37
13 38
13 39
13 123
13 40
13 78
13 124
13 41
13 42
13 79
13 81
13 45
13 48
13 83
13 52
13 53
13 54
13 120
13 118
13 55
13 88
13 90
13 59
13 60
13 112
13 91
13 92
13 62
13 95
13 63
13 97
14 98
14 67
14 16
14 17
14 100
14 121
14 68
14 18
14 69
14 19
14 103
14 20
14 122
14 23
14 25
14 31
14 106
14 107
14 33
14 34
14 35
14 37
14 77
14 39
14 123
14 41
14 80
14 81
14 115
14 44
14 45
14 109
14 48
14 125
14 117
14 126
14 53
14 54
14 120
14 118
14 55
14 89
14 57
14 58
14 61
14 94
14 95
14 96
14 113
14 63
14 127
14 97
15 98
15 67
15 99
15 121
15 68
15 18
15 70
15 19
15 102
15 119
15 103
15 20
15 71
15 21
15 72
15 22
15 23
15 104
15 25
15 26
15 73
15 29
15 30
15 31
15 74
15 32
15 107
15 33
15 75
15 123
15 40
15 124
15 42
15 79
15 80
15 43
15 109
15 47
15 116
15 49
15 125
15 110
15 53
15 86
15 118
15 56
15 90
15 57
15 59
15 60
15 112
15 91
15 92
15 93
15 95
15 64
15 97
16 98
16 65
16 17
16 100
16 121
16 69
16 70
16 19
16 102
16 20
16 24
16 26
16 105
16 27
16 29
16 30
16 31
16 107
16 33
16 76
16 108
16 77
16 39
16 40
16 78
16 124
16 41
16 79
16 115
16 44
16 47
16 48
16 82
16 50
16 110
16 117
16 126
16 83
16 52
16 53
16 120
16 55
16 57
16 59
16 112
16 92
16 93
16 63
16 64
16 35
16 85
16 86
16 80
16 89
16 103
16 74
16 37
16 56
16 81
16 45
17 98
17 66
17 67
17 114
17 100
17 121
17 18
17 19
17 102
17 103
17 20
17 71
17 21
17 72
17 122
17 23
17 104
17 73
17 105
17 29
17 30
17 31
17 74
17 107
17 76
17 38
17 39
17 40
17 41
17 79
17 81
17 115
17 44
17 45
17 109
17 82
17 125
17 110
17 126
17 83
17 51
17 52
17 53
17 54
17 85
17 87
17 88
17 58
17 59
17 112
17 61
17 93
17 94
17 95
17 97
18 66
18 99
18 121
18 70
18 102
18 119
18 103
18 71
18 23
18 104
18 24
18 25
18 26
18 73
18 30
18 31
18 32
18 33
18 75
18 108
18 37
18 77
18 38
18 123
18 78
18 124
18 42
18 80
18 81
18 45
18 109
18 47
18 48
18 82
18 116
18 50
18 126
18 84
18 53
18 55
18 87
18 89
18 90
18 58
18 59
18 60
18 94
18 95
18 96
18 113
18 127
19 98
19 65
19 66
19 67
19 114
19 99
19 100
19 68
19 69
19 102
19 119
19 103
19 20
19 72
19 104
19 24
19 73
19 27
19 28
19 75
19 34
19 76
19 108
19 35
19 36
19 37
19 77
19 38
19 39
19 123
19 124
19 41
19 80
19 81
19 115
19 45
19 109
19 46
19 47
19 48
19 82
19 116
19 110
19 117
19 126
19 84
19 53
19 85
19 86
19 120
19 118
19 87
19 89
19 111
19 56
19 90
19 58
19 59
19 112
19 61
19 93
19 62
19 94
19 95
19 63
19 64
19 44
19 74
19 83
20 98
20 65
20 69
20 101
20 102
20 103
20 71
20 22
20 122
20 23
20 24
20 25
20 27
20 30
20 31
20 32
20 107
20 33
20 75
20 108
20 37
20 77
20 39
20 40
20 78
20 124
20 79
20 80
20 43
20 45
20 109
20 47
20 126
20 83
20 53
20 54
20 86
20 55
20 89
20 111
20 58
20 112
20 91
20 94
20 96
20 113
20 63
21 67
21 114
21 121
21 68
21 71
21 122
21 25
21 73
21 27
21 30
21 74
21 106
21 33
21 75
21 76
21 108
21 35
21 36
21 77
21 38
21 39
21 123
21 80
21 81
21 46
21 82
21 116
21 125
21 50
21 110
21 117
21 84
21 53
21 54
21 86
21 120
21 55
21 111
21 59
21 91
21 92
21 61
21 94
21 95
21 63
21 97
22 66
22 99
22 68
22 69
22 101
22 119
22 122
22 104
22 26
22 105
22 32
22 33
22 75
22 34
22 35
22 36
22 77
22 39
22 40
22 78
22 79
22 80
22 43
22 109
22 47
22 82
22 125
22 50
22 117
22 51
22 52
22 84
22 53
22 54
22 86
22 55
22 87
22 90
22 57
22 59
22 60
22 112
22 91
22 61
22 93
22 94
22 95
22 96
22 127
22 97
23 66
23 67
23 101
23 70
23 102
23 119
23 71
23 24
23 26
23 105
23 28
23 30
23 74
23 32
23 106
23 35
23 37
23 38
23 40
23 78
23 41
23 42
23 79
23 81
23 44
23 48
23 125
23 117
23 126
23 83
23 88
23 111
23 58
23 92
23 93
23 95
23 63
23 127
24 65
24 66
24 67
24 99
24 121
24 101
24 70
24 102
24 119
24 122
24 25
24 73
24 28
24 29
24 30
24 74
24 32
24 34
24 36
24 77
24 39
24 40
24 78
24 80
24 43
24 45
24 109
24 46
24 47
24 82
24 50
24 52
24 54
24 85
24 118
24 55
24 87
24 89
24 57
24 58
24 91
24 92
24 93
24 62
24 96
24 113
24 63
25 65
25 99
25 100
25 121
25 102
25 119
25 72
25 122
25 104
25 73
25 29
25 31
25 32
25 106
25 107
25 75
25 35
25 77
25 38
25 123
25 40
25 41
25 81
25 44
25 46
25 48
25 125
25 50
25 110
25 117
25 83
25 52
25 53
25 85
25 118
25 87
25 88
25 89
25 111
25 56
25 90
25 57
25 59
25 60
25 112
25 92
25 96
25 113
25 63
25 97
26 67
26 99
26 100
26 121
26 68
26 101
26 70
26 102
26 119
26 103
26 72
26 122
26 104
26 105
26 27
26 28
26 30
26 32
26 106
26 33
26 108
26 77
26 39
26 123
26 79
26 80
26 115
26 109
26 46
26 47
26 48
26 82
26 49
26 125
26 110
26 117
26 126
26 83
26 51
26 52
26 84
26 53
26 54
26 85
26 86
26 118
26 89
26 111
26 58
26 59
26 60
26 91
26 61
26 93
26 62
26 95
26 63
26 97
27 98
27 67
27 114
27 99
27 121
27 69
27 70
27 103
27 71
27 104
27 105
27 28
27 29
27 30
27 74
27 106
27 107
27 33
27 76
27 35
27 37
27 38
27 123
27 40
27 80
27 43
27 115
27 109
27 46
27 48
27 82
27 110
27 117
27 52
27 53
27 54
27 85
27 86
27 120
27 118
27 87
27 89
27 56
27 57
27 112
27 91
27 61
27 113
27 63
27 64
27 44
27 81
27 83
27 45
28 98
28 65
28 66
28 114
28 100
28 69
28 101
28 119
28 103
28 71
28 122
28 105
28 30
28 31
28 74
28 32
28 106
28 33
28 38
28 78
28 41
28 42
28 79
28 80
28 115
28 109
28 46
28 47
28 82
28 110
28 117
28 126
28 51
28 120
28 118
28 55
28 89
28 56
28 90
28 57
28 58
28 59
28 60
28 91
28 62
28 96
28 113
28 63
28 64
28 127
29 66
29 67
29 114
29 99
29 100
29 101
29 103
29 71
29 122
29 104
29 73
29 105
29 30
29 31
29 33
29 75
29 77
29 39
29 78
29 124
29 41
29 81
29 115
29 47
29 48
29 82
29 49
29 117
29 126
29 83
29 52
29 84
29 53
29 85
29 118
29 87
29 111
29 59
29 112
29 93
29 94
29 95
29 113
29 127
29 97
30 66
30 67
30 114
30 100
30 121
30 68
30 69
30 102
30 119
30 103
30 72
30 74
30 107
30 76
30 108
30 36
30 37
30 77
30 123
30 40
30 42
30 80
30 43
30 115
30 109
30 47
30 125
30 110
30 126
30 83
30 51
30 52
30 53
30 54
30 86
30 55
30 89
30 56
30 90
30 59
30 60
30 112
30 92
30 94
30 96
30 63
30 64
30 127
30 97
31 66
31 67
31 114
31 99
31 121
31 69
31 70
31 102
31 119
31 104
31 73
31 105
31 74
31 106
31 107
31 33
31 75
31 76
31 108
31 123
31 40
31 78
31 80
31 43
31 44
31 45
31 46
31 47
31 48
31 110
31 117
31 83
31 51
31 52
31 53
31 54
31 120
31 118
31 55
31 87
31 89
31 56
31 90
31 57
31 58
31 59
31 60
31 112
31 92
31 62
31 94
31 96
31 127
32 65
32 66
32 67
32 114
32 99
32 121
32 68
32 101
32 102
32 119
32 103
32 71
32 72
32 122
32 73
32 105
32 106
32 107
32 75
32 76
32 35
32 37
32 77
32 38
32 78
32 124
32 80
32 81
32 115
32 45
32 109
32 82
32 49
32 125
32 50
32 110
32 117
32 126
32 83
32 51
32 52
32 84
32 54
32 86
32 120
32 118
32 55
32 58
32 59
32 60
32 112
32 92
32 61
32 94
32 95
32 96
32 113
32 64
32 127
33 98
33 66
33 67
33 119
33 71
33 122
33 107
33 76
33 108
33 35
33 40
33 78
33 81
33 115
33 45
33 49
33 110
33 117
33 126
33 83
33 53
33 85
33 120
33 118
33 55
33 111
33 56
33 90
33 57
33 59
33 112
33 91
33 93
33 96
33 64
34 65
34 67
34 114
34 99
34 121
34 68
34 69
34 101
34 70
34 102
34 119
34 103
34 105
34 74
34 106
34 107
34 108
34 36
34 77
34 39
34 123
34 40
34 78
34 124
34 41
34 42
34 81
34 109
34 46
34 47
34 82
34 116
34 50
34 110
34 117
34 126
34 51
34 52
34 84
34 54
34 85
34 118
34 88
34 90
34 57
34 59
34 112
34 92
34 61
34 94
34 95
34 113
34 63
35 98
35 114
35 100
35 121
35 68
35 70
35 119
35 103
35 71
35 72
35 122
35 74
35 107
35 75
35 76
35 37
35 39
35 123
35 40
35 124
35 80
35 43
35 115
35 44
35 47
35 48
35 82
35 49
35 125
35 110
35 126
35 83
35 51
35 84
35 53
35 54
35 85
35 86
35 120
35 87
35 88
35 89
35 111
35 90
35 59
35 60
35 112
35 93
35 62
35 63
35 64
35 127
35 97
35 56
35 81
35 45
36 98
36 67
36 114
36 99
36 100
36 69
36 70
36 102
36 103
36 122
36 106
36 107
36 76
36 108
36 37
36 38
36 39
36 123
36 115
36 44
36 45
36 109
36 48
36 82
36 49
36 125
36 50
36 110
36 51
36 84
36 53
36 54
36 85
36 118
36 55
36 87
36 89
36 56
36 90
36 57
36 59
36 60
36 92
36 61
36 93
36 62
36 63
37 66
37 99
37 100
37 68
37 101
37 70
37 71
37 72
37 104
37 73
37 106
37 107
37 76
37 108
37 77
37 39
37 123
37 79
37 80
37 45
37 46
37 47
37 48
37 50
37 110
37 53
37 54
37 86
37 118
37 55
37 87
37 56
37 90
37 93
37 62
37 64
37 97
37 85
37 89
37 103
37 44
37 74
37 120
37 81
37 83
38 98
38 65
38 114
38 99
38 100
38 68
38 101
38 102
38 103
38 72
38 122
38 104
38 73
38 105
38 75
38 77
38 123
38 40
38 41
38 79
38 80
38 81
38 45
38 82
38 125
38 110
38 117
38 126
38 51
38 52
38 84
38 53
38 85
38 87
38 88
38 89
38 90
38 58
38 59
38 112
38 92
38 62
38 64
39 67
39 114
39 100
39 121
39 69
39 70
39 102
39 103
39 104
39 106
39 76
39 77
39 78
39 124
39 41
39 79
39 80
39 109
39 47
39 48
39 82
39 116
39 49
39 125
39 126
39 51
39 53
39 54
39 85
39 120
39 55
39 88
39 56
39 90
39 57
39 58
39 91
39 93
39 62
39 94
39 96
39 127
39 97
40 98
40 65
40 66
40 114
40 99
40 100
40 121
40 68
40 101
40 70
40 103
40 72
40 104
40 73
40 105
40 107
40 108
40 123
40 41
40 79
40 80
40 43
40 81
40 44
40 45
40 109
40 46
40 47
40 116
40 126
40 51
40 52
40 84
40 85
40 120
40 118
40 55
40 87
40 88
40 89
40 90
40 58
40 59
40 112
40 61
40 93
40 62
40 94
40 95
40 64
40 97
41 101
41 102
41 71
41 72
41 122
41 74
41 107
41 75
41 76
41 108
41 123
41 79
41 80
41 43
41 115
41 47
41 116
41 125
41 50
41 52
41 84
41 120
41 118
41 87
41 57
41 59
41 60
41 112
41 61
41 93
41 62
41 94
41 95
41 96
41 113
41 63
41 64
41 127
41 97
42 98
42 66
42 100
42 68
42 119
42 103
42 71
42 122
42 105
42 74
42 106
42 75
42 108
42 78
42 124
42 79
42 80
42 43
42 44
42 46
42 49
42 117
42 126
42 52
42 84
42 53
42 85
42 86
42 120
42 88
42 89
42 57
42 91
42 92
42 61
42 94
42 95
42 64
42 97
43 98
43 67
43 114
43 99
43 100
43 68
43 101
43 70
43 102
43 71
43 122
43 73
43 74
43 107
43 76
43 77
43 80
43 45
43 47
43 48
43 49
43 50
43 117
43 126
43 51
43 84
43 53
43 54
43 85
43 118
43 88
43 90
43 58
43 112
43 62
43 95
43 96
43 127
43 97
44 98
44 65
44 66
44 67
44 100
44 69
44 103
44 72
44 104
44 73
44 105
44 76
44 108
44 123
44 78
44 79
44 115
44 45
44 46
44 47
44 82
44 49
44 125
44 110
44 126
44 53
44 54
44 87
44 88
44 57
44 58
44 112
44 93
44 94
44 95
44 97
44 64
44 85
44 86
44 80
44 89
44 74
44 120
44 56
44 81
44 83
45 66
45 114
45 99
45 100
45 69
45 101
45 103
45 72
45 106
45 108
45 123
45 78
45 79
45 48
45 82
45 116
45 49
45 125
45 50
45 117
45 126
45 52
45 84
45 85
45 120
45 88
45 89
45 111
45 56
45 90
45 57
45 59
45 112
45 92
45 93
45 62
45 94
45 95
45 96
45 64
45 86
45 80
45 74
45 81
45 83
46 66
46 67
46 121
46 68
46 101
46 70
46 102
46 71
46 72
46 104
46 73
46 105
46 74
46 106
46 107
46 77
46 78
46 124
46 79
46 81
46 49
46 110
46 83
46 51
46 52
46 54
46 86
46 55
46 87
46 88
46 89
46 111
46 58
46 59
46 91
46 94
46 95
46 96
46 63
46 127
46 97
47 98
47 65
47 114
47 99
47 121
47 69
47 101
47 103
47 72
47 73
47 105
47 74
47 107
47 76
47 79
47 80
47 81
47 48
47 49
47 125
47 110
47 117
47 126
47 51
47 52
47 84
47 53
47 54
47 88
47 111
47 91
47 92
47 61
47 94
47 96
47 113
47 63
47 127
47 97
48 65
48 114
48 100
48 121
48 68
48 72
48 122
48 73
48 74
48 106
48 107
48 108
48 123
48 79
48 82
48 49
48 50
48 110
48 52
48 84
48 54
48 85
48 88
48 56
48 59
48 60
48 93
48 62
48 96
48 113
48 63
48 127
49 67
49 99
49 68
49 101
49 102
49 71
49 73
49 74
49 106
49 107
49 75
49 76
49 123
49 124
49 79
49 81
49 115
49 109
49 82
49 116
49 126
49 51
49 54
49 85
49 120
49 118
49 55
49 87
49 88
49 56
49 57
49 58
49 60
49 112
49 91
49 92
49 93
49 62
49 96
49 113
49 64
49 127
49 97
50 66
50 67
50 69
50 101
50 70
50 119
50 71
50 72
50 104
50 73
50 74
50 106
50 107
50 75
50 108
50 78
50 124
50 79
50 80
50 81
50 82
50 116
50 126
50 83
50 84
50 53
50 120
50 118
50 111
50 56
50 90
50 57
50 58
50 59
50 60
50 92
50 61
50 93
50 62
50 94
50 95
50 64
50 127
51 98
51 67
51 100
51 119
51 103
51 71
51 72
51 122
51 73
51 105
51 106
51 107
51 77
51 79
51 80
51 81
51 82
51 52
51 53
51 54
51 86
51 120
51 55
51 111
51 59
51 60
51 112
51 91
51 61
51 62
51 96
51 63
51 64
51 127
52 98
52 65
52 67
52 100
52 68
52 102
52 72
52 104
52 107
52 75
52 76
52 77
52 124
52 79
52 115
52 109
52 116
52 125
52 126
52 84
52 53
52 54
52 85
52 118
52 88
52 90
52 58
52 60
52 91
52 93
52 62
52 113
52 63
52 97
53 65
53 67
53 114
53 99
53 100
53 69
53 70
53 102
53 119
53 103
53 72
53 122
53 104
53 73
53 74
53 75
53 108
53 123
53 124
53 116
53 117
53 126
53 86
53 118
53 55
53 87
53 88
53 89
53 56
53 90
53 59
53 60
53 91
53 61
53 93
53 94
53 95
53 127
53 97
54 65
54 66
54 67
54 114
54 99
54 100
54 121
54 69
54 70
54 102
54 119
54 71
54 72
54 73
54 105
54 106
54 107
54 75
54 76
54 108
54 123
54 78
54 80
54 115
54 109
54 116
54 110
54 126
54 83
54 84
54 85
54 88
54 89
54 111
54 57
54 60
54 91
54 61
54 93
54 94
54 96
55 67
55 99
55 68
55 69
55 70
55 102
55 71
55 72
55 122
55 104
55 73
55 105
55 74
55 106
55 75
55 76
55 108
55 79
55 80
55 109
55 125
55 126
55 85
55 86
55 118
55 87
55 88
55 90
55 58
55 59
55 60
55 112
55 93
55 95
55 96
55 63
55 64
56 98
56 65
56 66
56 67
56 114
56 70
56 119
56 72
56 104
56 74
56 76
56 77
56 123
56 124
56 79
56 109
56 125
56 117
56 126
56 118
56 87
56 88
56 90
56 59
56 60
56 62
56 94
56 95
56 63
56 64
56 85
56 86
56 80
56 89
56 103
56 120
56 81
56 83
57 67
57 114
57 99
57 100
57 121
57 68
57 69
57 70
57 102
57 119
57 103
57 72
57 104
57 106
57 124
57 80
57 109
57 82
57 125
57 126
57 120
57 118
57 87
57 88
57 90
57 58
57 60
57 91
57 93
57 62
57 94
57 95
57 113
57 63
57 127
57 97
58 98
58 65
58 66
58 114
58 121
58 119
58 103
58 71
58 122
58 73
58 105
58 74
58 106
58 77
58 78
58 80
58 81
58 116
58 110
58 84
58 88
58 60
58 91
58 92
58 61
58 63
59 98
59 65
59 66
59 67
59 114
59 99
59 121
59 101
59 70
59 102
59 103
59 71
59 72
59 122
59 73
59 105
59 76
59 77
59 124
59 115
59 109
59 82
59 116
59 125
59 110
59 117
59 126
59 84
59 85
59 86
59 120
59 118
59 89
59 111
59 91
59 92
59 61
59 93
59 95
59 96
59 113
59 127
59 97
60 65
60 66
60 67
60 114
60 100
60 68
60 69
60 102
60 71
60 72
60 122
60 74
60 106
60 75
60 108
60 78
60 124
60 79
60 81
60 115
60 109
60 116
60 125
60 110
60 126
60 84
60 85
60 86
60 87
60 111
60 91
60 92
60 93
60 94
60 95
60 113
60 64
60 127
60 97
61 98
61 114
61 99
61 68
61 69
61 101
61 70
61 119
61 103
61 72
61 122
61 104
61 73
61 106
61 107
61 75
61 76
61 77
61 78
61 80
61 81
61 115
61 109
61 82
61 117
61 84
61 85
61 120
61 118
61 89
61 111
61 112
61 91
61 93
61 62
61 95
61 96
61 63
61 127
62 98
62 99
62 121
62 68
62 69
62 71
62 72
62 73
62 105
62 74
62 75
62 108
62 77
62 123
62 78
62 124
62 80
62 81
62 109
62 125
62 117
62 83
62 84
62 86
62 120
62 118
62 88
62 89
62 111
62 90
62 112
62 93
62 96
62 64
63 98
63 65
63 66
63 67
63 114
63 99
63 68
63 69
63 101
63 103
63 72
63 122
63 104
63 74
63 106
63 75
63 76
63 123
63 78
63 79
63 80
63 109
63 82
63 125
63 110
63 117
63 85
63 120
63 118
63 87
63 89
63 111
63 90
63 91
63 93
63 94
63 95
63 127
64 65
64 66
64 67
64 68
64 101
64 102
64 119
64 103
64 122
64 105
64 106
64 76
64 108
64 123
64 78
64 124
64 80
64 81
64 109
64 116
64 125
64 117
64 126
64 85
64 86
64 89
64 111
64 90
64 112
64 92
64 93
64 94
64 95
64 96
64 113
64 97
64 74
64 120
64 83
65 114
65 99
65 100
65 72
65 104
65 105
65 74
65 106
65 124
65 79
65 81
65 115
65 109
65 82
65 110
65 117
65 83
65 85
65 120
65 118
65 89
65 91
65 92
65 94
65 113
65 127
66 98
66 67
66 114
66 99
66 100
66 68
66 101
66 119
66 104
66 73
66 75
66 76
66 108
66 78
66 124
66 80
66 115
66 82
66 116
66 110
66 117
66 83
66 86
66 87
66 88
66 89
66 111
66 90
66 91
66 96
66 113
66 127
67 98
67 99
67 121
67 102
67 71
67 104
67 73
67 106
67 107
67 108
67 124
67 79
67 115
67 109
67 82
67 116
67 83
67 85
67 88
67 89
67 112
67 92
67 96
67 113
67 127
68 114
68 99
68 69
68 71
68 72
68 122
68 104
68 105
68 106
68 77
68 123
68 78
68 81
68 115
68 109
68 82
68 110
68 117
68 126
68 84
68 86
68 118
68 87
68 89
68 90
68 112
68 91
68 93
68 95
68 127
69 99
69 71
69 72
69 122
69 104
69 73
69 105
69 76
69 108
69 77
69 78
69 80
69 81
69 125
69 117
69 83
69 118
69 87
69 88
69 89
69 111
69 92
69 93
69 94
69 95
69 97
70 98
70 121
70 101
70 102
70 72
70 104
70 73
70 107
70 76
70 123
70 78
70 79
70 81
70 110
70 117
70 83
70 84
70 85
70 86
70 120
70 89
70 111
70 90
70 91
70 92
70 94
70 96
70 113
71 114
71 121
71 101
71 102
71 103
71 72
71 104
71 106
71 107
71 75
71 108
71 77
71 78
71 81
71 115
71 109
71 82
71 116
71 117
71 126
71 83
71 84
71 85
71 118
71 87
71 88
71 111
71 112
71 91
71 96
71 113
71 127
71 97
72 98
72 100
72 104
72 73
72 74
72 107
72 76
72 108
72 78
72 80
72 81
72 115
72 82
72 110
72 83
72 84
72 120
72 118
72 87
72 111
72 90
72 112
72 91
72 96
72 97
73 98
73 121
73 102
73 103
73 104
73 105
73 107
73 108
73 77
73 124
73 80
73 116
73 125
73 117
73 84
73 120
73 87
73 88
73 90
73 112
73 91
73 92
73 93
73 97
74 114
74 121
74 102
74 119
74 104
74 105
74 77
74 78
74 124
74 79
74 80
74 81
74 82
74 116
74 125
74 110
74 117
74 83
74 84
74 86
74 120
74 89
74 90
74 112
74 94
74 95
74 127
74 85
74 103
75 98
75 114
75 100
75 101
75 119
75 103
75 122
75 104
75 105
75 106
75 107
75 76
75 123
75 79
75 81
75 82
75 116
75 110
75 85
75 91
75 95
75 96
75 113
75 127
75 97
76 121
76 103
76 122
76 105
76 106
76 107
76 108
76 78
76 124
76 115
76 109
76 82
76 116
76 125
76 110
76 83
76 84
76 85
76 86
76 120
76 87
76 90
76 112
76 91
76 96
76 113
76 97
77 99
77 100
77 121
77 103
77 122
77 105
77 107
77 78
77 124
77 79
77 80
77 109
77 116
77 125
77 117
77 86
77 87
77 88
77 111
77 90
77 94
77 127
78 99
78 100
78 121
78 119
78 104
78 105
78 106
78 124
78 82
78 116
78 83
78 85
78 120
78 118
78 87
78 89
78 90
78 112
78 94
78 96
79 98
79 114
79 121
79 102
79 119
79 103
79 122
79 104
79 105
79 106
79 108
79 123
79 124
79 81
79 115
79 125
79 126
79 84
79 120
79 118
79 87
79 90
79 94
79 96
79 97
80 114
80 100
80 121
80 119
80 103
80 122
80 107
80 124
80 81
80 115
80 117
80 126
80 83
80 85
80 86
80 87
80 89
80 111
80 90
80 112
80 93
80 94
80 95
80 113
80 97
80 120
81 99
81 100
81 101
81 103
81 104
81 107
81 123
81 124
81 109
81 110
81 117
81 126
81 85
81 86
81 120
81 89
81 111
81 91
81 92
81 93
81 113
81 97
81 83
82 98
82 114
82 100
82 119
82 103
82 104
82 105
82 108
82 124
82 116
82 85
82 86
82 90
82 112
82 93
82 95
82 96
83 98
83 100
83 121
83 102
83 119
83 103
83 122
83 104
83 106
83 124
83 115
83 109
83 116
83 125
83 84
83 85
83 86
83 118
83 87
83 89
83 111
83 90
83 112
83 95
83 96
83 127
83 120
84 99
84 102
84 119
84 106
84 124
84 109
84 116
84 125
84 117
84 126
84 85
84 86
84 120
84 118
84 87
84 88
84 111
84 112
84 92
84 95
84 97
85 99
85 100
85 121
85 101
85 102
85 103
85 106
85 107
85 108
85 123
85 115
85 110
85 117
85 86
85 87
85 88
85 89
85 93
85 94
85 113
85 127
85 97
85 120
86 98
86 114
86 99
86 121
86 103
86 104
86 106
86 107
86 108
86 115
86 109
86 116
86 117
86 126
86 118
86 87
86 88
86 89
86 112
86 92
86 93
86 96
86 97
86 120
87 100
87 101
87 103
87 122
87 104
87 106
87 124
87 115
87 125
87 110
87 88
87 111
87 90
87 91
87 94
87 95
87 96
87 127
87 97
88 99
88 100
88 101
88 102
88 122
88 104
88 105
88 106
88 107
88 108
88 123
88 124
88 115
88 116
88 110
88 126
88 118
88 111
88 112
88 91
88 92
88 94
88 96
88 113
88 127
89 114
89 103
89 122
89 104
89 105
89 107
89 123
89 109
89 117
89 120
89 90
89 91
89 92
89 93
89 94
89 127
90 114
90 99
90 100
90 121
90 102
90 119
90 103
90 106
90 107
90 108
90 123
90 109
90 116
90 110
90 117
90 118
90 111
90 92
90 93
90 94
90 95
90 97
91 114
91 100
91 119
91 103
91 122
91 104
91 106
91 107
91 108
91 124
91 115
91 109
91 116
91 125
91 110
91 117
91 126
91 118
91 112
91 92
91 93
91 94
91 96
92 98
92 114
92 100
92 101
92 122
92 104
92 106
92 123
92 124
92 109
92 116
92 110
92 126
92 120
92 112
92 94
92 96
92 113
92 97
93 98
93 101
93 122
93 104
93 106
93 123
93 124
93 115
93 109
93 116
93 118
93 113
93 127
94 99
94 101
94 102
94 122
94 105
94 107
94 123
94 124
94 115
94 109
94 116
94 110
94 117
94 120
94 118
94 111
94 95
95 98
95 114
95 100
95 101
95 103
95 122
95 104
95 105
95 107
95 108
95 123
95 115
95 116
95 125
95 110
95 120
95 112
95 113
95 127
95 97
96 98
96 99
96 100
96 121
96 101
96 102
96 104
96 106
96 108
96 115
96 109
96 116
96 117
96 120
96 111
96 112
96 113
96 127
96 97
97 98
97 100
97 121
97 103
97 122
97 105
97 108
97 124
97 116
97 125
97 118
97 112
98 114
98 99
98 100
98 121
98 101
98 105
98 106
98 115
98 109
98 116
98 125
98 110
98 126
98 120
98 118
98 112
98 113
99 100
99 119
99 103
99 122
99 104
99 105
99 107
99 108
99 123
99 124
99 115
99 116
99 110
99 117
99 126
99 111
99 112
99 113
99 127
100 102
100 103
100 122
100 106
100 107
100 124
100 115
100 116
100 110
100 126
100 111
100 127
101 114
101 102
101 122
101 107
101 123
101 109
101 116
101 110
101 117
101 127
102 105
102 115
102 125
102 110
102 120
102 112
102 113
102 119
102 122
102 107
102 124
102 111
102 127
103 121
103 105
103 106
103 115
103 109
103 116
103 125
103 126
103 120
103 118
103 119
103 122
103 104
103 107
103 123
103 124
103 117
103 111
104 121
104 105
104 106
104 115
104 109
104 116
104 125
104 126
104 120
104 113
104 119
104 107
104 123
104 127
105 119
105 122
105 106
105 123
105 124
105 109
105 116
105 110
105 126
105 118
105 111
105 127
106 114
106 107
106 115
106 116
106 110
106 117
106 126
106 111
106 113
106 127
107 109
107 125
107 126
107 120
107 118
107 112
107 119
107 122
107 124
108 114
108 121
108 115
108 109
108 110
108 118
108 113
108 124
108 111
108 127
109 121
109 122
109 116
109 126
109 118
109 127
110 114
110 121
110 115
110 116
110 119
110 122
110 124
110 120
110 118
110 111
110 112
110 113
111 114
111 115
111 116
111 126
111 118
111 112
111 119
111 117
111 127
112 121
112 120
112 122
112 124
112 127
113 114
113 125
113 126
113 120
113 118
113 123
113 124
113 117
113 127
114 121
114 123
114 124
114 116
114 117
114 120
115 124
115 117
115 120
115 118
116 119
116 117
116 126
116 120
116 118
116 127
117 126
117 120
117 119
117 123
117 127
118 125
118 122
118 124
119 126
119 124
119 122
120 121
120 122
121 123
121 124
121 125
121 126
122 125
122 124
122 123
123 125
123 124
123 127
124 125
124 126
125 127
