0 1
0 2
0 3
0 5
0 6
0 8
0 9
0 10
0 11
0 12
0 13
0 14
0 15
0 16
0 17
0 18
0 19
0 20
0 21
0 22
0 23
0 24
0 25
0 26
0 27
0 28
0 29
0 30
0 31
0 32
0 33
0 34
0 35
0 36
0 37
0 38
0 39
0 40
0 41
0 42
0 43
0 44
0 45
0 46
0 47
0 48
0 49
0 50
0 51
0 52
0 53
0 54
0 55
0 56
0 57
0 58
0 59
0 60
0 61
0 62
0 63
0 64
0 65
0 66
0 67
0 68
0 69
0 70
0 71
1 2
1 72
1 73
1 7
1 9
1 74
1 11
1 75
1 13
1 14
1 15
1 76
1 16
1 77
1 78
1 79
1 22
1 24
1 25
1 26
1 80
1 27
1 28
1 81
1 30
1 82
1 83
1 84
1 32
1 85
1 34
1 86
1 37
1 87
1 88
1 45
1 47
1 89
1 90
1 51
1 91
1 92
1 93
1 54
1 94
1 57
1 59
1 95
1 96
1 61
1 62
1 97
1 63
1 64
1 98
1 65
1 99
1 66
1 68
1 100
1 69
1 101
2 102
2 3
2 4
2 103
2 5
2 7
2 8
2 9
2 10
2 14
2 104
2 15
2 76
2 105
2 16
2 77
2 18
2 19
2 23
2 107
2 25
2 26
2 80
2 27
2 108
2 109
2 29
2 30
2 31
2 83
2 84
2 32
2 85
2 33
2 34
2 110
2 35
2 111
2 37
2 39
2 87
2 41
2 44
2 45
2 112
2 51
2 53
2 93
2 54
2 94
2 56
2 58
2 113
2 96
2 62
2 97
2 114
2 64
2 98
2 65
2 99
2 66
2 67
2 68
2 100
2 69
2 70
3 103
3 115
3 7
3 8
3 116
3 74
3 12
3 77
3 18
3 79
3 22
3 23
3 24
3 108
3 28
3 33
3 38
3 39
3 43
3 44
3 88
3 45
3 46
3 47
3 48
3 89
3 112
3 49
3 50
3 51
3 52
3 117
3 91
3 93
3 54
3 113
3 59
3 96
3 62
3 118
3 98
3 99
3 66
3 70
3 71
3 124
3 60
3 84
3 67
3 19
3 106
3 4
3 31
3 81
4 73
4 7
4 8
4 116
4 74
4 75
4 13
4 14
4 104
4 119
4 76
4 105
4 18
4 19
4 79
4 20
4 21
4 22
4 23
4 24
4 25
4 26
4 80
4 28
4 109
4 30
4 110
4 35
4 36
4 37
4 88
4 45
4 120
4 112
4 49
4 90
4 117
4 53
4 54
4 94
4 57
4 58
4 95
4 121
4 97
4 114
4 118
4 65
4 99
4 66
4 69
4 71
4 44
4 124
4 50
4 60
4 115
4 77
4 84
4 67
4 108
4 106
4 31
4 81
5 102
5 103
5 115
5 73
5 7
5 116
5 9
5 10
5 74
5 11
5 75
5 12
5 13
5 104
5 122
5 119
5 15
5 76
5 105
5 16
5 78
5 19
5 79
5 21
5 23
5 24
5 107
5 80
5 108
5 31
5 84
5 85
5 33
5 34
5 111
5 41
5 42
5 43
5 88
5 120
5 46
5 89
5 112
5 49
5 50
5 51
5 52
5 53
5 92
5 123
5 54
5 55
5 94
5 58
5 113
5 59
5 95
5 61
5 62
5 97
5 98
5 124
5 125
5 99
5 68
5 101
5 71
6 102
6 103
6 115
6 72
6 7
6 116
6 10
6 74
6 12
6 13
6 122
6 119
6 15
6 105
6 16
6 17
6 77
6 106
6 78
6 79
6 23
6 126
6 107
6 26
6 80
6 27
6 109
6 30
6 82
6 83
6 84
6 32
6 85
6 33
6 35
6 86
6 111
6 37
6 42
6 44
6 45
6 120
6 46
6 49
6 51
6 91
6 93
6 55
6 94
6 57
6 58
6 95
6 121
6 61
6 62
6 97
6 114
6 98
6 124
6 65
6 125
6 66
6 68
6 70
7 103
7 72
7 116
7 10
7 12
7 122
7 16
7 17
7 21
7 22
7 23
7 24
7 107
7 80
7 28
7 109
7 31
7 85
7 36
7 38
7 42
7 44
7 120
7 89
7 51
7 53
7 123
7 94
7 57
7 58
7 113
7 59
7 121
7 96
7 97
7 114
7 63
7 124
7 125
7 100
7 101
7 49
7 45
7 99
7 50
7 60
7 117
7 115
7 77
7 84
7 67
7 19
7 108
7 106
7 81
8 102
8 103
8 115
8 72
8 116
8 74
8 13
8 122
8 17
8 78
8 19
8 79
8 20
8 22
8 24
8 107
8 25
8 80
8 81
8 30
8 84
8 32
8 110
8 35
8 86
8 111
8 36
8 37
8 38
8 40
8 43
8 44
8 45
8 120
8 47
8 48
8 89
8 112
8 90
8 51
8 52
8 53
8 91
8 92
8 93
8 55
8 94
8 56
8 95
8 121
8 60
8 96
8 63
8 64
8 118
8 124
8 65
8 125
8 66
8 68
8 101
9 72
9 116
9 11
9 75
9 12
9 13
9 104
9 122
9 119
9 15
9 76
9 16
9 17
9 106
9 20
9 21
9 23
9 24
9 107
9 25
9 27
9 108
9 109
9 81
9 30
9 33
9 34
9 110
9 35
9 86
9 111
9 36
9 39
9 40
9 44
9 88
9 45
9 120
9 46
9 47
9 89
9 112
9 49
9 90
9 52
9 117
9 53
9 92
9 123
9 54
9 57
9 58
9 121
9 61
9 62
9 97
9 114
9 64
9 98
9 124
9 65
9 125
9 99
9 66
9 68
9 100
9 69
10 102
10 116
10 74
10 13
10 14
10 104
10 122
10 119
10 76
10 127
10 16
10 18
10 79
10 24
10 126
10 107
10 26
10 80
10 108
10 28
10 109
10 30
10 82
10 85
10 110
10 86
10 111
10 37
10 38
10 40
10 42
10 45
10 120
10 89
10 49
10 52
10 53
10 91
10 92
10 93
10 123
10 54
10 94
10 58
10 121
10 96
10 61
10 62
10 114
10 118
10 124
10 68
10 100
10 69
10 70
11 115
11 72
11 13
11 119
11 76
11 105
11 16
11 17
11 77
11 106
11 78
11 19
11 79
11 21
11 24
11 109
11 29
11 30
11 31
11 82
11 84
11 32
11 85
11 33
11 34
11 36
11 37
11 39
11 40
11 41
11 44
11 88
11 120
11 46
11 89
11 49
11 91
11 54
11 94
11 57
11 113
11 59
11 95
11 121
11 60
11 96
11 97
11 114
11 63
11 64
11 98
11 65
11 100
11 69
11 71
12 103
12 116
12 74
12 14
12 104
12 76
12 127
12 16
12 17
12 77
12 18
12 23
12 24
12 126
12 107
12 25
12 108
12 109
12 29
12 30
12 82
12 34
12 110
12 35
12 38
12 39
12 40
12 87
12 41
12 42
12 43
12 44
12 120
12 47
12 112
12 49
12 90
12 50
12 51
12 91
12 93
12 123
12 94
12 57
12 58
12 113
12 59
12 121
12 61
12 62
12 63
12 118
12 98
12 124
12 65
12 66
12 67
12 100
12 69
13 72
13 116
13 14
13 104
13 15
13 127
13 18
13 21
13 23
13 24
13 107
13 26
13 27
13 108
13 29
13 31
13 83
13 84
13 32
13 85
13 34
13 35
13 86
13 36
13 37
13 38
13 87
13 42
13 44
13 45
13 120
13 46
13 48
13 112
13 49
13 52
13 117
13 53
13 92
13 93
13 94
13 56
13 58
13 113
13 61
13 63
13 98
13 125
13 99
13 100
13 69
13 70
13 101
14 115
14 72
14 73
14 75
14 104
14 119
14 127
14 16
14 17
14 77
14 106
14 78
14 20
14 21
14 22
14 23
14 107
14 25
14 108
14 109
14 31
14 82
14 33
14 34
14 35
14 86
14 111
14 39
14 87
14 41
14 43
14 44
14 88
14 45
14 48
14 89
14 112
14 49
14 52
14 123
14 55
14 94
14 57
14 113
14 59
14 60
14 62
14 118
14 124
14 67
14 68
14 100
14 70
14 101
15 72
15 73
15 116
15 75
15 104
15 119
15 17
15 77
15 106
15 19
15 21
15 22
15 24
15 126
15 25
15 26
15 80
15 109
15 31
15 32
15 85
15 33
15 34
15 110
15 86
15 111
15 38
15 87
15 41
15 42
15 43
15 88
15 120
15 46
15 47
15 48
15 50
15 51
15 52
15 117
15 53
15 91
15 93
15 57
15 59
15 60
15 96
15 61
15 62
15 64
15 118
15 124
15 66
15 67
15 68
15 100
15 70
15 101
15 71
16 102
16 103
16 74
16 76
16 17
16 106
16 20
16 21
16 126
16 26
16 80
16 108
16 30
16 82
16 85
16 33
16 110
16 86
16 111
16 37
16 39
16 40
16 87
16 42
16 45
16 47
16 48
16 89
16 49
16 50
16 51
16 117
16 53
16 92
16 123
16 55
16 94
16 57
16 113
16 59
16 96
16 61
16 62
16 63
16 64
16 118
16 98
16 66
16 69
16 101
17 102
17 72
17 116
17 75
17 122
17 76
17 105
17 18
17 106
17 78
17 79
17 23
17 24
17 126
17 107
17 25
17 108
17 28
17 109
17 30
17 31
17 82
17 84
17 32
17 85
17 34
17 110
17 35
17 86
17 38
17 43
17 44
17 88
17 46
17 48
17 117
17 91
17 92
17 121
17 96
17 61
17 64
17 118
17 99
17 67
17 68
17 69
17 70
17 71
18 102
18 103
18 115
18 74
18 104
18 119
18 76
18 105
18 106
18 78
18 79
18 20
18 126
18 80
18 27
18 109
18 29
18 83
18 32
18 85
18 38
18 39
18 87
18 41
18 42
18 43
18 44
18 45
18 120
18 48
18 89
18 50
18 52
18 117
18 53
18 91
18 92
18 93
18 123
18 55
18 94
18 95
18 121
18 97
18 114
18 63
18 118
18 98
18 65
18 125
18 66
18 67
18 100
18 69
18 70
18 101
19 102
19 115
19 72
19 116
19 74
19 105
19 22
19 107
19 80
19 108
19 28
19 109
19 29
19 32
19 85
19 34
19 110
19 35
19 86
19 36
19 37
19 40
19 41
19 120
19 47
19 51
19 52
19 117
19 53
19 92
19 123
19 55
19 56
19 113
19 121
19 97
19 63
19 124
19 99
19 66
19 69
19 101
19 44
19 49
19 45
19 50
19 60
19 77
19 84
19 67
19 106
19 31
19 81
20 102
20 72
20 75
20 105
20 127
20 106
20 79
20 21
20 22
20 23
20 126
20 25
20 28
20 30
20 82
20 83
20 32
20 85
20 34
20 35
20 111
20 38
20 39
20 43
20 44
20 45
20 120
20 46
20 47
20 48
20 112
20 90
20 52
20 117
20 123
20 55
20 58
20 95
20 60
20 96
20 61
20 114
20 65
20 70
20 71
21 103
21 74
21 122
21 119
21 105
21 127
21 77
21 23
21 24
21 80
21 28
21 109
21 81
21 30
21 82
21 83
21 84
21 85
21 33
21 34
21 86
21 111
21 37
21 38
21 41
21 42
21 43
21 44
21 47
21 48
21 89
21 50
21 53
21 91
21 92
21 55
21 56
21 57
21 58
21 59
21 95
21 60
21 61
21 97
21 114
21 63
21 65
21 125
21 99
21 67
21 69
21 70
21 101
22 103
22 115
22 72
22 73
22 116
22 74
22 104
22 122
22 119
22 76
22 105
22 127
22 78
22 79
22 23
22 24
22 126
22 80
22 27
22 108
22 109
22 29
22 30
22 31
22 85
22 33
22 86
22 36
22 37
22 38
22 40
22 87
22 41
22 42
22 43
22 44
22 47
22 48
22 89
22 112
22 53
22 91
22 92
22 93
22 55
22 58
22 95
22 60
22 96
22 97
22 63
22 64
22 98
22 99
22 67
22 100
22 101
22 71
23 102
23 115
23 72
23 74
23 75
23 104
23 119
23 79
23 126
23 26
23 80
23 27
23 108
23 28
23 81
23 82
23 83
23 85
23 110
23 35
23 111
23 37
23 38
23 39
23 41
23 43
23 45
23 120
23 47
23 89
23 90
23 50
23 51
23 117
23 123
23 58
23 113
23 121
23 60
23 96
23 61
23 62
23 97
23 114
23 64
23 118
23 98
23 124
23 99
23 66
23 100
23 69
23 70
23 101
23 71
24 102
24 116
24 75
24 119
24 76
24 105
24 78
24 79
24 107
24 25
24 108
24 109
24 81
24 29
24 30
24 83
24 84
24 85
24 34
24 110
24 35
24 86
24 111
24 37
24 40
24 87
24 41
24 42
24 88
24 120
24 48
24 89
24 112
24 117
24 53
24 92
24 54
24 55
24 56
24 113
24 59
24 121
24 60
24 62
24 63
24 98
24 65
24 125
24 99
24 66
24 68
24 100
24 69
24 70
24 71
25 116
25 74
25 75
25 104
25 127
25 78
25 27
25 108
25 109
25 84
25 85
25 33
25 35
25 111
25 36
25 39
25 40
25 41
25 42
25 44
25 45
25 112
25 49
25 50
25 52
25 117
25 53
25 92
25 93
25 123
25 54
25 56
25 57
25 95
25 121
25 60
25 62
25 63
25 64
25 118
25 98
25 124
25 65
25 99
25 68
25 69
25 71
26 102
26 116
26 122
26 106
26 79
26 80
26 108
26 28
26 81
26 30
26 85
26 34
26 36
26 40
26 87
26 41
26 42
26 45
26 120
26 48
26 49
26 90
26 52
26 91
26 92
26 93
26 54
26 55
26 94
26 56
26 113
26 95
26 121
26 60
26 96
26 61
26 62
26 63
26 64
26 124
26 125
26 66
26 100
26 101
26 71
27 102
27 103
27 115
27 73
27 74
27 75
27 76
27 105
27 77
27 106
27 79
27 126
27 80
27 108
27 28
27 109
27 29
27 30
27 31
27 83
27 84
27 85
27 86
27 36
27 38
27 87
27 41
27 43
27 45
27 46
27 48
27 49
27 90
27 50
27 117
27 53
27 93
27 123
27 54
27 55
27 56
27 57
27 58
27 113
27 95
27 121
27 60
27 61
27 62
27 97
27 63
27 65
27 125
27 67
27 100
27 69
27 101
28 103
28 115
28 72
28 73
28 122
28 119
28 77
28 78
28 126
28 107
28 108
28 82
28 83
28 32
28 33
28 34
28 110
28 35
28 86
28 38
28 39
28 41
28 42
28 44
28 88
28 45
28 46
28 47
28 112
28 49
28 90
28 52
28 53
28 91
28 92
28 123
28 56
28 57
28 58
28 96
28 61
28 62
28 97
28 114
28 98
28 66
28 67
28 100
28 70
28 71
29 102
29 103
29 115
29 73
29 116
29 74
29 119
29 77
29 106
29 79
29 126
29 108
29 31
29 82
29 83
29 32
29 86
29 111
29 36
29 40
29 44
29 88
29 45
29 120
29 112
29 49
29 50
29 51
29 55
29 94
29 57
29 58
29 59
29 95
29 60
29 62
29 63
29 64
29 98
29 124
29 125
29 67
29 68
29 101
29 71
30 103
30 74
30 104
30 122
30 127
30 78
30 126
30 31
30 82
30 83
30 32
30 86
30 39
30 41
30 46
30 48
30 112
30 50
30 51
30 53
30 91
30 92
30 93
30 54
30 94
30 56
30 58
30 95
30 96
30 61
30 62
30 114
30 98
30 124
30 65
30 125
30 66
30 100
30 69
30 70
30 71
31 102
31 115
31 72
31 116
31 74
31 122
31 119
31 105
31 78
31 79
31 80
31 108
31 109
31 82
31 83
31 32
31 33
31 110
31 35
31 39
31 42
31 43
31 44
31 45
31 47
31 90
31 50
31 52
31 117
31 91
31 123
31 55
31 94
31 56
31 95
31 97
31 114
31 98
31 124
31 65
31 67
31 100
31 70
31 49
31 99
31 60
31 77
31 84
31 106
31 81
32 72
32 73
32 116
32 74
32 75
32 119
32 76
32 79
32 80
32 109
32 81
32 82
32 85
32 34
32 111
32 37
32 38
32 43
32 44
32 88
32 48
32 89
32 112
32 117
32 91
32 92
32 54
32 55
32 113
32 59
32 95
32 60
32 63
32 65
32 99
32 66
32 67
32 68
32 100
32 69
32 101
33 115
33 73
33 75
33 104
33 122
33 119
33 76
33 127
33 77
33 79
33 126
33 107
33 80
33 108
33 85
33 36
33 38
33 39
33 87
33 42
33 88
33 45
33 47
33 90
33 117
33 92
33 55
33 94
33 57
33 59
33 95
33 96
33 61
33 62
33 63
33 118
33 98
33 125
33 66
33 68
33 69
33 70
33 71
34 115
34 73
34 116
34 104
34 122
34 119
34 127
34 106
34 78
34 107
34 80
34 108
34 109
34 81
34 83
34 84
34 85
34 86
34 111
34 36
34 41
34 42
34 43
34 44
34 88
34 48
34 89
34 112
34 50
34 51
34 91
34 92
34 123
34 55
34 58
34 113
34 96
34 62
34 97
34 114
34 63
34 98
34 124
34 65
34 125
34 66
35 102
35 103
35 115
35 74
35 75
35 104
35 122
35 105
35 127
35 106
35 78
35 126
35 81
35 82
35 85
35 37
35 38
35 39
35 87
35 41
35 42
35 43
35 44
35 88
35 46
35 47
35 49
35 90
35 50
35 51
35 52
35 53
35 91
35 123
35 54
35 94
35 58
35 113
35 95
35 60
35 96
35 61
35 62
35 64
35 118
35 98
35 124
35 125
35 99
35 66
35 68
35 100
35 69
35 71
36 115
36 72
36 116
36 74
36 75
36 104
36 76
36 77
36 106
36 126
36 107
36 80
36 108
36 109
36 83
36 85
36 110
36 86
36 111
36 87
36 42
36 44
36 88
36 120
36 48
36 89
36 112
36 49
36 91
36 92
36 123
36 54
36 94
36 56
36 113
36 59
36 95
36 61
36 62
36 97
36 64
36 118
36 98
36 124
36 99
36 68
36 70
36 101
37 72
37 74
37 75
37 77
37 78
37 107
37 109
37 83
37 86
37 111
37 38
37 41
37 42
37 43
37 88
37 45
37 120
37 48
37 112
37 90
37 50
37 51
37 91
37 123
37 113
37 121
37 60
37 96
37 62
37 63
37 64
37 118
37 125
37 100
37 69
38 115
38 72
38 116
38 75
38 104
38 122
38 119
38 105
38 106
38 80
38 85
38 111
38 39
38 87
38 41
38 44
38 89
38 52
38 117
38 92
38 93
38 54
38 57
38 113
38 95
38 60
38 96
38 97
38 63
38 64
38 118
38 124
38 125
38 99
38 68
39 102
39 103
39 115
39 73
39 74
39 75
39 104
39 122
39 76
39 77
39 79
39 80
39 108
39 109
39 81
39 83
39 85
39 40
39 87
39 41
39 42
39 43
39 46
39 47
39 48
39 89
39 50
39 117
39 123
39 54
39 58
39 121
39 62
39 97
39 64
39 118
39 124
39 65
39 99
39 66
39 100
39 69
39 101
40 72
40 116
40 104
40 122
40 119
40 76
40 105
40 127
40 106
40 78
40 79
40 126
40 108
40 109
40 81
40 85
40 111
40 42
40 43
40 44
40 88
40 45
40 48
40 89
40 49
40 90
40 53
40 91
40 92
40 55
40 94
40 57
40 58
40 113
40 59
40 95
40 60
40 96
40 97
40 63
40 64
40 125
40 99
40 67
40 68
40 69
40 70
40 101
41 115
41 72
41 73
41 116
41 74
41 75
41 104
41 122
41 119
41 78
41 107
41 108
41 109
41 81
41 82
41 87
41 42
41 44
41 88
41 45
41 46
41 48
41 90
41 52
41 117
41 91
41 92
41 93
41 123
41 54
41 55
41 56
41 57
41 95
41 121
41 60
41 61
41 114
41 64
41 125
41 70
42 115
42 73
42 75
42 76
42 105
42 77
42 106
42 79
42 126
42 107
42 109
42 82
42 83
42 110
42 87
42 88
42 46
42 47
42 48
42 112
42 49
42 52
42 117
42 91
42 93
42 123
42 57
42 113
42 121
42 62
42 114
42 63
42 64
42 99
42 101
42 71
43 102
43 74
43 75
43 104
43 122
43 105
43 77
43 106
43 78
43 107
43 82
43 85
43 86
43 111
43 87
43 88
43 45
43 46
43 47
43 48
43 49
43 117
43 53
43 92
43 123
43 54
43 94
43 56
43 95
43 121
43 96
43 61
43 62
43 97
43 63
43 64
43 118
43 124
43 65
43 67
43 68
43 70
44 102
44 103
44 115
44 72
44 73
44 74
44 76
44 105
44 77
44 106
44 78
44 79
44 83
44 110
44 45
44 120
44 48
44 89
44 49
44 90
44 50
44 51
44 117
44 53
44 92
44 93
44 123
44 54
44 94
44 56
44 57
44 58
44 59
44 95
44 121
44 60
44 114
44 63
44 118
44 98
44 124
44 65
44 99
44 66
44 68
44 100
44 70
44 101
44 71
44 84
44 67
44 108
44 81
45 115
45 73
45 122
45 76
45 105
45 127
45 77
45 106
45 126
45 84
45 85
45 86
45 87
45 88
45 120
45 46
45 89
45 112
45 49
45 90
45 50
45 51
45 117
45 53
45 91
45 56
45 113
45 95
45 60
45 61
45 62
45 97
45 63
45 98
45 124
45 65
45 125
45 99
45 66
45 68
45 70
45 101
45 71
45 67
45 108
45 81
46 103
46 72
46 73
46 122
46 119
46 105
46 127
46 78
46 79
46 107
46 80
46 108
46 109
46 83
46 110
46 111
46 87
46 88
46 120
46 112
46 49
46 90
46 51
46 117
46 53
46 92
46 93
46 123
46 54
46 55
46 94
46 58
46 59
46 121
46 60
46 61
46 62
46 97
46 64
46 65
46 67
46 101
46 71
47 102
47 103
47 115
47 73
47 116
47 104
47 122
47 127
47 78
47 126
47 107
47 81
47 83
47 86
47 87
47 120
47 89
47 112
47 51
47 52
47 117
47 91
47 92
47 123
47 54
47 94
47 56
47 113
47 95
47 60
47 61
47 97
47 114
47 63
47 64
47 98
47 69
47 101
48 102
48 103
48 75
48 104
48 122
48 119
48 76
48 105
48 77
48 78
48 79
48 126
48 108
48 109
48 81
48 110
48 86
48 111
48 87
48 88
48 120
48 112
48 50
48 117
48 53
48 92
48 123
48 94
48 58
48 60
48 96
48 64
48 98
48 65
48 99
48 70
48 101
49 103
49 115
49 72
49 116
49 76
49 105
49 77
49 106
49 78
49 79
49 126
49 107
49 81
49 82
49 83
49 84
49 88
49 90
49 50
49 52
49 117
49 53
49 91
49 92
49 94
49 113
49 60
49 61
49 114
49 63
49 64
49 124
49 65
49 99
49 66
49 69
49 70
49 71
49 67
49 108
50 102
50 115
50 72
50 73
50 116
50 74
50 75
50 122
50 119
50 105
50 127
50 77
50 106
50 80
50 108
50 109
50 81
50 82
50 83
50 87
50 52
50 117
50 53
50 91
50 55
50 56
50 57
50 113
50 59
50 121
50 60
50 96
50 97
50 114
50 63
50 64
50 118
50 98
50 124
50 99
50 67
50 101
50 84
51 102
51 103
51 115
51 73
51 116
51 74
51 75
51 122
51 119
51 76
51 105
51 78
51 79
51 80
51 108
51 109
51 83
51 84
51 110
51 111
51 87
51 88
51 112
51 52
51 53
51 91
51 92
51 93
51 55
51 58
51 113
51 95
51 121
51 96
51 97
51 114
51 98
51 65
51 125
51 99
51 67
51 68
51 101
51 71
52 102
52 103
52 72
52 116
52 74
52 119
52 76
52 105
52 77
52 106
52 78
52 79
52 107
52 80
52 81
52 82
52 83
52 84
52 110
52 87
52 88
52 89
52 90
52 117
52 53
52 91
52 92
52 93
52 54
52 58
52 113
52 59
52 60
52 62
52 114
52 118
52 65
52 99
52 70
52 101
52 71
53 103
53 115
53 104
53 122
53 119
53 127
53 77
53 106
53 78
53 108
53 83
53 84
53 110
53 88
53 120
53 89
53 112
53 91
53 93
53 123
53 94
53 113
53 59
53 96
53 61
53 97
53 98
53 124
53 65
53 68
53 100
53 70
53 101
53 71
54 115
54 72
54 73
54 75
54 104
54 78
54 79
54 107
54 80
54 109
54 82
54 84
54 85
54 110
54 86
54 120
54 112
54 90
54 91
54 92
54 93
54 55
54 56
54 57
54 60
54 96
54 63
54 118
54 98
54 124
54 65
54 70
55 103
55 72
55 73
55 75
55 119
55 105
55 107
55 80
55 108
55 82
55 85
55 86
55 111
55 88
55 112
55 90
55 93
55 94
55 58
55 59
55 95
55 96
55 62
55 97
55 114
55 63
55 98
55 125
55 66
55 68
55 100
56 102
56 115
56 72
56 122
56 119
56 77
56 78
56 126
56 107
56 108
56 83
56 84
56 110
56 87
56 88
56 89
56 112
56 91
56 93
56 59
56 95
56 60
56 61
56 62
56 97
56 114
56 118
56 98
56 124
56 125
56 66
56 100
56 101
56 71
57 115
57 74
57 75
57 104
57 76
57 105
57 106
57 78
57 126
57 107
57 108
57 109
57 82
57 85
57 86
57 111
57 87
57 88
57 89
57 112
57 117
57 91
57 92
57 113
57 59
57 96
57 62
57 97
57 114
57 63
57 64
57 118
57 124
57 70
57 71
58 103
58 116
58 74
58 75
58 127
58 106
58 78
58 79
58 126
58 107
58 80
58 109
58 85
58 86
58 111
58 87
58 88
58 91
58 92
58 59
58 95
58 60
58 96
58 61
58 62
58 97
58 114
58 118
58 98
58 124
58 65
58 125
58 99
58 66
58 100
58 69
58 71
59 103
59 115
59 72
59 73
59 104
59 122
59 119
59 76
59 106
59 126
59 107
59 109
59 81
59 83
59 85
59 111
59 87
59 88
59 120
59 90
59 92
59 113
59 121
59 60
59 61
59 62
59 64
59 118
59 124
59 65
59 125
59 99
59 100
59 69
59 101
60 102
60 103
60 115
60 122
60 105
60 127
60 77
60 126
60 108
60 81
60 83
60 110
60 89
60 90
60 117
60 91
60 92
60 123
60 95
60 121
60 62
60 97
60 64
60 98
60 124
60 65
60 99
60 66
60 67
60 100
60 69
60 101
60 71
60 84
60 106
61 103
61 115
61 73
61 75
61 119
61 76
61 105
61 106
61 79
61 80
61 109
61 81
61 82
61 83
61 84
61 110
61 86
61 120
61 117
61 92
61 95
61 96
61 114
61 118
61 65
61 125
61 70
61 101
61 71
62 102
62 103
62 115
62 73
62 74
62 75
62 119
62 127
62 126
62 80
62 82
62 86
62 111
62 87
62 120
62 89
62 112
62 117
62 91
62 123
62 95
62 96
62 97
62 114
62 63
62 64
62 118
62 98
62 125
62 66
62 68
62 100
62 101
62 71
63 102
63 103
63 115
63 116
63 75
63 104
63 119
63 76
63 107
63 108
63 85
63 110
63 111
63 87
63 112
63 90
63 117
63 91
63 92
63 123
63 94
63 96
63 97
63 114
63 64
63 124
63 125
63 67
63 68
63 100
63 69
63 71
64 115
64 75
64 105
64 127
64 77
64 78
64 80
64 108
64 109
64 81
64 82
64 84
64 110
64 111
64 90
64 117
64 91
64 93
64 94
64 113
64 114
64 118
64 124
64 65
64 125
64 100
64 69
64 70
64 101
65 72
65 73
65 74
65 75
65 104
65 76
65 127
65 78
65 107
65 84
65 86
65 111
65 88
65 120
65 90
65 93
65 123
65 113
65 121
65 97
65 118
65 98
65 124
65 125
65 99
65 68
65 69
65 70
66 103
66 115
66 72
66 74
66 75
66 104
66 122
66 76
66 105
66 127
66 77
66 79
66 126
66 107
66 109
66 83
66 110
66 86
66 87
66 88
66 89
66 112
66 117
66 94
66 113
66 121
66 96
66 114
66 118
66 98
66 124
66 69
66 71
67 102
67 103
67 72
67 73
67 104
67 105
67 77
67 106
67 126
67 107
67 108
67 109
67 83
67 84
67 86
67 93
67 123
67 113
67 95
67 121
67 114
67 125
67 70
67 101
67 71
67 124
67 99
67 117
67 115
67 81
68 102
68 72
68 73
68 116
68 122
68 76
68 105
68 127
68 106
68 78
68 79
68 107
68 80
68 108
68 109
68 83
68 84
68 87
68 88
68 120
68 89
68 90
68 117
68 91
68 113
68 95
68 96
68 118
68 98
68 124
68 125
68 99
68 69
68 101
68 71
69 102
69 103
69 116
69 76
69 126
69 107
69 80
69 108
69 109
69 81
69 82
69 85
69 89
69 112
69 117
69 91
69 93
69 113
69 96
69 114
69 98
69 125
69 99
69 100
69 101
69 71
70 102
70 103
70 115
70 72
70 73
70 74
70 122
70 119
70 105
70 127
70 106
70 79
70 126
70 107
70 80
70 82
70 84
70 85
70 110
70 111
70 87
70 88
70 112
70 117
70 91
70 93
70 94
70 96
70 118
70 98
70 124
70 125
70 99
70 101
70 71
71 102
71 103
71 72
71 75
71 119
71 127
71 79
71 126
71 108
71 81
71 86
71 111
71 87
71 88
71 89
71 90
71 91
71 92
71 93
71 123
71 98
71 125
71 99
72 103
72 74
72 78
72 79
72 107
72 80
72 108
72 109
72 82
72 84
72 85
72 110
72 111
72 87
72 91
72 92
72 93
72 94
72 113
72 95
72 96
72 114
72 118
72 101
73 102
73 103
73 115
73 116
73 74
73 75
73 122
73 105
73 77
73 108
73 81
73 82
73 85
73 110
73 111
73 90
73 117
73 92
73 123
73 94
73 113
73 95
73 121
73 114
73 118
73 125
73 101
74 102
74 103
74 104
74 122
74 76
74 127
74 106
74 79
74 107
74 80
74 81
74 83
74 85
74 111
74 89
74 90
74 123
74 95
74 121
74 96
74 118
74 98
75 116
75 122
75 119
75 76
75 77
75 106
75 78
75 79
75 126
75 80
75 108
75 82
75 84
75 110
75 111
75 87
75 89
75 112
75 92
75 123
75 113
75 95
75 121
75 98
75 124
75 125
76 102
76 103
76 105
76 127
76 106
76 79
76 80
76 109
76 83
76 110
76 111
76 87
76 89
76 112
76 90
76 91
76 92
76 93
76 95
76 96
76 97
76 125
76 99
77 102
77 115
77 104
77 122
77 119
77 79
77 126
77 107
77 108
77 109
77 81
77 82
77 85
77 110
77 86
77 88
77 89
77 112
77 117
77 93
77 94
77 95
77 121
77 97
77 114
77 124
77 125
77 99
77 100
77 84
77 106
78 116
78 122
78 119
78 79
78 126
78 107
78 109
78 82
78 85
78 111
78 88
78 112
78 90
78 91
78 93
78 123
78 94
78 113
78 95
78 121
78 97
78 124
78 125
78 99
78 101
79 122
79 119
79 106
79 126
79 80
79 81
79 83
79 84
79 85
79 110
79 86
79 87
79 88
79 89
79 112
79 90
79 92
79 93
79 95
79 96
79 97
79 114
79 98
79 124
79 99
79 100
80 102
80 115
80 122
80 119
80 127
80 108
80 109
80 81
80 83
80 84
80 120
80 117
80 91
80 93
80 123
80 113
80 95
80 121
80 97
80 118
80 98
80 125
80 101
81 115
81 116
81 105
81 127
81 126
81 107
81 83
81 84
81 111
81 88
81 89
81 112
81 117
81 123
81 121
81 96
81 97
81 124
81 99
81 108
81 106
82 102
82 116
82 104
82 122
82 119
82 105
82 106
82 126
82 107
82 108
82 109
82 84
82 85
82 86
82 111
82 89
82 112
82 117
82 91
82 93
82 118
82 124
82 125
82 100
82 101
83 102
83 103
83 104
83 119
83 105
83 127
83 126
83 107
83 108
83 109
83 86
83 87
83 120
83 112
83 90
83 117
83 92
83 123
83 94
83 113
83 96
83 97
83 114
83 99
83 101
84 102
84 115
84 104
84 119
84 105
84 127
84 126
84 107
84 110
84 86
84 88
84 89
84 90
84 94
84 114
84 98
84 125
84 101
84 124
84 99
84 117
84 108
84 106
85 102
85 115
85 116
85 122
85 119
85 127
85 109
85 86
85 87
85 88
85 120
85 112
85 117
85 93
85 95
85 114
85 124
85 101
86 116
86 104
86 122
86 119
86 127
86 109
86 110
86 111
86 120
86 90
86 91
86 121
86 114
86 125
86 99
86 101
87 116
87 119
87 105
87 107
87 108
87 110
87 112
87 117
87 92
87 93
87 123
87 94
87 113
87 95
87 121
87 96
87 97
87 118
87 99
87 100
88 103
88 104
88 122
88 106
88 126
88 108
88 109
88 111
88 112
88 90
88 117
88 91
88 92
88 123
88 96
88 97
88 118
89 103
89 116
89 122
89 105
89 106
89 126
89 109
89 112
89 92
89 94
89 121
89 96
89 114
89 118
89 124
89 100
89 101
90 103
90 115
90 116
90 122
90 119
90 106
90 109
90 110
90 111
90 120
90 112
90 117
90 92
90 123
90 94
90 113
90 121
90 97
90 118
90 98
90 100
90 101
91 115
91 116
91 122
91 119
91 127
91 106
91 126
91 111
91 120
91 112
91 117
91 92
91 123
91 113
91 121
91 98
91 124
91 125
91 99
91 101
92 102
92 104
92 122
92 119
92 105
92 127
92 106
92 107
92 109
92 110
92 113
92 114
92 118
92 98
92 124
92 99
92 100
92 101
93 103
93 104
93 106
93 107
93 108
93 109
93 123
93 95
93 96
93 97
93 114
93 98
93 124
93 101
94 102
94 122
94 119
94 105
94 127
94 106
94 107
94 108
94 117
94 121
94 96
95 122
95 119
95 127
95 107
95 108
95 109
95 110
95 120
95 112
95 117
95 123
95 96
95 98
95 99
95 100
95 101
96 102
96 115
96 104
96 122
96 119
96 127
96 126
96 107
96 120
96 112
96 117
96 121
96 118
96 98
96 124
96 101
97 103
97 116
97 122
97 126
97 107
97 109
97 112
97 121
97 114
97 98
97 125
97 100
97 101
98 102
98 103
98 104
98 107
98 109
98 120
98 112
98 117
98 113
98 114
98 118
98 100
98 101
99 115
99 116
99 104
99 122
99 105
99 127
99 106
99 107
99 109
99 110
99 112
99 117
99 123
99 113
99 114
99 118
99 124
99 125
99 101
99 108
100 102
100 103
100 115
100 116
100 104
100 119
100 105
100 126
100 107
100 109
100 111
100 120
100 123
100 113
100 121
100 118
101 103
101 116
101 104
101 122
101 126
101 109
101 110
101 120
101 112
101 117
101 121
101 125
102 115
102 127
102 106
102 107
102 108
102 121
102 118
102 125
103 115
103 116
103 122
103 127
103 126
103 107
103 110
103 124
104 115
104 106
104 108
104 109
104 110
104 120
104 112
104 113
104 124
105 107
105 109
105 110
105 111
105 112
105 123
105 113
105 118
105 124
106 126
106 110
106 123
106 113
106 114
106 124
106 125
106 117
106 115
106 108
107 122
107 119
107 127
107 126
107 109
107 110
107 120
107 112
107 117
107 121
107 118
108 115
108 119
108 126
108 111
108 120
108 117
108 113
108 121
108 118
108 124
108 125
109 115
109 116
109 119
109 110
109 111
109 120
109 117
109 123
109 113
109 121
109 114
109 125
110 115
110 116
110 122
110 119
110 126
110 120
110 117
110 113
110 118
111 115
111 116
111 122
111 119
111 117
111 123
111 113
111 114
111 125
112 115
112 119
112 117
112 121
113 115
113 116
113 123
113 114
113 124
114 115
114 119
114 126
114 123
114 125
115 119
115 127
115 126
115 120
115 117
115 118
115 124
115 125
116 121
116 118
116 125
116 126
116 120
116 123
116 124
117 127
117 125
117 122
117 126
117 120
117 124
118 122
118 119
118 126
118 124
118 125
119 127
119 122
119 126
119 120
120 127
120 123
120 124
121 127
121 126
121 124
122 125
122 123
123 127
123 125
123 126
124 127
124 125
124 126
125 126
