0 1
0 2
0 3
0 4
0 5
0 6
0 7
0 8
0 9
0 10
0 11
0 12
0 13
0 14
0 15
0 16
0 17
0 18
0 20
0 21
0 22
0 23
0 24
0 25
0 26
0 28
0 29
0 30
0 31
0 32
0 33
0 34
0 35
0 36
0 37
0 38
0 39
0 40
0 41
0 42
0 43
0 44
0 45
0 46
0 47
0 48
0 49
0 50
0 51
0 52
0 53
0 54
0 55
0 56
0 57
0 58
0 59
0 60
1 61
1 2
1 5
1 6
1 7
1 8
1 9
1 10
1 11
1 62
1 63
1 64
1 12
1 65
1 66
1 67
1 68
1 70
1 71
1 22
1 72
1 73
1 25
1 74
1 75
1 27
1 76
1 77
1 78
1 79
1 32
1 33
1 80
1 81
1 36
1 82
1 37
1 83
1 84
1 41
1 85
1 86
1 42
1 43
1 44
1 87
1 88
1 89
1 90
1 49
1 50
1 53
1 91
1 92
1 54
1 93
1 57
1 60
2 94
2 61
2 95
2 96
2 6
2 7
2 97
2 10
2 63
2 98
2 99
2 100
2 67
2 15
2 68
2 101
2 69
2 102
2 17
2 18
2 20
2 21
2 22
2 103
2 73
2 26
2 27
2 76
2 77
2 30
2 31
2 78
2 104
2 32
2 35
2 106
2 38
2 107
2 108
2 84
2 109
2 85
2 86
2 42
2 110
2 44
2 45
2 111
2 46
2 88
2 89
2 48
2 90
2 49
2 112
2 113
2 114
2 55
2 56
2 93
2 57
2 115
2 59
2 116
2 60
3 96
3 4
3 6
3 97
3 8
3 62
3 63
3 64
3 98
3 99
3 65
3 100
3 13
3 117
3 67
3 15
3 17
3 70
3 118
3 21
3 73
3 23
3 26
3 28
3 29
3 30
3 31
3 79
3 80
3 35
3 36
3 82
3 105
3 37
3 107
3 83
3 39
3 108
3 84
3 109
3 85
3 86
3 42
3 110
3 47
3 87
3 88
3 89
3 119
3 49
3 50
3 120
3 112
3 53
3 91
3 121
3 54
3 55
3 93
3 57
3 58
3 59
4 95
4 5
4 7
4 97
4 8
4 9
4 10
4 11
4 63
4 99
4 122
4 12
4 65
4 100
4 66
4 117
4 15
4 16
4 68
4 101
4 123
4 17
4 124
4 70
4 118
4 125
4 21
4 72
4 24
4 25
4 26
4 28
4 29
4 78
4 33
4 34
4 80
4 35
4 81
4 106
4 38
4 107
4 39
4 126
4 41
4 85
4 42
4 110
4 46
4 47
4 89
4 50
4 91
4 92
4 114
4 54
4 55
4 57
4 115
4 116
4 60
5 61
5 96
5 8
5 10
5 63
5 99
5 12
5 100
5 117
5 67
5 14
5 15
5 16
5 68
5 69
5 123
5 70
5 118
5 21
5 103
5 73
5 23
5 24
5 25
5 26
5 74
5 75
5 27
5 76
5 28
5 31
5 79
5 34
5 80
5 81
5 36
5 82
5 37
5 38
5 83
5 39
5 108
5 84
5 40
5 85
5 86
5 42
5 110
5 43
5 44
5 45
5 111
5 88
5 48
5 90
5 49
5 50
5 120
5 51
5 52
5 113
5 53
5 91
5 121
5 92
5 114
5 56
5 57
5 116
5 60
6 61
6 95
6 9
6 62
6 64
6 98
6 100
6 117
6 67
6 14
6 15
6 68
6 124
6 20
6 70
6 125
6 73
6 23
6 24
6 25
6 76
6 28
6 29
6 30
6 78
6 104
6 79
6 33
6 34
6 80
6 35
6 36
6 105
6 37
6 38
6 83
6 39
6 84
6 126
6 127
6 41
6 85
6 86
6 42
6 44
6 45
6 111
6 46
6 87
6 88
6 89
6 119
6 90
6 49
6 50
6 120
6 112
6 51
6 113
6 54
6 55
6 115
6 59
6 116
7 94
7 97
7 10
7 11
7 62
7 63
7 98
7 99
7 100
7 15
7 101
7 102
7 17
7 18
7 124
7 20
7 70
7 21
7 72
7 23
7 25
7 74
7 76
7 29
7 30
7 32
7 35
7 36
7 82
7 105
7 106
7 107
7 83
7 39
7 108
7 126
7 109
7 43
7 111
7 46
7 87
7 89
7 48
7 119
7 120
7 51
7 91
7 92
7 56
7 57
7 59
7 116
8 61
8 97
8 10
8 63
8 64
8 99
8 67
8 15
8 16
8 68
8 69
8 102
8 18
8 124
8 20
8 103
8 73
8 24
8 25
8 26
8 75
8 27
8 76
8 29
8 104
8 32
8 33
8 34
8 80
8 35
8 81
8 36
8 105
8 106
8 37
8 39
8 108
8 84
8 40
8 127
8 109
8 86
8 110
8 44
8 46
8 87
8 89
8 48
8 49
8 50
8 120
8 112
8 52
8 113
8 91
8 121
8 92
8 114
8 56
8 93
8 57
8 115
8 59
8 122
8 19
8 83
8 96
9 61
9 97
9 10
9 11
9 62
9 64
9 99
9 122
9 67
9 15
9 101
9 102
9 123
9 70
9 71
9 118
9 21
9 72
9 103
9 23
9 24
9 25
9 26
9 74
9 28
9 77
9 29
9 31
9 78
9 104
9 79
9 32
9 34
9 81
9 36
9 37
9 38
9 108
9 126
9 85
9 86
9 42
9 110
9 45
9 111
9 46
9 47
9 87
9 48
9 119
9 90
9 50
9 120
9 112
9 51
9 53
9 91
9 114
9 54
9 56
9 93
9 57
9 58
9 59
10 94
10 61
10 95
10 96
10 11
10 62
10 63
10 98
10 99
10 122
10 100
10 66
10 13
10 117
10 14
10 16
10 68
10 102
10 124
10 20
10 71
10 72
10 103
10 26
10 74
10 27
10 77
10 30
10 104
10 33
10 34
10 80
10 35
10 81
10 105
10 106
10 37
10 38
10 108
10 84
10 126
10 41
10 86
10 42
10 110
10 44
10 45
10 111
10 47
10 87
10 88
10 48
10 119
10 50
10 120
10 113
10 121
10 114
10 54
10 55
10 56
10 57
10 58
10 59
10 116
11 95
11 98
11 99
11 122
11 12
11 65
11 66
11 13
11 16
11 68
11 101
11 123
11 17
11 20
11 70
11 118
11 21
11 22
11 72
11 23
11 24
11 25
11 74
11 75
11 30
11 78
11 79
11 32
11 34
11 36
11 82
11 106
11 38
11 107
11 39
11 108
11 84
11 40
11 127
11 41
11 86
11 110
11 46
11 87
11 89
11 90
11 49
11 121
11 114
11 54
11 56
11 93
11 115
12 94
12 95
12 96
12 62
12 64
12 98
12 99
12 100
12 67
12 14
12 15
12 101
12 69
12 123
12 17
12 18
12 124
12 70
12 118
12 125
12 73
12 74
12 27
12 28
12 29
12 30
12 78
12 32
12 33
12 34
12 80
12 35
12 81
12 82
12 105
12 37
12 39
12 40
12 127
12 85
12 110
12 45
12 111
12 47
12 87
12 88
12 48
12 50
12 112
12 91
12 54
12 55
12 93
12 57
12 115
12 59
12 116
13 94
13 98
13 65
13 100
13 67
13 14
13 15
13 16
13 101
13 69
13 123
13 18
13 70
13 71
13 125
13 21
13 72
13 23
13 25
13 26
13 27
13 76
13 28
13 29
13 30
13 31
13 78
13 79
13 32
13 80
13 35
13 36
13 106
13 37
13 83
13 127
13 109
13 42
13 110
13 44
13 45
13 111
13 47
13 88
13 89
13 48
13 90
13 50
13 51
13 52
13 113
13 91
13 121
13 54
13 55
13 56
13 93
13 57
13 115
13 58
13 59
13 116
13 60
14 61
14 95
14 96
14 62
14 64
14 100
14 66
14 15
14 16
14 102
14 17
14 19
14 70
14 71
14 118
14 125
14 24
14 74
14 75
14 27
14 76
14 28
14 29
14 31
14 78
14 104
14 79
14 32
14 33
14 80
14 35
14 36
14 105
14 38
14 84
14 127
14 86
14 42
14 43
14 45
14 46
14 47
14 48
14 90
14 120
14 51
14 52
14 113
14 114
14 54
14 55
14 56
14 93
14 115
14 116
14 60
15 94
15 97
15 99
15 122
15 65
15 100
15 66
15 117
15 16
15 68
15 102
15 17
15 18
15 124
15 20
15 71
15 118
15 125
15 22
15 72
15 103
15 73
15 25
15 26
15 74
15 75
15 76
15 28
15 29
15 78
15 32
15 33
15 81
15 82
15 106
15 37
15 107
15 84
15 126
15 127
15 41
15 85
15 110
15 43
15 45
15 111
15 46
15 47
15 87
15 48
15 119
15 90
15 49
15 120
15 112
15 51
15 113
15 53
15 91
15 92
15 54
15 55
15 56
15 57
15 59
15 116
15 60
16 94
16 97
16 64
16 98
16 99
16 122
16 100
16 66
16 117
16 68
16 101
16 102
16 123
16 124
16 71
16 125
16 22
16 23
16 26
16 74
16 27
16 77
16 30
16 78
16 104
16 82
16 37
16 38
16 84
16 40
16 127
16 109
16 41
16 86
16 110
16 111
16 46
16 47
16 87
16 88
16 90
16 50
16 52
16 53
16 55
16 56
16 57
16 58
16 59
16 112
16 29
16 20
16 121
16 91
16 120
16 92
16 19
16 83
16 105
16 96
16 69
17 61
17 95
17 62
17 64
17 66
17 117
17 67
17 68
17 101
17 18
17 19
17 124
17 20
17 125
17 22
17 72
17 25
17 26
17 75
17 27
17 76
17 30
17 78
17 33
17 81
17 82
17 38
17 83
17 39
17 108
17 84
17 126
17 109
17 86
17 42
17 45
17 111
17 46
17 47
17 87
17 88
17 119
17 50
17 120
17 112
17 51
17 52
17 113
17 91
17 121
17 92
17 55
17 56
17 58
17 116
17 60
18 95
18 96
18 97
18 63
18 64
18 98
18 65
18 66
18 67
18 68
18 102
18 123
18 70
18 118
18 21
18 24
18 26
18 76
18 28
18 77
18 29
18 31
18 78
18 79
18 32
18 80
18 35
18 81
18 105
18 37
18 39
18 108
18 84
18 126
18 42
18 110
18 43
18 111
18 47
18 88
18 119
18 120
18 112
18 51
18 113
18 53
18 121
18 92
18 54
18 57
18 115
18 116
18 60
19 95
19 96
19 97
19 66
19 117
19 68
19 101
19 102
19 123
19 124
19 20
19 70
19 71
19 72
19 103
19 23
19 26
19 74
19 27
19 76
19 28
19 29
19 30
19 32
19 34
19 36
19 105
19 108
19 40
19 127
19 86
19 42
19 110
19 43
19 44
19 45
19 46
19 47
19 87
19 89
19 49
19 112
19 53
19 121
19 58
19 116
19 52
19 91
19 120
19 92
19 122
19 83
19 69
19 109
19 59
20 94
20 61
20 95
20 62
20 63
20 64
20 99
20 122
20 65
20 117
20 101
20 69
20 70
20 21
20 72
20 103
20 24
20 25
20 26
20 74
20 75
20 76
20 77
20 29
20 30
20 78
20 104
20 32
20 36
20 106
20 37
20 107
20 39
20 108
20 84
20 40
20 109
20 41
20 85
20 86
20 44
20 46
20 47
20 88
20 119
20 50
20 120
20 112
20 51
20 52
20 53
20 91
20 121
20 92
20 114
20 56
20 57
20 115
20 59
20 116
20 60
20 27
20 83
20 105
20 96
21 94
21 96
21 97
21 62
21 63
21 64
21 98
21 99
21 100
21 117
21 67
21 68
21 101
21 69
21 102
21 70
21 22
21 103
21 23
21 25
21 75
21 27
21 28
21 77
21 30
21 104
21 79
21 32
21 33
21 34
21 80
21 81
21 36
21 82
21 105
21 106
21 38
21 107
21 84
21 126
21 40
21 109
21 41
21 110
21 44
21 45
21 111
21 47
21 87
21 88
21 89
21 48
21 49
21 50
21 120
21 112
21 52
21 53
21 91
21 121
21 114
21 54
21 55
21 93
21 115
21 60
22 94
22 96
22 97
22 63
22 64
22 98
22 100
22 66
22 67
22 68
22 102
22 123
22 124
22 71
22 125
22 103
22 24
22 25
22 75
22 76
22 77
22 78
22 104
22 32
22 34
22 80
22 37
22 38
22 109
22 85
22 86
22 42
22 110
22 43
22 44
22 46
22 87
22 88
22 89
22 90
22 49
22 120
22 54
22 55
22 93
22 57
22 58
22 59
22 116
22 60
23 61
23 95
23 97
23 64
23 99
23 122
23 65
23 100
23 68
23 101
23 102
23 123
23 71
23 125
23 72
23 25
23 74
23 75
23 28
23 29
23 79
23 32
23 33
23 34
23 80
23 35
23 36
23 37
23 38
23 83
23 40
23 127
23 109
23 41
23 85
23 43
23 111
23 87
23 88
23 90
23 112
23 51
23 53
23 121
23 54
23 93
23 57
23 115
23 59
23 60
24 94
24 61
24 95
24 62
24 63
24 122
24 65
24 117
24 101
24 69
24 71
24 72
24 26
24 29
24 30
24 104
24 34
24 35
24 81
24 38
24 107
24 83
24 108
24 84
24 40
24 85
24 86
24 110
24 43
24 46
24 87
24 48
24 50
24 120
24 91
24 121
24 55
24 56
24 93
24 58
24 59
24 60
25 94
25 95
25 96
25 62
25 64
25 98
25 66
25 117
25 67
25 68
25 123
25 124
25 72
25 26
25 74
25 27
25 76
25 28
25 77
25 78
25 104
25 33
25 82
25 105
25 107
25 41
25 110
25 43
25 44
25 111
25 47
25 87
25 88
25 90
25 49
25 120
25 112
25 52
25 53
25 114
25 54
25 57
25 59
25 116
25 60
26 61
26 96
26 97
26 62
26 64
26 99
26 122
26 65
26 100
26 117
26 67
26 68
26 101
26 102
26 123
26 70
26 71
26 118
26 72
26 74
26 76
26 30
26 31
26 104
26 79
26 32
26 33
26 34
26 35
26 81
26 36
26 82
26 105
26 106
26 37
26 83
26 108
26 84
26 40
26 109
26 41
26 111
26 47
26 90
26 49
26 120
26 91
26 121
26 54
26 56
26 93
26 57
27 98
27 99
27 100
27 67
27 101
27 123
27 124
27 70
27 71
27 73
27 75
27 76
27 28
27 77
27 29
27 35
27 38
27 108
27 84
27 126
27 40
27 109
27 86
27 110
27 43
27 111
27 46
27 47
27 89
27 48
27 50
27 120
27 112
27 51
27 52
27 114
27 54
27 55
27 93
27 115
27 59
27 116
27 60
27 121
27 91
27 92
27 122
27 83
27 105
27 96
27 69
28 61
28 95
28 97
28 99
28 122
28 66
28 69
28 123
28 70
28 125
28 76
28 77
28 29
28 78
28 104
28 33
28 80
28 81
28 36
28 105
28 38
28 107
28 39
28 84
28 126
28 127
28 109
28 86
28 42
28 47
28 87
28 88
28 48
28 50
28 120
28 112
28 51
28 53
28 114
28 54
28 56
28 93
28 115
28 59
29 96
29 97
29 62
29 63
29 122
29 65
29 68
29 101
29 102
29 123
29 70
29 125
29 72
29 73
29 75
29 76
29 77
29 30
29 79
29 32
29 80
29 35
29 36
29 105
29 106
29 37
29 38
29 107
29 83
29 39
29 108
29 84
29 127
29 109
29 86
29 43
29 44
29 45
29 46
29 47
29 88
29 90
29 50
29 120
29 112
29 51
29 52
29 53
29 91
29 121
29 92
29 54
29 56
29 93
29 57
29 58
29 59
29 69
30 61
30 96
30 63
30 100
30 66
30 67
30 68
30 101
30 69
30 123
30 70
30 72
30 103
30 74
30 76
30 31
30 78
30 79
30 34
30 35
30 81
30 36
30 105
30 108
30 126
30 40
30 86
30 42
30 110
30 44
30 88
30 90
30 112
30 51
30 113
30 91
30 121
30 92
30 114
30 56
30 93
30 115
30 58
30 59
30 116
30 60
31 94
31 95
31 96
31 62
31 98
31 99
31 122
31 65
31 66
31 68
31 101
31 123
31 124
31 72
31 103
31 74
31 75
31 77
31 78
31 35
31 105
31 37
31 38
31 83
31 39
31 108
31 127
31 85
31 45
31 47
31 88
31 89
31 119
31 49
31 50
31 120
31 112
31 51
31 91
31 121
31 55
31 93
31 115
32 61
32 97
32 62
32 122
32 65
32 100
32 66
32 101
32 69
32 102
32 71
32 72
32 75
32 77
32 34
32 80
32 37
32 83
32 126
32 109
32 41
32 86
32 110
32 44
32 45
32 47
32 88
32 48
32 119
32 90
32 49
32 120
32 113
32 53
32 92
32 114
32 57
32 60
33 61
33 62
33 98
33 65
33 66
33 68
33 101
33 123
33 124
33 71
33 118
33 125
33 75
33 78
33 35
33 81
33 82
33 106
33 107
33 83
33 108
33 84
33 126
33 40
33 127
33 109
33 41
33 85
33 86
33 42
33 110
33 45
33 46
33 87
33 89
33 90
33 49
33 50
33 112
33 51
33 52
33 91
33 121
33 92
33 114
33 55
33 93
34 61
34 96
34 62
34 63
34 64
34 98
34 122
34 65
34 67
34 68
34 123
34 124
34 70
34 118
34 72
34 74
34 77
34 78
34 104
34 79
34 36
34 38
34 39
34 108
34 84
34 127
34 86
34 110
34 111
34 47
34 48
34 119
34 90
34 49
34 120
34 51
34 53
34 91
34 121
34 92
34 55
34 57
35 95
35 96
35 62
35 64
35 122
35 65
35 100
35 117
35 101
35 102
35 124
35 71
35 125
35 73
35 74
35 80
35 81
35 36
35 106
35 83
35 84
35 126
35 40
35 127
35 109
35 86
35 42
35 44
35 111
35 89
35 90
35 120
35 112
35 51
35 52
35 113
35 121
35 93
35 115
35 58
35 59
35 116
35 60
36 61
36 96
36 97
36 62
36 63
36 98
36 66
36 102
36 123
36 124
36 71
36 118
36 74
36 75
36 77
36 78
36 104
36 80
36 105
36 126
36 40
36 41
36 44
36 45
36 46
36 47
36 87
36 88
36 89
36 48
36 119
36 120
36 112
36 91
36 92
36 56
36 57
36 115
36 58
36 59
36 116
37 96
37 97
37 64
37 99
37 66
37 68
37 101
37 123
37 124
37 71
37 73
37 74
37 78
37 104
37 80
37 105
37 38
37 107
37 39
37 126
37 40
37 127
37 109
37 41
37 86
37 45
37 111
37 46
37 47
37 87
37 91
37 92
37 114
37 55
37 115
37 58
37 59
37 116
37 60
38 95
38 96
38 97
38 62
38 63
38 64
38 98
38 122
38 65
38 100
38 66
38 68
38 101
38 69
38 123
38 70
38 71
38 118
38 125
38 72
38 77
38 79
38 80
38 81
38 82
38 106
38 107
38 126
38 40
38 127
38 109
38 41
38 110
38 43
38 44
38 111
38 87
38 88
38 48
38 50
38 112
38 52
38 113
38 53
38 91
38 92
38 114
38 56
38 93
38 58
38 59
38 60
39 94
39 96
39 62
39 63
39 64
39 122
39 100
39 117
39 101
39 69
39 123
39 124
39 70
39 103
39 73
39 74
39 75
39 76
39 77
39 78
39 104
39 80
39 105
39 106
39 84
39 126
39 40
39 127
39 41
39 86
39 45
39 111
39 46
39 47
39 89
39 48
39 119
39 49
39 50
39 51
39 52
39 113
39 53
39 91
39 92
39 114
39 54
39 55
39 56
39 93
39 115
39 116
39 60
40 61
40 63
40 64
40 99
40 122
40 117
40 68
40 69
40 102
40 123
40 70
40 71
40 118
40 74
40 75
40 77
40 104
40 79
40 80
40 107
40 84
40 126
40 86
40 42
40 43
40 44
40 111
40 46
40 48
40 49
40 120
40 112
40 51
40 52
40 121
40 92
40 93
40 57
40 116
40 60
41 94
41 61
41 95
41 96
41 97
41 62
41 63
41 98
41 99
41 122
41 65
41 67
41 68
41 101
41 123
41 70
41 71
41 125
41 103
41 73
41 74
41 75
41 76
41 77
41 78
41 80
41 105
41 106
41 83
41 108
41 126
41 109
41 85
41 86
41 110
41 44
41 45
41 111
41 47
41 89
41 48
41 112
41 51
41 52
41 53
41 121
41 56
41 115
41 59
41 60
42 94
42 61
42 96
42 62
42 63
42 99
42 65
42 67
42 101
42 69
42 102
42 124
42 71
42 118
42 103
42 73
42 74
42 75
42 104
42 79
42 81
42 82
42 106
42 107
42 83
42 84
42 127
42 85
42 86
42 110
42 111
42 46
42 87
42 88
42 119
42 90
42 112
42 113
42 53
42 121
42 92
42 54
42 55
42 115
42 59
42 116
42 60
43 94
43 61
43 96
43 62
43 64
43 122
43 100
43 117
43 67
43 102
43 70
43 71
43 125
43 72
43 73
43 75
43 77
43 80
43 81
43 82
43 106
43 84
43 85
43 86
43 110
43 111
43 46
43 47
43 87
43 89
43 50
43 91
43 114
43 55
43 56
43 93
43 59
43 60
44 94
44 95
44 96
44 97
44 64
44 122
44 100
44 66
44 67
44 101
44 69
44 102
44 123
44 124
44 71
44 118
44 125
44 72
44 103
44 73
44 77
44 78
44 104
44 81
44 82
44 105
44 106
44 107
44 83
44 127
44 47
44 48
44 119
44 90
44 50
44 112
44 51
44 113
44 92
44 54
44 55
44 115
44 58
44 60
45 61
45 95
45 97
45 66
45 69
45 102
45 123
45 124
45 70
45 125
45 103
45 77
45 78
45 104
45 79
45 81
45 82
45 105
45 107
45 83
45 127
45 109
45 85
45 110
45 111
45 88
45 89
45 90
45 49
45 112
45 52
45 57
45 116
45 60
46 95
46 96
46 98
46 99
46 100
46 66
46 67
46 124
46 70
46 71
46 118
46 72
46 76
46 78
46 82
46 105
46 107
46 83
46 127
46 109
46 89
46 48
46 120
46 112
46 51
46 52
46 91
46 121
46 92
46 54
46 93
46 57
46 115
46 58
46 59
46 60
46 122
46 69
47 94
47 61
47 95
47 62
47 63
47 98
47 122
47 100
47 117
47 67
47 101
47 118
47 125
47 72
47 103
47 77
47 79
47 82
47 105
47 107
47 108
47 85
47 110
47 89
47 119
47 112
47 52
47 91
47 121
47 54
47 55
47 56
47 93
47 115
47 58
47 59
47 116
47 60
48 96
48 97
48 62
48 63
48 64
48 65
48 100
48 117
48 69
48 102
48 70
48 71
48 125
48 103
48 73
48 77
48 78
48 79
48 80
48 82
48 105
48 108
48 84
48 85
48 86
48 110
48 87
48 88
48 119
48 49
48 120
48 91
48 92
48 114
48 54
48 55
48 56
48 57
48 116
48 60
49 61
49 95
49 62
49 64
49 98
49 122
49 65
49 68
49 101
49 71
49 118
49 103
49 74
49 75
49 104
49 79
49 83
49 127
49 86
49 88
49 89
49 90
49 50
49 120
49 52
49 53
49 91
49 92
49 57
49 59
49 116
50 94
50 61
50 96
50 97
50 62
50 64
50 65
50 66
50 101
50 124
50 70
50 71
50 103
50 73
50 75
50 76
50 80
50 105
50 106
50 127
50 109
50 86
50 110
50 111
50 87
50 88
50 90
50 120
50 52
50 53
50 121
50 92
50 114
50 54
50 56
50 93
50 57
50 116
50 60
51 62
51 63
51 64
51 98
51 66
51 117
51 69
51 123
51 71
51 125
51 103
51 77
51 78
51 79
51 80
51 105
51 107
51 108
51 126
51 127
51 109
51 85
51 86
51 110
51 87
51 88
51 119
51 90
51 112
51 52
51 113
51 53
51 92
51 114
51 55
51 56
51 93
51 57
51 115
51 116
52 94
52 61
52 96
52 97
52 62
52 63
52 64
52 98
52 122
52 65
52 100
52 117
52 67
52 101
52 69
52 102
52 123
52 124
52 70
52 72
52 103
52 75
52 76
52 78
52 104
52 80
52 81
52 106
52 126
52 109
52 85
52 86
52 111
52 87
52 119
52 120
52 112
52 113
52 53
52 91
52 121
52 92
52 57
52 58
52 59
52 60
52 83
52 105
53 94
53 95
53 96
53 97
53 62
53 63
53 64
53 98
53 122
53 117
53 68
53 69
53 123
53 70
53 118
53 125
53 72
53 103
53 77
53 78
53 79
53 80
53 81
53 106
53 108
53 109
53 86
53 87
53 89
53 92
53 54
53 55
53 93
53 58
54 95
54 100
54 66
54 101
54 69
54 123
54 124
54 70
54 118
54 72
54 76
54 78
54 80
54 82
54 106
54 107
54 83
54 108
54 84
54 126
54 127
54 86
54 110
54 111
54 87
54 89
54 120
54 113
54 121
54 114
54 56
54 57
54 115
54 59
55 94
55 96
55 63
55 98
55 99
55 65
55 100
55 66
55 117
55 69
55 123
55 124
55 70
55 118
55 125
55 72
55 73
55 75
55 77
55 78
55 104
55 79
55 82
55 126
55 127
55 109
55 87
55 89
55 90
55 112
55 91
55 121
55 56
55 57
55 115
55 60
56 97
56 64
56 98
56 65
56 66
56 117
56 101
56 69
56 102
56 72
56 75
56 77
56 78
56 104
56 79
56 82
56 105
56 106
56 107
56 108
56 109
56 85
56 88
56 89
56 90
56 120
56 112
56 92
56 93
56 57
56 116
56 60
57 95
57 96
57 63
57 66
57 117
57 68
57 101
57 69
57 123
57 124
57 71
57 118
57 125
57 72
57 103
57 73
57 74
57 104
57 79
57 80
57 106
57 84
57 85
57 86
57 110
57 88
57 90
57 120
57 112
57 93
57 58
57 59
57 60
58 94
58 97
58 62
58 64
58 98
58 65
58 67
58 101
58 123
58 124
58 70
58 118
58 125
58 72
58 103
58 73
58 75
58 76
58 77
58 78
58 104
58 79
58 80
58 81
58 82
58 107
58 83
58 84
58 126
58 127
58 111
58 87
58 119
58 90
58 120
58 92
58 114
59 95
59 97
59 62
59 63
59 98
59 99
59 122
59 65
59 100
59 66
59 68
59 102
59 124
59 70
59 72
59 74
59 75
59 76
59 104
59 80
59 106
59 107
59 83
59 108
59 109
59 86
59 111
59 87
59 89
59 90
59 91
59 92
59 115
59 60
59 112
59 121
59 120
59 105
59 96
59 69
60 95
60 97
60 62
60 63
60 64
60 98
60 122
60 65
60 100
60 117
60 67
60 101
60 69
60 71
60 118
60 125
60 103
60 73
60 74
60 78
60 79
60 80
60 105
60 107
60 108
60 127
60 109
60 86
60 111
60 90
60 120
60 113
60 91
60 121
60 92
60 114
60 116
61 100
61 67
61 71
61 72
61 73
61 77
61 104
61 82
61 108
61 84
61 127
61 85
61 89
61 119
61 120
61 92
61 93
61 116
61 63
61 64
61 98
61 122
61 68
61 101
61 69
61 70
61 118
61 125
61 74
61 75
61 81
61 105
61 106
61 86
61 88
61 90
61 112
62 96
62 97
62 99
62 117
62 124
62 71
62 76
62 82
62 85
62 110
62 87
62 119
62 120
62 113
62 93
62 115
62 68
62 69
62 74
62 75
62 88
62 90
62 79
62 80
62 123
62 91
63 97
63 100
63 66
63 117
63 67
63 102
63 72
63 76
63 77
63 84
63 127
63 109
63 110
63 89
63 119
63 113
63 93
63 95
63 64
63 65
63 68
63 123
63 118
63 103
63 74
63 80
63 81
63 105
63 106
63 126
63 86
63 88
63 91
64 96
64 99
64 100
64 102
64 124
64 71
64 72
64 104
64 82
64 108
64 109
64 119
64 120
64 113
64 92
64 93
64 95
64 65
64 101
64 123
64 125
64 75
64 81
64 105
64 126
64 86
64 111
64 91
65 96
65 66
65 124
65 71
65 76
65 107
65 108
65 127
65 110
65 119
65 120
65 113
65 92
65 115
65 116
65 98
65 122
65 101
65 125
65 74
65 81
65 86
65 88
65 112
65 79
65 111
65 121
65 123
65 103
65 78
65 126
66 94
66 97
66 100
66 95
66 117
66 68
66 69
66 123
66 70
66 71
66 125
66 73
66 77
66 79
66 80
66 81
66 105
66 83
66 84
66 109
66 85
66 86
66 87
66 88
66 89
66 119
66 90
66 121
66 114
66 93
66 115
66 116
67 94
67 100
67 95
67 98
67 68
67 69
67 102
67 124
67 70
67 71
67 118
67 77
67 78
67 104
67 107
67 87
67 88
67 91
67 92
67 93
67 116
68 97
68 102
68 72
68 104
68 107
68 108
68 127
68 109
68 87
68 120
68 113
68 115
68 116
68 95
68 101
68 69
68 123
68 70
68 118
68 125
68 103
68 74
68 75
68 79
68 81
68 105
68 106
68 126
68 86
68 111
68 88
68 112
68 114
69 97
69 99
69 100
69 117
69 102
69 82
69 127
69 85
69 119
69 120
69 113
69 98
69 122
69 101
69 125
69 105
69 83
69 126
69 88
69 90
69 112
69 121
69 91
69 92
69 96
69 109
70 96
70 97
70 99
70 117
70 102
70 71
70 82
70 107
70 127
70 89
70 119
70 120
70 113
70 93
70 98
70 122
70 101
70 75
70 78
70 79
70 80
70 105
70 83
70 126
70 88
70 112
70 114
71 94
71 96
71 97
71 100
71 117
71 102
71 124
71 95
71 101
71 123
71 118
71 74
71 75
71 78
71 104
71 107
71 108
71 126
71 127
71 109
71 85
71 86
71 110
71 87
71 88
71 89
71 119
71 120
71 121
71 114
71 93
71 115
71 116
72 94
72 96
72 97
72 117
72 95
72 123
72 103
72 73
72 74
72 75
72 77
72 78
72 80
72 81
72 84
72 127
72 109
72 86
72 110
72 111
72 87
72 119
72 90
72 121
72 92
72 93
72 115
72 116
73 94
73 97
73 99
73 117
73 102
73 98
73 122
73 118
73 125
73 103
73 74
73 75
73 76
73 77
73 79
73 80
73 81
73 82
73 106
73 107
73 84
73 126
73 127
73 85
73 110
73 111
73 87
73 112
73 91
73 92
73 114
73 93
73 115
73 116
74 117
74 104
74 108
74 109
74 110
74 89
74 119
74 120
74 125
74 103
74 75
74 79
74 81
74 105
74 106
74 83
74 126
74 88
74 90
74 121
74 114
75 96
75 99
75 100
75 117
75 102
75 77
75 104
75 82
75 108
75 84
75 85
75 119
75 120
75 93
75 98
75 125
75 123
75 105
75 83
75 88
75 90
75 121
76 94
76 96
76 97
76 99
76 100
76 95
76 98
76 101
76 123
76 118
76 77
76 78
76 104
76 81
76 107
76 84
76 88
76 119
76 90
76 120
76 113
76 91
76 121
76 114
76 116
77 94
77 96
77 97
77 100
77 117
77 102
77 124
77 95
77 98
77 118
77 125
77 103
77 104
77 80
77 106
77 107
77 108
77 84
77 126
77 127
77 110
77 87
77 88
77 89
77 119
77 120
77 112
77 91
77 92
77 114
77 93
77 115
78 96
78 102
78 124
78 82
78 107
78 108
78 84
78 127
78 109
78 85
78 92
78 93
78 122
78 118
78 81
78 105
78 106
78 86
78 88
78 90
78 79
78 111
78 121
78 123
79 97
79 124
79 87
79 89
79 113
79 115
79 98
79 118
79 125
79 86
79 90
79 112
79 95
79 80
79 83
79 121
79 114
80 99
80 102
80 104
80 107
80 84
80 87
80 119
80 113
80 115
80 116
80 122
80 125
80 81
80 105
80 106
80 112
80 95
80 123
80 103
80 83
80 91
80 114
81 97
81 117
81 124
81 82
81 107
81 84
81 85
81 87
81 89
81 119
81 120
81 113
81 93
81 122
81 101
81 95
81 105
81 106
81 86
81 111
82 94
82 97
82 99
82 117
82 124
82 104
82 95
82 123
82 118
82 125
82 105
82 127
82 86
82 111
82 88
82 89
82 119
82 120
82 112
82 91
82 121
82 93
82 115
82 116
83 96
83 100
83 117
83 102
83 124
83 104
83 107
83 110
83 119
83 120
83 115
83 125
83 105
83 121
83 114
83 123
83 126
83 91
83 112
83 92
83 122
83 109
84 94
84 96
84 97
84 102
84 104
84 107
84 108
84 95
84 101
84 123
84 118
84 110
84 87
84 89
84 119
84 120
84 112
84 91
84 121
84 92
84 114
84 93
84 115
84 116
85 94
85 97
85 117
85 102
85 104
85 108
85 95
85 101
85 118
85 106
85 126
85 87
85 89
85 112
85 92
85 115
86 96
86 99
86 104
86 110
86 87
86 119
86 113
86 92
86 93
86 122
86 118
86 106
86 123
86 103
86 126
86 111
86 90
86 112
86 121
86 114
87 94
87 99
87 100
87 117
87 102
87 124
87 104
87 107
87 108
87 110
87 122
87 126
87 88
87 90
87 120
87 112
87 113
87 121
87 114
87 115
87 116
88 96
88 99
88 100
88 102
88 124
88 107
88 127
88 109
88 110
88 119
88 92
88 115
88 116
88 101
88 118
88 125
88 123
88 103
88 126
88 121
88 114
89 94
89 100
89 107
89 127
89 98
89 122
89 103
89 105
89 106
89 111
89 119
89 90
89 120
89 112
89 91
89 114
90 99
90 117
90 108
90 119
90 113
90 92
90 115
90 116
90 98
90 118
90 105
90 95
90 103
90 111
90 121
91 97
91 100
91 104
91 107
91 108
91 127
91 110
91 120
91 113
91 92
91 93
91 115
91 116
91 122
91 101
91 118
91 125
91 105
91 112
91 111
91 121
91 123
91 126
91 96
91 109
92 94
92 96
92 97
92 99
92 117
92 102
92 124
92 107
92 109
92 119
92 120
92 113
92 98
92 123
92 118
92 125
92 103
92 105
92 111
92 112
92 121
92 93
92 116
92 122
93 94
93 96
93 100
93 117
93 127
93 110
93 113
93 95
93 98
93 118
93 103
93 105
93 106
93 121
93 115
94 96
94 97
94 99
94 100
94 117
94 102
94 124
94 104
94 107
94 108
94 127
94 109
94 110
94 119
94 120
94 113
94 115
94 116
95 96
95 99
95 100
95 117
95 108
95 113
95 115
95 98
95 118
95 105
95 112
95 111
95 121
95 114
96 97
96 122
96 102
96 123
96 124
96 118
96 105
96 127
96 120
96 113
96 121
96 114
96 115
96 112
96 109
97 99
97 122
97 123
97 118
97 125
97 104
97 106
97 108
97 110
97 111
97 120
97 112
97 113
97 115
98 102
98 124
98 107
98 108
98 120
98 122
98 101
98 118
98 125
98 105
98 106
98 111
98 112
98 121
99 122
99 117
99 101
99 102
99 124
99 118
99 103
99 107
99 108
99 126
99 109
99 110
99 120
99 112
99 113
99 121
99 115
100 117
100 101
100 124
100 125
100 105
100 107
100 108
100 127
100 109
100 110
100 120
100 112
100 113
100 121
100 115
101 102
101 124
101 104
101 107
101 110
101 120
101 113
101 116
101 123
101 125
101 106
101 126
101 111
101 121
101 114
102 117
102 118
102 103
102 107
102 126
102 110
102 111
102 119
102 113
102 121
102 114
102 116
103 117
103 124
103 104
103 108
103 110
103 120
103 115
103 116
103 121
104 117
104 124
104 123
104 118
104 105
104 106
104 111
104 120
104 113
105 117
105 107
105 108
105 127
105 109
105 120
105 116
105 122
105 118
105 125
105 106
105 111
105 121
105 114
105 112
106 117
106 109
106 120
106 116
106 118
106 123
106 112
106 114
107 117
107 124
107 123
107 125
107 111
107 119
107 113
107 115
107 116
108 117
108 123
108 118
108 125
108 126
108 109
108 113
108 121
108 116
109 124
109 127
109 123
109 110
109 111
109 120
109 113
109 121
109 114
109 116
109 112
109 122
110 124
110 127
110 118
110 119
110 121
110 114
110 115
111 117
111 120
111 122
111 121
111 114
112 120
112 113
112 115
112 122
112 123
112 121
113 124
113 127
113 119
113 122
113 118
113 125
113 114
113 116
114 127
114 119
114 120
114 118
114 121
114 123
114 126
115 117
115 124
115 119
115 123
115 118
115 126
115 121
116 117
116 120
116 123
116 118
116 125
116 126
116 121
117 124
117 118
117 125
117 126
117 119
117 120
118 127
118 119
118 120
118 121
119 127
119 123
119 121
120 124
120 122
120 125
120 126
120 121
121 122
121 123
122 123
122 126
123 124
123 125
123 126
124 126
124 127
125 127
125 126
126 127
