0 1
0 2
0 3
0 4
0 5
0 6
0 7
0 8
0 9
0 10
0 11
0 12
0 13
0 14
0 15
0 16
0 17
0 18
0 19
0 20
0 21
0 22
0 23
0 24
0 25
0 26
0 27
0 28
0 29
0 30
0 31
0 32
0 33
0 34
0 35
0 36
0 37
0 38
0 39
0 40
0 41
0 42
0 43
0 44
0 45
0 46
0 47
0 48
0 49
0 50
0 51
0 52
0 53
0 54
0 55
0 56
0 57
0 58
0 59
0 60
0 61
0 62
0 63
0 64
0 65
0 66
0 80
0 122
0 87
0 86
1 3
1 4
1 5
1 11
1 68
1 14
1 69
1 70
1 71
1 72
1 18
1 19
1 21
1 73
1 74
1 22
1 75
1 76
1 23
1 25
1 26
1 28
1 29
1 77
1 30
1 78
1 32
1 79
1 80
1 81
1 82
1 39
1 83
1 41
1 42
1 43
1 46
1 47
1 84
1 48
1 49
1 50
1 85
1 52
1 86
1 55
1 57
1 87
1 58
1 89
1 90
1 91
1 92
1 62
1 64
1 6
1 53
1 16
1 24
1 66
1 122
1 60
1 51
2 93
2 3
2 4
2 6
2 67
2 9
2 12
2 94
2 68
2 14
2 69
2 95
2 15
2 96
2 16
2 97
2 98
2 72
2 18
2 19
2 20
2 99
2 100
2 73
2 74
2 22
2 76
2 24
2 26
2 27
2 28
2 31
2 101
2 78
2 34
2 80
2 36
2 38
2 39
2 45
2 46
2 102
2 84
2 50
2 103
2 85
2 52
2 86
2 53
2 55
2 57
2 58
2 60
2 90
2 91
2 104
2 63
2 64
2 105
2 65
3 106
3 4
3 6
3 7
3 8
3 12
3 13
3 107
3 14
3 96
3 16
3 108
3 17
3 109
3 110
3 98
3 18
3 20
3 99
3 100
3 21
3 22
3 111
3 75
3 76
3 25
3 28
3 77
3 30
3 31
3 101
3 32
3 33
3 79
3 34
3 36
3 37
3 38
3 39
3 83
3 42
3 44
3 112
3 102
3 84
3 113
3 50
3 103
3 85
3 52
3 114
3 115
3 57
3 87
3 59
3 116
3 60
3 90
3 61
3 91
3 92
3 64
3 65
3 66
4 117
4 106
4 6
4 7
4 8
4 9
4 11
4 12
4 94
4 13
4 107
4 118
4 95
4 15
4 70
4 96
4 17
4 109
4 119
4 18
4 19
4 20
4 99
4 21
4 73
4 120
4 121
4 111
4 75
4 27
4 77
4 30
4 31
4 78
4 32
4 79
4 37
4 81
4 82
4 39
4 83
4 41
4 43
4 44
4 45
4 46
4 47
4 102
4 84
4 49
4 50
4 51
4 103
4 55
4 115
4 57
4 88
4 89
4 91
4 92
4 62
4 65
4 123
4 66
5 117
5 106
5 6
5 67
5 8
5 9
5 10
5 12
5 107
5 68
5 118
5 95
5 15
5 70
5 96
5 16
5 108
5 71
5 17
5 109
5 124
5 110
5 98
5 119
5 18
5 20
5 99
5 100
5 21
5 120
5 74
5 22
5 125
5 75
5 76
5 24
5 25
5 26
5 28
5 29
5 77
5 30
5 37
5 81
5 38
5 42
5 46
5 126
5 47
5 102
5 84
5 113
5 85
5 52
5 53
5 54
5 55
5 87
5 59
5 60
5 90
5 92
5 105
5 65
5 123
5 66
5 80
5 122
5 58
5 86
5 51
6 93
6 106
6 67
6 7
6 9
6 11
6 13
6 107
6 14
6 118
6 69
6 95
6 16
6 108
6 109
6 97
6 110
6 98
6 119
6 20
6 21
6 121
6 125
6 76
6 24
6 25
6 122
6 26
6 29
6 31
6 101
6 32
6 33
6 79
6 80
6 37
6 81
6 82
6 39
6 83
6 41
6 43
6 45
6 46
6 47
6 102
6 48
6 49
6 51
6 52
6 86
6 53
6 114
6 54
6 55
6 56
6 57
6 87
6 59
6 90
6 91
6 127
6 104
6 63
6 66
6 60
6 58
7 67
7 106
7 8
7 10
7 11
7 107
7 68
7 118
7 69
7 95
7 70
7 96
7 108
7 71
7 17
7 124
7 97
7 110
7 119
7 18
7 20
7 21
7 73
7 22
7 121
7 76
7 23
7 25
7 122
7 26
7 77
7 31
7 78
7 32
7 33
7 80
7 36
7 81
7 38
7 40
7 41
7 43
7 44
7 45
7 126
7 47
7 49
7 113
7 50
7 51
7 103
7 85
7 54
7 55
7 58
7 88
7 116
7 60
7 91
7 104
7 63
7 64
7 123
7 66
8 67
8 106
8 9
8 94
8 13
8 107
8 68
8 14
8 69
8 15
8 70
8 96
8 16
8 108
8 71
8 124
8 97
8 110
8 98
8 120
8 74
8 22
8 23
8 24
8 25
8 122
8 26
8 28
8 77
8 101
8 78
8 32
8 79
8 35
8 36
8 37
8 81
8 40
8 42
8 43
8 44
8 45
8 46
8 112
8 47
8 102
8 84
8 48
8 49
8 103
8 52
8 55
8 88
8 59
8 89
8 61
8 91
8 127
8 62
8 63
8 64
8 123
8 66
9 93
9 10
9 12
9 13
9 14
9 118
9 70
9 96
9 16
9 109
9 124
9 97
9 110
9 98
9 119
9 18
9 99
9 100
9 74
9 26
9 28
9 29
9 31
9 101
9 33
9 79
9 34
9 80
9 35
9 126
9 102
9 48
9 49
9 53
9 54
9 58
9 59
9 89
9 60
9 91
9 127
9 62
10 67
10 93
10 11
10 12
10 94
10 13
10 68
10 15
10 70
10 96
10 16
10 17
10 109
10 110
10 98
10 72
10 119
10 18
10 99
10 73
10 120
10 22
10 111
10 125
10 23
10 25
10 122
10 27
10 29
10 77
10 32
10 33
10 34
10 35
10 37
10 83
10 40
10 44
10 46
10 126
10 47
10 48
10 49
10 103
10 85
10 52
10 86
10 53
10 55
10 115
10 56
10 57
10 88
10 91
10 92
10 62
10 63
10 64
10 65
10 66
11 67
11 117
11 106
11 13
11 107
11 68
11 14
11 69
11 95
11 15
11 96
11 108
11 71
11 17
11 109
11 124
11 72
11 19
11 20
11 99
11 73
11 74
11 22
11 121
11 125
11 76
11 23
11 24
11 25
11 28
11 29
11 101
11 78
11 32
11 34
11 80
11 36
11 37
11 81
11 39
11 40
11 43
11 46
11 47
11 103
11 85
11 86
11 57
11 88
11 116
11 60
11 127
11 104
11 62
11 64
11 105
11 123
12 93
12 94
12 13
12 107
12 118
12 95
12 96
12 16
12 97
12 110
12 72
12 18
12 19
12 20
12 99
12 100
12 73
12 120
12 74
12 121
12 111
12 125
12 75
12 24
12 25
12 122
12 26
12 27
12 28
12 29
12 101
12 33
12 79
12 34
12 80
12 81
12 82
12 38
12 41
12 44
12 46
12 126
12 84
12 51
12 85
12 86
12 114
12 54
12 55
12 115
12 59
12 89
12 116
12 91
12 92
12 62
12 63
12 64
12 123
12 66
13 94
13 107
13 68
13 69
13 96
13 97
13 110
13 72
13 18
13 19
13 20
13 21
13 120
13 121
13 111
13 75
13 76
13 24
13 122
13 26
13 27
13 77
13 31
13 32
13 79
13 34
13 36
13 81
13 82
13 38
13 39
13 40
13 45
13 102
13 48
13 49
13 113
13 103
13 52
13 86
13 53
13 114
13 54
13 55
13 56
13 57
13 87
13 116
13 60
13 90
13 61
13 104
14 93
14 94
14 107
14 68
14 69
14 95
14 70
14 16
14 108
14 71
14 109
14 110
14 98
14 119
14 18
14 99
14 100
14 21
14 73
14 22
14 121
14 111
14 125
14 75
14 76
14 24
14 29
14 77
14 78
14 32
14 33
14 79
14 34
14 37
14 81
14 38
14 39
14 40
14 41
14 42
14 43
14 45
14 47
14 113
14 50
14 103
14 53
14 114
14 115
14 57
14 89
14 91
14 127
14 62
14 105
14 65
15 67
15 68
15 69
15 95
15 70
15 96
15 108
15 109
15 124
15 97
15 72
15 18
15 19
15 99
15 73
15 120
15 22
15 121
15 76
15 24
15 26
15 28
15 29
15 77
15 78
15 32
15 79
15 35
15 37
15 38
15 41
15 43
15 113
15 50
15 85
15 114
15 54
15 55
15 115
15 56
15 87
15 116
15 60
15 91
15 62
15 64
15 123
16 94
16 68
16 118
16 70
16 108
16 17
16 124
16 97
16 110
16 72
16 119
16 19
16 100
16 111
16 125
16 75
16 24
16 25
16 122
16 26
16 27
16 28
16 29
16 77
16 30
16 101
16 32
16 80
16 36
16 39
16 41
16 42
16 46
16 47
16 84
16 49
16 50
16 103
16 85
16 86
16 53
16 114
16 54
16 55
16 115
16 59
16 89
16 60
16 90
16 61
16 92
16 127
16 104
16 65
16 66
16 87
16 58
16 51
17 67
17 106
17 118
17 95
17 96
17 108
17 71
17 109
17 124
17 72
17 19
17 20
17 21
17 120
17 22
17 111
17 125
17 75
17 76
17 23
17 27
17 28
17 77
17 78
17 32
17 79
17 34
17 37
17 38
17 40
17 42
17 43
17 44
17 46
17 112
17 126
17 47
17 102
17 84
17 113
17 50
17 85
17 114
17 87
17 88
17 90
17 127
17 104
17 105
17 65
17 66
18 67
18 68
18 118
18 95
18 96
18 108
18 71
18 124
18 98
18 119
18 19
18 99
18 100
18 21
18 73
18 74
18 121
18 125
18 24
18 122
18 26
18 27
18 28
18 29
18 30
18 101
18 78
18 32
18 79
18 34
18 37
18 81
18 38
18 39
18 41
18 42
18 44
18 46
18 102
18 84
18 48
18 113
18 50
18 51
18 103
18 85
18 53
18 114
18 54
18 115
18 87
18 58
18 116
18 60
18 61
18 92
18 127
18 65
19 117
19 94
19 107
19 69
19 70
19 109
19 97
19 98
19 20
19 21
19 73
19 22
19 125
19 75
19 24
19 25
19 122
19 26
19 27
19 29
19 77
19 31
19 78
19 33
19 80
19 36
19 81
19 82
19 44
19 45
19 112
19 126
19 102
19 48
19 113
19 50
19 85
19 86
19 53
19 57
19 58
19 88
19 59
19 89
19 61
19 91
19 127
19 62
19 64
19 105
19 123
19 66
20 93
20 68
20 118
20 69
20 95
20 108
20 124
20 97
20 110
20 119
20 99
20 100
20 120
20 75
20 23
20 25
20 122
20 28
20 29
20 77
20 30
20 31
20 101
20 78
20 33
20 34
20 35
20 37
20 81
20 82
20 38
20 39
20 83
20 44
20 46
20 112
20 102
20 84
20 48
20 52
20 57
20 87
20 88
20 89
20 90
20 61
20 62
20 64
20 105
20 123
20 66
21 67
21 68
21 70
21 96
21 108
21 109
21 124
21 110
21 98
21 119
21 99
21 73
21 74
21 22
21 121
21 111
21 75
21 76
21 23
21 25
21 26
21 27
21 28
21 31
21 101
21 37
21 82
21 38
21 39
21 83
21 40
21 45
21 49
21 113
21 50
21 85
21 52
21 53
21 114
21 54
21 87
21 88
21 116
21 90
21 91
21 92
21 127
21 62
21 63
21 105
21 123
21 66
22 68
22 95
22 70
22 96
22 108
22 109
22 97
22 110
22 98
22 119
22 100
22 73
22 120
22 111
22 125
22 76
22 23
22 24
22 122
22 27
22 29
22 32
22 79
22 80
22 36
22 81
22 39
22 41
22 43
22 44
22 46
22 47
22 102
22 84
22 48
22 49
22 113
22 50
22 103
22 85
22 52
22 86
22 114
22 55
22 56
22 87
22 60
22 90
22 104
22 62
22 63
22 64
22 105
22 65
22 123
22 66
23 67
23 93
23 117
23 106
23 107
23 95
23 96
23 71
23 110
23 72
23 119
23 74
23 111
23 24
23 29
23 30
23 78
23 32
23 33
23 79
23 80
23 37
23 82
23 38
23 39
23 41
23 44
23 45
23 46
23 112
23 47
23 84
23 49
23 85
23 52
23 86
23 53
23 54
23 115
23 87
23 89
23 116
23 90
23 61
23 91
23 65
24 67
24 117
24 107
24 118
24 95
24 70
24 96
24 108
24 124
24 97
24 98
24 100
24 73
24 120
24 121
24 75
24 76
24 25
24 122
24 77
24 30
24 101
24 33
24 35
24 36
24 37
24 39
24 42
24 46
24 126
24 47
24 84
24 48
24 49
24 113
24 50
24 85
24 86
24 53
24 114
24 54
24 55
24 115
24 57
24 87
24 58
24 88
24 59
24 127
24 104
24 63
24 105
24 123
24 66
24 29
24 80
24 60
24 51
25 67
25 117
25 106
25 94
25 68
25 118
25 95
25 70
25 96
25 108
25 109
25 124
25 98
25 100
25 74
25 125
25 75
25 76
25 122
25 27
25 29
25 30
25 101
25 78
25 32
25 33
25 79
25 81
25 82
25 38
25 83
25 40
25 46
25 112
25 47
25 102
25 48
25 49
25 113
25 103
25 85
25 52
25 53
25 54
25 55
25 115
25 87
25 58
25 88
25 59
25 116
25 60
25 90
25 61
25 92
25 127
25 104
25 62
25 63
25 105
25 66
25 80
25 86
25 51
26 93
26 117
26 106
26 94
26 107
26 68
26 69
26 96
26 71
26 109
26 110
26 98
26 99
26 100
26 121
26 111
26 75
26 122
26 28
26 29
26 31
26 78
26 32
26 33
26 34
26 80
26 35
26 37
26 81
26 82
26 40
26 41
26 43
26 45
26 47
26 102
26 48
26 49
26 113
26 50
26 52
26 86
26 53
26 114
26 54
26 55
26 56
26 57
26 60
26 92
26 127
26 104
26 123
26 66
27 67
27 93
27 117
27 106
27 94
27 107
27 118
27 69
27 71
27 99
27 100
27 120
27 74
27 125
27 75
27 77
27 101
27 33
27 34
27 80
27 35
27 36
27 81
27 82
27 39
27 40
27 41
27 46
27 48
27 49
27 103
27 53
27 114
27 54
27 55
27 115
27 56
27 57
27 88
27 116
27 61
27 104
27 64
27 123
27 66
28 67
28 93
28 117
28 94
28 69
28 95
28 70
28 108
28 124
28 97
28 110
28 98
28 72
28 99
28 73
28 74
28 121
28 111
28 125
28 75
28 76
28 122
28 30
28 101
28 32
28 34
28 36
28 81
28 82
28 38
28 39
28 41
28 45
28 112
28 47
28 49
28 103
28 54
28 115
28 56
28 58
28 89
28 90
28 91
28 92
28 104
28 62
28 64
28 105
28 65
28 123
29 94
29 68
29 95
29 108
29 124
29 97
29 110
29 98
29 99
29 120
29 121
29 111
29 30
29 32
29 34
29 37
29 83
29 40
29 41
29 42
29 48
29 49
29 113
29 51
29 53
29 54
29 55
29 87
29 60
29 91
29 127
29 104
29 64
29 66
29 47
29 46
29 80
29 122
29 58
29 86
30 93
30 68
30 69
30 96
30 71
30 109
30 124
30 97
30 110
30 72
30 119
30 73
30 74
30 111
30 125
30 75
30 79
30 34
30 37
30 38
30 39
30 40
30 41
30 43
30 45
30 112
30 47
30 102
30 50
30 103
30 85
30 54
30 115
30 58
30 59
30 89
30 60
30 61
30 91
30 92
30 104
30 62
30 63
30 64
31 67
31 117
31 106
31 69
31 71
31 109
31 124
31 97
31 98
31 99
31 73
31 74
31 121
31 122
31 101
31 78
31 32
31 34
31 80
31 35
31 36
31 82
31 38
31 39
31 41
31 43
31 45
31 126
31 113
31 50
31 51
31 103
31 85
31 53
31 114
31 54
31 115
31 87
31 59
31 89
31 60
31 90
31 61
31 64
31 65
32 67
32 117
32 94
32 107
32 68
32 118
32 69
32 95
32 70
32 96
32 97
32 98
32 119
32 73
32 120
32 74
32 111
32 75
32 77
32 34
32 35
32 38
32 83
32 42
32 44
32 45
32 112
32 126
32 102
32 84
32 48
32 103
32 85
32 52
32 115
32 56
32 57
32 89
32 61
32 104
32 64
32 105
32 65
33 93
33 117
33 106
33 94
33 68
33 118
33 69
33 95
33 97
33 98
33 72
33 99
33 73
33 120
33 74
33 111
33 125
33 75
33 76
33 122
33 77
33 101
33 34
33 36
33 37
33 81
33 82
33 39
33 83
33 40
33 42
33 43
33 45
33 46
33 112
33 126
33 47
33 102
33 48
33 49
33 113
33 51
33 103
33 86
33 53
33 55
33 57
33 87
33 88
33 116
33 61
33 92
33 127
33 104
33 105
33 65
34 67
34 93
34 117
34 68
34 69
34 96
34 97
34 98
34 119
34 120
34 111
34 75
34 122
34 101
34 36
34 81
34 39
34 40
34 44
34 112
34 126
34 84
34 49
34 113
34 50
34 51
34 85
34 52
34 55
34 115
34 58
34 88
34 89
34 127
34 104
34 62
34 65
34 123
35 67
35 94
35 68
35 118
35 69
35 71
35 109
35 124
35 98
35 72
35 119
35 99
35 100
35 111
35 125
35 75
35 76
35 122
35 101
35 79
35 36
35 38
35 39
35 40
35 41
35 43
35 126
35 47
35 48
35 49
35 113
35 51
35 86
35 114
35 54
35 115
35 57
35 59
35 60
35 90
35 91
35 127
35 104
35 62
35 63
35 64
35 105
35 66
36 117
36 106
36 94
36 68
36 118
36 69
36 70
36 96
36 109
36 97
36 110
36 72
36 119
36 120
36 121
36 111
36 75
36 76
36 122
36 101
36 78
36 79
36 38
36 39
36 83
36 40
36 42
36 43
36 44
36 45
36 48
36 113
36 50
36 51
36 85
36 52
36 86
36 54
36 115
36 56
36 57
36 87
36 116
36 90
36 92
36 104
36 63
36 64
36 105
36 123
36 66
37 93
37 106
37 107
37 68
37 69
37 95
37 70
37 124
37 110
37 98
37 72
37 119
37 99
37 73
37 120
37 74
37 121
37 111
37 75
37 76
37 78
37 79
37 81
37 41
37 112
37 47
37 84
37 86
37 53
37 114
37 54
37 57
37 59
37 89
37 116
37 60
37 90
37 91
37 92
37 127
37 62
37 63
37 105
37 123
37 66
38 67
38 93
38 117
38 94
38 109
38 124
38 98
38 119
38 99
38 73
38 76
38 78
38 80
38 82
38 39
38 42
38 43
38 44
38 126
38 102
38 84
38 48
38 50
38 103
38 52
38 86
38 53
38 55
38 87
38 59
38 60
38 90
38 61
38 91
38 92
38 127
38 105
39 106
39 107
39 70
39 96
39 71
39 109
39 119
39 99
39 120
39 74
39 121
39 111
39 125
39 76
39 77
39 79
39 81
39 83
39 42
39 126
39 47
39 102
39 84
39 49
39 113
39 50
39 103
39 85
39 52
39 53
39 114
39 54
39 55
39 115
39 56
39 59
39 89
39 116
39 60
39 61
39 92
39 104
40 107
40 68
40 118
40 96
40 110
40 98
40 119
40 120
40 74
40 121
40 125
40 76
40 80
40 46
40 49
40 113
40 50
40 51
40 114
40 55
40 115
40 57
40 89
40 60
40 61
40 91
40 92
40 127
40 63
41 67
41 93
41 68
41 118
41 124
41 110
41 98
41 119
41 120
41 74
41 111
41 76
41 122
41 77
41 101
41 81
41 82
41 42
41 43
41 44
41 45
41 112
41 126
41 47
41 49
41 113
41 51
41 103
41 85
41 52
41 53
41 114
41 54
41 115
41 87
41 90
41 91
41 92
41 104
41 62
41 123
42 93
42 106
42 94
42 68
42 118
42 70
42 96
42 108
42 124
42 110
42 99
42 74
42 121
42 111
42 125
42 77
42 101
42 82
42 44
42 112
42 84
42 49
42 51
42 85
42 52
42 86
42 53
42 54
42 56
42 87
42 58
42 88
42 116
42 91
42 92
42 104
42 62
42 64
42 65
42 123
42 66
43 67
43 117
43 118
43 108
43 110
43 98
43 100
43 120
43 121
43 111
43 125
43 75
43 77
43 101
43 79
43 44
43 46
43 47
43 48
43 49
43 113
43 103
43 52
43 114
43 54
43 87
43 89
43 116
43 90
43 61
43 104
43 62
43 64
43 66
44 68
44 108
44 109
44 124
44 97
44 72
44 74
44 121
44 125
44 75
44 122
44 77
44 101
44 79
44 80
44 46
44 102
44 84
44 49
44 113
44 50
44 103
44 52
44 53
44 114
44 54
44 55
44 56
44 57
44 87
44 88
44 59
44 116
44 90
44 92
44 62
44 105
45 67
45 117
45 94
45 68
45 69
45 70
45 124
45 110
45 72
45 119
45 100
45 121
45 125
45 75
45 77
45 101
45 80
45 82
45 126
45 102
45 49
45 113
45 85
45 52
45 53
45 114
45 55
45 57
45 87
45 58
45 59
45 89
45 116
45 91
45 92
45 104
45 62
45 63
45 64
45 123
46 67
46 106
46 94
46 107
46 68
46 118
46 69
46 97
46 72
46 99
46 100
46 73
46 74
46 121
46 75
46 76
46 77
46 80
46 82
46 83
46 126
46 47
46 102
46 48
46 49
46 113
46 51
46 103
46 86
46 53
46 54
46 55
46 57
46 87
46 89
46 116
46 60
46 90
46 63
46 64
46 65
46 66
46 122
46 58
47 67
47 93
47 117
47 106
47 94
47 118
47 69
47 70
47 71
47 109
47 98
47 72
47 119
47 99
47 73
47 120
47 74
47 125
47 75
47 77
47 101
47 78
47 81
47 82
47 126
47 102
47 84
47 49
47 50
47 103
47 85
47 52
47 86
47 53
47 114
47 55
47 115
47 56
47 57
47 87
47 58
47 88
47 89
47 60
47 90
47 91
47 127
47 62
47 63
47 64
47 105
47 65
47 66
47 80
47 122
47 51
48 67
48 93
48 117
48 106
48 94
48 68
48 95
48 108
48 109
48 97
48 119
48 73
48 120
48 74
48 121
48 75
48 101
48 78
48 81
48 82
48 83
48 112
48 102
48 84
48 49
48 50
48 51
48 103
48 52
48 86
48 53
48 115
48 56
48 57
48 116
48 90
48 92
48 127
48 104
48 62
48 65
48 123
48 66
49 117
49 106
49 68
49 69
49 95
49 96
49 108
49 109
49 124
49 97
49 98
49 119
49 99
49 111
49 125
49 76
49 78
49 79
49 81
49 83
49 112
49 102
49 113
49 50
49 51
49 103
49 114
49 56
49 57
49 58
49 88
49 89
49 90
49 61
49 91
49 92
49 127
49 105
49 66
50 93
50 106
50 108
50 71
50 109
50 97
50 110
50 98
50 73
50 121
50 125
50 75
50 101
50 78
50 79
50 80
50 81
50 83
50 126
50 103
50 85
50 52
50 86
50 55
50 56
50 57
50 87
50 58
50 59
50 116
50 127
50 104
50 62
50 64
51 67
51 94
51 107
51 96
51 109
51 110
51 99
51 73
51 121
51 76
51 122
51 77
51 101
51 78
51 82
51 83
51 112
51 103
51 53
51 114
51 54
51 55
51 56
51 88
51 116
51 90
51 61
51 91
51 127
51 104
51 63
51 65
51 66
51 80
51 87
51 60
51 58
51 86
52 67
52 117
52 94
52 96
52 124
52 98
52 100
52 120
52 74
52 111
52 125
52 76
52 101
52 82
52 112
52 126
52 102
52 113
52 85
52 53
52 55
52 58
52 88
52 59
52 89
52 116
52 60
52 92
52 104
52 63
52 64
52 65
52 66
53 67
53 117
53 106
53 68
53 70
53 96
53 110
53 98
53 100
53 73
53 74
53 111
53 125
53 76
53 122
53 80
53 81
53 112
53 85
53 55
53 115
53 57
53 59
53 60
53 90
53 91
53 92
53 127
53 104
53 63
53 64
53 65
53 123
53 66
53 87
53 58
53 86
54 93
54 117
54 106
54 94
54 107
54 68
54 95
54 96
54 71
54 109
54 97
54 98
54 119
54 100
54 73
54 74
54 111
54 125
54 76
54 101
54 78
54 80
54 81
54 82
54 83
54 112
54 126
54 84
54 113
54 103
54 85
54 86
54 114
54 58
54 59
54 116
54 92
54 104
54 62
54 105
54 65
54 123
55 67
55 93
55 117
55 68
55 95
55 108
55 97
55 110
55 120
55 111
55 75
55 77
55 78
55 80
55 83
55 112
55 126
55 102
55 84
55 113
55 103
55 85
55 86
55 115
55 56
55 59
55 89
55 60
55 90
55 61
55 127
55 62
55 65
55 66
55 122
55 87
55 58
56 93
56 117
56 106
56 94
56 107
56 70
56 96
56 108
56 124
56 97
56 110
56 72
56 119
56 99
56 73
56 120
56 111
56 101
56 78
56 83
56 112
56 126
56 102
56 84
56 113
56 103
56 85
56 114
56 57
56 88
56 59
56 116
56 60
56 90
56 91
56 92
56 104
56 62
56 64
56 123
56 66
57 67
57 117
57 106
57 94
57 107
57 118
57 70
57 96
57 109
57 98
57 119
57 99
57 100
57 73
57 120
57 74
57 125
57 77
57 101
57 78
57 79
57 80
57 81
57 102
57 113
57 86
57 115
57 88
57 116
57 60
57 91
57 92
57 62
57 63
57 105
57 65
58 67
58 107
58 68
58 69
58 95
58 96
58 71
58 110
58 98
58 119
58 99
58 100
58 73
58 120
58 74
58 111
58 75
58 77
58 79
58 82
58 112
58 102
58 84
58 115
58 88
58 60
58 91
58 92
58 127
58 104
58 64
58 105
58 66
58 80
58 122
58 87
58 86
59 93
59 107
59 118
59 69
59 95
59 71
59 109
59 97
59 110
59 98
59 119
59 100
59 120
59 111
59 125
59 75
59 76
59 101
59 79
59 80
59 81
59 82
59 84
59 113
59 103
59 85
59 86
59 114
59 115
59 87
59 89
59 60
59 91
59 92
59 127
59 62
59 63
59 64
60 117
60 94
60 107
60 68
60 69
60 108
60 124
60 98
60 72
60 119
60 120
60 111
60 75
60 122
60 101
60 79
60 80
60 81
60 83
60 126
60 102
60 113
60 103
60 86
60 114
60 88
60 89
60 61
60 127
60 62
60 63
60 123
60 66
60 87
61 67
61 117
61 68
61 118
61 70
61 109
61 124
61 100
61 74
61 121
61 125
61 76
61 77
61 101
61 78
61 79
61 81
61 112
61 84
61 103
61 85
61 114
61 89
61 116
61 90
61 92
61 104
61 62
61 63
61 123
61 66
62 67
62 106
62 107
62 68
62 118
62 69
62 109
62 124
62 97
62 98
62 72
62 119
62 99
62 100
62 73
62 74
62 121
62 125
62 75
62 101
62 112
62 126
62 85
62 86
62 114
62 88
62 116
62 91
62 92
62 104
62 64
62 65
62 123
63 67
63 117
63 94
63 107
63 118
63 95
63 96
63 108
63 124
63 97
63 72
63 99
63 100
63 74
63 121
63 111
63 125
63 75
63 77
63 78
63 80
63 81
63 83
63 112
63 113
63 85
63 114
63 89
63 116
63 90
63 92
63 127
63 105
63 65
63 123
64 93
64 117
64 106
64 94
64 68
64 70
64 96
64 97
64 98
64 119
64 99
64 75
64 78
64 82
64 83
64 126
64 113
64 103
64 86
64 115
64 88
64 116
64 90
64 92
64 127
64 105
64 65
65 67
65 117
65 107
65 69
65 70
65 96
65 124
65 110
65 72
65 99
65 100
65 73
65 120
65 74
65 111
65 75
65 77
65 101
65 80
65 83
65 102
65 113
65 114
65 89
65 116
65 104
65 123
66 93
66 117
66 94
66 107
66 69
66 70
66 108
66 71
66 109
66 124
66 97
66 110
66 119
66 100
66 120
66 121
66 101
66 79
66 80
66 81
66 112
66 126
66 103
66 114
66 115
66 88
66 89
66 90
66 122
66 87
66 86
67 117
67 106
67 94
67 107
67 68
67 118
67 69
67 95
67 108
67 71
67 110
67 98
67 72
67 119
67 99
67 100
67 121
67 111
67 125
67 75
67 77
67 78
67 80
67 81
67 82
67 112
67 102
67 84
67 113
67 86
67 87
67 89
67 116
67 105
68 93
68 94
68 107
68 69
68 70
68 71
68 109
68 124
68 110
68 73
68 74
68 111
68 125
68 75
68 76
68 122
68 79
68 112
68 102
68 84
68 114
68 89
68 116
68 92
68 104
69 93
69 117
69 94
69 118
69 95
69 71
69 110
69 98
69 119
69 100
69 120
69 111
69 76
69 77
69 78
69 81
69 82
69 112
69 102
69 84
69 113
69 85
69 114
69 115
69 89
69 116
69 91
69 104
69 123
70 93
70 106
70 94
70 107
70 95
70 97
70 98
70 72
70 119
70 73
70 121
70 125
70 101
70 79
70 81
70 82
70 126
70 102
70 84
70 113
70 85
70 86
70 114
70 88
70 89
70 127
70 105
71 107
71 96
71 99
71 100
71 74
71 121
71 75
71 76
71 80
71 81
71 83
71 126
71 102
71 84
71 113
71 103
71 114
71 115
71 87
71 88
71 89
71 116
71 90
71 92
71 127
72 117
72 107
72 95
72 96
72 124
72 97
72 98
72 119
72 99
72 74
72 121
72 125
72 75
72 76
72 77
72 78
72 80
72 81
72 84
72 85
72 114
72 116
72 92
72 127
73 93
73 106
73 94
73 107
73 96
73 108
73 97
73 99
73 100
73 120
73 74
73 111
73 76
73 101
73 78
73 81
73 82
73 112
73 84
73 103
73 85
73 86
73 115
73 92
73 127
73 105
74 106
74 95
74 108
74 97
74 119
74 100
74 120
74 121
74 125
74 76
74 122
74 77
74 78
74 79
74 81
74 82
74 83
74 126
74 102
74 114
74 115
74 88
74 90
74 91
75 93
75 117
75 94
75 95
75 96
75 108
75 109
75 124
75 98
75 119
75 100
75 111
75 77
75 101
75 78
75 79
75 80
75 81
75 82
75 112
75 126
75 113
75 103
75 85
75 114
75 87
75 88
75 91
75 92
76 117
76 106
76 95
76 96
76 108
76 109
76 124
76 97
76 110
76 119
76 120
76 121
76 80
76 81
76 112
76 103
76 114
76 115
76 88
76 89
76 104
76 123
77 93
77 106
77 94
77 118
77 96
77 108
77 109
77 124
77 110
77 100
77 121
77 125
77 122
77 101
77 78
77 80
77 81
77 82
77 85
77 86
77 115
77 87
77 88
77 89
77 116
77 90
78 95
78 108
78 124
78 97
78 98
78 99
78 120
78 122
78 101
78 79
78 80
78 82
78 83
78 103
78 86
78 114
78 115
78 88
78 89
78 116
78 90
78 91
78 127
78 104
79 93
79 94
79 108
79 109
79 110
79 119
79 99
79 121
79 111
79 80
79 81
79 83
79 113
79 103
79 85
79 114
79 87
79 88
79 90
79 91
79 92
79 127
79 105
79 123
80 106
80 94
80 108
80 109
80 110
80 119
80 99
80 120
80 121
80 81
80 83
80 113
80 114
80 88
80 116
80 91
80 127
80 122
80 87
80 86
81 117
81 107
81 118
81 96
81 109
81 124
81 119
81 99
81 121
81 111
81 125
81 122
81 82
81 126
81 102
81 84
81 103
81 114
81 87
81 88
81 90
81 127
81 105
81 123
82 93
82 95
82 96
82 124
82 97
82 110
82 99
82 120
82 122
82 101
82 83
82 112
82 126
82 102
82 84
82 113
82 103
82 115
82 89
82 116
82 90
82 91
82 127
82 104
82 105
82 123
83 106
83 94
83 97
83 99
83 120
83 121
83 111
83 125
83 122
83 101
83 112
83 84
83 85
83 86
83 115
83 89
83 90
83 127
84 93
84 106
84 94
84 107
84 95
84 96
84 97
84 110
84 119
84 100
84 121
84 125
84 102
84 113
84 103
84 115
84 87
84 116
84 90
84 91
84 127
84 105
85 93
85 94
85 118
85 95
85 96
85 108
85 109
85 124
85 110
85 98
85 119
85 99
85 100
85 125
85 101
85 112
85 126
85 103
85 114
85 89
85 91
86 93
86 117
86 94
86 107
86 108
86 109
86 124
86 97
86 119
86 120
86 121
86 111
86 125
86 112
86 113
86 103
86 115
86 88
86 116
86 91
86 122
86 87
87 94
87 118
87 95
87 96
87 124
87 110
87 98
87 100
87 126
87 113
87 115
87 116
87 91
87 127
87 104
87 105
87 122
88 117
88 94
88 95
88 96
88 124
88 97
88 122
88 103
88 90
88 91
88 92
88 105
89 117
89 107
89 124
89 97
89 110
89 98
89 99
89 121
89 125
89 112
89 103
89 114
89 115
89 92
89 127
89 104
89 123
90 93
90 117
90 107
90 118
90 95
90 96
90 109
90 124
90 97
90 110
90 98
90 119
90 99
90 121
90 111
90 125
90 114
90 115
90 91
90 92
90 105
90 123
91 117
91 107
91 118
91 95
91 96
91 108
91 124
91 119
91 100
91 120
91 121
91 122
91 101
91 126
91 102
91 113
91 103
91 92
92 117
92 94
92 118
92 96
92 109
92 124
92 97
92 120
92 121
92 111
92 125
92 122
92 101
92 126
92 102
92 113
92 103
92 114
92 115
92 116
93 117
93 106
93 94
93 107
93 118
93 96
93 109
93 124
93 110
93 98
93 119
93 99
93 120
93 111
93 125
93 102
93 113
93 116
93 104
93 105
93 123
94 107
94 109
94 97
94 110
94 100
94 120
94 122
94 101
94 112
94 126
94 102
94 113
94 103
94 114
94 104
94 123
95 106
95 107
95 118
95 109
95 124
95 110
95 99
95 120
95 125
95 123
95 112
95 103
95 114
95 115
96 117
96 99
96 121
96 112
96 102
96 103
96 116
96 104
96 105
96 123
97 117
97 107
97 118
97 98
97 111
97 104
97 100
97 126
97 127
98 107
98 109
98 124
98 110
98 111
98 101
98 112
98 102
98 114
98 116
98 127
98 123
99 117
99 107
99 118
99 109
99 108
99 100
99 120
99 121
99 101
99 113
99 103
99 105
99 123
100 106
100 107
100 109
100 119
100 120
100 111
100 116
100 104
100 105
100 121
100 122
100 101
100 103
100 114
100 115
100 127
101 106
101 110
101 119
101 111
101 113
101 116
101 104
101 123
101 108
101 121
101 122
101 112
101 115
101 127
102 107
102 110
102 111
102 125
102 121
102 126
102 113
102 114
102 116
102 104
102 123
103 106
103 107
103 109
103 124
103 113
103 116
103 121
103 112
103 114
103 127
104 107
104 118
104 110
104 119
104 111
104 125
104 108
104 112
104 126
105 117
105 109
105 120
105 111
105 125
105 116
105 108
105 122
105 114
105 115
105 127
105 123
106 117
106 107
106 118
106 108
106 120
106 125
106 122
106 112
106 126
106 115
106 123
107 108
107 124
107 110
107 119
107 121
107 126
107 115
107 116
108 118
108 109
108 120
108 111
108 123
108 121
108 126
109 124
109 110
109 119
109 121
109 111
109 126
109 114
109 127
109 123
110 117
110 118
110 119
110 121
110 111
110 112
110 126
110 116
111 117
111 124
111 120
111 121
111 125
111 112
111 116
111 127
112 117
112 120
112 125
112 116
112 121
112 114
113 117
113 119
113 120
113 125
113 126
113 116
113 127
113 123
114 118
114 119
114 125
115 118
115 125
115 121
115 126
115 127
116 118
116 126
116 127
116 123
117 124
117 119
117 120
118 124
118 119
118 121
118 127
118 123
119 120
119 122
119 123
120 121
121 127
122 125
122 123
123 126
123 127
124 127
125 126
126 127
