0 1
0 2
0 3
0 4
0 5
0 6
0 7
0 8
0 9
0 10
0 11
0 12
0 13
0 14
0 15
0 16
0 17
0 18
0 19
0 20
0 21
0 23
0 24
0 25
0 26
0 27
0 28
0 29
0 30
0 31
0 32
0 33
0 34
0 35
0 36
0 37
0 38
0 39
0 40
0 41
0 42
0 43
0 44
0 45
0 46
0 47
0 48
1 49
1 50
1 2
1 51
1 4
1 52
1 53
1 55
1 56
1 57
1 58
1 60
1 11
1 61
1 13
1 62
1 14
1 63
1 64
1 65
1 66
1 21
1 67
1 68
1 70
1 71
1 72
1 73
1 74
1 30
1 75
1 76
1 77
1 78
1 79
1 80
1 81
1 38
1 39
1 40
1 82
1 42
1 43
1 44
1 45
1 84
1 86
1 87
1 48
1 118
1 17
1 26
1 119
1 37
1 5
1 22
1 46
1 105
1 94
2 50
2 88
2 3
2 4
2 54
2 89
2 55
2 56
2 90
2 9
2 59
2 60
2 91
2 10
2 92
2 11
2 12
2 62
2 93
2 17
2 94
2 65
2 18
2 95
2 19
2 21
2 96
2 69
2 97
2 70
2 24
2 71
2 72
2 27
2 98
2 73
2 99
2 100
2 30
2 101
2 77
2 33
2 79
2 39
2 40
2 102
2 42
2 103
2 104
2 87
2 105
3 49
3 106
3 51
3 52
3 54
3 56
3 8
3 59
3 107
3 92
3 108
3 61
3 12
3 62
3 14
3 93
3 15
3 65
3 95
3 109
3 96
3 68
3 110
3 70
3 24
3 71
3 72
3 27
3 111
3 28
3 99
3 74
3 30
3 75
3 76
3 112
3 101
3 32
3 36
3 113
3 79
3 80
3 114
3 115
3 40
3 82
3 102
3 42
3 43
3 83
3 84
3 85
3 86
3 105
3 116
4 50
4 106
4 51
4 54
4 89
4 5
4 6
4 7
4 58
4 91
4 92
4 117
4 61
4 118
4 14
4 15
4 63
4 119
4 17
4 94
4 65
4 95
4 19
4 109
4 21
4 67
4 22
4 96
4 23
4 120
4 69
4 24
4 26
4 121
4 98
4 73
4 100
4 76
4 112
4 77
4 33
4 34
4 36
4 37
4 113
4 122
4 123
4 81
4 114
4 38
4 39
4 40
4 82
4 41
4 102
4 46
4 124
4 84
4 116
4 57
4 55
4 105
5 49
5 88
5 53
5 55
5 56
5 90
5 7
5 58
5 60
5 92
5 117
5 12
5 62
5 14
5 15
5 16
5 119
5 64
5 65
5 66
5 95
5 19
5 21
5 22
5 96
5 120
5 110
5 97
5 70
5 25
5 71
5 72
5 27
5 121
5 98
5 28
5 29
5 100
5 75
5 112
5 101
5 77
5 32
5 34
5 35
5 115
5 38
5 40
5 42
5 43
5 45
5 103
5 104
5 46
5 124
5 85
5 116
5 48
5 63
5 50
5 118
5 17
5 26
5 57
5 37
5 76
5 105
5 94
6 50
6 106
6 51
6 52
6 53
6 89
6 55
6 56
6 8
6 9
6 57
6 58
6 59
6 107
6 91
6 92
6 117
6 108
6 61
6 12
6 13
6 118
6 15
6 63
6 119
6 94
6 95
6 19
6 109
6 22
6 68
6 23
6 120
6 69
6 70
6 25
6 71
6 72
6 27
6 121
6 98
6 111
6 99
6 100
6 30
6 75
6 76
6 112
6 77
6 32
6 35
6 79
6 80
6 122
6 114
6 115
6 38
6 41
6 102
6 42
6 43
6 45
6 103
6 46
6 85
6 87
6 116
6 48
7 50
7 52
7 89
7 56
7 9
7 57
7 58
7 59
7 60
7 10
7 92
7 117
7 61
7 13
7 16
7 119
7 17
7 64
7 66
7 95
7 19
7 20
7 109
7 21
7 67
7 22
7 96
7 68
7 70
7 24
7 125
7 72
7 121
7 29
7 99
7 74
7 30
7 76
7 112
7 31
7 77
7 78
7 33
7 34
7 37
7 80
7 122
7 123
7 81
7 126
7 38
7 40
7 41
7 102
7 83
7 104
7 124
7 84
7 86
7 87
7 105
7 47
7 48
8 88
8 106
8 51
8 52
8 54
8 90
8 9
8 60
8 91
8 10
8 92
8 11
8 108
8 61
8 12
8 13
8 14
8 15
8 63
8 119
8 94
8 65
8 18
8 20
8 21
8 22
8 68
8 23
8 120
8 97
8 25
8 71
8 125
8 72
8 27
8 121
8 98
8 111
8 29
8 99
8 74
8 75
8 77
8 78
8 35
8 80
8 122
8 81
8 126
8 38
8 40
8 82
8 41
8 42
8 103
8 127
8 46
8 86
8 116
9 49
9 88
9 106
9 51
9 53
9 54
9 90
9 57
9 58
9 10
9 92
9 11
9 12
9 13
9 118
9 63
9 17
9 64
9 109
9 69
9 97
9 70
9 25
9 27
9 73
9 29
9 75
9 76
9 101
9 78
9 35
9 123
9 115
9 39
9 40
9 102
9 42
9 43
9 44
9 45
9 84
9 86
9 105
9 48
10 49
10 88
10 51
10 55
10 56
10 90
10 58
10 59
10 60
10 107
10 91
10 92
10 11
10 117
10 108
10 12
10 13
10 62
10 14
10 15
10 16
10 63
10 94
10 65
10 19
10 109
10 21
10 67
10 96
10 69
10 97
10 25
10 71
10 125
10 121
10 29
10 99
10 75
10 31
10 77
10 78
10 33
10 34
10 123
10 81
10 40
10 41
10 83
10 103
10 104
10 124
10 84
10 86
10 87
10 116
10 48
11 50
11 54
11 89
11 90
11 58
11 60
11 91
11 92
11 108
11 12
11 118
11 14
11 15
11 16
11 63
11 64
11 65
11 18
11 66
11 109
11 22
11 120
11 69
11 97
11 70
11 25
11 71
11 26
11 27
11 121
11 29
11 99
11 100
11 30
11 75
11 76
11 112
11 77
11 32
11 33
11 34
11 35
11 36
11 37
11 80
11 123
11 126
11 38
11 40
11 82
11 42
11 43
11 45
11 103
11 127
11 84
11 86
11 116
11 47
11 48
12 49
12 50
12 88
12 106
12 51
12 52
12 89
12 56
12 90
12 59
12 60
12 91
12 117
12 61
12 13
12 118
12 93
12 15
12 16
12 63
12 119
12 64
12 65
12 18
12 66
12 20
12 21
12 22
12 120
12 24
12 71
12 72
12 26
12 27
12 111
12 73
12 28
12 30
12 75
12 76
12 32
12 33
12 37
12 122
12 114
12 38
12 39
12 82
12 41
12 43
12 84
12 87
12 47
12 48
13 50
13 88
13 106
13 51
13 52
13 55
13 90
13 60
13 107
13 91
13 92
13 117
13 118
13 93
13 15
13 63
13 64
13 19
13 109
13 22
13 23
13 120
13 69
13 97
13 24
13 26
13 27
13 121
13 98
13 111
13 29
13 99
13 100
13 74
13 76
13 31
13 101
13 32
13 33
13 34
13 35
13 37
13 79
13 80
13 81
13 114
13 39
13 40
13 82
13 42
13 43
13 83
13 44
13 103
13 84
13 116
13 48
14 49
14 53
14 54
14 89
14 56
14 59
14 60
14 107
14 91
14 108
14 61
14 62
14 118
14 15
14 16
14 63
14 17
14 64
14 18
14 109
14 21
14 67
14 22
14 23
14 97
14 71
14 125
14 72
14 26
14 111
14 28
14 99
14 74
14 30
14 31
14 101
14 33
14 36
14 37
14 123
14 81
14 114
14 115
14 40
14 82
14 41
14 102
14 45
14 103
14 127
14 104
14 46
14 124
14 84
14 85
14 86
14 116
14 47
15 49
15 51
15 53
15 89
15 55
15 56
15 58
15 59
15 107
15 91
15 61
15 62
15 93
15 16
15 63
15 94
15 64
15 65
15 95
15 19
15 67
15 96
15 120
15 97
15 70
15 24
15 26
15 27
15 111
15 28
15 74
15 30
15 76
15 101
15 78
15 33
15 35
15 113
15 79
15 80
15 122
15 81
15 114
15 115
15 38
15 39
15 40
15 82
15 41
15 83
15 44
15 45
15 127
15 46
15 86
15 105
15 48
16 50
16 88
16 106
16 52
16 53
16 54
16 55
16 56
16 57
16 58
16 91
16 92
16 108
16 93
16 94
16 64
16 65
16 21
16 67
16 110
16 97
16 71
16 26
16 121
16 98
16 73
16 29
16 75
16 77
16 78
16 32
16 35
16 36
16 113
16 122
16 123
16 81
16 114
16 115
16 41
16 102
16 44
16 45
16 124
16 84
16 85
16 86
16 87
16 116
17 50
17 52
17 53
17 54
17 56
17 90
17 57
17 58
17 107
17 62
17 118
17 93
17 63
17 119
17 64
17 65
17 66
17 95
17 21
17 67
17 96
17 23
17 69
17 70
17 26
17 98
17 111
17 28
17 29
17 99
17 74
17 30
17 76
17 112
17 101
17 77
17 32
17 33
17 34
17 35
17 37
17 80
17 122
17 123
17 81
17 38
17 40
17 82
17 41
17 43
17 45
17 103
17 127
17 86
17 105
17 47
17 22
17 46
17 55
17 94
18 88
18 53
18 55
18 90
18 60
18 107
18 117
18 108
18 61
18 93
18 119
18 64
18 65
18 19
18 22
18 68
18 23
18 69
18 110
18 97
18 25
18 71
18 27
18 98
18 111
18 73
18 29
18 100
18 74
18 30
18 76
18 112
18 101
18 33
18 34
18 37
18 113
18 79
18 81
18 126
18 115
18 40
18 82
18 41
18 102
18 42
18 43
18 83
18 45
18 103
18 104
18 86
18 87
18 105
18 116
19 106
19 51
19 52
19 89
19 90
19 58
19 59
19 108
19 61
19 62
19 64
19 66
19 67
19 23
19 69
19 70
19 27
19 121
19 111
19 73
19 29
19 99
19 100
19 74
19 31
19 32
19 33
19 36
19 37
19 113
19 122
19 123
19 81
19 114
19 115
19 39
19 82
19 102
19 42
19 83
19 44
19 45
19 103
19 127
19 104
19 86
19 87
19 47
19 48
20 49
20 50
20 88
20 106
20 54
20 89
20 57
20 58
20 59
20 60
20 92
20 108
20 62
20 118
20 93
20 119
20 94
20 64
20 65
20 95
20 109
20 21
20 67
20 22
20 96
20 23
20 120
20 69
20 110
20 97
20 72
20 26
20 27
20 111
20 73
20 29
20 99
20 76
20 112
20 31
20 32
20 34
20 37
20 79
20 80
20 114
20 39
20 40
20 82
20 102
20 42
20 44
20 45
20 103
20 127
20 104
20 85
20 86
20 87
20 105
20 48
21 88
21 106
21 51
21 53
21 89
21 55
21 56
21 90
21 58
21 117
21 108
21 61
21 63
21 64
21 65
21 66
21 95
21 22
21 96
21 68
21 23
21 110
21 97
21 70
21 26
21 121
21 98
21 111
21 28
21 29
21 30
21 77
21 33
21 34
21 37
21 113
21 80
21 122
21 81
21 114
21 39
21 82
21 102
21 83
21 44
21 103
21 127
21 104
21 124
21 84
21 105
21 47
21 48
22 50
22 52
22 90
22 60
22 91
22 93
22 63
22 94
22 95
22 67
22 68
22 120
22 69
22 72
22 111
22 73
22 29
22 99
22 100
22 74
22 30
22 75
22 112
22 31
22 101
22 78
22 33
22 36
22 79
22 122
22 81
22 114
22 115
22 39
22 40
22 82
22 41
22 42
22 104
22 124
22 86
22 116
22 47
22 58
22 77
22 65
22 118
22 26
22 119
22 57
22 37
22 76
22 46
22 55
22 105
23 49
23 50
23 88
23 106
23 51
23 52
23 89
23 55
23 56
23 58
23 59
23 60
23 108
23 61
23 62
23 118
23 94
23 64
23 66
23 95
23 68
23 110
23 71
23 125
23 26
23 98
23 111
23 73
23 28
23 29
23 99
23 74
23 75
23 76
23 31
23 101
23 77
23 78
23 32
23 35
23 37
23 79
23 80
23 123
23 114
23 38
23 41
23 102
23 42
23 83
23 44
23 45
23 104
23 46
23 124
23 85
23 105
23 48
24 88
24 51
24 52
24 56
24 59
24 60
24 108
24 62
24 93
24 63
24 64
24 66
24 96
24 68
24 120
24 69
24 97
24 70
24 26
24 27
24 98
24 111
24 73
24 100
24 74
24 31
24 33
24 113
24 123
24 81
24 39
24 40
24 102
24 42
24 44
24 127
24 104
24 46
24 124
24 84
24 85
24 87
24 105
24 47
24 48
25 50
25 88
25 51
25 52
25 59
25 60
25 107
25 92
25 117
25 61
25 93
25 63
25 64
25 65
25 109
25 120
25 69
25 125
25 72
25 26
25 27
25 121
25 98
25 74
25 30
25 75
25 112
25 31
25 101
25 35
25 37
25 113
25 80
25 123
25 81
25 39
25 40
25 82
25 41
25 43
25 103
25 127
25 46
25 124
25 85
25 86
25 105
25 116
25 47
26 49
26 50
26 51
26 54
26 55
26 58
26 107
26 91
26 61
26 118
26 63
26 119
26 64
26 65
26 66
26 109
26 110
26 70
26 125
26 27
26 121
26 98
26 111
26 73
26 28
26 29
26 30
26 75
26 76
26 31
26 77
26 32
26 35
26 36
26 113
26 80
26 122
26 81
26 115
26 38
26 39
26 40
26 82
26 44
26 45
26 103
26 104
26 46
26 84
26 85
26 105
26 48
26 57
26 37
26 94
27 49
27 50
27 88
27 53
27 55
27 57
27 107
27 117
27 62
27 118
27 64
27 66
27 95
27 109
27 67
27 120
27 69
27 110
27 97
27 70
27 125
27 72
27 98
27 111
27 73
27 29
27 99
27 100
27 75
27 101
27 77
27 33
27 35
27 36
27 37
27 79
27 123
27 81
27 114
27 39
27 41
27 102
27 42
27 43
27 127
27 46
27 84
27 85
27 87
27 116
27 48
28 88
28 52
28 53
28 89
28 90
28 58
28 91
28 117
28 61
28 62
28 63
28 119
28 65
28 66
28 96
28 120
28 110
28 97
28 70
28 71
28 125
28 72
28 121
28 98
28 111
28 73
28 29
28 74
28 30
28 75
28 76
28 112
28 101
28 77
28 33
28 35
28 36
28 37
28 79
28 80
28 123
28 81
28 114
28 115
28 38
28 40
28 102
28 43
28 83
28 44
28 46
28 124
28 85
28 86
28 47
29 50
29 88
29 51
29 52
29 56
29 90
29 58
29 59
29 60
29 107
29 108
29 61
29 93
29 63
29 119
29 94
29 95
29 67
29 96
29 68
29 69
29 110
29 74
29 30
29 75
29 76
29 112
29 31
29 101
29 78
29 32
29 35
29 36
29 113
29 123
29 114
29 126
29 115
29 39
29 102
29 42
29 45
29 104
29 84
29 85
29 86
29 87
29 48
30 51
30 52
30 89
30 56
30 60
30 91
30 62
30 118
30 63
30 65
30 95
30 96
30 68
30 120
30 110
30 97
30 70
30 73
30 99
30 74
30 76
30 101
30 79
30 80
30 81
30 114
30 126
30 38
30 39
30 40
30 82
30 42
30 44
30 45
30 103
30 127
30 104
30 46
30 84
30 105
30 48
31 49
31 51
31 52
31 54
31 89
31 55
31 90
31 57
31 58
31 59
31 60
31 91
31 108
31 62
31 118
31 93
31 63
31 94
31 95
31 67
31 68
31 120
31 110
31 71
31 98
31 111
31 99
31 75
31 78
31 33
31 113
31 79
31 122
31 123
31 114
31 126
31 38
31 83
31 127
31 46
31 84
31 86
31 87
31 47
31 48
32 49
32 88
32 106
32 53
32 55
32 90
32 57
32 91
32 117
32 108
32 119
32 65
32 109
32 69
32 97
32 70
32 71
32 125
32 121
32 73
32 74
32 75
32 76
32 112
32 101
32 113
32 79
32 123
32 126
32 115
32 38
32 39
32 40
32 42
32 43
32 45
32 103
32 127
32 104
32 116
33 88
33 52
33 54
33 56
33 57
33 107
33 117
33 61
33 62
33 118
33 93
33 63
33 119
33 64
33 66
33 96
33 110
33 125
33 98
33 111
33 73
33 100
33 76
33 34
33 35
33 36
33 37
33 113
33 122
33 126
33 115
33 82
33 41
33 102
33 42
33 83
33 44
33 103
33 127
33 46
33 124
33 85
33 87
33 48
34 50
34 106
34 51
34 52
34 53
34 54
34 89
34 90
34 58
34 59
34 91
34 92
34 117
34 108
34 118
34 93
34 119
34 66
34 95
34 109
34 67
34 96
34 120
34 69
34 110
34 97
34 70
34 121
34 111
34 73
34 100
34 75
34 112
34 77
34 78
34 35
34 36
34 37
34 113
34 122
34 39
34 82
34 41
34 102
34 43
34 83
34 103
34 127
34 124
34 48
35 49
35 50
35 52
35 53
35 89
35 91
35 92
35 117
35 62
35 118
35 93
35 63
35 94
35 66
35 95
35 67
35 96
35 68
35 120
35 69
35 110
35 97
35 121
35 99
35 74
35 75
35 76
35 112
35 78
35 36
35 37
35 113
35 80
35 123
35 81
35 38
35 39
35 40
35 42
35 83
35 103
35 104
35 46
35 124
35 85
35 86
35 87
35 48
36 106
36 52
36 54
36 55
36 56
36 59
36 91
36 92
36 117
36 66
36 95
36 67
36 69
36 110
36 97
36 71
36 125
36 72
36 121
36 73
36 99
36 75
36 76
36 78
36 80
36 122
36 123
36 81
36 114
36 126
36 115
36 38
36 39
36 40
36 43
36 83
36 44
36 127
36 104
36 87
36 116
36 47
37 49
37 50
37 106
37 52
37 53
37 57
37 58
37 107
37 91
37 92
37 117
37 62
37 118
37 93
37 94
37 109
37 96
37 68
37 71
37 99
37 100
37 74
37 75
37 76
37 101
37 78
37 80
37 123
37 81
37 114
37 39
37 82
37 102
37 83
37 45
37 127
37 104
37 46
37 84
37 85
37 86
37 105
37 77
37 65
37 63
37 119
37 55
38 49
38 106
38 51
38 53
38 89
38 56
38 58
38 59
38 60
38 92
38 117
38 108
38 119
38 94
38 64
38 66
38 109
38 67
38 96
38 120
38 70
38 71
38 72
38 121
38 111
38 99
38 100
38 74
38 75
38 76
38 112
38 101
38 77
38 78
38 80
38 123
38 81
38 114
38 126
38 115
38 39
38 43
38 44
38 103
38 104
38 124
38 84
38 86
39 49
39 50
39 53
39 89
39 55
39 58
39 60
39 107
39 91
39 117
39 62
39 118
39 93
39 63
39 119
39 64
39 65
39 96
39 68
39 120
39 69
39 71
39 72
39 121
39 75
39 101
39 78
39 113
39 79
39 80
39 122
39 81
39 115
39 82
39 41
39 43
39 44
39 45
39 103
39 104
39 46
39 85
39 105
39 116
39 47
40 49
40 51
40 54
40 56
40 90
40 57
40 58
40 59
40 60
40 91
40 108
40 62
40 93
40 94
40 65
40 95
40 109
40 68
40 120
40 110
40 70
40 71
40 125
40 121
40 99
40 74
40 76
40 112
40 101
40 77
40 113
40 79
40 122
40 81
40 114
40 126
40 83
40 45
40 127
40 104
40 46
40 124
40 86
40 105
40 48
41 106
41 52
41 53
41 55
41 56
41 90
41 59
41 60
41 91
41 118
41 119
41 94
41 64
41 65
41 95
41 109
41 96
41 97
41 71
41 125
41 121
41 98
41 99
41 74
41 76
41 112
41 77
41 79
41 123
41 81
41 114
41 83
41 44
41 45
41 104
41 124
41 84
41 85
41 87
41 47
41 48
42 51
42 53
42 54
42 56
42 90
42 57
42 60
42 107
42 117
42 108
42 61
42 62
42 118
42 63
42 94
42 65
42 66
42 109
42 67
42 68
42 120
42 69
42 70
42 71
42 121
42 111
42 112
42 101
42 78
42 113
42 122
42 81
42 114
42 115
42 102
42 43
42 45
42 103
42 127
42 104
42 84
42 85
42 105
42 116
42 48
43 50
43 88
43 53
43 54
43 56
43 57
43 59
43 60
43 107
43 117
43 61
43 118
43 63
43 119
43 64
43 66
43 95
43 96
43 120
43 70
43 71
43 125
43 72
43 121
43 73
43 100
43 112
43 101
43 77
43 78
43 113
43 80
43 123
43 83
43 45
43 124
43 84
43 85
43 87
43 116
44 106
44 52
44 53
44 89
44 59
44 61
44 118
44 93
44 63
44 64
44 109
44 68
44 120
44 69
44 70
44 71
44 125
44 72
44 121
44 111
44 73
44 100
44 75
44 76
44 112
44 77
44 78
44 113
44 80
44 123
44 81
44 114
44 126
44 115
44 82
44 102
44 45
44 103
44 127
44 104
44 124
44 84
44 85
44 87
44 105
44 116
45 49
45 50
45 52
45 54
45 55
45 57
45 59
45 107
45 94
45 95
45 67
45 96
45 120
45 69
45 97
45 70
45 125
45 72
45 121
45 111
45 101
45 78
45 113
45 80
45 122
45 115
45 102
45 83
45 103
45 87
45 105
45 47
45 48
46 50
46 88
46 51
46 52
46 89
46 90
46 58
46 60
46 117
46 62
46 118
46 93
46 64
46 65
46 95
46 109
46 67
46 68
46 69
46 97
46 71
46 125
46 72
46 111
46 73
46 100
46 74
46 75
46 112
46 79
46 80
46 122
46 123
46 81
46 126
46 115
46 124
46 84
46 86
46 105
46 47
46 48
46 77
46 63
46 119
46 57
46 76
46 55
46 94
47 50
47 88
47 106
47 51
47 52
47 53
47 89
47 90
47 57
47 58
47 59
47 91
47 92
47 108
47 118
47 119
47 64
47 66
47 95
47 67
47 96
47 68
47 120
47 125
47 121
47 111
47 75
47 76
47 101
47 79
47 122
47 82
47 83
47 127
47 124
47 85
47 86
47 87
48 88
48 51
48 52
48 54
48 56
48 58
48 60
48 91
48 108
48 62
48 118
48 93
48 63
48 94
48 95
48 109
48 67
48 96
48 120
48 110
48 97
48 70
48 71
48 111
48 73
48 76
48 101
48 79
48 80
48 126
48 102
48 83
48 104
48 124
48 84
48 85
48 86
48 87
48 105
48 116
49 50
49 51
49 52
49 53
49 54
49 89
49 56
49 90
49 60
49 61
49 118
49 93
49 63
49 64
49 95
49 96
49 68
49 69
49 110
49 71
49 125
49 121
49 98
49 101
49 77
49 79
49 114
49 115
49 82
49 103
49 127
49 124
49 84
49 105
50 106
50 52
50 53
50 54
50 89
50 55
50 90
50 57
50 58
50 60
50 117
50 108
50 61
50 118
50 93
50 63
50 119
50 94
50 64
50 65
50 96
50 68
50 69
50 110
50 97
50 70
50 125
50 111
50 73
50 74
50 76
50 112
50 101
50 77
50 78
50 80
50 122
50 123
50 126
50 115
50 102
50 103
50 104
50 84
50 85
50 86
50 87
50 105
51 52
51 90
51 59
51 60
51 107
51 91
51 61
51 118
51 93
51 63
51 64
51 95
51 67
51 96
51 68
51 69
51 110
51 97
51 121
51 98
51 111
51 99
51 100
51 101
51 78
51 113
51 79
51 81
51 114
51 115
51 82
51 102
51 83
51 104
51 84
51 85
51 86
51 87
52 88
52 54
52 55
52 90
52 59
52 92
52 61
52 118
52 93
52 119
52 64
52 65
52 66
52 120
52 97
52 125
52 98
52 73
52 99
52 100
52 112
52 101
52 78
52 122
52 123
52 126
52 82
52 104
52 84
52 85
52 87
53 106
53 56
53 58
53 60
53 107
53 91
53 92
53 61
53 94
53 64
53 66
53 67
53 68
53 69
53 71
53 125
53 121
53 111
53 100
53 75
53 101
53 77
53 113
53 80
53 122
53 81
53 82
53 127
54 56
54 58
54 107
54 91
54 117
54 61
54 118
54 68
54 69
54 121
54 98
54 100
54 75
54 76
54 101
54 77
54 113
54 79
54 123
54 126
54 102
54 83
54 103
54 104
54 124
54 84
54 87
54 116
55 63
55 95
55 96
55 69
55 71
55 125
55 98
55 82
55 127
55 124
55 105
55 59
55 91
55 92
55 108
55 119
55 94
55 66
55 109
55 67
55 97
55 72
55 113
55 122
55 123
55 83
55 104
55 85
55 86
55 87
55 116
55 58
55 77
55 65
55 118
55 57
55 76
56 89
56 88
56 106
56 57
56 59
56 60
56 91
56 62
56 119
56 64
56 65
56 95
56 67
56 68
56 69
56 110
56 97
56 121
56 111
56 73
56 100
56 74
56 75
56 101
56 113
56 79
56 122
56 81
56 114
56 126
56 102
56 104
56 124
56 86
56 87
56 105
57 90
57 118
57 93
57 64
57 68
57 69
57 71
57 98
57 101
57 77
57 79
57 114
57 115
57 82
57 103
57 127
57 124
57 105
57 58
57 59
57 117
57 108
57 62
57 119
57 94
57 120
57 73
57 100
57 74
57 75
57 76
57 78
57 80
57 122
57 123
57 81
57 85
57 87
57 116
57 65
57 63
58 60
58 118
58 93
58 63
58 64
58 95
58 110
58 71
58 98
58 101
58 77
58 79
58 82
58 103
58 124
58 105
58 106
58 107
58 91
58 117
58 119
58 94
58 65
58 67
58 120
58 70
58 111
58 73
58 99
58 100
58 74
58 75
58 112
58 113
58 80
58 81
58 126
58 102
58 104
58 87
58 116
58 76
59 60
59 95
59 68
59 125
59 121
59 79
59 114
59 115
59 103
59 127
59 124
59 84
59 106
59 117
59 108
59 119
59 97
59 70
59 73
59 78
59 107
59 92
59 62
59 109
59 67
59 99
59 100
59 75
59 83
59 116
60 89
60 90
60 88
60 107
60 91
60 92
60 117
60 61
60 62
60 118
60 93
60 63
60 119
60 94
60 64
60 65
60 66
60 95
60 109
60 67
60 68
60 70
60 71
60 125
60 98
60 73
60 74
60 76
60 77
60 78
60 80
60 122
60 123
60 81
60 114
60 115
60 82
60 102
60 83
60 103
60 127
60 104
60 87
61 90
61 91
61 92
61 117
61 62
61 93
61 119
61 94
61 64
61 66
61 95
61 109
61 67
61 96
61 68
61 97
61 121
61 98
61 73
61 100
61 74
61 101
61 77
61 122
61 102
61 103
61 104
61 86
61 105
62 90
62 118
62 93
62 68
62 101
62 77
62 79
62 114
62 82
62 124
62 84
62 105
62 106
62 117
62 119
62 94
62 65
62 112
62 78
62 80
62 122
62 123
62 86
62 87
62 88
62 107
62 120
62 72
62 100
62 75
62 113
62 83
63 118
63 107
63 92
63 117
63 108
63 119
63 65
63 109
63 67
63 96
63 68
63 120
63 110
63 70
63 71
63 125
63 72
63 121
63 111
63 73
63 75
63 76
63 77
63 78
63 113
63 80
63 122
63 123
63 81
63 114
63 82
63 102
63 83
63 103
63 127
63 104
63 124
63 85
63 86
63 105
63 94
64 90
64 88
64 106
64 107
64 91
64 92
64 117
64 94
64 95
64 109
64 120
64 110
64 97
64 72
64 111
64 99
64 75
64 76
64 80
64 114
64 126
64 83
64 104
64 84
64 105
64 116
65 118
65 95
65 68
65 71
65 125
65 101
65 77
65 79
65 103
65 84
65 105
65 106
65 117
65 108
65 119
65 88
65 91
65 92
65 66
65 120
65 97
65 111
65 99
65 100
65 76
65 112
65 113
65 80
65 81
65 126
65 102
65 86
65 87
65 94
66 89
66 90
66 118
66 68
66 69
66 71
66 121
66 98
66 101
66 79
66 127
66 124
66 105
66 119
66 94
66 97
66 76
66 78
66 80
66 122
66 104
66 85
66 107
66 92
66 109
66 99
66 100
66 83
67 89
67 118
67 95
67 96
67 69
67 110
67 121
67 98
67 77
67 79
67 115
67 82
67 103
67 124
67 84
67 105
67 106
67 119
67 73
67 74
67 112
67 80
67 122
67 123
67 126
67 102
67 85
67 87
67 88
67 107
67 109
67 120
67 99
67 75
67 81
67 83
68 89
68 118
68 96
68 88
68 107
68 92
68 117
68 119
68 109
68 120
68 69
68 70
68 71
68 72
68 111
68 99
68 74
68 75
68 112
68 77
68 78
68 113
68 123
68 115
68 102
68 104
68 84
68 85
68 87
68 105
69 89
69 93
69 96
69 106
69 92
69 119
69 109
69 120
69 72
69 121
69 98
69 100
69 74
69 76
69 79
69 122
69 114
69 102
69 103
69 104
69 86
69 87
70 89
70 118
70 93
70 95
70 96
70 71
70 121
70 79
70 115
70 82
70 127
70 84
70 105
70 106
70 117
70 94
70 97
70 107
70 91
70 73
70 100
70 75
70 76
70 113
70 80
70 123
70 81
70 126
70 102
70 83
70 87
70 116
71 89
71 90
71 118
71 95
71 96
71 88
71 108
71 109
71 97
71 98
71 100
71 76
71 101
71 77
71 78
71 80
71 122
71 115
71 82
71 103
71 127
71 124
71 84
71 86
72 89
72 118
72 93
72 96
72 110
72 125
72 121
72 101
72 77
72 79
72 115
72 82
72 127
72 124
72 84
72 108
72 94
72 97
72 73
72 112
72 80
72 126
72 102
72 86
72 88
72 91
72 109
72 120
72 99
72 75
72 81
72 83
73 93
73 110
73 98
73 77
73 114
73 115
73 103
73 124
73 84
73 105
73 106
73 108
73 119
73 111
73 92
73 120
73 99
73 76
73 112
73 113
73 80
73 123
73 126
73 102
73 83
73 104
73 116
74 125
74 121
74 98
74 101
74 77
74 82
74 106
74 117
74 108
74 119
74 94
74 97
74 88
74 109
74 120
74 100
74 112
74 78
74 123
74 81
74 126
74 102
74 83
74 104
74 85
74 86
74 87
74 116
75 89
75 118
75 93
75 95
75 121
75 98
75 101
75 77
75 79
75 115
75 82
75 127
75 84
75 117
75 108
75 97
75 76
75 78
75 123
75 102
75 85
75 87
75 92
75 99
75 116
76 90
76 118
76 96
76 110
76 121
76 101
76 79
76 114
76 82
76 124
76 84
76 106
76 117
76 108
76 97
76 91
76 92
76 99
76 78
76 123
76 81
76 126
76 86
76 116
76 77
76 119
76 105
76 94
77 90
77 118
77 93
77 96
77 125
77 121
77 98
77 101
77 88
77 106
77 91
77 117
77 119
77 120
77 111
77 112
77 113
77 80
77 122
77 114
77 82
77 83
77 103
77 124
77 85
77 87
77 105
77 116
77 94
78 95
78 110
78 121
78 82
78 127
78 105
78 106
78 119
78 112
78 88
78 92
78 99
78 113
78 80
78 123
78 81
78 126
78 104
78 85
78 87
79 89
79 90
79 95
79 96
79 107
79 91
79 117
79 108
79 119
79 94
79 120
79 97
79 111
79 100
79 80
79 122
79 81
79 115
79 82
79 102
79 83
79 104
79 124
79 105
79 116
80 110
80 125
80 121
80 115
80 82
80 127
80 124
80 117
80 97
80 112
80 92
80 109
80 120
80 122
80 123
80 102
80 86
80 87
81 89
81 90
81 118
81 93
81 98
81 114
81 115
81 82
81 127
81 124
81 105
81 117
81 111
81 123
81 126
81 102
81 85
81 86
81 88
81 92
81 109
81 83
82 90
82 118
82 95
82 110
82 121
82 115
82 88
82 117
82 108
82 94
82 109
82 120
82 97
82 99
82 100
82 113
82 122
82 103
82 116
83 89
83 93
83 96
83 110
83 125
83 98
83 101
83 114
83 103
83 127
83 124
83 105
83 117
83 108
83 94
83 97
83 111
83 112
83 122
83 85
83 87
83 88
83 107
83 109
83 100
84 89
84 90
84 118
84 93
84 110
84 121
84 98
84 114
84 124
84 91
84 92
84 117
84 108
84 97
84 99
84 112
84 122
84 126
84 102
84 104
84 86
84 87
84 116
85 89
85 118
85 93
85 95
85 110
85 114
85 115
85 127
85 124
85 108
85 119
85 111
85 112
85 122
85 123
85 107
85 92
85 120
85 99
85 100
85 113
85 86
85 116
86 89
86 90
86 118
86 110
86 121
86 115
86 124
86 106
86 117
86 108
86 112
86 122
86 123
86 102
86 88
86 109
86 100
86 113
87 89
87 110
87 121
87 98
87 101
87 114
87 103
87 127
87 106
87 108
87 97
87 122
87 123
87 104
87 107
87 91
87 109
87 120
87 113
88 89
88 90
88 93
88 96
88 110
88 98
88 114
88 115
88 124
88 105
88 117
88 108
88 97
88 111
88 112
88 123
88 126
88 102
88 104
88 107
88 120
88 99
88 100
88 113
89 92
89 108
89 118
89 93
89 94
89 95
89 96
89 125
89 121
89 98
89 99
89 100
89 112
89 122
89 114
89 126
89 115
89 102
89 103
89 105
89 116
90 91
90 92
90 117
90 118
90 93
90 119
90 120
90 97
90 125
90 98
90 99
90 112
90 123
90 126
90 115
90 103
90 127
90 104
91 118
91 125
91 121
91 98
91 101
91 115
91 124
91 117
91 119
91 94
91 126
91 102
91 92
91 99
92 96
92 110
92 125
92 121
92 98
92 114
92 103
92 105
92 106
92 111
92 122
92 123
92 126
92 102
92 107
92 109
92 120
92 113
93 118
93 119
93 95
93 120
93 110
93 125
93 121
93 98
93 101
93 122
93 123
93 114
93 126
93 102
93 127
93 104
93 124
93 105
93 116
94 118
94 121
94 98
94 101
94 114
94 115
94 124
94 105
94 106
94 117
94 108
94 119
94 120
94 97
94 123
94 126
94 102
94 116
95 118
95 106
95 119
95 96
95 110
95 99
95 100
95 101
95 122
95 114
96 106
96 107
96 108
96 119
96 120
96 110
96 98
96 111
96 99
96 112
96 101
96 113
96 123
96 126
96 102
96 103
96 127
96 116
97 118
97 121
97 101
97 114
97 115
97 124
97 105
97 117
97 107
97 109
97 120
97 111
97 99
97 113
97 122
97 123
97 126
97 102
97 104
98 118
98 125
98 121
98 106
98 107
98 117
98 109
98 120
98 111
98 100
98 113
98 115
99 125
99 114
99 127
99 124
99 106
99 108
99 119
99 112
99 122
99 123
99 109
99 120
99 100
100 125
100 105
100 108
100 119
100 122
100 123
100 102
100 104
100 109
100 120
100 116
101 110
101 125
101 106
101 117
101 119
101 109
101 123
101 102
101 103
101 104
101 105
101 116
102 110
102 125
102 121
102 114
102 124
102 105
102 106
102 108
102 122
102 126
102 107
102 109
102 120
102 104
103 125
103 121
103 115
103 106
103 107
103 108
103 119
103 120
103 112
103 122
103 126
103 127
103 104
103 124
104 118
104 121
104 114
104 115
104 124
104 105
104 117
104 119
104 126
104 120
104 113
105 118
105 110
105 121
105 124
105 106
105 119
105 109
105 113
105 122
105 123
106 121
106 115
106 124
106 107
106 117
106 109
106 120
106 111
106 112
106 122
106 126
106 116
107 118
107 110
107 121
107 114
107 117
107 108
107 111
107 122
107 123
107 126
107 120
107 113
107 116
108 118
108 110
108 125
108 121
108 127
108 124
108 117
108 119
108 109
108 112
108 113
108 122
108 126
109 118
109 110
109 125
109 121
109 124
109 119
109 111
109 123
109 126
109 120
110 118
110 120
110 113
110 123
110 115
111 125
111 114
111 115
111 127
111 124
111 117
111 120
111 113
111 122
111 123
111 126
112 118
112 125
112 114
112 127
112 119
112 120
112 113
112 123
112 126
113 121
113 115
113 124
113 117
113 119
113 122
113 123
113 120
113 116
114 125
114 117
114 119
114 120
114 123
114 116
115 125
115 121
115 117
115 119
115 120
115 123
115 126
115 127
115 116
116 118
116 121
116 119
116 122
116 123
116 120
117 118
117 124
117 126
118 119
118 123
119 127
119 124
119 122
119 123
120 125
120 121
120 122
120 123
121 125
121 127
122 125
122 124
122 123
123 127
123 126
124 126
125 126
125 127
126 127
