0 1
0 2
0 3
0 4
0 5
0 6
0 7
0 8
0 9
0 10
0 11
0 12
0 13
0 14
0 15
0 16
0 17
0 18
0 19
0 20
0 21
0 22
0 23
0 24
0 25
0 26
0 27
0 28
0 29
0 30
0 31
0 32
0 33
0 34
0 35
0 36
0 37
0 38
0 39
0 40
0 41
0 42
0 43
0 44
0 45
0 46
0 47
0 48
0 49
0 50
0 51
0 52
0 53
0 54
0 55
0 56
0 57
0 58
0 59
0 60
0 61
0 62
0 63
0 112
0 69
1 2
1 64
1 4
1 65
1 66
1 5
1 6
1 67
1 7
1 68
1 8
1 10
1 11
1 69
1 14
1 16
1 70
1 20
1 71
1 21
1 72
1 73
1 22
1 25
1 26
1 74
1 75
1 29
1 76
1 77
1 31
1 32
1 78
1 34
1 35
1 36
1 39
1 79
1 40
1 80
1 81
1 43
1 82
1 83
1 84
1 85
1 86
1 49
1 87
1 88
1 52
1 53
1 54
1 56
1 58
1 89
1 59
1 90
1 60
1 61
1 91
1 92
1 93
1 94
1 95
2 64
2 3
2 66
2 6
2 96
2 7
2 97
2 68
2 8
2 98
2 10
2 11
2 13
2 99
2 100
2 17
2 19
2 20
2 71
2 72
2 73
2 24
2 29
2 76
2 34
2 35
2 36
2 37
2 101
2 102
2 39
2 79
2 80
2 103
2 45
2 82
2 83
2 104
2 105
2 48
2 86
2 49
2 50
2 88
2 52
2 53
2 55
2 57
2 106
2 58
2 91
2 107
2 108
2 62
2 109
2 110
2 95
3 64
3 4
3 65
3 5
3 6
3 10
3 12
3 14
3 100
3 15
3 70
3 71
3 21
3 73
3 22
3 111
3 27
3 75
3 29
3 76
3 30
3 33
3 34
3 35
3 36
3 102
3 39
3 113
3 42
3 81
3 45
3 82
3 114
3 105
3 85
3 86
3 49
3 50
3 51
3 87
3 52
3 55
3 57
3 106
3 58
3 90
3 91
3 92
3 62
3 109
3 63
4 115
4 64
4 66
4 5
4 6
4 96
4 97
4 10
4 11
4 99
4 15
4 16
4 70
4 17
4 19
4 20
4 71
4 72
4 111
4 24
4 116
4 26
4 27
4 74
4 117
4 29
4 77
4 30
4 118
4 32
4 78
4 33
4 34
4 35
4 101
4 38
4 39
4 80
4 103
4 43
4 44
4 83
4 46
4 47
4 105
4 48
4 49
4 50
4 87
4 88
4 52
4 54
4 55
4 56
4 119
4 58
4 89
4 59
4 90
4 60
4 61
4 91
4 92
4 107
4 120
4 94
4 63
4 121
4 110
4 95
5 66
5 122
5 96
5 97
5 68
5 9
5 69
5 13
5 100
5 15
5 17
5 18
5 19
5 111
5 23
5 123
5 116
5 26
5 112
5 117
5 75
5 29
5 76
5 30
5 118
5 78
5 33
5 34
5 36
5 39
5 41
5 113
5 124
5 81
5 44
5 45
5 82
5 83
5 114
5 47
5 84
5 105
5 85
5 48
5 52
5 53
5 54
5 119
5 58
5 89
5 59
5 60
5 91
5 92
5 107
5 108
5 120
5 109
5 94
5 110
5 95
6 115
6 66
6 125
6 68
6 8
6 9
6 98
6 10
6 12
6 14
6 99
6 100
6 70
6 19
6 21
6 72
6 73
6 22
6 111
6 24
6 74
6 117
6 76
6 77
6 78
6 36
6 101
6 102
6 38
6 40
6 41
6 103
6 81
6 45
6 46
6 114
6 104
6 105
6 85
6 48
6 86
6 51
6 126
6 87
6 52
6 55
6 89
6 59
6 90
6 60
6 61
6 92
6 107
6 120
6 62
6 121
6 110
6 127
7 64
7 65
7 125
7 96
7 97
7 9
7 98
7 10
7 12
7 14
7 20
7 71
7 72
7 73
7 111
7 24
7 123
7 116
7 26
7 29
7 76
7 118
7 33
7 34
7 37
7 101
7 102
7 38
7 39
7 113
7 81
7 44
7 45
7 83
7 46
7 114
7 84
7 49
7 52
7 55
7 56
7 106
7 58
7 91
7 92
7 120
7 93
7 109
7 94
7 63
7 121
7 110
7 95
8 66
8 67
8 125
8 122
8 9
8 10
8 12
8 14
8 100
8 16
8 17
8 18
8 20
8 22
8 23
8 24
8 26
8 112
8 117
8 75
8 28
8 29
8 78
8 35
8 36
8 101
8 39
8 113
8 80
8 44
8 104
8 105
8 85
8 51
8 87
8 52
8 53
8 55
8 57
8 119
8 89
8 59
8 61
8 91
8 108
8 120
8 62
8 109
8 94
8 95
9 66
9 98
9 11
9 12
9 13
9 14
9 99
9 15
9 17
9 20
9 71
9 72
9 22
9 111
9 23
9 25
9 26
9 31
9 32
9 34
9 36
9 40
9 41
9 103
9 124
9 42
9 43
9 44
9 82
9 83
9 104
9 84
9 105
9 48
9 86
9 49
9 51
9 87
9 54
9 55
9 56
9 106
9 119
9 90
9 61
9 91
9 92
9 107
9 108
9 62
9 63
9 110
10 115
10 66
10 67
10 96
10 98
10 12
10 99
10 15
10 16
10 70
10 17
10 19
10 20
10 71
10 21
10 72
10 22
10 23
10 24
10 123
10 116
10 74
10 112
10 75
10 28
10 30
10 32
10 78
10 35
10 36
10 37
10 102
10 41
10 113
10 42
10 43
10 45
10 82
10 46
10 104
10 105
10 85
10 49
10 50
10 51
10 126
10 87
10 54
10 56
10 106
10 58
10 89
10 59
10 90
10 61
10 120
10 94
10 110
10 95
11 115
11 67
11 125
11 98
11 14
11 99
11 100
11 16
11 17
11 20
11 71
11 21
11 23
11 24
11 25
11 116
11 26
11 27
11 74
11 117
11 28
11 30
11 31
11 34
11 36
11 41
11 113
11 42
11 45
11 104
11 84
11 105
11 85
11 48
11 50
11 51
11 87
11 53
11 54
11 55
11 56
11 57
11 60
11 62
11 93
11 109
11 94
11 63
11 121
11 127
11 95
12 115
12 64
12 65
12 67
12 125
12 68
12 98
12 69
12 13
12 15
12 16
12 17
12 21
12 22
12 111
12 24
12 123
12 25
12 116
12 27
12 74
12 112
12 75
12 28
12 76
12 31
12 32
12 33
12 36
12 37
12 79
12 42
12 43
12 44
12 82
12 46
12 114
12 47
12 104
12 105
12 85
12 48
12 86
12 49
12 126
12 87
12 88
12 55
12 56
12 58
12 89
12 90
12 60
12 61
12 91
12 92
12 120
12 109
12 94
12 63
12 121
12 110
12 95
13 64
13 65
13 66
13 67
13 96
13 97
13 68
13 99
13 16
13 19
13 71
13 123
13 116
13 112
13 28
13 29
13 30
13 118
13 33
13 34
13 35
13 101
13 39
13 40
13 124
13 81
13 43
13 45
13 83
13 104
13 84
13 105
13 48
13 86
13 49
13 51
13 126
13 53
13 54
13 56
13 58
13 89
13 60
13 107
13 108
13 62
13 93
13 94
13 121
13 110
14 64
14 65
14 125
14 122
14 96
14 68
14 98
14 69
14 70
14 17
14 18
14 21
14 72
14 73
14 24
14 123
14 116
14 112
14 117
14 76
14 31
14 33
14 35
14 36
14 39
14 79
14 41
14 124
14 43
14 44
14 82
14 83
14 114
14 47
14 105
14 48
14 49
14 51
14 52
14 54
14 57
14 106
14 119
14 89
14 59
14 90
14 60
14 91
14 92
14 108
14 109
14 94
14 121
14 95
15 64
15 67
15 122
15 96
15 97
15 100
15 16
15 70
15 20
15 21
15 72
15 22
15 111
15 23
15 24
15 25
15 116
15 112
15 117
15 75
15 28
15 31
15 32
15 33
15 34
15 35
15 38
15 41
15 124
15 42
15 81
15 45
15 46
15 114
15 104
15 84
15 105
15 85
15 86
15 49
15 50
15 51
15 87
15 88
15 53
15 54
15 56
15 58
15 89
15 59
15 61
15 92
15 107
15 120
15 93
15 109
15 94
15 121
15 110
15 95
16 64
16 125
16 97
16 68
16 98
16 69
16 100
16 18
16 20
16 71
16 72
16 73
16 23
16 24
16 25
16 116
16 112
16 117
16 29
16 30
16 31
16 78
16 33
16 34
16 35
16 36
16 37
16 102
16 113
16 124
16 81
16 43
16 45
16 82
16 83
16 114
16 47
16 84
16 48
16 86
16 50
16 87
16 88
16 53
16 56
16 106
16 89
16 107
16 120
16 62
16 63
16 121
16 95
17 115
17 64
17 65
17 67
17 125
17 122
17 96
17 97
17 98
17 100
17 19
17 20
17 71
17 73
17 22
17 123
17 25
17 116
17 26
17 27
17 74
17 112
17 75
17 118
17 31
17 32
17 34
17 36
17 101
17 41
17 113
17 80
17 124
17 44
17 45
17 83
17 114
17 84
17 105
17 85
17 50
17 88
17 52
17 55
17 119
17 58
17 89
17 60
17 61
17 91
17 92
17 107
17 108
17 93
17 94
17 121
17 110
17 127
17 95
18 64
18 66
18 67
18 96
18 68
18 100
18 70
18 19
18 72
18 73
18 22
18 23
18 123
18 117
18 75
18 29
18 30
18 118
18 31
18 32
18 34
18 35
18 36
18 102
18 39
18 79
18 41
18 42
18 81
18 43
18 44
18 82
18 46
18 84
18 105
18 48
18 86
18 50
18 51
18 126
18 87
18 88
18 53
18 119
18 58
18 60
18 91
18 92
18 107
18 108
18 62
18 109
18 94
18 63
18 110
18 24
18 33
18 27
18 37
18 38
18 59
18 25
18 112
18 57
18 47
18 69
18 54
19 115
19 64
19 65
19 66
19 67
19 122
19 68
19 69
19 70
19 71
19 21
19 73
19 22
19 111
19 23
19 24
19 25
19 74
19 77
19 32
19 78
19 33
19 34
19 101
19 40
19 80
19 103
19 124
19 114
19 105
19 48
19 87
19 88
19 53
19 54
19 55
19 56
19 57
19 106
19 89
19 107
19 108
19 120
19 93
20 115
20 65
20 66
20 67
20 97
20 68
20 98
20 71
20 72
20 22
20 111
20 23
20 123
20 26
20 112
20 28
20 118
20 31
20 78
20 33
20 102
20 38
20 40
20 113
20 80
20 124
20 42
20 43
20 44
20 82
20 104
20 84
20 48
20 86
20 49
20 50
20 126
20 87
20 53
20 54
20 55
20 56
20 106
20 119
20 58
20 89
20 59
20 60
20 91
20 92
20 108
20 62
20 93
21 66
21 67
21 122
21 68
21 98
21 100
21 70
21 71
21 72
21 22
21 111
21 23
21 24
21 123
21 25
21 116
21 27
21 74
21 117
21 77
21 30
21 31
21 32
21 78
21 33
21 34
21 35
21 101
21 102
21 39
21 79
21 40
21 41
21 113
21 103
21 83
21 46
21 114
21 84
21 49
21 53
21 89
21 60
21 107
21 108
21 62
21 93
21 121
21 110
21 127
22 64
22 66
22 96
22 97
22 68
22 98
22 69
22 99
22 70
22 71
22 72
22 24
22 123
22 26
22 28
22 76
22 31
22 78
22 34
22 36
22 102
22 79
22 40
22 41
22 113
22 103
22 42
22 81
22 43
22 44
22 82
22 83
22 114
22 104
22 85
22 86
22 126
22 87
22 52
22 53
22 54
22 106
22 89
22 59
22 90
22 60
22 92
22 107
22 62
22 109
22 127
22 95
23 115
23 64
23 67
23 125
23 97
23 98
23 99
23 100
23 70
23 71
23 73
23 111
23 26
23 27
23 75
23 28
23 29
23 76
23 32
23 78
23 36
23 37
23 102
23 79
23 40
23 41
23 113
23 80
23 42
23 45
23 83
23 46
23 114
23 104
23 84
23 105
23 48
23 49
23 51
23 88
23 55
23 56
23 119
23 108
23 120
23 93
24 115
24 65
24 67
24 68
24 100
24 70
24 71
24 72
24 111
24 123
24 116
24 26
24 27
24 112
24 117
24 75
24 77
24 78
24 33
24 36
24 37
24 101
24 38
24 39
24 40
24 80
24 124
24 42
24 81
24 43
24 44
24 82
24 83
24 47
24 104
24 105
24 85
24 48
24 86
24 49
24 50
24 51
24 126
24 52
24 106
24 119
24 58
24 89
24 60
24 108
24 62
24 93
24 109
24 94
24 63
24 95
24 59
24 29
24 25
24 57
24 69
24 54
25 115
25 66
25 67
25 125
25 98
25 100
25 70
25 71
25 73
25 111
25 75
25 28
25 77
25 30
25 32
25 78
25 34
25 101
25 39
25 41
25 43
25 44
25 83
25 46
25 114
25 105
25 85
25 49
25 50
25 88
25 54
25 55
25 106
25 58
25 60
25 92
25 108
25 120
25 62
25 93
25 121
25 95
25 33
25 42
25 27
25 37
25 38
25 59
25 48
25 29
25 112
25 57
25 47
25 69
26 65
26 66
26 125
26 122
26 97
26 70
26 72
26 73
26 111
26 123
26 116
26 74
26 112
26 117
26 31
26 33
26 35
26 37
26 38
26 79
26 40
26 41
26 103
26 81
26 43
26 45
26 46
26 104
26 105
26 86
26 49
26 50
26 51
26 52
26 53
26 55
26 106
26 90
26 107
26 93
26 94
26 63
26 127
26 95
27 115
27 66
27 67
27 125
27 97
27 68
27 70
27 71
27 72
27 73
27 74
27 75
27 32
27 33
27 35
27 36
27 37
27 38
27 39
27 80
27 124
27 42
27 81
27 43
27 44
27 45
27 82
27 83
27 46
27 84
27 48
27 87
27 88
27 52
27 54
27 55
27 56
27 57
27 106
27 89
27 59
27 90
27 60
27 61
27 107
27 120
27 93
27 109
27 94
27 121
27 95
27 29
27 112
27 47
27 69
28 64
28 65
28 68
28 99
28 111
28 123
28 74
28 75
28 29
28 76
28 32
28 33
28 34
28 37
28 101
28 102
28 39
28 79
28 40
28 113
28 103
28 43
28 83
28 46
28 104
28 105
28 85
28 49
28 51
28 87
28 53
28 56
28 57
28 119
28 58
28 89
28 59
28 90
28 91
28 107
28 120
28 93
28 94
28 63
28 121
28 127
28 95
29 65
29 66
29 125
29 96
29 97
29 69
29 72
29 123
29 77
29 118
29 33
29 35
29 38
29 40
29 113
29 103
29 114
29 47
29 104
29 84
29 49
29 87
29 53
29 54
29 106
29 89
29 120
29 94
29 63
29 127
29 39
29 60
29 43
29 42
29 37
29 59
29 48
29 112
29 57
30 67
30 122
30 97
30 68
30 73
30 116
30 74
30 76
30 77
30 31
30 32
30 34
30 37
30 79
30 40
30 113
30 124
30 45
30 83
30 114
30 84
30 105
30 48
30 49
30 50
30 51
30 52
30 53
30 55
30 59
30 90
30 91
30 107
30 120
30 62
30 93
30 63
30 127
31 115
31 65
31 67
31 96
31 97
31 68
31 69
31 99
31 72
31 111
31 123
31 116
31 75
31 76
31 78
31 33
31 34
31 36
31 102
31 79
31 40
31 113
31 80
31 42
31 43
31 44
31 45
31 46
31 84
31 85
31 49
31 50
31 51
31 87
31 53
31 56
31 57
31 89
31 59
31 91
31 92
31 108
31 62
31 93
31 121
31 110
31 127
32 115
32 64
32 67
32 122
32 96
32 68
32 99
32 70
32 71
32 72
32 73
32 76
32 118
32 78
32 33
32 36
32 101
32 38
32 39
32 40
32 113
32 124
32 42
32 83
32 46
32 114
32 47
32 104
32 105
32 85
32 86
32 126
32 52
32 53
32 54
32 56
32 57
32 119
32 58
32 89
32 59
32 90
32 61
32 92
32 120
32 62
32 94
32 63
32 121
32 127
32 95
33 64
33 66
33 125
33 96
33 97
33 100
33 70
33 116
33 74
33 112
33 76
33 35
33 36
33 37
33 38
33 39
33 79
33 41
33 103
33 124
33 42
33 43
33 44
33 45
33 82
33 83
33 114
33 105
33 85
33 48
33 87
33 88
33 53
33 54
33 55
33 56
33 106
33 119
33 90
33 60
33 61
33 107
33 108
33 120
33 109
33 63
33 95
33 59
33 57
33 47
33 69
34 66
34 67
34 125
34 122
34 96
34 97
34 68
34 100
34 70
34 72
34 73
34 123
34 74
34 112
34 117
34 75
34 76
34 77
34 78
34 36
34 102
34 113
34 80
34 103
34 124
34 44
34 45
34 46
34 104
34 84
34 85
34 86
34 49
34 51
34 126
34 53
34 55
34 56
34 57
34 119
34 58
34 89
34 60
34 91
34 92
34 108
34 62
34 93
34 63
34 110
34 127
34 95
35 125
35 122
35 97
35 98
35 100
35 71
35 72
35 73
35 111
35 75
35 76
35 77
35 118
35 78
35 37
35 38
35 79
35 40
35 41
35 113
35 81
35 43
35 83
35 114
35 105
35 85
35 86
35 53
35 57
35 90
35 107
35 62
35 109
35 94
35 110
36 115
36 64
36 66
36 125
36 96
36 68
36 69
36 99
36 72
36 123
36 116
36 74
36 112
36 117
36 75
36 76
36 77
36 78
36 37
36 101
36 102
36 38
36 79
36 40
36 41
36 103
36 42
36 81
36 43
36 45
36 82
36 83
36 46
36 114
36 47
36 104
36 105
36 87
36 52
36 54
36 119
36 89
36 59
36 90
36 61
36 91
36 92
36 107
36 108
36 62
36 93
36 121
36 110
36 127
37 64
37 125
37 97
37 68
37 98
37 69
37 100
37 70
37 72
37 73
37 123
37 116
37 74
37 112
37 117
37 76
37 77
37 78
37 102
37 38
37 39
37 79
37 40
37 41
37 103
37 124
37 42
37 43
37 45
37 83
37 46
37 114
37 104
37 85
37 48
37 50
37 126
37 87
37 88
37 53
37 56
37 119
37 60
37 91
37 107
37 93
37 109
37 94
37 63
37 110
37 95
37 59
37 57
37 47
37 54
38 64
38 122
38 96
38 97
38 68
38 98
38 99
38 72
38 112
38 117
38 76
38 77
38 118
38 78
38 101
38 102
38 39
38 40
38 41
38 113
38 80
38 103
38 42
38 43
38 45
38 47
38 84
38 105
38 48
38 86
38 50
38 126
38 87
38 52
38 57
38 106
38 58
38 89
38 59
38 90
38 60
38 91
38 107
38 108
38 120
38 62
38 94
38 121
38 110
38 127
38 69
38 54
39 115
39 67
39 125
39 122
39 96
39 68
39 98
39 69
39 100
39 72
39 73
39 116
39 112
39 76
39 77
39 78
39 102
39 79
39 41
39 80
39 124
39 42
39 43
39 44
39 45
39 82
39 114
39 47
39 105
39 86
39 49
39 51
39 126
39 88
39 52
39 57
39 106
39 58
39 90
39 60
39 61
39 107
39 120
39 62
39 109
39 110
39 95
39 59
39 48
39 54
40 65
40 122
40 96
40 97
40 100
40 70
40 72
40 111
40 123
40 112
40 117
40 76
40 78
40 80
40 103
40 124
40 81
40 43
40 45
40 82
40 83
40 105
40 126
40 53
40 54
40 55
40 106
40 119
40 89
40 59
40 60
40 61
40 92
40 107
40 120
40 94
40 110
40 127
41 115
41 125
41 99
41 71
41 73
41 111
41 123
41 116
41 74
41 112
41 102
41 113
41 103
41 44
41 45
41 82
41 83
41 46
41 47
41 104
41 105
41 48
41 49
41 50
41 126
41 87
41 88
41 54
41 55
41 56
41 57
41 58
41 61
41 91
41 107
41 108
41 110
41 127
41 95
42 115
42 66
42 122
42 97
42 68
42 69
42 99
42 100
42 70
42 111
42 116
42 74
42 75
42 76
42 77
42 78
42 102
42 79
42 80
42 124
42 81
42 43
42 44
42 45
42 83
42 46
42 84
42 51
42 88
42 52
42 53
42 56
42 57
42 90
42 60
42 92
42 107
42 62
42 93
42 109
42 94
42 127
42 59
42 48
42 112
42 47
42 54
43 64
43 125
43 122
43 96
43 68
43 72
43 73
43 111
43 116
43 117
43 75
43 76
43 101
43 113
43 80
43 124
43 81
43 44
43 45
43 82
43 83
43 46
43 104
43 105
43 126
43 52
43 53
43 54
43 56
43 57
43 58
43 59
43 60
43 92
43 108
43 120
43 109
43 63
43 127
43 95
43 48
43 112
43 47
43 69
44 115
44 64
44 66
44 67
44 97
44 68
44 69
44 123
44 116
44 76
44 78
44 79
44 113
44 80
44 81
44 82
44 83
44 47
44 84
44 105
44 49
44 50
44 51
44 126
44 55
44 57
44 119
44 58
44 59
44 60
44 61
44 92
44 107
44 108
44 94
44 63
44 127
45 115
45 64
45 65
45 125
45 96
45 97
45 68
45 99
45 100
45 71
45 72
45 73
45 112
45 117
45 76
45 77
45 118
45 101
45 102
45 79
45 113
45 103
45 81
45 82
45 46
45 105
45 48
45 86
45 49
45 50
45 87
45 88
45 53
45 56
45 57
45 91
45 92
45 107
45 93
45 109
45 121
45 127
46 65
46 125
46 96
46 69
46 99
46 100
46 72
46 73
46 123
46 112
46 117
46 75
46 76
46 77
46 118
46 79
46 80
46 103
46 81
46 104
46 85
46 48
46 88
46 53
46 55
46 56
46 119
46 58
46 60
46 92
46 107
46 108
46 120
46 93
46 63
46 121
46 95
47 65
47 96
47 97
47 68
47 99
47 71
47 72
47 73
47 111
47 123
47 112
47 75
47 76
47 80
47 103
47 84
47 105
47 49
47 50
47 51
47 88
47 55
47 56
47 106
47 58
47 89
47 60
47 92
47 107
47 120
47 63
47 121
47 127
47 95
47 59
47 48
47 57
47 69
47 54
48 125
48 122
48 97
48 68
48 69
48 99
48 73
48 123
48 112
48 75
48 77
48 118
48 101
48 80
48 103
48 81
48 82
48 114
48 84
48 85
48 50
48 126
48 52
48 53
48 54
48 56
48 57
48 106
48 60
48 91
48 108
48 120
48 62
48 63
48 121
48 127
48 59
49 64
49 66
49 67
49 125
49 122
49 68
49 98
49 69
49 99
49 70
49 71
49 111
49 123
49 74
49 112
49 117
49 77
49 78
49 79
49 80
49 124
49 81
49 82
49 114
49 86
49 50
49 88
49 53
49 55
49 119
49 58
49 59
49 61
49 92
49 107
49 108
49 93
49 109
49 94
49 110
49 127
49 95
50 115
50 64
50 65
50 67
50 125
50 122
50 96
50 97
50 68
50 69
50 71
50 73
50 111
50 123
50 74
50 112
50 117
50 76
50 77
50 101
50 102
50 79
50 82
50 84
50 85
50 86
50 51
50 88
50 52
50 53
50 119
50 58
50 89
50 59
50 90
50 61
50 120
50 62
50 93
50 109
50 127
51 115
51 65
51 66
51 67
51 97
51 98
51 100
51 72
51 111
51 116
51 75
51 77
51 78
51 79
51 103
51 83
51 104
51 105
51 54
51 56
51 89
51 60
51 61
51 91
51 92
51 107
51 108
51 120
51 62
51 93
51 121
51 110
51 127
51 95
52 115
52 64
52 65
52 122
52 99
52 70
52 71
52 72
52 111
52 117
52 118
52 78
52 101
52 113
52 103
52 82
52 114
52 104
52 84
52 105
52 85
52 53
52 56
52 57
52 119
52 58
52 59
52 60
52 91
52 92
52 109
52 94
52 63
52 121
52 110
52 95
53 64
53 65
53 67
53 125
53 122
53 96
53 97
53 98
53 69
53 70
53 71
53 72
53 73
53 111
53 123
53 75
53 118
53 78
53 101
53 102
53 113
53 80
53 124
53 81
53 82
53 84
53 105
53 85
53 86
53 56
53 58
53 89
53 90
53 91
53 92
53 94
53 63
53 95
54 64
54 125
54 122
54 96
54 98
54 99
54 71
54 123
54 74
54 75
54 78
54 101
54 79
54 113
54 114
54 104
54 85
54 88
54 55
54 106
54 60
54 61
54 108
54 120
54 62
54 93
54 109
54 63
54 110
54 59
54 112
54 57
54 69
55 125
55 122
55 99
55 123
55 77
55 101
55 79
55 80
55 103
55 81
55 82
55 83
55 114
55 104
55 85
55 87
55 56
55 106
55 119
55 91
55 92
55 108
55 120
55 62
55 93
55 109
55 63
55 127
56 64
56 66
56 67
56 125
56 97
56 72
56 123
56 74
56 117
56 75
56 76
56 77
56 118
56 78
56 101
56 103
56 124
56 81
56 85
56 86
56 57
56 119
56 59
56 60
56 61
56 91
56 62
56 94
56 63
56 110
56 127
56 95
57 115
57 64
57 65
57 66
57 96
57 68
57 98
57 70
57 111
57 117
57 76
57 77
57 82
57 83
57 85
57 126
57 58
57 61
57 92
57 108
57 93
57 94
57 63
57 121
57 110
57 60
57 59
57 112
57 69
58 122
58 97
58 68
58 69
58 99
58 71
58 73
58 123
58 75
58 118
58 78
58 79
58 113
58 80
58 82
58 83
58 85
58 86
58 126
58 89
58 59
58 60
58 91
58 93
58 94
58 121
58 110
59 115
59 67
59 122
59 98
59 71
59 72
59 73
59 123
59 116
59 74
59 112
59 75
59 76
59 77
59 102
59 113
59 81
59 83
59 119
59 89
59 60
59 61
59 91
59 108
59 93
59 63
59 110
59 127
59 95
59 69
60 115
60 65
60 97
60 99
60 70
60 72
60 73
60 116
60 74
60 117
60 75
60 76
60 118
60 78
60 101
60 102
60 113
60 81
60 83
60 85
60 86
60 87
60 88
60 89
60 91
60 107
60 93
60 94
60 121
60 110
60 127
60 112
60 69
61 65
61 66
61 67
61 97
61 98
61 69
61 70
61 72
61 111
61 74
61 117
61 75
61 78
61 101
61 80
61 81
61 82
61 114
61 104
61 105
61 85
61 126
61 119
61 89
61 91
61 108
61 120
61 94
62 64
62 125
62 97
62 98
62 100
62 70
62 71
62 73
62 116
62 112
62 117
62 78
62 101
62 80
62 83
62 104
62 85
62 87
62 106
62 107
62 120
62 93
62 63
62 121
62 127
63 115
63 66
63 67
63 122
63 97
63 70
63 72
63 111
63 75
63 113
63 124
63 81
63 104
63 105
63 126
63 106
63 119
63 89
63 91
63 107
63 108
63 95
64 65
64 96
64 97
64 68
64 100
64 73
64 116
64 117
64 77
64 78
64 79
64 80
64 81
64 114
64 104
64 85
64 86
64 126
64 119
64 91
64 92
64 108
64 120
64 93
65 66
65 67
65 125
65 96
65 97
65 69
65 100
65 72
65 73
65 123
65 74
65 117
65 75
65 76
65 77
65 118
65 102
65 81
65 82
65 83
65 104
65 85
65 126
65 88
65 106
65 89
65 92
65 94
66 115
66 67
66 122
66 96
66 98
66 69
66 99
66 70
66 111
66 116
66 76
66 77
66 118
66 102
66 79
66 103
66 124
66 82
66 83
66 114
66 104
66 84
66 86
66 87
66 91
66 107
66 120
66 93
66 94
66 127
66 95
67 125
67 122
67 69
67 100
67 71
67 73
67 116
67 112
67 118
67 78
67 79
67 113
67 80
67 103
67 81
67 82
67 83
67 114
67 85
67 86
67 126
67 87
67 89
67 92
67 107
67 120
68 115
68 125
68 122
68 96
68 97
68 69
68 99
68 100
68 73
68 111
68 116
68 117
68 78
68 101
68 102
68 79
68 113
68 80
68 124
68 82
68 83
68 114
68 104
68 84
68 86
68 126
68 106
68 107
68 93
68 94
68 95
69 115
69 98
69 70
69 123
69 116
69 74
69 75
69 77
69 118
69 102
69 104
69 84
69 87
69 119
69 89
69 91
69 93
69 112
70 115
70 122
70 97
70 98
70 100
70 71
70 73
70 111
70 123
70 74
70 112
70 75
70 77
70 118
70 78
70 101
70 113
70 80
70 103
70 124
70 81
70 83
70 104
70 85
70 86
70 126
70 88
70 106
70 90
70 91
70 92
70 107
70 120
70 121
70 127
70 95
71 125
71 122
71 96
71 98
71 72
71 111
71 74
71 75
71 76
71 77
71 118
71 101
71 79
71 80
71 103
71 124
71 82
71 114
71 104
71 84
71 105
71 85
71 86
71 87
71 88
71 89
71 90
71 92
71 94
71 110
71 127
72 122
72 98
72 73
72 111
72 74
72 112
72 75
72 76
72 118
72 78
72 80
72 81
72 82
72 83
72 114
72 104
72 84
72 87
72 88
72 89
72 90
72 91
72 107
72 108
72 94
73 122
73 97
73 99
73 100
73 123
73 116
73 74
73 77
73 118
73 78
73 102
73 79
73 113
73 103
73 124
73 81
73 82
73 114
73 104
73 84
73 126
73 88
73 106
73 91
73 107
73 108
73 93
73 121
73 110
73 95
74 115
74 125
74 122
74 96
74 97
74 98
74 100
74 111
74 112
74 76
74 118
74 78
74 101
74 102
74 79
74 113
74 80
74 82
74 83
74 114
74 104
74 105
74 85
74 126
74 87
74 88
74 89
74 91
74 108
74 121
74 110
75 115
75 125
75 122
75 97
75 99
75 100
75 123
75 116
75 112
75 117
75 118
75 78
75 101
75 102
75 79
75 113
75 81
75 84
75 105
75 85
75 86
75 126
75 106
75 92
75 93
75 94
75 121
75 127
76 115
76 122
76 97
76 98
76 100
76 123
76 116
76 112
76 78
76 101
76 103
76 124
76 81
76 83
76 114
76 104
76 84
76 87
76 88
76 89
76 91
76 108
76 94
76 121
76 110
76 95
77 125
77 98
77 99
77 116
77 112
77 78
77 102
77 79
77 113
77 124
77 87
77 88
77 119
77 89
77 90
77 91
77 107
77 108
77 120
77 109
77 94
77 110
78 96
78 97
78 99
78 117
78 118
78 101
78 102
78 79
78 80
78 82
78 114
78 104
78 105
78 86
78 126
78 90
78 91
78 107
78 108
78 120
78 93
78 109
78 121
78 110
78 95
79 125
79 96
79 98
79 99
79 100
79 111
79 123
79 116
79 112
79 118
79 113
79 103
79 124
79 82
79 83
79 114
79 84
79 105
79 86
79 126
79 87
79 88
79 106
79 89
79 91
79 107
79 94
79 110
80 122
80 96
80 98
80 100
80 111
80 116
80 103
80 124
80 83
80 104
80 84
80 85
80 87
80 119
80 89
80 91
80 120
80 93
80 109
80 94
80 121
80 127
81 115
81 125
81 96
81 100
81 111
81 123
81 112
81 117
81 102
81 124
81 82
81 114
81 104
81 84
81 105
81 86
81 87
81 88
81 90
81 91
81 92
81 110
81 127
81 95
82 125
82 122
82 96
82 97
82 111
82 116
82 117
82 102
82 103
82 114
82 105
82 87
82 88
82 106
82 89
82 108
82 93
82 110
82 127
83 125
83 122
83 96
83 98
83 99
83 112
83 102
83 124
83 104
83 84
83 87
83 119
83 91
83 92
83 107
83 108
83 109
83 127
83 95
84 115
84 96
84 97
84 99
84 117
84 118
84 102
84 103
84 124
84 86
84 126
84 87
84 119
84 89
84 91
84 107
84 108
84 120
84 94
84 110
85 125
85 97
85 100
85 123
85 116
85 102
85 113
85 103
85 114
85 104
85 105
85 126
85 87
85 88
85 119
85 89
85 107
85 120
85 94
85 95
86 115
86 125
86 97
86 99
86 100
86 123
86 112
86 118
86 113
86 124
86 104
86 105
86 87
86 106
86 89
86 91
86 92
86 107
86 93
86 121
86 127
87 115
87 125
87 98
87 99
87 123
87 112
87 101
87 124
87 126
87 119
87 89
87 90
87 108
87 93
87 94
87 110
88 97
88 98
88 99
88 116
88 112
88 101
88 113
88 114
88 105
88 119
88 89
88 90
88 107
88 108
88 120
88 93
88 121
88 110
88 127
88 95
89 115
89 97
89 100
89 116
89 112
89 117
89 118
89 102
89 103
89 126
89 106
89 91
89 92
89 107
89 108
89 120
89 109
89 94
89 121
89 95
90 122
90 96
90 97
90 98
90 99
90 111
90 112
90 117
90 118
90 101
90 102
90 103
90 124
90 91
90 92
90 109
90 121
90 127
90 95
91 115
91 125
91 111
91 101
91 102
91 113
91 103
91 114
91 104
91 119
91 92
91 107
91 108
91 109
91 94
91 110
91 127
91 95
92 125
92 99
92 100
92 111
92 112
92 101
92 105
92 126
92 106
92 108
92 120
92 93
92 109
92 94
92 121
92 127
92 95
93 125
93 96
93 98
93 111
93 117
93 101
93 102
93 113
93 103
93 124
93 104
93 126
93 119
93 107
93 94
93 121
93 110
93 95
94 115
94 125
94 96
94 98
94 99
94 100
94 111
94 123
94 118
94 113
94 124
94 114
94 104
94 105
94 126
94 119
94 107
94 108
94 120
94 109
94 121
94 110
95 125
95 122
95 96
95 98
95 99
95 111
95 123
95 116
95 117
95 118
95 114
95 105
95 106
95 107
95 120
95 109
95 110
95 127
96 115
96 97
96 99
96 111
96 123
96 116
96 117
96 101
96 124
96 114
96 104
96 106
96 119
96 107
96 109
96 121
97 125
97 122
97 100
97 116
97 112
97 118
97 101
97 102
97 113
97 114
97 104
97 105
97 119
97 107
97 108
97 121
97 110
98 115
98 99
98 123
98 112
98 117
98 101
98 113
98 114
98 126
98 108
98 120
98 121
99 125
99 100
99 116
99 112
99 101
99 102
99 103
99 114
99 104
99 105
99 126
99 106
99 107
99 108
99 109
99 127
100 115
100 111
100 116
100 112
100 117
100 118
100 101
100 102
100 114
100 104
100 108
100 120
100 109
100 121
100 110
100 127
101 125
101 123
101 116
101 118
101 102
101 103
101 124
101 104
101 126
101 107
101 109
101 110
102 115
102 124
102 114
102 104
102 105
102 106
102 119
102 120
103 115
103 122
103 116
103 112
103 117
103 118
103 113
103 114
103 106
103 107
103 120
103 121
103 127
104 122
104 111
104 117
104 118
104 113
104 124
104 105
104 106
104 119
104 108
104 109
104 121
104 110
105 116
105 114
105 119
105 108
105 120
105 121
105 110
106 115
106 125
106 111
106 112
106 118
106 113
106 124
106 126
106 119
106 120
106 109
106 121
106 110
107 125
107 122
107 116
107 117
107 118
107 124
107 114
107 119
107 109
107 110
107 127
108 115
108 111
108 126
108 121
108 110
108 127
109 115
109 125
109 111
109 116
109 112
109 117
109 118
109 113
109 126
109 120
109 110
109 127
110 115
110 116
110 118
110 113
110 124
110 126
110 120
110 121
111 115
111 125
111 122
111 123
111 116
111 112
111 117
111 118
111 126
111 119
111 121
112 115
112 125
112 123
112 122
112 114
112 126
112 121
113 116
113 120
113 121
113 117
113 126
113 122
114 115
114 123
114 122
114 127
115 125
115 123
115 116
115 124
115 119
115 120
115 121
116 123
116 124
116 120
116 127
117 123
117 122
118 125
118 123
118 119
118 120
118 121
118 126
119 125
119 123
119 124
119 122
120 123
120 121
120 127
121 125
121 123
121 124
121 122
121 126
122 123
122 124
122 127
123 127
124 127
125 126
126 127
