0 1
0 2
0 3
0 4
0 5
0 6
0 7
0 8
0 9
0 10
0 11
0 12
0 13
0 14
0 15
0 16
0 17
0 18
0 19
0 20
0 21
0 22
0 24
0 25
0 26
0 27
0 28
0 29
0 30
0 31
0 32
0 33
0 34
0 35
0 36
0 37
0 38
0 39
0 40
0 41
0 42
0 43
0 44
0 45
0 46
0 47
0 48
0 49
0 50
0 51
0 52
0 53
0 54
1 55
1 56
1 2
1 3
1 57
1 58
1 59
1 60
1 61
1 5
1 62
1 8
1 9
1 10
1 11
1 63
1 14
1 15
1 64
1 65
1 66
1 67
1 68
1 69
1 70
1 71
1 72
1 19
1 73
1 74
1 22
1 75
1 76
1 24
1 26
1 29
1 77
1 78
1 79
1 80
1 30
1 81
1 82
1 31
1 32
1 83
1 84
1 85
1 36
1 86
1 87
1 38
1 88
1 39
1 89
1 90
1 40
1 91
1 92
1 93
1 42
1 43
1 94
1 44
1 95
1 96
1 45
1 46
1 47
1 50
1 53
1 54
2 55
2 3
2 58
2 4
2 60
2 61
2 6
2 7
2 97
2 10
2 98
2 99
2 11
2 63
2 13
2 14
2 64
2 100
2 65
2 101
2 102
2 18
2 67
2 73
2 74
2 20
2 21
2 22
2 76
2 24
2 103
2 25
2 104
2 105
2 77
2 78
2 79
2 80
2 30
2 81
2 82
2 32
2 83
2 34
2 106
2 35
2 36
2 37
2 87
2 38
2 88
2 89
2 107
2 92
2 41
2 93
2 42
2 43
2 108
2 94
2 44
2 95
2 96
2 46
2 47
2 109
2 110
2 111
3 56
3 57
3 60
3 5
3 62
3 6
3 112
3 7
3 97
3 9
3 98
3 99
3 63
3 12
3 15
3 64
3 113
3 17
3 18
3 67
3 114
3 69
3 70
3 71
3 72
3 73
3 74
3 21
3 75
3 24
3 26
3 78
3 80
3 81
3 31
3 34
3 115
3 106
3 85
3 37
3 116
3 117
3 39
3 89
3 107
3 118
3 91
3 92
3 119
3 41
3 93
3 94
3 44
3 96
3 45
3 46
3 48
3 120
3 49
3 52
3 121
3 110
3 83
3 86
3 68
3 53
3 47
3 111
3 19
3 23
3 27
3 109
4 57
4 60
4 61
4 5
4 97
4 9
4 10
4 122
4 99
4 11
4 63
4 13
4 15
4 16
4 64
4 100
4 66
4 101
4 113
4 67
4 114
4 72
4 19
4 123
4 74
4 20
4 22
4 75
4 76
4 24
4 104
4 124
4 29
4 77
4 78
4 79
4 32
4 34
4 106
4 35
4 37
4 87
4 38
4 117
4 39
4 40
4 125
4 118
4 91
4 93
4 43
4 94
4 44
4 95
4 96
4 120
4 50
4 121
4 54
5 59
5 62
5 6
5 8
5 97
5 10
5 98
5 99
5 11
5 63
5 12
5 15
5 64
5 100
5 102
5 17
5 18
5 67
5 68
5 114
5 69
5 71
5 19
5 123
5 73
5 74
5 22
5 23
5 75
5 76
5 24
5 103
5 27
5 77
5 78
5 79
5 80
5 30
5 81
5 82
5 83
5 33
5 34
5 106
5 35
5 85
5 86
5 37
5 116
5 38
5 117
5 39
5 89
5 90
5 40
5 107
5 92
5 119
5 41
5 108
5 94
5 95
5 96
5 45
5 48
5 120
5 49
5 53
5 111
5 54
5 47
5 109
6 58
6 61
6 126
6 62
6 112
6 7
6 97
6 9
6 10
6 98
6 127
6 11
6 13
6 14
6 15
6 16
6 64
6 65
6 66
6 17
6 68
6 69
6 70
6 72
6 74
6 22
6 23
6 75
6 76
6 24
6 103
6 104
6 27
6 29
6 77
6 79
6 80
6 30
6 82
6 32
6 33
6 34
6 86
6 37
6 87
6 116
6 38
6 88
6 39
6 90
6 107
6 118
6 91
6 92
6 119
6 41
6 95
6 45
6 46
6 47
6 48
6 120
6 111
7 56
7 57
7 58
7 60
7 61
7 126
7 62
7 112
7 8
7 97
7 9
7 122
7 99
7 13
7 15
7 16
7 64
7 101
7 113
7 17
7 18
7 67
7 68
7 69
7 72
7 123
7 73
7 75
7 24
7 26
7 124
7 29
7 77
7 78
7 80
7 30
7 81
7 31
7 32
7 35
7 85
7 86
7 38
7 89
7 40
7 125
7 91
7 119
7 93
7 42
7 43
7 108
7 94
7 44
7 45
7 46
7 109
7 48
7 49
7 51
7 110
7 54
8 55
8 57
8 58
8 59
8 61
8 126
8 62
8 112
8 9
8 10
8 98
8 122
8 12
8 15
8 16
8 64
8 100
8 65
8 101
8 113
8 17
8 18
8 67
8 114
8 70
8 71
8 72
8 19
8 73
8 74
8 22
8 23
8 75
8 25
8 26
8 28
8 29
8 105
8 77
8 80
8 31
8 84
8 115
8 106
8 35
8 85
8 36
8 87
8 116
8 117
8 88
8 107
8 91
8 41
8 42
8 43
8 94
8 95
8 96
8 45
8 109
8 48
8 49
8 50
8 51
8 52
8 53
8 110
8 111
8 54
9 55
9 62
9 97
9 10
9 98
9 122
9 11
9 63
9 14
9 15
9 16
9 100
9 65
9 102
9 67
9 70
9 72
9 73
9 22
9 23
9 75
9 26
9 27
9 28
9 124
9 105
9 77
9 78
9 79
9 30
9 81
9 32
9 83
9 84
9 34
9 115
9 86
9 37
9 117
9 39
9 89
9 90
9 91
9 92
9 41
9 93
9 42
9 94
9 44
9 96
9 45
9 46
9 47
9 109
9 48
9 50
9 51
9 52
9 110
9 54
10 62
10 97
10 98
10 11
10 63
10 12
10 13
10 15
10 100
10 65
10 101
10 113
10 102
10 67
10 114
10 69
10 70
10 19
10 74
10 20
10 75
10 25
10 104
10 28
10 77
10 78
10 79
10 80
10 30
10 81
10 82
10 32
10 83
10 84
10 115
10 35
10 86
10 116
10 38
10 117
10 40
10 125
10 119
10 42
10 43
10 108
10 94
10 44
10 109
10 48
10 49
10 50
10 121
10 111
10 54
11 55
11 57
11 59
11 61
11 62
11 112
11 98
11 122
11 12
11 13
11 14
11 15
11 65
11 66
11 101
11 17
11 67
11 71
11 20
11 21
11 76
11 103
11 26
11 29
11 105
11 79
11 80
11 30
11 81
11 31
11 83
11 34
11 106
11 85
11 36
11 37
11 88
11 39
11 89
11 107
11 118
11 119
11 93
11 42
11 94
11 44
11 95
11 45
11 51
11 53
12 56
12 57
12 59
12 60
12 126
12 62
12 97
12 98
12 122
12 63
12 15
12 16
12 64
12 100
12 65
12 66
12 101
12 113
12 102
12 17
12 18
12 68
12 114
12 69
12 71
12 72
12 19
12 123
12 22
12 24
12 25
12 27
12 28
12 124
12 80
12 81
12 82
12 32
12 83
12 35
12 36
12 116
12 38
12 117
12 39
12 90
12 125
12 93
12 108
12 94
12 95
12 96
12 46
12 51
12 111
12 54
12 86
12 119
12 53
12 120
12 78
12 47
12 34
12 23
12 109
13 55
13 57
13 59
13 112
13 97
13 98
13 122
13 127
13 63
13 14
13 16
13 64
13 100
13 65
13 101
13 113
13 102
13 17
13 67
13 70
13 71
13 19
13 123
13 73
13 74
13 21
13 22
13 75
13 24
13 103
13 27
13 124
13 78
13 30
13 81
13 31
13 32
13 83
13 85
13 36
13 86
13 87
13 116
13 38
13 117
13 107
13 125
13 91
13 43
13 108
13 94
13 95
13 109
13 48
13 49
13 50
13 121
13 54
14 56
14 60
14 61
14 126
14 112
14 97
14 98
14 122
14 99
14 127
14 63
14 15
14 66
14 113
14 102
14 68
14 69
14 70
14 71
14 19
14 73
14 74
14 21
14 75
14 27
14 28
14 77
14 32
14 83
14 84
14 34
14 115
14 86
14 87
14 116
14 38
14 117
14 88
14 39
14 89
14 107
14 125
14 91
14 92
14 41
14 93
14 43
14 108
14 94
14 46
14 47
14 109
14 51
14 52
14 53
14 111
14 54
15 58
15 60
15 61
15 62
15 112
15 97
15 98
15 122
15 127
15 16
15 100
15 65
15 66
15 101
15 102
15 18
15 68
15 69
15 74
15 21
15 22
15 23
15 24
15 103
15 25
15 104
15 28
15 105
15 77
15 78
15 79
15 84
15 85
15 36
15 88
15 91
15 92
15 119
15 43
15 94
15 95
15 45
15 109
15 120
15 49
15 52
15 54
16 56
16 57
16 60
16 62
16 97
16 98
16 99
16 63
16 64
16 101
16 113
16 102
16 67
16 123
16 73
16 74
16 23
16 75
16 76
16 25
16 26
16 29
16 105
16 77
16 79
16 80
16 30
16 81
16 82
16 84
16 33
16 34
16 85
16 36
16 86
16 37
16 88
16 90
16 40
16 107
16 91
16 119
16 43
16 94
16 44
16 45
16 109
16 48
16 49
16 52
16 111
16 54
17 56
17 58
17 59
17 60
17 112
17 122
17 127
17 63
17 64
17 100
17 65
17 113
17 18
17 68
17 69
17 71
17 74
17 20
17 21
17 23
17 24
17 103
17 124
17 29
17 77
17 78
17 79
17 30
17 82
17 83
17 84
17 34
17 115
17 106
17 85
17 86
17 87
17 116
17 38
17 117
17 39
17 90
17 40
17 107
17 118
17 91
17 92
17 119
17 41
17 93
17 42
17 43
17 94
17 44
17 47
17 109
17 120
17 121
17 53
17 110
17 54
17 111
17 19
17 27
18 57
18 61
18 98
18 127
18 63
18 64
18 66
18 101
18 69
18 70
18 71
18 19
18 20
18 21
18 22
18 24
18 103
18 124
18 29
18 77
18 79
18 81
18 84
18 33
18 34
18 115
18 35
18 85
18 36
18 38
18 117
18 88
18 90
18 118
18 91
18 119
18 42
18 108
18 94
18 95
18 96
18 45
18 120
18 49
18 51
18 121
18 110
18 111
18 54
19 57
19 59
19 60
19 61
19 126
19 62
19 97
19 64
19 113
19 102
19 67
19 114
19 20
19 21
19 22
19 103
19 25
19 104
19 26
19 124
19 77
19 82
19 32
19 83
19 33
19 115
19 86
19 116
19 88
19 39
19 40
19 107
19 118
19 41
19 93
19 44
19 96
19 45
19 46
19 47
19 109
19 48
19 120
19 49
19 50
19 52
19 111
19 54
19 63
19 119
19 68
19 53
19 24
19 78
19 34
19 23
19 27
20 58
20 59
20 126
20 62
20 112
20 98
20 127
20 65
20 66
20 113
20 102
20 68
20 114
20 69
20 72
20 73
20 22
20 23
20 25
20 29
20 77
20 78
20 79
20 80
20 30
20 34
20 115
20 85
20 86
20 37
20 87
20 88
20 107
20 118
20 91
20 92
20 119
20 41
20 43
20 108
20 95
20 45
20 109
20 120
20 49
20 50
20 121
20 110
20 111
20 54
21 56
21 57
21 58
21 59
21 126
21 112
21 122
21 63
21 64
21 65
21 66
21 101
21 68
21 69
21 71
21 123
21 22
21 23
21 75
21 25
21 27
21 124
21 105
21 77
21 78
21 80
21 30
21 81
21 83
21 35
21 36
21 37
21 38
21 117
21 89
21 107
21 125
21 91
21 92
21 119
21 41
21 43
21 108
21 95
21 96
21 45
21 46
21 48
21 51
21 52
21 121
21 111
22 56
22 57
22 58
22 61
22 62
22 112
22 97
22 122
22 63
22 100
22 66
22 67
22 68
22 114
22 69
22 70
22 73
22 25
22 26
22 27
22 28
22 124
22 105
22 79
22 32
22 33
22 115
22 36
22 87
22 116
22 117
22 88
22 39
22 89
22 90
22 107
22 118
22 91
22 41
22 93
22 42
22 94
22 44
22 95
22 96
22 109
22 48
22 49
22 50
22 51
22 52
22 121
22 111
22 54
23 56
23 57
23 126
23 97
23 66
23 67
23 68
23 69
23 74
23 75
23 24
23 103
23 25
23 104
23 29
23 105
23 77
23 80
23 30
23 81
23 82
23 32
23 34
23 115
23 35
23 36
23 86
23 38
23 117
23 89
23 107
23 125
23 41
23 93
23 42
23 108
23 44
23 96
23 45
23 109
23 48
23 120
23 49
23 50
23 51
23 52
23 121
23 53
23 110
23 83
23 63
23 119
23 78
23 47
23 111
23 27
24 55
24 57
24 58
24 59
24 60
24 61
24 126
24 97
24 63
24 100
24 65
24 101
24 68
24 114
24 69
24 71
24 74
24 103
24 104
24 78
24 80
24 30
24 81
24 82
24 31
24 83
24 33
24 115
24 85
24 86
24 37
24 39
24 40
24 125
24 91
24 119
24 41
24 93
24 43
24 108
24 44
24 45
24 46
24 48
24 120
24 49
24 51
24 121
24 53
24 110
24 111
24 54
24 47
24 34
24 27
24 109
25 59
25 60
25 62
25 112
25 98
25 99
25 127
25 64
25 65
25 69
25 71
25 123
25 73
25 74
25 75
25 76
25 103
25 104
25 27
25 28
25 124
25 29
25 78
25 79
25 30
25 32
25 83
25 34
25 106
25 36
25 86
25 37
25 87
25 38
25 89
25 107
25 92
25 93
25 42
25 43
25 47
25 49
25 121
25 53
25 110
26 56
26 59
26 60
26 126
26 112
26 97
26 98
26 99
26 65
26 66
26 101
26 113
26 102
26 70
26 72
26 75
26 76
26 27
26 29
26 105
26 77
26 78
26 81
26 31
26 34
26 35
26 85
26 117
26 88
26 89
26 40
26 107
26 125
26 91
26 119
26 93
26 42
26 108
26 44
26 95
26 46
26 120
26 49
26 51
26 52
27 56
27 58
27 59
27 61
27 126
27 122
27 63
27 113
27 67
27 70
27 71
27 123
27 104
27 28
27 124
27 77
27 78
27 79
27 30
27 32
27 83
27 84
27 33
27 115
27 106
27 35
27 86
27 37
27 38
27 117
27 88
27 90
27 107
27 125
27 118
27 119
27 108
27 94
27 44
27 96
27 45
27 109
27 49
27 51
27 52
27 54
27 68
27 53
27 120
27 47
27 111
27 34
28 55
28 57
28 58
28 60
28 61
28 126
28 98
28 122
28 99
28 63
28 65
28 66
28 102
28 67
28 69
28 70
28 71
28 72
28 123
28 74
28 75
28 104
28 124
28 29
28 77
28 78
28 79
28 30
28 32
28 83
28 115
28 36
28 86
28 37
28 116
28 38
28 88
28 89
28 90
28 40
28 125
28 118
28 91
28 119
28 41
28 44
28 96
28 46
28 109
28 49
28 52
28 53
28 54
29 55
29 58
29 60
29 61
29 126
29 62
29 97
29 98
29 99
29 63
29 64
29 100
29 66
29 101
29 113
29 102
29 67
29 114
29 71
29 123
29 75
29 103
29 104
29 78
29 30
29 81
29 82
29 31
29 115
29 106
29 85
29 86
29 116
29 38
29 88
29 89
29 107
29 118
29 92
29 42
29 108
29 44
29 95
29 45
29 46
29 120
29 49
29 50
29 51
29 52
30 57
30 58
30 61
30 126
30 122
30 63
30 64
30 100
30 65
30 113
30 102
30 67
30 68
30 114
30 69
30 70
30 72
30 123
30 73
30 74
30 75
30 76
30 103
30 124
30 105
30 77
30 78
30 81
30 82
30 31
30 32
30 33
30 115
30 106
30 35
30 117
30 89
30 90
30 40
30 107
30 125
30 118
30 91
30 42
30 43
30 95
30 96
30 45
30 47
30 48
30 49
30 50
30 51
30 121
30 53
30 110
31 55
31 57
31 60
31 112
31 98
31 99
31 127
31 63
31 64
31 65
31 101
31 102
31 67
31 70
31 71
31 123
31 73
31 74
31 75
31 76
31 103
31 77
31 78
31 79
31 32
31 115
31 106
31 85
31 86
31 37
31 88
31 39
31 89
31 90
31 40
31 107
31 92
31 119
31 42
31 43
31 108
31 94
31 45
31 120
31 52
31 121
31 53
31 110
31 54
32 58
32 59
32 60
32 61
32 126
32 98
32 99
32 127
32 100
32 66
32 101
32 69
32 70
32 73
32 74
32 75
32 80
32 81
32 82
32 34
32 115
32 35
32 85
32 36
32 86
32 87
32 38
32 89
32 90
32 125
32 91
32 119
32 41
32 108
32 94
32 95
32 96
32 45
32 46
32 47
32 109
32 120
32 111
32 54
33 55
33 57
33 59
33 60
33 126
33 62
33 112
33 127
33 63
33 100
33 65
33 113
33 68
33 114
33 72
33 123
33 76
33 103
33 105
33 80
33 82
33 83
33 84
33 115
33 85
33 86
33 37
33 116
33 38
33 117
33 88
33 39
33 89
33 40
33 91
33 92
33 119
33 41
33 94
33 44
33 95
33 45
33 109
33 48
33 120
33 49
33 50
33 51
33 54
34 56
34 57
34 62
34 97
34 63
34 66
34 102
34 67
34 114
34 69
34 70
34 72
34 74
34 76
34 104
34 77
34 79
34 81
34 82
34 83
34 84
34 36
34 117
34 88
34 39
34 89
34 125
34 118
34 119
34 93
34 43
34 108
34 44
34 96
34 45
34 46
34 109
34 48
34 50
34 51
34 52
34 53
34 110
34 111
34 86
34 68
34 120
34 78
34 47
35 60
35 61
35 126
35 97
35 98
35 122
35 64
35 100
35 102
35 68
35 114
35 69
35 70
35 71
35 72
35 73
35 103
35 124
35 105
35 77
35 79
35 81
35 82
35 115
35 85
35 36
35 86
35 88
35 39
35 89
35 90
35 125
35 118
35 91
35 119
35 41
35 42
35 43
35 108
35 94
35 44
35 96
35 47
35 120
35 121
35 53
35 110
35 111
36 56
36 57
36 58
36 60
36 62
36 63
36 64
36 65
36 66
36 69
36 70
36 72
36 73
36 75
36 76
36 104
36 124
36 105
36 77
36 80
36 81
36 106
36 37
36 116
36 38
36 89
36 90
36 107
36 125
36 118
36 92
36 41
36 95
36 96
36 46
36 47
36 109
36 120
36 51
36 52
36 121
36 110
37 55
37 58
37 59
37 60
37 61
37 126
37 98
37 64
37 66
37 101
37 113
37 71
37 72
37 123
37 74
37 124
37 105
37 77
37 78
37 79
37 82
37 84
37 85
37 86
37 87
37 90
37 40
37 107
37 91
37 92
37 42
37 43
37 44
37 51
37 52
37 53
38 55
38 58
38 60
38 62
38 63
38 64
38 65
38 66
38 101
38 113
38 67
38 70
38 71
38 72
38 104
38 124
38 79
38 80
38 115
38 106
38 85
38 87
38 117
38 88
38 89
38 90
38 40
38 107
38 118
38 91
38 119
38 108
38 94
38 96
38 46
38 47
38 49
38 53
39 57
39 59
39 61
39 62
39 98
39 122
39 99
39 63
39 64
39 65
39 66
39 101
39 102
39 67
39 68
39 71
39 72
39 123
39 73
39 74
39 75
39 103
39 105
39 79
39 81
39 83
39 85
39 88
39 40
39 91
39 92
39 119
39 93
39 42
39 43
39 108
39 44
39 95
39 96
39 120
39 110
39 111
40 56
40 58
40 60
40 126
40 62
40 97
40 98
40 122
40 127
40 64
40 101
40 113
40 70
40 72
40 73
40 76
40 105
40 77
40 79
40 80
40 81
40 84
40 115
40 106
40 116
40 89
40 90
40 107
40 125
40 118
40 43
40 94
40 44
40 95
40 96
40 45
40 49
40 50
40 52
40 53
40 110
41 55
41 57
41 60
41 61
41 62
41 97
41 98
41 99
41 127
41 64
41 100
41 65
41 66
41 101
41 113
41 102
41 67
41 114
41 70
41 71
41 123
41 73
41 74
41 76
41 103
41 104
41 124
41 105
41 78
41 79
41 80
41 115
41 106
41 116
41 88
41 125
41 119
41 108
41 94
41 44
41 47
41 109
41 48
41 120
41 49
41 51
41 111
42 57
42 58
42 61
42 62
42 112
42 97
42 122
42 99
42 127
42 64
42 100
42 65
42 66
42 101
42 113
42 67
42 71
42 123
42 74
42 104
42 124
42 78
42 79
42 81
42 84
42 115
42 106
42 86
42 116
42 117
42 88
42 89
42 118
42 92
42 119
42 93
42 43
42 44
42 95
42 96
42 120
42 50
42 52
43 55
43 56
43 58
43 60
43 61
43 62
43 98
43 122
43 99
43 63
43 66
43 101
43 68
43 71
43 72
43 74
43 104
43 124
43 77
43 78
43 79
43 81
43 82
43 115
43 106
43 86
43 87
43 88
43 125
43 118
43 119
43 93
43 108
43 94
43 44
43 95
43 96
43 53
43 54
44 57
44 58
44 59
44 60
44 61
44 62
44 97
44 98
44 66
44 101
44 113
44 67
44 69
44 70
44 71
44 123
44 74
44 103
44 77
44 78
44 79
44 81
44 83
44 84
44 106
44 86
44 87
44 117
44 89
44 107
44 125
44 91
44 92
44 119
44 108
44 96
44 120
44 49
44 51
44 52
44 121
44 110
44 111
45 55
45 56
45 59
45 60
45 61
45 126
45 97
45 98
45 63
45 64
45 65
45 101
45 113
45 102
45 68
45 114
45 70
45 71
45 72
45 76
45 105
45 78
45 79
45 80
45 82
45 84
45 115
45 85
45 87
45 116
45 117
45 88
45 107
45 93
45 94
45 95
45 96
45 46
45 109
45 120
45 49
45 110
45 111
45 54
46 57
46 59
46 60
46 126
46 62
46 97
46 98
46 122
46 127
46 100
46 101
46 113
46 102
46 68
46 72
46 74
46 75
46 103
46 77
46 80
46 81
46 83
46 115
46 106
46 116
46 117
46 88
46 89
46 107
46 125
46 118
46 91
46 92
46 108
46 94
46 95
46 96
46 47
46 48
46 49
46 50
46 51
46 52
46 121
46 54
47 55
47 58
47 59
47 61
47 126
47 97
47 122
47 64
47 100
47 113
47 114
47 123
47 75
47 78
47 79
47 81
47 82
47 83
47 106
47 85
47 87
47 116
47 117
47 90
47 91
47 92
47 95
47 96
47 109
47 120
47 49
47 50
47 51
47 52
47 121
47 53
47 110
47 54
47 86
47 63
47 119
47 68
47 111
48 55
48 56
48 57
48 58
48 60
48 62
48 112
48 97
48 98
48 122
48 99
48 63
48 100
48 65
48 66
48 113
48 102
48 114
48 71
48 72
48 123
48 74
48 76
48 105
48 78
48 81
48 84
48 115
48 87
48 116
48 91
48 93
48 95
48 109
48 120
48 51
48 111
49 56
49 58
49 60
49 126
49 62
49 112
49 97
49 122
49 99
49 63
49 64
49 100
49 65
49 113
49 102
49 68
49 114
49 70
49 76
49 104
49 77
49 78
49 79
49 81
49 83
49 84
49 85
49 86
49 87
49 117
49 107
49 125
49 118
49 91
49 92
49 95
49 109
49 51
49 52
50 56
50 58
50 59
50 60
50 61
50 112
50 98
50 122
50 127
50 64
50 101
50 113
50 102
50 114
50 69
50 70
50 72
50 74
50 104
50 124
50 77
50 80
50 82
50 84
50 115
50 106
50 86
50 87
50 117
50 125
50 118
50 96
50 120
50 51
50 110
50 111
50 54
51 56
51 59
51 60
51 61
51 112
51 97
51 122
51 63
51 100
51 66
51 67
51 68
51 114
51 70
51 72
51 123
51 75
51 76
51 124
51 77
51 78
51 80
51 81
51 82
51 84
51 106
51 85
51 86
51 116
51 117
51 89
51 90
51 107
51 125
51 118
51 119
51 108
51 94
51 95
51 120
51 52
51 110
51 54
52 55
52 56
52 57
52 59
52 126
52 62
52 97
52 122
52 99
52 127
52 100
52 66
52 101
52 113
52 102
52 68
52 70
52 71
52 123
52 105
52 78
52 79
52 82
52 83
52 115
52 85
52 86
52 116
52 88
52 89
52 125
52 118
52 94
52 95
52 96
52 109
52 120
52 121
52 111
53 56
53 57
53 58
53 59
53 60
53 62
53 97
53 98
53 122
53 99
53 63
53 65
53 66
53 101
53 102
53 68
53 114
53 70
53 72
53 123
53 76
53 124
53 105
53 77
53 78
53 79
53 81
53 83
53 84
53 86
53 117
53 88
53 89
53 107
53 125
53 119
53 93
53 108
53 96
53 120
53 110
53 111
53 54
53 109
54 55
54 60
54 126
54 62
54 112
54 99
54 63
54 66
54 113
54 102
54 114
54 71
54 72
54 76
54 103
54 104
54 105
54 80
54 82
54 83
54 84
54 115
54 106
54 86
54 87
54 116
54 117
54 88
54 89
54 90
54 125
54 92
54 93
54 108
54 94
54 96
54 109
54 120
55 56
55 59
55 112
55 97
55 99
55 63
55 101
55 113
55 67
55 68
55 71
55 72
55 123
55 73
55 74
55 75
55 76
55 103
55 104
55 124
55 105
55 77
55 79
55 80
55 83
55 115
55 106
55 87
55 116
55 88
55 90
55 107
55 92
55 108
55 94
55 95
55 96
55 109
55 110
56 60
56 61
56 112
56 98
56 63
56 113
56 114
56 69
56 71
56 123
56 73
56 74
56 75
56 103
56 77
56 82
56 115
56 85
56 87
56 116
56 88
56 118
56 91
56 92
56 94
56 95
56 96
57 112
57 97
57 67
57 68
57 71
57 72
57 123
57 73
57 74
57 104
57 77
57 83
57 116
57 88
57 90
57 94
57 95
57 109
57 110
57 60
57 61
57 114
57 69
57 82
57 118
57 111
57 62
57 122
57 64
57 100
57 66
57 78
57 81
57 86
57 89
57 120
57 121
58 112
58 113
58 67
58 123
58 73
58 74
58 76
58 103
58 124
58 105
58 77
58 79
58 80
58 83
58 106
58 88
58 92
58 108
58 94
58 109
58 110
58 60
58 85
58 91
58 126
58 62
58 122
58 127
58 66
58 102
58 70
58 78
58 84
58 86
58 89
58 119
59 61
59 126
59 99
59 127
59 64
59 66
59 113
59 67
59 68
59 70
59 74
59 76
59 124
59 105
59 77
59 82
59 83
59 84
59 85
59 118
59 91
59 92
59 119
59 93
59 108
59 94
59 96
59 120
59 121
59 110
59 111
60 112
60 99
60 101
60 113
60 71
60 72
60 73
60 103
60 104
60 124
60 105
60 77
60 79
60 83
60 115
60 87
60 107
60 92
60 95
60 109
60 110
60 126
60 62
60 98
60 122
60 65
60 66
60 82
60 86
60 117
60 89
60 125
60 118
60 93
61 112
61 63
61 71
61 72
61 76
61 103
61 105
61 77
61 80
61 115
61 87
61 116
61 88
61 107
61 108
61 94
61 95
61 62
61 114
61 69
61 81
61 118
61 120
61 111
62 112
62 63
62 68
62 123
62 73
62 75
62 76
62 103
62 104
62 124
62 79
62 80
62 115
62 87
62 116
62 88
62 92
62 94
62 110
62 69
62 85
62 91
62 127
62 64
62 65
62 81
62 117
62 89
62 125
62 119
62 120
62 121
63 112
63 97
63 126
63 64
63 100
63 65
63 66
63 101
63 113
63 67
63 68
63 114
63 70
63 123
63 73
63 76
63 103
63 105
63 79
63 81
63 83
63 106
63 85
63 86
63 87
63 117
63 89
63 90
63 118
63 91
63 92
63 119
63 93
63 94
63 96
63 109
63 120
63 110
63 111
63 78
64 112
64 99
64 67
64 68
64 71
64 73
64 75
64 103
64 105
64 79
64 80
64 83
64 106
64 87
64 116
64 108
64 94
64 96
64 110
64 82
64 118
64 111
64 127
64 100
64 65
64 78
64 81
64 84
64 86
64 125
64 119
64 120
65 113
65 67
65 72
65 74
65 103
65 124
65 77
65 79
65 87
65 116
65 90
65 107
65 108
65 110
65 69
65 82
65 91
65 111
65 127
65 66
65 102
65 81
65 84
65 117
65 89
65 120
66 101
66 67
66 68
66 72
66 123
66 76
66 104
66 124
66 105
66 79
66 115
66 106
66 88
66 90
66 107
66 94
66 95
66 96
66 98
66 69
66 85
66 111
66 122
66 127
66 102
66 70
66 117
66 89
66 125
66 119
66 93
66 120
67 112
67 113
67 98
67 127
67 100
67 114
67 69
67 71
67 72
67 123
67 74
67 75
67 76
67 103
67 104
67 79
67 80
67 81
67 82
67 84
67 115
67 117
67 90
67 125
67 118
67 94
67 95
67 109
67 121
67 111
68 101
68 113
68 122
68 114
68 69
68 71
68 123
68 73
68 75
68 76
68 104
68 78
68 79
68 80
68 83
68 84
68 115
68 86
68 87
68 117
68 89
68 107
68 118
68 119
68 108
68 94
68 96
68 109
68 120
68 111
69 97
69 99
69 71
69 123
69 74
69 103
69 104
69 124
69 79
69 80
69 83
69 116
69 88
69 90
69 107
69 95
69 110
69 98
69 126
69 122
69 127
69 100
69 78
69 84
69 85
69 117
69 89
69 125
69 91
69 111
70 112
70 97
70 71
70 123
70 77
70 80
70 83
70 115
70 106
70 90
70 107
70 92
70 108
70 94
70 96
70 109
70 110
70 114
70 82
70 85
70 91
70 127
70 102
70 78
70 86
70 89
70 125
70 93
70 121
71 112
71 126
71 98
71 122
71 127
71 100
71 102
71 123
71 73
71 74
71 75
71 76
71 103
71 124
71 105
71 77
71 78
71 82
71 83
71 115
71 85
71 87
71 90
71 118
71 92
71 93
71 94
71 120
71 110
71 111
72 112
72 113
72 126
72 98
72 127
72 100
72 102
72 78
72 79
72 80
72 82
72 83
72 115
72 106
72 86
72 87
72 89
72 90
72 107
72 91
72 92
72 93
72 94
72 95
72 96
72 109
72 120
72 121
72 110
73 112
73 97
73 126
73 122
73 102
73 114
73 75
73 103
73 78
73 80
73 81
73 115
73 106
73 85
73 87
73 116
73 117
73 88
73 89
73 107
73 125
73 93
73 108
73 94
73 120
73 110
74 97
74 99
74 126
74 114
74 75
74 103
74 124
74 78
74 79
74 80
74 81
74 82
74 84
74 86
74 87
74 116
74 117
74 88
74 89
74 118
74 91
74 96
74 109
74 120
74 110
74 111
75 112
75 97
75 113
75 123
75 126
75 98
75 100
75 103
75 124
75 79
75 80
75 81
75 83
75 115
75 85
75 87
75 89
75 107
75 118
75 91
75 93
75 94
75 95
75 96
75 120
75 121
75 110
75 111
76 112
76 101
76 113
76 123
76 126
76 100
76 103
76 104
76 124
76 77
76 80
76 81
76 82
76 85
76 86
76 87
76 116
76 117
76 90
76 118
76 92
76 93
76 108
76 120
76 121
76 110
76 111
77 99
77 103
77 126
77 98
77 127
77 79
77 80
77 82
77 83
77 84
77 106
77 117
77 88
77 89
77 107
77 125
77 118
77 91
77 92
77 93
77 94
77 95
77 109
77 121
77 111
78 112
78 104
78 83
78 115
78 106
78 87
78 116
78 88
78 90
78 107
78 114
78 82
78 122
78 127
78 102
78 81
78 89
78 125
78 121
78 86
78 119
78 120
78 111
78 109
79 112
79 97
79 123
79 104
79 105
79 126
79 122
79 100
79 102
79 114
79 80
79 84
79 106
79 85
79 116
79 88
79 89
79 90
79 125
79 118
79 93
79 108
79 111
80 112
80 103
80 104
80 105
80 98
80 122
80 100
80 82
80 83
80 106
80 87
80 117
80 88
80 89
80 90
80 125
80 91
80 92
80 119
80 108
80 94
80 95
80 109
81 112
81 101
81 124
81 83
81 115
81 87
81 92
81 108
81 94
81 96
81 110
81 118
81 91
81 126
81 122
81 127
81 86
81 117
81 89
81 125
81 93
81 120
81 121
82 112
82 97
82 123
82 104
82 105
82 83
82 115
82 88
82 107
82 92
82 94
82 95
82 98
82 114
82 126
82 122
82 127
82 100
82 102
82 84
82 86
82 117
82 89
82 93
83 99
83 113
83 123
83 103
83 124
83 105
83 127
83 115
83 85
83 86
83 87
83 116
83 117
83 88
83 107
83 125
83 118
83 91
83 92
83 119
83 93
83 108
83 96
83 109
83 120
83 121
83 110
83 111
84 112
84 97
84 101
84 113
84 104
84 105
84 106
84 116
84 88
84 90
84 108
84 109
84 110
84 98
84 114
84 85
84 126
84 122
84 89
84 93
84 120
85 112
85 97
85 99
85 101
85 106
85 116
85 88
85 90
85 92
85 108
85 94
85 95
85 109
85 110
85 114
85 126
85 122
85 102
85 86
85 89
85 118
85 119
85 93
86 113
86 123
86 104
86 105
86 115
86 106
86 116
86 90
86 95
86 110
86 91
86 127
86 102
86 117
86 89
86 125
86 119
86 93
86 120
86 121
86 111
86 109
87 101
87 113
87 123
87 103
87 124
87 105
87 115
87 98
87 122
87 127
87 102
87 114
87 90
87 125
87 118
87 92
87 93
87 108
87 95
87 109
87 120
88 99
88 123
88 103
88 124
88 105
88 127
88 102
88 114
88 117
88 125
88 118
88 92
88 119
88 93
88 109
88 120
88 110
88 111
89 112
89 97
89 103
89 105
89 115
89 106
89 107
89 92
89 94
89 109
89 110
89 98
89 118
89 122
89 100
89 102
89 125
89 121
90 112
90 97
90 113
90 103
90 124
90 115
90 106
90 126
90 117
90 107
90 125
90 118
90 91
90 92
90 119
90 108
90 95
90 96
90 111
91 112
91 97
91 101
91 103
91 115
91 116
91 107
91 95
91 114
91 118
91 122
91 127
91 100
91 117
91 125
91 119
91 121
92 112
92 99
92 123
92 103
92 124
92 116
92 126
92 98
92 122
92 100
92 102
92 117
92 118
92 93
92 94
92 96
92 109
92 121
92 111
93 99
93 103
93 124
93 107
93 95
93 109
93 110
93 98
93 114
93 126
93 127
93 119
93 121
94 97
94 99
94 113
94 104
94 124
94 105
94 115
94 106
94 108
94 98
94 122
94 127
94 100
94 102
94 125
94 118
94 119
94 120
94 121
94 111
95 101
95 113
95 123
95 103
95 104
95 115
95 116
95 126
95 98
95 100
95 102
95 114
95 118
95 119
95 120
96 99
96 101
96 123
96 103
96 104
96 124
96 105
96 115
96 116
96 122
96 127
96 117
96 118
96 119
96 110
96 111
97 98
97 122
97 127
97 100
97 101
97 113
97 123
97 104
97 107
97 125
97 119
97 109
97 120
97 111
98 99
98 104
98 124
98 116
98 108
98 110
98 122
98 127
98 114
98 117
98 125
98 120
98 111
99 112
99 126
99 127
99 100
99 113
99 102
99 103
99 104
99 116
99 107
99 125
99 119
99 108
99 110
99 111
100 112
100 101
100 113
100 123
100 104
100 115
100 106
100 116
100 107
100 110
100 118
100 111
100 127
100 102
100 119
100 121
101 112
101 122
101 113
101 104
101 105
101 116
101 108
101 109
101 120
101 121
101 110
102 112
102 113
102 103
102 124
102 105
102 107
102 108
102 109
102 110
102 114
102 118
102 122
102 117
102 119
102 120
103 126
103 127
103 106
103 117
103 125
103 118
103 119
103 120
103 110
104 112
104 122
104 105
104 116
104 107
104 125
104 118
104 119
104 109
104 120
104 121
104 110
104 111
105 112
105 113
105 127
105 115
105 116
105 107
105 125
105 119
105 108
105 120
105 121
106 123
106 124
106 115
106 114
106 117
106 125
106 108
106 110
106 111
107 112
107 123
107 126
107 122
107 127
107 125
107 118
107 108
107 110
108 112
108 113
108 116
108 126
108 122
108 125
108 118
108 111
109 123
109 124
109 127
109 125
109 119
109 111
109 120
110 112
110 113
110 123
110 124
110 126
110 117
110 125
110 120
110 111
111 112
111 113
111 115
111 116
111 114
111 118
111 117
111 119
111 120
111 121
112 126
112 127
112 113
112 123
112 124
112 116
112 125
112 119
113 114
113 123
113 115
113 119
114 124
114 119
114 121
115 127
115 116
115 125
115 118
115 120
116 123
116 124
116 122
116 125
116 120
116 121
117 118
117 126
117 122
117 119
117 121
118 122
118 127
118 125
118 120
119 123
119 126
119 122
119 127
119 125
119 120
119 121
120 122
120 127
121 125
122 123
122 127
122 125
123 126
124 126
124 127
124 125
125 126
126 127
