0 1
0 2
0 3
0 4
0 5
0 6
0 7
0 8
0 9
0 10
0 11
0 12
0 13
0 14
0 15
0 16
0 17
0 18
0 19
0 20
0 21
0 22
0 23
0 24
0 25
0 26
0 27
0 28
0 29
0 30
0 31
0 32
0 33
0 34
0 35
0 36
0 37
0 38
0 39
0 40
0 41
0 42
0 43
0 44
0 45
0 46
0 47
0 48
0 49
0 50
0 51
0 52
0 53
0 54
0 55
0 56
0 57
0 58
0 59
0 60
0 61
0 62
0 63
0 64
0 65
1 66
1 2
1 3
1 4
1 67
1 6
1 7
1 8
1 68
1 10
1 69
1 12
1 70
1 71
1 14
1 16
1 72
1 73
1 21
1 74
1 22
1 75
1 23
1 76
1 77
1 25
1 27
1 78
1 79
1 29
1 30
1 31
1 33
1 80
1 81
1 40
1 41
1 44
1 82
1 83
1 84
1 85
1 47
1 86
1 87
1 48
1 88
1 89
1 50
1 51
1 52
1 54
1 55
1 90
1 91
1 58
1 92
1 60
1 63
1 64
1 65
1 93
2 66
2 94
2 4
2 5
2 95
2 9
2 68
2 96
2 10
2 13
2 97
2 16
2 72
2 98
2 18
2 20
2 74
2 99
2 100
2 23
2 76
2 25
2 27
2 28
2 30
2 31
2 32
2 33
2 34
2 35
2 36
2 102
2 103
2 80
2 81
2 104
2 41
2 44
2 82
2 83
2 46
2 105
2 49
2 88
2 53
2 54
2 106
2 55
2 57
2 91
2 59
2 92
2 65
2 51
2 45
2 112
2 67
2 124
2 48
2 52
2 43
2 93
3 66
3 94
3 108
3 67
3 6
3 7
3 109
3 95
3 8
3 9
3 10
3 11
3 12
3 70
3 110
3 111
3 14
3 112
3 72
3 17
3 73
3 20
3 74
3 22
3 113
3 75
3 114
3 23
3 24
3 77
3 101
3 26
3 27
3 28
3 32
3 36
3 102
3 103
3 39
3 81
3 104
3 115
3 116
3 83
3 85
3 117
3 86
3 87
3 118
3 49
3 88
3 52
3 90
3 57
3 91
3 59
3 64
3 119
3 65
3 93
4 66
4 108
4 67
4 5
4 6
4 7
4 95
4 96
4 11
4 12
4 97
4 120
4 121
4 72
4 73
4 18
4 20
4 21
4 99
4 22
4 75
4 26
4 27
4 29
4 30
4 122
4 34
4 35
4 36
4 38
4 80
4 39
4 81
4 41
4 44
4 82
4 45
4 85
4 117
4 86
4 87
4 48
4 49
4 50
4 123
4 51
4 52
4 106
4 56
4 57
4 59
4 62
4 107
4 63
4 64
4 119
4 65
5 66
5 94
5 108
5 6
5 7
5 8
5 9
5 96
5 10
5 69
5 11
5 70
5 110
5 111
5 97
5 121
5 71
5 112
5 73
5 20
5 74
5 99
5 113
5 114
5 100
5 23
5 24
5 77
5 124
5 78
5 79
5 29
5 30
5 122
5 125
5 37
5 43
5 115
5 116
5 45
5 83
5 84
5 85
5 117
5 47
5 105
5 87
5 118
5 49
5 50
5 51
5 52
5 126
5 55
5 56
5 90
5 57
5 64
5 119
6 66
6 67
6 109
6 95
6 9
6 96
6 69
6 11
6 12
6 13
6 110
6 111
6 97
6 73
6 18
6 21
6 22
6 114
6 23
6 77
6 25
6 101
6 26
6 28
6 79
6 29
6 30
6 125
6 33
6 34
6 36
6 80
6 127
6 39
6 81
6 41
6 42
6 115
6 44
6 82
6 45
6 85
6 117
6 47
6 105
6 48
6 49
6 53
6 54
6 106
6 56
6 57
6 92
6 60
6 63
6 64
6 65
7 94
7 108
7 109
7 95
7 8
7 68
7 10
7 69
7 70
7 110
7 97
7 120
7 71
7 15
7 72
7 18
7 19
7 20
7 21
7 113
7 75
7 100
7 76
7 124
7 101
7 28
7 29
7 30
7 31
7 125
7 32
7 33
7 34
7 102
7 37
7 38
7 81
7 40
7 41
7 44
7 82
7 45
7 85
7 47
7 48
7 89
7 50
7 51
7 52
7 53
7 54
7 106
7 126
7 57
7 91
7 58
7 60
7 61
7 62
7 107
7 65
8 66
8 94
8 67
8 109
8 95
8 69
8 11
8 12
8 70
8 97
8 120
8 14
8 15
8 112
8 17
8 73
8 98
8 18
8 19
8 22
8 75
8 114
8 100
8 76
8 77
8 124
8 26
8 28
8 79
8 30
8 31
8 125
8 32
8 34
8 35
8 36
8 102
8 103
8 39
8 104
8 41
8 43
8 116
8 82
8 45
8 83
8 85
8 47
8 86
8 105
8 48
8 49
8 88
8 123
8 54
8 126
8 55
8 56
8 90
8 57
8 91
8 60
8 61
8 62
8 64
9 66
9 108
9 95
9 10
9 12
9 111
9 121
9 14
9 15
9 16
9 112
9 72
9 17
9 19
9 99
9 113
9 114
9 100
9 77
9 25
9 124
9 101
9 26
9 28
9 78
9 29
9 122
9 125
9 32
9 33
9 35
9 102
9 103
9 38
9 80
9 127
9 41
9 42
9 43
9 82
9 45
9 83
9 85
9 46
9 47
9 86
9 50
9 52
9 106
9 61
9 62
9 107
9 51
9 74
9 54
9 98
9 67
9 48
9 93
10 94
10 67
10 68
10 12
10 111
10 97
10 120
10 121
10 14
10 19
10 21
10 99
10 22
10 75
10 24
10 77
10 25
10 101
10 26
10 28
10 78
10 79
10 30
10 31
10 125
10 32
10 36
10 38
10 40
10 104
10 41
10 43
10 44
10 82
10 84
10 85
10 46
10 47
10 105
10 87
10 48
10 89
10 50
10 52
10 53
10 54
10 55
10 56
10 59
10 92
10 60
10 62
10 107
10 63
10 64
11 66
11 94
11 108
11 67
11 95
11 68
11 12
11 13
11 70
11 110
11 120
11 71
11 15
11 16
11 112
11 17
11 18
11 21
11 22
11 75
11 114
11 23
11 77
11 124
11 101
11 26
11 78
11 31
11 125
11 103
11 38
11 80
11 127
11 39
11 41
11 43
11 115
11 116
11 82
11 45
11 84
11 46
11 47
11 86
11 49
11 88
11 89
11 50
11 123
11 51
11 126
11 55
11 56
11 90
11 57
11 91
11 58
11 59
11 61
11 63
11 65
11 93
12 94
12 109
12 96
12 69
12 13
12 70
12 110
12 120
12 16
12 17
12 18
12 19
12 20
12 75
12 100
12 23
12 24
12 77
12 25
12 124
12 101
12 27
12 29
12 122
12 125
12 102
12 103
12 38
12 80
12 127
12 81
12 40
12 41
12 43
12 115
12 44
12 82
12 117
12 47
12 118
12 49
12 52
12 53
12 54
12 106
12 126
12 55
12 56
12 90
12 91
12 92
12 61
12 62
12 119
12 65
12 93
13 67
13 95
13 68
13 69
13 70
13 110
13 111
13 97
13 120
13 15
13 73
13 18
13 19
13 20
13 99
13 75
13 114
13 23
13 76
13 101
13 26
13 27
13 28
13 79
13 29
13 30
13 125
13 32
13 33
13 35
13 36
13 37
13 81
13 41
13 42
13 43
13 116
13 82
13 45
13 84
13 85
13 46
13 117
13 47
13 105
13 88
13 50
13 123
13 106
13 55
13 56
13 91
13 58
13 59
13 92
13 60
13 61
13 107
13 63
13 64
13 93
14 66
14 94
14 67
14 95
14 68
14 96
14 69
14 70
14 111
14 97
14 121
14 15
14 98
14 20
14 113
14 100
14 76
14 77
14 25
14 124
14 26
14 27
14 78
14 79
14 30
14 122
14 125
14 32
14 33
14 34
14 35
14 102
14 127
14 81
14 40
14 41
14 42
14 83
14 85
14 105
14 48
14 123
14 55
14 57
14 91
14 58
14 59
14 92
14 63
15 66
15 108
15 109
15 95
15 120
15 121
15 17
15 73
15 98
15 19
15 21
15 113
15 114
15 23
15 24
15 76
15 77
15 25
15 27
15 79
15 125
15 33
15 37
15 103
15 38
15 39
15 81
15 104
15 41
15 42
15 82
15 45
15 83
15 84
15 85
15 86
15 48
15 89
15 50
15 123
15 51
15 52
15 53
15 55
15 56
15 57
15 92
15 107
15 63
15 93
16 66
16 94
16 108
16 67
16 109
16 69
16 110
16 111
16 112
16 72
16 73
16 98
16 18
16 19
16 21
16 74
16 99
16 113
16 75
16 100
16 24
16 77
16 25
16 124
16 101
16 78
16 29
16 122
16 125
16 32
16 34
16 36
16 102
16 80
16 39
16 104
16 41
16 42
16 44
16 45
16 83
16 84
16 85
16 46
16 48
16 49
16 123
16 51
16 52
16 54
16 106
16 126
16 55
16 56
16 91
16 92
16 60
16 61
16 62
16 107
16 119
16 93
16 43
17 66
17 108
17 95
17 68
17 96
17 69
17 110
17 121
17 112
17 98
17 18
17 19
17 99
17 22
17 114
17 24
17 124
17 26
17 27
17 29
17 30
17 35
17 103
17 80
17 39
17 81
17 104
17 42
17 115
17 44
17 116
17 45
17 85
17 117
17 86
17 105
17 48
17 49
17 88
17 50
17 123
17 106
17 126
17 55
17 90
17 91
17 59
17 62
17 63
17 64
17 93
18 66
18 108
18 109
18 95
18 68
18 96
18 69
18 70
18 72
18 98
18 20
18 113
18 23
18 76
18 77
18 25
18 124
18 27
18 29
18 125
18 32
18 34
18 102
18 38
18 81
18 104
18 41
18 82
18 83
18 84
18 85
18 46
18 105
18 87
18 48
18 118
18 49
18 51
18 53
18 54
18 106
18 126
18 55
18 56
18 90
18 91
18 58
18 59
18 92
18 60
18 62
18 107
18 63
18 64
19 95
19 69
19 70
19 97
19 120
19 71
19 112
19 72
19 20
19 99
19 22
19 75
19 114
19 23
19 24
19 76
19 25
19 26
19 27
19 28
19 78
19 122
19 31
19 125
19 34
19 35
19 36
19 102
19 103
19 38
19 127
19 81
19 43
19 44
19 84
19 117
19 105
19 87
19 89
19 51
19 52
19 126
19 55
19 56
19 90
19 57
19 91
19 58
19 59
19 92
19 60
19 64
19 65
20 94
20 108
20 95
20 68
20 110
20 120
20 121
20 71
20 112
20 73
20 98
20 21
20 74
20 99
20 113
20 75
20 114
20 23
20 77
20 25
20 26
20 29
20 31
20 125
20 32
20 33
20 36
20 37
20 103
20 127
20 39
20 40
20 104
20 43
20 115
20 116
20 82
20 83
20 85
20 46
20 47
20 105
20 87
20 48
20 118
20 88
20 50
20 52
20 53
20 54
20 106
20 55
20 56
20 90
20 57
20 91
20 59
20 92
20 62
20 107
20 119
21 94
21 108
21 67
21 95
21 69
21 110
21 111
21 120
21 71
21 98
21 113
21 23
21 124
21 101
21 28
21 79
21 29
21 31
21 125
21 32
21 33
21 34
21 35
21 36
21 102
21 37
21 103
21 80
21 39
21 40
21 41
21 116
21 82
21 83
21 47
21 105
21 87
21 118
21 50
21 123
21 54
21 106
21 56
21 90
21 57
21 91
21 58
21 62
21 119
21 65
21 93
22 94
22 108
22 109
22 96
22 69
22 70
22 111
22 72
22 98
22 74
22 99
22 100
22 77
22 28
22 79
22 29
22 30
22 31
22 32
22 34
22 35
22 36
22 102
22 38
22 127
22 39
22 81
22 40
22 104
22 41
22 42
22 115
22 116
22 84
22 85
22 46
22 47
22 105
22 87
22 48
22 49
22 88
22 89
22 54
22 55
22 56
22 91
22 92
22 61
22 107
22 63
22 119
23 94
23 108
23 109
23 95
23 69
23 70
23 110
23 111
23 97
23 120
23 71
23 72
23 74
23 113
23 75
23 114
23 100
23 24
23 76
23 124
23 26
23 27
23 78
23 30
23 31
23 125
23 32
23 33
23 36
23 127
23 39
23 81
23 41
23 42
23 115
23 44
23 116
23 82
23 45
23 83
23 117
23 47
23 105
23 48
23 118
23 49
23 88
23 89
23 123
23 52
23 54
23 56
23 58
23 59
23 60
23 61
23 62
23 63
23 64
23 65
23 93
24 68
24 96
24 69
24 70
24 97
24 120
24 112
24 98
24 113
24 75
24 114
24 100
24 76
24 77
24 78
24 79
24 29
24 31
24 125
24 102
24 127
24 39
24 81
24 40
24 41
24 42
24 43
24 44
24 117
24 105
24 118
24 123
24 51
24 52
24 53
24 54
24 55
24 56
24 90
24 57
24 91
24 60
24 62
24 64
25 66
25 94
25 108
25 67
25 109
25 69
25 110
25 111
25 72
25 99
25 75
25 114
25 100
25 76
25 77
25 26
25 78
25 79
25 29
25 31
25 34
25 36
25 102
25 38
25 80
25 127
25 39
25 81
25 40
25 43
25 115
25 44
25 116
25 45
25 85
25 46
25 117
25 47
25 86
25 105
25 49
25 88
25 89
25 123
25 51
25 54
25 106
25 126
25 90
25 57
25 58
25 92
25 60
25 107
25 63
25 64
25 65
26 94
26 95
26 70
26 110
26 111
26 97
26 74
26 99
26 75
26 100
26 77
26 78
26 29
26 32
26 33
26 34
26 35
26 36
26 102
26 38
26 127
26 40
26 104
26 41
26 43
26 82
26 45
26 83
26 84
26 85
26 46
26 117
26 47
26 105
26 48
26 49
26 88
26 50
26 52
26 53
26 55
26 57
26 91
26 58
26 59
26 60
26 61
26 62
26 64
26 65
26 93
27 108
27 68
27 96
27 70
27 97
27 120
27 71
27 112
27 72
27 73
27 113
27 77
27 124
27 101
27 28
27 29
27 122
27 102
27 39
27 81
27 40
27 41
27 42
27 43
27 115
27 44
27 82
27 45
27 83
27 46
27 117
27 86
27 87
27 48
27 118
27 49
27 51
27 53
27 54
27 55
27 90
27 57
27 58
27 60
27 62
27 107
27 63
27 119
27 65
27 93
28 68
28 70
28 110
28 121
28 71
28 72
28 99
28 75
28 114
28 100
28 76
28 77
28 124
28 79
28 122
28 31
28 33
28 35
28 36
28 102
28 37
28 103
28 38
28 80
28 39
28 81
28 41
28 44
28 82
28 84
28 85
28 47
28 86
28 49
28 88
28 123
28 51
28 52
28 106
28 126
28 55
28 56
28 90
28 58
28 63
28 119
28 65
29 67
29 109
29 95
29 69
29 70
29 110
29 111
29 120
29 121
29 112
29 98
29 75
29 124
29 79
29 30
29 31
29 125
29 33
29 35
29 102
29 103
29 127
29 81
29 104
29 41
29 42
29 43
29 44
29 116
29 45
29 85
29 117
29 86
29 87
29 118
29 49
29 89
29 50
29 123
29 51
29 53
29 55
29 56
29 57
29 59
29 60
29 62
29 119
30 94
30 109
30 96
30 70
30 111
30 120
30 121
30 73
30 98
30 74
30 99
30 100
30 76
30 124
30 31
30 33
30 35
30 36
30 102
30 38
30 80
30 39
30 81
30 104
30 43
30 115
30 44
30 116
30 45
30 46
30 117
30 47
30 105
30 87
30 49
30 88
30 89
30 50
30 123
30 51
30 54
30 106
30 126
30 56
30 58
30 92
30 60
30 119
30 65
31 95
31 96
31 69
31 110
31 121
31 72
31 73
31 98
31 74
31 113
31 114
31 76
31 77
31 125
31 33
31 34
31 35
31 102
31 103
31 38
31 80
31 40
31 104
31 42
31 43
31 116
31 82
31 84
31 85
31 46
31 47
31 87
31 88
31 50
31 123
31 52
31 53
31 54
31 126
31 56
31 91
31 60
31 62
31 107
31 119
31 65
31 93
32 66
32 108
32 67
32 95
32 68
32 69
32 70
32 111
32 120
32 121
32 71
32 112
32 72
32 98
32 74
32 113
32 75
32 100
32 77
32 124
32 125
32 33
32 34
32 36
32 103
32 38
32 40
32 42
32 44
32 82
32 45
32 84
32 117
32 47
32 86
32 105
32 118
32 89
32 50
32 123
32 51
32 52
32 53
32 54
32 126
32 56
32 58
32 92
32 61
32 62
32 107
32 93
33 66
33 108
33 70
33 111
33 71
33 112
33 73
33 74
33 99
33 113
33 75
33 114
33 100
33 124
33 78
33 122
33 125
33 34
33 36
33 102
33 38
33 80
33 127
33 39
33 104
33 42
33 43
33 45
33 83
33 85
33 86
33 87
33 88
33 89
33 51
33 53
33 54
33 106
33 126
33 57
33 60
33 61
33 64
33 119
33 65
34 94
34 68
34 96
34 97
34 71
34 112
34 72
34 73
34 98
34 74
34 113
34 75
34 114
34 76
34 77
34 35
34 102
34 103
34 38
34 127
34 39
34 81
34 42
34 116
34 82
34 84
34 85
34 47
34 105
34 88
34 89
34 50
34 123
34 51
34 52
34 53
34 106
34 126
34 55
34 90
34 57
34 58
34 59
34 92
34 60
34 107
34 93
35 66
35 94
35 108
35 109
35 95
35 68
35 96
35 69
35 70
35 110
35 111
35 121
35 72
35 98
35 74
35 99
35 77
35 78
35 125
35 102
35 103
35 38
35 127
35 104
35 42
35 43
35 116
35 83
35 84
35 117
35 47
35 105
35 87
35 49
35 88
35 89
35 123
35 54
35 126
35 55
35 56
35 57
35 58
35 59
35 92
35 61
35 63
35 64
35 119
35 93
36 94
36 108
36 109
36 95
36 110
36 121
36 112
36 72
36 98
36 74
36 113
36 75
36 114
36 100
36 76
36 77
36 101
36 78
36 79
36 37
36 103
36 38
36 80
36 127
36 39
36 40
36 41
36 42
36 43
36 44
36 116
36 82
36 45
36 83
36 85
36 117
36 86
36 123
36 54
36 55
36 58
36 63
36 119
37 94
37 108
37 110
37 111
37 97
37 121
37 112
37 72
37 73
37 98
37 74
37 75
37 114
37 100
37 77
37 101
37 78
37 122
37 125
37 103
37 80
37 81
37 41
37 44
37 83
37 46
37 117
37 47
37 86
37 87
37 118
37 49
37 89
37 50
37 123
37 52
37 53
37 106
37 56
37 90
37 91
37 61
37 63
37 64
37 65
38 66
38 94
38 95
38 68
38 96
38 69
38 70
38 110
38 97
38 120
38 71
38 72
38 113
38 75
38 114
38 76
38 122
38 103
38 39
38 81
38 104
38 42
38 43
38 115
38 44
38 45
38 85
38 46
38 117
38 47
38 86
38 105
38 88
38 123
38 51
38 52
38 53
38 54
38 56
38 57
38 91
38 58
38 59
38 60
38 61
38 62
38 63
38 119
38 65
39 108
39 109
39 96
39 70
39 120
39 71
39 112
39 73
39 74
39 99
39 113
39 75
39 76
39 78
39 79
39 102
39 80
39 104
39 43
39 44
39 116
39 45
39 83
39 84
39 47
39 105
39 87
39 48
39 118
39 88
39 123
39 53
39 55
39 56
39 59
39 61
39 107
39 63
39 65
39 93
40 67
40 95
40 68
40 70
40 110
40 97
40 121
40 112
40 98
40 74
40 114
40 100
40 77
40 124
40 79
40 122
40 125
40 102
40 80
40 104
40 41
40 42
40 115
40 116
40 45
40 83
40 84
40 85
40 117
40 47
40 105
40 87
40 118
40 88
40 123
40 51
40 53
40 106
40 55
40 57
40 58
40 92
40 61
40 107
40 64
40 119
40 65
41 66
41 94
41 108
41 95
41 68
41 110
41 97
41 71
41 112
41 72
41 73
41 98
41 74
41 99
41 113
41 114
41 76
41 77
41 101
41 78
41 79
41 122
41 80
41 81
41 104
41 115
41 83
41 84
41 117
41 47
41 86
41 105
41 87
41 48
41 49
41 51
41 54
41 126
41 55
41 60
41 62
41 107
41 119
41 93
42 66
42 108
42 67
42 109
42 96
42 69
42 70
42 97
42 121
42 112
42 72
42 73
42 98
42 99
42 114
42 100
42 76
42 124
42 78
42 122
42 80
42 104
42 115
42 44
42 45
42 117
42 87
42 49
42 89
42 123
42 126
42 90
42 57
42 58
42 59
42 92
42 61
42 107
42 63
42 64
42 119
42 93
43 108
43 95
43 96
43 97
43 112
43 98
43 74
43 113
43 114
43 76
43 124
43 101
43 102
43 127
43 115
43 116
43 45
43 83
43 85
43 46
43 47
43 118
43 89
43 50
43 56
43 90
43 58
43 59
43 92
43 60
43 61
43 107
43 119
43 51
43 66
43 72
43 54
43 67
43 80
43 48
43 52
43 93
44 66
44 94
44 95
44 68
44 69
44 110
44 72
44 113
44 75
44 100
44 77
44 101
44 125
44 102
44 80
44 127
44 104
44 116
44 82
44 45
44 83
44 84
44 85
44 46
44 117
44 105
44 87
44 48
44 118
44 89
44 50
44 123
44 51
44 53
44 106
44 126
44 55
44 91
44 58
44 59
44 61
44 107
44 63
44 119
44 65
44 93
45 66
45 94
45 69
45 111
45 97
45 71
45 112
45 72
45 98
45 74
45 114
45 124
45 79
45 122
45 102
45 103
45 80
45 127
45 81
45 104
45 116
45 82
45 83
45 85
45 105
45 87
45 48
45 118
45 49
45 88
45 89
45 51
45 53
45 54
45 106
45 56
45 91
45 58
45 59
45 92
45 61
45 62
45 107
45 64
45 65
45 67
45 52
45 93
46 94
46 108
46 67
46 95
46 68
46 96
46 70
46 111
46 97
46 120
46 121
46 71
46 112
46 98
46 74
46 113
46 76
46 79
46 103
46 80
46 127
46 81
46 115
46 116
46 85
46 117
46 105
46 48
46 118
46 89
46 50
46 51
46 53
46 106
46 55
46 90
46 57
46 58
46 61
46 63
46 64
47 108
47 67
47 95
47 68
47 96
47 69
47 70
47 120
47 71
47 72
47 98
47 99
47 113
47 76
47 124
47 101
47 79
47 122
47 102
47 103
47 127
47 81
47 115
47 116
47 82
47 84
47 85
47 117
47 105
47 118
47 49
47 88
47 89
47 51
47 52
47 126
47 91
47 58
47 61
47 107
47 63
47 93
48 66
48 94
48 108
48 95
48 68
48 96
48 69
48 110
48 111
48 73
48 99
48 113
48 100
48 76
48 101
48 78
48 125
48 103
48 127
48 116
48 82
48 85
48 86
48 105
48 49
48 89
48 123
48 51
48 52
48 53
48 54
48 56
48 57
48 58
48 92
48 60
48 107
48 64
48 65
48 102
48 112
48 74
48 72
48 83
48 98
48 67
48 80
48 124
48 93
49 66
49 108
49 109
49 68
49 96
49 111
49 71
49 72
49 73
49 98
49 113
49 75
49 114
49 124
49 78
49 79
49 122
49 125
49 102
49 103
49 80
49 127
49 81
49 116
49 83
49 117
49 86
49 87
49 118
49 123
49 52
49 53
49 54
49 55
49 91
49 58
49 92
49 62
49 65
50 108
50 67
50 110
50 111
50 71
50 112
50 73
50 98
50 99
50 75
50 114
50 77
50 124
50 79
50 122
50 125
50 102
50 80
50 127
50 81
50 104
50 82
50 84
50 85
50 117
50 123
50 54
50 126
50 90
50 57
50 91
50 59
50 61
50 62
50 63
50 64
50 65
51 66
51 94
51 108
51 67
51 95
51 70
51 110
51 111
51 97
51 120
51 121
51 71
51 112
51 72
51 98
51 74
51 77
51 124
51 78
51 79
51 122
51 102
51 103
51 127
51 104
51 116
51 82
51 83
51 84
51 86
51 87
51 89
51 123
51 52
51 54
51 55
51 56
51 59
51 61
51 107
51 64
51 119
51 65
51 80
51 93
52 108
52 67
52 95
52 68
52 69
52 111
52 97
52 120
52 121
52 72
52 75
52 114
52 100
52 78
52 127
52 116
52 85
52 117
52 86
52 54
52 106
52 56
52 90
52 92
52 62
52 107
52 119
52 93
52 102
52 112
52 74
52 66
52 83
52 98
52 80
52 124
53 94
53 108
53 109
53 68
53 70
53 97
53 120
53 121
53 71
53 112
53 72
53 74
53 99
53 75
53 114
53 101
53 79
53 125
53 102
53 103
53 80
53 82
53 85
53 117
53 87
53 88
53 89
53 126
53 90
53 57
53 91
53 58
53 92
53 62
53 64
53 65
53 93
54 66
54 94
54 109
54 70
54 110
54 97
54 71
54 112
54 72
54 74
54 99
54 75
54 114
54 100
54 76
54 102
54 103
54 127
54 81
54 104
54 116
54 82
54 83
54 117
54 86
54 105
54 87
54 89
54 106
54 55
54 56
54 57
54 91
54 58
54 60
54 119
54 93
54 98
54 67
54 80
54 124
55 94
55 69
55 70
55 110
55 111
55 121
55 73
55 74
55 99
55 113
55 75
55 100
55 79
55 125
55 102
55 103
55 115
55 85
55 117
55 86
55 105
55 118
55 88
55 123
55 126
55 56
55 57
55 59
55 60
55 61
55 62
55 64
55 119
56 94
56 108
56 109
56 96
56 110
56 111
56 97
56 112
56 73
56 74
56 99
56 113
56 75
56 100
56 124
56 122
56 125
56 102
56 80
56 81
56 115
56 116
56 83
56 85
56 117
56 90
56 57
56 58
56 59
56 92
56 60
56 62
56 63
56 64
56 65
56 93
57 66
57 94
57 67
57 95
57 70
57 110
57 120
57 121
57 73
57 74
57 113
57 124
57 122
57 103
57 104
57 116
57 82
57 84
57 85
57 117
57 86
57 87
57 88
57 89
57 123
57 106
57 126
57 90
57 92
57 60
57 62
57 63
57 65
57 93
58 94
58 109
58 95
58 96
58 110
58 111
58 97
58 112
58 72
58 73
58 98
58 74
58 114
58 76
58 77
58 124
58 101
58 79
58 102
58 103
58 81
58 115
58 82
58 83
58 84
58 86
58 118
58 88
58 89
58 126
58 90
58 59
58 92
58 61
58 62
58 93
59 66
59 108
59 109
59 95
59 68
59 70
59 121
59 98
59 99
59 113
59 100
59 76
59 79
59 122
59 125
59 80
59 127
59 86
59 105
59 87
59 92
59 60
59 61
59 64
60 108
60 68
60 111
60 97
60 120
60 121
60 71
60 72
60 73
60 98
60 75
60 114
60 100
60 77
60 79
60 102
60 103
60 127
60 116
60 82
60 83
60 88
60 89
60 123
60 90
60 92
60 61
60 62
60 64
60 119
60 65
61 94
61 109
61 95
61 96
61 110
61 120
61 121
61 73
61 98
61 74
61 113
61 75
61 78
61 122
61 125
61 102
61 103
61 104
61 115
61 82
61 85
61 117
61 86
61 88
61 89
61 123
61 106
61 93
62 67
62 69
62 97
62 120
62 121
62 112
62 74
62 99
62 113
62 75
62 114
62 100
62 77
62 78
62 79
62 122
62 125
62 102
62 80
62 127
62 81
62 115
62 82
62 83
62 105
62 87
62 118
62 89
62 106
62 90
62 91
62 92
62 119
63 94
63 108
63 67
63 109
63 68
63 70
63 73
63 100
63 101
63 78
63 125
63 103
63 80
63 127
63 81
63 115
63 116
63 83
63 84
63 117
63 86
63 87
63 118
63 88
63 123
63 91
63 64
63 119
63 65
64 66
64 96
64 112
64 99
64 113
64 75
64 114
64 100
64 76
64 101
64 79
64 103
64 104
64 84
64 85
64 117
64 86
64 105
64 87
64 118
64 123
64 106
64 91
64 107
65 66
65 67
65 68
65 96
65 70
65 110
65 71
65 114
65 100
65 77
65 124
65 78
65 102
65 103
65 104
65 82
65 83
65 85
65 117
65 86
65 105
65 88
65 123
65 126
65 91
65 92
65 107
65 119
66 94
66 108
66 67
66 109
66 95
66 68
66 69
66 97
66 112
66 72
66 98
66 74
66 99
66 113
66 75
66 100
66 76
66 101
66 78
66 79
66 125
66 102
66 81
66 83
66 85
66 86
66 105
66 87
66 118
66 88
66 106
66 92
66 107
66 119
66 80
66 124
66 93
67 95
67 70
67 98
67 75
67 124
67 122
67 80
67 127
67 115
67 82
67 83
67 85
67 86
67 105
67 123
67 91
67 92
67 107
67 119
67 102
67 112
67 74
67 72
67 93
68 110
68 111
68 97
68 120
68 71
68 73
68 74
68 75
68 100
68 79
68 122
68 80
68 127
68 81
68 104
68 115
68 116
68 84
68 117
68 87
68 118
68 106
68 126
68 90
68 91
68 107
68 119
69 109
69 97
69 120
69 112
69 75
69 114
69 100
69 78
69 102
69 103
69 115
69 82
69 84
69 117
69 105
69 87
69 88
69 123
69 106
69 126
69 91
69 92
69 93
70 94
70 108
70 97
70 112
70 74
70 99
70 75
70 76
70 101
70 86
70 105
70 88
70 106
70 92
70 110
70 111
70 120
70 73
70 114
70 77
70 103
70 127
70 115
70 116
70 89
70 123
70 91
70 93
71 97
71 98
71 74
71 113
71 78
71 79
71 81
71 85
71 87
71 88
71 106
71 107
71 111
71 121
71 89
71 96
71 77
71 127
71 116
71 82
71 117
71 123
71 93
72 109
72 112
72 96
72 110
72 121
72 73
72 98
72 74
72 113
72 100
72 76
72 77
72 78
72 102
72 127
72 115
72 83
72 84
72 85
72 117
72 87
72 118
72 89
72 123
72 91
72 93
72 80
72 124
73 109
73 97
73 112
73 98
73 100
73 76
73 78
73 79
73 125
73 102
73 81
73 85
73 105
73 88
73 106
73 92
73 107
73 119
73 120
73 124
73 115
73 89
73 90
73 91
73 96
73 127
73 82
73 117
74 94
74 108
74 109
74 97
74 112
74 98
74 96
74 111
74 121
74 99
74 113
74 100
74 76
74 77
74 124
74 101
74 125
74 102
74 103
74 127
74 81
74 104
74 82
74 83
74 85
74 117
74 86
74 105
74 88
74 123
74 106
74 92
74 107
74 119
74 80
74 93
75 94
75 108
75 95
75 97
75 112
75 113
75 110
75 111
75 120
75 100
75 77
75 124
75 78
75 79
75 122
75 125
75 103
75 82
75 84
75 85
75 117
75 123
75 90
75 91
75 92
75 107
76 109
76 97
76 112
76 98
76 96
76 110
76 121
76 77
76 101
76 78
76 79
76 125
76 102
76 80
76 127
76 81
76 116
76 82
76 88
76 123
76 106
76 126
76 92
76 93
77 108
77 109
77 95
77 112
77 99
77 100
77 79
77 125
77 81
77 83
77 85
77 86
77 87
77 106
77 92
77 111
77 114
77 124
77 103
77 115
77 89
77 90
77 96
77 104
77 82
77 84
77 123
78 94
78 108
78 95
78 112
78 111
78 114
78 124
78 79
78 125
78 102
78 103
78 127
78 115
78 116
78 82
78 83
78 85
78 117
78 88
78 89
78 90
78 92
78 107
78 119
79 109
79 112
79 99
79 113
79 100
79 101
79 120
79 114
79 125
79 102
79 127
79 81
79 116
79 82
79 85
79 105
79 89
79 92
79 107
79 93
80 109
80 95
80 97
80 98
80 113
80 101
80 81
80 83
80 106
80 92
80 119
80 111
80 121
80 114
80 124
80 115
80 91
80 96
80 127
80 104
80 82
80 126
80 93
80 102
80 112
81 112
81 98
81 101
81 125
81 102
81 96
81 110
81 120
81 124
81 122
81 115
81 116
81 85
81 105
81 118
81 88
81 89
81 123
81 106
81 90
81 91
81 92
81 119
82 108
82 97
82 112
82 98
82 113
82 100
82 125
82 83
82 118
82 107
82 111
82 115
82 91
82 127
82 84
82 117
82 123
82 93
83 108
83 109
83 95
83 97
83 112
83 99
83 113
83 100
83 101
83 102
83 96
83 121
83 124
83 122
83 84
83 85
83 105
83 123
83 90
83 91
83 98
83 93
84 95
84 112
84 100
84 102
84 85
84 86
84 105
84 88
84 106
84 92
84 107
84 110
84 111
84 122
84 103
84 90
84 91
84 96
84 127
84 126
85 94
85 108
85 109
85 95
85 112
85 98
85 99
85 102
85 111
85 120
85 114
85 127
85 115
85 117
85 105
85 118
85 88
85 89
85 106
85 126
85 91
85 92
85 93
86 109
86 112
86 98
86 113
86 125
86 102
86 111
86 120
86 121
86 124
86 103
86 115
86 117
86 105
86 88
86 123
86 126
86 90
86 107
87 108
87 109
87 98
87 99
87 113
87 100
87 101
87 125
87 102
87 96
87 110
87 120
87 121
87 114
87 124
87 103
87 89
87 126
87 90
87 91
87 92
87 107
88 94
88 108
88 97
88 98
88 113
88 100
88 101
88 125
88 102
88 118
88 110
88 111
88 114
88 124
88 104
88 116
88 89
88 123
88 126
88 119
89 94
89 108
89 109
89 95
89 112
89 98
89 99
89 113
89 100
89 125
89 102
89 118
89 106
89 110
89 111
89 120
89 124
89 127
89 91
90 94
90 109
90 95
90 112
90 98
90 99
90 113
90 125
90 105
90 118
90 92
90 119
90 110
90 120
90 121
90 124
90 122
90 103
90 115
90 96
90 116
90 91
91 94
91 108
91 109
91 97
91 112
91 98
91 100
91 101
91 125
91 118
91 106
91 107
91 119
91 114
91 124
91 104
91 116
91 117
92 94
92 95
92 97
92 98
92 99
92 101
92 125
92 105
92 118
92 96
92 110
92 121
92 114
92 124
92 103
92 104
92 123
92 126
92 107
93 109
93 95
93 98
93 99
93 100
93 105
93 106
93 110
93 114
93 124
93 103
93 127
93 116
93 126
93 102
93 112
94 95
94 110
94 111
94 97
94 120
94 121
94 112
94 99
94 114
94 124
94 101
94 122
94 125
94 103
94 115
94 105
94 118
94 107
95 108
95 111
95 97
95 112
95 98
95 99
95 113
95 114
95 124
95 101
95 125
95 105
95 118
95 123
95 106
96 98
96 99
96 113
96 101
96 125
96 102
96 118
96 106
96 111
96 120
96 114
96 124
96 103
96 116
96 123
96 126
97 108
97 109
97 120
97 121
97 112
97 124
97 101
97 122
97 125
97 103
97 127
97 104
97 116
97 117
97 105
97 123
97 126
97 119
98 108
98 112
98 99
98 100
98 125
98 102
98 103
98 104
98 115
98 117
98 106
98 107
98 124
99 108
99 109
99 110
99 120
99 121
99 113
99 100
99 124
99 101
99 122
99 103
99 127
99 123
99 106
99 126
99 107
100 109
100 112
100 101
100 122
100 125
100 103
100 127
100 104
100 118
100 107
101 108
101 112
101 111
101 120
101 121
101 114
101 124
101 122
101 125
101 127
101 104
101 105
101 107
102 108
102 109
102 112
102 120
102 121
102 124
102 122
102 103
102 127
102 104
102 116
102 118
102 123
102 126
102 107
103 109
103 112
103 118
103 106
103 107
103 119
103 111
103 121
103 114
103 122
103 104
103 115
103 117
103 126
104 108
104 109
104 113
104 125
104 119
104 111
104 121
104 124
104 122
104 115
104 127
104 116
104 117
104 126
105 112
105 113
105 125
105 110
105 124
105 116
105 106
105 126
105 119
106 113
106 118
106 110
106 111
106 120
106 117
106 119
107 109
107 112
107 113
107 125
107 118
107 114
107 124
107 122
107 127
107 115
107 123
107 119
108 111
108 120
108 121
108 122
108 115
108 117
108 118
108 119
109 110
109 111
109 120
109 112
109 124
109 122
109 127
109 118
109 126
109 119
110 125
110 118
110 119
110 111
110 120
110 121
110 114
110 115
110 116
110 117
110 126
111 112
111 118
111 120
111 121
111 114
111 127
111 115
111 117
111 126
112 120
112 114
112 124
112 115
112 116
112 118
112 123
113 120
113 121
113 124
113 125
113 115
113 116
113 117
113 118
113 123
113 119
114 125
114 122
114 127
114 116
114 117
114 126
115 125
115 118
115 119
115 121
115 124
115 122
115 117
116 125
116 118
116 120
116 121
116 122
116 117
117 125
117 118
117 119
117 120
117 121
117 127
117 123
118 120
118 124
118 126
119 122
119 127
119 126
120 124
120 122
120 127
120 123
121 125
121 124
121 127
121 123
121 126
122 124
122 127
122 123
123 126
124 125
124 126
125 127
125 126
126 127
