0 1
0 2
0 3
0 4
0 5
0 6
0 7
0 8
0 9
0 10
0 11
0 12
0 13
0 14
0 15
0 16
0 17
0 18
0 19
0 20
0 21
0 22
0 23
0 24
0 25
0 26
0 27
0 28
0 29
0 30
0 31
0 32
0 33
0 34
0 35
0 36
0 37
0 38
0 39
0 40
0 41
0 42
0 43
0 44
0 45
0 46
0 47
0 48
0 49
0 50
0 51
0 52
0 53
0 54
0 55
0 56
0 57
0 58
0 59
0 60
0 61
0 62
0 63
0 64
0 65
1 66
1 3
1 67
1 68
1 4
1 5
1 69
1 70
1 9
1 10
1 12
1 13
1 15
1 71
1 72
1 73
1 17
1 18
1 74
1 20
1 75
1 21
1 23
1 24
1 25
1 26
1 76
1 28
1 77
1 78
1 31
1 79
1 80
1 81
1 32
1 34
1 35
1 37
1 82
1 39
1 41
1 42
1 43
1 44
1 83
1 46
1 49
1 84
1 50
1 85
1 86
1 52
1 54
1 55
1 56
1 57
1 87
1 58
1 88
1 89
1 62
1 63
1 90
1 91
1 64
1 65
1 93
2 94
2 3
2 68
2 6
2 69
2 95
2 7
2 10
2 11
2 12
2 15
2 71
2 73
2 18
2 19
2 74
2 20
2 75
2 22
2 23
2 25
2 26
2 76
2 27
2 96
2 97
2 29
2 31
2 79
2 80
2 33
2 35
2 98
2 37
2 99
2 82
2 100
2 44
2 45
2 83
2 47
2 48
2 49
2 53
2 101
2 54
2 57
2 87
2 102
2 103
2 104
2 89
2 61
2 105
2 63
2 106
2 90
2 107
2 64
3 108
3 67
3 68
3 69
3 95
3 9
3 11
3 12
3 15
3 71
3 16
3 109
3 73
3 74
3 20
3 75
3 22
3 24
3 25
3 26
3 28
3 77
3 97
3 78
3 31
3 79
3 110
3 80
3 81
3 33
3 35
3 98
3 38
3 39
3 42
3 43
3 44
3 45
3 83
3 48
3 111
3 49
3 86
3 52
3 53
3 54
3 57
3 87
3 102
3 89
3 59
3 63
3 106
3 112
3 91
3 113
3 64
3 65
4 66
4 108
4 94
4 67
4 6
4 8
4 10
4 11
4 15
4 71
4 109
4 72
4 73
4 19
4 74
4 20
4 75
4 114
4 115
4 23
4 24
4 25
4 27
4 77
4 97
4 30
4 31
4 33
4 37
4 116
4 39
4 40
4 41
4 42
4 45
4 83
4 46
4 48
4 49
4 117
4 85
4 51
4 52
4 101
4 54
4 55
4 56
4 87
4 102
4 103
4 58
4 88
4 118
4 89
4 59
4 60
4 61
4 105
4 90
4 112
4 107
4 91
4 64
4 119
4 65
4 92
4 93
5 66
5 108
5 67
5 6
5 7
5 8
5 70
5 11
5 13
5 14
5 15
5 71
5 109
5 72
5 18
5 19
5 20
5 21
5 114
5 115
5 120
5 23
5 25
5 76
5 28
5 77
5 97
5 29
5 30
5 79
5 110
5 33
5 35
5 36
5 98
5 37
5 121
5 99
5 38
5 39
5 42
5 100
5 43
5 45
5 46
5 47
5 111
5 122
5 50
5 85
5 54
5 123
5 87
5 58
5 88
5 104
5 89
5 59
5 60
5 105
5 106
5 90
5 107
5 64
5 119
5 93
6 66
6 108
6 94
6 69
6 8
6 70
6 11
6 12
6 13
6 15
6 18
6 74
6 114
6 120
6 22
6 23
6 24
6 76
6 27
6 77
6 97
6 78
6 31
6 33
6 35
6 36
6 121
6 99
6 116
6 41
6 42
6 100
6 43
6 45
6 83
6 46
6 111
6 117
6 84
6 50
6 85
6 51
6 86
6 55
6 56
6 57
6 87
6 102
6 58
6 118
6 61
6 62
6 106
6 90
6 107
6 91
6 92
6 101
6 103
6 127
6 49
6 88
6 73
6 59
6 109
6 75
6 65
6 40
6 48
7 66
7 69
7 8
7 70
7 9
7 13
7 14
7 16
7 72
7 73
7 18
7 19
7 74
7 20
7 21
7 114
7 115
7 23
7 76
7 28
7 77
7 97
7 29
7 31
7 35
7 37
7 121
7 99
7 38
7 116
7 39
7 40
7 41
7 100
7 43
7 124
7 83
7 48
7 111
7 117
7 86
7 101
7 55
7 87
7 102
7 103
7 58
7 118
7 61
7 62
7 105
7 63
7 106
7 90
7 107
7 113
7 119
7 92
8 108
8 125
8 69
8 95
8 70
8 9
8 10
8 15
8 71
8 109
8 17
8 19
8 20
8 75
8 21
8 114
8 23
8 25
8 26
8 76
8 27
8 28
8 96
8 30
8 78
8 31
8 110
8 33
8 34
8 82
8 116
8 39
8 40
8 100
8 43
8 45
8 83
8 126
8 48
8 117
8 84
8 50
8 86
8 52
8 53
8 57
8 87
8 102
8 103
8 58
8 88
8 104
8 89
8 106
8 112
8 113
8 64
8 119
8 93
9 108
9 125
9 69
9 95
9 10
9 12
9 14
9 71
9 73
9 18
9 19
9 74
9 20
9 21
9 114
9 115
9 120
9 24
9 25
9 26
9 76
9 27
9 28
9 97
9 110
9 32
9 33
9 34
9 35
9 37
9 99
9 39
9 42
9 45
9 126
9 48
9 122
9 84
9 50
9 85
9 51
9 52
9 56
9 57
9 102
9 103
9 118
9 89
9 59
9 105
9 106
9 107
9 91
9 113
9 64
9 119
9 65
9 93
10 66
10 108
10 94
10 67
10 125
10 95
10 11
10 13
10 71
10 16
10 72
10 73
10 18
10 74
10 20
10 75
10 21
10 114
10 115
10 120
10 23
10 24
10 26
10 76
10 27
10 28
10 96
10 30
10 78
10 31
10 79
10 110
10 34
10 35
10 36
10 121
10 38
10 82
10 41
10 100
10 45
10 124
10 83
10 49
10 122
10 50
10 86
10 55
10 123
10 87
10 102
10 103
10 88
10 104
10 118
10 89
10 59
10 62
10 63
10 106
10 112
10 64
11 66
11 94
11 68
11 125
11 95
11 13
11 14
11 16
11 72
11 73
11 17
11 18
11 74
11 21
11 114
11 115
11 120
11 22
11 24
11 25
11 27
11 127
11 28
11 97
11 29
11 30
11 31
11 110
11 32
11 34
11 36
11 98
11 121
11 82
11 116
11 39
11 42
11 43
11 45
11 124
11 83
11 46
11 49
11 122
11 84
11 50
11 52
11 53
11 101
11 55
11 123
11 57
11 87
11 102
11 58
11 88
11 104
11 89
11 60
11 61
11 62
11 106
11 90
11 113
11 64
11 65
11 93
12 66
12 108
12 67
12 68
12 125
12 70
12 14
12 15
12 71
12 17
12 18
12 19
12 74
12 21
12 114
12 120
12 22
12 23
12 24
12 25
12 76
12 27
12 28
12 97
12 30
12 78
12 31
12 110
12 32
12 35
12 36
12 121
12 40
12 41
12 44
12 45
12 46
12 47
12 117
12 122
12 50
12 85
12 54
12 55
12 102
12 103
12 104
12 89
12 61
12 62
12 105
12 63
12 106
12 64
12 65
12 93
13 108
13 125
13 95
13 70
13 14
13 71
13 16
13 109
13 18
13 19
13 20
13 75
13 21
13 114
13 120
13 22
13 23
13 26
13 27
13 127
13 29
13 110
13 81
13 32
13 35
13 99
13 38
13 116
13 45
13 124
13 83
13 47
13 111
13 117
13 122
13 50
13 85
13 101
13 54
13 55
13 56
13 123
13 87
13 103
13 58
13 104
13 118
13 60
13 61
13 106
13 90
13 113
13 64
13 119
14 108
14 68
14 95
14 70
14 71
14 109
14 17
14 74
14 20
14 21
14 114
14 115
14 23
14 24
14 27
14 127
14 28
14 96
14 30
14 78
14 79
14 80
14 33
14 82
14 40
14 41
14 42
14 100
14 45
14 83
14 46
14 47
14 111
14 117
14 122
14 86
14 101
14 55
14 57
14 102
14 103
14 104
14 118
14 89
14 60
14 62
14 106
14 90
14 112
14 107
14 91
14 113
14 65
14 93
15 66
15 108
15 125
15 71
15 109
15 72
15 17
15 18
15 19
15 20
15 75
15 21
15 115
15 120
15 23
15 24
15 25
15 76
15 97
15 30
15 110
15 81
15 32
15 34
15 35
15 36
15 98
15 37
15 38
15 42
15 43
15 44
15 45
15 83
15 126
15 47
15 49
15 117
15 84
15 50
15 85
15 51
15 52
15 53
15 54
15 55
15 87
15 102
15 103
15 58
15 88
15 118
15 89
15 59
15 60
15 61
15 62
15 63
15 106
15 90
15 107
15 91
15 65
15 92
16 108
16 94
16 68
16 69
16 70
16 71
16 17
16 18
16 20
16 21
16 120
16 22
16 23
16 25
16 27
16 77
16 96
16 29
16 31
16 80
16 32
16 33
16 34
16 35
16 99
16 38
16 82
16 39
16 41
16 42
16 100
16 44
16 45
16 124
16 83
16 126
16 47
16 49
16 84
16 85
16 51
16 52
16 101
16 56
16 123
16 87
16 103
16 58
16 88
16 104
16 89
16 59
16 62
16 105
16 106
16 107
16 64
17 66
17 67
17 125
17 95
17 70
17 71
17 109
17 73
17 18
17 19
17 21
17 114
17 115
17 23
17 25
17 26
17 76
17 27
17 127
17 77
17 30
17 78
17 79
17 110
17 81
17 32
17 33
17 35
17 36
17 98
17 99
17 38
17 116
17 39
17 100
17 43
17 44
17 45
17 124
17 126
17 48
17 49
17 117
17 84
17 85
17 51
17 86
17 54
17 87
17 102
17 88
17 89
17 105
17 63
17 91
17 64
17 92
18 108
18 68
18 109
18 73
18 19
18 115
18 120
18 23
18 24
18 26
18 127
18 28
18 77
18 29
18 30
18 78
18 110
18 35
18 36
18 121
18 38
18 82
18 43
18 44
18 45
18 124
18 48
18 111
18 50
18 51
18 53
18 55
18 57
18 87
18 58
18 118
18 89
18 60
18 61
18 63
18 107
19 66
19 94
19 95
19 71
19 109
19 72
19 73
19 20
19 114
19 115
19 23
19 25
19 27
19 28
19 77
19 110
19 80
19 33
19 35
19 36
19 98
19 116
19 40
19 41
19 126
19 111
19 49
19 117
19 50
19 85
19 51
19 52
19 101
19 123
19 57
19 87
19 118
19 61
19 62
19 105
19 106
19 90
19 112
19 91
19 119
19 65
19 92
20 67
20 69
20 95
20 70
20 72
20 73
20 74
20 21
20 114
20 115
20 22
20 23
20 25
20 76
20 77
20 96
20 29
20 30
20 78
20 79
20 80
20 81
20 33
20 34
20 36
20 37
20 82
20 40
20 41
20 100
20 45
20 124
20 111
20 84
20 50
20 85
20 51
20 86
20 52
20 101
20 55
20 104
20 61
20 62
20 105
20 63
20 113
20 93
21 66
21 108
21 94
21 67
21 125
21 109
21 72
21 73
21 114
21 120
21 22
21 25
21 26
21 76
21 27
21 28
21 77
21 29
21 31
21 110
21 80
21 32
21 33
21 34
21 35
21 98
21 37
21 99
21 38
21 116
21 41
21 100
21 43
21 44
21 83
21 126
21 46
21 47
21 48
21 49
21 117
21 122
21 86
21 52
21 101
21 54
21 123
21 87
21 102
21 88
21 118
21 59
21 63
21 106
21 107
21 113
21 119
21 93
22 66
22 108
22 67
22 68
22 125
22 95
22 70
22 71
22 72
22 74
22 75
22 115
22 23
22 24
22 76
22 28
22 77
22 78
22 80
22 35
22 98
22 121
22 99
22 82
22 39
22 40
22 41
22 42
22 44
22 124
22 126
22 46
22 47
22 48
22 117
22 122
22 84
22 50
22 51
22 86
22 52
22 53
22 55
22 103
22 58
22 88
22 62
22 105
22 112
22 113
22 64
22 119
22 93
23 108
23 94
23 125
23 69
23 70
23 71
23 73
23 114
23 115
23 27
23 97
23 29
23 31
23 80
23 32
23 33
23 99
23 42
23 44
23 45
23 83
23 46
23 47
23 48
23 111
23 49
23 117
23 84
23 85
23 51
23 86
23 54
23 55
23 123
23 57
23 88
23 104
23 118
23 89
23 59
23 61
23 62
23 64
23 119
23 65
23 93
24 108
24 67
24 68
24 95
24 70
24 109
24 73
24 114
24 25
24 76
24 27
24 127
24 28
24 97
24 29
24 30
24 79
24 32
24 33
24 34
24 35
24 99
24 116
24 100
24 44
24 45
24 48
24 111
24 117
24 122
24 84
24 85
24 51
24 53
24 101
24 123
24 87
24 58
24 88
24 59
24 90
24 113
24 64
24 65
24 92
25 66
25 108
25 69
25 70
25 71
25 74
25 75
25 114
25 115
25 26
25 28
25 77
25 97
25 78
25 31
25 110
25 81
25 32
25 35
25 36
25 99
25 38
25 41
25 42
25 100
25 43
25 45
25 83
25 126
25 46
25 111
25 49
25 117
25 122
25 84
25 85
25 86
25 52
25 56
25 57
25 102
25 88
25 104
25 89
25 59
25 60
25 61
25 63
25 90
25 107
25 113
25 64
26 108
26 94
26 67
26 125
26 69
26 95
26 71
26 109
26 75
26 114
26 76
26 96
26 30
26 78
26 31
26 110
26 80
26 32
26 34
26 35
26 36
26 121
26 99
26 82
26 41
26 100
26 43
26 44
26 45
26 126
26 46
26 111
26 49
26 117
26 122
26 50
26 85
26 53
26 101
26 55
26 56
26 57
26 87
26 102
26 104
26 118
26 89
26 59
26 60
26 62
26 105
26 63
26 112
26 119
26 65
26 92
27 108
27 94
27 67
27 69
27 71
27 72
27 73
27 75
27 115
27 76
27 127
27 96
27 30
27 78
27 31
27 79
27 110
27 98
27 37
27 121
27 39
27 41
27 42
27 100
27 44
27 45
27 124
27 126
27 47
27 111
27 49
27 117
27 122
27 51
27 86
27 52
27 101
27 55
27 123
27 57
27 102
27 103
27 88
27 59
27 60
27 62
27 91
27 64
27 65
27 109
27 50
27 92
27 40
27 48
28 66
28 125
28 69
28 95
28 70
28 109
28 73
28 120
28 76
28 127
28 77
28 96
28 97
28 30
28 78
28 31
28 32
28 34
28 36
28 121
28 38
28 39
28 40
28 41
28 100
28 43
28 44
28 124
28 46
28 48
28 117
28 122
28 50
28 85
28 101
28 54
28 123
28 57
28 87
28 103
28 58
28 88
28 105
28 63
28 90
28 91
28 65
28 92
29 108
29 95
29 70
29 71
29 109
29 72
29 73
29 114
29 76
29 127
29 77
29 96
29 30
29 78
29 79
29 110
29 80
29 81
29 33
29 35
29 36
29 98
29 38
29 116
29 39
29 44
29 124
29 83
29 47
29 48
29 49
29 84
29 53
29 54
29 55
29 56
29 123
29 57
29 103
29 58
29 89
29 60
29 61
29 105
29 63
29 90
29 91
29 119
29 93
30 66
30 94
30 67
30 68
30 69
30 70
30 71
30 72
30 73
30 114
30 115
30 120
30 76
30 77
30 31
30 79
30 80
30 81
30 33
30 34
30 35
30 38
30 42
30 43
30 44
30 45
30 47
30 111
30 49
30 117
30 84
30 85
30 51
30 86
30 53
30 101
30 55
30 56
30 57
30 103
30 104
30 118
30 89
30 106
30 90
30 112
30 107
30 64
30 119
30 93
31 66
31 108
31 68
31 72
31 73
31 74
31 114
31 115
31 120
31 127
31 96
31 78
31 79
31 32
31 33
31 35
31 36
31 99
31 40
31 41
31 42
31 100
31 44
31 124
31 83
31 126
31 111
31 122
31 84
31 86
31 52
31 53
31 54
31 56
31 57
31 88
31 104
31 89
31 62
31 105
31 63
31 90
31 112
31 65
31 92
31 93
32 68
32 125
32 69
32 70
32 71
32 76
32 96
32 97
32 78
32 80
32 81
32 33
32 35
32 36
32 99
32 38
32 116
32 39
32 42
32 100
32 44
32 45
32 124
32 126
32 122
32 84
32 85
32 51
32 52
32 53
32 87
32 118
32 106
32 90
32 91
32 113
32 64
32 119
32 93
33 94
33 69
33 73
33 74
33 75
33 114
33 115
33 96
33 97
33 78
33 110
33 80
33 81
33 35
33 98
33 37
33 99
33 38
33 116
33 40
33 43
33 45
33 124
33 126
33 46
33 111
33 49
33 84
33 85
33 53
33 123
33 103
33 58
33 88
33 89
33 63
33 106
33 112
33 119
33 92
33 93
34 94
34 67
34 125
34 69
34 95
34 70
34 109
34 72
34 73
34 74
34 75
34 114
34 115
34 120
34 76
34 97
34 110
34 80
34 81
34 35
34 37
34 116
34 41
34 42
34 43
34 83
34 46
34 47
34 122
34 84
34 86
34 53
34 54
34 57
34 87
34 102
34 88
34 104
34 118
34 89
34 61
34 62
34 63
34 119
34 93
35 66
35 68
35 125
35 73
35 74
35 75
35 114
35 76
35 77
35 96
35 97
35 78
35 80
35 81
35 98
35 37
35 121
35 116
35 40
35 41
35 83
35 126
35 46
35 49
35 84
35 85
35 51
35 52
35 53
35 56
35 123
35 57
35 58
35 104
35 118
35 61
35 106
35 90
35 107
35 65
35 92
35 93
36 66
36 68
36 125
36 69
36 70
36 71
36 109
36 72
36 73
36 74
36 75
36 115
36 120
36 76
36 127
36 77
36 97
36 79
36 110
36 80
36 81
36 98
36 37
36 121
36 38
36 82
36 39
36 40
36 41
36 43
36 44
36 83
36 126
36 46
36 47
36 122
36 84
36 51
36 53
36 54
36 57
36 87
36 104
36 59
36 60
36 61
36 63
36 107
36 91
36 113
36 64
36 65
37 108
37 94
37 67
37 125
37 69
37 70
37 73
37 74
37 75
37 115
37 97
37 110
37 80
37 81
37 98
37 38
37 82
37 116
37 39
37 40
37 41
37 42
37 100
37 43
37 44
37 45
37 83
37 47
37 49
37 117
37 84
37 50
37 85
37 51
37 86
37 53
37 101
37 54
37 55
37 123
37 102
37 88
37 104
37 118
37 60
37 106
37 90
37 107
37 91
37 64
37 65
37 93
38 66
38 94
38 67
38 68
38 95
38 71
38 109
38 73
38 74
38 114
38 115
38 120
38 76
38 127
38 96
38 97
38 80
38 98
38 121
38 99
38 82
38 116
38 100
38 44
38 45
38 83
38 126
38 46
38 111
38 117
38 84
38 86
38 53
38 54
38 55
38 56
38 123
38 87
38 103
38 88
38 105
38 63
38 112
38 107
38 91
38 113
38 119
38 92
38 93
39 68
39 125
39 70
39 71
39 109
39 74
39 75
39 114
39 115
39 120
39 127
39 96
39 78
39 80
39 121
39 99
39 82
39 42
39 100
39 43
39 44
39 45
39 83
39 126
39 46
39 47
39 84
39 85
39 51
39 86
39 53
39 54
39 123
39 57
39 87
39 88
39 89
39 59
39 60
39 61
39 105
39 90
39 112
39 91
39 113
39 64
39 119
39 65
39 92
40 66
40 94
40 70
40 75
40 120
40 76
40 127
40 78
40 79
40 81
40 121
40 82
40 41
40 44
40 83
40 48
40 111
40 86
40 52
40 53
40 54
40 87
40 102
40 103
40 58
40 118
40 61
40 105
40 63
40 90
40 91
40 101
40 49
40 88
40 73
40 59
40 109
40 50
40 42
40 65
40 92
41 108
41 94
41 67
41 125
41 69
41 70
41 109
41 72
41 74
41 114
41 115
41 76
41 77
41 97
41 78
41 110
41 45
41 126
41 46
41 47
41 84
41 50
41 51
41 52
41 53
41 101
41 54
41 88
41 104
41 89
41 60
41 63
41 106
41 90
41 112
41 107
41 113
41 93
42 108
42 67
42 125
42 69
42 95
42 109
42 73
42 75
42 115
42 120
42 77
42 78
42 98
42 121
42 43
42 124
42 126
42 48
42 117
42 84
42 50
42 85
42 51
42 101
42 54
42 123
42 87
42 102
42 59
42 60
42 63
42 106
42 112
42 91
42 113
42 64
42 86
42 103
42 127
42 49
42 88
42 94
42 65
42 92
43 108
43 94
43 68
43 125
43 73
43 74
43 75
43 120
43 76
43 127
43 78
43 110
43 80
43 81
43 98
43 99
43 82
43 83
43 46
43 47
43 111
43 49
43 122
43 84
43 85
43 101
43 54
43 55
43 123
43 87
43 102
43 103
43 118
43 89
43 61
43 107
43 113
43 119
43 93
44 94
44 67
44 71
44 109
44 114
44 115
44 120
44 76
44 97
44 110
44 80
44 121
44 116
44 47
44 48
44 111
44 49
44 117
44 50
44 85
44 86
44 52
44 55
44 56
44 57
44 87
44 102
44 103
44 58
44 104
44 89
44 62
44 64
44 119
44 65
44 93
45 108
45 67
45 125
45 95
45 70
45 72
45 75
45 115
45 76
45 127
45 96
45 97
45 78
45 79
45 110
45 81
45 121
45 99
45 100
45 124
45 46
45 47
45 48
45 49
45 84
45 85
45 86
45 54
45 123
45 57
45 102
45 103
45 89
45 59
45 105
45 63
45 90
45 113
45 64
45 119
45 65
45 92
46 66
46 108
46 94
46 67
46 125
46 95
46 109
46 72
46 73
46 74
46 76
46 127
46 96
46 97
46 78
46 80
46 99
46 82
46 124
46 126
46 48
46 49
46 50
46 86
46 52
46 55
46 56
46 123
46 57
46 87
46 58
46 60
46 62
46 106
46 90
46 64
46 119
46 65
46 92
47 108
47 94
47 67
47 68
47 125
47 95
47 71
47 73
47 74
47 75
47 114
47 76
47 77
47 78
47 80
47 99
47 124
47 83
47 111
47 49
47 84
47 50
47 85
47 51
47 53
47 54
47 123
47 87
47 58
47 59
47 62
47 106
47 90
47 112
47 91
47 93
48 69
48 115
48 120
48 97
48 78
48 79
48 98
48 121
48 99
48 82
48 83
48 126
48 117
48 85
48 52
48 53
48 101
48 54
48 87
48 103
48 88
48 61
48 105
48 112
48 107
48 91
48 119
48 86
48 127
48 49
48 73
48 59
48 94
48 109
48 75
48 50
48 65
48 92
48 102
49 108
49 94
49 67
49 68
49 125
49 71
49 72
49 73
49 74
49 75
49 114
49 76
49 127
49 96
49 97
49 79
49 81
49 98
49 121
49 116
49 100
49 83
49 122
49 84
49 50
49 85
49 51
49 86
49 52
49 101
49 57
49 87
49 103
49 58
49 88
49 118
49 89
49 59
49 60
49 61
49 105
49 63
49 106
49 112
49 107
49 113
49 65
49 93
49 109
49 92
49 102
50 66
50 108
50 68
50 125
50 95
50 70
50 73
50 74
50 75
50 115
50 127
50 78
50 110
50 80
50 81
50 98
50 100
50 83
50 111
50 117
50 51
50 53
50 102
50 58
50 104
50 118
50 89
50 105
50 90
50 112
50 65
50 92
50 93
50 86
50 101
50 103
50 88
50 59
50 94
50 109
51 66
51 67
51 125
51 69
51 95
51 70
51 109
51 73
51 74
51 114
51 115
51 76
51 127
51 96
51 97
51 80
51 81
51 98
51 99
51 82
51 83
51 117
51 86
51 53
51 55
51 57
51 103
51 58
51 88
51 104
51 118
51 60
51 62
51 105
51 112
51 64
51 65
51 93
52 66
52 108
52 125
52 95
52 72
52 74
52 115
52 127
52 78
52 79
52 81
52 121
52 99
52 82
52 100
52 126
52 111
52 122
52 84
52 85
52 53
52 54
52 55
52 56
52 123
52 57
52 102
52 103
52 58
52 104
52 59
52 61
52 63
52 106
52 107
52 64
52 119
53 66
53 108
53 125
53 70
53 109
53 72
53 74
53 114
53 115
53 120
53 96
53 78
53 110
53 80
53 81
53 116
53 100
53 83
53 84
53 86
53 101
53 56
53 57
53 102
53 88
53 104
53 59
53 61
53 62
53 105
53 63
53 106
53 112
53 107
53 91
53 113
53 93
54 108
54 94
54 125
54 69
54 72
54 73
54 74
54 115
54 120
54 76
54 78
54 81
54 121
54 82
54 126
54 117
54 84
54 85
54 86
54 101
54 55
54 123
54 57
54 87
54 102
54 58
54 88
54 104
54 59
54 60
54 63
54 106
54 112
54 64
54 65
55 66
55 94
55 69
55 95
55 109
55 75
55 114
55 115
55 76
55 127
55 77
55 96
55 78
55 79
55 81
55 98
55 99
55 82
55 100
55 83
55 126
55 117
55 122
55 101
55 56
55 87
55 102
55 58
55 88
55 104
55 118
55 89
55 59
55 105
55 63
55 90
55 112
55 113
55 64
55 119
55 65
56 66
56 108
56 94
56 68
56 125
56 69
56 70
56 109
56 72
56 74
56 115
56 120
56 76
56 127
56 77
56 79
56 110
56 80
56 81
56 98
56 99
56 82
56 83
56 111
56 117
56 122
56 86
56 101
56 102
56 103
56 58
56 118
56 59
56 60
56 61
56 106
56 107
56 64
56 93
57 66
57 108
57 67
57 68
57 125
57 69
57 95
57 71
57 109
57 72
57 73
57 75
57 77
57 97
57 78
57 110
57 80
57 82
57 83
57 126
57 117
57 122
57 101
57 123
57 103
57 88
57 118
57 89
57 61
57 62
57 105
57 107
57 113
57 119
58 71
58 109
58 73
58 74
58 115
58 120
58 76
58 127
58 96
58 78
58 110
58 82
58 124
58 83
58 117
58 122
58 84
58 123
58 103
58 88
58 59
58 61
58 62
58 63
58 90
58 113
58 64
58 119
58 93
59 108
59 94
59 67
59 69
59 95
59 71
59 72
59 73
59 75
59 114
59 115
59 120
59 127
59 96
59 78
59 79
59 80
59 98
59 99
59 82
59 124
59 111
59 117
59 85
59 86
59 101
59 123
59 102
59 103
59 88
59 118
59 62
59 105
59 63
59 106
59 90
59 113
59 93
59 109
59 65
59 92
60 66
60 68
60 70
60 71
60 109
60 115
60 76
60 127
60 78
60 79
60 110
60 80
60 98
60 121
60 99
60 82
60 100
60 124
60 126
60 111
60 122
60 84
60 101
60 87
60 103
60 88
60 118
60 61
60 105
60 91
60 113
60 65
60 92
60 93
61 66
61 67
61 68
61 69
61 95
61 70
61 109
61 115
61 120
61 76
61 77
61 96
61 97
61 78
61 80
61 99
61 82
61 100
61 124
61 126
61 111
61 122
61 84
61 85
61 101
61 102
61 103
61 104
61 63
61 112
61 107
61 113
61 65
62 108
62 68
62 125
62 95
62 70
62 71
62 74
62 114
62 120
62 127
62 96
62 78
62 81
62 98
62 121
62 116
62 126
62 111
62 117
62 85
62 86
62 101
62 87
62 103
62 104
62 89
62 63
62 112
62 107
62 91
62 113
62 119
62 65
62 92
63 66
63 94
63 67
63 95
63 70
63 71
63 109
63 72
63 73
63 114
63 76
63 77
63 96
63 78
63 80
63 81
63 121
63 99
63 82
63 116
63 100
63 124
63 122
63 85
63 101
63 123
63 103
63 89
63 105
63 106
63 90
63 112
63 91
63 64
63 65
63 92
64 66
64 108
64 67
64 125
64 69
64 95
64 70
64 71
64 109
64 72
64 114
64 115
64 77
64 79
64 80
64 81
64 121
64 100
64 83
64 122
64 86
64 101
64 88
64 89
64 106
64 112
64 113
64 119
64 92
64 93
65 66
65 108
65 67
65 125
65 95
65 71
65 73
65 120
65 77
65 79
65 110
65 80
65 121
65 99
65 82
65 100
65 126
65 111
65 85
65 86
65 123
65 87
65 88
65 104
65 105
65 106
65 112
65 107
65 113
65 119
65 92
65 101
65 103
65 127
65 94
65 109
65 75
65 102
66 125
66 69
66 95
66 73
66 74
66 75
66 76
66 96
66 97
66 110
66 80
66 98
66 121
66 116
66 100
66 83
66 84
66 85
66 86
66 101
66 104
66 90
66 112
66 107
66 91
66 113
66 119
66 92
66 93
67 73
67 76
67 97
67 98
67 100
67 85
67 90
67 113
67 119
67 93
67 78
67 79
67 99
67 82
67 122
67 103
67 106
67 68
67 115
67 120
67 127
67 77
67 124
67 105
68 125
68 73
68 75
68 80
68 121
68 100
68 84
68 86
68 101
68 90
68 112
68 107
68 91
68 119
68 93
68 70
68 109
68 72
68 78
68 79
68 111
68 117
68 115
68 120
68 105
69 125
69 108
69 94
69 95
69 71
69 109
69 72
69 74
69 115
69 120
69 127
69 77
69 96
69 78
69 110
69 81
69 98
69 82
69 116
69 126
69 111
69 122
69 84
69 86
69 101
69 87
69 102
69 103
69 88
69 104
69 106
69 112
69 113
70 75
70 97
70 98
70 116
70 100
70 83
70 84
70 86
70 101
70 90
70 91
70 119
70 92
70 93
70 108
70 94
70 71
70 72
70 120
70 81
70 99
70 124
70 126
70 122
70 123
70 87
70 102
70 118
70 89
71 95
71 73
71 74
71 75
71 76
71 96
71 97
71 110
71 80
71 98
71 121
71 116
71 100
71 83
71 85
71 101
71 91
71 113
71 119
71 92
71 109
71 72
71 78
71 79
71 99
71 82
71 111
71 102
71 103
71 106
71 115
71 120
71 127
71 124
71 126
71 123
71 87
72 125
72 95
72 75
72 76
72 96
72 97
72 98
72 116
72 107
72 113
72 108
72 109
72 114
72 115
72 120
72 78
72 79
72 99
72 82
72 126
72 117
72 87
72 103
72 105
72 106
73 94
73 109
73 74
73 75
73 115
73 76
73 127
73 97
73 78
73 79
73 99
73 82
73 116
73 83
73 126
73 86
73 101
73 123
73 103
73 88
73 89
73 113
73 92
73 102
74 108
74 94
74 75
74 114
74 115
74 120
74 127
74 97
74 110
74 81
74 98
74 99
74 82
74 122
74 84
74 86
74 123
74 87
74 102
74 89
74 106
74 91
74 119
74 93
75 125
75 109
75 114
75 127
75 78
75 110
75 121
75 82
75 116
75 100
75 111
75 122
75 84
75 86
75 123
75 102
75 103
75 89
75 105
75 90
75 107
75 119
75 101
75 88
75 94
75 92
76 95
76 108
76 94
76 127
76 77
76 97
76 78
76 79
76 110
76 121
76 82
76 116
76 83
76 126
76 111
76 122
76 85
76 87
76 102
76 88
76 104
76 118
76 89
76 105
76 90
76 119
77 96
77 97
77 80
77 98
77 116
77 100
77 85
77 86
77 104
77 90
77 112
77 107
77 113
77 119
77 114
77 81
77 82
77 102
77 103
77 94
77 115
77 120
77 126
77 87
77 89
77 105
78 125
78 96
78 97
78 110
78 80
78 98
78 116
78 85
78 112
78 91
78 119
78 93
78 108
78 109
78 127
78 81
78 82
78 117
78 122
78 102
78 103
78 89
79 95
79 97
79 110
79 80
79 98
79 84
79 85
79 112
79 107
79 91
79 113
79 92
79 93
79 108
79 114
79 82
79 124
79 126
79 117
79 122
79 87
79 102
79 103
79 88
79 89
79 105
80 125
80 95
80 81
80 121
80 99
80 116
80 100
80 124
80 111
80 117
80 101
80 123
80 88
80 104
80 118
80 89
80 105
80 106
80 112
80 107
81 97
81 110
81 121
81 83
81 84
81 85
81 86
81 101
81 104
81 91
81 119
81 92
81 108
81 94
81 115
81 120
81 127
81 82
81 124
81 126
81 102
81 105
81 106
82 125
82 96
82 121
82 116
82 86
82 101
82 104
82 112
82 91
82 113
82 92
82 93
82 108
82 114
82 99
82 94
82 115
82 120
82 127
82 126
82 111
82 117
82 122
82 103
82 118
82 106
83 96
83 97
83 98
83 108
83 114
83 127
83 99
83 124
83 126
83 111
83 117
83 122
83 85
83 123
83 87
83 88
83 118
83 105
83 106
83 90
83 107
83 113
83 92
83 93
84 95
84 96
84 97
84 98
84 116
84 100
84 108
84 114
84 115
84 127
84 99
84 124
84 111
84 101
84 87
84 103
84 88
84 118
84 89
84 106
84 107
84 93
85 125
85 96
85 97
85 98
85 116
85 100
85 94
85 109
85 114
85 120
85 127
85 124
85 117
85 86
85 123
85 87
85 102
85 89
85 90
85 107
85 91
85 113
85 119
85 92
86 125
86 95
86 96
86 97
86 121
86 100
86 108
86 94
86 120
86 127
86 99
86 124
86 126
86 111
86 117
86 101
86 123
86 102
86 103
86 88
86 118
86 89
86 106
86 112
86 107
86 91
86 109
86 92
87 125
87 96
87 97
87 121
87 100
87 101
87 104
87 90
87 112
87 91
87 113
87 119
87 117
87 103
87 118
87 106
87 94
87 115
87 127
87 124
87 123
87 88
87 89
87 105
88 110
88 121
88 116
88 101
88 107
88 91
88 113
88 119
88 92
88 122
88 102
88 103
88 94
88 120
88 127
88 124
88 123
88 89
88 109
89 125
89 96
89 116
89 100
89 101
89 104
89 112
89 113
89 92
89 93
89 109
89 117
89 122
89 118
89 127
89 124
89 126
90 96
90 97
90 98
90 121
90 100
90 101
90 108
90 94
90 109
90 114
90 115
90 127
90 99
90 124
90 111
90 117
90 123
90 102
90 103
90 105
90 106
90 112
90 107
90 113
91 125
91 100
91 112
91 108
91 94
91 114
91 115
91 120
91 99
91 111
91 117
91 103
92 95
92 116
92 112
92 113
92 119
92 108
92 120
92 124
92 111
92 117
92 102
92 101
92 103
92 127
92 94
92 109
93 125
93 110
93 113
93 109
93 114
93 115
93 120
93 127
93 99
93 126
93 117
93 122
93 123
93 103
93 118
93 106
94 125
94 101
94 107
94 113
94 119
94 109
94 99
94 111
94 117
94 122
94 102
94 103
94 118
94 127
94 124
94 126
94 123
94 105
95 125
95 109
95 120
95 127
95 97
95 110
95 121
95 99
95 100
95 126
95 111
95 122
95 101
95 102
95 104
95 113
96 125
96 108
96 114
96 120
96 97
96 121
96 116
96 124
96 126
96 117
96 122
96 102
96 112
96 119
97 108
97 115
97 120
97 127
97 98
97 100
97 124
97 126
97 111
97 117
97 122
97 101
97 123
97 102
97 118
97 106
97 107
97 119
98 125
98 108
98 115
98 127
98 99
98 100
98 124
98 117
98 101
98 123
98 102
98 104
98 118
99 100
99 101
99 104
99 107
99 108
99 109
99 117
99 123
99 103
99 118
100 121
100 109
100 114
100 120
100 126
100 117
100 122
100 123
100 102
100 103
100 104
100 113
100 119
101 121
101 116
101 109
101 114
101 115
101 127
101 111
101 117
101 122
101 123
101 103
101 106
101 112
101 107
101 119
101 102
102 125
102 110
102 121
102 116
102 112
102 113
102 108
102 114
102 127
102 123
102 118
102 106
102 103
102 109
103 121
103 104
103 107
103 108
103 109
103 117
103 115
103 127
103 126
103 105
103 106
104 110
104 121
104 115
104 120
104 111
104 117
104 122
104 123
104 105
104 106
104 107
104 119
105 110
105 116
105 113
105 109
105 114
105 111
105 117
105 118
105 127
105 123
105 120
106 125
106 121
106 116
106 112
106 107
106 113
106 119
106 108
106 109
106 111
106 122
106 118
106 127
106 123
107 110
107 112
107 108
107 109
107 114
107 127
107 124
107 111
107 117
107 122
107 118
107 113
108 125
108 116
108 119
108 109
108 114
108 111
108 117
108 122
108 118
109 125
109 110
109 121
109 115
109 120
109 124
109 126
109 111
109 127
110 125
110 114
110 121
110 124
110 111
110 117
110 123
110 112
110 113
111 121
111 112
111 120
111 124
111 126
111 117
112 125
112 115
112 120
112 124
112 117
112 123
112 118
112 113
113 125
113 114
113 115
113 120
113 126
113 117
113 122
113 123
114 121
114 119
114 120
114 124
114 126
114 117
114 123
114 118
115 121
115 116
115 119
115 118
115 124
116 125
116 127
116 124
116 122
117 125
117 121
117 119
117 122
117 123
117 118
118 122
118 120
118 124
119 125
119 121
119 120
119 126
119 123
120 121
120 127
120 123
121 127
121 124
121 122
121 123
122 126
122 123
123 125
123 127
123 126
124 125
124 127
125 127
126 127
