0 1
0 2
0 3
0 4
0 5
0 6
0 7
0 8
0 9
0 10
0 11
0 12
0 13
0 14
0 15
0 16
0 17
0 18
0 19
0 20
0 21
0 22
0 23
0 24
0 25
0 26
0 27
0 28
0 29
0 30
0 31
0 32
0 33
0 35
0 36
0 37
0 38
0 39
0 40
0 41
0 42
0 43
0 44
0 45
0 46
0 47
0 48
0 49
0 50
0 51
0 52
0 53
0 54
0 55
0 56
0 57
0 58
0 59
0 60
0 61
0 62
0 63
0 64
0 65
0 66
0 67
0 68
0 69
0 70
0 71
0 72
0 73
0 74
0 75
0 76
0 77
0 78
0 79
1 80
1 3
1 81
1 82
1 83
1 7
1 84
1 9
1 11
1 13
1 16
1 17
1 20
1 21
1 85
1 22
1 23
1 25
1 86
1 28
1 30
1 32
1 87
1 35
1 36
1 41
1 42
1 43
1 88
1 44
1 89
1 90
1 91
1 92
1 49
1 93
1 94
1 56
1 95
1 58
1 61
1 96
1 62
1 63
1 97
1 98
1 99
1 100
1 65
1 66
1 74
1 101
1 79
2 81
2 82
2 102
2 83
2 84
2 9
2 10
2 12
2 103
2 13
2 14
2 15
2 17
2 104
2 20
2 85
2 105
2 22
2 23
2 24
2 25
2 27
2 31
2 87
2 34
2 106
2 107
2 38
2 39
2 41
2 42
2 109
2 45
2 89
2 46
2 90
2 47
2 110
2 49
2 93
2 51
2 52
2 53
2 111
2 55
2 95
2 59
2 112
2 61
2 99
2 100
2 66
2 68
2 70
2 71
2 72
2 75
2 113
2 114
2 101
3 80
3 4
3 81
3 82
3 6
3 8
3 84
3 9
3 10
3 115
3 19
3 20
3 21
3 22
3 24
3 25
3 27
3 86
3 28
3 29
3 32
3 116
3 87
3 34
3 106
3 107
3 35
3 36
3 117
3 118
3 88
3 119
3 46
3 47
3 91
3 92
3 120
3 50
3 93
3 51
3 94
3 52
3 55
3 58
3 59
3 63
3 64
3 97
3 99
3 100
3 66
3 67
3 68
3 70
3 72
3 114
3 78
4 81
4 5
4 82
4 6
4 8
4 84
4 9
4 10
4 11
4 103
4 14
4 15
4 16
4 17
4 19
4 21
4 85
4 105
4 24
4 25
4 28
4 29
4 31
4 33
4 121
4 87
4 34
4 106
4 107
4 36
4 38
4 122
4 40
4 123
4 41
4 43
4 118
4 108
4 88
4 45
4 89
4 46
4 91
4 92
4 49
4 50
4 94
4 124
4 54
4 55
4 56
4 59
4 60
4 64
4 97
4 98
4 125
4 65
4 70
4 71
4 72
4 75
4 113
4 114
4 101
4 78
5 80
5 8
5 9
5 11
5 12
5 14
5 18
5 20
5 23
5 30
5 31
5 32
5 33
5 87
5 35
5 36
5 117
5 123
5 41
5 118
5 88
5 44
5 45
5 47
5 92
5 110
5 93
5 51
5 94
5 124
5 54
5 111
5 55
5 57
5 59
5 112
5 61
5 62
5 63
5 100
5 69
5 70
5 73
5 126
5 76
5 77
5 113
5 114
5 101
5 78
5 79
6 80
6 82
6 102
6 7
6 8
6 84
6 11
6 13
6 16
6 17
6 104
6 20
6 105
6 23
6 27
6 28
6 29
6 30
6 31
6 116
6 37
6 39
6 117
6 42
6 43
6 118
6 108
6 88
6 45
6 119
6 89
6 90
6 120
6 50
6 93
6 51
6 94
6 124
6 54
6 55
6 56
6 57
6 58
6 61
6 96
6 64
6 97
6 125
6 66
6 67
6 69
6 71
6 72
6 73
6 113
6 101
6 78
6 79
7 80
7 82
7 84
7 9
7 103
7 15
7 18
7 20
7 105
7 25
7 26
7 27
7 30
7 31
7 127
7 32
7 33
7 34
7 36
7 37
7 38
7 39
7 117
7 41
7 42
7 109
7 44
7 89
7 92
7 120
7 50
7 124
7 52
7 53
7 111
7 56
7 57
7 58
7 59
7 60
7 112
7 61
7 96
7 64
7 97
7 98
7 99
7 100
7 65
7 68
7 101
7 78
8 80
8 9
8 11
8 12
8 103
8 15
8 17
8 18
8 19
8 22
8 24
8 26
8 28
8 29
8 30
8 33
8 87
8 35
8 37
8 38
8 39
8 122
8 41
8 43
8 44
8 45
8 119
8 89
8 46
8 92
8 120
8 48
8 50
8 94
8 124
8 111
8 55
8 57
8 58
8 59
8 60
8 61
8 64
8 98
8 66
8 68
8 69
8 71
8 73
8 74
8 76
8 113
9 80
9 81
9 83
9 10
9 103
9 13
9 14
9 16
9 17
9 18
9 115
9 19
9 20
9 21
9 22
9 25
9 26
9 27
9 31
9 127
9 32
9 116
9 87
9 34
9 35
9 38
9 42
9 108
9 109
9 119
9 46
9 92
9 120
9 48
9 94
9 124
9 54
9 111
9 56
9 57
9 59
9 61
9 96
9 97
9 98
9 125
9 66
9 68
9 69
9 70
9 72
9 73
9 74
9 75
9 76
9 114
9 79
10 80
10 81
10 82
10 102
10 83
10 84
10 13
10 16
10 17
10 18
10 19
10 21
10 85
10 22
10 23
10 24
10 25
10 27
10 86
10 28
10 30
10 116
10 121
10 34
10 35
10 36
10 39
10 122
10 40
10 108
10 88
10 109
10 119
10 47
10 92
10 120
10 48
10 49
10 50
10 93
10 94
10 124
10 111
10 55
10 95
10 60
10 112
10 62
10 63
10 97
10 100
10 68
10 69
10 70
10 126
10 75
10 76
10 77
10 14
10 32
10 65
10 117
10 115
10 53
10 29
11 81
11 102
11 84
11 12
11 13
11 15
11 17
11 104
11 115
11 23
11 25
11 30
11 127
11 32
11 116
11 121
11 87
11 35
11 37
11 40
11 123
11 120
11 48
11 49
11 93
11 94
11 55
11 58
11 112
11 96
11 62
11 63
11 64
11 98
11 99
11 100
11 69
11 71
11 73
11 126
11 74
11 101
11 78
11 79
12 81
12 82
12 83
12 103
12 13
12 16
12 17
12 104
12 19
12 85
12 22
12 23
12 24
12 25
12 26
12 27
12 28
12 31
12 32
12 34
12 35
12 36
12 39
12 41
12 43
12 45
12 119
12 89
12 46
12 90
12 92
12 110
12 49
12 93
12 94
12 124
12 52
12 53
12 55
12 56
12 95
12 57
12 58
12 60
12 61
12 96
12 64
12 125
12 100
12 65
12 66
12 72
12 75
12 113
12 114
12 101
12 79
13 80
13 102
13 84
13 103
13 14
13 18
13 115
13 19
13 20
13 85
13 105
13 22
13 23
13 27
13 86
13 127
13 32
13 34
13 36
13 38
13 39
13 42
13 118
13 108
13 88
13 109
13 44
13 119
13 92
13 49
13 93
13 51
13 124
13 54
13 55
13 57
13 58
13 112
13 61
13 62
13 63
13 97
13 98
13 67
13 68
13 69
13 71
13 72
13 126
13 74
13 76
13 77
13 78
14 80
14 84
14 103
14 15
14 16
14 18
14 19
14 85
14 22
14 24
14 25
14 27
14 28
14 30
14 32
14 33
14 121
14 34
14 106
14 107
14 36
14 37
14 117
14 40
14 43
14 118
14 108
14 88
14 45
14 119
14 89
14 90
14 47
14 91
14 92
14 120
14 48
14 49
14 50
14 93
14 124
14 52
14 53
14 54
14 111
14 56
14 95
14 59
14 112
14 61
14 62
14 63
14 97
14 125
14 99
14 100
14 65
14 70
14 71
14 73
14 126
14 74
14 75
14 76
14 77
14 114
14 101
14 79
14 115
14 21
14 83
14 29
15 80
15 81
15 82
15 102
15 84
15 16
15 18
15 104
15 115
15 20
15 21
15 85
15 105
15 24
15 26
15 86
15 31
15 127
15 32
15 33
15 121
15 87
15 37
15 39
15 122
15 123
15 108
15 88
15 109
15 44
15 45
15 119
15 47
15 91
15 120
15 48
15 110
15 49
15 50
15 93
15 51
15 124
15 53
15 54
15 55
15 56
15 95
15 57
15 58
15 59
15 61
15 96
15 63
15 125
15 99
15 65
15 66
15 67
15 68
15 70
15 71
15 74
15 75
15 77
15 113
15 114
15 78
15 79
16 81
16 102
16 103
16 104
16 115
16 20
16 22
16 23
16 25
16 26
16 29
16 32
16 116
16 121
16 106
16 107
16 38
16 123
16 41
16 42
16 43
16 88
16 109
16 44
16 119
16 89
16 46
16 90
16 47
16 92
16 48
16 49
16 51
16 94
16 52
16 53
16 57
16 58
16 59
16 112
16 61
16 64
16 99
16 100
16 65
16 67
16 68
16 69
16 71
16 72
16 126
16 76
16 114
16 78
16 79
17 81
17 102
17 84
17 103
17 18
17 104
17 21
17 105
17 22
17 23
17 26
17 28
17 30
17 127
17 33
17 87
17 34
17 107
17 35
17 36
17 122
17 42
17 43
17 108
17 109
17 44
17 45
17 89
17 90
17 120
17 48
17 110
17 49
17 50
17 94
17 124
17 52
17 54
17 111
17 56
17 112
17 61
17 62
17 97
17 98
17 125
17 99
17 65
17 68
17 71
17 72
17 126
17 75
17 101
18 80
18 81
18 82
18 84
18 103
18 104
18 115
18 19
18 20
18 85
18 105
18 27
18 86
18 29
18 30
18 31
18 127
18 32
18 33
18 34
18 107
18 35
18 37
18 117
18 40
18 123
18 41
18 118
18 108
18 44
18 119
18 89
18 91
18 120
18 48
18 50
18 93
18 52
18 53
18 54
18 111
18 55
18 56
18 57
18 60
18 61
18 63
18 64
18 97
18 98
18 99
18 100
18 65
18 67
18 70
18 71
18 72
18 73
18 78
19 103
19 104
19 115
19 21
19 85
19 105
19 22
19 23
19 24
19 25
19 127
19 32
19 116
19 87
19 106
19 107
19 35
19 36
19 38
19 39
19 122
19 117
19 40
19 42
19 43
19 108
19 44
19 119
19 47
19 91
19 110
19 51
19 124
19 52
19 111
19 55
19 95
19 57
19 59
19 60
19 96
19 63
19 64
19 99
19 67
19 68
19 69
19 71
19 72
19 126
19 76
19 78
20 102
20 22
20 26
20 28
20 31
20 127
20 32
20 33
20 116
20 121
20 87
20 106
20 37
20 38
20 39
20 40
20 123
20 42
20 43
20 118
20 88
20 45
20 89
20 46
20 90
20 47
20 91
20 110
20 49
20 93
20 124
20 52
20 54
20 111
20 56
20 57
20 58
20 59
20 60
20 61
20 63
20 97
20 98
20 125
20 100
20 67
20 69
20 72
20 126
20 74
20 113
20 114
20 78
20 79
21 80
21 81
21 84
21 85
21 105
21 23
21 24
21 26
21 29
21 32
21 33
21 121
21 34
21 107
21 36
21 38
21 39
21 122
21 40
21 42
21 118
21 88
21 44
21 45
21 119
21 46
21 90
21 47
21 92
21 110
21 50
21 93
21 51
21 94
21 52
21 60
21 61
21 62
21 63
21 97
21 125
21 100
21 65
21 68
21 72
21 74
21 75
21 77
21 101
21 78
21 79
21 117
21 115
21 108
21 76
21 53
21 83
22 80
22 81
22 84
22 103
22 104
22 115
22 105
22 23
22 24
22 27
22 86
22 29
22 127
22 32
22 116
22 121
22 106
22 107
22 35
22 122
22 41
22 42
22 108
22 88
22 44
22 89
22 46
22 47
22 91
22 110
22 93
22 52
22 111
22 55
22 56
22 57
22 59
22 60
22 112
22 61
22 63
22 64
22 98
22 99
22 100
22 65
22 66
22 67
22 69
22 71
22 73
22 126
22 101
22 79
23 80
23 81
23 82
23 103
23 85
23 24
23 25
23 27
23 28
23 29
23 127
23 33
23 87
23 107
23 35
23 37
23 38
23 122
23 41
23 42
23 43
23 108
23 88
23 45
23 89
23 46
23 91
23 120
23 110
23 50
23 51
23 54
23 55
23 95
23 57
23 58
23 96
23 64
23 97
23 98
23 66
23 67
23 69
23 70
23 126
23 74
23 77
23 113
23 114
23 79
24 82
24 83
24 84
24 103
24 115
24 25
24 26
24 86
24 28
24 30
24 127
24 32
24 116
24 121
24 87
24 106
24 107
24 38
24 39
24 122
24 117
24 123
24 42
24 43
24 118
24 108
24 88
24 44
24 45
24 119
24 89
24 90
24 47
24 92
24 120
24 48
24 93
24 51
24 124
24 54
24 56
24 95
24 57
24 58
24 59
24 60
24 61
24 96
24 62
24 64
24 97
24 98
24 125
24 100
24 66
24 126
24 75
24 77
24 113
24 78
25 81
25 82
25 83
25 84
25 103
25 85
25 26
25 27
25 29
25 30
25 31
25 127
25 33
25 116
25 87
25 34
25 37
25 39
25 122
25 40
25 123
25 41
25 42
25 118
25 108
25 109
25 44
25 89
25 46
25 90
25 47
25 92
25 120
25 110
25 51
25 53
25 111
25 95
25 57
25 59
25 112
25 61
25 96
25 63
25 98
25 99
25 100
25 68
25 69
25 70
25 71
25 72
25 74
25 75
25 76
25 113
25 101
26 80
26 81
26 102
26 84
26 104
26 85
26 27
26 28
26 29
26 30
26 127
26 32
26 33
26 87
26 34
26 106
26 36
26 39
26 122
26 117
26 123
26 42
26 118
26 88
26 109
26 119
26 120
26 49
26 50
26 93
26 51
26 94
26 124
26 55
26 57
26 96
26 62
26 98
26 100
26 67
26 69
26 126
26 74
26 76
26 113
26 114
26 78
27 80
27 81
27 102
27 84
27 115
27 85
27 105
27 86
27 31
27 127
27 121
27 106
27 35
27 39
27 117
27 123
27 41
27 43
27 108
27 109
27 45
27 119
27 46
27 90
27 47
27 92
27 48
27 110
27 49
27 93
27 51
27 124
27 52
27 53
27 111
27 56
27 95
27 57
27 60
27 112
27 62
27 63
27 64
27 98
27 66
27 67
27 69
27 71
27 72
27 126
27 77
27 113
27 114
27 101
28 80
28 81
28 82
28 102
28 84
28 103
28 115
28 127
28 32
28 33
28 116
28 121
28 87
28 106
28 107
28 35
28 40
28 41
28 43
28 118
28 47
28 91
28 120
28 110
28 49
28 54
28 111
28 56
28 57
28 58
28 59
28 61
28 96
28 97
28 98
28 125
28 65
28 66
28 68
28 69
28 71
28 72
28 73
28 126
28 75
28 113
28 101
29 80
29 82
29 83
29 84
29 103
29 86
29 31
29 127
29 106
29 123
29 42
29 118
29 108
29 109
29 44
29 45
29 89
29 46
29 120
29 93
29 53
29 54
29 55
29 95
29 57
29 58
29 112
29 61
29 62
29 99
29 69
29 71
29 72
29 75
29 76
29 77
29 113
29 114
29 101
29 78
29 79
29 97
29 32
29 65
29 100
29 117
29 36
29 47
29 115
29 34
30 80
30 81
30 82
30 102
30 83
30 103
30 104
30 115
30 105
30 86
30 32
30 33
30 87
30 34
30 107
30 35
30 38
30 42
30 118
30 108
30 88
30 119
30 89
30 92
30 48
30 110
30 50
30 93
30 51
30 94
30 52
30 54
30 111
30 95
30 57
30 58
30 59
30 60
30 112
30 61
30 96
30 97
30 100
30 65
30 67
30 70
30 72
30 73
30 74
30 75
30 78
31 80
31 81
31 82
31 84
31 86
31 32
31 33
31 116
31 121
31 87
31 34
31 106
31 107
31 35
31 37
31 39
31 122
31 40
31 123
31 43
31 118
31 108
31 109
31 44
31 119
31 89
31 46
31 90
31 91
31 92
31 120
31 48
31 110
31 49
31 50
31 124
31 53
31 56
31 95
31 112
31 64
31 97
31 98
31 125
31 99
31 66
31 67
31 69
31 74
31 76
31 101
31 78
32 81
32 82
32 102
32 115
32 85
32 33
32 116
32 121
32 34
32 107
32 35
32 36
32 37
32 38
32 117
32 40
32 123
32 41
32 108
32 88
32 109
32 119
32 89
32 90
32 47
32 120
32 50
32 51
32 94
32 53
32 95
32 59
32 60
32 112
32 61
32 62
32 97
32 125
32 100
32 65
32 67
32 70
32 74
32 75
32 78
32 76
32 83
32 77
33 81
33 82
33 102
33 84
33 103
33 104
33 105
33 86
33 116
33 87
33 36
33 37
33 39
33 122
33 117
33 123
33 118
33 45
33 89
33 46
33 90
33 48
33 93
33 51
33 94
33 124
33 52
33 54
33 111
33 55
33 56
33 95
33 58
33 59
33 60
33 112
33 61
33 96
33 62
33 64
33 97
33 98
33 125
33 99
33 100
33 66
33 68
33 70
33 72
33 126
33 76
33 77
33 114
33 101
33 79
34 82
34 115
34 85
34 105
34 86
34 121
34 40
34 41
34 43
34 109
34 45
34 90
34 48
34 110
34 49
34 50
34 93
34 94
34 53
34 55
34 56
34 60
34 112
34 62
34 125
34 66
34 68
34 69
34 70
34 73
34 126
34 75
34 76
34 114
34 101
34 79
34 97
34 65
34 100
34 117
34 36
34 47
34 108
34 83
34 77
35 81
35 84
35 103
35 104
35 85
35 105
35 86
35 121
35 107
35 37
35 118
35 108
35 88
35 109
35 44
35 45
35 119
35 89
35 46
35 47
35 92
35 110
35 49
35 50
35 93
35 52
35 53
35 55
35 95
35 57
35 58
35 59
35 112
35 96
35 99
35 66
35 69
35 70
35 71
35 74
35 76
35 114
35 78
35 79
36 80
36 82
36 102
36 84
36 103
36 104
36 105
36 86
36 127
36 121
36 87
36 106
36 107
36 37
36 38
36 117
36 118
36 45
36 119
36 89
36 46
36 90
36 47
36 92
36 93
36 52
36 60
36 61
36 62
36 63
36 64
36 97
36 100
36 65
36 67
36 69
36 70
36 126
36 74
36 75
36 77
36 113
36 78
36 79
36 115
36 108
36 76
36 53
36 83
37 80
37 82
37 83
37 84
37 115
37 86
37 116
37 121
37 87
37 106
37 117
37 41
37 42
37 118
37 88
37 109
37 119
37 90
37 91
37 110
37 93
37 51
37 94
37 53
37 55
37 95
37 59
37 112
37 96
37 64
37 97
37 125
37 66
37 68
37 69
37 70
37 71
37 72
37 73
37 74
37 76
37 114
37 78
37 79
38 80
38 102
38 83
38 104
38 85
38 86
38 127
38 116
38 106
38 107
38 117
38 40
38 123
38 41
38 42
38 43
38 118
38 108
38 88
38 119
38 89
38 47
38 120
38 50
38 94
38 124
38 54
38 111
38 57
38 58
38 60
38 112
38 96
38 64
38 97
38 99
38 100
38 66
38 67
38 68
38 72
38 73
38 74
38 75
38 76
38 77
38 101
39 82
39 102
39 84
39 103
39 105
39 86
39 127
39 116
39 87
39 106
39 107
39 117
39 123
39 42
39 118
39 108
39 44
39 45
39 89
39 46
39 90
39 91
39 48
39 49
39 94
39 124
39 52
39 111
39 95
39 58
39 59
39 61
39 96
39 62
39 97
39 98
39 125
39 99
39 100
39 72
39 113
39 114
39 101
39 79
40 84
40 103
40 104
40 115
40 85
40 121
40 106
40 107
40 118
40 109
40 45
40 119
40 89
40 46
40 90
40 47
40 91
40 92
40 120
40 48
40 110
40 93
40 51
40 94
40 124
40 54
40 56
40 57
40 58
40 112
40 62
40 63
40 64
40 98
40 125
40 99
40 67
40 68
40 71
40 72
40 126
40 74
40 77
40 113
40 101
40 78
41 82
41 102
41 84
41 116
41 117
41 42
41 88
41 109
41 89
41 46
41 90
41 47
41 92
41 120
41 110
41 49
41 51
41 52
41 111
41 55
41 95
41 57
41 58
41 60
41 112
41 96
41 62
41 98
41 100
41 65
41 66
41 70
41 73
41 126
41 74
41 76
41 113
41 101
41 79
42 80
42 82
42 84
42 104
42 115
42 86
42 127
42 116
42 121
42 122
42 123
42 43
42 118
42 108
42 88
42 109
42 45
42 119
42 89
42 46
42 90
42 91
42 92
42 120
42 110
42 49
42 51
42 111
42 95
42 57
42 58
42 112
42 61
42 96
42 62
42 63
42 64
42 97
42 99
42 65
42 66
42 68
42 69
42 70
42 72
42 126
42 74
42 114
42 79
43 80
43 81
43 82
43 102
43 105
43 127
43 116
43 87
43 107
43 122
43 109
43 44
43 47
43 50
43 51
43 94
43 53
43 55
43 58
43 59
43 60
43 112
43 96
43 62
43 63
43 64
43 97
43 98
43 67
43 69
43 71
43 73
43 113
43 78
44 81
44 102
44 103
44 86
44 127
44 116
44 121
44 87
44 107
44 122
44 108
44 88
44 46
44 90
44 47
44 92
44 48
44 49
44 50
44 51
44 94
44 52
44 111
44 95
44 57
44 60
44 112
44 96
44 63
44 100
44 65
44 66
44 67
44 68
44 70
44 71
44 72
44 126
44 74
44 113
44 114
44 101
45 80
45 82
45 102
45 83
45 104
45 85
45 105
45 86
45 116
45 122
45 117
45 118
45 108
45 119
45 46
45 91
45 120
45 50
45 51
45 94
45 53
45 111
45 55
45 56
45 60
45 112
45 96
45 97
45 125
45 65
45 66
45 67
45 70
45 71
45 72
45 74
45 75
45 77
45 113
45 101
45 78
46 81
46 104
46 115
46 85
46 105
46 121
46 87
46 106
46 122
46 117
46 123
46 109
46 119
46 47
46 92
46 48
46 50
46 51
46 124
46 52
46 54
46 111
46 56
46 95
46 57
46 58
46 60
46 112
46 100
46 67
46 68
46 69
46 70
46 72
46 126
46 74
46 75
46 77
46 78
47 81
47 82
47 102
47 83
47 103
47 104
47 115
47 116
47 121
47 117
47 123
47 108
47 109
47 89
47 90
47 92
47 48
47 110
47 50
47 51
47 124
47 54
47 56
47 95
47 57
47 59
47 61
47 96
47 62
47 63
47 97
47 125
47 100
47 65
47 68
47 69
47 70
47 72
47 73
47 126
47 75
47 113
47 114
47 101
47 78
47 76
47 53
47 77
48 80
48 82
48 102
48 83
48 84
48 115
48 86
48 87
48 106
48 122
48 123
48 118
48 109
48 93
48 52
48 53
48 55
48 57
48 112
48 63
48 125
48 99
48 100
48 65
48 66
48 69
48 70
48 72
48 73
48 74
48 76
48 77
48 101
48 79
49 82
49 104
49 86
49 127
49 87
49 107
49 122
49 117
49 109
49 119
49 89
49 91
49 92
49 120
49 110
49 50
49 93
49 51
49 52
49 55
49 57
49 59
49 60
49 112
49 61
49 63
49 98
49 100
49 65
49 66
49 67
49 68
49 69
49 70
49 71
49 72
49 73
49 126
49 74
49 75
49 76
49 77
49 113
49 101
49 78
50 80
50 102
50 104
50 86
50 116
50 87
50 107
50 122
50 118
50 119
50 89
50 91
50 120
50 110
50 51
50 52
50 54
50 55
50 95
50 60
50 62
50 64
50 97
50 99
50 100
50 67
50 68
50 69
50 70
50 77
50 101
50 79
51 81
51 84
51 104
51 115
51 121
51 107
51 123
51 118
51 89
51 91
51 92
51 120
51 94
51 53
51 111
51 55
51 95
51 57
51 59
51 60
51 64
51 97
51 98
51 125
51 100
51 65
51 66
51 68
51 72
51 73
51 74
51 113
51 101
51 78
52 80
52 81
52 102
52 84
52 103
52 127
52 116
52 121
52 87
52 122
52 123
52 118
52 88
52 109
52 119
52 90
52 91
52 120
52 124
52 112
52 62
52 63
52 64
52 97
52 98
52 99
52 65
52 66
52 69
52 73
52 126
52 76
52 113
52 101
52 78
53 80
53 81
53 102
53 83
53 103
53 104
53 86
53 127
53 121
53 87
53 117
53 91
53 92
53 120
53 110
53 54
53 95
53 58
53 59
53 60
53 112
53 61
53 63
53 97
53 99
53 100
53 65
53 67
53 68
53 70
53 73
53 76
53 77
53 113
53 114
53 101
53 78
53 79
53 75
53 62
53 115
53 108
54 80
54 102
54 103
54 104
54 116
54 121
54 87
54 107
54 123
54 118
54 88
54 89
54 90
54 120
54 95
54 57
54 60
54 112
54 61
54 96
54 62
54 63
54 97
54 98
54 125
54 99
54 66
54 70
54 72
54 126
54 76
54 101
54 79
55 80
55 82
55 83
55 85
55 86
55 127
55 116
55 121
55 87
55 122
55 123
55 118
55 108
55 88
55 109
55 90
55 91
55 92
55 110
55 124
55 56
55 95
55 58
55 112
55 61
55 96
55 62
55 64
55 125
55 99
55 65
55 67
55 69
55 71
55 73
55 126
55 74
55 79
56 81
56 102
56 103
56 104
56 85
56 105
56 86
56 106
56 107
56 118
56 108
56 88
56 89
56 90
56 110
56 111
56 58
56 96
56 62
56 98
56 99
56 100
56 67
56 69
56 70
56 71
56 73
56 75
56 77
56 114
56 79
57 102
57 83
57 84
57 104
57 85
57 105
57 127
57 116
57 106
57 107
57 122
57 123
57 90
57 92
57 120
57 94
57 124
57 95
57 58
57 59
57 60
57 112
57 61
57 96
57 62
57 63
57 97
57 99
57 66
57 67
57 70
57 126
57 74
57 75
57 77
57 113
57 114
57 78
57 79
58 84
58 104
58 115
58 105
58 106
58 122
58 118
58 88
58 119
58 90
58 91
58 93
58 94
58 124
58 111
58 95
58 59
58 60
58 112
58 63
58 64
58 97
58 99
58 100
58 65
58 68
58 70
58 73
58 126
58 75
58 76
58 77
58 113
58 114
58 101
58 78
59 102
59 103
59 104
59 115
59 85
59 105
59 86
59 127
59 116
59 122
59 108
59 88
59 90
59 92
59 110
59 93
59 94
59 111
59 60
59 112
59 61
59 62
59 98
59 125
59 99
59 68
59 69
59 70
59 71
59 72
59 73
59 113
59 79
60 102
60 84
60 103
60 104
60 115
60 86
60 116
60 106
60 122
60 117
60 123
60 108
60 109
60 120
60 110
60 93
60 124
60 95
60 112
60 61
60 96
60 97
60 67
60 69
60 70
60 72
60 76
60 78
61 80
61 103
61 115
61 105
61 86
61 127
61 106
61 107
61 117
61 118
61 108
61 88
61 109
61 89
61 90
61 91
61 92
61 120
61 110
61 94
61 124
61 95
61 62
61 63
61 64
61 97
61 98
61 125
61 66
61 67
61 68
61 126
61 75
61 76
61 79
62 80
62 82
62 84
62 103
62 115
62 85
62 105
62 127
62 121
62 87
62 106
62 122
62 117
62 123
62 118
62 88
62 119
62 92
62 120
62 124
62 95
62 96
62 64
62 97
62 100
62 65
62 66
62 68
62 71
62 73
62 126
62 75
62 77
62 114
62 101
62 108
62 76
62 83
63 80
63 82
63 83
63 84
63 104
63 85
63 86
63 127
63 87
63 106
63 122
63 88
63 89
63 92
63 110
63 93
63 124
63 111
63 96
63 97
63 125
63 99
63 68
63 70
63 71
63 75
63 76
63 77
63 114
63 101
63 78
63 79
64 80
64 81
64 82
64 102
64 84
64 103
64 115
64 105
64 86
64 127
64 121
64 106
64 107
64 122
64 118
64 91
64 95
64 96
64 100
64 65
64 69
64 70
64 72
64 126
64 76
64 77
64 101
65 80
65 81
65 102
65 103
65 115
65 85
65 86
65 127
65 116
65 106
65 107
65 117
65 118
65 119
65 89
65 120
65 124
65 112
65 97
65 98
65 100
65 66
65 73
65 74
65 75
65 77
65 113
65 114
65 108
65 76
65 83
66 81
66 82
66 102
66 104
66 115
66 86
66 116
66 122
66 118
66 109
66 119
66 92
66 124
66 111
66 97
66 98
66 99
66 100
66 67
66 68
66 70
66 73
66 126
66 76
66 114
66 78
67 81
67 82
67 84
67 103
67 104
67 85
67 105
67 86
67 127
67 87
67 106
67 107
67 122
67 118
67 108
67 88
67 119
67 91
67 92
67 120
67 110
67 93
67 124
67 95
67 112
67 98
67 99
67 100
67 72
67 126
67 75
67 76
67 77
67 114
68 80
68 82
68 102
68 83
68 104
68 85
68 86
68 127
68 121
68 87
68 107
68 117
68 123
68 88
68 89
68 90
68 91
68 110
68 93
68 94
68 111
68 95
68 112
68 97
68 125
68 99
68 70
68 71
68 72
68 73
68 75
68 76
68 114
69 80
69 81
69 102
69 83
69 84
69 115
69 86
69 121
69 106
69 107
69 117
69 89
69 90
69 120
69 110
69 94
69 124
69 95
69 112
69 96
69 97
69 98
69 100
69 70
69 75
69 76
70 104
70 85
70 105
70 127
70 116
70 107
70 122
70 117
70 118
70 108
70 88
70 89
70 90
70 91
70 120
70 93
70 124
70 95
70 97
70 98
70 100
70 126
70 74
70 75
70 76
70 77
70 113
70 114
71 102
71 105
71 86
71 87
71 106
71 122
71 123
71 118
71 88
71 109
71 90
71 91
71 120
71 95
71 112
71 96
71 97
71 98
71 125
71 99
71 73
71 126
71 75
71 113
71 114
72 103
72 115
72 105
72 86
72 127
72 116
72 121
72 106
72 107
72 122
72 118
72 88
72 90
72 110
72 94
72 111
72 112
72 97
72 98
72 100
72 73
72 75
72 76
72 113
72 101
72 79
73 81
73 84
73 104
73 115
73 85
73 116
73 107
73 122
73 118
73 89
73 91
73 93
73 124
73 95
73 112
73 96
73 97
73 74
73 79
74 80
74 102
74 83
74 84
74 103
74 115
74 86
74 116
74 121
74 107
74 122
74 118
74 108
74 90
74 91
74 110
74 93
74 94
74 124
74 111
74 95
74 96
74 98
74 125
74 99
74 100
74 75
74 76
74 77
74 114
74 78
74 79
75 80
75 86
75 127
75 87
75 122
75 117
75 118
75 109
75 92
75 124
75 111
75 95
75 97
75 125
75 100
75 126
75 113
75 78
75 79
75 115
75 108
75 76
75 83
75 77
76 81
76 84
76 115
76 121
76 106
76 122
76 117
76 118
76 108
76 119
76 92
76 94
76 97
76 98
76 125
76 99
76 100
76 114
76 101
76 79
76 83
76 77
77 102
77 83
77 84
77 104
77 115
77 85
77 105
77 121
77 87
77 117
77 108
77 91
77 92
77 124
77 111
77 112
77 98
77 100
77 126
77 113
77 101
77 97
78 81
78 82
78 83
78 115
78 85
78 105
78 86
78 127
78 106
78 88
78 109
78 119
78 90
78 91
78 93
78 94
78 124
78 125
78 126
78 101
78 79
79 102
79 103
79 115
79 105
79 121
79 106
79 107
79 117
79 123
79 88
79 91
79 92
79 110
79 93
79 94
79 96
79 98
79 113
80 102
80 83
80 84
80 116
80 121
80 87
80 106
80 123
80 109
80 119
80 89
80 91
80 93
80 94
80 96
80 97
80 125
80 113
81 83
81 84
81 104
81 105
81 116
81 121
81 106
81 117
81 109
81 119
81 120
81 110
81 93
81 95
81 112
81 96
81 97
81 100
81 126
81 113
82 102
82 104
82 115
82 85
82 86
82 127
82 87
82 123
82 89
82 93
82 98
82 99
82 100
82 113
82 114
82 101
83 102
83 103
83 104
83 85
83 86
83 127
83 121
83 106
83 108
83 88
83 109
83 90
83 91
83 92
83 94
83 124
83 96
83 125
83 99
83 100
83 126
83 101
83 97
83 117
83 115
84 104
84 115
84 127
84 106
84 107
84 122
84 117
84 118
84 108
84 109
84 119
84 89
84 110
84 93
84 124
84 111
84 95
84 97
84 101
85 115
85 105
85 116
85 107
85 122
85 118
85 88
85 119
85 89
85 91
85 92
85 120
85 110
85 95
85 112
85 97
85 100
85 101
86 104
86 115
86 105
86 116
86 121
86 106
86 122
86 117
86 123
86 109
86 89
86 120
86 110
86 95
86 96
86 97
86 101
87 104
87 127
87 116
87 121
87 106
87 107
87 108
87 109
87 119
87 91
87 92
87 93
87 94
87 111
87 95
87 112
87 96
87 97
87 100
87 126
87 113
87 101
88 102
88 103
88 105
88 127
88 116
88 118
88 108
88 109
88 89
88 120
88 93
88 124
88 111
88 95
88 112
88 98
88 125
88 99
88 100
88 126
88 113
88 114
88 101
89 102
89 104
89 115
89 116
89 122
89 123
89 108
89 119
89 92
89 120
89 110
89 93
89 94
89 111
89 112
89 96
89 97
89 98
89 125
89 100
89 126
89 113
89 101
90 102
90 104
90 115
90 121
90 107
90 122
90 123
90 118
90 91
90 120
90 93
90 124
90 111
90 97
90 100
90 113
91 102
91 103
91 105
91 127
91 116
91 106
91 107
91 122
91 117
91 118
91 108
91 119
91 120
91 93
91 94
91 111
91 95
91 96
91 97
91 98
91 125
91 126
91 113
91 114
92 102
92 104
92 127
92 116
92 107
92 117
92 123
92 119
92 93
92 124
92 96
92 97
92 101
93 103
93 115
93 127
93 121
93 106
93 117
93 123
93 108
93 109
93 119
93 120
93 110
93 124
93 111
93 96
93 98
93 126
93 113
93 114
93 101
94 104
94 105
94 116
94 121
94 107
94 118
94 108
94 109
94 119
94 120
94 95
94 98
94 100
95 104
95 127
95 116
95 121
95 106
95 122
95 123
95 118
95 108
95 109
95 120
95 110
95 124
95 98
95 126
95 113
95 114
96 104
96 105
96 121
96 106
96 107
96 122
96 117
96 123
96 108
96 109
96 119
96 110
96 112
96 97
96 98
96 125
96 99
96 100
96 113
96 101
97 102
97 104
97 127
97 121
97 107
97 117
97 123
97 118
97 109
97 119
97 120
97 110
97 124
97 112
97 98
97 125
97 100
97 114
97 115
97 108
98 103
98 115
98 105
98 127
98 121
98 106
98 107
98 122
98 117
98 123
98 118
98 108
98 119
98 120
98 110
98 124
98 111
98 112
98 99
98 113
98 114
99 103
99 115
99 105
99 107
99 117
99 108
99 120
99 110
99 112
99 126
100 104
100 115
100 105
100 116
100 107
100 117
100 123
100 119
100 125
100 101
100 108
101 102
101 104
101 115
101 116
101 122
101 117
101 118
101 108
101 119
101 120
101 110
101 124
101 111
101 112
101 125
101 113
102 103
102 115
102 105
102 127
102 116
102 106
102 122
102 117
102 108
102 112
102 126
103 121
103 106
103 119
103 113
103 117
103 110
103 111
103 112
103 126
104 106
104 123
104 109
104 119
104 127
104 107
104 117
104 108
104 120
104 124
104 114
105 116
105 119
105 125
105 113
105 115
105 127
105 117
105 118
105 108
105 111
105 126
105 114
106 115
106 107
106 122
106 119
106 120
106 110
106 124
106 111
106 112
106 125
107 123
107 109
107 119
107 117
107 118
107 124
107 112
108 121
108 113
108 122
108 110
108 126
108 117
108 115
109 121
109 123
109 127
109 122
109 119
109 110
109 112
109 125
109 126
110 116
110 121
110 123
110 119
110 113
110 115
110 117
110 111
110 112
110 126
111 116
111 119
111 113
111 115
111 122
111 117
111 120
111 114
112 121
112 123
112 113
112 115
112 127
112 122
112 117
112 118
112 120
112 126
112 114
113 119
113 127
113 122
113 120
113 124
113 126
113 114
114 116
114 123
114 125
114 115
114 122
114 120
114 126
115 119
115 122
115 117
115 124
116 121
116 119
116 126
117 121
117 123
117 127
117 122
117 126
118 121
118 123
118 122
119 121
119 127
119 124
119 125
119 126
120 121
120 125
120 122
120 126
121 122
121 123
121 124
121 125
121 126
122 125
122 124
122 126
123 126
124 126
125 127
126 127
