0 1
0 2
0 3
0 4
0 5
0 6
0 7
0 8
0 9
0 10
0 11
0 12
0 13
0 14
0 15
0 16
0 17
0 18
0 19
0 20
0 21
0 22
0 23
0 24
0 25
0 26
0 27
0 28
0 29
0 30
0 31
0 32
0 33
0 34
0 35
0 36
0 37
0 38
0 39
0 40
0 41
0 42
0 43
0 44
0 45
0 46
0 47
0 48
0 49
0 50
0 51
0 52
0 53
0 54
0 55
0 56
0 57
0 58
0 59
0 60
0 61
0 62
0 63
0 64
0 65
0 66
0 67
0 68
0 69
0 70
0 71
0 72
0 73
0 74
1 75
1 76
1 77
1 5
1 10
1 13
1 79
1 80
1 81
1 19
1 23
1 24
1 26
1 82
1 28
1 29
1 31
1 34
1 83
1 36
1 84
1 37
1 38
1 85
1 39
1 86
1 40
1 87
1 42
1 88
1 89
1 44
1 90
1 91
1 45
1 92
1 47
1 48
1 53
1 54
1 55
1 93
1 61
1 65
1 66
1 68
1 94
1 95
1 69
1 96
1 97
1 71
1 73
1 74
1 98
2 99
2 100
2 101
2 76
2 102
2 3
2 4
2 5
2 7
2 8
2 103
2 79
2 80
2 17
2 81
2 18
2 19
2 21
2 22
2 23
2 24
2 104
2 28
2 29
2 105
2 33
2 35
2 83
2 84
2 37
2 106
2 38
2 85
2 107
2 39
2 86
2 41
2 87
2 108
2 44
2 45
2 92
2 109
2 46
2 47
2 53
2 54
2 110
2 58
2 60
2 63
2 64
2 65
2 111
2 94
2 95
2 69
2 96
2 97
2 112
2 73
2 98
3 99
3 75
3 102
3 77
3 78
3 6
3 103
3 10
3 11
3 13
3 79
3 14
3 15
3 80
3 16
3 18
3 20
3 21
3 22
3 27
3 30
3 31
3 33
3 113
3 35
3 83
3 37
3 85
3 39
3 86
3 40
3 41
3 88
3 91
3 45
3 92
3 48
3 114
3 110
3 57
3 58
3 93
3 60
3 61
3 62
3 64
3 115
3 67
3 94
3 95
3 96
3 70
3 116
3 71
3 72
4 99
4 117
4 100
4 76
4 77
4 78
4 7
4 9
4 12
4 79
4 80
4 16
4 81
4 21
4 23
4 104
4 25
4 118
4 26
4 27
4 28
4 29
4 113
4 35
4 83
4 106
4 38
4 85
4 119
4 42
4 108
4 43
4 92
4 120
4 48
4 50
4 51
4 54
4 110
4 56
4 57
4 61
4 63
4 121
4 64
4 65
4 115
4 66
4 67
4 94
4 96
4 70
4 116
4 73
4 98
5 100
5 75
5 76
5 77
5 78
5 6
5 7
5 103
5 9
5 12
5 16
5 18
5 19
5 20
5 21
5 23
5 24
5 118
5 82
5 29
5 30
5 105
5 32
5 33
5 34
5 113
5 36
5 84
5 37
5 106
5 85
5 86
5 40
5 41
5 90
5 109
5 46
5 47
5 51
5 52
5 54
5 55
5 58
5 93
5 60
5 61
5 62
5 63
5 121
5 64
5 65
5 67
5 69
5 96
5 70
5 116
5 74
5 122
5 98
6 123
6 99
6 101
6 75
6 76
6 102
6 77
6 8
6 10
6 11
6 12
6 14
6 15
6 16
6 17
6 81
6 18
6 20
6 22
6 23
6 24
6 104
6 27
6 28
6 29
6 30
6 31
6 33
6 34
6 113
6 35
6 83
6 84
6 106
6 38
6 85
6 41
6 119
6 42
6 88
6 108
6 44
6 90
6 109
6 120
6 47
6 114
6 49
6 52
6 53
6 110
6 56
6 57
6 58
6 93
6 61
6 62
6 63
6 64
6 111
6 68
6 95
6 69
6 70
6 124
6 112
6 73
6 74
6 122
7 123
7 99
7 101
7 75
7 76
7 102
7 125
7 78
7 8
7 79
7 14
7 15
7 80
7 16
7 19
7 20
7 21
7 23
7 104
7 118
7 26
7 30
7 105
7 34
7 35
7 84
7 37
7 85
7 107
7 39
7 40
7 41
7 108
7 90
7 91
7 109
7 46
7 120
7 114
7 51
7 52
7 53
7 58
7 59
7 121
7 65
7 115
7 111
7 95
7 69
7 97
7 124
7 73
8 123
8 100
8 75
8 102
8 77
8 125
8 103
8 10
8 79
8 80
8 16
8 17
8 81
8 18
8 19
8 21
8 22
8 23
8 25
8 26
8 28
8 29
8 33
8 34
8 113
8 83
8 36
8 84
8 106
8 38
8 85
8 39
8 40
8 41
8 87
8 88
8 108
8 109
8 46
8 47
8 114
8 110
8 55
8 93
8 59
8 61
8 62
8 63
8 65
8 115
8 66
8 68
8 94
8 95
8 69
8 124
8 116
8 74
8 98
9 99
9 117
9 101
9 75
9 76
9 10
9 13
9 14
9 15
9 80
9 19
9 20
9 23
9 24
9 104
9 118
9 28
9 29
9 30
9 105
9 126
9 127
9 33
9 35
9 83
9 37
9 107
9 39
9 86
9 41
9 87
9 89
9 92
9 46
9 120
9 48
9 51
9 54
9 110
9 55
9 56
9 59
9 60
9 121
9 64
9 65
9 66
9 111
9 67
9 95
9 69
9 96
9 97
9 124
9 116
9 71
9 112
9 73
9 74
9 98
10 123
10 99
10 100
10 101
10 75
10 76
10 125
10 103
10 12
10 13
10 79
10 14
10 15
10 80
10 17
10 18
10 19
10 20
10 21
10 23
10 24
10 25
10 118
10 26
10 27
10 82
10 28
10 31
10 32
10 127
10 33
10 36
10 38
10 85
10 107
10 39
10 41
10 119
10 87
10 42
10 88
10 108
10 43
10 90
10 91
10 109
10 120
10 114
10 50
10 51
10 54
10 56
10 57
10 61
10 62
10 63
10 121
10 65
10 66
10 96
10 112
10 98
11 123
11 99
11 76
11 102
11 78
11 103
11 79
11 14
11 15
11 80
11 16
11 81
11 19
11 21
11 22
11 23
11 104
11 118
11 26
11 82
11 28
11 30
11 31
11 126
11 32
11 113
11 83
11 37
11 106
11 38
11 85
11 39
11 41
11 119
11 88
11 108
11 89
11 43
11 44
11 90
11 91
11 45
11 109
11 120
11 47
11 48
11 114
11 49
11 52
11 110
11 60
11 62
11 63
11 64
11 115
11 67
11 94
11 95
11 69
11 96
11 116
11 71
11 112
11 73
12 117
12 100
12 101
12 125
12 78
12 103
12 15
12 16
12 17
12 24
12 104
12 25
12 27
12 82
12 29
12 30
12 31
12 105
12 126
12 127
12 33
12 36
12 84
12 106
12 38
12 107
12 39
12 86
12 40
12 41
12 119
12 88
12 108
12 44
12 90
12 91
12 92
12 109
12 120
12 47
12 48
12 114
12 51
12 54
12 110
12 55
12 56
12 57
12 58
12 93
12 59
12 60
12 62
12 63
12 111
12 95
12 69
12 70
12 124
12 71
12 72
12 112
12 73
12 74
12 122
12 50
12 94
12 89
12 97
13 99
13 100
13 102
13 77
13 103
13 79
13 15
13 19
13 20
13 104
13 25
13 82
13 126
13 34
13 83
13 107
13 40
13 41
13 119
13 87
13 42
13 89
13 43
13 90
13 91
13 45
13 92
13 120
13 114
13 49
13 51
13 52
13 93
13 63
13 121
13 64
13 65
13 111
13 67
13 70
13 97
13 116
13 72
13 112
13 73
13 122
14 123
14 99
14 100
14 101
14 75
14 77
14 125
14 103
14 79
14 80
14 18
14 24
14 25
14 118
14 27
14 82
14 31
14 105
14 126
14 32
14 127
14 33
14 34
14 113
14 35
14 84
14 106
14 38
14 85
14 107
14 86
14 40
14 119
14 87
14 108
14 89
14 91
14 92
14 109
14 51
14 53
14 54
14 55
14 57
14 59
14 60
14 62
14 121
14 64
14 65
14 66
14 67
14 68
14 95
14 96
14 70
14 97
14 71
14 72
14 112
15 123
15 99
15 117
15 102
15 77
15 103
15 17
15 81
15 18
15 20
15 104
15 82
15 30
15 105
15 126
15 32
15 127
15 36
15 39
15 40
15 119
15 87
15 42
15 88
15 89
15 43
15 44
15 90
15 45
15 109
15 46
15 120
15 47
15 53
15 55
15 56
15 58
15 93
15 61
15 62
15 121
15 65
15 66
15 111
15 68
15 70
15 97
15 124
15 112
15 73
15 74
15 122
16 99
16 101
16 78
16 79
16 80
16 17
16 20
16 22
16 118
16 26
16 28
16 31
16 126
16 83
16 36
16 84
16 106
16 38
16 85
16 86
16 40
16 119
16 42
16 88
16 108
16 89
16 90
16 91
16 45
16 120
16 47
16 48
16 50
16 54
16 110
16 56
16 57
16 58
16 60
16 66
16 111
16 70
16 97
16 124
16 71
16 72
16 73
16 74
16 98
17 123
17 76
17 102
17 79
17 21
17 22
17 23
17 24
17 118
17 82
17 28
17 30
17 31
17 127
17 34
17 35
17 83
17 84
17 37
17 106
17 107
17 39
17 87
17 42
17 88
17 46
17 47
17 48
17 49
17 53
17 54
17 110
17 55
17 56
17 59
17 61
17 121
17 65
17 115
17 67
17 68
17 69
17 97
17 122
17 98
18 99
18 101
18 102
18 77
18 125
18 78
18 103
18 79
18 80
18 19
18 23
18 26
18 27
18 28
18 29
18 31
18 105
18 126
18 32
18 33
18 34
18 36
18 84
18 39
18 86
18 119
18 42
18 43
18 44
18 92
18 48
18 114
18 49
18 50
18 51
18 55
18 57
18 58
18 62
18 64
18 66
18 111
18 67
18 68
18 94
18 69
18 70
18 97
18 116
18 112
18 74
19 123
19 99
19 75
19 76
19 125
19 78
19 103
19 79
19 80
19 81
19 20
19 25
19 118
19 27
19 82
19 29
19 127
19 113
19 38
19 85
19 107
19 86
19 119
19 87
19 88
19 89
19 44
19 90
19 91
19 51
19 52
19 53
19 110
19 55
19 57
19 93
19 59
19 61
19 62
19 121
19 115
19 111
19 67
19 94
19 95
19 69
19 96
19 72
19 73
19 74
19 98
20 99
20 117
20 100
20 101
20 75
20 76
20 102
20 77
20 125
20 78
20 103
20 79
20 80
20 81
20 21
20 22
20 104
20 25
20 26
20 28
20 29
20 105
20 126
20 127
20 33
20 34
20 113
20 35
20 36
20 38
20 85
20 107
20 39
20 40
20 41
20 88
20 108
20 43
20 46
20 120
20 114
20 50
20 51
20 55
20 58
20 59
20 60
20 61
20 63
20 64
20 111
20 67
20 68
20 69
20 124
20 116
20 72
20 112
20 73
20 122
20 98
21 123
21 117
21 101
21 75
21 102
21 77
21 125
21 78
21 79
21 81
21 22
21 27
21 82
21 29
21 30
21 32
21 34
21 35
21 36
21 84
21 37
21 85
21 107
21 86
21 40
21 41
21 119
21 87
21 42
21 44
21 91
21 45
21 92
21 46
21 120
21 47
21 114
21 51
21 52
21 53
21 54
21 110
21 56
21 93
21 61
21 62
21 66
21 68
21 69
21 96
21 70
21 124
21 73
21 74
21 122
21 98
22 123
22 99
22 100
22 101
22 75
22 77
22 125
22 103
22 79
22 81
22 23
22 24
22 104
22 25
22 27
22 82
22 31
22 126
22 127
22 33
22 34
22 113
22 83
22 36
22 84
22 106
22 107
22 39
22 40
22 119
22 89
22 43
22 44
22 90
22 45
22 92
22 46
22 120
22 48
22 114
22 50
22 51
22 52
22 54
22 57
22 58
22 93
22 62
22 63
22 121
22 115
22 111
22 67
22 68
22 94
22 116
22 71
22 72
22 73
22 74
22 122
23 123
23 99
23 117
23 100
23 75
23 102
23 77
23 80
23 27
23 82
23 31
23 105
23 32
23 127
23 33
23 113
23 83
23 36
23 37
23 38
23 85
23 39
23 86
23 40
23 119
23 87
23 42
23 43
23 90
23 91
23 45
23 109
23 48
23 51
23 53
23 54
23 55
23 57
23 60
23 61
23 62
23 64
23 65
23 115
23 66
23 67
23 69
23 70
23 124
23 112
23 73
23 74
23 122
24 123
24 117
24 101
24 125
24 78
24 103
24 80
24 81
24 104
24 25
24 118
24 82
24 28
24 29
24 31
24 105
24 33
24 113
24 37
24 38
24 85
24 107
24 39
24 86
24 40
24 41
24 108
24 89
24 90
24 109
24 46
24 48
24 114
24 50
24 51
24 52
24 54
24 110
24 56
24 93
24 59
24 61
24 62
24 63
24 121
24 65
24 115
24 111
24 68
24 96
24 70
24 97
24 71
24 122
24 92
24 36
24 94
24 60
24 47
25 103
25 80
25 81
25 118
25 26
25 82
25 30
25 105
25 126
25 127
25 34
25 113
25 35
25 36
25 37
25 38
25 85
25 107
25 40
25 87
25 108
25 43
25 44
25 91
25 45
25 120
25 47
25 114
25 49
25 50
25 52
25 54
25 55
25 56
25 58
25 93
25 59
25 60
25 61
25 63
25 66
25 67
25 94
25 69
25 124
25 72
25 73
25 74
25 122
25 98
26 99
26 117
26 100
26 75
26 76
26 102
26 78
26 79
26 81
26 118
26 27
26 82
26 30
26 31
26 105
26 32
26 34
26 83
26 37
26 106
26 85
26 39
26 40
26 119
26 42
26 88
26 108
26 43
26 91
26 92
26 120
26 114
26 49
26 53
26 54
26 56
26 57
26 64
26 65
26 115
26 66
26 111
26 67
26 94
26 95
26 96
26 97
26 124
26 74
26 122
27 123
27 100
27 101
27 75
27 77
27 103
27 81
27 104
27 82
27 105
27 33
27 34
27 113
27 35
27 37
27 38
27 85
27 39
27 86
27 40
27 41
27 119
27 88
27 89
27 43
27 44
27 90
27 45
27 92
27 120
27 49
27 52
27 54
27 110
27 55
27 56
27 58
27 61
27 65
27 115
27 111
27 95
27 96
27 70
27 97
27 116
27 72
27 112
27 73
28 123
28 100
28 101
28 76
28 102
28 77
28 79
28 80
28 118
28 82
28 30
28 32
28 127
28 34
28 83
28 36
28 38
28 85
28 107
28 39
28 86
28 41
28 87
28 42
28 88
28 108
28 89
28 43
28 90
28 91
28 92
28 46
28 114
28 49
28 53
28 54
28 55
28 56
28 59
28 62
28 65
28 115
28 111
28 67
28 94
28 95
28 70
28 97
28 124
28 116
28 72
28 74
28 98
29 123
29 99
29 117
29 100
29 101
29 75
29 76
29 125
29 103
29 32
29 36
29 106
29 85
29 39
29 86
29 40
29 41
29 87
29 89
29 43
29 90
29 91
29 45
29 92
29 109
29 47
29 49
29 50
29 51
29 52
29 54
29 110
29 55
29 58
29 59
29 60
29 61
29 63
29 64
29 65
29 115
29 111
29 67
29 68
29 69
29 96
29 97
29 124
29 72
29 98
29 94
29 78
29 56
30 123
30 101
30 75
30 77
30 125
30 103
30 79
30 80
30 81
30 104
30 118
30 127
30 113
30 83
30 36
30 37
30 106
30 85
30 86
30 40
30 87
30 89
30 43
30 90
30 91
30 109
30 46
30 47
30 48
30 114
30 49
30 50
30 51
30 53
30 54
30 55
30 57
30 59
30 63
30 64
30 65
30 68
30 94
30 95
30 69
30 124
30 116
30 71
30 72
30 74
31 99
31 100
31 75
31 76
31 77
31 78
31 103
31 80
31 82
31 126
31 32
31 35
31 83
31 84
31 37
31 85
31 107
31 39
31 86
31 41
31 119
31 42
31 89
31 90
31 48
31 49
31 50
31 51
31 52
31 53
31 54
31 110
31 57
31 59
31 121
31 65
31 111
31 67
31 96
31 71
31 73
32 123
32 99
32 101
32 76
32 77
32 78
32 80
32 104
32 118
32 105
32 126
32 127
32 33
32 113
32 35
32 83
32 84
32 37
32 38
32 119
32 87
32 42
32 88
32 108
32 89
32 46
32 120
32 49
32 55
32 56
32 57
32 61
32 62
32 66
32 67
32 68
32 94
32 96
32 116
32 71
32 112
33 123
33 117
33 75
33 77
33 125
33 103
33 81
33 118
33 82
33 105
33 126
33 113
33 36
33 84
33 37
33 38
33 40
33 87
33 42
33 88
33 89
33 90
33 91
33 120
33 48
33 114
33 50
33 51
33 52
33 110
33 55
33 59
33 60
33 63
33 64
33 111
33 67
33 95
33 96
33 70
33 72
33 122
33 98
34 117
34 100
34 101
34 78
34 103
34 81
34 104
34 82
34 105
34 35
34 83
34 36
34 84
34 106
34 38
34 39
34 41
34 119
34 42
34 88
34 89
34 43
34 44
34 91
34 45
34 92
34 109
34 120
34 48
34 114
34 51
34 110
34 55
34 61
34 62
34 63
34 121
34 115
34 67
34 95
34 124
34 116
34 71
34 72
34 74
34 98
35 99
35 100
35 76
35 77
35 125
35 78
35 103
35 79
35 81
35 104
35 82
35 105
35 127
35 83
35 84
35 106
35 85
35 107
35 39
35 41
35 87
35 108
35 89
35 43
35 90
35 92
35 109
35 120
35 48
35 114
35 52
35 53
35 54
35 110
35 55
35 57
35 58
35 93
35 59
35 60
35 63
35 115
35 111
35 67
35 68
35 94
35 95
35 96
35 124
35 116
35 71
35 112
35 73
35 74
35 98
36 123
36 99
36 117
36 100
36 101
36 76
36 102
36 78
36 103
36 80
36 81
36 104
36 118
36 84
36 37
36 106
36 39
36 86
36 41
36 87
36 108
36 43
36 48
36 114
36 49
36 50
36 53
36 54
36 110
36 55
36 56
36 57
36 93
36 62
36 121
36 64
36 66
36 68
36 69
36 70
36 124
36 71
36 122
36 98
36 63
36 92
36 94
36 60
36 89
36 97
36 47
37 99
37 117
37 100
37 102
37 78
37 79
37 118
37 82
37 105
37 126
37 127
37 113
37 83
37 106
37 107
37 40
37 88
37 43
37 90
37 91
37 109
37 120
37 47
37 48
37 50
37 51
37 52
37 54
37 110
37 55
37 58
37 60
37 62
37 121
37 115
37 66
37 111
37 67
37 95
37 69
37 96
37 70
37 112
37 73
37 122
37 98
38 123
38 117
38 101
38 76
38 103
38 80
38 104
38 118
38 82
38 126
38 113
38 83
38 84
38 39
38 40
38 41
38 119
38 88
38 108
38 89
38 43
38 90
38 91
38 45
38 92
38 109
38 46
38 120
38 114
38 49
38 110
38 55
38 56
38 57
38 58
38 93
38 60
38 63
38 115
38 111
38 96
38 116
38 73
38 122
39 123
39 99
39 117
39 75
39 102
39 77
39 103
39 81
39 82
39 105
39 127
39 83
39 106
39 85
39 107
39 86
39 40
39 41
39 119
39 87
39 42
39 44
39 90
39 91
39 45
39 46
39 48
39 114
39 49
39 50
39 51
39 110
39 55
39 58
39 93
39 60
39 61
39 62
39 63
39 65
39 115
39 66
39 111
39 67
39 94
39 69
39 96
39 97
39 71
39 72
39 73
39 74
39 122
39 98
39 92
39 89
39 78
39 47
39 56
40 123
40 125
40 78
40 103
40 81
40 82
40 105
40 127
40 113
40 83
40 84
40 106
40 107
40 86
40 119
40 87
40 42
40 88
40 108
40 43
40 91
40 45
40 109
40 46
40 48
40 114
40 49
40 50
40 52
40 53
40 58
40 93
40 59
40 60
40 121
40 65
40 111
40 67
40 94
40 95
40 70
40 116
40 71
40 74
40 122
40 98
41 123
41 117
41 75
41 76
41 125
41 78
41 103
41 79
41 104
41 118
41 105
41 83
41 85
41 86
41 119
41 42
41 108
41 89
41 90
41 91
41 92
41 109
41 120
41 48
41 51
41 52
41 53
41 110
41 55
41 58
41 60
41 63
41 121
41 64
41 115
41 66
41 111
41 67
41 68
41 94
41 95
41 96
41 70
41 71
41 72
41 112
41 98
41 50
41 97
41 47
41 56
42 101
42 75
42 76
42 102
42 77
42 103
42 79
42 81
42 104
42 82
42 127
42 113
42 83
42 106
42 85
42 90
42 91
42 45
42 92
42 120
42 47
42 51
42 52
42 54
42 56
42 57
42 93
42 59
42 121
42 64
42 66
42 68
42 94
42 95
42 69
42 97
42 116
42 72
42 112
43 99
43 101
43 125
43 103
43 104
43 118
43 113
43 84
43 85
43 107
43 86
43 119
43 88
43 91
43 45
43 120
43 48
43 114
43 50
43 52
43 53
43 58
43 93
43 60
43 62
43 63
43 121
43 111
43 94
43 95
43 69
43 96
43 70
43 71
43 72
43 112
43 73
43 74
44 123
44 99
44 117
44 100
44 101
44 75
44 102
44 77
44 78
44 81
44 113
44 83
44 84
44 106
44 107
44 119
44 88
44 108
44 90
44 45
44 92
44 46
44 50
44 51
44 110
44 56
44 59
44 60
44 61
44 64
44 66
44 111
44 67
44 70
44 124
44 116
44 71
44 72
44 73
44 74
44 122
45 125
45 79
45 80
45 81
45 104
45 118
45 82
45 113
45 84
45 85
45 86
45 87
45 108
45 89
45 92
45 109
45 114
45 49
45 52
45 53
45 55
45 56
45 93
45 59
45 61
45 121
45 64
45 65
45 115
45 67
45 68
45 95
45 96
45 116
45 112
45 73
45 74
45 98
46 117
46 100
46 75
46 102
46 77
46 125
46 78
46 80
46 81
46 118
46 105
46 126
46 113
46 83
46 84
46 86
46 108
46 90
46 91
46 92
46 120
46 47
46 48
46 52
46 57
46 58
46 59
46 61
46 115
46 66
46 67
46 69
46 124
46 71
46 72
46 73
46 74
46 122
46 98
47 123
47 99
47 117
47 100
47 77
47 125
47 78
47 80
47 104
47 105
47 126
47 113
47 83
47 106
47 86
47 119
47 87
47 88
47 108
47 89
47 90
47 91
47 92
47 109
47 120
47 50
47 53
47 57
47 93
47 60
47 121
47 64
47 66
47 111
47 68
47 95
47 97
47 112
47 73
47 74
47 98
47 110
47 103
47 63
47 94
47 56
48 99
48 117
48 75
48 76
48 80
48 81
48 104
48 118
48 105
48 126
48 127
48 84
48 86
48 87
48 88
48 108
48 89
48 90
48 91
48 120
48 114
48 50
48 52
48 53
48 59
48 60
48 61
48 62
48 63
48 64
48 65
48 67
48 94
48 96
48 70
48 97
48 124
48 71
48 72
48 112
48 122
49 117
49 100
49 101
49 75
49 76
49 103
49 79
49 80
49 118
49 82
49 105
49 106
49 85
49 107
49 119
49 88
49 89
49 91
49 92
49 51
49 52
49 54
49 110
49 55
49 59
49 60
49 63
49 64
49 65
49 66
49 111
49 96
49 97
49 124
49 72
49 73
49 74
49 122
50 117
50 75
50 79
50 80
50 81
50 126
50 113
50 84
50 106
50 85
50 119
50 87
50 108
50 90
50 91
50 114
50 52
50 110
50 55
50 57
50 58
50 93
50 59
50 62
50 68
50 94
50 69
50 96
50 124
50 71
50 74
50 122
50 86
50 103
50 63
50 92
50 60
50 89
50 97
50 78
50 56
51 123
51 99
51 117
51 75
51 102
51 78
51 79
51 80
51 104
51 118
51 82
51 84
51 106
51 119
51 88
51 90
51 91
51 109
51 120
51 114
51 53
51 57
51 93
51 60
51 62
51 64
51 65
51 115
51 67
51 124
51 72
51 112
51 74
52 117
52 101
52 76
52 102
52 78
52 103
52 79
52 80
52 81
52 104
52 118
52 82
52 105
52 126
52 127
52 113
52 84
52 89
52 120
52 53
52 54
52 57
52 58
52 93
52 59
52 60
52 61
52 62
52 63
52 121
52 111
52 94
52 69
52 96
52 70
52 116
52 71
52 73
52 122
53 99
53 117
53 100
53 75
53 76
53 102
53 77
53 103
53 79
53 80
53 104
53 126
53 113
53 106
53 85
53 107
53 86
53 119
53 89
53 90
53 91
53 92
53 109
53 120
53 110
53 55
53 57
53 59
53 62
53 63
53 121
53 64
53 65
53 115
53 66
53 67
53 68
53 94
53 70
53 97
53 116
53 73
53 74
54 117
54 100
54 102
54 125
54 78
54 103
54 80
54 81
54 104
54 82
54 105
54 127
54 106
54 85
54 107
54 86
54 119
54 87
54 88
54 90
54 91
54 109
54 120
54 93
54 59
54 61
54 62
54 63
54 121
54 65
54 115
54 66
54 111
54 67
54 68
54 95
54 96
54 124
54 116
54 71
54 112
54 122
55 99
55 117
55 76
55 102
55 125
55 78
55 103
55 79
55 81
55 82
55 126
55 83
55 106
55 85
55 86
55 119
55 87
55 88
55 90
55 91
55 109
55 120
55 58
55 93
55 60
55 63
55 121
55 64
55 65
55 94
55 95
55 69
55 70
55 97
55 71
55 72
55 112
55 73
55 98
56 99
56 100
56 75
56 76
56 77
56 81
56 104
56 126
56 85
56 86
56 87
56 88
56 108
56 90
56 92
56 109
56 120
56 57
56 58
56 93
56 60
56 61
56 63
56 121
56 65
56 115
56 66
56 95
56 96
56 97
56 112
56 98
56 110
56 117
56 103
56 94
56 89
56 78
57 117
57 101
57 75
57 76
57 77
57 125
57 78
57 103
57 81
57 104
57 82
57 126
57 83
57 106
57 85
57 86
57 87
57 88
57 108
57 89
57 92
57 109
57 110
57 61
57 62
57 121
57 64
57 65
57 115
57 66
57 111
57 67
57 68
57 69
57 96
57 70
57 124
57 72
57 112
57 73
58 123
58 99
58 117
58 100
58 101
58 75
58 76
58 77
58 78
58 81
58 104
58 82
58 105
58 127
58 113
58 83
58 86
58 88
58 108
58 92
58 109
58 110
58 93
58 59
58 60
58 63
58 121
58 64
58 65
58 115
58 111
58 68
58 95
58 69
58 96
58 70
58 97
58 124
58 116
58 71
58 72
58 112
58 74
58 122
58 98
59 99
59 76
59 102
59 125
59 78
59 103
59 80
59 104
59 82
59 105
59 126
59 127
59 85
59 86
59 119
59 87
59 108
59 89
59 91
59 92
59 109
59 120
59 110
59 93
59 61
59 62
59 63
59 64
59 66
59 111
59 68
59 96
59 70
59 97
59 124
59 72
59 98
60 123
60 117
60 75
60 76
60 78
60 80
60 81
60 104
60 118
60 126
60 113
60 83
60 86
60 119
60 87
60 88
60 90
60 92
60 109
60 114
60 110
60 61
60 62
60 64
60 66
60 95
60 69
60 124
60 103
60 63
60 94
60 89
60 97
61 99
61 101
61 75
61 77
61 125
61 78
61 103
61 82
61 126
61 107
61 86
61 119
61 87
61 108
61 91
61 92
61 109
61 121
61 115
61 67
61 68
61 95
61 69
61 96
61 124
61 116
61 74
61 122
62 117
62 75
62 125
62 78
62 104
62 118
62 82
62 105
62 127
62 113
62 106
62 119
62 87
62 88
62 108
62 90
62 120
62 93
62 63
62 64
62 65
62 66
62 111
62 94
62 96
62 70
62 116
62 71
62 73
62 74
63 123
63 99
63 117
63 101
63 102
63 77
63 103
63 80
63 81
63 118
63 113
63 84
63 106
63 107
63 86
63 87
63 89
63 91
63 92
63 109
63 110
63 65
63 66
63 95
63 69
63 96
63 71
63 73
63 74
63 94
63 97
63 78
64 123
64 117
64 75
64 125
64 103
64 79
64 81
64 104
64 126
64 113
64 83
64 107
64 86
64 87
64 89
64 91
64 109
64 114
64 65
64 66
64 111
64 94
64 69
64 116
64 72
64 73
64 74
64 122
65 123
65 117
65 100
65 76
65 102
65 79
65 80
65 118
65 127
65 113
65 83
65 84
65 107
65 86
65 119
65 90
65 91
65 92
65 109
65 114
65 110
65 93
65 121
65 115
65 66
65 94
65 69
65 96
65 116
65 72
65 122
66 123
66 117
66 100
66 75
66 76
66 102
66 103
66 79
66 80
66 81
66 104
66 105
66 126
66 113
66 83
66 106
66 85
66 86
66 87
66 108
66 89
66 91
66 110
66 121
66 115
66 111
66 94
66 69
66 96
66 70
66 124
66 116
66 71
66 72
66 112
66 74
66 122
67 99
67 100
67 75
67 76
67 79
67 80
67 81
67 105
67 126
67 127
67 84
67 85
67 119
67 87
67 108
67 91
67 109
67 110
67 93
67 115
67 111
67 95
67 70
67 71
67 112
67 74
67 122
67 98
68 123
68 99
68 101
68 76
68 102
68 125
68 103
68 79
68 104
68 118
68 82
68 83
68 86
68 119
68 87
68 88
68 108
68 91
68 109
68 114
68 93
68 115
68 111
68 69
68 96
68 70
68 122
68 98
69 99
69 117
69 100
69 75
69 76
69 78
69 79
69 104
69 118
69 82
69 105
69 113
69 83
69 85
69 107
69 119
69 108
69 109
69 114
69 121
69 115
69 111
69 94
69 70
69 97
69 71
69 112
70 123
70 99
70 100
70 76
70 102
70 77
70 103
70 79
70 118
70 105
70 127
70 113
70 85
70 107
70 87
70 108
70 109
70 120
70 114
70 110
70 93
70 121
70 111
70 94
70 95
70 97
70 124
70 116
70 72
70 73
70 74
71 101
71 77
71 125
71 78
71 79
71 80
71 81
71 118
71 113
71 83
71 106
71 86
71 87
71 88
71 91
71 114
71 110
71 93
71 115
71 95
71 97
71 112
71 74
71 122
72 101
72 103
72 81
72 104
72 126
72 127
72 113
72 83
72 85
72 119
72 87
72 108
72 92
72 114
72 121
72 115
72 95
72 124
72 112
72 73
72 74
72 98
73 123
73 102
73 79
73 80
73 118
73 82
73 127
73 113
73 84
73 85
73 107
73 87
73 108
73 89
73 90
73 109
73 114
73 121
73 95
73 96
73 97
73 116
73 74
73 122
73 98
74 99
74 101
74 76
74 77
74 125
74 78
74 80
74 104
74 105
74 126
74 127
74 113
74 85
74 86
74 119
74 87
74 108
74 89
74 90
74 92
74 109
74 114
74 110
74 115
74 111
74 94
74 97
74 124
74 112
74 98
75 100
75 76
75 103
75 83
75 106
75 92
75 94
75 96
75 122
75 79
75 81
75 86
75 88
75 91
75 111
75 97
75 112
75 117
75 125
75 126
75 113
75 85
75 87
75 90
75 120
75 93
75 121
76 123
76 101
76 117
76 102
76 81
76 118
76 126
76 113
76 84
76 107
76 87
76 88
76 91
76 92
76 109
76 120
76 114
76 93
76 111
76 95
76 122
77 123
77 100
77 117
77 125
77 78
77 103
77 105
77 126
77 83
77 84
77 106
77 88
77 108
77 92
77 109
77 114
77 110
77 93
77 111
77 124
77 112
77 122
78 101
78 103
78 80
78 105
78 119
78 110
78 94
78 96
78 99
78 81
78 126
78 86
78 88
78 108
78 89
78 90
78 114
78 93
78 121
78 95
78 116
78 117
78 92
78 97
79 100
79 101
79 103
79 105
79 106
79 92
79 110
79 94
79 124
79 122
79 99
79 102
79 117
79 126
79 127
79 86
79 87
79 108
79 90
79 121
79 97
80 123
80 100
80 101
80 103
80 102
80 81
80 104
80 105
80 126
80 127
80 86
80 108
80 90
80 92
80 120
80 114
80 115
80 97
80 116
80 122
81 100
81 118
81 105
81 106
81 92
81 94
81 96
81 124
81 99
81 117
81 125
81 126
81 127
81 113
81 84
81 85
81 88
81 89
81 109
81 120
81 93
81 111
81 116
81 112
81 98
82 123
82 100
82 101
82 125
82 104
82 127
82 113
82 83
82 85
82 107
82 90
82 92
82 109
82 114
82 110
82 93
82 121
82 115
82 95
82 112
83 123
83 100
83 101
83 103
83 99
83 102
83 125
83 84
83 107
83 119
83 89
83 90
83 91
83 92
83 120
83 114
83 115
83 111
83 97
83 124
83 98
84 100
84 101
84 103
84 106
84 107
84 119
84 115
84 94
84 122
84 99
84 104
84 113
84 86
84 87
84 88
84 89
84 120
84 114
84 121
84 111
84 95
84 97
84 112
84 98
85 118
85 106
85 107
85 119
85 110
85 94
85 88
85 89
85 114
85 95
85 112
85 126
85 127
85 113
85 108
85 121
85 116
86 103
86 106
86 119
86 92
86 110
86 115
86 96
86 124
86 122
86 99
86 117
86 125
86 104
86 126
86 113
86 87
86 88
86 89
86 120
86 114
86 97
86 116
86 112
86 98
86 94
87 100
87 103
87 118
87 106
87 107
87 119
87 94
87 124
87 122
87 102
87 91
87 114
87 95
87 125
87 127
87 113
87 108
87 90
87 104
88 100
88 118
88 119
88 110
88 99
88 102
88 125
88 113
88 108
88 89
88 90
88 91
88 109
88 114
88 93
88 111
89 100
89 101
89 106
89 119
89 92
89 124
89 99
89 102
89 125
89 113
89 108
89 90
89 112
89 110
89 117
89 103
89 94
89 97
90 100
90 103
90 106
90 107
90 119
90 110
90 115
90 94
90 122
90 109
90 95
90 98
90 117
90 125
90 126
90 113
90 120
90 121
91 101
91 103
91 118
91 105
91 106
91 107
91 119
91 115
91 96
91 124
91 99
91 125
91 109
91 114
91 93
91 121
91 111
91 112
92 123
92 103
92 99
92 125
92 104
92 127
92 93
92 115
92 95
92 96
92 97
92 124
92 116
92 112
92 110
92 117
92 94
93 100
93 101
93 105
93 115
93 94
93 124
93 102
93 109
93 111
93 98
93 108
93 104
93 116
94 101
94 118
94 107
94 115
94 102
94 104
94 127
94 113
94 114
94 97
94 122
94 110
94 117
94 103
95 100
95 101
95 103
95 119
95 110
95 99
95 114
95 117
95 104
95 127
95 97
96 123
96 100
96 118
96 105
96 99
96 117
96 102
96 125
96 104
96 127
96 114
96 121
96 111
96 97
96 124
96 112
96 98
97 103
97 106
97 124
97 122
97 99
97 117
97 125
97 104
97 126
97 113
97 108
97 120
97 116
97 110
98 100
98 118
98 105
98 106
98 107
98 119
98 110
98 115
98 122
98 99
98 102
98 109
98 114
98 111
98 112
98 117
98 113
98 108
98 120
98 121
99 103
99 118
99 119
99 115
99 124
99 122
99 102
99 109
99 114
99 111
99 112
100 123
100 117
100 102
100 103
100 127
100 106
100 119
100 108
100 109
100 120
100 111
100 122
101 123
101 117
101 102
101 125
101 103
101 104
101 118
101 105
101 126
101 113
101 119
101 108
101 120
101 114
101 110
101 115
101 124
101 116
101 122
102 118
102 105
102 106
102 107
102 119
102 117
102 104
102 126
102 121
102 111
103 123
103 117
103 104
103 127
103 113
103 109
103 120
103 110
103 121
103 115
103 112
103 122
104 105
104 106
104 119
104 124
104 122
104 109
104 114
104 111
104 126
104 120
104 121
105 123
105 117
105 126
105 113
105 114
105 110
105 121
105 111
105 124
105 116
105 112
105 122
106 123
106 125
106 126
106 113
106 107
106 108
106 120
106 114
106 110
106 121
106 115
106 111
106 124
106 112
107 123
107 117
107 127
107 113
107 108
107 120
107 114
107 110
107 115
107 111
107 116
108 118
108 119
108 114
108 111
108 117
108 125
108 126
108 113
108 120
108 121
108 116
109 118
109 119
109 124
109 126
109 113
109 121
109 111
109 116
110 123
110 119
110 117
110 125
110 126
110 127
110 120
110 114
110 115
110 116
110 122
111 118
111 119
111 125
111 127
111 113
111 121
111 116
111 112
112 114
112 125
112 126
113 118
113 115
113 114
113 117
113 120
113 116
114 118
114 119
114 124
114 117
114 126
114 127
114 121
114 116
115 123
115 119
115 125
115 127
115 121
115 116
116 124
116 125
116 126
117 118
117 119
117 124
117 122
117 125
117 126
117 127
118 123
118 125
118 126
118 127
118 119
118 120
118 124
119 123
119 121
119 122
120 124
120 125
120 127
120 121
121 125
121 127
122 123
122 125
122 127
123 124
124 125
124 126
