0 2
0 3
0 4
0 5
0 6
0 7
0 9
0 10
0 11
0 13
0 14
0 15
0 16
0 17
0 18
0 20
0 21
0 22
0 23
0 24
0 25
0 26
0 27
0 28
0 29
0 30
0 31
0 32
0 33
0 34
0 35
0 36
0 37
0 38
0 39
0 40
0 41
0 42
0 43
0 44
0 45
0 46
0 47
0 49
0 50
0 51
0 52
0 53
0 54
0 55
0 56
0 57
0 58
0 59
0 61
0 114
0 82
0 80
0 60
0 64
0 19
0 70
1 60
1 5
1 61
1 62
1 63
1 6
1 7
1 64
1 9
1 10
1 65
1 11
1 66
1 67
1 68
1 13
1 14
1 69
1 15
1 16
1 18
1 22
1 24
1 70
1 26
1 27
1 71
1 72
1 28
1 73
1 29
1 74
1 31
1 75
1 76
1 77
1 78
1 37
1 79
1 80
1 38
1 39
1 81
1 43
1 82
1 45
1 47
1 48
1 50
1 83
1 84
1 85
1 54
1 57
1 86
1 87
1 88
1 89
2 90
2 91
2 4
2 5
2 61
2 62
2 63
2 6
2 92
2 93
2 8
2 10
2 94
2 95
2 11
2 66
2 96
2 68
2 13
2 14
2 97
2 16
2 18
2 98
2 99
2 26
2 71
2 72
2 100
2 101
2 31
2 33
2 76
2 34
2 37
2 38
2 39
2 102
2 40
2 41
2 103
2 81
2 43
2 82
2 46
2 47
2 104
2 50
2 83
2 52
2 53
2 54
2 55
2 56
2 105
2 87
2 88
2 106
2 58
2 107
3 60
3 90
3 91
3 5
3 61
3 62
3 6
3 7
3 92
3 9
3 94
3 108
3 95
3 65
3 96
3 109
3 12
3 13
3 69
3 15
3 17
3 18
3 110
3 111
3 24
3 70
3 26
3 27
3 112
3 71
3 100
3 73
3 31
3 76
3 77
3 79
3 80
3 102
3 42
3 44
3 82
3 47
3 104
3 83
3 84
3 51
3 85
3 54
3 55
3 113
3 57
3 105
3 87
3 88
3 58
3 114
3 64
3 16
3 19
3 30
3 40
3 25
4 115
4 116
4 91
4 5
4 61
4 63
4 6
4 7
4 117
4 64
4 93
4 10
4 94
4 95
4 65
4 11
4 96
4 67
4 109
4 12
4 13
4 14
4 69
4 15
4 17
4 18
4 110
4 20
4 99
4 111
4 27
4 118
4 112
4 119
4 73
4 29
4 74
4 31
4 76
4 120
4 36
4 79
4 102
4 40
4 121
4 103
4 122
4 123
4 82
4 47
4 104
4 51
4 54
4 56
4 86
4 87
4 88
4 106
4 58
4 114
4 107
5 60
5 90
5 115
5 116
5 61
5 62
5 63
5 7
5 124
5 117
5 64
5 8
5 9
5 10
5 94
5 108
5 65
5 11
5 109
5 14
5 15
5 17
5 20
5 22
5 99
5 23
5 111
5 26
5 72
5 28
5 73
5 30
5 31
5 32
5 76
5 77
5 34
5 35
5 37
5 80
5 38
5 39
5 102
5 121
5 41
5 103
5 81
5 123
5 82
5 45
5 47
5 49
5 83
5 54
5 55
5 113
5 56
5 86
5 87
5 106
5 114
5 59
5 16
5 19
5 70
5 51
5 40
5 25
6 60
6 90
6 61
6 7
6 124
6 64
6 93
6 8
6 9
6 108
6 95
6 65
6 11
6 14
6 69
6 15
6 110
6 21
6 22
6 111
6 112
6 71
6 119
6 72
6 100
6 28
6 73
6 125
6 31
6 75
6 32
6 33
6 76
6 78
6 126
6 35
6 36
6 37
6 80
6 38
6 40
6 121
6 41
6 81
6 43
6 122
6 44
6 123
6 47
6 48
6 104
6 84
6 54
6 55
6 113
6 105
6 106
6 89
6 114
6 107
7 60
7 61
7 63
7 124
7 64
7 93
7 8
7 108
7 11
7 96
7 68
7 12
7 13
7 69
7 18
7 110
7 19
7 20
7 98
7 21
7 22
7 24
7 70
7 118
7 112
7 74
7 31
7 75
7 32
7 33
7 76
7 77
7 34
7 126
7 120
7 35
7 36
7 79
7 80
7 38
7 102
7 40
7 41
7 81
7 43
7 44
7 82
7 45
7 47
7 49
7 50
7 84
7 51
7 52
7 54
7 113
7 88
7 58
7 114
7 107
7 26
7 16
7 30
7 25
8 60
8 90
8 115
8 116
8 124
8 117
8 92
8 93
8 9
8 108
8 65
8 96
8 67
8 12
8 97
8 17
8 18
8 19
8 20
8 98
8 99
8 111
8 27
8 118
8 72
8 29
8 74
8 101
8 31
8 75
8 32
8 33
8 76
8 34
8 126
8 39
8 40
8 121
8 81
8 43
8 122
8 44
8 48
8 49
8 104
8 50
8 83
8 51
8 52
8 53
8 113
8 56
8 105
8 88
8 106
8 59
9 90
9 61
9 62
9 63
9 117
9 92
9 108
9 95
9 109
9 12
9 13
9 14
9 69
9 97
9 15
9 110
9 98
9 22
9 23
9 24
9 118
9 100
9 28
9 73
9 29
9 74
9 125
9 101
9 31
9 75
9 33
9 76
9 77
9 120
9 37
9 80
9 38
9 102
9 40
9 121
9 41
9 81
9 44
9 123
9 45
9 46
9 47
9 48
9 83
9 51
9 52
9 54
9 56
9 88
9 106
9 89
9 114
10 60
10 116
10 61
10 63
10 124
10 117
10 64
10 94
10 108
10 66
10 96
10 109
10 14
10 69
10 15
10 17
10 18
10 98
10 23
10 111
10 27
10 71
10 72
10 28
10 73
10 31
10 75
10 32
10 76
10 77
10 34
10 79
10 38
10 39
10 102
10 40
10 122
10 44
10 123
10 82
10 45
10 47
10 48
10 49
10 104
10 50
10 83
10 85
10 54
10 55
10 113
10 57
10 88
10 106
10 58
11 90
11 116
11 91
11 61
11 62
11 63
11 124
11 65
11 96
11 109
11 68
11 12
11 69
11 97
11 15
11 18
11 110
11 19
11 22
11 23
11 26
11 118
11 112
11 71
11 119
11 72
11 28
11 74
11 125
11 101
11 31
11 32
11 77
11 34
11 126
11 120
11 35
11 36
11 37
11 80
11 38
11 40
11 121
11 41
11 103
11 42
11 43
11 122
11 123
11 82
11 45
11 47
11 48
11 49
11 104
11 50
11 85
11 53
11 55
11 113
11 56
11 57
11 105
11 87
11 106
11 107
11 59
12 60
12 90
12 62
12 63
12 117
12 92
12 94
12 108
12 67
12 97
12 17
12 18
12 110
12 20
12 98
12 21
12 99
12 23
12 70
12 26
12 27
12 118
12 112
12 71
12 119
12 28
12 73
12 74
12 125
12 31
12 75
12 32
12 33
12 34
12 35
12 37
12 80
12 121
12 41
12 103
12 82
12 45
12 48
12 49
12 83
12 51
12 55
12 113
12 105
12 106
12 58
12 59
13 60
13 90
13 91
13 62
13 63
13 117
13 92
13 94
13 65
13 66
13 127
13 68
13 69
13 97
13 17
13 18
13 110
13 20
13 98
13 21
13 99
13 111
13 24
13 25
13 70
13 27
13 112
13 119
13 72
13 100
13 28
13 29
13 31
13 33
13 76
13 78
13 34
13 126
13 120
13 36
13 80
13 102
13 103
13 43
13 122
13 44
13 123
13 45
13 47
13 49
13 104
13 83
13 85
13 57
13 105
13 87
13 106
13 58
14 60
14 90
14 116
14 61
14 62
14 63
14 124
14 117
14 92
14 93
14 108
14 95
14 68
14 15
14 16
14 110
14 98
14 22
14 99
14 111
14 24
14 70
14 118
14 71
14 72
14 100
14 28
14 73
14 30
14 33
14 76
14 34
14 120
14 79
14 39
14 102
14 121
14 103
14 81
14 122
14 44
14 123
14 48
14 83
14 51
14 52
14 55
14 113
14 56
14 57
14 88
14 107
15 115
15 62
15 63
15 92
15 95
15 66
15 109
15 68
15 69
15 97
15 17
15 18
15 110
15 98
15 21
15 111
15 24
15 70
15 119
15 72
15 100
15 29
15 30
15 74
15 101
15 76
15 77
15 35
15 36
15 80
15 121
15 45
15 46
15 49
15 104
15 83
15 84
15 52
15 53
15 54
15 55
15 106
15 58
15 107
15 59
16 116
16 61
16 63
16 93
16 94
16 108
16 95
16 69
16 97
16 18
16 19
16 20
16 98
16 22
16 25
16 27
16 119
16 72
16 74
16 75
16 33
16 77
16 78
16 36
16 80
16 40
16 103
16 81
16 42
16 43
16 122
16 44
16 123
16 45
16 48
16 104
16 83
16 51
16 53
16 54
16 113
16 56
16 86
16 114
16 47
16 82
16 60
16 64
16 26
16 70
16 30
17 60
17 90
17 115
17 116
17 61
17 62
17 124
17 117
17 66
17 96
17 68
17 69
17 97
17 19
17 20
17 21
17 23
17 24
17 70
17 119
17 100
17 28
17 73
17 29
17 30
17 125
17 101
17 31
17 75
17 32
17 77
17 34
17 126
17 36
17 37
17 79
17 80
17 102
17 121
17 103
17 81
17 42
17 122
17 44
17 123
17 45
17 46
17 48
17 49
17 104
17 84
17 56
17 105
17 87
17 88
17 89
17 58
17 114
18 91
18 61
18 93
18 95
18 65
18 66
18 96
18 67
18 69
18 97
18 19
18 98
18 21
18 111
18 24
18 26
18 112
18 30
18 74
18 101
18 31
18 33
18 76
18 34
18 126
18 120
18 80
18 39
18 102
18 40
18 121
18 41
18 42
18 44
18 123
18 45
18 83
18 84
18 52
18 57
18 86
18 87
18 106
18 89
18 58
18 114
19 115
19 91
19 61
19 124
19 117
19 64
19 68
19 69
19 97
19 98
19 21
19 22
19 99
19 23
19 111
19 24
19 70
19 118
19 72
19 73
19 74
19 125
19 101
19 31
19 75
19 32
19 76
19 78
19 34
19 35
19 37
19 79
19 80
19 39
19 40
19 103
19 43
19 123
19 82
19 47
19 48
19 49
19 104
19 50
19 83
19 84
19 52
19 57
19 114
19 54
19 60
19 26
19 30
19 51
19 25
20 60
20 116
20 62
20 63
20 64
20 92
20 93
20 94
20 65
20 68
20 69
20 21
20 99
20 24
20 70
20 118
20 112
20 119
20 72
20 29
20 30
20 74
20 101
20 75
20 33
20 76
20 126
20 120
20 36
20 80
20 38
20 39
20 40
20 121
20 42
20 43
20 122
20 44
20 45
20 47
20 49
20 50
20 83
20 84
20 54
20 55
20 56
20 57
20 86
20 58
20 107
20 59
21 60
21 115
21 124
21 64
21 93
21 95
21 66
21 127
21 109
21 68
21 97
21 110
21 22
21 99
21 70
21 27
21 71
21 119
21 72
21 73
21 30
21 125
21 101
21 31
21 75
21 32
21 33
21 77
21 78
21 34
21 126
21 120
21 36
21 37
21 80
21 102
21 40
21 81
21 42
21 43
21 82
21 45
21 48
21 49
21 104
21 52
21 54
21 56
21 57
21 105
21 87
21 106
21 89
21 58
21 107
22 117
22 93
22 95
22 109
22 68
22 69
22 98
22 111
22 25
22 70
22 26
22 27
22 118
22 112
22 73
22 30
22 74
22 125
22 31
22 75
22 32
22 76
22 77
22 36
22 79
22 103
22 42
22 43
22 122
22 44
22 82
22 45
22 47
22 48
22 84
22 52
22 85
22 54
22 113
22 57
22 86
22 87
22 88
22 106
22 114
22 59
23 115
23 124
23 117
23 93
23 108
23 95
23 66
23 67
23 68
23 69
23 97
23 110
23 99
23 70
23 100
23 28
23 73
23 30
23 125
23 101
23 31
23 32
23 33
23 76
23 77
23 78
23 126
23 36
23 38
23 41
23 103
23 42
23 43
23 47
23 49
23 50
23 84
23 51
23 52
23 85
23 113
23 57
23 86
23 87
23 88
23 89
23 114
23 59
24 90
24 115
24 91
24 61
24 63
24 117
24 64
24 94
24 95
24 65
24 127
24 67
24 99
24 111
24 27
24 118
24 71
24 100
24 73
24 74
24 75
24 33
24 76
24 77
24 34
24 35
24 36
24 37
24 79
24 121
24 81
24 43
24 123
24 82
24 45
24 47
24 50
24 83
24 52
24 85
24 53
24 54
24 55
24 113
24 57
24 105
24 87
24 114
24 59
25 60
25 90
25 116
25 63
25 124
25 92
25 93
25 65
25 96
25 127
25 67
25 110
25 99
25 70
25 118
25 28
25 73
25 29
25 30
25 74
25 31
25 32
25 34
25 126
25 36
25 37
25 40
25 121
25 103
25 81
25 42
25 45
25 46
25 48
25 49
25 83
25 84
25 85
25 54
25 87
25 89
25 114
25 107
25 61
25 47
25 82
25 80
25 64
25 26
25 51
26 116
26 63
26 117
26 64
26 92
26 93
26 94
26 96
26 127
26 67
26 109
26 68
26 69
26 98
26 70
26 118
26 112
26 71
26 100
26 73
26 29
26 74
26 101
26 31
26 75
26 32
26 76
26 77
26 78
26 34
26 37
26 39
26 102
26 121
26 103
26 42
26 43
26 44
26 82
26 46
26 47
26 104
26 50
26 84
26 85
26 113
26 105
26 86
26 88
26 58
26 114
26 59
26 61
26 80
26 54
26 60
26 30
26 51
26 40
27 60
27 90
27 115
27 91
27 61
27 62
27 63
27 124
27 64
27 92
27 94
27 108
27 95
27 66
27 96
27 69
27 97
27 98
27 99
27 111
27 70
27 112
27 71
27 119
27 73
27 29
27 30
27 74
27 125
27 32
27 33
27 76
27 34
27 126
27 120
27 36
27 37
27 79
27 80
27 38
27 102
27 121
27 81
27 43
27 123
27 47
27 48
27 104
27 84
27 52
27 53
27 113
27 56
27 106
27 89
28 60
28 90
28 116
28 61
28 62
28 124
28 117
28 64
28 93
28 108
28 127
28 67
28 109
28 68
28 110
28 99
28 118
28 112
28 72
28 100
28 73
28 30
28 125
28 75
28 32
28 33
28 76
28 78
28 34
28 126
28 35
28 36
28 39
28 40
28 121
28 41
28 42
28 123
28 82
28 45
28 47
28 49
28 104
28 52
28 85
28 53
28 54
28 55
28 56
28 105
28 87
28 88
28 106
28 89
28 107
29 60
29 61
29 62
29 63
29 124
29 117
29 64
29 92
29 94
29 108
29 96
29 127
29 67
29 97
29 98
29 118
29 112
29 71
29 100
29 73
29 125
29 31
29 77
29 120
29 35
29 36
29 38
29 40
29 121
29 103
29 122
29 46
29 47
29 50
29 83
29 56
29 86
29 87
29 106
29 114
29 59
30 60
30 61
30 62
30 63
30 117
30 64
30 94
30 95
30 65
30 66
30 67
30 68
30 97
30 99
30 112
30 71
30 100
30 125
30 101
30 75
30 32
30 76
30 77
30 78
30 120
30 36
30 39
30 102
30 40
30 41
30 122
30 44
30 123
30 45
30 48
30 83
30 52
30 85
30 53
30 54
30 56
30 105
30 86
30 114
30 47
30 82
30 80
30 70
30 51
31 90
31 91
31 61
31 62
31 63
31 117
31 64
31 94
31 65
31 96
31 127
31 67
31 68
31 110
31 118
31 112
31 100
31 74
31 125
31 101
31 75
31 76
31 38
31 102
31 40
31 103
31 42
31 43
31 82
31 45
31 46
31 47
31 49
31 50
31 51
31 85
31 54
31 113
31 105
31 86
31 106
31 114
31 107
31 59
32 60
32 90
32 115
32 116
32 61
32 117
32 93
32 95
32 65
32 96
32 69
32 110
32 111
32 118
32 71
32 101
32 77
32 34
32 126
32 35
32 36
32 79
32 80
32 38
32 121
32 81
32 82
32 45
32 47
32 49
32 104
32 50
32 83
32 84
32 85
32 87
32 58
32 114
32 107
32 59
33 60
33 115
33 116
33 91
33 62
33 63
33 124
33 117
33 64
33 92
33 93
33 94
33 108
33 95
33 65
33 127
33 67
33 109
33 110
33 98
33 118
33 71
33 73
33 74
33 101
33 76
33 77
33 34
33 120
33 79
33 38
33 102
33 81
33 44
33 123
33 46
33 48
33 104
33 53
33 55
33 86
33 106
33 89
33 59
34 60
34 115
34 116
34 91
34 61
34 64
34 108
34 95
34 127
34 98
34 99
34 70
34 119
34 72
34 100
34 74
34 101
34 76
34 78
34 35
34 36
34 37
34 39
34 102
34 40
34 41
34 43
34 122
34 123
34 48
34 49
34 53
34 54
34 55
34 57
34 87
34 88
34 89
34 107
35 60
35 90
35 91
35 61
35 62
35 63
35 124
35 117
35 64
35 92
35 108
35 95
35 65
35 66
35 68
35 69
35 97
35 110
35 118
35 71
35 74
35 75
35 126
35 37
35 79
35 80
35 38
35 39
35 40
35 103
35 81
35 42
35 122
35 44
35 50
35 83
35 84
35 51
35 85
35 53
35 54
35 55
35 57
35 105
35 88
35 89
35 114
35 59
36 60
36 115
36 91
36 62
36 117
36 64
36 92
36 93
36 94
36 95
36 66
36 96
36 127
36 68
36 98
36 111
36 118
36 71
36 100
36 73
36 74
36 75
36 78
36 126
36 120
36 39
36 40
36 121
36 41
36 43
36 82
36 45
36 47
36 49
36 104
36 83
36 84
36 51
36 85
36 54
36 55
36 56
36 57
36 86
36 87
36 106
36 89
36 58
36 114
36 107
37 60
37 90
37 91
37 61
37 62
37 124
37 117
37 92
37 108
37 95
37 65
37 66
37 127
37 109
37 68
37 110
37 111
37 70
37 71
37 119
37 74
37 125
37 75
37 76
37 77
37 79
37 80
37 102
37 121
37 41
37 103
37 81
37 123
37 45
37 49
37 52
37 53
37 113
37 56
37 57
37 86
37 89
37 107
37 59
38 61
38 124
38 117
38 64
38 94
38 108
38 66
38 96
38 127
38 67
38 97
38 110
38 98
38 111
38 70
38 112
38 119
38 72
38 101
38 75
38 76
38 78
38 102
38 121
38 41
38 81
38 42
38 122
38 123
38 82
38 45
38 48
38 104
38 83
38 51
38 113
38 105
38 86
38 88
38 106
38 89
38 107
38 59
39 60
39 90
39 62
39 63
39 124
39 64
39 93
39 108
39 95
39 65
39 66
39 96
39 127
39 109
39 68
39 99
39 111
39 118
39 71
39 72
39 78
39 120
39 80
39 102
39 40
39 121
39 41
39 103
39 81
39 43
39 122
39 44
39 46
39 48
39 83
39 52
39 54
39 113
39 105
39 87
39 88
39 89
39 114
39 107
39 59
40 60
40 115
40 91
40 92
40 93
40 94
40 108
40 95
40 65
40 127
40 67
40 98
40 99
40 111
40 70
40 118
40 72
40 77
40 126
40 79
40 121
40 43
40 44
40 82
40 45
40 47
40 104
40 51
40 85
40 53
40 54
40 55
40 57
40 105
40 87
40 88
40 89
40 58
40 114
40 59
40 61
40 80
40 64
41 90
41 91
41 63
41 124
41 108
41 95
41 127
41 67
41 68
41 69
41 97
41 110
41 99
41 111
41 112
41 71
41 119
41 72
41 73
41 101
41 76
41 78
41 121
41 42
41 43
41 122
41 45
41 46
41 47
41 104
41 50
41 52
41 53
41 55
41 113
41 56
41 57
41 86
41 87
41 106
41 114
41 59
42 90
42 116
42 62
42 124
42 93
42 108
42 96
42 127
42 69
42 99
42 111
42 118
42 71
42 100
42 75
42 77
42 126
42 79
42 80
42 121
42 103
42 81
42 44
42 123
42 45
42 46
42 47
42 49
42 50
42 83
42 51
42 53
42 55
42 113
42 56
42 105
42 88
42 89
42 114
42 107
42 59
43 90
43 115
43 116
43 62
43 63
43 124
43 93
43 108
43 65
43 96
43 67
43 69
43 99
43 70
43 112
43 71
43 100
43 101
43 75
43 120
43 80
43 102
43 103
43 81
43 45
43 46
43 47
43 48
43 83
43 84
43 85
43 113
43 57
43 86
43 88
43 58
43 59
44 60
44 90
44 115
44 116
44 61
44 62
44 124
44 117
44 64
44 92
44 93
44 95
44 66
44 96
44 67
44 69
44 97
44 110
44 111
44 71
44 72
44 100
44 125
44 101
44 80
44 121
44 81
44 122
44 82
44 46
44 48
44 50
44 83
44 84
44 51
44 85
44 54
44 55
44 113
44 105
44 87
44 106
44 89
44 59
45 90
45 115
45 91
45 92
45 108
45 95
45 65
45 66
45 127
45 109
45 68
45 97
45 110
45 98
45 111
45 118
45 72
45 74
45 125
45 101
45 77
45 102
45 103
45 81
45 123
45 82
45 46
45 48
45 50
45 84
45 52
45 85
45 53
45 54
45 106
45 107
45 59
46 116
46 91
46 61
46 94
46 95
46 65
46 66
46 96
46 127
46 97
46 110
46 99
46 70
46 112
46 71
46 119
46 72
46 73
46 74
46 125
46 76
46 77
46 78
46 126
46 79
46 80
46 121
46 103
46 81
46 123
46 47
46 83
46 84
46 55
46 57
46 105
46 88
47 60
47 115
47 116
47 61
47 63
47 124
47 64
47 92
47 93
47 94
47 95
47 127
47 67
47 109
47 97
47 99
47 118
47 71
47 119
47 72
47 73
47 74
47 76
47 77
47 78
47 126
47 80
47 102
47 121
47 103
47 81
47 82
47 104
47 50
47 51
47 54
47 55
47 57
47 87
47 106
47 58
47 114
47 70
48 60
48 90
48 115
48 108
48 95
48 65
48 96
48 127
48 109
48 110
48 118
48 119
48 73
48 125
48 75
48 76
48 126
48 120
48 121
48 103
48 81
48 123
48 50
48 84
48 85
48 53
48 55
48 113
48 57
48 105
48 86
48 87
48 106
48 107
48 59
49 90
49 115
49 116
49 91
49 61
49 64
49 94
49 95
49 66
49 96
49 127
49 97
49 110
49 99
49 111
49 70
49 112
49 73
49 125
49 101
49 76
49 126
49 80
49 102
49 103
49 83
49 84
49 51
49 52
49 85
49 54
49 55
49 113
49 56
49 57
49 87
49 106
49 114
49 107
50 90
50 116
50 91
50 61
50 63
50 124
50 64
50 94
50 96
50 127
50 67
50 69
50 110
50 99
50 70
50 71
50 119
50 72
50 100
50 73
50 125
50 101
50 75
50 76
50 78
50 120
50 79
50 102
50 81
50 122
50 82
50 104
50 83
50 84
50 53
50 55
50 57
50 88
51 60
51 90
51 91
51 61
51 62
51 63
51 117
51 64
51 94
51 108
51 95
51 68
51 97
51 110
51 112
51 73
51 125
51 78
51 126
51 120
51 79
51 81
51 122
51 84
51 85
51 53
51 55
51 113
51 56
51 86
51 106
51 58
51 107
51 59
51 114
51 82
51 80
51 54
51 70
52 91
52 63
52 124
52 92
52 93
52 94
52 127
52 109
52 68
52 97
52 98
52 99
52 111
52 112
52 72
52 101
52 75
52 76
52 77
52 78
52 102
52 103
52 81
52 122
52 104
52 84
52 55
52 56
52 86
52 89
52 107
52 59
53 115
53 116
53 117
53 64
53 92
53 94
53 67
53 109
53 69
53 97
53 98
53 70
53 119
53 100
53 74
53 125
53 75
53 77
53 126
53 120
53 79
53 80
53 121
53 122
53 82
53 104
53 54
53 113
53 88
53 106
53 58
53 107
54 60
54 90
54 115
54 116
54 61
54 124
54 64
54 92
54 95
54 96
54 67
54 109
54 68
54 69
54 97
54 98
54 112
54 71
54 119
54 73
54 75
54 77
54 120
54 79
54 80
54 103
54 81
54 123
54 82
54 113
54 56
54 86
54 106
54 89
54 114
54 107
54 59
54 70
55 90
55 115
55 116
55 61
55 62
55 63
55 117
55 92
55 93
55 94
55 108
55 66
55 127
55 67
55 68
55 69
55 97
55 110
55 111
55 118
55 112
55 119
55 100
55 101
55 76
55 77
55 122
55 123
55 82
55 87
55 89
55 114
56 60
56 115
56 117
56 64
56 94
56 108
56 65
56 96
56 109
56 68
56 69
56 70
56 71
56 119
56 72
56 74
56 75
56 76
56 77
56 78
56 126
56 120
56 79
56 80
56 121
56 81
56 122
56 104
56 84
56 85
56 113
56 105
56 87
56 106
56 114
56 59
57 60
57 90
57 115
57 62
57 63
57 117
57 92
57 93
57 65
57 67
57 68
57 99
57 118
57 71
57 77
57 78
57 79
57 80
57 102
57 122
57 123
57 84
57 85
57 86
57 106
57 58
58 60
58 90
58 115
58 61
58 62
58 117
58 92
58 94
58 108
58 95
58 65
58 96
58 67
58 109
58 97
58 70
58 118
58 119
58 72
58 100
58 74
58 101
58 78
58 126
58 121
58 81
58 122
58 82
58 84
58 86
58 89
58 114
58 107
58 59
59 60
59 90
59 115
59 63
59 117
59 64
59 65
59 66
59 96
59 127
59 109
59 68
59 69
59 118
59 112
59 73
59 74
59 76
59 78
59 126
59 120
59 79
59 80
59 102
59 103
59 105
59 86
59 88
60 115
60 116
60 61
60 62
60 94
60 108
60 95
60 65
60 66
60 127
60 67
60 68
60 69
60 110
60 98
60 99
60 111
60 112
60 119
60 72
60 101
60 126
60 120
60 80
60 121
60 81
60 122
60 82
60 104
60 86
60 87
60 114
60 64
60 70
61 62
61 63
61 124
61 108
61 65
61 66
61 96
61 127
61 109
61 68
61 98
61 99
61 70
61 71
61 119
61 100
61 73
61 125
61 101
61 76
61 77
61 126
61 79
61 80
61 103
61 123
61 82
61 104
61 84
61 113
61 105
61 87
61 106
61 114
61 64
62 90
62 63
62 117
62 93
62 108
62 95
62 127
62 67
62 68
62 110
62 98
62 71
62 119
62 73
62 74
62 125
62 75
62 76
62 77
62 78
62 126
62 79
62 102
62 104
62 83
62 84
62 85
62 113
62 87
62 106
62 89
62 114
62 107
63 115
63 116
63 91
63 64
63 93
63 65
63 66
63 96
63 127
63 68
63 69
63 97
63 99
63 111
63 70
63 112
63 71
63 119
63 72
63 73
63 74
63 125
63 101
63 120
63 79
63 102
63 121
63 103
63 81
63 122
63 104
63 83
63 84
63 85
63 105
63 87
63 89
64 90
64 115
64 124
64 117
64 93
64 94
64 95
64 66
64 96
64 67
64 109
64 68
64 98
64 119
64 73
64 74
64 125
64 101
64 75
64 76
64 126
64 120
64 121
64 81
64 104
64 114
64 82
64 80
64 70
65 90
65 116
65 91
65 117
65 93
65 67
65 110
65 98
65 111
65 71
65 119
65 72
65 100
65 73
65 74
65 76
65 78
65 126
65 120
65 123
65 82
65 104
65 83
65 85
65 105
65 87
65 88
65 89
65 114
65 107
66 115
66 116
66 124
66 117
66 92
66 95
66 127
66 67
66 109
66 69
66 97
66 110
66 111
66 70
66 112
66 71
66 119
66 73
66 74
66 101
66 75
66 76
66 120
66 102
66 81
66 123
66 83
66 86
66 87
66 88
66 106
66 89
66 114
67 91
67 117
67 94
67 108
67 95
67 127
67 97
67 110
67 111
67 118
67 112
67 71
67 72
67 73
67 74
67 101
67 77
67 78
67 126
67 102
67 121
67 103
67 81
67 83
67 84
67 113
67 87
67 114
67 107
68 91
68 117
68 96
68 109
68 98
68 99
68 118
68 112
68 71
68 119
68 72
68 73
68 125
68 101
68 75
68 78
68 80
68 103
68 81
68 122
68 123
68 104
68 83
68 84
68 85
68 105
68 87
68 106
68 89
68 114
69 90
69 115
69 117
69 93
69 94
69 108
69 95
69 109
69 100
69 101
69 78
69 120
69 102
69 103
69 81
69 122
69 82
69 83
69 84
69 105
69 86
69 87
69 88
69 89
69 107
70 90
70 115
70 91
70 117
70 92
70 93
70 127
70 99
70 71
70 72
70 100
70 73
70 75
70 77
70 78
70 80
70 81
70 82
70 104
70 83
70 84
70 85
70 88
70 89
70 114
71 90
71 115
71 91
71 117
71 92
71 93
71 94
71 95
71 109
71 97
71 110
71 98
71 118
71 72
71 100
71 74
71 76
71 77
71 78
71 126
71 79
71 102
71 81
71 82
71 104
71 83
71 84
71 86
71 87
71 88
71 89
72 90
72 116
72 124
72 108
72 127
72 109
72 110
72 111
72 118
72 112
72 119
72 74
72 125
72 76
72 77
72 78
72 126
72 120
72 80
72 102
72 121
72 122
72 123
72 82
72 104
72 83
72 88
72 106
72 89
73 115
73 116
73 91
73 94
73 127
73 97
73 110
73 118
73 112
73 119
73 74
73 125
73 75
73 78
73 126
73 120
73 121
73 103
73 81
73 122
73 123
73 83
73 84
73 85
73 113
73 87
73 88
73 89
74 91
74 92
74 95
74 96
74 109
74 98
74 99
74 118
74 75
74 120
74 79
74 121
74 122
74 82
74 104
74 83
74 84
74 85
74 88
74 106
74 107
75 90
75 116
75 124
75 92
75 108
75 96
75 127
75 109
75 110
75 98
75 119
75 100
75 125
75 76
75 78
75 79
75 80
75 121
75 103
75 81
75 104
75 84
75 85
75 113
75 86
75 87
75 106
76 90
76 91
76 117
76 92
76 93
76 94
76 108
76 96
76 127
76 98
76 111
76 119
76 125
76 126
76 120
76 80
76 103
76 81
76 122
76 82
76 104
76 83
76 84
76 105
76 86
76 87
76 88
77 116
77 92
77 93
77 94
77 95
77 109
77 110
77 111
77 118
77 119
77 100
77 78
77 126
77 120
77 102
77 122
77 83
77 84
77 85
77 88
77 114
78 90
78 116
78 91
78 124
78 117
78 93
78 94
78 127
78 109
78 110
78 98
78 99
78 119
78 100
78 125
78 120
78 80
78 121
78 122
78 123
78 82
78 83
78 84
78 85
78 105
78 86
78 87
78 106
78 89
78 114
78 107
79 90
79 115
79 116
79 117
79 92
79 108
79 96
79 127
79 109
79 99
79 111
79 118
79 80
79 102
79 121
79 81
79 122
79 123
79 82
79 104
79 113
79 105
79 86
79 88
79 114
79 107
80 115
80 91
80 124
80 117
80 92
80 93
80 95
80 127
80 109
80 110
80 99
80 118
80 112
80 100
80 126
80 121
80 81
80 122
80 123
80 82
80 104
80 83
80 87
80 88
80 89
80 114
81 115
81 124
81 117
81 92
81 93
81 94
81 96
81 109
81 99
81 111
81 118
81 119
81 126
81 102
81 121
81 122
81 123
81 104
81 85
81 105
81 114
81 107
82 90
82 124
82 117
82 93
82 95
82 127
82 109
82 97
82 110
82 98
82 118
82 112
82 121
82 123
82 104
82 85
82 105
82 87
82 89
82 114
82 107
83 90
83 116
83 91
83 92
83 108
83 95
83 110
83 118
83 112
83 100
83 101
83 126
83 120
83 102
83 122
83 85
83 113
83 105
83 86
83 87
83 88
83 89
83 107
84 117
84 93
84 108
84 96
84 109
84 110
84 98
84 99
84 111
84 112
84 125
84 120
84 102
84 103
84 122
84 113
84 105
84 86
84 106
84 107
85 90
85 115
85 116
85 124
85 117
85 92
85 95
85 96
85 127
85 110
85 99
85 111
85 118
85 112
85 101
85 113
85 105
85 86
85 89
85 114
85 107
86 92
86 93
86 94
86 108
86 96
86 127
86 109
86 97
86 110
86 98
86 99
86 112
86 119
86 100
86 125
86 120
86 123
86 104
86 105
86 88
86 107
87 115
87 91
87 117
87 108
87 127
87 110
87 119
87 100
87 126
87 102
87 121
87 103
87 123
87 113
87 105
87 106
87 114
88 90
88 91
88 117
88 92
88 93
88 127
88 97
88 110
88 98
88 99
88 118
88 112
88 119
88 120
88 102
88 121
88 103
88 104
88 113
88 105
88 106
88 89
88 114
89 91
89 117
89 96
89 97
89 99
89 126
89 120
89 121
89 123
89 104
89 113
89 105
89 106
90 115
90 91
90 92
90 94
90 108
90 95
90 127
90 110
90 99
90 118
90 112
90 119
90 125
90 101
90 120
90 122
90 104
90 113
90 106
90 107
91 115
91 124
91 92
91 108
91 95
91 127
91 97
91 98
91 99
91 111
91 118
91 112
91 119
91 100
91 125
91 101
91 102
91 122
91 104
91 113
91 114
92 115
92 116
92 124
92 108
92 95
92 96
92 127
92 97
92 99
92 111
92 120
92 102
92 121
92 104
92 113
92 105
92 106
92 114
93 115
93 124
93 117
93 94
93 108
93 96
93 127
93 109
93 97
93 110
93 111
93 112
93 119
93 125
93 101
93 120
93 122
93 123
93 113
93 105
94 115
94 116
94 117
94 96
94 109
94 97
94 99
94 111
94 100
94 101
94 126
94 120
94 102
94 103
94 122
94 104
94 113
94 107
95 115
95 116
95 124
95 108
95 96
95 127
95 97
95 99
95 119
95 101
95 121
95 122
95 104
95 106
96 117
96 127
96 98
96 99
96 118
96 119
96 100
96 125
96 101
96 121
96 122
96 104
96 105
96 106
97 115
97 116
97 124
97 117
97 109
97 98
97 99
97 111
97 118
97 119
97 100
97 120
97 102
97 103
97 122
97 104
97 113
97 105
97 106
97 114
98 116
98 108
98 110
98 112
98 119
98 125
98 120
98 121
98 103
98 122
98 123
98 107
99 116
99 124
99 117
99 108
99 110
99 111
99 118
99 119
99 125
99 101
99 120
99 102
99 121
99 113
99 106
99 114
99 107
100 116
100 124
100 110
100 111
100 118
100 119
100 102
100 121
100 103
100 122
100 123
100 105
100 107
101 124
101 117
101 127
101 110
101 111
101 112
101 125
101 102
101 121
101 122
101 123
101 106
102 115
102 117
102 108
102 109
102 111
102 118
102 119
102 125
102 126
102 120
102 103
102 122
102 123
102 104
102 113
102 105
102 107
103 115
103 116
103 124
103 117
103 108
103 109
103 111
103 118
103 119
103 125
103 122
103 113
103 105
103 106
103 107
104 124
104 117
104 108
104 127
104 112
104 119
104 120
104 121
104 113
104 107
105 124
105 117
105 108
105 109
105 110
105 125
105 121
105 122
105 113
105 106
106 115
106 116
106 117
106 108
106 127
106 109
106 112
106 125
106 120
106 113
106 114
107 115
107 124
107 117
107 108
107 127
107 109
107 110
107 111
107 112
107 125
107 120
107 121
107 122
108 115
108 117
108 127
108 110
108 118
108 112
108 119
108 126
108 120
108 121
108 113
109 115
109 116
109 110
109 111
109 119
109 120
109 121
109 122
109 114
109 125
109 113
109 124
109 123
110 115
110 116
110 117
110 111
110 118
110 119
110 125
110 121
110 122
111 127
111 124
111 119
111 126
111 120
111 121
111 122
111 123
112 116
112 124
112 126
112 121
112 123
112 113
113 115
113 116
113 119
113 122
113 114
113 117
113 123
114 115
114 116
114 127
114 126
114 122
114 125
115 116
115 118
115 126
115 121
115 122
116 117
116 118
116 119
116 120
116 121
116 122
116 123
117 127
117 126
117 120
117 121
117 118
117 123
118 119
118 120
118 125
119 126
119 120
119 121
119 123
120 126
120 124
120 125
120 123
121 127
121 126
121 122
121 123
122 124
122 123
123 124
124 127
125 126
