0 1
0 2
0 3
0 4
0 5
0 6
0 7
0 8
0 9
0 10
0 11
0 12
0 13
0 14
0 15
0 16
0 17
0 18
0 19
0 20
0 21
0 22
0 23
0 24
0 25
0 26
0 27
0 28
0 29
0 30
0 31
0 32
0 33
0 34
0 35
0 36
0 37
0 38
0 39
0 40
0 41
0 42
0 43
0 44
0 45
0 46
0 47
0 48
0 49
0 50
0 51
0 52
0 53
0 54
0 55
0 56
0 57
0 58
0 59
0 60
0 61
1 3
1 4
1 6
1 62
1 63
1 64
1 65
1 66
1 10
1 11
1 67
1 13
1 69
1 14
1 15
1 70
1 17
1 71
1 72
1 73
1 74
1 75
1 20
1 22
1 76
1 23
1 24
1 77
1 26
1 27
1 28
1 78
1 79
1 80
1 33
1 81
1 82
1 83
1 38
1 84
1 85
1 39
1 86
1 87
1 88
1 89
1 41
1 90
1 42
1 45
1 46
1 91
1 47
1 92
1 93
1 51
1 94
1 95
1 96
1 53
1 55
1 57
1 97
1 59
1 60
2 6
2 98
2 99
2 62
2 7
2 9
2 65
2 101
2 12
2 13
2 68
2 14
2 16
2 71
2 19
2 72
2 74
2 20
2 21
2 26
2 27
2 29
2 102
2 103
2 30
2 32
2 105
2 79
2 34
2 82
2 35
2 106
2 107
2 108
2 38
2 84
2 86
2 89
2 90
2 111
2 112
2 46
2 48
2 92
2 94
2 113
2 56
2 40
2 42
2 41
2 50
2 53
2 76
2 28
2 122
2 115
2 47
2 23
2 104
2 109
3 6
3 98
3 62
3 63
3 8
3 64
3 9
3 65
3 66
3 67
3 13
3 68
3 16
3 18
3 114
3 19
3 74
3 75
3 20
3 22
3 115
3 27
3 78
3 29
3 102
3 30
3 32
3 105
3 80
3 33
3 81
3 35
3 83
3 116
3 117
3 38
3 84
3 86
3 40
3 89
3 90
3 110
3 111
3 112
3 45
3 91
3 118
3 47
3 48
3 49
3 119
3 94
3 113
3 53
3 54
3 57
3 97
3 60
4 7
4 100
4 65
4 66
4 67
4 13
4 120
4 16
4 17
4 114
4 20
4 22
4 23
4 26
4 28
4 78
4 102
4 104
4 30
4 31
4 32
4 105
4 80
4 34
4 81
4 121
4 35
4 36
4 37
4 106
4 116
4 107
4 108
4 38
4 40
4 88
4 90
4 109
4 110
4 111
4 42
4 122
4 44
4 45
4 123
4 46
4 91
4 118
4 92
4 51
4 119
4 96
4 56
4 97
4 59
4 60
5 98
5 99
5 62
5 63
5 7
5 8
5 64
5 9
5 100
5 65
5 66
5 10
5 12
5 67
5 120
5 69
5 70
5 17
5 72
5 73
5 74
5 75
5 20
5 115
5 23
5 25
5 124
5 77
5 78
5 29
5 102
5 103
5 30
5 105
5 79
5 33
5 34
5 81
5 35
5 106
5 116
5 117
5 39
5 86
5 87
5 88
5 41
5 111
5 42
5 43
5 44
5 45
5 92
5 93
5 125
5 52
5 119
5 94
5 97
5 59
5 60
5 61
6 98
6 63
6 7
6 64
6 66
6 10
6 101
6 68
6 69
6 14
6 70
6 16
6 71
6 18
6 126
6 72
6 73
6 20
6 22
6 23
6 24
6 25
6 124
6 27
6 28
6 104
6 32
6 80
6 121
6 106
6 83
6 107
6 108
6 38
6 85
6 39
6 86
6 89
6 41
6 110
6 122
6 45
6 47
6 92
6 125
6 52
6 119
6 113
6 96
6 55
6 57
6 59
7 98
7 99
7 64
7 100
7 65
7 66
7 101
7 12
7 67
7 15
7 127
7 70
7 17
7 71
7 114
7 72
7 73
7 22
7 115
7 23
7 24
7 25
7 124
7 26
7 28
7 29
7 103
7 32
7 79
7 80
7 36
7 37
7 83
7 116
7 38
7 84
7 85
7 39
7 88
7 89
7 41
7 90
7 109
7 110
7 42
7 122
7 45
7 123
7 46
7 91
7 118
7 48
7 92
7 49
7 125
7 52
7 95
7 113
7 53
7 54
7 55
7 57
7 61
8 98
8 99
8 62
8 63
8 64
8 100
8 66
8 10
8 11
8 12
8 67
8 15
8 127
8 16
8 17
8 114
8 126
8 72
8 73
8 74
8 75
8 20
8 21
8 22
8 24
8 124
8 78
8 29
8 103
8 104
8 32
8 79
8 34
8 37
8 106
8 83
8 38
8 85
8 87
8 90
8 111
8 42
8 44
8 45
8 123
8 47
8 93
8 52
8 94
8 95
8 54
8 56
9 98
9 64
9 100
9 66
9 10
9 68
9 14
9 127
9 70
9 17
9 18
9 114
9 19
9 72
9 73
9 75
9 20
9 115
9 76
9 25
9 77
9 26
9 78
9 102
9 104
9 32
9 105
9 79
9 80
9 81
9 35
9 36
9 106
9 116
9 107
9 38
9 87
9 88
9 89
9 90
9 109
9 110
9 91
9 48
9 92
9 50
9 93
9 51
9 125
9 119
9 95
9 53
9 97
9 58
9 59
9 40
9 42
9 41
9 113
9 56
9 82
9 28
9 122
9 47
9 23
10 99
10 62
10 63
10 100
10 66
10 13
10 120
10 68
10 15
10 70
10 17
10 71
10 19
10 126
10 73
10 74
10 20
10 115
10 25
10 26
10 78
10 30
10 32
10 105
10 33
10 34
10 81
10 82
10 36
10 38
10 84
10 85
10 86
10 87
10 40
10 89
10 41
10 42
10 44
10 45
10 91
10 47
10 50
10 51
10 125
10 119
10 96
10 55
10 59
10 60
11 98
11 62
11 63
11 68
11 69
11 15
11 127
11 70
11 16
11 17
11 18
11 114
11 19
11 126
11 72
11 73
11 21
11 22
11 115
11 23
11 24
11 124
11 27
11 78
11 102
11 103
11 30
11 31
11 80
11 81
11 121
11 106
11 107
11 108
11 86
11 40
11 41
11 90
11 43
11 112
11 122
11 123
11 91
11 48
11 93
11 51
11 52
11 119
11 96
11 56
11 59
12 98
12 62
12 100
12 101
12 67
12 14
12 70
12 17
12 18
12 19
12 126
12 74
12 21
12 22
12 76
12 23
12 77
12 28
12 104
12 30
12 31
12 105
12 33
12 34
12 81
12 82
12 35
12 37
12 106
12 116
12 108
12 84
12 85
12 39
12 86
12 40
12 88
12 89
12 41
12 109
12 42
12 43
12 45
12 91
12 118
12 47
12 125
12 52
12 113
12 53
12 54
12 56
12 97
12 59
12 61
13 63
13 100
13 68
13 14
13 15
13 70
13 16
13 71
13 114
13 19
13 72
13 73
13 75
13 20
13 21
13 22
13 76
13 23
13 77
13 26
13 78
13 103
13 30
13 32
13 33
13 34
13 81
13 36
13 37
13 106
13 83
13 116
13 107
13 108
13 117
13 85
13 40
13 88
13 89
13 109
13 111
13 42
13 122
13 44
13 45
13 123
13 91
13 118
13 92
13 125
13 52
13 119
13 94
13 95
13 55
13 56
13 61
14 62
14 63
14 65
14 67
14 69
14 127
14 16
14 114
14 72
14 75
14 24
14 25
14 26
14 28
14 78
14 29
14 103
14 104
14 105
14 79
14 34
14 81
14 121
14 35
14 37
14 83
14 38
14 39
14 87
14 40
14 88
14 89
14 41
14 90
14 109
14 110
14 112
14 45
14 118
14 48
14 49
14 93
14 94
14 95
14 96
14 54
14 55
14 57
15 98
15 62
15 65
15 66
15 101
15 68
15 127
15 71
15 18
15 114
15 19
15 21
15 22
15 115
15 76
15 25
15 124
15 27
15 78
15 102
15 103
15 104
15 31
15 34
15 82
15 35
15 106
15 108
15 117
15 84
15 85
15 39
15 87
15 88
15 41
15 110
15 43
15 122
15 44
15 45
15 118
15 48
15 92
15 49
15 93
15 125
15 95
15 54
15 60
16 99
16 63
16 64
16 65
16 127
16 70
16 17
16 71
16 126
16 72
16 73
16 22
16 115
16 23
16 25
16 26
16 78
16 104
16 31
16 32
16 79
16 80
16 33
16 81
16 121
16 82
16 36
16 106
16 83
16 38
16 86
16 87
16 88
16 89
16 41
16 90
16 110
16 112
16 122
16 44
16 45
16 118
16 48
16 50
16 93
16 119
16 94
16 54
16 60
16 61
17 99
17 62
17 63
17 100
17 65
17 101
17 67
17 114
17 19
17 72
17 73
17 75
17 22
17 115
17 24
17 25
17 124
17 77
17 27
17 28
17 104
17 30
17 31
17 105
17 80
17 34
17 121
17 82
17 36
17 116
17 85
17 39
17 86
17 87
17 40
17 90
17 109
17 110
17 111
17 42
17 45
17 48
17 51
17 52
17 119
17 96
17 55
17 58
17 59
18 99
18 62
18 63
18 64
18 65
18 67
18 114
18 19
18 73
18 75
18 21
18 115
18 24
18 25
18 124
18 77
18 26
18 29
18 102
18 32
18 79
18 33
18 34
18 81
18 121
18 82
18 36
18 37
18 106
18 83
18 107
18 108
18 38
18 39
18 40
18 90
18 111
18 42
18 43
18 122
18 118
18 50
18 119
18 113
18 54
18 97
18 58
18 59
18 60
19 98
19 99
19 62
19 63
19 101
19 67
19 69
19 71
19 114
19 126
19 72
19 74
19 75
19 115
19 23
19 24
19 124
19 26
19 78
19 29
19 102
19 30
19 31
19 105
19 80
19 34
19 81
19 121
19 82
19 35
19 106
19 108
19 84
19 39
19 87
19 40
19 41
19 109
19 110
19 111
19 42
19 43
19 112
19 45
19 123
19 48
19 49
19 50
19 93
19 51
19 125
19 52
19 94
19 95
19 55
19 57
19 59
19 60
19 61
20 98
20 62
20 100
20 65
20 101
20 67
20 120
20 127
20 70
20 71
20 72
20 74
20 21
20 115
20 76
20 23
20 27
20 28
20 78
20 29
20 102
20 30
20 32
20 105
20 79
20 80
20 33
20 82
20 37
20 106
20 116
20 107
20 108
20 39
20 86
20 88
20 89
20 41
20 109
20 110
20 43
20 44
20 45
20 91
20 118
20 47
20 49
20 50
20 93
20 51
20 125
20 52
20 54
20 56
20 57
20 97
20 58
21 98
21 62
21 67
21 120
21 127
21 70
21 71
21 126
21 23
21 25
21 124
21 28
21 104
21 30
21 31
21 32
21 105
21 79
21 33
21 34
21 81
21 121
21 35
21 37
21 106
21 83
21 107
21 117
21 84
21 85
21 39
21 86
21 87
21 89
21 90
21 109
21 111
21 43
21 122
21 44
21 46
21 50
21 51
21 125
21 95
21 113
21 96
21 57
21 97
21 59
21 61
22 98
22 99
22 100
22 65
22 101
22 120
22 68
22 69
22 70
22 71
22 114
22 126
22 74
22 76
22 23
22 25
22 124
22 77
22 28
22 78
22 29
22 102
22 104
22 31
22 79
22 80
22 81
22 36
22 37
22 83
22 116
22 117
22 38
22 85
22 86
22 89
22 110
22 111
22 43
22 122
22 44
22 46
22 47
22 92
22 49
22 50
22 93
22 51
22 125
22 52
22 94
22 113
22 96
22 53
22 54
22 57
22 58
22 59
22 60
22 61
23 62
23 63
23 64
23 65
23 66
23 69
23 127
23 70
23 72
23 73
23 76
23 124
23 26
23 27
23 28
23 29
23 103
23 104
23 31
23 32
23 79
23 80
23 34
23 81
23 83
23 116
23 107
23 39
23 86
23 110
23 111
23 42
23 43
23 44
23 123
23 46
23 118
23 47
23 51
23 94
23 95
23 113
23 96
23 55
23 56
23 97
23 59
23 60
23 61
23 40
23 41
23 50
23 53
23 82
23 122
23 68
23 115
23 109
24 99
24 62
24 63
24 64
24 100
24 65
24 66
24 101
24 120
24 68
24 69
24 127
24 72
24 73
24 75
24 76
24 25
24 124
24 26
24 28
24 102
24 103
24 31
24 32
24 79
24 80
24 33
24 34
24 81
24 121
24 83
24 116
24 107
24 108
24 84
24 85
24 39
24 86
24 88
24 42
24 43
24 112
24 44
24 45
24 91
24 118
24 47
24 92
24 50
24 93
24 51
24 52
24 119
24 113
24 96
24 53
24 57
24 97
25 62
25 64
25 65
25 120
25 68
25 127
25 70
25 71
25 126
25 72
25 74
25 75
25 76
25 124
25 78
25 29
25 102
25 104
25 31
25 105
25 79
25 80
25 33
25 81
25 82
25 83
25 107
25 38
25 85
25 39
25 86
25 40
25 88
25 89
25 41
25 42
25 43
25 118
25 92
25 93
25 52
25 53
25 54
25 56
25 57
25 58
26 98
26 63
26 65
26 66
26 101
26 127
26 71
26 126
26 73
26 115
26 124
26 29
26 104
26 31
26 32
26 105
26 79
26 80
26 82
26 35
26 36
26 37
26 116
26 108
26 117
26 84
26 86
26 40
26 89
26 43
26 112
26 122
26 123
26 46
26 91
26 118
26 48
26 49
26 93
26 125
26 52
26 95
26 54
26 55
26 59
26 60
27 98
27 62
27 63
27 65
27 101
27 67
27 68
27 69
27 127
27 70
27 71
27 72
27 73
27 75
27 115
27 76
27 124
27 28
27 78
27 102
27 104
27 30
27 32
27 105
27 79
27 33
27 81
27 36
27 106
27 107
27 117
27 38
27 85
27 39
27 40
27 89
27 41
27 90
27 109
27 111
27 42
27 43
27 112
27 45
27 46
27 48
27 92
27 50
27 93
27 94
27 96
27 53
27 54
27 55
27 97
27 59
27 60
28 99
28 63
28 100
28 65
28 101
28 67
28 69
28 127
28 70
28 71
28 126
28 72
28 75
28 115
28 30
28 31
28 32
28 105
28 79
28 121
28 82
28 36
28 107
28 84
28 87
28 40
28 89
28 90
28 109
28 111
28 112
28 45
28 123
28 47
28 48
28 49
28 50
28 93
28 51
28 125
28 119
28 96
28 55
28 56
28 60
28 42
28 41
28 113
28 53
28 76
28 122
28 68
28 104
29 98
29 62
29 64
29 100
29 65
29 66
29 67
29 69
29 127
29 126
29 72
29 73
29 74
29 75
29 124
29 77
29 78
29 102
29 103
29 104
29 31
29 32
29 79
29 80
29 33
29 36
29 116
29 38
29 84
29 85
29 39
29 86
29 88
29 89
29 110
29 111
29 43
29 45
29 123
29 91
29 47
29 50
29 93
29 51
29 52
29 94
29 53
29 56
29 59
29 60
30 63
30 66
30 101
30 69
30 114
30 126
30 72
30 74
30 75
30 124
30 77
30 102
30 103
30 104
30 31
30 32
30 79
30 81
30 121
30 82
30 37
30 116
30 108
30 117
30 84
30 40
30 41
30 110
30 111
30 42
30 43
30 123
30 46
30 91
30 118
30 47
30 48
30 49
30 50
30 93
30 51
30 125
30 119
30 95
30 54
30 60
30 61
31 62
31 100
31 101
31 120
31 68
31 127
31 70
31 114
31 126
31 72
31 74
31 76
31 124
31 103
31 32
31 105
31 79
31 80
31 81
31 82
31 35
31 106
31 83
31 107
31 38
31 39
31 88
31 41
31 90
31 109
31 43
31 122
31 123
31 91
31 48
31 92
31 93
31 51
31 94
31 96
31 53
31 56
31 57
31 58
31 59
31 60
32 99
32 64
32 100
32 101
32 67
32 120
32 69
32 71
32 114
32 126
32 72
32 73
32 74
32 124
32 78
32 103
32 104
32 105
32 79
32 80
32 121
32 82
32 106
32 83
32 107
32 117
32 84
32 86
32 88
32 89
32 41
32 90
32 110
32 111
32 42
32 122
32 44
32 123
32 46
32 91
32 118
32 47
32 48
32 92
32 93
32 125
32 52
32 119
32 96
32 53
32 54
32 56
32 97
32 59
32 60
32 61
33 98
33 99
33 62
33 63
33 64
33 65
33 69
33 74
33 75
33 105
33 79
33 34
33 81
33 106
33 108
33 38
33 84
33 40
33 88
33 109
33 42
33 122
33 44
33 91
33 118
33 47
33 48
33 93
33 51
33 94
33 96
33 55
33 56
33 97
33 58
33 61
34 98
34 62
34 100
34 66
34 101
34 120
34 127
34 71
34 126
34 74
34 76
34 78
34 104
34 105
34 79
34 80
34 121
34 82
34 36
34 37
34 106
34 83
34 107
34 108
34 38
34 85
34 89
34 41
34 90
34 109
34 110
34 91
34 118
34 48
34 92
34 49
34 93
34 51
34 125
34 96
34 53
34 57
34 97
34 58
35 98
35 99
35 63
35 65
35 68
35 69
35 70
35 114
35 73
35 124
35 77
35 78
35 104
35 105
35 80
35 36
35 106
35 83
35 107
35 117
35 38
35 84
35 39
35 86
35 87
35 40
35 88
35 89
35 41
35 109
35 110
35 111
35 43
35 46
35 118
35 49
35 125
35 52
35 95
35 113
35 53
35 54
35 56
35 59
35 60
36 98
36 99
36 65
36 101
36 67
36 69
36 127
36 70
36 71
36 72
36 73
36 75
36 115
36 76
36 102
36 104
36 105
36 80
36 81
36 82
36 107
36 117
36 86
36 40
36 88
36 89
36 41
36 122
36 123
36 91
36 118
36 92
36 93
36 52
36 94
36 55
36 56
36 59
37 99
37 63
37 64
37 100
37 67
37 68
37 69
37 71
37 114
37 126
37 72
37 73
37 76
37 77
37 102
37 105
37 79
37 80
37 81
37 121
37 106
37 83
37 108
37 38
37 84
37 85
37 86
37 87
37 89
37 41
37 109
37 111
37 42
37 45
37 123
37 46
37 47
37 48
37 93
37 51
37 125
37 119
37 95
37 96
37 53
37 54
37 55
37 56
37 57
37 61
38 98
38 99
38 63
38 100
38 66
38 67
38 120
38 68
38 69
38 127
38 70
38 71
38 115
38 77
38 102
38 103
38 104
38 105
38 82
38 83
38 117
38 84
38 86
38 40
38 88
38 90
38 110
38 111
38 122
38 45
38 46
38 91
38 118
38 47
38 48
38 51
38 125
38 119
38 94
38 113
38 57
38 58
39 98
39 99
39 62
39 63
39 64
39 66
39 101
39 67
39 127
39 126
39 73
39 124
39 102
39 104
39 105
39 79
39 80
39 81
39 83
39 108
39 85
39 86
39 110
39 111
39 43
39 112
39 45
39 123
39 91
39 125
39 52
39 119
39 95
39 96
39 53
39 54
39 55
39 56
39 58
40 98
40 63
40 64
40 100
40 67
40 120
40 68
40 127
40 70
40 114
40 73
40 74
40 75
40 76
40 77
40 102
40 105
40 79
40 80
40 81
40 121
40 82
40 106
40 107
40 84
40 86
40 88
40 41
40 90
40 42
40 122
40 44
40 46
40 91
40 47
40 48
40 50
40 51
40 52
40 119
40 94
40 95
40 113
40 96
40 53
40 54
40 55
40 56
40 58
40 61
40 115
40 104
40 109
41 98
41 62
41 63
41 64
41 100
41 120
41 68
41 127
41 72
41 74
41 75
41 115
41 76
41 124
41 103
41 104
41 79
41 121
41 82
41 83
41 107
41 108
41 84
41 85
41 86
41 88
41 89
41 90
41 111
41 42
41 43
41 122
41 44
41 45
41 49
41 50
41 119
41 94
41 95
41 113
41 96
41 53
41 55
41 56
41 97
41 59
41 47
41 109
42 98
42 62
42 64
42 66
42 120
42 71
42 73
42 74
42 75
42 76
42 78
42 104
42 105
42 121
42 82
42 106
42 83
42 107
42 117
42 84
42 86
42 88
42 90
42 110
42 44
42 45
42 46
42 91
42 118
42 49
42 50
42 93
42 119
42 95
42 113
42 96
42 53
42 54
42 55
42 56
42 57
42 97
42 58
42 59
42 122
42 68
42 115
42 47
42 109
43 98
43 99
43 63
43 64
43 101
43 67
43 120
43 126
43 72
43 73
43 74
43 75
43 76
43 124
43 77
43 78
43 104
43 82
43 106
43 83
43 84
43 90
43 109
43 111
43 112
43 44
43 123
43 46
43 91
43 118
43 47
43 93
43 51
43 119
43 95
43 96
43 57
43 60
43 61
44 99
44 63
44 100
44 65
44 66
44 67
44 120
44 68
44 69
44 71
44 114
44 74
44 102
44 103
44 104
44 79
44 80
44 121
44 82
44 106
44 83
44 116
44 107
44 108
44 84
44 87
44 110
44 111
44 45
44 123
44 46
44 92
44 49
44 93
44 119
44 95
44 96
44 53
44 54
44 57
44 97
44 58
44 59
44 60
45 62
45 101
45 67
45 68
45 127
45 71
45 114
45 72
45 73
45 74
45 76
45 78
45 103
45 79
45 80
45 81
45 121
45 83
45 116
45 117
45 84
45 85
45 86
45 87
45 88
45 111
45 112
45 122
45 46
45 92
45 50
45 119
45 96
45 54
45 55
45 56
45 57
45 97
45 58
45 60
46 98
46 62
46 63
46 64
46 100
46 65
46 120
46 127
46 71
46 72
46 74
46 75
46 76
46 103
46 104
46 105
46 80
46 82
46 106
46 116
46 108
46 117
46 85
46 86
46 90
46 110
46 122
46 123
46 91
46 47
46 92
46 119
46 94
46 95
46 113
46 96
46 53
46 54
46 55
46 58
46 59
46 60
46 61
47 99
47 63
47 65
47 101
47 120
47 69
47 71
47 114
47 72
47 74
47 75
47 115
47 77
47 105
47 79
47 80
47 121
47 106
47 116
47 107
47 117
47 85
47 89
47 110
47 111
47 112
47 91
47 118
47 48
47 92
47 50
47 51
47 52
47 53
47 54
47 55
47 97
47 59
47 60
47 113
47 56
47 82
47 76
47 122
47 68
47 104
47 109
48 99
48 100
48 101
48 67
48 69
48 70
48 71
48 126
48 72
48 75
48 115
48 76
48 77
48 103
48 105
48 121
48 106
48 83
48 116
48 107
48 87
48 88
48 89
48 90
48 122
48 123
48 93
48 125
48 52
48 119
48 95
48 56
48 97
48 59
48 60
49 98
49 63
49 100
49 65
49 66
49 101
49 67
49 70
49 71
49 126
49 73
49 75
49 115
49 76
49 124
49 77
49 103
49 104
49 81
49 121
49 106
49 83
49 108
49 117
49 88
49 89
49 90
49 109
49 111
49 112
49 118
49 92
49 93
49 119
49 94
49 96
49 57
49 97
49 58
49 59
49 60
50 98
50 62
50 65
50 68
50 69
50 72
50 73
50 74
50 76
50 105
50 81
50 82
50 106
50 83
50 116
50 107
50 108
50 84
50 85
50 86
50 87
50 90
50 109
50 110
50 111
50 112
50 122
50 123
50 91
50 125
50 119
50 113
50 53
50 54
50 56
50 57
50 115
50 104
51 99
51 64
51 100
51 66
51 67
51 68
51 127
51 126
51 72
51 73
51 74
51 76
51 124
51 77
51 78
51 103
51 105
51 79
51 81
51 106
51 108
51 117
51 86
51 88
51 89
51 110
51 111
51 122
51 91
51 118
51 92
51 52
51 95
51 113
51 53
51 57
51 58
51 61
52 98
52 99
52 62
52 64
52 65
52 66
52 101
52 67
52 120
52 127
52 71
52 114
52 73
52 75
52 77
52 104
52 105
52 116
52 108
52 85
52 86
52 89
52 90
52 110
52 111
52 122
52 91
52 118
52 93
52 125
52 119
52 95
52 96
52 55
52 57
52 58
53 99
53 64
53 67
53 120
53 68
53 69
53 70
53 71
53 126
53 72
53 73
53 74
53 115
53 76
53 124
53 102
53 105
53 79
53 81
53 121
53 82
53 83
53 107
53 108
53 117
53 86
53 109
53 110
53 112
53 122
53 123
53 125
53 119
53 94
53 95
53 113
53 56
53 57
53 58
53 104
54 98
54 99
54 63
54 64
54 100
54 65
54 66
54 67
54 68
54 70
54 71
54 114
54 126
54 72
54 74
54 75
54 124
54 77
54 104
54 80
54 121
54 83
54 107
54 108
54 84
54 85
54 87
54 112
54 123
54 91
54 92
54 125
54 119
54 96
54 55
54 60
55 98
55 62
55 100
55 65
55 66
55 101
55 67
55 120
55 69
55 70
55 71
55 114
55 72
55 75
55 115
55 76
55 124
55 78
55 105
55 121
55 82
55 107
55 108
55 117
55 85
55 87
55 88
55 111
55 123
55 91
55 118
55 92
55 93
55 125
55 119
55 94
55 95
55 57
55 59
55 60
55 61
56 63
56 64
56 100
56 65
56 101
56 67
56 120
56 68
56 127
56 114
56 126
56 72
56 73
56 75
56 76
56 103
56 104
56 79
56 81
56 121
56 82
56 106
56 83
56 116
56 107
56 84
56 85
56 86
56 89
56 109
56 110
56 111
56 122
56 119
56 113
56 57
56 97
56 115
57 98
57 62
57 63
57 66
57 101
57 67
57 68
57 69
57 127
57 70
57 114
57 126
57 73
57 76
57 124
57 102
57 105
57 79
57 80
57 81
57 121
57 106
57 117
57 84
57 85
57 86
57 87
57 88
57 89
57 110
57 112
57 122
57 92
57 93
57 94
57 95
57 113
57 97
57 58
57 61
58 98
58 99
58 63
58 65
58 66
58 67
58 69
58 70
58 114
58 126
58 72
58 73
58 105
58 79
58 81
58 82
58 106
58 116
58 108
58 117
58 84
58 88
58 90
58 122
58 91
58 118
58 92
58 93
58 94
58 96
58 60
58 61
59 98
59 63
59 64
59 100
59 66
59 67
59 68
59 69
59 127
59 70
59 71
59 114
59 126
59 73
59 74
59 78
59 103
59 104
59 79
59 80
59 121
59 106
59 83
59 116
59 107
59 117
59 86
59 87
59 89
59 110
59 118
59 113
59 97
60 99
60 64
60 65
60 67
60 69
60 71
60 114
60 126
60 115
60 76
60 78
60 106
60 83
60 116
60 107
60 108
60 117
60 88
60 89
60 109
60 112
60 91
60 118
60 92
60 93
60 95
60 113
61 62
61 63
61 64
61 68
61 127
61 70
61 71
61 114
61 126
61 72
61 73
61 75
61 77
61 102
61 103
61 80
61 81
61 121
61 82
61 116
61 107
61 85
61 86
61 89
61 90
61 110
61 111
61 122
61 123
61 91
61 92
61 93
61 119
61 113
61 96
62 98
62 63
62 64
62 65
62 127
62 70
62 114
62 72
62 74
62 75
62 115
62 76
62 104
62 105
62 81
62 121
62 82
62 116
62 107
62 108
62 85
62 87
62 88
62 89
62 109
62 110
62 122
62 123
62 91
62 93
62 125
62 119
62 95
62 96
63 64
63 65
63 66
63 101
63 67
63 127
63 70
63 71
63 72
63 75
63 115
63 78
63 102
63 103
63 104
63 105
63 79
63 81
63 88
63 89
63 110
63 92
63 95
63 113
63 96
64 98
64 99
64 100
64 66
64 67
64 120
64 127
64 73
64 75
64 124
64 78
64 104
64 80
64 81
64 83
64 116
64 85
64 86
64 87
64 110
64 123
64 118
64 93
64 125
64 95
64 97
65 100
65 66
65 101
65 67
65 120
65 68
65 127
65 70
65 126
65 72
65 74
65 124
65 102
65 105
65 79
65 81
65 121
65 106
65 83
65 108
65 117
65 84
65 87
65 88
65 89
65 110
65 111
65 112
65 122
65 92
65 125
65 119
65 95
65 96
66 100
66 101
66 120
66 69
66 127
66 70
66 114
66 73
66 74
66 115
66 76
66 77
66 102
66 105
66 80
66 81
66 108
66 117
66 85
66 86
66 88
66 89
66 111
66 123
66 91
66 93
66 119
66 94
66 113
66 96
67 101
67 120
67 68
67 69
67 127
67 70
67 114
67 73
67 74
67 75
67 124
67 103
67 105
67 79
67 81
67 106
67 83
67 116
67 108
67 117
67 87
67 90
67 111
67 112
67 122
67 118
67 92
67 93
67 119
67 94
67 113
67 96
67 97
68 101
68 99
68 127
68 70
68 71
68 72
68 73
68 115
68 78
68 105
68 79
68 80
68 121
68 82
68 106
68 83
68 116
68 84
68 86
68 87
68 88
68 109
68 91
68 93
68 125
68 94
68 107
68 113
68 76
68 122
68 104
69 101
69 127
69 70
69 71
69 114
69 126
69 74
69 115
69 77
69 78
69 102
69 103
69 105
69 79
69 80
69 121
69 106
69 83
69 117
69 84
69 87
69 89
69 90
69 111
69 122
69 123
69 92
69 93
69 125
69 119
69 95
69 96
70 98
70 99
70 100
70 114
70 72
70 74
70 115
70 80
70 121
70 83
70 107
70 108
70 117
70 84
70 85
70 87
70 88
70 109
70 110
70 111
70 122
70 91
70 118
70 92
70 125
70 94
70 95
71 101
71 98
71 100
71 120
71 114
71 73
71 75
71 76
71 77
71 78
71 103
71 106
71 107
71 108
71 85
71 86
71 89
71 109
71 110
71 111
71 123
71 118
71 92
71 93
71 125
71 119
71 95
71 113
72 98
72 99
72 100
72 120
72 127
72 114
72 126
72 73
72 75
72 115
72 76
72 124
72 78
72 102
72 104
72 80
72 82
72 83
72 116
72 107
72 108
72 85
72 86
72 89
72 109
72 111
72 118
72 92
72 93
72 119
72 94
72 96
73 101
73 127
73 114
73 126
73 75
73 76
73 124
73 102
73 103
73 104
73 105
73 79
73 81
73 121
73 82
73 106
73 83
73 116
73 108
73 85
73 87
73 88
73 90
73 109
73 111
73 112
73 123
73 91
73 93
73 119
73 113
73 97
74 99
74 127
74 126
74 115
74 76
74 77
74 78
74 102
74 80
74 121
74 106
74 107
74 108
74 117
74 88
74 89
74 90
74 110
74 122
74 91
74 118
74 92
74 93
74 119
74 94
74 96
74 97
75 101
75 120
75 126
75 115
75 77
75 78
75 102
75 79
75 81
75 82
75 106
75 83
75 116
75 108
75 84
75 85
75 88
75 90
75 123
75 91
75 119
75 113
76 101
76 100
76 120
76 114
76 126
76 103
76 104
76 105
76 79
76 81
76 82
76 107
76 108
76 117
76 85
76 87
76 88
76 89
76 90
76 110
76 93
76 125
76 94
76 95
76 113
76 96
76 122
76 115
76 109
77 101
77 98
77 99
77 100
77 114
77 115
77 124
77 78
77 102
77 103
77 104
77 105
77 79
77 81
77 121
77 82
77 106
77 116
77 107
77 117
77 84
77 85
77 86
77 90
77 111
77 122
77 91
77 118
77 92
77 119
77 94
77 113
78 115
78 102
78 103
78 104
78 79
78 121
78 82
78 108
78 85
78 86
78 87
78 88
78 90
78 110
78 123
78 91
78 95
78 113
78 96
78 97
79 101
79 98
79 99
79 100
79 126
79 115
79 124
79 102
79 80
79 121
79 82
79 106
79 83
79 107
79 108
79 117
79 86
79 88
79 89
79 110
79 112
79 122
79 118
79 92
79 125
79 94
79 96
79 97
80 101
80 98
80 99
80 100
80 114
80 102
80 103
80 81
80 121
80 116
80 107
80 108
80 117
80 86
80 89
80 109
80 111
80 112
80 123
80 118
80 94
80 97
81 98
81 100
81 127
81 126
81 124
81 102
81 104
81 105
81 121
81 107
81 117
81 88
81 89
81 90
81 110
81 111
81 122
81 123
81 118
81 94
81 95
81 113
81 97
82 100
82 120
82 102
82 105
82 107
82 87
82 89
82 90
82 112
82 122
82 91
82 118
82 92
82 113
82 96
82 115
82 104
82 109
83 101
83 99
83 100
83 120
83 127
83 114
83 124
83 102
83 106
83 117
83 85
83 88
83 89
83 110
83 111
83 122
83 91
83 118
83 93
83 125
83 94
83 96
84 98
84 120
84 127
84 114
84 115
84 102
84 104
84 105
84 116
84 107
84 86
84 87
84 88
84 89
84 90
84 111
84 112
84 123
84 91
84 92
84 94
84 95
84 113
84 96
85 98
85 120
85 114
85 126
85 103
85 87
85 109
85 111
85 122
85 92
85 93
86 101
86 99
86 120
86 126
86 103
86 121
86 106
86 116
86 108
86 89
86 109
86 111
86 122
86 123
86 92
86 93
86 94
86 95
86 113
87 101
87 99
87 120
87 114
87 115
87 124
87 105
87 106
87 108
87 112
87 122
87 123
87 118
87 92
87 119
87 95
87 113
87 96
87 97
88 101
88 100
88 114
88 126
88 115
88 124
88 102
88 121
88 106
88 117
88 109
88 91
88 118
88 93
88 125
88 95
89 101
89 98
89 100
89 120
89 127
89 114
89 126
89 124
89 102
89 121
89 107
89 90
89 110
89 111
89 112
89 122
89 91
89 118
89 93
89 94
89 113
89 97
90 101
90 126
90 102
90 103
90 104
90 116
90 112
90 123
90 91
90 93
90 125
90 95
90 113
90 97
91 99
91 114
91 126
91 115
91 124
91 102
91 103
91 121
91 106
91 107
91 110
91 112
91 122
91 118
91 93
91 119
91 94
91 95
91 97
92 101
92 98
92 127
92 126
92 124
92 102
92 103
92 105
92 116
92 107
92 108
92 109
92 112
92 122
92 119
92 95
92 96
93 98
93 100
93 120
93 127
93 102
93 104
93 106
93 116
93 107
93 108
93 110
93 112
93 118
93 125
93 119
93 113
93 96
93 97
94 101
94 98
94 100
94 120
94 114
94 124
94 103
94 104
94 105
94 121
94 116
94 110
94 112
94 125
94 119
94 95
94 113
94 96
94 97
95 101
95 98
95 99
95 127
95 126
95 124
95 102
95 103
95 106
95 116
95 117
95 110
95 112
95 125
95 96
96 100
96 115
96 124
96 102
96 103
96 104
96 105
96 106
96 116
96 108
96 117
96 118
96 125
97 98
97 99
97 120
97 127
97 114
97 126
97 115
97 124
97 102
97 103
97 116
97 107
97 117
97 110
97 125
97 113
98 100
98 114
98 126
98 115
98 124
98 102
98 103
98 121
98 106
98 107
98 108
98 112
98 122
98 123
98 125
98 119
98 113
99 100
99 120
99 127
99 114
99 126
99 104
99 116
99 117
99 109
99 110
99 111
99 122
100 120
100 114
100 126
100 115
100 121
100 106
100 116
100 117
100 112
100 122
100 118
100 125
100 119
100 113
101 120
101 114
101 124
101 105
101 121
101 106
101 116
101 107
101 108
101 117
101 109
101 110
101 112
101 118
101 125
102 120
102 127
102 115
102 103
102 121
102 106
102 107
102 109
102 110
102 111
102 122
102 123
102 118
102 125
103 120
103 105
103 116
103 122
103 123
103 125
104 120
104 126
104 124
104 121
104 117
104 111
104 123
104 113
104 107
104 122
104 115
104 109
105 120
105 126
105 115
105 121
105 106
105 107
105 117
105 110
105 111
105 123
105 125
106 126
106 124
106 108
106 112
106 122
106 123
106 118
106 119
106 113
107 117
107 109
107 111
107 122
107 123
107 118
107 125
107 119
107 113
107 115
108 127
108 114
108 126
108 115
108 121
108 116
108 109
108 110
108 122
108 123
108 118
108 125
108 113
109 127
109 124
109 110
109 123
109 125
109 113
109 122
109 115
110 120
110 124
110 121
110 116
110 112
110 122
110 125
110 119
110 113
111 120
111 127
111 126
111 121
111 116
111 123
111 113
112 127
112 117
112 122
112 125
112 119
112 113
113 120
113 114
113 115
113 124
113 117
113 122
113 123
113 118
113 125
113 119
114 124
114 121
114 122
114 123
114 118
114 125
114 119
115 127
115 126
115 121
115 117
115 122
115 123
115 125
116 126
116 121
116 122
116 123
116 125
116 119
117 120
117 127
117 126
117 124
117 121
117 122
117 123
117 118
117 119
118 127
118 126
119 126
119 124
119 122
120 126
120 124
120 121
120 125
121 127
121 124
121 122
121 123
122 124
123 127
123 126
123 124
123 125
124 126
124 125
125 127
126 127
