0 1
0 3
0 4
0 5
0 6
0 7
0 8
0 9
0 10
0 11
0 12
0 13
0 14
0 15
0 16
0 17
0 18
0 19
0 20
0 21
0 22
0 23
0 24
0 25
0 26
0 27
0 28
0 29
0 30
0 31
0 32
0 33
0 34
0 35
0 36
0 37
0 38
0 39
0 40
0 41
0 42
0 43
0 44
0 45
0 46
0 47
0 48
0 49
0 50
0 51
0 52
0 53
1 2
1 3
1 54
1 9
1 55
1 10
1 11
1 12
1 13
1 14
1 16
1 56
1 57
1 21
1 22
1 58
1 59
1 60
1 24
1 61
1 62
1 63
1 27
1 28
1 64
1 65
1 66
1 67
1 68
1 30
1 69
1 32
1 70
1 71
1 72
1 73
1 35
1 74
1 75
1 76
1 77
1 41
1 42
1 44
1 78
1 79
1 80
1 46
1 47
1 81
1 48
1 82
1 49
1 83
1 84
1 51
1 85
2 3
2 4
2 5
2 6
2 86
2 54
2 55
2 87
2 89
2 12
2 14
2 57
2 19
2 90
2 91
2 23
2 58
2 92
2 59
2 25
2 93
2 63
2 64
2 66
2 94
2 95
2 68
2 30
2 70
2 96
2 33
2 97
2 72
2 98
2 99
2 74
2 100
2 37
2 76
2 39
2 41
2 102
2 44
2 79
2 46
2 103
2 82
2 50
2 51
2 105
2 85
2 32
2 11
2 119
2 116
2 18
2 15
2 61
2 117
2 75
2 113
3 106
3 6
3 86
3 54
3 7
3 9
3 10
3 87
3 88
3 89
3 13
3 14
3 15
3 16
3 56
3 18
3 90
3 21
3 22
3 91
3 107
3 58
3 92
3 108
3 59
3 60
3 61
3 26
3 93
3 63
3 27
3 109
3 28
3 29
3 94
3 95
3 68
3 30
3 69
3 71
3 33
3 97
3 72
3 98
3 34
3 99
3 35
3 110
3 100
3 75
3 37
3 76
3 38
3 77
3 39
3 101
3 40
3 41
3 102
3 111
3 112
3 113
3 79
3 80
3 114
3 81
3 82
3 49
3 115
3 84
3 51
3 104
3 85
4 116
4 117
4 86
4 118
4 119
4 120
4 7
4 8
4 11
4 87
4 88
4 89
4 12
4 13
4 14
4 15
4 56
4 18
4 21
4 22
4 91
4 23
4 107
4 58
4 59
4 62
4 121
4 93
4 63
4 109
4 28
4 64
4 65
4 29
4 66
4 94
4 68
4 31
4 69
4 32
4 70
4 71
4 96
4 97
4 73
4 122
4 35
4 36
4 74
4 123
4 100
4 37
4 124
4 42
4 102
4 113
4 114
4 46
4 47
4 48
4 82
4 50
4 125
4 105
4 85
4 53
4 79
4 61
4 75
5 117
5 118
5 120
5 9
5 55
5 11
5 87
5 88
5 89
5 14
5 16
5 57
5 20
5 90
5 22
5 91
5 23
5 108
5 24
5 121
5 93
5 29
5 95
5 68
5 31
5 69
5 71
5 96
5 97
5 98
5 73
5 122
5 34
5 99
5 35
5 110
5 74
5 123
5 76
5 124
5 38
5 77
5 101
5 42
5 43
5 80
5 45
5 47
5 81
5 48
5 103
5 82
5 83
5 115
5 50
5 104
5 105
5 52
6 117
6 106
6 86
6 118
6 54
6 119
6 120
6 87
6 88
6 12
6 16
6 18
6 57
6 90
6 21
6 22
6 91
6 23
6 58
6 92
6 24
6 25
6 61
6 26
6 62
6 121
6 93
6 63
6 27
6 64
6 65
6 29
6 95
6 68
6 32
6 71
6 96
6 33
6 73
6 122
6 34
6 99
6 110
6 74
6 123
6 100
6 37
6 124
6 38
6 101
6 40
6 41
6 102
6 111
6 44
6 78
6 112
6 113
6 114
6 45
6 46
6 47
6 81
6 103
6 49
6 126
6 83
6 115
6 104
6 105
6 85
7 127
7 86
7 54
7 120
7 55
7 10
7 87
7 89
7 16
7 18
7 20
7 90
7 22
7 23
7 58
7 92
7 108
7 60
7 25
7 61
7 26
7 62
7 121
7 93
7 63
7 109
7 28
7 64
7 65
7 29
7 95
7 68
7 69
7 32
7 33
7 72
7 98
7 34
7 36
7 110
7 75
7 76
7 124
7 38
7 77
7 101
7 42
7 102
7 111
7 43
7 78
7 112
7 45
7 81
7 103
7 82
7 83
7 115
7 51
7 105
7 53
8 106
8 118
8 54
8 120
8 9
8 55
8 11
8 12
8 17
8 56
8 18
8 20
8 90
8 22
8 92
8 60
8 25
8 26
8 27
8 109
8 28
8 64
8 65
8 94
8 95
8 67
8 32
8 98
8 73
8 122
8 99
8 36
8 110
8 100
8 37
8 38
8 101
8 42
8 102
8 43
8 113
8 79
8 46
8 47
8 81
8 126
8 115
8 50
8 51
8 105
8 52
8 85
8 53
9 116
9 118
9 119
9 120
9 10
9 11
9 13
9 16
9 56
9 18
9 57
9 19
9 20
9 21
9 22
9 91
9 58
9 59
9 26
9 62
9 121
9 109
9 28
9 64
9 29
9 66
9 94
9 68
9 30
9 31
9 71
9 33
9 72
9 98
9 73
9 122
9 34
9 36
9 110
9 76
9 124
9 38
9 77
9 39
9 101
9 40
9 111
9 43
9 44
9 79
9 45
9 46
9 47
9 81
9 49
9 126
9 83
9 50
9 104
9 125
9 105
9 52
9 53
10 116
10 106
10 86
10 118
10 119
10 120
10 11
10 88
10 89
10 14
10 57
10 91
10 107
10 58
10 92
10 108
10 24
10 61
10 26
10 62
10 93
10 28
10 64
10 94
10 95
10 67
10 68
10 31
10 32
10 70
10 96
10 33
10 97
10 72
10 34
10 36
10 74
10 75
10 124
10 101
10 40
10 41
10 102
10 111
10 44
10 113
10 114
10 46
10 48
10 103
10 82
10 49
10 83
10 115
10 104
10 105
10 52
10 85
10 53
11 116
11 86
11 118
11 119
11 120
11 55
11 87
11 88
11 12
11 14
11 15
11 17
11 18
11 20
11 90
11 107
11 58
11 24
11 25
11 61
11 62
11 121
11 63
11 109
11 64
11 66
11 94
11 95
11 67
11 68
11 30
11 31
11 69
11 32
11 70
11 71
11 97
11 72
11 98
11 73
11 122
11 36
11 110
11 37
11 101
11 40
11 41
11 42
11 111
11 78
11 79
11 80
11 45
11 46
11 103
11 82
11 49
11 115
11 50
11 51
11 52
11 85
11 53
11 117
11 75
11 113
11 59
12 116
12 127
12 118
12 54
12 119
12 120
12 55
12 87
12 88
12 89
12 14
12 16
12 17
12 57
12 19
12 20
12 90
12 21
12 23
12 92
12 60
12 61
12 26
12 63
12 64
12 29
12 66
12 94
12 30
12 31
12 69
12 32
12 70
12 96
12 33
12 97
12 73
12 34
12 99
12 35
12 36
12 110
12 74
12 37
12 76
12 39
12 40
12 102
12 43
12 44
12 79
12 80
12 45
12 47
12 48
12 49
12 83
12 84
12 50
12 105
12 18
12 15
12 117
12 75
12 113
12 59
12 68
13 117
13 86
13 118
13 54
13 119
13 120
13 87
13 88
13 89
13 15
13 56
13 20
13 21
13 91
13 107
13 58
13 60
13 26
13 62
13 121
13 27
13 28
13 64
13 66
13 67
13 31
13 69
13 32
13 97
13 73
13 122
13 34
13 99
13 35
13 36
13 74
13 75
13 37
13 39
13 41
13 111
13 43
13 44
13 78
13 112
13 113
13 79
13 114
13 45
13 47
13 48
13 103
13 126
13 115
13 51
13 125
13 105
13 52
13 85
13 53
14 127
14 87
14 88
14 89
14 15
14 17
14 56
14 18
14 57
14 19
14 20
14 21
14 22
14 91
14 58
14 92
14 108
14 60
14 61
14 62
14 93
14 28
14 65
14 66
14 94
14 95
14 67
14 68
14 30
14 31
14 32
14 96
14 33
14 97
14 72
14 73
14 122
14 99
14 100
14 75
14 37
14 76
14 124
14 38
14 39
14 102
14 111
14 43
14 112
14 80
14 45
14 46
14 48
14 83
14 84
14 104
14 105
14 53
15 116
15 117
15 127
15 118
15 54
15 55
15 17
15 56
15 22
15 25
15 61
15 27
15 109
15 66
15 32
15 70
15 71
15 33
15 73
15 122
15 99
15 35
15 36
15 110
15 74
15 123
15 37
15 124
15 38
15 77
15 39
15 101
15 102
15 78
15 112
15 80
15 47
15 48
15 103
15 49
15 115
15 50
15 51
15 105
15 53
15 119
15 94
15 18
15 79
15 75
15 113
15 59
15 68
16 116
16 106
16 86
16 54
16 119
16 87
16 89
16 56
16 18
16 19
16 90
16 21
16 22
16 58
16 92
16 25
16 26
16 27
16 29
16 66
16 94
16 67
16 68
16 30
16 31
16 69
16 32
16 70
16 72
16 122
16 35
16 36
16 110
16 74
16 75
16 124
16 38
16 77
16 39
16 101
16 40
16 43
16 78
16 112
16 45
16 47
16 82
16 49
16 115
16 50
16 51
16 52
17 106
17 127
17 86
17 118
17 120
17 55
17 56
17 90
17 91
17 93
17 27
17 64
17 29
17 66
17 94
17 67
17 31
17 32
17 71
17 97
17 72
17 98
17 122
17 99
17 110
17 76
17 77
17 39
17 102
17 111
17 43
17 78
17 112
17 114
17 46
17 81
17 82
17 49
17 126
17 83
17 50
17 125
17 105
17 85
17 53
18 118
18 119
18 55
18 88
18 89
18 56
18 90
18 91
18 23
18 58
18 59
18 60
18 61
18 62
18 63
18 28
18 64
18 29
18 66
18 67
18 68
18 32
18 71
18 97
18 72
18 122
18 110
18 74
18 123
18 75
18 37
18 76
18 124
18 38
18 101
18 102
18 111
18 43
18 79
18 114
18 103
18 82
18 49
18 83
18 115
18 51
18 104
18 125
18 105
18 53
18 70
18 50
18 116
18 94
18 117
18 113
19 117
19 106
19 54
19 119
19 120
19 55
19 88
19 89
19 21
19 23
19 59
19 25
19 26
19 62
19 121
19 27
19 64
19 29
19 66
19 94
19 95
19 68
19 69
19 70
19 96
19 33
19 97
19 98
19 122
19 34
19 99
19 74
19 100
19 75
19 76
19 124
19 77
19 39
19 41
19 42
19 102
19 43
19 78
19 80
19 45
19 46
19 48
19 115
19 50
19 51
19 125
19 52
20 116
20 117
20 127
20 119
20 120
20 88
20 89
20 57
20 21
20 60
20 24
20 25
20 61
20 26
20 62
20 121
20 63
20 27
20 28
20 64
20 65
20 29
20 94
20 95
20 67
20 30
20 31
20 122
20 36
20 124
20 77
20 39
20 42
20 112
20 113
20 80
20 45
20 46
20 47
20 48
20 103
20 82
20 83
20 84
20 51
20 125
20 85
20 53
21 127
21 118
21 54
21 119
21 120
21 55
21 56
21 90
21 22
21 91
21 107
21 58
21 108
21 59
21 93
21 27
21 109
21 28
21 64
21 65
21 29
21 94
21 67
21 31
21 69
21 70
21 71
21 96
21 97
21 122
21 34
21 99
21 35
21 100
21 75
21 124
21 38
21 102
21 111
21 78
21 113
21 79
21 114
21 81
21 103
21 82
21 49
21 83
21 84
21 50
21 51
21 125
21 52
21 53
22 106
22 86
22 118
22 54
22 119
22 87
22 88
22 89
22 57
22 90
22 91
22 58
22 59
22 25
22 61
22 26
22 27
22 28
22 64
22 65
22 94
22 67
22 69
22 32
22 71
22 96
22 98
22 122
22 34
22 35
22 36
22 74
22 75
22 76
22 77
22 101
22 41
22 102
22 111
22 44
22 113
22 79
22 80
22 48
22 82
22 49
22 126
22 115
22 84
22 50
22 104
22 125
23 116
23 117
23 118
23 54
23 119
23 120
23 55
23 87
23 57
23 90
23 107
23 58
23 59
23 60
23 24
23 25
23 26
23 121
23 93
23 63
23 27
23 28
23 64
23 66
23 94
23 30
23 69
23 96
23 97
23 72
23 34
23 99
23 36
23 74
23 75
23 37
23 124
23 101
23 40
23 41
23 102
23 79
23 80
23 47
23 83
23 115
23 84
23 50
23 51
23 125
23 105
24 117
24 127
24 118
24 54
24 119
24 55
24 87
24 88
24 89
24 57
24 92
24 108
24 59
24 60
24 62
24 121
24 109
24 28
24 64
24 94
24 68
24 31
24 69
24 71
24 97
24 98
24 122
24 34
24 35
24 123
24 100
24 75
24 37
24 76
24 124
24 38
24 77
24 39
24 101
24 40
24 41
24 43
24 44
24 114
24 81
24 82
24 49
24 83
24 115
24 84
24 51
24 104
24 125
24 53
25 116
25 117
25 106
25 54
25 119
25 120
25 87
25 89
25 56
25 91
25 107
25 58
25 92
25 60
25 61
25 26
25 62
25 121
25 63
25 27
25 64
25 94
25 67
25 68
25 31
25 69
25 70
25 71
25 96
25 33
25 72
25 34
25 99
25 35
25 74
25 123
25 37
25 76
25 101
25 41
25 44
25 78
25 79
25 114
25 48
25 82
25 49
25 126
25 115
25 84
25 125
25 52
25 85
26 54
26 120
26 55
26 87
26 56
26 57
26 90
26 91
26 107
26 92
26 108
26 59
26 60
26 121
26 93
26 64
26 66
26 94
26 95
26 30
26 69
26 32
26 71
26 96
26 33
26 72
26 73
26 122
26 34
26 99
26 110
26 74
26 37
26 76
26 38
26 77
26 101
26 42
26 102
26 111
26 43
26 44
26 112
26 114
26 45
26 103
26 82
26 49
26 126
26 115
26 84
26 51
26 125
26 105
26 53
27 117
27 106
27 127
27 118
27 119
27 87
27 56
27 57
27 92
27 61
27 62
27 121
27 93
27 109
27 28
27 65
27 29
27 94
27 95
27 67
27 30
27 70
27 96
27 97
27 72
27 122
27 36
27 74
27 100
27 76
27 77
27 41
27 102
27 111
27 43
27 44
27 113
27 45
27 46
27 47
27 48
27 82
27 84
27 50
27 51
27 104
27 52
27 85
27 53
28 106
28 120
28 87
28 88
28 56
28 90
28 91
28 107
28 92
28 108
28 59
28 61
28 93
28 64
28 65
28 67
28 68
28 30
28 31
28 32
28 70
28 96
28 97
28 34
28 35
28 110
28 74
28 37
28 124
28 38
28 39
28 40
28 41
28 42
28 43
28 113
28 114
28 46
28 48
28 82
28 49
28 83
28 84
28 50
28 104
28 52
29 116
29 106
29 127
29 54
29 119
29 120
29 87
29 88
29 56
29 91
29 107
29 60
29 62
29 93
29 95
29 31
29 69
29 32
29 70
29 33
29 97
29 73
29 35
29 36
29 100
29 76
29 124
29 38
29 77
29 40
29 102
29 111
29 113
29 80
29 114
29 45
29 46
29 47
29 48
29 103
29 126
29 83
29 115
29 84
29 125
29 105
29 52
29 85
29 53
30 116
30 106
30 86
30 118
30 54
30 88
30 56
30 57
30 91
30 92
30 108
30 59
30 61
30 63
30 64
30 65
30 94
30 67
30 68
30 31
30 69
30 70
30 33
30 72
30 98
30 73
30 122
30 36
30 100
30 75
30 37
30 76
30 124
30 38
30 101
30 102
30 111
30 78
30 112
30 79
30 80
30 114
30 46
30 103
30 49
30 115
30 84
30 50
30 104
30 125
30 52
30 85
31 117
31 86
31 118
31 119
31 120
31 87
31 88
31 90
31 107
31 58
31 60
31 62
31 121
31 64
31 66
31 68
31 32
31 70
31 33
31 72
31 98
31 34
31 110
31 75
31 124
31 77
31 39
31 101
31 102
31 78
31 113
31 45
31 46
31 81
31 48
31 103
31 49
31 84
31 104
31 105
32 116
32 117
32 106
32 127
32 118
32 54
32 119
32 120
32 55
32 87
32 56
32 57
32 90
32 91
32 58
32 92
32 108
32 62
32 121
32 109
32 65
32 66
32 94
32 95
32 67
32 68
32 69
32 70
32 71
32 97
32 35
32 123
32 75
32 37
32 76
32 124
32 39
32 101
32 40
32 78
32 112
32 80
32 114
32 46
32 47
32 48
32 49
32 126
32 83
32 115
32 84
32 50
32 51
32 125
32 52
32 85
32 53
32 79
32 61
32 113
32 59
33 116
33 54
33 120
33 55
33 89
33 56
33 91
33 58
33 108
33 59
33 93
33 109
33 64
33 66
33 94
33 68
33 70
33 71
33 98
33 73
33 36
33 123
33 76
33 124
33 38
33 39
33 101
33 112
33 80
33 114
33 45
33 46
33 81
33 82
33 49
33 126
33 50
33 51
33 104
33 52
33 53
34 116
34 117
34 127
34 119
34 55
34 88
34 89
34 57
34 90
34 107
34 58
34 59
34 60
34 61
34 63
34 64
34 66
34 94
34 95
34 67
34 68
34 70
34 71
34 97
34 98
34 99
34 36
34 110
34 74
34 100
34 77
34 39
34 101
34 42
34 102
34 43
34 44
34 78
34 112
34 79
34 114
34 45
34 81
34 49
34 126
34 50
34 51
34 85
34 53
35 117
35 127
35 86
35 118
35 54
35 119
35 120
35 87
35 56
35 90
35 91
35 107
35 59
35 61
35 121
35 63
35 109
35 65
35 67
35 68
35 97
35 72
35 98
35 73
35 122
35 99
35 36
35 74
35 123
35 75
35 76
35 38
35 39
35 101
35 40
35 102
35 44
35 78
35 112
35 79
35 80
35 114
35 45
35 46
35 47
35 81
35 48
35 49
35 126
35 83
35 84
35 50
35 125
35 52
36 127
36 120
36 87
36 56
36 57
36 92
36 93
36 63
36 66
36 94
36 67
36 69
36 70
36 71
36 96
36 97
36 72
36 98
36 73
36 122
36 99
36 74
36 100
36 37
36 76
36 38
36 39
36 41
36 42
36 102
36 111
36 78
36 112
36 79
36 80
36 45
36 115
36 50
36 104
36 125
36 105
36 85
37 116
37 117
37 106
37 86
37 119
37 120
37 55
37 89
37 90
37 58
37 108
37 61
37 62
37 121
37 93
37 63
37 64
37 94
37 70
37 96
37 97
37 72
37 98
37 74
37 100
37 75
37 124
37 38
37 77
37 39
37 40
37 42
37 111
37 43
37 79
37 80
37 45
37 46
37 103
37 49
37 115
37 50
37 51
37 105
37 113
37 59
37 68
38 117
38 127
38 118
38 54
38 55
38 87
38 88
38 56
38 90
38 108
38 60
38 121
38 64
38 70
38 71
38 96
38 72
38 73
38 99
38 123
38 100
38 76
38 101
38 102
38 78
38 80
38 114
38 45
38 46
38 47
38 81
38 49
38 126
38 83
38 115
38 104
38 105
38 53
39 116
39 106
39 127
39 54
39 87
39 88
39 57
39 91
39 92
39 108
39 121
39 64
39 65
39 66
39 67
39 68
39 70
39 72
39 122
39 110
39 74
39 123
39 76
39 111
39 44
39 79
39 114
39 47
39 126
39 83
39 115
39 50
39 51
39 85
39 53
40 106
40 127
40 118
40 54
40 119
40 120
40 88
40 56
40 57
40 61
40 62
40 121
40 64
40 65
40 66
40 67
40 70
40 71
40 96
40 72
40 73
40 122
40 99
40 100
40 76
40 124
40 101
40 102
40 111
40 44
40 112
40 79
40 45
40 81
40 103
40 126
40 83
40 84
40 104
40 125
40 85
41 106
41 127
41 118
41 55
41 88
41 56
41 91
41 92
41 59
41 121
41 63
41 65
41 66
41 94
41 69
41 96
41 97
41 73
41 122
41 99
41 74
41 100
41 75
41 76
41 42
41 111
41 44
41 113
41 79
41 45
41 46
41 81
41 48
41 103
41 49
41 126
41 83
41 115
41 84
41 125
41 105
42 54
42 119
42 120
42 88
42 56
42 91
42 92
42 108
42 59
42 60
42 121
42 93
42 109
42 64
42 65
42 68
42 69
42 71
42 96
42 99
42 110
42 74
42 123
42 100
42 76
42 124
42 111
42 44
42 114
42 81
42 83
42 50
42 51
42 104
42 52
42 53
43 117
43 86
43 54
43 119
43 55
43 87
43 88
43 56
43 57
43 90
43 91
43 58
43 59
43 61
43 93
43 63
43 94
43 68
43 69
43 70
43 71
43 97
43 72
43 98
43 99
43 110
43 74
43 123
43 76
43 77
43 101
43 111
43 44
43 113
43 79
43 114
43 45
43 126
43 83
43 115
43 84
43 50
43 51
43 105
43 52
43 53
44 116
44 106
44 86
44 118
44 119
44 87
44 88
44 89
44 90
44 108
44 60
44 62
44 121
44 93
44 109
44 95
44 68
44 70
44 72
44 98
44 73
44 123
44 124
44 77
44 101
44 102
44 114
44 45
44 46
44 47
44 48
44 49
44 126
44 115
44 84
44 51
44 104
44 52
44 85
45 117
45 106
45 127
45 54
45 120
45 55
45 87
45 88
45 89
45 56
45 57
45 107
45 58
45 108
45 60
45 61
45 63
45 109
45 64
45 65
45 66
45 95
45 67
45 69
45 70
45 97
45 98
45 122
45 100
45 75
45 124
45 111
45 80
45 114
45 46
45 81
45 115
45 50
45 51
45 125
45 105
45 85
45 53
46 116
46 106
46 127
46 86
46 87
46 89
46 56
46 90
46 92
46 108
46 61
46 62
46 109
46 64
46 65
46 94
46 95
46 68
46 97
46 72
46 98
46 74
46 77
46 101
46 102
46 79
46 80
46 47
46 103
46 82
46 115
46 104
46 52
46 85
46 53
47 106
47 118
47 120
47 87
47 88
47 56
47 92
47 108
47 60
47 93
47 65
47 66
47 94
47 95
47 69
47 72
47 98
47 100
47 75
47 76
47 77
47 101
47 111
47 78
47 112
47 79
47 80
47 114
47 82
47 49
47 126
47 83
47 115
47 51
47 104
47 105
47 85
47 53
48 116
48 106
48 127
48 55
48 87
48 89
48 57
48 91
48 107
48 108
48 60
48 61
48 63
48 66
48 94
48 95
48 67
48 98
48 73
48 122
48 99
48 110
48 74
48 123
48 100
48 76
48 124
48 101
48 112
48 79
48 80
48 49
48 126
48 83
48 115
48 84
48 125
48 105
48 85
49 116
49 106
49 86
49 54
49 120
49 87
49 56
49 90
49 91
49 58
49 108
49 62
49 121
49 93
49 63
49 109
49 65
49 94
49 95
49 68
49 69
49 70
49 96
49 97
49 98
49 73
49 110
49 74
49 123
49 100
49 76
49 101
49 102
49 111
49 78
49 79
49 114
49 126
49 115
49 50
49 51
49 53
50 116
50 106
50 127
50 86
50 118
50 54
50 119
50 88
50 89
50 56
50 57
50 90
50 108
50 60
50 61
50 62
50 93
50 109
50 66
50 94
50 95
50 68
50 70
50 97
50 73
50 122
50 74
50 123
50 100
50 77
50 78
50 112
50 79
50 80
50 81
50 82
50 126
50 84
50 51
50 125
50 53
50 117
50 75
50 113
50 59
51 117
51 86
51 120
51 87
51 88
51 89
51 56
51 57
51 91
51 107
51 92
51 62
51 93
51 63
51 65
51 66
51 69
51 71
51 96
51 97
51 72
51 98
51 73
51 99
51 77
51 101
51 102
51 111
51 78
51 80
51 126
51 83
51 115
51 84
51 104
51 52
51 53
52 117
52 106
52 118
52 119
52 87
52 88
52 89
52 56
52 57
52 90
52 92
52 108
52 61
52 62
52 121
52 93
52 63
52 64
52 65
52 66
52 68
52 96
52 97
52 98
52 73
52 122
52 110
52 100
52 77
52 101
52 102
52 111
52 79
52 114
52 82
52 126
52 84
52 104
52 125
52 105
52 53
53 106
53 127
53 89
53 56
53 91
53 58
53 92
53 61
53 62
53 121
53 93
53 63
53 64
53 66
53 94
53 67
53 68
53 71
53 96
53 97
53 72
53 122
53 123
53 76
53 111
53 78
53 112
53 113
53 81
53 82
54 116
54 118
54 119
54 120
54 55
54 88
54 57
54 107
54 92
54 59
54 61
54 62
54 121
54 93
54 109
54 65
54 94
54 95
54 68
54 69
54 70
54 71
54 96
54 97
54 72
54 73
54 74
54 100
54 75
54 76
54 101
54 102
54 111
54 112
54 114
54 81
54 103
54 115
54 104
54 105
54 85
55 117
55 119
55 120
55 88
55 107
55 64
55 95
55 72
55 75
55 77
55 81
55 83
55 115
55 104
55 85
55 118
55 57
55 90
55 62
55 63
55 65
55 69
55 96
55 98
55 73
55 100
55 76
55 101
55 113
55 79
55 80
55 84
55 105
56 127
56 119
56 120
56 87
56 88
56 89
56 107
56 64
56 66
56 95
56 71
56 72
56 122
56 110
56 78
56 112
56 81
56 82
56 126
56 115
56 57
56 91
56 59
56 93
56 67
56 96
56 98
56 99
56 76
56 124
56 113
56 79
56 114
56 103
56 84
56 105
57 117
57 106
57 120
57 87
57 60
57 94
57 71
57 72
57 110
57 102
57 126
57 83
57 86
57 118
57 91
57 92
57 61
57 93
57 109
57 96
57 98
57 73
57 76
57 124
57 113
57 79
57 103
57 105
58 117
58 120
58 87
58 88
58 89
58 60
58 64
58 94
58 70
58 123
58 77
58 102
58 81
58 83
58 125
58 85
58 86
58 61
58 62
58 121
58 63
58 69
58 97
58 99
58 76
58 101
58 113
58 80
58 114
58 103
58 84
58 105
59 106
59 87
59 88
59 89
59 60
59 94
59 95
59 70
59 71
59 72
59 122
59 77
59 78
59 112
59 81
59 83
59 85
59 121
59 67
59 68
59 76
59 80
59 108
59 109
59 100
59 101
59 111
59 119
59 116
59 79
59 61
59 117
59 75
59 113
60 116
60 106
60 127
60 119
60 120
60 87
60 86
60 118
60 90
60 91
60 92
60 61
60 121
60 63
60 109
60 64
60 66
60 94
60 67
60 70
60 71
60 96
60 97
60 72
60 73
60 122
60 99
60 74
60 123
60 124
60 77
60 102
60 111
60 112
60 80
60 103
60 82
60 126
60 83
60 84
60 104
60 105
60 85
61 117
61 106
61 127
61 120
61 107
61 66
61 95
61 122
61 110
61 74
61 123
61 75
61 102
61 78
61 81
61 83
61 104
61 125
61 86
61 90
61 91
61 63
61 109
61 67
61 96
61 98
61 76
61 111
61 113
61 79
61 80
61 103
61 84
61 70
61 119
61 116
61 94
61 68
62 106
62 89
62 72
62 122
62 123
62 77
62 78
62 126
62 83
62 104
62 67
62 68
62 76
62 80
62 103
62 118
62 108
62 109
62 98
62 73
62 111
62 113
62 79
63 106
63 119
63 120
63 87
63 88
63 89
63 94
63 95
63 72
63 122
63 81
63 82
63 83
63 104
63 121
63 65
63 68
63 96
63 97
63 99
63 84
63 86
63 118
63 90
63 108
63 93
63 109
63 73
63 100
63 111
63 113
64 116
64 117
64 119
64 89
64 107
64 86
64 118
64 91
64 92
64 108
64 121
64 93
64 109
64 65
64 66
64 95
64 68
64 70
64 96
64 98
64 73
64 122
64 76
64 77
64 78
64 112
64 80
64 81
64 103
64 82
64 126
64 84
64 104
64 85
65 117
65 127
65 119
65 120
65 88
65 89
65 107
65 66
65 110
65 123
65 75
65 102
65 81
65 126
65 83
65 125
65 85
65 121
65 86
65 118
65 108
65 109
65 67
65 69
65 96
65 98
65 99
65 100
65 124
65 80
65 103
65 105
66 116
66 117
66 106
66 120
66 88
66 107
66 86
66 118
66 90
66 91
66 92
66 108
66 95
66 68
66 69
66 71
66 96
66 98
66 110
66 74
66 123
66 100
66 76
66 124
66 102
66 78
66 112
66 79
66 83
66 85
67 117
67 106
67 120
67 88
67 107
67 94
67 95
67 70
67 72
67 122
67 110
67 74
67 123
67 78
67 81
67 104
67 85
67 118
67 91
67 108
67 97
67 98
67 100
67 124
67 111
67 79
67 103
67 105
68 117
68 106
68 127
68 120
68 89
68 70
68 71
68 72
68 110
68 78
68 115
68 104
68 125
68 85
68 118
68 90
68 69
68 98
68 99
68 76
68 124
68 101
68 113
68 79
68 80
68 114
68 84
68 105
68 119
68 116
68 94
68 75
69 117
69 127
69 120
69 87
69 94
69 72
69 110
69 75
69 78
69 81
69 83
69 104
69 92
69 86
69 90
69 108
69 96
69 76
69 111
69 80
69 103
69 84
70 116
70 117
70 127
70 119
70 120
70 89
70 94
70 95
70 118
70 90
70 92
70 121
70 93
70 109
70 96
70 97
70 72
70 98
70 73
70 110
70 100
70 75
70 76
70 77
70 101
70 78
70 112
70 81
70 103
70 82
70 126
70 83
70 115
70 84
70 85
70 79
70 113
71 116
71 106
71 127
71 119
71 88
71 94
71 118
71 91
71 121
71 93
71 97
71 98
71 122
71 99
71 123
71 100
71 76
71 77
71 102
71 111
71 78
71 114
71 103
71 82
71 115
71 84
71 104
71 85
72 116
72 117
72 127
72 120
72 107
72 86
72 91
72 108
72 121
72 109
72 96
72 97
72 98
72 99
72 74
72 100
72 75
72 124
72 102
72 78
72 112
72 79
72 103
72 83
72 115
72 125
72 105
73 127
73 119
73 87
73 89
73 107
73 110
73 123
73 77
73 102
73 78
73 81
73 83
73 115
73 92
73 96
73 76
73 90
73 91
73 108
73 100
73 124
73 113
73 114
73 105
74 116
74 127
74 94
74 95
74 110
74 86
74 118
74 90
74 91
74 92
74 121
74 109
74 96
74 99
74 101
74 111
74 78
74 113
74 79
74 80
74 114
74 81
74 103
74 104
74 105
75 116
75 117
75 120
75 89
75 107
75 94
75 95
75 110
75 90
75 91
75 92
75 121
75 93
75 109
75 100
75 76
75 77
75 111
75 103
75 126
75 115
75 84
75 104
75 105
75 85
75 119
75 79
75 113
76 117
76 127
76 119
76 120
76 89
76 107
76 123
76 81
76 115
76 92
76 121
76 97
76 99
76 118
76 91
76 109
76 98
76 124
76 113
76 79
76 103
76 84
77 116
77 117
77 106
77 120
77 88
77 89
77 94
77 122
77 110
77 123
77 86
77 92
77 108
77 121
77 93
77 96
77 100
77 78
77 112
77 113
77 114
77 103
77 82
77 115
77 105
78 116
78 106
78 89
78 107
78 94
78 95
78 123
78 118
78 90
78 92
78 108
78 96
78 97
78 99
78 100
78 124
78 112
78 113
78 79
78 80
78 114
78 81
78 103
78 82
78 83
78 84
78 85
79 127
79 120
79 87
79 107
79 94
79 122
79 123
79 102
79 81
79 82
79 126
79 83
79 92
79 121
79 96
79 97
79 103
79 86
79 108
79 93
79 109
79 98
79 101
79 113
79 114
79 105
79 119
79 116
79 117
80 117
80 127
80 119
80 120
80 87
80 88
80 107
80 94
80 95
80 122
80 112
80 126
80 83
80 85
80 99
80 86
80 91
80 108
80 93
80 100
80 124
80 114
80 103
80 84
81 116
81 117
81 127
81 119
81 120
81 87
81 94
81 122
81 112
81 118
81 91
81 108
81 121
81 99
81 101
81 111
81 114
81 103
81 83
81 84
81 104
82 116
82 117
82 106
82 88
82 89
82 107
82 94
82 95
82 110
82 102
82 112
82 86
82 118
82 91
82 92
82 108
82 121
82 109
82 96
82 97
82 99
82 101
82 103
82 83
82 115
82 84
82 85
83 116
83 106
83 119
83 120
83 88
83 107
83 122
83 110
83 123
83 112
83 121
83 96
83 100
83 101
83 111
83 113
83 103
83 115
83 104
83 85
84 117
84 106
84 87
84 107
84 94
84 95
84 122
84 110
84 112
84 126
84 85
84 97
84 103
84 118
84 108
84 100
84 124
84 101
84 113
84 105
85 116
85 120
85 87
85 88
85 122
85 110
85 123
85 102
85 115
85 125
85 90
85 93
85 96
85 99
85 124
85 111
85 113
86 106
86 87
86 88
86 89
86 95
86 110
86 112
86 126
86 121
86 96
86 97
86 99
86 103
86 108
86 93
86 109
86 98
86 100
86 124
86 101
86 111
87 116
87 117
87 106
87 127
87 120
87 118
87 90
87 91
87 107
87 92
87 108
87 109
87 94
87 97
87 122
87 99
87 110
87 124
87 114
87 103
87 126
87 115
87 125
87 105
88 116
88 117
88 127
88 119
88 120
88 118
88 89
88 91
88 107
88 92
88 108
88 121
88 93
88 109
88 122
88 101
88 102
88 113
88 126
88 104
88 105
89 116
89 119
89 90
89 91
89 93
89 109
89 94
89 97
89 98
89 99
89 124
89 111
89 114
89 104
89 125
89 105
90 106
90 122
90 110
90 102
90 104
90 125
90 92
90 97
90 99
90 118
90 91
90 111
90 113
90 114
90 105
91 127
91 119
91 120
91 107
91 94
91 122
91 110
91 102
91 126
91 104
91 125
91 92
91 121
91 96
91 109
91 98
91 111
91 114
91 105
92 117
92 106
92 127
92 120
92 95
92 122
92 123
92 112
92 115
92 125
92 118
92 121
92 97
92 100
92 124
92 101
92 114
92 105
93 106
93 127
93 119
93 107
93 122
93 110
93 112
93 126
93 99
93 118
93 109
93 98
93 105
94 116
94 117
94 106
94 127
94 119
94 120
94 108
94 95
94 96
94 122
94 110
94 100
94 124
94 114
94 126
94 113
95 116
95 117
95 119
95 118
95 108
95 96
95 98
95 122
95 110
95 124
95 111
95 103
95 115
95 104
95 125
95 105
96 117
96 106
96 120
96 107
96 123
96 102
96 104
96 125
96 121
96 109
96 99
96 100
96 101
96 111
96 105
97 117
97 106
97 119
97 107
97 110
97 123
97 102
97 104
97 125
97 121
97 118
97 108
97 109
97 98
97 99
97 100
97 101
97 111
97 114
97 103
98 106
98 127
98 107
98 123
98 102
98 121
98 109
98 124
98 111
98 113
99 117
99 127
99 120
99 122
99 110
99 123
99 102
99 112
99 115
99 104
99 125
99 118
99 108
99 124
99 101
99 111
100 127
100 119
100 120
100 107
100 122
100 110
100 123
100 102
100 126
100 104
100 125
100 103
100 118
100 109
100 105
101 106
101 119
101 110
101 123
101 112
101 115
101 104
101 125
101 103
101 109
101 111
101 114
102 116
102 117
102 106
102 127
102 122
102 110
102 118
102 108
102 109
102 124
102 103
102 115
102 105
103 117
103 127
103 119
103 104
103 121
103 108
103 124
103 111
103 113
103 105
104 116
104 117
104 106
104 119
104 120
104 107
104 122
104 123
104 112
104 126
104 115
104 118
104 108
104 121
104 109
104 111
104 113
104 114
104 105
105 119
105 120
105 107
105 110
105 126
105 115
105 118
105 113
105 114
106 116
106 127
106 119
106 107
106 108
106 121
106 123
106 125
107 116
107 117
107 108
107 121
107 122
107 110
107 124
107 111
107 113
108 127
108 122
108 110
108 123
108 112
108 126
108 115
108 124
108 113
108 114
109 127
109 110
109 112
109 115
109 124
109 114
110 116
110 117
110 119
110 120
110 122
110 121
110 111
110 112
110 115
111 127
111 123
111 115
111 125
111 121
111 113
112 116
112 119
112 120
112 118
112 124
112 114
112 126
112 115
113 119
113 126
113 114
113 116
113 117
114 127
114 126
114 115
114 125
114 121
115 116
115 120
115 123
115 126
115 118
115 124
115 125
116 117
116 127
116 119
116 120
116 122
116 123
116 126
116 125
117 119
117 121
117 122
117 123
117 126
117 125
118 119
118 126
119 127
119 121
119 122
119 124
119 126
119 125
120 123
120 124
120 126
120 125
121 127
121 122
121 125
121 124
122 127
122 125
123 127
123 126
124 127
124 126
124 125
