0 1
0 2
0 3
0 4
0 5
0 6
0 7
0 8
0 9
0 10
0 11
0 12
0 13
0 14
0 15
0 16
0 17
0 18
0 19
0 20
0 21
0 22
0 23
0 24
0 25
0 26
0 27
0 28
0 29
0 30
0 31
0 32
0 33
0 34
0 35
0 36
0 37
0 38
0 39
0 40
0 41
0 42
0 43
0 44
0 45
0 46
0 47
0 48
0 49
0 50
0 51
0 52
0 53
0 54
0 55
0 56
0 57
0 58
0 59
0 60
1 2
1 61
1 3
1 62
1 5
1 6
1 63
1 64
1 65
1 66
1 68
1 11
1 69
1 13
1 15
1 70
1 71
1 72
1 73
1 74
1 20
1 75
1 21
1 23
1 76
1 77
1 24
1 25
1 26
1 27
1 28
1 78
1 79
1 30
1 80
1 81
1 82
1 83
1 34
1 35
1 37
1 84
1 39
1 85
1 86
1 43
1 87
1 46
1 48
1 88
1 89
1 50
1 90
1 91
1 92
1 93
1 94
1 95
1 55
1 96
1 56
1 58
1 97
1 60
2 61
2 3
2 4
2 98
2 7
2 63
2 64
2 9
2 99
2 65
2 67
2 10
2 11
2 15
2 100
2 70
2 16
2 71
2 72
2 73
2 74
2 75
2 101
2 21
2 22
2 25
2 26
2 102
2 103
2 104
2 28
2 105
2 29
2 78
2 79
2 30
2 80
2 82
2 32
2 34
2 35
2 106
2 107
2 36
2 108
2 38
2 84
2 85
2 86
2 87
2 45
2 92
2 109
2 93
2 52
2 53
2 95
2 110
2 57
2 97
3 61
3 62
3 98
3 7
3 8
3 65
3 66
3 68
3 10
3 12
3 69
3 13
3 14
3 15
3 100
3 70
3 16
3 72
3 111
3 20
3 75
3 101
3 23
3 76
3 77
3 24
3 26
3 27
3 29
3 78
3 79
3 80
3 32
3 34
3 35
3 106
3 36
3 108
3 85
3 112
3 113
3 42
3 87
3 44
3 45
3 46
3 114
3 47
3 48
3 88
3 49
3 89
3 115
3 90
3 116
3 51
3 91
3 109
3 53
3 54
3 96
3 59
3 97
3 124
3 58
3 4
3 67
3 110
4 62
4 5
4 6
4 98
4 7
4 8
4 99
4 65
4 66
4 117
4 12
4 69
4 14
4 70
4 71
4 72
4 73
4 111
4 75
4 101
4 21
4 23
4 24
4 27
4 103
4 104
4 28
4 105
4 29
4 30
4 80
4 31
4 36
4 37
4 84
4 85
4 118
4 119
4 43
4 46
4 120
4 48
4 49
4 50
4 116
4 91
4 92
4 93
4 52
4 54
4 55
4 96
4 110
4 57
4 58
4 97
4 60
4 121
4 45
4 112
4 10
4 87
4 124
4 47
4 67
4 51
5 98
5 63
5 64
5 122
5 117
5 68
5 10
5 15
5 16
5 71
5 17
5 72
5 19
5 73
5 20
5 75
5 101
5 21
5 76
5 24
5 123
5 27
5 103
5 104
5 28
5 30
5 80
5 81
5 32
5 83
5 34
5 35
5 106
5 107
5 124
5 36
5 37
5 39
5 40
5 113
5 42
5 43
5 87
5 44
5 45
5 46
5 114
5 47
5 48
5 125
5 50
5 90
5 51
5 52
5 53
5 54
5 110
5 58
5 97
5 60
5 121
6 61
6 62
6 7
6 8
6 63
6 122
6 99
6 10
6 12
6 69
6 13
6 14
6 15
6 70
6 16
6 126
6 17
6 73
6 111
6 20
6 101
6 23
6 76
6 77
6 26
6 123
6 27
6 104
6 28
6 105
6 29
6 78
6 79
6 30
6 33
6 35
6 106
6 124
6 108
6 84
6 39
6 118
6 86
6 87
6 44
6 45
6 46
6 114
6 120
6 47
6 48
6 88
6 50
6 115
6 90
6 116
6 93
6 52
6 53
6 54
6 96
6 110
6 56
6 57
6 58
6 59
6 121
7 98
7 8
7 63
7 64
7 66
7 67
7 68
7 11
7 12
7 100
7 16
7 71
7 17
7 72
7 74
7 111
7 20
7 75
7 23
7 24
7 25
7 26
7 102
7 123
7 28
7 29
7 78
7 79
7 30
7 80
7 31
7 81
7 32
7 34
7 124
7 108
7 38
7 39
7 112
7 118
7 113
7 119
7 41
7 42
7 43
7 87
7 44
7 45
7 46
7 120
7 47
7 48
7 125
7 88
7 50
7 90
7 116
7 51
7 91
7 93
7 55
7 58
7 60
7 121
8 61
8 62
8 98
8 64
8 65
8 66
8 117
8 67
8 10
8 11
8 69
8 13
8 16
8 71
8 17
8 18
8 72
8 19
8 73
8 74
8 111
8 75
8 101
8 21
8 23
8 24
8 26
8 27
8 103
8 127
8 79
8 30
8 31
8 82
8 32
8 34
8 35
8 106
8 107
8 124
8 36
8 37
8 84
8 39
8 85
8 40
8 112
8 118
8 113
8 119
8 86
8 45
8 46
8 114
8 120
8 47
8 48
8 49
8 89
8 50
8 115
8 90
8 116
8 91
8 109
8 93
8 54
8 95
8 96
8 58
8 60
8 87
8 110
8 51
9 62
9 63
9 65
9 66
9 117
9 67
9 11
9 12
9 69
9 14
9 15
9 100
9 126
9 17
9 18
9 19
9 73
9 74
9 111
9 101
9 22
9 76
9 77
9 25
9 26
9 102
9 123
9 27
9 104
9 105
9 79
9 30
9 80
9 82
9 106
9 36
9 38
9 84
9 40
9 87
9 45
9 46
9 114
9 120
9 88
9 49
9 89
9 115
9 51
9 91
9 109
9 93
9 53
9 94
9 95
9 55
9 110
9 56
9 57
9 58
9 97
9 60
10 61
10 98
10 63
10 64
10 117
10 13
10 15
10 100
10 70
10 16
10 72
10 74
10 111
10 75
10 101
10 21
10 77
10 24
10 26
10 123
10 27
10 105
10 30
10 80
10 33
10 35
10 36
10 37
10 38
10 39
10 85
10 112
10 118
10 42
10 44
10 45
10 46
10 125
10 91
10 92
10 52
10 53
10 95
10 55
10 110
10 56
10 57
10 59
10 97
10 87
10 124
10 58
10 47
10 62
10 67
10 51
11 63
11 64
11 99
11 65
11 66
11 117
11 69
11 14
11 16
11 71
11 73
11 74
11 111
11 20
11 75
11 101
11 22
11 23
11 76
11 24
11 25
11 102
11 123
11 27
11 103
11 30
11 32
11 33
11 34
11 35
11 106
11 124
11 36
11 37
11 85
11 112
11 42
11 86
11 46
11 47
11 48
11 88
11 115
11 116
11 91
11 92
11 93
11 52
11 54
11 94
11 55
11 110
11 59
11 97
12 61
12 98
12 63
12 99
12 66
12 117
12 68
12 69
12 13
12 16
12 71
12 126
12 111
12 20
12 75
12 101
12 21
12 22
12 77
12 24
12 27
12 103
12 127
12 104
12 105
12 78
12 30
12 32
12 33
12 34
12 106
12 107
12 37
12 108
12 38
12 84
12 118
12 113
12 119
12 86
12 44
12 45
12 46
12 114
12 48
12 125
12 88
12 50
12 90
12 51
12 92
12 93
12 54
12 94
12 95
12 55
12 57
12 121
13 61
13 62
13 98
13 64
13 122
13 99
13 66
13 69
13 100
13 16
13 126
13 17
13 19
13 73
13 74
13 23
13 77
13 24
13 25
13 26
13 102
13 127
13 104
13 29
13 30
13 32
13 83
13 34
13 35
13 106
13 36
13 108
13 38
13 85
13 40
13 112
13 113
13 119
13 41
13 42
13 45
13 114
13 48
13 125
13 88
13 49
13 50
13 115
13 90
13 116
13 51
13 91
13 92
13 109
13 93
13 52
13 94
13 95
13 55
13 96
13 57
13 58
13 59
13 60
13 121
14 61
14 63
14 99
14 65
14 117
14 67
14 68
14 69
14 15
14 100
14 70
14 16
14 71
14 17
14 18
14 75
14 101
14 22
14 24
14 123
14 103
14 104
14 28
14 79
14 30
14 80
14 81
14 82
14 33
14 34
14 35
14 124
14 36
14 37
14 108
14 38
14 85
14 40
14 113
14 119
14 41
14 42
14 43
14 87
14 114
14 47
14 88
14 90
14 116
14 91
14 109
14 95
14 55
14 96
14 110
14 56
14 58
14 60
14 121
15 62
15 63
15 64
15 99
15 65
15 67
15 70
15 71
15 17
15 18
15 72
15 20
15 75
15 101
15 22
15 76
15 24
15 25
15 26
15 123
15 27
15 103
15 28
15 29
15 79
15 30
15 81
15 33
15 83
15 34
15 106
15 107
15 36
15 108
15 38
15 39
15 85
15 118
15 119
15 41
15 42
15 44
15 45
15 47
15 48
15 125
15 49
15 50
15 115
15 90
15 93
15 53
15 94
15 96
15 58
15 59
15 97
15 60
16 61
16 63
16 68
16 100
16 70
16 17
16 72
16 19
16 20
16 75
16 21
16 22
16 23
16 77
16 26
16 102
16 123
16 27
16 127
16 79
16 80
16 31
16 32
16 33
16 83
16 34
16 35
16 106
16 107
16 124
16 84
16 39
16 40
16 42
16 86
16 43
16 44
16 114
16 48
16 89
16 51
16 91
16 93
16 53
16 54
16 57
16 58
16 97
17 62
17 122
17 117
17 67
17 68
17 100
17 19
17 74
17 101
17 21
17 22
17 23
17 25
17 26
17 102
17 27
17 79
17 31
17 81
17 84
17 119
17 41
17 42
17 43
17 44
17 114
17 47
17 48
17 49
17 115
17 116
17 91
17 93
17 53
17 54
17 94
17 95
17 59
17 97
17 60
18 61
18 64
18 99
18 67
18 71
18 126
18 73
18 75
18 21
18 22
18 23
18 77
18 26
18 104
18 105
18 30
18 31
18 81
18 32
18 33
18 107
18 36
18 37
18 108
18 38
18 84
18 39
18 112
18 118
18 87
18 46
18 114
18 48
18 125
18 88
18 49
18 50
18 90
18 92
18 109
18 93
18 52
18 53
18 54
18 94
18 59
18 60
19 98
19 63
19 122
19 66
19 117
19 68
19 69
19 100
19 70
19 71
19 126
19 74
19 22
19 77
19 24
19 25
19 26
19 123
19 27
19 104
19 29
19 78
19 80
19 31
19 82
19 83
19 34
19 35
19 108
19 84
19 39
19 40
19 112
19 119
19 86
19 43
19 87
19 44
19 120
19 48
19 90
19 116
19 93
19 53
19 94
19 95
19 55
19 96
19 110
19 60
19 121
20 61
20 98
20 64
20 99
20 117
20 100
20 126
20 74
20 22
20 76
20 77
20 24
20 26
20 102
20 27
20 103
20 127
20 28
20 29
20 79
20 80
20 81
20 82
20 32
20 33
20 83
20 35
20 107
20 124
20 36
20 37
20 84
20 40
20 112
20 113
20 119
20 41
20 86
20 43
20 45
20 120
20 48
20 125
20 89
20 50
20 90
20 51
20 91
20 93
20 53
20 54
20 95
20 55
20 96
20 59
20 60
21 61
21 98
21 63
21 64
21 122
21 99
21 65
21 69
21 70
21 126
21 75
21 22
21 23
21 77
21 26
21 27
21 127
21 29
21 78
21 79
21 81
21 82
21 33
21 83
21 106
21 107
21 124
21 108
21 38
21 39
21 40
21 112
21 118
21 113
21 43
21 114
21 48
21 125
21 50
21 115
21 51
21 92
21 109
21 53
21 54
21 96
21 57
21 59
21 60
21 121
22 61
22 98
22 64
22 66
22 67
22 68
22 69
22 70
22 71
22 73
22 111
22 101
22 23
22 77
22 24
22 26
22 102
22 123
22 27
22 127
22 104
22 105
22 30
22 80
22 31
22 81
22 32
22 33
22 83
22 34
22 35
22 107
22 36
22 37
22 38
22 85
22 40
22 112
22 113
22 119
22 41
22 42
22 86
22 44
22 45
22 46
22 114
22 120
22 125
22 49
22 89
22 50
22 116
22 51
22 91
22 92
22 53
22 54
22 94
22 96
22 57
22 97
22 60
23 61
23 62
23 98
23 122
23 99
23 65
23 117
23 67
23 69
23 100
23 71
23 126
23 72
23 111
23 75
23 101
23 76
23 25
23 26
23 102
23 27
23 103
23 127
23 104
23 28
23 29
23 30
23 31
23 81
23 32
23 33
23 34
23 106
23 107
23 124
23 36
23 37
23 38
23 84
23 39
23 40
23 113
23 42
23 87
23 45
23 120
23 48
23 88
23 49
23 89
23 115
23 92
23 109
23 52
23 53
23 54
23 94
23 55
23 110
23 60
24 98
24 63
24 64
24 99
24 66
24 67
24 69
24 70
24 71
24 72
24 73
24 74
24 111
24 75
24 101
24 77
24 25
24 26
24 102
24 123
24 27
24 103
24 127
24 28
24 79
24 80
24 31
24 34
24 35
24 106
24 84
24 39
24 85
24 40
24 112
24 113
24 119
24 42
24 43
24 87
24 45
24 114
24 47
24 48
24 125
24 88
24 89
24 50
24 90
24 51
24 91
24 93
24 54
24 94
24 95
24 110
24 57
24 58
24 60
24 121
24 46
24 124
24 62
25 98
25 63
25 64
25 99
25 66
25 117
25 67
25 70
25 126
25 72
25 75
25 101
25 102
25 27
25 127
25 104
25 28
25 78
25 30
25 80
25 32
25 33
25 34
25 106
25 107
25 36
25 108
25 38
25 39
25 40
25 113
25 42
25 87
25 44
25 46
25 114
25 48
25 89
25 115
25 90
25 116
25 91
25 92
25 93
25 52
25 53
25 54
25 94
25 95
25 96
25 56
25 58
25 59
25 121
26 61
26 62
26 64
26 99
26 65
26 67
26 69
26 71
26 126
26 72
26 73
26 75
26 76
26 77
26 123
26 103
26 28
26 29
26 79
26 30
26 80
26 32
26 33
26 83
26 35
26 124
26 108
26 38
26 85
26 113
26 42
26 86
26 44
26 45
26 114
26 48
26 125
26 49
26 89
26 50
26 90
26 116
26 92
26 109
26 93
26 54
26 94
26 96
26 110
26 59
26 97
26 60
26 121
27 61
27 62
27 63
27 122
27 99
27 65
27 66
27 117
27 67
27 70
27 126
27 74
27 101
27 76
27 103
27 28
27 29
27 32
27 33
27 83
27 107
27 124
27 36
27 37
27 84
27 39
27 85
27 40
27 118
27 113
27 119
27 42
27 86
27 87
27 46
27 120
27 125
27 49
27 50
27 115
27 93
27 52
27 53
27 94
27 55
27 58
27 97
27 60
27 121
28 62
28 98
28 63
28 117
28 69
28 71
28 126
28 73
28 111
28 103
28 127
28 104
28 29
28 79
28 80
28 81
28 32
28 124
28 38
28 84
28 39
28 112
28 118
28 119
28 42
28 43
28 87
28 45
28 120
28 47
28 125
28 89
28 115
28 116
28 91
28 109
28 95
28 96
28 56
28 57
28 58
28 59
28 97
28 121
29 61
29 62
29 98
29 64
29 122
29 65
29 66
29 69
29 73
29 111
29 102
29 127
29 104
29 79
29 30
29 80
29 31
29 81
29 82
29 33
29 83
29 106
29 37
29 39
29 40
29 118
29 113
29 119
29 41
29 42
29 44
29 46
29 114
29 47
29 48
29 125
29 88
29 49
29 89
29 115
29 90
29 51
29 91
29 52
29 53
29 94
29 56
29 58
29 121
30 61
30 98
30 63
30 68
30 70
30 72
30 73
30 111
30 75
30 102
30 103
30 104
30 105
30 79
30 81
30 82
30 33
30 35
30 36
30 37
30 108
30 38
30 84
30 39
30 40
30 112
30 113
30 42
30 43
30 87
30 44
30 46
30 48
30 125
30 49
30 91
30 92
30 93
30 54
30 94
30 95
30 110
30 56
30 121
31 61
31 62
31 98
31 122
31 99
31 65
31 117
31 69
31 72
31 73
31 101
31 76
31 123
31 103
31 127
31 104
31 105
31 79
31 81
31 82
31 33
31 83
31 35
31 107
31 36
31 37
31 108
31 38
31 84
31 39
31 85
31 40
31 118
31 113
31 43
31 87
31 44
31 45
31 46
31 114
31 120
31 88
31 49
31 50
31 115
31 91
31 52
31 53
31 94
31 110
31 59
31 60
31 121
32 62
32 64
32 66
32 68
32 69
32 71
32 126
32 74
32 111
32 75
32 76
32 123
32 103
32 127
32 105
32 78
32 79
32 33
32 34
32 106
32 124
32 37
32 118
32 119
32 86
32 87
32 44
32 45
32 114
32 120
32 48
32 125
32 49
32 90
32 51
32 53
32 95
32 96
32 110
32 58
32 97
32 60
33 62
33 63
33 73
33 111
33 101
33 102
33 123
33 127
33 79
33 80
33 81
33 82
33 83
33 34
33 35
33 106
33 36
33 37
33 84
33 39
33 85
33 40
33 112
33 118
33 113
33 119
33 41
33 42
33 86
33 43
33 44
33 46
33 125
33 88
33 50
33 115
33 90
33 92
33 109
33 52
33 55
33 96
33 57
33 58
33 97
33 121
34 61
34 63
34 122
34 65
34 67
34 100
34 70
34 71
34 72
34 74
34 75
34 101
34 123
34 127
34 104
34 105
34 78
34 79
34 81
34 82
34 83
34 35
34 38
34 85
34 118
34 113
34 42
34 45
34 46
34 114
34 120
34 125
34 89
34 115
34 90
34 116
34 91
34 92
34 109
34 93
34 53
34 54
34 94
34 96
34 56
34 58
34 59
34 60
34 121
35 61
35 62
35 64
35 67
35 68
35 69
35 100
35 71
35 126
35 75
35 101
35 102
35 103
35 78
35 79
35 80
35 81
35 82
35 83
35 106
35 124
35 38
35 39
35 40
35 112
35 118
35 113
35 119
35 41
35 43
35 87
35 46
35 114
35 115
35 90
35 116
35 51
35 91
35 92
35 93
35 53
35 54
35 94
35 55
35 110
35 97
35 60
36 61
36 98
36 63
36 64
36 122
36 65
36 117
36 68
36 100
36 70
36 101
36 77
36 102
36 123
36 103
36 80
36 83
36 124
36 108
36 38
36 39
36 118
36 119
36 41
36 43
36 44
36 46
36 47
36 49
36 50
36 91
36 92
36 93
36 52
36 53
36 94
36 55
36 56
36 57
36 58
36 60
36 121
37 61
37 63
37 64
37 122
37 99
37 66
37 117
37 68
37 72
37 74
37 111
37 75
37 101
37 76
37 77
37 102
37 127
37 104
37 78
37 81
37 106
37 107
37 124
37 38
37 39
37 85
37 112
37 113
37 119
37 41
37 42
37 46
37 120
37 48
37 125
37 88
37 49
37 50
37 115
37 116
37 51
37 109
37 54
37 95
37 55
37 96
37 58
37 60
38 99
38 117
38 69
38 126
38 72
38 73
38 101
38 77
38 103
38 127
38 79
38 81
38 124
38 108
38 39
38 118
38 113
38 119
38 86
38 87
38 46
38 114
38 125
38 88
38 49
38 50
38 90
38 116
38 92
38 109
38 93
38 110
38 58
38 121
39 61
39 98
39 64
39 99
39 65
39 66
39 67
39 68
39 126
39 73
39 74
39 111
39 75
39 102
39 104
39 80
39 81
39 82
39 83
39 106
39 124
39 84
39 40
39 118
39 113
39 43
39 87
39 46
39 114
39 120
39 125
39 88
39 89
39 90
39 51
39 91
39 92
39 109
39 52
39 53
39 94
39 95
39 55
39 96
39 110
39 56
39 58
39 59
39 97
39 60
39 121
40 61
40 98
40 63
40 122
40 66
40 117
40 100
40 71
40 126
40 72
40 111
40 123
40 103
40 127
40 104
40 78
40 80
40 106
40 124
40 112
40 118
40 119
40 41
40 86
40 44
40 45
40 48
40 116
40 51
40 109
40 94
40 110
40 57
40 58
40 60
40 121
41 61
41 63
41 66
41 117
41 67
41 69
41 70
41 126
41 72
41 73
41 111
41 101
41 123
41 127
41 104
41 105
41 78
41 80
41 81
41 83
41 107
41 124
41 113
41 119
41 42
41 87
41 45
41 46
41 47
41 48
41 125
41 89
41 116
41 109
41 52
41 54
41 94
41 96
41 110
41 56
41 58
42 61
42 98
42 122
42 65
42 117
42 67
42 68
42 69
42 100
42 71
42 111
42 75
42 101
42 76
42 123
42 103
42 127
42 78
42 79
42 81
42 82
42 83
42 43
42 87
42 45
42 120
42 47
42 48
42 125
42 88
42 51
42 91
42 109
42 52
42 54
42 57
42 58
43 61
43 98
43 63
43 122
43 99
43 65
43 66
43 68
43 100
43 71
43 73
43 74
43 101
43 76
43 77
43 127
43 104
43 81
43 82
43 106
43 124
43 108
43 85
43 118
43 119
43 44
43 114
43 120
43 47
43 48
43 88
43 50
43 115
43 90
43 116
43 51
43 92
43 109
43 52
43 54
43 95
43 55
43 96
43 97
44 62
44 63
44 122
44 99
44 66
44 70
44 105
44 81
44 82
44 107
44 108
44 85
44 118
44 119
44 86
44 87
44 45
44 120
44 47
44 88
44 49
44 115
44 116
44 91
44 52
44 53
44 54
44 95
44 96
44 110
44 56
44 60
44 121
45 98
45 64
45 65
45 67
45 68
45 69
45 100
45 126
45 72
45 74
45 111
45 75
45 101
45 76
45 77
45 102
45 127
45 104
45 81
45 83
45 124
45 84
45 85
45 112
45 118
45 113
45 86
45 87
45 46
45 114
45 48
45 125
45 88
45 89
45 50
45 90
45 51
45 92
45 109
45 52
45 53
45 54
45 94
45 95
45 55
45 96
45 57
45 58
45 59
45 97
45 60
45 121
45 47
45 62
45 110
46 64
46 99
46 65
46 68
46 100
46 70
46 72
46 111
46 101
46 103
46 127
46 104
46 78
46 79
46 80
46 81
46 82
46 107
46 84
46 85
46 112
46 86
46 87
46 114
46 48
46 88
46 89
46 50
46 115
46 90
46 93
46 95
46 55
46 96
46 110
46 56
46 57
46 58
46 59
46 60
46 121
46 75
46 98
46 124
46 47
46 62
46 67
46 51
47 61
47 65
47 66
47 68
47 69
47 100
47 73
47 74
47 75
47 102
47 105
47 79
47 80
47 81
47 83
47 106
47 84
47 85
47 114
47 125
47 49
47 50
47 116
47 91
47 52
47 94
47 95
47 96
47 57
47 58
47 59
47 97
47 101
47 72
47 112
47 98
47 87
47 124
47 62
47 67
47 110
47 51
48 61
48 98
48 63
48 64
48 65
48 66
48 117
48 68
48 69
48 73
48 75
48 101
48 77
48 127
48 104
48 105
48 79
48 80
48 83
48 106
48 107
48 108
48 85
48 112
48 86
48 120
48 88
48 50
48 91
48 92
48 93
48 52
48 53
48 94
48 95
48 55
48 57
48 58
48 59
49 62
49 64
49 117
49 68
49 69
49 70
49 71
49 72
49 73
49 76
49 102
49 123
49 127
49 104
49 78
49 113
49 114
49 88
49 89
49 50
49 115
49 90
49 116
49 51
49 91
49 109
49 53
49 55
49 110
49 58
49 121
50 61
50 62
50 64
50 117
50 68
50 70
50 72
50 101
50 77
50 123
50 103
50 127
50 104
50 105
50 79
50 80
50 85
50 118
50 119
50 125
50 88
50 89
50 91
50 92
50 109
50 53
50 94
50 95
50 55
50 110
50 56
50 57
50 59
51 61
51 98
51 122
51 66
51 71
51 74
51 75
51 102
51 105
51 78
51 83
51 124
51 84
51 86
51 87
51 114
51 120
51 125
51 90
51 92
51 93
51 53
51 54
51 94
51 55
51 96
51 110
51 101
51 72
51 112
51 58
51 62
51 67
52 61
52 98
52 64
52 67
52 68
52 100
52 70
52 126
52 73
52 74
52 111
52 75
52 123
52 127
52 81
52 82
52 108
52 112
52 119
52 86
52 114
52 120
52 125
52 88
52 116
52 91
52 92
52 93
52 95
52 55
52 110
52 58
52 97
52 121
53 62
53 64
53 122
53 99
53 117
53 68
53 69
53 100
53 70
53 71
53 126
53 72
53 76
53 77
53 127
53 78
53 79
53 81
53 82
53 106
53 108
53 85
53 112
53 113
53 119
53 86
53 87
53 114
53 120
53 125
53 88
53 90
53 91
53 92
53 94
53 95
53 96
53 58
53 60
53 121
54 65
54 68
54 100
54 72
54 75
54 76
54 123
54 103
54 105
54 79
54 80
54 82
54 84
54 85
54 113
54 86
54 114
54 125
54 89
54 115
54 90
54 116
54 91
54 92
54 109
54 95
54 55
54 96
54 56
54 59
55 61
55 62
55 63
55 65
55 117
55 67
55 69
55 100
55 71
55 72
55 73
55 111
55 75
55 101
55 76
55 77
55 123
55 105
55 78
55 80
55 81
55 118
55 119
55 86
55 87
55 90
55 91
55 92
55 94
55 95
55 96
55 56
55 57
55 58
55 97
56 98
56 63
56 122
56 66
56 117
56 68
56 69
56 72
56 73
56 111
56 75
56 101
56 76
56 77
56 103
56 104
56 105
56 78
56 79
56 80
56 81
56 83
56 106
56 107
56 124
56 85
56 113
56 86
56 87
56 114
56 120
56 125
56 88
56 90
56 92
56 109
56 93
56 110
56 58
57 62
57 63
57 64
57 65
57 100
57 70
57 126
57 74
57 102
57 79
57 80
57 83
57 124
57 85
57 112
57 113
57 86
57 114
57 120
57 125
57 88
57 116
57 109
57 95
57 58
57 97
58 61
58 99
58 65
58 66
58 67
58 69
58 71
58 72
58 73
58 111
58 77
58 123
58 127
58 78
58 79
58 80
58 82
58 85
58 112
58 118
58 87
58 115
58 90
58 91
58 109
58 93
58 59
58 60
58 121
58 101
58 75
58 98
58 124
58 62
58 110
59 61
59 98
59 63
59 64
59 66
59 117
59 68
59 69
59 71
59 126
59 72
59 75
59 76
59 77
59 102
59 104
59 105
59 78
59 79
59 80
59 83
59 106
59 107
59 84
59 85
59 86
59 114
59 125
59 89
59 115
59 91
59 92
59 94
59 110
59 60
60 61
60 122
60 65
60 66
60 117
60 69
60 70
60 73
60 101
60 103
60 127
60 104
60 105
60 81
60 82
60 106
60 108
60 84
60 85
60 118
60 113
60 119
60 87
60 125
60 88
60 90
60 116
60 93
60 96
60 97
60 121
61 62
61 98
61 65
61 66
61 117
61 67
61 68
61 100
61 70
61 111
61 101
61 77
61 123
61 127
61 104
61 81
61 82
61 106
61 108
61 84
61 112
61 118
61 113
61 86
61 120
61 125
61 89
61 115
61 90
61 116
61 91
61 109
61 93
61 97
61 121
62 98
62 66
62 117
62 67
62 70
62 72
62 73
62 111
62 75
62 101
62 123
62 103
62 127
62 104
62 105
62 78
62 80
62 83
62 106
62 107
62 124
62 108
62 85
62 114
62 88
62 92
62 93
62 94
62 95
62 112
62 87
62 110
63 64
63 122
63 99
63 65
63 100
63 71
63 72
63 74
63 76
63 77
63 102
63 123
63 127
63 104
63 105
63 79
63 83
63 106
63 107
63 108
63 84
63 85
63 112
63 118
63 113
63 87
63 120
63 125
63 89
63 90
63 91
63 92
63 109
63 93
63 94
63 95
63 96
63 97
64 98
64 122
64 67
64 68
64 70
64 71
64 72
64 111
64 102
64 123
64 78
64 80
64 82
64 106
64 107
64 124
64 108
64 84
64 85
64 119
64 87
64 120
64 88
64 89
64 91
64 109
64 93
64 94
64 97
64 121
65 122
65 99
65 117
65 67
65 69
65 100
65 72
65 111
65 101
65 77
65 123
65 104
65 105
65 82
65 83
65 106
65 107
65 108
65 84
65 112
65 118
65 113
65 87
65 120
65 88
65 89
65 90
65 91
65 93
65 94
65 95
66 122
66 99
66 117
66 68
66 100
66 71
66 101
66 102
66 103
66 78
66 79
66 83
66 106
66 107
66 124
66 108
66 85
66 118
66 113
66 120
66 125
66 115
66 91
66 92
66 95
66 96
67 98
67 99
67 117
67 71
67 73
67 111
67 77
67 103
67 78
67 79
67 82
67 83
67 124
67 108
67 86
67 114
67 88
67 89
67 115
67 90
67 116
67 94
67 97
67 101
67 72
67 112
67 75
67 87
67 110
68 122
68 99
68 117
68 100
68 70
68 71
68 73
68 74
68 111
68 75
68 77
68 102
68 123
68 127
68 105
68 78
68 79
68 80
68 81
68 83
68 85
68 112
68 118
68 113
68 119
68 114
68 125
68 88
68 89
68 115
68 90
68 116
68 91
68 92
68 109
68 93
68 96
68 110
68 97
68 121
69 99
69 117
69 101
69 76
69 103
69 104
69 78
69 79
69 80
69 82
69 84
69 112
69 118
69 113
69 119
69 86
69 87
69 120
69 115
69 90
69 92
69 109
69 94
69 95
69 110
69 121
70 122
70 99
70 117
70 100
70 126
70 72
70 75
70 101
70 76
70 77
70 104
70 80
70 83
70 106
70 107
70 108
70 84
70 85
70 118
70 113
70 119
70 86
70 87
70 120
70 125
70 115
70 90
70 91
70 92
70 96
70 121
71 98
71 122
71 99
71 117
71 100
71 126
71 72
71 111
71 76
71 123
71 103
71 104
71 81
71 82
71 108
71 85
71 112
71 113
71 119
71 114
71 120
71 88
71 89
71 115
71 90
71 116
71 93
71 95
71 96
71 121
72 98
72 122
72 99
72 117
72 100
72 126
72 73
72 74
72 75
72 101
72 76
72 77
72 123
72 103
72 104
72 105
72 78
72 80
72 82
72 108
72 85
72 112
72 113
72 86
72 87
72 89
72 115
72 90
72 109
72 93
72 94
72 95
72 110
72 124
73 98
73 122
73 99
73 100
73 126
73 77
73 102
73 123
73 103
73 127
73 104
73 82
73 106
73 108
73 84
73 85
73 113
73 86
73 87
73 120
73 88
73 89
73 91
73 92
73 109
73 93
73 95
73 96
73 110
74 122
74 126
74 111
74 75
74 101
74 77
74 123
74 103
74 127
74 104
74 80
74 81
74 82
74 106
74 108
74 84
74 112
74 118
74 119
74 87
74 88
74 115
74 116
74 93
74 110
74 121
75 98
75 99
75 117
75 101
75 123
75 103
75 104
75 105
75 79
75 80
75 82
75 107
75 124
75 108
75 84
75 112
75 87
75 89
75 91
75 92
75 93
75 110
75 97
75 121
76 122
76 99
76 117
76 100
76 111
76 101
76 77
76 104
76 105
76 79
76 82
76 106
76 107
76 124
76 108
76 84
76 118
76 119
76 86
76 114
76 125
76 115
76 91
76 92
76 94
77 98
77 122
77 117
77 126
77 102
77 127
77 80
77 81
77 108
77 84
77 85
77 113
77 119
77 86
77 120
77 125
77 88
77 91
77 92
77 109
77 94
77 121
78 122
78 100
78 126
78 101
78 102
78 82
78 106
78 124
78 108
78 84
78 85
78 118
78 87
78 114
78 89
78 116
78 91
78 92
78 109
78 94
78 121
79 98
79 122
79 117
79 101
79 123
79 103
79 127
79 80
79 82
79 107
79 124
79 84
79 85
79 113
79 119
79 86
79 114
79 120
79 115
79 90
79 91
79 92
79 121
80 122
80 99
80 117
80 111
80 102
80 103
80 104
80 105
80 83
80 124
80 108
80 84
80 113
80 86
80 114
80 125
80 88
80 89
80 115
80 90
80 91
80 109
80 93
80 96
81 122
81 99
81 126
81 111
81 101
81 102
81 103
81 83
81 107
81 108
81 84
81 85
81 112
81 113
81 119
81 114
81 125
81 92
81 109
81 93
81 95
81 96
81 121
82 98
82 122
82 117
82 100
82 126
82 101
82 102
82 123
82 105
82 106
82 108
82 85
82 112
82 114
82 120
82 88
82 116
82 92
82 94
82 95
82 110
82 97
82 121
83 98
83 122
83 117
83 111
83 101
83 123
83 103
83 127
83 105
83 106
83 107
83 84
83 85
83 118
83 113
83 114
83 120
83 125
83 89
83 116
83 91
83 92
83 93
83 96
83 97
84 100
84 111
84 101
84 102
84 123
84 106
84 107
84 108
84 85
84 119
84 86
84 114
84 120
84 125
84 88
84 89
84 116
84 91
84 92
84 109
84 93
84 95
85 98
85 122
85 123
85 103
85 127
85 105
85 106
85 112
85 118
85 86
85 87
85 114
85 115
85 91
85 92
85 110
85 97
85 121
86 122
86 99
86 117
86 126
86 123
86 105
86 106
86 124
86 112
86 113
86 119
86 125
86 88
86 115
86 90
86 116
86 91
86 92
86 109
86 93
86 94
86 95
86 96
87 98
87 122
87 99
87 117
87 100
87 101
87 102
87 103
87 127
87 108
87 112
87 118
87 113
87 88
87 115
87 90
87 116
87 91
87 92
87 96
87 124
87 110
88 98
88 122
88 100
88 126
88 123
88 103
88 127
88 104
88 107
88 124
88 108
88 118
88 113
88 119
88 114
88 120
88 89
88 115
88 116
88 91
88 109
88 93
88 94
88 95
88 97
88 121
89 111
89 101
89 103
89 127
89 104
89 105
89 107
89 112
89 119
89 114
89 120
89 125
89 110
89 121
90 122
90 111
90 104
90 105
90 107
90 124
90 118
90 120
90 125
90 115
90 92
90 94
90 95
90 96
90 110
90 121
91 98
91 122
91 100
91 126
91 111
91 101
91 102
91 123
91 103
91 127
91 107
91 113
91 125
91 115
91 116
91 92
91 94
91 95
91 110
91 97
92 99
92 126
92 123
92 104
92 105
92 124
92 118
92 119
92 125
92 116
92 94
92 95
92 96
92 110
92 97
92 121
93 99
93 100
93 111
93 102
93 123
93 103
93 104
93 108
93 112
93 113
93 114
93 125
93 115
93 109
93 121
94 122
94 126
94 111
94 123
94 104
94 106
94 107
94 108
94 119
94 114
94 115
94 109
94 96
94 121
95 100
95 126
95 101
95 102
95 123
95 103
95 106
95 107
95 112
95 120
95 125
95 115
95 116
95 109
95 110
95 97
95 121
96 122
96 117
96 100
96 126
96 101
96 123
96 103
96 104
96 105
96 124
96 108
96 112
96 119
96 114
96 109
96 110
96 97
97 122
97 100
97 127
97 104
97 106
97 107
97 114
97 125
97 115
97 109
98 99
98 100
98 126
98 101
98 102
98 104
98 105
98 124
98 112
98 118
98 119
98 120
98 125
98 116
98 109
98 110
99 122
99 100
99 111
99 103
99 104
99 105
99 107
99 124
99 114
99 120
99 125
99 116
99 109
100 122
100 126
100 101
100 102
100 104
100 107
100 124
100 108
100 112
100 114
100 120
100 115
100 116
100 110
100 121
101 122
101 117
101 126
101 102
101 123
101 127
101 104
101 106
101 124
101 108
101 112
101 118
101 113
101 119
101 114
101 110
102 117
102 126
102 111
102 103
102 106
102 108
102 112
102 125
102 116
102 121
103 117
103 123
103 127
103 104
103 106
103 108
103 119
103 120
103 115
103 116
103 109
103 121
104 122
104 111
104 105
104 108
104 112
104 116
104 109
105 122
105 117
105 126
105 111
105 124
105 108
105 113
105 119
105 114
105 125
105 115
105 116
105 109
106 122
106 117
106 126
106 111
106 127
106 107
106 108
106 118
106 119
106 120
106 115
106 110
107 122
107 117
107 111
107 123
107 127
107 112
107 119
107 114
107 120
107 115
107 116
108 126
108 127
108 124
108 112
108 114
108 120
108 115
108 116
108 109
108 121
109 126
109 127
109 118
109 113
109 119
109 114
109 125
109 110
110 126
110 123
110 127
110 112
110 118
110 115
110 121
110 124
111 117
111 122
111 126
111 112
111 118
111 119
111 114
111 125
111 121
112 122
112 124
112 118
112 113
112 114
112 125
112 115
113 118
113 119
113 114
113 125
113 115
113 121
114 117
114 123
114 120
114 121
114 122
114 126
114 124
115 118
115 120
115 122
116 117
116 123
116 127
116 118
116 122
116 126
116 124
116 119
116 121
117 122
117 126
117 123
117 127
117 118
118 127
118 122
118 126
118 124
118 121
119 123
119 127
119 120
119 125
119 121
119 124
119 122
119 126
120 123
120 124
120 121
121 127
121 125
121 126
122 124
122 126
123 124
123 125
124 125
124 126
125 127
126 127
