0 1
0 2
0 3
0 4
0 5
0 6
0 7
0 8
0 9
0 10
0 11
0 12
0 13
0 14
0 15
0 16
0 17
0 18
0 19
0 20
0 21
0 22
0 23
0 24
0 25
0 26
0 27
0 28
0 29
0 30
0 31
0 32
0 33
0 34
0 35
0 36
0 37
0 38
0 39
0 40
0 41
0 42
0 43
0 44
0 45
0 46
0 47
0 48
0 49
0 50
0 51
0 52
0 53
0 54
0 55
0 56
0 57
0 58
0 59
0 60
0 61
0 62
0 63
0 64
0 65
0 66
0 67
0 68
0 69
0 71
0 72
1 73
1 3
1 74
1 75
1 76
1 6
1 9
1 77
1 10
1 79
1 80
1 16
1 81
1 82
1 17
1 83
1 18
1 19
1 20
1 84
1 85
1 21
1 86
1 24
1 87
1 25
1 27
1 28
1 88
1 30
1 90
1 31
1 33
1 34
1 35
1 91
1 36
1 38
1 92
1 93
1 40
1 41
1 94
1 45
1 95
1 96
1 97
1 98
1 48
1 49
1 50
1 52
1 53
1 55
1 56
1 58
1 99
1 61
1 100
1 101
1 102
1 103
1 64
1 65
1 104
1 69
1 70
1 105
1 106
1 107
1 108
1 72
2 73
2 3
2 5
2 74
2 75
2 76
2 6
2 7
2 8
2 78
2 11
2 109
2 13
2 110
2 14
2 15
2 16
2 111
2 112
2 19
2 20
2 84
2 85
2 113
2 23
2 87
2 88
2 29
2 114
2 115
2 33
2 34
2 36
2 38
2 92
2 44
2 45
2 46
2 96
2 98
2 49
2 50
2 52
2 116
2 117
2 54
2 55
2 56
2 118
2 60
2 61
2 101
2 119
2 102
2 63
2 64
2 66
2 68
2 104
2 69
2 120
2 121
2 71
2 106
2 107
2 108
2 72
3 73
3 4
3 74
3 122
3 8
3 9
3 78
3 79
3 80
3 110
3 14
3 111
3 17
3 83
3 18
3 19
3 84
3 22
3 23
3 86
3 87
3 26
3 88
3 89
3 114
3 30
3 31
3 32
3 33
3 34
3 35
3 36
3 38
3 39
3 40
3 41
3 43
3 45
3 48
3 50
3 52
3 53
3 116
3 55
3 56
3 123
3 57
3 58
3 60
3 61
3 100
3 101
3 103
3 64
3 66
3 67
3 68
3 104
3 69
3 70
3 105
3 121
3 71
3 124
3 106
4 74
4 122
4 8
4 9
4 77
4 12
4 13
4 14
4 15
4 17
4 83
4 84
4 85
4 21
4 113
4 23
4 87
4 25
4 27
4 29
4 114
4 30
4 33
4 34
4 35
4 91
4 37
4 38
4 43
4 94
4 45
4 95
4 125
4 96
4 47
4 48
4 49
4 52
4 116
4 117
4 57
4 118
4 99
4 60
4 61
4 101
4 102
4 103
4 64
4 66
4 68
4 70
4 105
4 121
4 71
4 106
4 107
4 108
5 73
5 74
5 122
5 6
5 7
5 8
5 9
5 11
5 12
5 109
5 80
5 14
5 15
5 111
5 112
5 81
5 82
5 17
5 18
5 19
5 21
5 86
5 24
5 25
5 26
5 28
5 88
5 29
5 114
5 115
5 32
5 34
5 35
5 36
5 38
5 92
5 93
5 41
5 126
5 95
5 125
5 96
5 97
5 98
5 48
5 49
5 51
5 52
5 53
5 117
5 55
5 59
5 118
5 99
5 60
5 61
5 101
5 102
5 103
5 62
5 63
5 65
5 104
5 70
5 105
5 121
5 71
5 106
5 107
5 108
6 73
6 74
6 7
6 8
6 77
6 79
6 13
6 81
6 17
6 18
6 19
6 20
6 84
6 85
6 22
6 113
6 86
6 26
6 27
6 115
6 31
6 33
6 34
6 35
6 91
6 37
6 38
6 39
6 93
6 40
6 41
6 43
6 44
6 94
6 46
6 125
6 96
6 97
6 47
6 51
6 52
6 117
6 55
6 123
6 58
6 60
6 61
6 100
6 119
6 102
6 103
6 62
6 63
6 64
6 65
6 66
6 105
6 71
6 124
6 107
6 108
7 73
7 122
7 8
7 77
7 10
7 12
7 79
7 13
7 110
7 15
7 16
7 81
7 82
7 18
7 19
7 20
7 84
7 21
7 22
7 113
7 23
7 86
7 87
7 25
7 26
7 28
7 88
7 29
7 90
7 32
7 33
7 34
7 35
7 36
7 37
7 92
7 39
7 93
7 41
7 44
7 45
7 95
7 47
7 98
7 50
7 117
7 56
7 123
7 99
7 100
7 119
7 102
7 103
7 62
7 63
7 66
7 69
7 70
7 105
7 124
7 106
7 108
7 72
8 73
8 76
8 122
8 9
8 77
8 11
8 79
8 80
8 13
8 110
8 14
8 15
8 16
8 111
8 19
8 84
8 21
8 22
8 86
8 87
8 25
8 88
8 114
8 115
8 30
8 90
8 31
8 35
8 37
8 93
8 41
8 127
8 126
8 44
8 94
8 45
8 46
8 96
8 48
8 53
8 117
8 56
8 58
8 59
8 99
8 60
8 61
8 101
8 102
8 64
8 67
8 70
8 106
8 107
8 72
9 74
9 76
9 11
9 12
9 79
9 109
9 110
9 14
9 15
9 111
9 112
9 82
9 17
9 83
9 20
9 84
9 85
9 21
9 23
9 24
9 87
9 26
9 28
9 90
9 31
9 32
9 33
9 35
9 91
9 37
9 38
9 92
9 41
9 43
9 44
9 45
9 125
9 97
9 98
9 48
9 49
9 52
9 117
9 54
9 55
9 56
9 123
9 57
9 58
9 118
9 99
9 60
9 61
9 101
9 119
9 102
9 62
9 66
9 68
9 104
9 69
9 70
9 105
9 120
9 121
9 71
9 124
9 107
9 108
9 72
9 13
9 63
9 89
9 34
9 78
10 73
10 74
10 75
10 76
10 11
10 12
10 109
10 14
10 17
10 18
10 85
10 21
10 113
10 23
10 24
10 87
10 27
10 28
10 88
10 29
10 115
10 90
10 91
10 36
10 37
10 38
10 126
10 94
10 45
10 125
10 49
10 52
10 116
10 117
10 55
10 56
10 123
10 57
10 58
10 59
10 118
10 60
10 100
10 102
10 103
10 63
10 64
10 65
10 67
10 69
10 120
10 71
10 124
10 106
10 107
10 108
11 74
11 76
11 122
11 77
11 109
11 110
11 14
11 112
11 82
11 19
11 20
11 22
11 113
11 25
11 26
11 115
11 31
11 33
11 36
11 37
11 92
11 39
11 41
11 42
11 44
11 45
11 125
11 47
11 49
11 53
11 116
11 117
11 54
11 55
11 56
11 57
11 58
11 99
11 60
11 101
11 102
11 66
11 67
11 68
11 104
11 69
11 121
11 71
11 124
11 72
11 52
11 83
11 85
11 13
11 97
11 63
11 89
11 34
11 70
11 78
11 98
11 79
12 74
12 75
12 76
12 122
12 78
12 79
12 17
12 83
12 18
12 19
12 20
12 84
12 21
12 113
12 23
12 26
12 27
12 88
12 114
12 115
12 32
12 34
12 35
12 91
12 37
12 38
12 40
12 41
12 127
12 43
12 45
12 95
12 47
12 48
12 50
12 53
12 116
12 57
12 58
12 118
12 60
12 61
12 64
12 65
12 67
12 68
12 70
12 105
12 121
12 71
12 72
13 122
13 109
13 80
13 15
13 17
13 18
13 20
13 84
13 85
13 22
13 87
13 26
13 88
13 29
13 114
13 115
13 30
13 32
13 41
13 127
13 44
13 45
13 95
13 98
13 48
13 49
13 51
13 117
13 123
13 57
13 59
13 99
13 61
13 100
13 101
13 103
13 63
13 68
13 104
13 69
13 70
13 72
13 33
13 92
13 37
13 52
13 74
13 83
13 14
13 97
13 89
13 34
13 78
13 79
14 73
14 74
14 75
14 122
14 78
14 79
14 110
14 81
14 83
14 18
14 85
14 21
14 24
14 26
14 29
14 89
14 33
14 36
14 37
14 92
14 39
14 41
14 127
14 42
14 43
14 126
14 44
14 94
14 46
14 125
14 97
14 47
14 98
14 49
14 50
14 52
14 117
14 54
14 58
14 59
14 61
14 101
14 119
14 103
14 64
14 68
14 104
14 69
14 71
14 106
14 107
14 72
14 63
14 34
14 70
15 73
15 76
15 77
15 109
15 110
15 111
15 112
15 18
15 19
15 84
15 22
15 23
15 86
15 87
15 25
15 26
15 27
15 28
15 88
15 89
15 114
15 115
15 90
15 31
15 35
15 38
15 92
15 39
15 127
15 44
15 95
15 125
15 96
15 47
15 48
15 49
15 51
15 52
15 116
15 117
15 55
15 57
15 59
15 99
15 100
15 62
15 63
15 65
15 67
15 68
15 70
15 105
15 71
15 106
15 107
15 108
15 72
16 73
16 77
16 78
16 79
16 109
16 111
16 112
16 82
16 21
16 113
16 23
16 86
16 24
16 87
16 89
16 115
16 30
16 90
16 31
16 36
16 92
16 93
16 40
16 127
16 44
16 46
16 96
16 97
16 47
16 48
16 49
16 50
16 51
16 52
16 53
16 116
16 117
16 54
16 56
16 57
16 59
16 100
16 101
16 119
16 102
16 103
16 64
16 65
16 66
16 67
16 68
16 104
16 120
16 124
16 107
16 108
16 72
17 76
17 122
17 78
17 109
17 111
17 112
17 81
17 85
17 21
17 23
17 24
17 27
17 28
17 88
17 29
17 90
17 35
17 37
17 39
17 41
17 127
17 42
17 126
17 46
17 97
17 47
17 98
17 50
17 53
17 54
17 123
17 59
17 118
17 60
17 119
17 103
17 62
17 63
17 64
17 65
17 66
17 67
17 68
17 104
17 105
17 120
17 72
18 73
18 76
18 77
18 79
18 80
18 111
18 82
18 19
18 84
18 85
18 22
18 113
18 23
18 86
18 24
18 25
18 26
18 28
18 29
18 89
18 114
18 30
18 90
18 31
18 38
18 93
18 41
18 127
18 43
18 94
18 95
18 125
18 97
18 98
18 52
18 117
18 123
18 59
18 118
18 102
18 65
18 68
18 69
18 70
18 71
18 107
18 108
18 72
19 75
19 79
19 109
19 81
19 83
19 20
19 85
19 22
19 113
19 86
19 24
19 87
19 26
19 114
19 115
19 30
19 90
19 31
19 32
19 33
19 35
19 91
19 37
19 92
19 39
19 93
19 127
19 42
19 126
19 94
19 45
19 46
19 125
19 96
19 49
19 53
19 116
19 117
19 55
19 57
19 58
19 99
19 100
19 102
19 103
19 62
19 68
19 69
19 70
19 105
19 124
20 73
20 74
20 122
20 77
20 109
20 80
20 110
20 111
20 112
20 81
20 21
20 113
20 24
20 87
20 114
20 90
20 31
20 33
20 35
20 91
20 39
20 127
20 42
20 94
20 96
20 97
20 47
20 49
20 51
20 53
20 54
20 55
20 57
20 59
20 118
20 119
20 102
20 62
20 63
20 64
20 66
20 68
20 104
20 105
20 71
20 124
20 72
21 73
21 75
21 76
21 77
21 79
21 109
21 80
21 22
21 87
21 25
21 28
21 88
21 29
21 89
21 114
21 30
21 34
21 37
21 38
21 92
21 93
21 41
21 127
21 43
21 44
21 95
21 47
21 98
21 48
21 49
21 117
21 54
21 55
21 123
21 58
21 59
21 99
21 60
21 101
21 102
21 62
21 64
21 65
21 66
21 67
21 68
21 69
21 120
21 121
21 71
21 72
22 73
22 74
22 75
22 122
22 77
22 80
22 110
22 112
22 84
22 85
22 113
22 86
22 24
22 87
22 26
22 28
22 88
22 89
22 115
22 90
22 31
22 33
22 34
22 91
22 36
22 38
22 92
22 39
22 93
22 40
22 41
22 126
22 94
22 45
22 98
22 49
22 50
22 51
22 52
22 53
22 116
22 54
22 57
22 58
22 59
22 118
22 99
22 60
22 61
22 101
22 102
22 103
22 62
22 63
22 64
22 65
22 67
22 104
22 70
22 120
22 121
22 71
22 106
22 107
22 108
22 72
23 73
23 74
23 75
23 76
23 77
23 78
23 79
23 80
23 112
23 81
23 24
23 26
23 28
23 88
23 29
23 89
23 114
23 115
23 30
23 31
23 33
23 34
23 36
23 92
23 39
23 93
23 40
23 43
23 126
23 94
23 46
23 96
23 47
23 98
23 51
23 52
23 55
23 56
23 60
23 102
23 103
23 64
23 66
23 67
23 68
23 70
23 105
23 120
23 121
23 124
23 106
23 72
24 73
24 75
24 76
24 122
24 77
24 78
24 109
24 80
24 110
24 111
24 112
24 82
24 83
24 113
24 25
24 26
24 27
24 28
24 29
24 114
24 115
24 30
24 31
24 32
24 91
24 37
24 92
24 39
24 93
24 40
24 41
24 127
24 42
24 43
24 44
24 94
24 46
24 125
24 97
24 98
24 48
24 49
24 51
24 52
24 53
24 55
24 57
24 59
24 118
24 99
24 61
24 102
24 63
24 67
24 68
24 105
24 120
24 121
24 124
24 108
24 72
25 73
25 75
25 122
25 112
25 81
25 84
25 28
25 89
25 30
25 32
25 34
25 35
25 36
25 38
25 92
25 39
25 44
25 94
25 125
25 96
25 47
25 98
25 49
25 51
25 116
25 117
25 56
25 57
25 118
25 61
25 100
25 102
25 103
25 62
25 64
25 65
25 68
25 69
25 70
25 106
25 107
25 72
26 73
26 74
26 76
26 122
26 77
26 83
26 86
26 28
26 88
26 29
26 114
26 91
26 36
26 38
26 39
26 40
26 41
26 42
26 45
26 125
26 96
26 50
26 117
26 54
26 55
26 123
26 57
26 58
26 118
26 99
26 60
26 100
26 101
26 102
26 103
26 62
26 63
26 65
26 66
26 68
26 69
26 120
26 108
26 72
27 74
27 75
27 122
27 77
27 109
27 80
27 110
27 112
27 83
27 85
27 86
27 28
27 88
27 89
27 114
27 115
27 90
27 33
27 35
27 91
27 36
27 126
27 44
27 45
27 47
27 51
27 117
27 56
27 123
27 58
27 118
27 99
27 61
27 101
27 119
27 102
27 103
27 63
27 65
27 66
27 67
27 69
27 121
27 124
27 107
28 73
28 74
28 76
28 122
28 79
28 109
28 80
28 112
28 81
28 85
28 86
28 29
28 89
28 114
28 30
28 90
28 32
28 35
28 91
28 38
28 92
28 41
28 127
28 45
28 96
28 49
28 50
28 51
28 116
28 123
28 58
28 118
28 60
28 61
28 119
28 103
28 62
28 63
28 105
28 121
28 71
28 124
28 107
28 108
28 72
29 75
29 110
29 111
29 112
29 81
29 82
29 83
29 84
29 86
29 87
29 115
29 30
29 31
29 32
29 33
29 34
29 37
29 38
29 39
29 40
29 41
29 126
29 45
29 46
29 125
29 96
29 98
29 48
29 51
29 52
29 53
29 56
29 59
29 99
29 61
29 100
29 101
29 119
29 102
29 103
29 62
29 63
29 64
29 66
29 104
29 69
29 105
29 120
29 121
29 71
29 106
29 107
29 72
30 73
30 74
30 75
30 77
30 110
30 111
30 112
30 82
30 83
30 87
30 88
30 114
30 90
30 33
30 34
30 91
30 36
30 37
30 38
30 92
30 39
30 93
30 40
30 42
30 94
30 95
30 46
30 97
30 48
30 49
30 50
30 52
30 53
30 117
30 54
30 123
30 57
30 59
30 118
30 60
30 119
30 102
30 62
30 64
30 65
30 66
30 104
30 105
30 120
30 107
30 108
31 73
31 74
31 75
31 76
31 122
31 109
31 112
31 81
31 82
31 84
31 85
31 86
31 87
31 115
31 90
31 33
31 91
31 37
31 38
31 93
31 41
31 42
31 45
31 95
31 46
31 125
31 96
31 47
31 49
31 50
31 53
31 55
31 56
31 123
31 57
31 58
31 99
31 60
31 100
31 102
31 103
31 62
31 65
31 67
31 68
31 104
31 120
31 121
31 71
31 108
31 72
32 73
32 74
32 77
32 78
32 79
32 109
32 80
32 111
32 81
32 82
32 83
32 85
32 87
32 88
32 89
32 114
32 115
32 33
32 35
32 91
32 37
32 40
32 41
32 42
32 126
32 94
32 45
32 46
32 96
32 98
32 51
32 52
32 53
32 116
32 54
32 56
32 99
32 60
32 100
32 102
32 103
32 63
32 64
32 65
32 71
32 124
32 106
32 107
32 108
33 74
33 76
33 122
33 78
33 112
33 82
33 83
33 84
33 85
33 113
33 86
33 88
33 89
33 114
33 34
33 35
33 91
33 37
33 38
33 92
33 41
33 127
33 42
33 43
33 95
33 96
33 47
33 98
33 48
33 49
33 51
33 52
33 53
33 116
33 117
33 55
33 56
33 123
33 118
33 61
33 100
33 101
33 102
33 62
33 63
33 65
33 68
33 104
33 69
33 70
33 120
33 121
33 71
33 124
33 107
33 108
33 72
33 97
33 79
34 76
34 122
34 79
34 80
34 110
34 82
34 85
34 113
34 87
34 88
34 114
34 90
34 35
34 37
34 92
34 40
34 41
34 127
34 126
34 44
34 47
34 48
34 53
34 116
34 117
34 54
34 58
34 99
34 61
34 101
34 102
34 63
34 64
34 104
34 69
34 121
34 71
34 72
34 52
34 74
34 83
34 97
34 89
34 70
34 78
34 98
35 73
35 75
35 78
35 109
35 80
35 111
35 84
35 85
35 86
35 88
35 90
35 91
35 40
35 41
35 127
35 42
35 43
35 44
35 45
35 95
35 125
35 97
35 117
35 54
35 56
35 59
35 99
35 61
35 100
35 101
35 103
35 64
35 65
35 66
35 68
35 105
35 107
36 76
36 122
36 77
36 79
36 110
36 111
36 112
36 81
36 82
36 84
36 86
36 87
36 114
36 115
36 90
36 91
36 93
36 40
36 127
36 126
36 44
36 95
36 125
36 96
36 97
36 47
36 48
36 52
36 53
36 116
36 117
36 54
36 55
36 56
36 123
36 59
36 60
36 101
36 119
36 62
36 63
36 64
36 65
36 67
36 68
36 105
36 71
36 124
36 107
36 108
37 74
37 78
37 79
37 109
37 80
37 111
37 112
37 82
37 83
37 84
37 85
37 113
37 86
37 87
37 88
37 89
37 91
37 92
37 39
37 93
37 127
37 43
37 94
37 46
37 47
37 51
37 52
37 116
37 55
37 123
37 57
37 61
37 100
37 119
37 65
37 67
37 105
37 120
37 107
37 72
37 97
37 63
37 70
37 98
38 73
38 76
38 109
38 110
38 111
38 81
38 82
38 85
38 86
38 90
38 93
38 40
38 41
38 127
38 43
38 126
38 94
38 95
38 125
38 96
38 97
38 49
38 51
38 116
38 56
38 59
38 118
38 99
38 60
38 61
38 100
38 62
38 66
38 69
38 105
38 121
38 124
38 108
39 73
39 74
39 111
39 81
39 82
39 85
39 113
39 86
39 88
39 115
39 91
39 92
39 40
39 43
39 94
39 45
39 95
39 96
39 47
39 48
39 49
39 50
39 117
39 55
39 56
39 123
39 99
39 60
39 61
39 102
39 103
39 63
39 64
39 65
39 66
39 67
39 68
39 121
40 73
40 76
40 77
40 78
40 110
40 111
40 112
40 82
40 83
40 86
40 114
40 91
40 92
40 93
40 42
40 43
40 126
40 44
40 94
40 97
40 47
40 98
40 53
40 55
40 56
40 123
40 61
40 101
40 103
40 63
40 64
40 66
40 68
40 104
40 69
40 70
40 105
40 121
40 124
40 107
40 72
41 73
41 74
41 75
41 76
41 122
41 77
41 78
41 79
41 110
41 112
41 85
41 86
41 87
41 88
41 90
41 91
41 92
41 93
41 44
41 125
41 96
41 47
41 49
41 51
41 116
41 117
41 54
41 57
41 59
41 99
41 60
41 102
41 103
41 65
41 67
41 104
41 105
41 120
41 71
41 124
41 72
42 75
42 76
42 122
42 77
42 79
42 109
42 80
42 110
42 112
42 82
42 83
42 84
42 85
42 87
42 88
42 114
42 93
42 127
42 45
42 96
42 97
42 49
42 51
42 52
42 53
42 54
42 55
42 99
42 60
42 65
42 66
42 67
42 105
42 120
42 71
42 124
42 106
42 107
42 72
43 122
43 77
43 78
43 109
43 110
43 112
43 81
43 84
43 113
43 86
43 87
43 89
43 92
43 93
43 127
43 126
43 45
43 95
43 46
43 125
43 96
43 97
43 48
43 49
43 50
43 52
43 53
43 116
43 117
43 55
43 56
43 59
43 99
43 102
43 103
43 62
43 63
43 65
43 67
43 68
43 104
43 69
43 120
43 121
43 71
43 107
44 76
44 77
44 109
44 82
44 83
44 84
44 85
44 113
44 88
44 90
44 93
44 126
44 125
44 96
44 47
44 98
44 50
44 52
44 53
44 116
44 58
44 118
44 60
44 61
44 119
44 102
44 103
44 62
44 66
44 69
44 71
44 124
44 106
44 108
45 76
45 77
45 78
45 80
45 112
45 81
45 83
45 85
45 113
45 86
45 88
45 89
45 114
45 91
45 92
45 93
45 127
45 94
45 46
45 125
45 47
45 98
45 51
45 52
45 55
45 123
45 58
45 99
45 60
45 102
45 63
45 64
45 66
45 104
45 105
45 121
45 108
46 73
46 75
46 76
46 77
46 79
46 109
46 110
46 112
46 81
46 82
46 85
46 87
46 88
46 89
46 90
46 92
46 93
46 126
46 125
46 96
46 97
46 98
46 49
46 50
46 51
46 52
46 53
46 117
46 55
46 123
46 57
46 58
46 99
46 103
46 64
46 104
46 105
46 71
46 106
46 108
46 72
47 73
47 74
47 75
47 76
47 122
47 77
47 79
47 80
47 112
47 82
47 84
47 85
47 113
47 86
47 88
47 89
47 91
47 92
47 93
47 126
47 94
47 95
47 125
47 97
47 98
47 49
47 50
47 116
47 117
47 56
47 58
47 60
47 61
47 100
47 101
47 102
47 103
47 62
47 63
47 64
47 65
47 67
47 68
47 104
47 69
47 105
47 120
47 121
47 72
48 73
48 122
48 78
48 80
48 81
48 84
48 85
48 113
48 115
48 91
48 92
48 127
48 95
48 98
48 49
48 51
48 52
48 54
48 56
48 57
48 58
48 59
48 118
48 119
48 63
48 64
48 65
48 66
48 68
48 105
48 120
48 71
48 124
48 106
48 107
49 73
49 76
49 79
49 109
49 80
49 110
49 111
49 112
49 81
49 82
49 85
49 113
49 87
49 88
49 115
49 92
49 51
49 52
49 116
49 117
49 54
49 56
49 123
49 57
49 58
49 59
49 99
49 102
49 103
49 64
49 65
49 120
49 71
49 72
50 73
50 75
50 76
50 79
50 109
50 80
50 112
50 84
50 85
50 86
50 87
50 88
50 89
50 115
50 92
50 93
50 125
50 96
50 97
50 98
50 51
50 52
50 116
50 117
50 54
50 55
50 123
50 57
50 58
50 119
50 103
50 64
50 68
50 121
50 107
50 108
51 75
51 76
51 77
51 109
51 110
51 112
51 81
51 82
51 86
51 88
51 89
51 90
51 91
51 92
51 93
51 127
51 95
51 125
51 96
51 97
51 52
51 116
51 54
51 56
51 123
51 59
51 118
51 99
51 101
51 119
51 102
51 103
51 62
51 64
51 120
51 71
51 72
52 73
52 74
52 122
52 77
52 78
52 79
52 109
52 80
52 111
52 112
52 82
52 83
52 84
52 85
52 113
52 86
52 87
52 88
52 115
52 90
52 92
52 93
52 126
52 94
52 97
52 53
52 117
52 54
52 55
52 57
52 118
52 99
52 61
52 101
52 102
52 63
52 65
52 69
52 105
52 120
52 121
52 124
52 107
52 108
52 72
52 89
52 70
52 98
53 74
53 76
53 122
53 78
53 109
53 80
53 112
53 81
53 82
53 84
53 113
53 86
53 114
53 90
53 92
53 127
53 126
53 94
53 125
53 96
53 98
53 117
53 55
53 58
53 118
53 99
53 101
53 119
53 102
53 103
53 62
53 63
53 65
53 66
53 67
53 69
53 105
53 120
53 71
53 106
53 108
53 72
54 76
54 109
54 112
54 82
54 83
54 113
54 86
54 87
54 88
54 115
54 90
54 127
54 126
54 94
54 95
54 96
54 116
54 123
54 57
54 99
54 60
54 119
54 102
54 64
54 67
54 69
54 105
54 120
54 107
54 108
54 72
55 122
55 77
55 79
55 111
55 81
55 82
55 86
55 87
55 89
55 115
55 90
55 92
55 93
55 95
55 56
55 123
55 58
55 99
55 100
55 102
55 63
55 66
55 67
55 120
55 121
55 106
55 107
55 72
56 73
56 76
56 78
56 79
56 109
56 110
56 112
56 84
56 113
56 87
56 89
56 114
56 90
56 91
56 92
56 93
56 126
56 94
56 95
56 125
56 96
56 116
56 123
56 118
56 100
56 101
56 102
56 62
56 63
56 64
56 68
56 69
56 124
56 106
56 108
56 72
57 73
57 74
57 76
57 77
57 80
57 112
57 81
57 82
57 113
57 86
57 88
57 114
57 115
57 92
57 126
57 97
57 58
57 99
57 60
57 100
57 101
57 119
57 63
57 66
57 68
57 104
57 69
57 105
57 120
57 71
57 72
58 73
58 74
58 75
58 76
58 122
58 77
58 79
58 109
58 110
58 111
58 83
58 84
58 85
58 86
58 87
58 88
58 89
58 114
58 115
58 90
58 92
58 93
58 94
58 95
58 125
58 96
58 97
58 98
58 116
58 117
58 123
58 99
58 60
58 61
58 100
58 101
58 102
58 64
58 67
58 68
58 104
58 121
58 106
58 72
59 73
59 74
59 76
59 122
59 78
59 109
59 110
59 112
59 84
59 85
59 113
59 86
59 87
59 88
59 114
59 115
59 91
59 92
59 127
59 126
59 95
59 98
59 116
59 118
59 99
59 100
59 101
59 102
59 62
59 67
59 70
59 120
59 71
59 124
59 106
60 74
60 122
60 77
60 110
60 112
60 81
60 82
60 85
60 87
60 88
60 89
60 114
60 93
60 95
60 96
60 97
60 118
60 100
60 101
60 119
60 102
60 103
60 62
60 64
60 65
60 66
60 104
60 121
60 72
61 75
61 122
61 77
61 78
61 110
61 83
61 113
61 87
61 88
61 115
61 93
61 127
61 126
61 94
61 95
61 125
61 97
61 116
61 117
61 118
61 99
61 100
61 101
61 119
61 103
61 63
61 64
61 66
61 69
61 70
61 105
61 121
61 108
62 73
62 75
62 122
62 79
62 109
62 80
62 110
62 111
62 84
62 86
62 89
62 114
62 115
62 90
62 91
62 92
62 93
62 126
62 95
62 125
62 116
62 117
62 100
62 103
62 63
62 64
62 121
62 124
62 106
62 107
62 72
63 74
63 76
63 122
63 77
63 82
63 83
63 84
63 86
63 91
63 127
63 126
63 94
63 125
63 96
63 116
63 117
63 118
63 99
63 100
63 119
63 64
63 65
63 69
63 105
63 106
63 107
63 72
63 92
63 85
63 97
63 89
63 70
63 78
63 98
63 79
64 73
64 75
64 77
64 79
64 110
64 111
64 81
64 82
64 84
64 85
64 88
64 91
64 93
64 126
64 95
64 125
64 116
64 123
64 99
64 119
64 68
64 69
64 121
64 71
64 124
64 106
65 74
65 75
65 122
65 77
65 78
65 79
65 109
65 80
65 111
65 82
65 84
65 113
65 87
65 114
65 115
65 90
65 127
65 126
65 95
65 125
65 96
65 116
65 123
65 100
65 101
65 102
65 68
65 69
65 70
65 121
65 71
65 124
65 106
65 72
66 73
66 74
66 75
66 76
66 109
66 80
66 112
66 81
66 82
66 83
66 85
66 113
66 86
66 87
66 88
66 89
66 114
66 127
66 126
66 96
66 98
66 116
66 123
66 67
66 71
66 106
66 107
66 72
67 75
67 79
67 110
67 112
67 81
67 83
67 84
67 87
67 88
67 89
67 90
67 91
67 127
67 126
67 94
67 125
67 123
67 118
67 119
67 104
67 69
67 70
67 105
67 120
67 121
67 124
67 108
68 74
68 76
68 78
68 109
68 81
68 82
68 83
68 85
68 88
68 89
68 114
68 115
68 90
68 91
68 92
68 127
68 95
68 97
68 98
68 116
68 118
68 99
68 101
68 119
68 102
68 69
68 70
68 105
68 120
68 124
68 72
69 74
69 76
69 77
69 79
69 80
69 82
69 83
69 84
69 86
69 87
69 92
69 126
69 95
69 125
69 96
69 98
69 116
69 99
69 100
69 104
69 70
69 121
69 71
69 107
69 72
70 76
70 122
70 77
70 111
70 112
70 81
70 84
70 89
70 114
70 91
70 126
70 94
70 95
70 125
70 98
70 123
70 99
70 100
70 101
70 103
70 104
70 105
70 120
70 121
70 124
70 72
70 92
70 74
70 83
70 85
70 97
70 78
70 79
71 76
71 77
71 79
71 109
71 80
71 110
71 81
71 84
71 113
71 86
71 89
71 114
71 90
71 127
71 95
71 125
71 96
71 98
71 123
71 118
71 100
71 102
71 105
71 106
71 107
72 73
72 74
72 75
72 122
72 79
72 109
72 80
72 110
72 111
72 82
72 83
72 84
72 85
72 113
72 87
72 89
72 114
72 115
72 90
72 92
72 93
72 127
72 126
72 94
72 125
72 96
72 97
72 118
72 99
72 100
72 101
72 119
72 103
72 104
72 105
72 78
72 98
73 76
73 122
73 79
73 80
73 110
73 111
73 112
73 82
73 83
73 87
73 114
73 115
73 127
73 125
73 97
73 116
73 123
73 118
73 100
73 102
73 120
73 124
73 106
73 108
74 76
74 112
74 83
74 87
74 114
74 97
74 116
74 123
74 106
74 108
74 75
74 77
74 109
74 81
74 85
74 113
74 86
74 88
74 89
74 90
74 92
74 93
74 126
74 94
74 95
74 96
74 98
74 99
74 119
74 78
74 79
75 76
75 79
75 110
75 111
75 112
75 87
75 115
75 127
75 97
75 123
75 78
75 84
75 91
75 92
75 93
75 95
75 117
75 107
76 122
76 78
76 79
76 109
76 110
76 111
76 82
76 83
76 86
76 114
76 90
76 91
76 127
76 126
76 94
76 95
76 97
76 98
76 123
76 118
76 101
76 119
76 102
76 103
76 120
76 121
76 124
76 106
77 122
77 80
77 112
77 82
77 114
77 115
77 127
77 116
77 123
77 100
77 120
77 124
77 109
77 81
77 85
77 86
77 88
77 89
77 93
77 126
77 94
77 95
77 96
77 117
77 99
77 101
77 105
77 107
78 110
78 112
78 82
78 83
78 87
78 114
78 115
78 97
78 123
78 118
78 100
78 102
78 106
78 81
78 84
78 88
78 92
78 126
78 96
78 117
78 121
78 85
78 89
78 98
78 79
79 80
79 111
79 82
79 84
79 86
79 87
79 88
79 114
79 92
79 93
79 127
79 94
79 96
79 97
79 123
79 100
79 103
79 120
79 106
79 83
79 85
79 89
79 98
80 122
80 109
80 110
80 112
80 83
80 113
80 88
80 114
80 115
80 91
80 93
80 126
80 125
80 97
80 116
80 118
80 100
80 101
80 102
80 104
80 105
80 120
80 121
80 106
81 122
81 112
81 82
81 83
81 127
81 125
81 97
81 116
81 123
81 118
81 100
81 102
81 124
81 84
81 85
81 88
81 90
81 96
81 101
81 119
81 105
82 122
82 111
82 113
82 86
82 88
82 89
82 115
82 90
82 92
82 127
82 95
82 125
82 96
82 97
82 116
82 104
82 105
82 120
82 107
82 108
83 110
83 112
83 85
83 89
83 114
83 115
83 91
83 92
83 93
83 126
83 95
83 96
83 97
83 117
83 123
83 99
83 100
83 103
83 104
83 105
83 121
83 108
83 98
84 110
84 112
84 87
84 123
84 118
84 100
84 124
84 108
84 86
84 88
84 90
84 93
84 98
84 99
84 119
84 104
84 105
84 121
84 107
85 111
85 87
85 115
85 125
85 123
85 100
85 102
85 120
85 108
85 109
85 86
85 88
85 89
85 91
85 92
85 95
85 117
85 101
85 119
85 103
85 97
85 98
86 111
86 87
86 114
86 115
86 127
86 97
86 100
86 120
86 106
86 108
86 109
86 113
86 89
86 126
86 95
86 98
86 117
86 103
86 105
87 122
87 111
87 113
87 88
87 115
87 92
87 95
87 97
87 116
87 117
87 123
87 99
87 100
87 102
87 103
87 108
88 110
88 111
88 127
88 125
88 97
88 116
88 118
88 102
88 120
88 124
88 106
88 109
88 113
88 89
88 90
88 94
88 99
88 119
88 103
88 104
88 121
88 107
89 122
89 111
89 115
89 127
89 125
89 106
89 113
89 92
89 93
89 126
89 95
89 96
89 98
89 103
89 105
89 97
90 122
90 111
90 112
90 114
90 127
90 97
90 116
90 123
90 106
90 108
90 113
90 126
90 96
90 99
90 104
90 105
90 107
91 111
91 114
91 115
91 127
91 97
91 118
91 100
91 120
91 106
91 126
91 95
91 96
91 99
91 101
91 104
91 105
91 121
92 122
92 110
92 112
92 114
92 115
92 127
92 125
92 97
92 116
92 102
92 124
92 113
92 94
92 117
92 99
92 101
92 121
92 107
92 98
93 110
93 111
93 112
93 114
93 115
93 127
93 125
93 123
93 100
93 106
93 108
93 126
93 94
93 96
93 121
94 122
94 110
94 112
94 114
94 115
94 125
94 97
94 118
94 100
94 102
94 124
94 106
94 109
94 117
94 99
94 101
94 105
94 121
95 122
95 111
95 112
95 125
95 97
95 100
95 120
95 106
95 108
95 126
95 98
95 99
95 119
95 103
95 104
95 105
95 121
95 107
96 122
96 110
96 127
96 125
96 116
96 123
96 100
96 102
96 106
96 109
96 113
96 99
96 119
96 103
96 104
96 121
97 110
97 112
97 114
97 115
97 125
97 126
97 98
97 117
97 118
97 99
97 100
97 119
97 102
97 104
97 121
97 108
98 111
98 112
98 127
98 125
98 123
98 100
98 108
98 109
98 117
98 99
98 101
98 119
98 104
98 121
98 107
99 122
99 114
99 115
99 125
99 116
99 123
99 100
99 102
99 120
99 124
99 108
99 109
99 117
99 103
99 105
100 122
100 110
100 112
100 116
100 123
100 109
100 113
100 117
100 101
100 102
100 103
100 121
100 106
100 107
101 112
101 114
101 115
101 123
101 118
101 102
101 124
101 108
101 126
101 117
101 119
101 104
101 121
102 122
102 112
102 127
102 125
102 116
102 118
102 109
102 117
102 103
102 104
102 107
102 108
103 122
103 112
103 125
103 109
103 126
103 119
103 104
103 121
104 110
104 112
104 127
104 125
104 116
104 123
104 108
104 126
104 117
104 105
105 122
105 110
105 111
105 112
105 125
105 123
105 120
105 124
105 108
105 109
105 113
105 117
105 119
105 121
106 122
106 110
106 127
106 116
106 124
106 109
106 126
106 117
107 122
107 110
107 112
107 116
107 123
107 118
107 120
107 113
107 117
108 122
108 111
108 114
108 115
108 127
108 125
108 116
108 120
108 124
108 109
108 113
108 117
108 119
108 121
109 110
109 111
109 118
109 120
109 124
109 113
110 111
110 114
110 115
110 126
110 125
110 116
110 117
110 123
110 118
110 119
110 120
111 122
111 112
111 113
111 115
111 127
111 126
111 116
111 117
112 122
112 113
112 114
112 115
112 127
112 126
112 125
112 116
112 118
112 124
113 118
113 126
113 119
113 121
114 122
114 115
114 125
114 117
114 120
114 124
115 122
115 126
115 116
115 117
115 123
115 119
115 121
115 124
116 127
116 125
116 126
116 117
116 123
116 119
116 120
116 121
116 124
117 122
117 127
117 123
117 118
117 120
117 126
117 119
118 122
118 126
118 121
118 124
119 120
119 121
120 125
120 123
120 126
120 121
121 122
121 123
121 124
122 126
122 125
122 124
123 125
123 126
123 124
124 126
125 127
