0 1
0 2
0 3
0 4
0 5
0 6
0 7
0 8
0 9
0 10
0 11
0 12
0 13
0 14
0 15
0 16
0 17
0 18
0 19
0 20
0 21
0 22
0 23
0 24
0 25
0 26
0 27
0 28
0 29
0 30
0 31
0 32
0 33
0 34
0 35
0 36
0 37
0 38
0 39
0 40
0 41
0 42
0 43
0 44
0 45
0 46
0 47
0 48
0 49
0 50
0 51
0 52
0 53
0 54
0 55
0 56
0 57
0 58
0 59
0 60
0 61
0 62
0 63
0 64
0 65
0 66
0 67
0 68
0 69
1 70
1 2
1 6
1 7
1 9
1 10
1 11
1 72
1 12
1 73
1 14
1 74
1 16
1 75
1 76
1 18
1 77
1 20
1 23
1 24
1 25
1 78
1 28
1 79
1 29
1 30
1 31
1 80
1 81
1 82
1 83
1 34
1 84
1 38
1 39
1 85
1 40
1 41
1 86
1 42
1 43
1 45
1 87
1 88
1 46
1 89
1 48
1 90
1 49
1 91
1 50
1 92
1 51
1 52
1 93
1 94
1 54
1 56
1 58
1 95
1 59
1 60
1 61
1 62
1 96
1 97
1 98
2 70
2 71
2 3
2 5
2 6
2 7
2 8
2 9
2 72
2 73
2 13
2 99
2 14
2 74
2 15
2 76
2 18
2 19
2 100
2 22
2 101
2 26
2 29
2 30
2 31
2 80
2 81
2 102
2 82
2 83
2 32
2 35
2 84
2 103
2 36
2 39
2 85
2 40
2 44
2 88
2 47
2 104
2 105
2 106
2 48
2 90
2 107
2 52
2 108
2 53
2 54
2 109
2 56
2 58
2 110
2 95
2 60
2 62
2 111
2 112
2 64
2 66
2 113
2 67
2 97
2 69
3 70
3 71
3 6
3 9
3 10
3 13
3 99
3 14
3 16
3 114
3 17
3 76
3 77
3 100
3 21
3 22
3 115
3 24
3 26
3 28
3 116
3 29
3 30
3 80
3 82
3 117
3 33
3 35
3 84
3 38
3 39
3 85
3 40
3 41
3 86
3 45
3 88
3 89
3 48
3 90
3 49
3 107
3 50
3 92
3 118
3 108
3 119
3 93
3 53
3 54
3 55
3 109
3 58
3 110
3 120
3 95
3 60
3 62
3 122
3 66
3 113
3 98
4 70
4 71
4 5
4 6
4 7
4 10
4 73
4 14
4 114
4 123
4 76
4 77
4 21
4 24
4 25
4 26
4 116
4 79
4 31
4 80
4 81
4 82
4 33
4 84
4 36
4 37
4 41
4 42
4 43
4 44
4 88
4 47
4 104
4 105
4 89
4 106
4 90
4 124
4 92
4 118
4 52
4 108
4 93
4 94
4 54
4 55
4 109
4 125
4 56
4 57
4 120
4 122
4 112
4 64
4 65
4 113
4 67
4 97
5 70
5 6
5 8
5 9
5 10
5 72
5 12
5 73
5 13
5 99
5 74
5 15
5 114
5 17
5 123
5 18
5 77
5 23
5 115
5 101
5 24
5 25
5 26
5 78
5 116
5 79
5 29
5 82
5 32
5 34
5 35
5 84
5 36
5 42
5 43
5 88
5 46
5 89
5 124
5 107
5 50
5 118
5 51
5 52
5 108
5 119
5 53
5 94
5 55
5 56
5 57
5 58
5 64
5 113
5 67
5 68
6 71
6 8
6 11
6 12
6 73
6 99
6 14
6 74
6 15
6 16
6 18
6 19
6 77
6 20
6 100
6 21
6 22
6 23
6 115
6 26
6 30
6 80
6 82
6 35
6 84
6 36
6 40
6 41
6 43
6 126
6 44
6 88
6 46
6 47
6 105
6 89
6 49
6 124
6 107
6 92
6 119
6 93
6 55
6 109
6 120
6 121
6 59
6 62
6 122
6 111
6 64
6 66
6 17
6 53
6 104
6 56
6 54
6 31
6 32
6 50
6 38
7 71
7 8
7 9
7 10
7 15
7 114
7 19
7 77
7 100
7 23
7 115
7 101
7 24
7 26
7 27
7 116
7 79
7 80
7 102
7 32
7 34
7 35
7 84
7 103
7 37
7 39
7 85
7 40
7 41
7 43
7 126
7 48
7 49
7 107
7 118
7 51
7 93
7 94
7 54
7 58
7 60
7 61
7 62
7 127
7 63
7 65
7 66
7 96
7 67
7 68
7 69
8 70
8 71
8 9
8 73
8 13
8 99
8 14
8 74
8 15
8 16
8 114
8 76
8 18
8 19
8 24
8 25
8 78
8 28
8 116
8 79
8 30
8 31
8 80
8 102
8 82
8 117
8 32
8 33
8 34
8 35
8 84
8 103
8 38
8 43
8 126
8 104
8 105
8 89
8 106
8 48
8 49
8 124
8 91
8 50
8 92
8 118
8 51
8 108
8 119
8 53
8 55
8 109
8 56
8 59
8 60
8 61
8 122
8 112
8 64
8 65
8 66
8 113
8 67
8 68
8 69
8 98
9 70
9 72
9 73
9 13
9 16
9 75
9 114
9 123
9 76
9 19
9 20
9 21
9 23
9 101
9 24
9 78
9 27
9 28
9 116
9 79
9 30
9 31
9 82
9 117
9 38
9 85
9 86
9 126
9 44
9 88
9 46
9 47
9 104
9 105
9 106
9 48
9 49
9 124
9 92
9 119
9 53
9 55
9 57
9 120
9 95
9 59
9 60
9 61
9 122
9 127
9 111
9 113
9 96
9 67
9 68
9 98
10 70
10 11
10 72
10 12
10 14
10 74
10 75
10 17
10 123
10 19
10 20
10 100
10 21
10 22
10 101
10 24
10 25
10 78
10 116
10 29
10 30
10 31
10 80
10 81
10 102
10 33
10 35
10 103
10 36
10 41
10 42
10 43
10 126
10 44
10 88
10 46
10 104
10 90
10 124
10 107
10 119
10 93
10 53
10 94
10 54
10 109
10 125
10 56
10 57
10 58
10 60
10 61
10 63
10 112
10 64
10 65
10 66
10 113
10 68
10 97
10 69
11 72
11 12
11 73
11 13
11 99
11 74
11 15
11 76
11 77
11 100
11 22
11 23
11 115
11 101
11 26
11 78
11 27
11 28
11 79
11 29
11 81
11 32
11 33
11 35
11 84
11 37
11 85
11 41
11 43
11 44
11 87
11 88
11 46
11 104
11 105
11 106
11 48
11 90
11 124
11 107
11 91
11 92
11 108
11 93
11 53
11 94
11 55
11 109
11 57
11 58
11 110
11 120
11 95
11 62
11 127
11 63
11 111
11 64
11 65
11 96
11 68
12 15
12 114
12 123
12 20
12 22
12 24
12 26
12 78
12 27
12 116
12 29
12 30
12 31
12 81
12 102
12 83
12 35
12 84
12 103
12 85
12 86
12 43
12 45
12 88
12 47
12 105
12 89
12 106
12 90
12 49
12 107
12 91
12 118
12 52
12 119
12 93
12 94
12 55
12 109
12 56
12 110
12 120
12 95
12 59
12 60
12 61
12 127
12 112
12 66
12 113
12 67
12 69
12 98
13 70
13 14
13 114
13 17
13 123
13 76
13 19
13 77
13 20
13 100
13 21
13 22
13 23
13 115
13 101
13 24
13 26
13 27
13 28
13 116
13 79
13 29
13 31
13 80
13 81
13 102
13 117
13 32
13 33
13 34
13 35
13 84
13 36
13 40
13 41
13 43
13 45
13 47
13 104
13 105
13 89
13 48
13 124
13 91
13 50
13 118
13 52
13 93
13 53
13 54
13 55
13 109
13 56
13 57
13 58
13 110
13 95
13 60
13 61
13 62
13 66
13 96
13 69
13 98
14 71
14 72
14 99
14 16
14 114
14 18
14 19
14 77
14 20
14 22
14 23
14 115
14 101
14 24
14 27
14 28
14 79
14 29
14 30
14 31
14 82
14 83
14 34
14 35
14 85
14 40
14 42
14 126
14 44
14 87
14 88
14 46
14 104
14 105
14 89
14 48
14 90
14 124
14 50
14 92
14 119
14 53
14 94
14 54
14 55
14 109
14 125
14 56
14 58
14 120
14 59
14 122
14 127
14 63
15 71
15 73
15 99
15 74
15 16
15 75
15 100
15 22
15 115
15 24
15 25
15 26
15 27
15 29
15 31
15 102
15 82
15 83
15 34
15 35
15 103
15 37
15 38
15 85
15 41
15 86
15 42
15 44
15 88
15 105
15 89
15 106
15 48
15 124
15 107
15 91
15 50
15 118
15 119
15 93
15 53
15 94
15 55
15 95
15 61
15 127
15 64
15 65
15 66
15 113
15 96
15 67
15 97
15 98
16 70
16 72
16 73
16 75
16 114
16 19
16 77
16 20
16 21
16 22
16 115
16 101
16 78
16 29
16 30
16 31
16 80
16 81
16 82
16 34
16 36
16 41
16 42
16 126
16 44
16 87
16 88
16 47
16 105
16 124
16 50
16 92
16 119
16 94
16 55
16 109
16 125
16 57
16 58
16 110
16 95
16 61
16 62
16 122
16 127
16 111
16 112
16 113
16 96
16 67
16 68
16 97
16 69
16 98
17 72
17 73
17 99
17 76
17 18
17 19
17 21
17 22
17 115
17 101
17 24
17 79
17 29
17 30
17 80
17 82
17 33
17 35
17 38
17 39
17 42
17 43
17 126
17 88
17 46
17 47
17 104
17 89
17 49
17 124
17 50
17 92
17 118
17 51
17 108
17 119
17 93
17 53
17 94
17 54
17 125
17 56
17 110
17 120
17 60
17 61
17 122
17 63
17 111
17 64
17 65
17 66
17 67
17 68
17 97
17 62
17 77
17 31
17 32
17 121
17 71
18 70
18 73
18 99
18 74
18 75
18 114
18 76
18 77
18 21
18 22
18 23
18 24
18 25
18 28
18 29
18 80
18 81
18 102
18 82
18 83
18 117
18 33
18 84
18 36
18 37
18 39
18 85
18 41
18 86
18 45
18 88
18 104
18 105
18 106
18 90
18 52
18 108
18 119
18 93
18 94
18 54
18 109
18 57
18 58
18 120
18 95
18 121
18 60
18 122
18 127
18 112
18 65
18 113
18 67
18 97
18 69
18 98
19 75
19 114
19 76
19 77
19 100
19 22
19 29
19 30
19 81
19 102
19 117
19 34
19 35
19 103
19 36
19 38
19 39
19 85
19 41
19 43
19 126
19 87
19 89
19 49
19 124
19 107
19 91
19 50
19 92
19 118
19 108
19 119
19 53
19 54
19 109
19 56
19 110
19 95
19 122
19 64
19 113
19 96
19 67
19 68
19 97
19 69
19 98
20 70
20 71
20 73
20 114
20 76
20 100
20 22
20 115
20 79
20 81
20 82
20 83
20 117
20 33
20 34
20 35
20 103
20 36
20 38
20 85
20 86
20 42
20 43
20 126
20 44
20 45
20 47
20 48
20 90
20 124
20 107
20 91
20 118
20 52
20 108
20 119
20 55
20 58
20 110
20 121
20 59
20 63
20 111
20 112
20 65
20 66
20 113
20 67
20 68
20 69
20 98
21 70
21 73
21 99
21 75
21 123
21 100
21 22
21 115
21 26
21 29
21 31
21 81
21 102
21 82
21 83
21 34
21 35
21 103
21 37
21 38
21 39
21 85
21 86
21 43
21 88
21 46
21 105
21 89
21 48
21 90
21 49
21 107
21 118
21 108
21 119
21 53
21 94
21 55
21 109
21 56
21 57
21 110
21 95
21 60
21 61
21 62
21 122
21 127
21 64
21 65
21 113
21 67
21 68
21 69
22 71
22 99
22 75
22 123
22 76
22 100
22 115
22 101
22 25
22 26
22 27
22 28
22 79
22 80
22 81
22 102
22 82
22 83
22 117
22 32
22 33
22 84
22 103
22 36
22 37
22 38
22 41
22 86
22 43
22 126
22 44
22 46
22 47
22 104
22 105
22 106
22 49
22 124
22 91
22 51
22 119
22 93
22 53
22 54
22 55
22 125
22 56
22 121
22 60
22 61
22 127
22 63
22 112
22 64
22 113
22 96
22 68
22 97
22 98
23 71
23 72
23 73
23 74
23 114
23 123
23 100
23 115
23 26
23 78
23 27
23 28
23 116
23 102
23 82
23 33
23 38
23 39
23 85
23 40
23 41
23 42
23 43
23 126
23 44
23 47
23 105
23 106
23 48
23 90
23 91
23 50
23 51
23 93
23 94
23 55
23 109
23 125
23 57
23 110
23 120
23 59
23 60
23 61
23 127
23 63
23 65
23 66
23 67
23 68
23 98
24 72
24 74
24 75
24 114
24 115
24 101
24 28
24 116
24 83
24 32
24 33
24 103
24 36
24 37
24 38
24 41
24 86
24 42
24 43
24 126
24 44
24 87
24 88
24 104
24 105
24 89
24 48
24 90
24 49
24 124
24 118
24 51
24 52
24 108
24 119
24 53
24 125
24 58
24 110
24 120
24 59
24 60
24 111
24 112
24 66
24 96
24 67
24 69
25 77
25 101
25 26
25 27
25 30
25 31
25 80
25 81
25 82
25 83
25 32
25 34
25 35
25 103
25 85
25 41
25 86
25 126
25 44
25 45
25 88
25 46
25 47
25 106
25 48
25 124
25 107
25 92
25 51
25 52
25 108
25 54
25 55
25 109
25 125
25 57
25 58
25 120
25 59
25 60
25 122
25 127
25 63
25 64
25 65
25 96
25 67
25 97
25 69
26 71
26 72
26 73
26 74
26 75
26 123
26 76
26 77
26 100
26 27
26 28
26 29
26 30
26 31
26 80
26 83
26 117
26 32
26 34
26 35
26 84
26 36
26 39
26 85
26 40
26 41
26 43
26 45
26 88
26 46
26 47
26 104
26 105
26 106
26 124
26 50
26 118
26 51
26 108
26 119
26 93
26 53
26 94
26 54
26 55
26 56
26 58
26 110
26 120
26 121
26 61
26 62
26 122
26 127
26 111
26 64
26 65
26 66
26 96
26 97
26 98
27 70
27 99
27 74
27 75
27 76
27 77
27 101
27 78
27 79
27 30
27 31
27 102
27 32
27 103
27 37
27 85
27 41
27 86
27 43
27 45
27 88
27 46
27 47
27 104
27 49
27 124
27 107
27 91
27 108
27 119
27 93
27 54
27 109
27 125
27 110
27 120
27 64
27 65
27 66
27 113
27 96
27 67
27 97
27 69
27 98
28 72
28 73
28 75
28 114
28 77
28 101
28 78
28 116
28 79
28 29
28 80
28 81
28 102
28 83
28 32
28 34
28 103
28 36
28 37
28 39
28 85
28 40
28 42
28 44
28 45
28 87
28 46
28 47
28 105
28 89
28 106
28 48
28 49
28 92
28 93
28 55
28 109
28 125
28 56
28 57
28 121
28 60
28 62
28 122
28 127
28 63
28 112
28 65
28 66
28 113
28 67
28 98
29 70
29 123
29 76
29 100
29 78
29 30
29 80
29 81
29 102
29 83
29 117
29 33
29 35
29 103
29 38
29 39
29 85
29 42
29 44
29 88
29 89
29 106
29 48
29 107
29 91
29 92
29 108
29 109
29 125
29 57
29 110
29 59
29 61
29 122
29 111
29 64
29 65
29 67
29 68
29 98
30 72
30 73
30 114
30 123
30 76
30 77
30 100
30 115
30 101
30 78
30 79
30 80
30 82
30 83
30 117
30 34
30 84
30 103
30 37
30 38
30 85
30 86
30 126
30 44
30 45
30 87
30 88
30 46
30 106
30 107
30 50
30 92
30 118
30 51
30 52
30 108
30 54
30 125
30 57
30 110
30 95
30 59
30 60
30 62
30 122
30 63
30 111
30 64
30 65
30 66
30 113
30 96
30 68
30 97
31 72
31 114
31 123
31 77
31 100
31 115
31 101
31 116
31 81
31 102
31 34
31 35
31 103
31 39
31 85
31 41
31 86
31 43
31 126
31 44
31 88
31 47
31 104
31 105
31 89
31 106
31 107
31 91
31 51
31 108
31 93
31 53
31 94
31 55
31 125
31 95
31 121
31 111
31 112
31 65
31 66
31 113
31 68
31 98
31 120
31 56
31 54
31 62
31 32
31 71
31 50
31 38
32 73
32 100
32 115
32 116
32 102
32 82
32 83
32 117
32 33
32 103
32 37
32 39
32 40
32 86
32 42
32 43
32 126
32 44
32 87
32 88
32 46
32 47
32 105
32 89
32 106
32 48
32 107
32 91
32 50
32 92
32 51
32 52
32 93
32 53
32 56
32 110
32 95
32 121
32 60
32 63
32 112
32 66
32 96
32 97
32 69
32 35
32 104
32 120
32 54
32 62
32 77
32 71
32 38
33 73
33 74
33 75
33 123
33 76
33 77
33 100
33 78
33 116
33 80
33 83
33 35
33 103
33 36
33 85
33 41
33 126
33 44
33 87
33 46
33 47
33 105
33 89
33 106
33 48
33 90
33 49
33 124
33 91
33 92
33 108
33 119
33 55
33 109
33 125
33 56
33 57
33 110
33 120
33 95
33 60
33 62
33 127
33 63
33 112
33 66
33 96
34 71
34 99
34 77
34 100
34 101
34 78
34 79
34 102
34 82
34 83
34 117
34 35
34 84
34 103
34 85
34 40
34 86
34 126
34 45
34 87
34 88
34 46
34 47
34 105
34 106
34 48
34 90
34 49
34 107
34 50
34 51
34 108
34 93
34 53
34 94
34 55
34 109
34 125
34 120
34 95
34 121
34 59
34 60
34 62
34 122
34 127
34 63
34 111
34 112
34 64
34 66
34 96
34 68
34 69
34 98
35 70
35 73
35 99
35 75
35 77
35 115
35 78
35 79
35 82
35 83
35 84
35 103
35 36
35 38
35 41
35 44
35 88
35 47
35 104
35 105
35 48
35 90
35 49
35 124
35 91
35 92
35 52
35 53
35 54
35 109
35 56
35 58
35 120
35 95
35 59
35 60
35 122
35 112
35 64
35 113
35 96
35 67
35 68
35 97
35 69
35 98
35 62
35 121
35 71
35 50
35 93
36 73
36 99
36 74
36 114
36 76
36 100
36 81
36 102
36 83
36 117
36 38
36 39
36 44
36 45
36 87
36 88
36 46
36 104
36 106
36 49
36 107
36 91
36 118
36 51
36 119
36 94
36 109
36 125
36 58
36 110
36 120
36 95
36 59
36 60
36 61
36 127
36 111
36 66
36 68
36 97
36 69
37 70
37 72
37 99
37 114
37 76
37 77
37 100
37 115
37 116
37 79
37 80
37 102
37 82
37 117
37 103
37 38
37 39
37 41
37 126
37 44
37 45
37 46
37 47
37 105
37 106
37 48
37 124
37 107
37 91
37 92
37 55
37 109
37 57
37 95
37 59
37 62
37 127
37 111
37 112
37 64
37 113
37 96
37 67
37 69
37 98
38 70
38 73
38 74
38 114
38 77
38 100
38 101
38 79
38 80
38 102
38 84
38 39
38 85
38 40
38 41
38 126
38 44
38 45
38 87
38 88
38 105
38 90
38 49
38 50
38 92
38 118
38 108
38 53
38 94
38 58
38 110
38 121
38 61
38 62
38 112
38 65
38 66
38 67
38 68
38 47
38 104
38 115
38 120
38 56
38 54
38 71
38 93
39 70
39 71
39 72
39 73
39 99
39 74
39 75
39 77
39 116
39 79
39 80
39 102
39 82
39 84
39 103
39 85
39 41
39 44
39 45
39 104
39 105
39 106
39 124
39 91
39 50
39 118
39 51
39 119
39 53
39 94
39 109
39 125
39 57
39 58
39 110
39 120
39 95
39 121
39 60
39 62
39 122
39 112
39 64
39 66
39 113
39 96
39 67
39 68
39 97
39 69
39 98
40 70
40 71
40 99
40 74
40 123
40 115
40 78
40 79
40 81
40 102
40 82
40 103
40 41
40 86
40 42
40 44
40 45
40 87
40 47
40 89
40 90
40 124
40 92
40 51
40 52
40 93
40 54
40 55
40 109
40 56
40 57
40 58
40 110
40 120
40 121
40 61
40 122
40 127
40 63
40 112
40 64
40 67
40 97
41 75
41 123
41 77
41 101
41 81
41 82
41 84
41 103
41 86
41 87
41 46
41 104
41 105
41 106
41 48
41 90
41 49
41 107
41 50
41 51
41 108
41 119
41 93
41 53
41 94
41 125
41 56
41 57
41 58
41 95
41 121
41 59
41 122
41 127
41 63
41 111
41 64
41 67
41 68
42 70
42 71
42 72
42 99
42 75
42 114
42 123
42 76
42 77
42 100
42 78
42 116
42 81
42 83
42 84
42 85
42 86
42 43
42 44
42 45
42 88
42 46
42 89
42 106
42 48
42 90
42 49
42 124
42 91
42 92
42 118
42 119
42 53
42 55
42 57
42 120
42 95
42 121
42 60
42 62
42 122
42 127
42 111
42 112
42 64
42 65
42 67
42 68
42 97
42 69
43 71
43 72
43 73
43 99
43 114
43 76
43 100
43 115
43 101
43 78
43 116
43 79
43 102
43 82
43 83
43 117
43 103
43 85
43 86
43 45
43 88
43 47
43 48
43 90
43 49
43 91
43 119
43 93
43 94
43 54
43 125
43 58
43 110
43 95
43 59
43 60
43 122
43 63
43 64
43 65
43 113
43 67
43 68
43 97
43 69
44 70
44 75
44 123
44 76
44 102
44 82
44 117
44 84
44 103
44 86
44 126
44 105
44 89
44 48
44 49
44 124
44 91
44 118
44 52
44 108
44 109
44 56
44 58
44 110
44 120
44 95
44 60
44 61
44 62
44 111
44 64
44 65
44 66
44 113
44 67
44 68
44 69
45 72
45 99
45 74
45 75
45 123
45 100
45 101
45 78
45 116
45 79
45 80
45 82
45 85
45 126
45 87
45 46
45 105
45 89
45 106
45 90
45 124
45 107
45 91
45 50
45 51
45 119
45 93
45 53
45 94
45 54
45 55
45 56
45 58
45 120
45 95
45 59
45 60
45 61
45 62
45 122
45 64
45 66
45 67
45 98
46 70
46 71
46 99
46 75
46 123
46 77
46 100
46 115
46 116
46 80
46 83
46 117
46 103
46 85
46 86
46 87
46 47
46 105
46 89
46 106
46 49
46 124
46 50
46 118
46 93
46 53
46 54
46 109
46 56
46 57
46 58
46 110
46 60
46 62
46 122
46 63
46 111
46 113
46 67
46 68
46 97
47 72
47 73
47 114
47 77
47 115
47 116
47 81
47 102
47 84
47 103
47 85
47 87
47 88
47 104
47 105
47 89
47 106
47 90
47 49
47 124
47 91
47 92
47 118
47 51
47 53
47 94
47 54
47 56
47 57
47 110
47 120
47 121
47 122
47 127
47 96
47 68
47 98
47 62
47 71
47 50
47 93
48 73
48 101
48 78
48 81
48 102
48 83
48 117
48 84
48 103
48 85
48 126
48 87
48 88
48 104
48 105
48 89
48 106
48 90
48 107
48 52
48 108
48 53
48 94
48 55
48 125
48 57
48 58
48 110
48 120
48 95
48 59
48 122
48 111
48 64
48 66
48 113
48 67
48 68
48 97
49 77
49 100
49 115
49 101
49 116
49 80
49 117
49 84
49 86
49 126
49 87
49 104
49 90
49 124
49 118
49 51
49 108
49 93
49 55
49 57
49 58
49 110
49 120
49 95
49 121
49 63
49 111
49 64
49 65
49 96
49 68
50 71
50 72
50 73
50 75
50 123
50 76
50 100
50 115
50 78
50 80
50 81
50 102
50 85
50 126
50 87
50 88
50 104
50 107
50 91
50 52
50 108
50 119
50 93
50 55
50 109
50 125
50 56
50 57
50 58
50 110
50 120
50 121
50 122
50 63
50 113
50 67
50 97
50 69
50 53
50 54
50 62
50 77
51 73
51 99
51 74
51 75
51 123
51 100
51 101
51 78
51 116
51 80
51 84
51 103
51 85
51 86
51 87
51 105
51 89
51 124
51 107
51 92
51 94
51 55
51 109
51 57
51 110
51 120
51 95
51 121
51 60
51 122
51 127
51 111
51 112
51 64
51 113
51 96
51 67
51 68
51 97
52 70
52 71
52 72
52 73
52 99
52 114
52 123
52 77
52 115
52 79
52 102
52 82
52 83
52 117
52 87
52 88
52 106
52 124
52 91
52 108
52 119
52 55
52 109
52 125
52 57
52 58
52 110
52 95
52 59
52 62
52 122
52 63
52 112
52 65
52 113
52 67
52 68
52 69
52 98
53 71
53 99
53 114
53 123
53 100
53 115
53 101
53 78
53 79
53 80
53 102
53 83
53 86
53 126
53 87
53 88
53 104
53 105
53 124
53 107
53 119
53 93
53 94
53 54
53 109
53 125
53 56
53 120
53 95
53 121
53 61
53 62
53 111
53 112
53 65
53 113
53 97
53 69
53 77
54 70
54 99
54 75
54 114
54 77
54 115
54 79
54 80
54 83
54 103
54 87
54 88
54 104
54 105
54 89
54 106
54 92
54 118
54 108
54 55
54 56
54 57
54 58
54 120
54 95
54 60
54 61
54 127
54 112
54 96
54 67
54 97
54 69
54 62
54 121
54 71
54 93
55 70
55 71
55 74
55 77
55 100
55 115
55 101
55 116
55 79
55 80
55 81
55 103
55 85
55 87
55 88
55 104
55 106
55 90
55 107
55 92
55 108
55 119
55 109
55 57
55 120
55 95
55 61
55 122
55 63
55 111
55 112
55 64
55 113
55 96
55 67
55 68
55 97
55 69
56 70
56 72
56 73
56 77
56 100
56 115
56 116
56 79
56 81
56 83
56 84
56 85
56 88
56 104
56 90
56 92
56 109
56 57
56 58
56 120
56 59
56 60
56 62
56 112
56 64
56 65
56 66
56 67
56 68
56 97
56 98
56 121
56 71
56 93
57 72
57 73
57 75
57 100
57 115
57 101
57 78
57 116
57 79
57 81
57 83
57 117
57 84
57 103
57 126
57 104
57 105
57 89
57 124
57 107
57 91
57 118
57 119
57 94
57 58
57 120
57 59
57 61
57 122
57 127
57 63
57 112
57 64
57 113
57 96
57 97
57 98
58 71
58 72
58 99
58 75
58 76
58 77
58 100
58 78
58 116
58 79
58 83
58 117
58 84
58 103
58 85
58 86
58 126
58 90
58 124
58 107
58 92
58 118
58 94
58 109
58 121
58 59
58 60
58 127
58 63
58 66
58 96
58 68
59 123
59 77
59 100
59 115
59 80
59 81
59 82
59 83
59 117
59 85
59 126
59 88
59 104
59 105
59 89
59 124
59 118
59 108
59 119
59 94
59 110
59 120
59 95
59 60
59 61
59 127
59 113
59 68
59 98
60 70
60 71
60 72
60 73
60 74
60 114
60 76
60 77
60 100
60 115
60 78
60 79
60 102
60 82
60 83
60 84
60 88
60 104
60 105
60 106
60 90
60 124
60 118
60 108
60 119
60 93
60 94
60 109
60 125
60 120
60 95
60 121
60 62
60 66
60 96
60 67
60 97
61 70
61 73
61 99
61 74
61 76
61 100
61 101
61 116
61 79
61 80
61 82
61 117
61 84
61 103
61 86
61 87
61 104
61 105
61 89
61 107
61 91
61 118
61 108
61 110
61 95
61 122
61 112
61 64
61 66
61 113
61 96
61 67
61 68
61 69
61 98
62 70
62 99
62 74
62 75
62 114
62 76
62 77
62 115
62 116
62 80
62 81
62 83
62 103
62 85
62 86
62 87
62 89
62 106
62 124
62 91
62 118
62 108
62 119
62 110
62 120
62 127
62 112
62 65
62 113
62 67
62 68
62 97
62 69
62 104
62 88
62 121
62 71
62 93
63 73
63 76
63 100
63 115
63 101
63 116
63 81
63 83
63 84
63 103
63 126
63 87
63 88
63 105
63 106
63 107
63 91
63 119
63 93
63 109
63 120
63 111
63 112
63 66
63 96
63 98
64 72
64 99
64 75
64 123
64 76
64 115
64 116
64 79
64 80
64 81
64 102
64 82
64 83
64 103
64 86
64 88
64 104
64 106
64 124
64 92
64 93
64 94
64 120
64 95
64 111
64 65
64 67
64 68
64 97
65 70
65 74
65 75
65 114
65 76
65 101
65 78
65 116
65 79
65 80
65 81
65 82
65 117
65 103
65 85
65 86
65 126
65 88
65 104
65 105
65 89
65 106
65 90
65 124
65 107
65 92
65 118
65 110
65 95
65 66
65 113
66 74
66 114
66 100
66 115
66 101
66 116
66 81
66 84
66 85
66 88
66 104
66 106
66 90
66 108
66 93
66 109
66 125
66 110
66 120
66 122
66 112
66 113
66 96
66 69
67 72
67 73
67 99
67 74
67 123
67 76
67 115
67 101
67 102
67 83
67 84
67 87
67 88
67 89
67 106
67 90
67 124
67 107
67 118
67 108
67 119
67 94
67 109
67 125
67 110
67 95
67 121
67 122
67 113
67 68
67 97
67 69
67 98
68 73
68 123
68 76
68 100
68 115
68 78
68 79
68 102
68 83
68 117
68 103
68 86
68 126
68 104
68 124
68 92
68 118
68 119
68 94
68 95
68 122
68 112
68 113
68 96
68 69
69 99
69 74
69 114
69 76
69 100
69 116
69 79
69 81
69 102
69 82
69 83
69 103
69 85
69 126
69 87
69 89
69 118
69 119
69 109
69 125
69 110
69 120
69 121
69 122
69 111
69 97
69 98
70 71
70 73
70 74
70 75
70 76
70 77
70 100
70 101
70 102
70 84
70 88
70 104
70 106
70 124
70 119
70 120
70 95
70 112
70 113
70 96
70 97
70 98
71 73
71 76
71 77
71 100
71 78
71 79
71 103
71 87
71 88
71 89
71 106
71 107
71 91
71 125
71 110
71 120
71 127
71 111
71 96
71 104
71 115
71 121
71 93
72 73
72 99
72 74
72 75
72 123
72 76
72 77
72 115
72 101
72 78
72 116
72 80
72 81
72 82
72 103
72 86
72 126
72 87
72 104
72 105
72 89
72 106
72 107
72 91
72 92
72 93
72 110
72 120
72 121
72 127
72 112
72 97
72 98
73 99
73 114
73 123
73 78
73 116
73 79
73 80
73 83
73 84
73 103
73 86
73 106
73 124
73 92
73 94
73 109
73 95
73 122
73 127
73 112
73 113
74 114
74 123
74 76
74 115
74 101
74 79
74 80
74 102
74 117
74 103
74 85
74 86
74 105
74 90
74 124
74 107
74 91
74 118
74 119
74 93
74 94
74 109
74 125
74 110
74 95
74 127
74 97
75 123
75 76
75 115
75 101
75 80
75 82
75 83
75 84
75 85
75 126
75 88
75 104
75 105
75 89
75 90
75 91
75 108
75 93
75 94
75 109
75 127
75 96
76 99
76 114
76 123
76 77
76 100
76 116
76 79
76 80
76 83
76 103
76 85
76 86
76 126
76 87
76 88
76 104
76 105
76 106
76 90
76 107
76 92
76 118
76 108
76 93
76 94
76 109
76 125
76 95
76 122
76 127
76 111
76 98
77 123
77 100
77 115
77 101
77 78
77 116
77 80
77 82
77 83
77 117
77 103
77 85
77 86
77 126
77 87
77 88
77 104
77 106
77 124
77 118
77 108
77 119
77 94
77 125
77 110
77 120
77 95
77 127
77 112
77 96
77 97
77 98
77 121
77 93
78 114
78 123
78 100
78 115
78 101
78 80
78 81
78 102
78 82
78 84
78 103
78 85
78 88
78 106
78 90
78 107
78 108
78 119
78 93
78 125
78 122
78 111
78 112
78 97
78 98
79 99
79 116
79 81
79 102
79 82
79 83
79 117
79 103
79 86
79 88
79 105
79 89
79 106
79 124
79 107
79 91
79 108
79 119
79 93
79 110
79 127
79 112
79 113
79 98
80 114
80 100
80 115
80 116
80 81
80 102
80 83
80 86
80 87
80 89
80 90
80 124
80 107
80 91
80 119
80 93
80 94
80 125
80 121
80 122
80 127
80 112
81 114
81 123
81 100
81 115
81 101
81 116
81 83
81 103
81 85
81 86
81 126
81 88
81 89
81 106
81 90
81 124
81 107
81 118
81 108
81 119
81 95
81 127
81 112
81 113
81 97
82 99
82 123
82 115
82 116
82 102
82 85
82 126
82 87
82 104
82 90
82 91
82 119
82 93
82 109
82 125
82 120
82 122
82 111
82 112
83 99
83 114
83 115
83 101
83 116
83 102
83 117
83 103
83 88
83 89
83 90
83 124
83 107
83 91
83 108
83 119
83 125
83 95
83 121
83 112
83 96
83 97
83 98
84 99
84 114
84 102
84 103
84 86
84 104
84 105
84 90
84 124
84 107
84 91
84 92
84 108
84 119
84 93
84 125
84 96
85 99
85 114
85 116
85 102
85 117
85 103
85 88
85 104
85 89
85 124
85 92
85 118
85 108
85 119
85 93
85 94
85 109
85 110
85 120
85 121
85 127
85 111
85 112
85 113
85 97
86 114
86 116
86 102
86 117
86 126
86 87
86 105
86 89
86 124
86 91
86 92
86 118
86 94
86 125
86 110
86 95
86 121
86 122
86 113
86 97
86 98
87 99
87 102
87 103
87 88
87 105
87 89
87 106
87 90
87 107
87 92
87 118
87 94
87 125
87 122
87 127
87 111
87 112
87 96
87 98
88 99
88 100
88 115
88 102
88 103
88 126
88 104
88 89
88 90
88 124
88 92
88 119
88 93
88 109
88 120
88 95
88 121
88 122
88 111
88 113
89 114
89 123
89 100
89 116
89 102
89 117
89 103
89 126
89 104
89 105
89 106
89 90
89 124
89 92
89 109
89 95
89 122
89 111
89 98
90 114
90 100
90 115
90 101
90 116
90 117
90 103
90 126
90 104
90 106
90 124
90 107
90 92
90 108
90 93
90 125
90 110
90 95
90 122
90 113
90 98
91 99
91 114
91 100
91 115
91 101
91 102
91 103
91 126
91 105
91 92
91 108
91 119
91 93
91 94
91 109
91 121
91 111
91 112
91 96
91 97
91 98
92 99
92 100
92 101
92 116
92 117
92 103
92 126
92 104
92 105
92 124
92 118
92 108
92 119
92 93
92 121
92 127
92 112
92 96
92 98
93 99
93 114
93 115
93 102
93 103
93 126
93 124
93 107
93 108
93 94
93 120
93 127
93 112
93 96
93 97
93 98
93 104
93 121
94 114
94 100
94 116
94 102
94 117
94 126
94 124
94 107
94 108
94 109
94 125
94 110
94 113
94 96
94 97
95 114
95 123
95 100
95 117
95 103
95 126
95 104
95 105
95 106
95 107
95 118
95 125
95 110
95 120
95 111
95 113
95 98
96 114
96 123
96 100
96 115
96 101
96 102
96 117
96 126
96 104
96 106
96 124
96 118
96 119
96 109
96 110
96 127
96 111
96 112
96 113
96 98
97 99
97 114
97 115
97 116
97 117
97 103
97 126
97 106
97 124
97 107
97 118
97 109
97 125
97 110
97 122
97 111
97 112
97 98
98 114
98 123
98 100
98 116
98 102
98 117
98 103
98 126
98 104
98 118
98 119
98 110
98 120
98 122
98 127
98 112
98 113
99 100
99 101
99 102
99 104
99 106
99 124
99 123
99 117
99 103
99 108
99 122
100 101
100 116
100 102
100 103
100 126
100 104
100 105
100 106
100 124
100 110
100 121
100 122
100 127
100 112
101 123
101 116
101 126
101 104
101 124
101 118
101 108
101 109
101 122
101 112
102 114
102 123
102 115
102 116
102 117
102 103
102 105
102 124
102 118
102 108
102 119
102 109
102 125
102 111
102 112
102 113
103 104
103 119
103 120
103 112
103 113
103 117
103 107
103 118
103 110
103 121
104 114
104 115
104 126
104 106
104 124
104 107
104 118
104 108
104 120
104 127
104 111
104 112
104 121
105 124
105 120
105 107
105 125
105 110
105 111
105 116
105 117
105 118
105 121
106 114
106 126
106 124
106 107
106 108
106 119
106 110
106 112
107 120
107 112
107 123
107 116
107 117
107 118
107 108
107 109
107 125
107 110
107 121
107 122
107 127
107 111
108 119
108 120
108 113
108 125
108 110
108 127
108 123
108 109
108 122
109 124
109 120
109 110
109 111
109 115
109 126
110 124
110 119
110 120
110 112
110 117
110 118
110 121
110 127
110 111
111 119
111 120
111 112
111 114
111 115
111 126
111 118
111 122
112 124
112 119
112 116
112 118
112 121
112 127
113 123
113 117
113 126
113 125
113 121
113 122
113 127
114 124
114 119
114 120
114 125
114 127
114 126
114 118
114 122
115 120
115 125
115 121
116 124
116 120
116 125
116 127
116 123
116 117
116 118
116 122
117 119
117 127
117 123
117 126
117 118
118 124
118 119
118 120
118 126
118 122
119 124
119 125
119 121
119 127
120 123
120 125
120 121
120 122
120 127
121 125
121 123
121 126
121 122
122 127
124 126
124 125
125 126
125 127
126 127
