0 1
0 2
0 3
0 4
0 5
0 6
0 7
0 8
0 9
0 10
0 11
0 12
0 13
0 14
0 16
0 17
0 18
0 19
0 20
0 21
0 22
0 23
0 24
0 25
0 26
0 27
0 28
0 29
0 30
0 31
0 32
0 33
0 34
0 35
0 36
0 37
0 38
0 39
0 40
0 41
0 42
0 43
0 44
0 45
0 46
0 47
0 48
0 49
0 50
0 51
0 52
0 53
0 54
0 55
0 56
0 57
0 58
0 59
0 60
0 61
0 62
0 63
0 64
0 65
0 66
1 67
1 68
1 71
1 72
1 7
1 74
1 75
1 76
1 11
1 77
1 17
1 78
1 79
1 18
1 80
1 81
1 82
1 84
1 85
1 24
1 86
1 87
1 29
1 30
1 31
1 88
1 32
1 33
1 89
1 36
1 90
1 91
1 38
1 40
1 92
1 43
1 93
1 94
1 47
1 95
1 49
1 96
1 51
1 52
1 97
1 53
1 98
1 99
1 100
1 101
1 57
1 102
1 60
1 63
1 113
1 110
1 61
1 62
1 107
1 13
1 122
1 15
1 123
1 109
2 67
2 103
2 69
2 70
2 4
2 71
2 104
2 5
2 72
2 105
2 8
2 73
2 106
2 74
2 9
2 10
2 75
2 11
2 77
2 15
2 16
2 80
2 107
2 108
2 19
2 82
2 109
2 110
2 22
2 23
2 111
2 26
2 27
2 112
2 30
2 31
2 33
2 34
2 36
2 90
2 37
2 91
2 40
2 41
2 43
2 45
2 46
2 113
2 114
2 96
2 52
2 97
2 55
2 100
2 115
2 56
2 57
2 58
2 59
2 61
2 64
2 66
3 67
3 103
3 68
3 116
3 4
3 104
3 72
3 117
3 118
3 9
3 10
3 11
3 119
3 12
3 15
3 16
3 78
3 80
3 81
3 108
3 82
3 120
3 83
3 121
3 109
3 84
3 110
3 23
3 24
3 122
3 123
3 25
3 26
3 27
3 28
3 29
3 33
3 35
3 124
3 91
3 41
3 42
3 92
3 45
3 94
3 46
3 95
3 113
3 114
3 50
3 96
3 97
3 53
3 55
3 100
3 115
3 56
3 101
3 102
3 59
3 61
3 62
3 64
3 65
3 66
4 67
4 103
4 69
4 71
4 104
4 6
4 105
4 117
4 73
4 106
4 9
4 10
4 75
4 76
4 77
4 119
4 125
4 17
4 107
4 108
4 120
4 109
4 20
4 85
4 22
4 23
4 24
4 122
4 123
4 111
4 26
4 27
4 112
4 32
4 33
4 34
4 35
4 36
4 124
4 37
4 41
4 92
4 93
4 94
4 48
4 95
4 113
4 114
4 50
4 51
4 52
4 98
4 99
4 100
4 115
4 56
4 57
4 102
4 60
4 62
4 64
4 65
5 67
5 103
5 68
5 126
5 69
5 72
5 105
5 7
5 8
5 73
5 10
5 76
5 11
5 77
5 14
5 15
5 16
5 17
5 18
5 80
5 107
5 19
5 82
5 121
5 20
5 24
5 122
5 123
5 86
5 26
5 27
5 112
5 87
5 29
5 88
5 32
5 33
5 35
5 36
5 124
5 37
5 91
5 38
5 39
5 92
5 44
5 45
5 46
5 47
5 48
5 49
5 113
5 127
5 114
5 96
5 52
5 53
5 56
5 101
5 57
5 102
5 59
5 60
5 63
5 64
5 65
6 116
6 70
6 104
6 74
6 9
6 76
6 11
6 77
6 119
6 14
6 15
6 125
6 17
6 79
6 80
6 107
6 19
6 82
6 110
6 21
6 85
6 24
6 25
6 26
6 87
6 29
6 31
6 32
6 34
6 35
6 89
6 36
6 90
6 124
6 37
6 38
6 39
6 40
6 41
6 92
6 93
6 45
6 48
6 95
6 49
6 113
6 50
6 51
6 52
6 53
6 100
6 101
6 57
6 58
6 59
6 63
6 64
6 65
7 67
7 126
7 69
7 72
7 105
7 117
7 8
7 74
7 75
7 76
7 77
7 119
7 12
7 125
7 78
7 79
7 18
7 80
7 81
7 19
7 82
7 20
7 110
7 85
7 123
7 86
7 26
7 28
7 29
7 30
7 88
7 33
7 35
7 89
7 124
7 38
7 39
7 40
7 94
7 46
7 48
7 113
7 127
7 114
7 50
7 52
7 98
7 99
7 54
7 55
7 100
7 56
7 57
7 59
7 61
7 62
7 63
7 64
8 67
8 103
8 69
8 70
8 71
8 104
8 105
8 106
8 118
8 10
8 76
8 11
8 14
8 79
8 80
8 107
8 82
8 83
8 121
8 84
8 20
8 85
8 22
8 123
8 112
8 29
8 30
8 31
8 33
8 36
8 37
8 92
8 43
8 93
8 44
8 95
8 114
8 96
8 97
8 53
8 98
8 100
8 101
8 102
8 58
8 60
8 62
8 63
8 65
9 67
9 103
9 69
9 105
9 117
9 73
9 106
9 74
9 10
9 75
9 76
9 14
9 125
9 17
9 79
9 18
9 80
9 107
9 108
9 82
9 109
9 84
9 110
9 21
9 85
9 22
9 24
9 123
9 111
9 27
9 112
9 28
9 29
9 32
9 34
9 35
9 36
9 37
9 38
9 39
9 40
9 41
9 92
9 43
9 93
9 94
9 47
9 48
9 49
9 50
9 96
9 52
9 100
9 57
9 102
9 59
9 60
9 64
10 68
10 70
10 71
10 104
10 105
10 117
10 73
10 118
10 74
10 76
10 11
10 77
10 12
10 15
10 16
10 17
10 78
10 107
10 82
10 121
10 110
10 22
10 122
10 111
10 86
10 26
10 27
10 112
10 87
10 28
10 29
10 30
10 31
10 88
10 35
10 89
10 36
10 124
10 37
10 38
10 39
10 40
10 42
10 92
10 43
10 44
10 45
10 94
10 46
10 48
10 49
10 127
10 114
10 96
10 52
10 97
10 54
10 115
10 56
10 101
10 102
10 58
10 59
10 60
10 61
10 63
10 64
11 103
11 68
11 126
11 116
11 69
11 104
11 105
11 117
11 106
11 118
11 74
11 76
11 77
11 119
11 14
11 17
11 79
11 107
11 108
11 120
11 83
11 121
11 85
11 22
11 23
11 111
11 26
11 27
11 28
11 29
11 88
11 89
11 36
11 90
11 37
11 91
11 38
11 39
11 92
11 93
11 44
11 46
11 47
11 48
11 49
11 50
11 96
11 51
11 97
11 53
11 54
11 55
11 100
11 115
11 56
11 61
11 62
11 65
12 67
12 126
12 69
12 104
12 72
12 105
12 106
12 118
12 75
12 119
12 14
12 16
12 125
12 80
12 82
12 120
12 83
12 20
12 110
12 85
12 23
12 24
12 122
12 123
12 111
12 86
12 25
12 26
12 27
12 28
12 31
12 33
12 36
12 124
12 37
12 38
12 40
12 41
12 42
12 92
12 43
12 45
12 47
12 113
12 51
12 52
12 97
12 54
12 101
12 60
12 61
12 62
12 63
12 65
12 66
13 67
13 68
13 126
13 71
13 104
13 72
13 73
13 106
13 14
13 15
13 16
13 78
13 79
13 18
13 80
13 107
13 81
13 108
13 83
13 121
13 84
13 20
13 85
13 22
13 23
13 86
13 112
13 87
13 28
13 29
13 31
13 32
13 33
13 90
13 124
13 91
13 39
13 41
13 42
13 92
13 43
13 45
13 94
13 46
13 49
13 96
13 51
13 52
13 53
13 99
13 54
13 55
13 100
13 115
13 56
13 101
13 57
13 102
13 59
13 62
13 113
13 75
13 110
13 61
13 93
13 122
13 60
13 98
13 123
13 30
13 109
14 103
14 68
14 126
14 116
14 104
14 72
14 105
14 73
14 106
14 76
14 77
14 79
14 18
14 107
14 81
14 108
14 19
14 120
14 109
14 20
14 110
14 21
14 85
14 23
14 24
14 123
14 111
14 25
14 26
14 27
14 28
14 31
14 88
14 35
14 89
14 36
14 90
14 124
14 39
14 40
14 92
14 43
14 44
14 45
14 46
14 95
14 49
14 113
14 114
14 96
14 51
14 52
14 53
14 98
14 99
14 100
14 115
14 57
14 58
14 61
14 62
14 65
15 71
15 104
15 74
15 75
15 16
15 17
15 79
15 18
15 82
15 120
15 121
15 23
15 123
15 111
15 26
15 29
15 30
15 33
15 91
15 41
15 93
15 44
15 45
15 94
15 48
15 95
15 49
15 127
15 114
15 50
15 96
15 51
15 97
15 53
15 99
15 61
15 63
15 64
15 66
15 113
15 110
15 62
15 107
15 31
15 122
15 60
15 43
15 98
15 109
16 67
16 126
16 116
16 105
16 117
16 74
16 77
16 119
16 17
16 80
16 108
16 83
16 109
16 84
16 110
16 21
16 85
16 22
16 23
16 123
16 111
16 86
16 25
16 26
16 27
16 112
16 28
16 29
16 30
16 31
16 32
16 35
16 89
16 37
16 39
16 92
16 43
16 44
16 45
16 94
16 46
16 48
16 95
16 49
16 127
16 114
16 50
16 52
16 97
16 98
16 99
16 54
16 100
16 56
16 101
16 57
16 102
16 58
16 61
16 63
16 66
17 67
17 103
17 68
17 126
17 69
17 70
17 71
17 104
17 72
17 106
17 74
17 75
17 77
17 119
17 78
17 79
17 107
17 108
17 120
17 83
17 121
17 109
17 84
17 20
17 110
17 21
17 85
17 22
17 122
17 25
17 27
17 30
17 31
17 88
17 32
17 90
17 42
17 92
17 43
17 93
17 44
17 45
17 47
17 48
17 113
17 114
17 50
17 96
17 52
17 97
17 98
17 54
17 55
17 59
17 61
17 65
18 67
18 103
18 126
18 116
18 70
18 105
18 117
18 73
18 74
18 119
18 79
18 107
18 81
18 19
18 120
18 83
18 121
18 109
18 20
18 85
18 111
18 86
18 25
18 27
18 112
18 87
18 28
18 29
18 30
18 88
18 34
18 89
18 91
18 38
18 39
18 41
18 92
18 43
18 45
18 46
18 47
18 95
18 113
18 127
18 114
18 51
18 97
18 99
18 54
18 55
18 100
18 115
18 56
18 102
18 59
18 60
18 62
18 64
19 103
19 126
19 116
19 70
19 71
19 104
19 72
19 106
19 75
19 76
19 77
19 125
19 78
19 81
19 108
19 82
19 120
19 83
19 84
19 20
19 21
19 85
19 23
19 24
19 123
19 111
19 86
19 26
19 27
19 112
19 87
19 28
19 88
19 89
19 36
19 90
19 124
19 91
19 38
19 39
19 40
19 41
19 42
19 92
19 44
19 94
19 47
19 48
19 113
19 127
19 50
19 96
19 52
19 97
19 53
19 99
19 115
19 101
19 59
19 61
19 64
19 65
20 103
20 68
20 126
20 69
20 104
20 72
20 106
20 74
20 75
20 76
20 78
20 79
20 80
20 107
20 108
20 82
20 121
20 21
20 22
20 23
20 123
20 26
20 27
20 32
20 35
20 36
20 38
20 39
20 42
20 92
20 93
20 44
20 94
20 48
20 95
20 113
20 96
20 51
20 52
20 53
20 54
20 100
20 57
20 102
20 58
20 60
20 61
20 64
20 65
20 66
21 103
21 126
21 72
21 105
21 117
21 118
21 75
21 76
21 125
21 107
21 81
21 82
21 121
21 110
21 123
21 111
21 25
21 26
21 27
21 88
21 32
21 34
21 89
21 36
21 90
21 124
21 91
21 40
21 41
21 42
21 92
21 93
21 45
21 49
21 53
21 54
21 100
21 101
21 102
21 60
21 61
21 63
21 64
21 65
21 66
22 67
22 68
22 70
22 71
22 104
22 72
22 105
22 117
22 73
22 74
22 77
22 79
22 80
22 107
22 81
22 108
22 83
22 109
22 84
22 24
22 122
22 111
22 86
22 25
22 26
22 35
22 89
22 36
22 90
22 37
22 39
22 40
22 43
22 44
22 94
22 47
22 95
22 49
22 96
22 51
22 98
22 99
22 54
22 101
22 57
22 60
22 61
22 66
23 103
23 126
23 105
23 75
23 77
23 78
23 79
23 80
23 107
23 120
23 84
23 110
23 24
23 122
23 123
23 111
23 86
23 26
23 31
23 88
23 32
23 33
23 90
23 37
23 91
23 38
23 39
23 40
23 41
23 42
23 43
23 93
23 45
23 94
23 46
23 95
23 127
23 50
23 51
23 52
23 99
23 54
23 55
23 57
23 102
23 58
23 65
23 66
24 68
24 126
24 116
24 69
24 70
24 104
24 117
24 73
24 106
24 74
24 75
24 76
24 119
24 125
24 78
24 81
24 120
24 83
24 84
24 110
24 85
24 122
24 25
24 29
24 31
24 34
24 89
24 36
24 90
24 124
24 91
24 39
24 40
24 41
24 93
24 94
24 48
24 95
24 49
24 113
24 127
24 114
24 51
24 52
24 97
24 100
24 115
24 56
24 57
24 102
24 62
24 63
24 65
25 67
25 68
25 116
25 71
25 104
25 73
25 106
25 74
25 75
25 77
25 119
25 80
25 107
25 82
25 120
25 109
25 84
25 85
25 86
25 27
25 87
25 29
25 30
25 31
25 33
25 34
25 35
25 36
25 90
25 124
25 40
25 42
25 43
25 93
25 44
25 45
25 46
25 47
25 48
25 95
25 49
25 113
25 114
25 50
25 96
25 51
25 52
25 53
25 54
25 100
25 115
25 57
25 102
25 58
25 60
25 61
25 62
25 63
25 64
25 65
26 67
26 68
26 126
26 116
26 70
26 105
26 117
26 73
26 106
26 74
26 76
26 119
26 83
26 121
26 109
26 110
26 123
26 111
26 86
26 27
26 28
26 29
26 31
26 33
26 34
26 35
26 89
26 36
26 124
26 91
26 38
26 39
26 40
26 92
26 45
26 94
26 95
26 49
26 113
26 127
26 114
26 50
26 51
26 54
26 55
26 100
26 115
26 56
26 101
26 58
26 61
26 63
26 65
26 66
27 68
27 69
27 70
27 71
27 104
27 72
27 117
27 73
27 75
27 76
27 77
27 119
27 78
27 79
27 80
27 108
27 82
27 120
27 83
27 85
27 123
27 111
27 28
27 30
27 31
27 35
27 36
27 124
27 38
27 39
27 41
27 42
27 93
27 45
27 47
27 48
27 95
27 114
27 52
27 53
27 99
27 115
27 57
27 58
27 60
27 61
27 63
27 65
27 66
28 103
28 116
28 70
28 105
28 74
28 75
28 76
28 119
28 125
28 78
28 80
28 82
28 83
28 109
28 110
28 85
28 122
28 123
28 111
28 87
28 32
28 33
28 35
28 124
28 38
28 39
28 40
28 41
28 42
28 92
28 93
28 46
28 48
28 113
28 114
28 51
28 98
28 99
28 115
28 56
28 57
28 102
28 60
28 61
28 62
29 126
29 116
29 106
29 118
29 75
29 119
29 79
29 107
29 108
29 120
29 83
29 84
29 110
29 86
29 112
29 87
29 31
29 88
29 33
29 34
29 89
29 124
29 37
29 91
29 38
29 42
29 46
29 47
29 48
29 127
29 96
29 51
29 52
29 97
29 53
29 98
29 54
29 55
29 56
29 57
29 102
29 61
29 62
29 63
29 64
29 65
30 103
30 126
30 69
30 104
30 72
30 105
30 73
30 106
30 77
30 80
30 107
30 108
30 82
30 120
30 83
30 110
30 112
30 87
30 31
30 88
30 33
30 35
30 36
30 38
30 42
30 93
30 44
30 94
30 47
30 95
30 127
30 51
30 52
30 53
30 58
30 62
30 65
30 113
30 75
30 61
30 122
30 60
30 43
30 98
30 123
30 109
31 68
31 126
31 69
31 70
31 106
31 118
31 74
31 75
31 77
31 125
31 78
31 79
31 80
31 107
31 108
31 120
31 109
31 84
31 110
31 111
31 86
31 112
31 88
31 32
31 33
31 35
31 36
31 40
31 41
31 42
31 92
31 93
31 45
31 94
31 46
31 95
31 49
31 113
31 127
31 114
31 50
31 96
31 51
31 52
31 53
31 54
31 55
31 100
31 56
31 57
31 102
31 60
31 61
31 62
31 63
31 64
31 122
31 43
31 98
31 123
32 67
32 68
32 126
32 69
32 70
32 71
32 72
32 105
32 73
32 77
32 119
32 125
32 78
32 79
32 107
32 81
32 108
32 83
32 121
32 85
32 122
32 123
32 111
32 112
32 88
32 35
32 89
32 36
32 124
32 37
32 38
32 39
32 40
32 41
32 42
32 92
32 45
32 46
32 48
32 113
32 127
32 56
32 59
32 60
32 61
32 65
32 66
33 67
33 103
33 68
33 126
33 116
33 70
33 71
33 106
33 118
33 74
33 75
33 76
33 125
33 79
33 80
33 107
33 108
33 82
33 83
33 121
33 109
33 84
33 110
33 123
33 111
33 86
33 112
33 87
33 36
33 90
33 124
33 38
33 39
33 41
33 43
33 93
33 44
33 94
33 46
33 47
33 49
33 113
33 114
33 52
33 97
33 54
33 55
33 100
33 57
33 102
33 58
33 60
33 61
33 62
33 65
33 66
33 122
33 98
34 103
34 68
34 126
34 69
34 70
34 104
34 106
34 118
34 75
34 76
34 77
34 119
34 125
34 78
34 80
34 81
34 108
34 82
34 121
34 84
34 122
34 123
34 86
34 87
34 35
34 89
34 36
34 90
34 37
34 38
34 41
34 93
34 44
34 94
34 46
34 47
34 49
34 50
34 96
34 97
34 54
34 100
34 57
34 102
34 63
34 64
34 66
35 103
35 70
35 71
35 104
35 72
35 105
35 74
35 119
35 125
35 78
35 79
35 107
35 108
35 121
35 109
35 84
35 85
35 123
35 112
35 89
35 36
35 90
35 124
35 38
35 92
35 43
35 45
35 94
35 95
35 127
35 50
35 96
35 51
35 52
35 97
35 53
35 99
35 54
35 115
35 56
35 101
35 102
35 58
35 62
35 65
35 66
36 67
36 68
36 71
36 72
36 105
36 117
36 118
36 74
36 119
36 80
36 107
36 81
36 108
36 120
36 83
36 84
36 110
36 85
36 122
36 123
36 111
36 86
36 88
36 89
36 124
36 91
36 39
36 40
36 41
36 42
36 45
36 48
36 95
36 114
36 50
36 96
36 98
36 54
36 115
36 102
36 62
36 64
36 66
37 67
37 103
37 68
37 70
37 71
37 104
37 105
37 73
37 118
37 74
37 77
37 119
37 78
37 80
37 108
37 82
37 83
37 121
37 84
37 110
37 122
37 91
37 41
37 42
37 43
37 93
37 45
37 94
37 95
37 49
37 127
37 50
37 52
37 55
37 101
37 57
37 102
37 59
37 64
37 65
38 67
38 103
38 116
38 69
38 71
38 72
38 76
38 78
38 80
38 81
38 108
38 121
38 110
38 85
38 111
38 86
38 89
38 39
38 40
38 92
38 43
38 44
38 45
38 94
38 47
38 113
38 50
38 52
38 97
38 53
38 98
38 100
38 115
38 56
38 57
38 102
38 58
38 61
38 63
38 66
39 67
39 103
39 69
39 70
39 71
39 104
39 72
39 105
39 117
39 73
39 106
39 118
39 74
39 125
39 79
39 80
39 107
39 108
39 82
39 120
39 83
39 121
39 109
39 110
39 122
39 111
39 86
39 88
39 40
39 42
39 44
39 45
39 46
39 47
39 48
39 95
39 113
39 50
39 51
39 52
39 97
39 98
39 99
39 55
39 100
39 56
39 57
39 64
39 66
40 67
40 68
40 126
40 116
40 71
40 104
40 72
40 117
40 106
40 75
40 119
40 125
40 78
40 79
40 80
40 107
40 81
40 108
40 82
40 121
40 110
40 111
40 112
40 87
40 88
40 89
40 124
40 91
40 42
40 43
40 93
40 94
40 49
40 113
40 127
40 50
40 96
40 51
40 97
40 53
40 54
40 55
40 100
40 56
40 101
40 57
40 59
40 66
41 68
41 126
41 69
41 71
41 104
41 72
41 117
41 74
41 75
41 76
41 77
41 125
41 79
41 80
41 82
41 120
41 121
41 84
41 110
41 122
41 111
41 86
41 42
41 45
41 94
41 95
41 113
41 50
41 51
41 52
41 98
41 54
41 55
41 100
41 115
41 56
41 101
41 57
41 102
41 58
41 59
41 61
41 62
41 63
41 64
42 116
42 70
42 71
42 104
42 72
42 105
42 73
42 74
42 77
42 125
42 78
42 107
42 120
42 83
42 123
42 111
42 86
42 87
42 89
42 90
42 124
42 91
42 43
42 93
42 44
42 45
42 94
42 47
42 49
42 113
42 114
42 50
42 52
42 53
42 98
42 99
42 55
42 100
42 101
42 58
42 61
42 63
42 66
43 67
43 103
43 116
43 70
43 72
43 105
43 117
43 73
43 118
43 75
43 76
43 78
43 80
43 107
43 81
43 83
43 121
43 110
43 85
43 123
43 111
43 88
43 89
43 91
43 92
43 93
43 44
43 94
43 46
43 47
43 48
43 113
43 114
43 50
43 96
43 51
43 52
43 98
43 55
43 100
43 115
43 64
43 65
43 66
43 61
43 62
43 122
43 60
43 109
44 116
44 70
44 72
44 105
44 117
44 75
44 76
44 119
44 125
44 78
44 107
44 82
44 120
44 83
44 121
44 84
44 110
44 85
44 122
44 87
44 88
44 89
44 91
44 92
44 46
44 48
44 113
44 114
44 50
44 52
44 97
44 99
44 55
44 100
44 115
44 56
44 102
44 59
44 63
44 64
44 66
45 103
45 69
45 70
45 71
45 104
45 105
45 74
45 75
45 76
45 77
45 107
45 81
45 82
45 120
45 85
45 122
45 111
45 90
45 93
45 47
45 48
45 95
45 49
45 127
45 114
45 50
45 96
45 52
45 99
45 55
45 100
45 102
45 59
45 61
45 66
46 67
46 68
46 116
46 70
46 71
46 104
46 72
46 117
46 73
46 106
46 75
46 77
46 119
46 79
46 80
46 107
46 81
46 121
46 109
46 84
46 110
46 111
46 88
46 91
46 92
46 93
46 48
46 95
46 113
46 52
46 54
46 55
46 56
46 101
46 60
46 63
46 66
47 67
47 103
47 68
47 126
47 116
47 70
47 71
47 72
47 73
47 118
47 75
47 76
47 119
47 79
47 80
47 108
47 82
47 120
47 84
47 110
47 85
47 122
47 111
47 88
47 91
47 94
47 48
47 113
47 127
47 114
47 50
47 51
47 52
47 98
47 54
47 55
47 115
47 56
47 57
47 61
47 63
47 64
47 65
48 103
48 72
48 117
48 73
48 106
48 75
48 77
48 119
48 125
48 79
48 80
48 107
48 82
48 121
48 85
48 123
48 111
48 89
48 90
48 91
48 93
48 49
48 113
48 127
48 50
48 97
48 53
48 54
48 115
48 56
48 102
48 58
48 60
48 62
48 63
48 64
48 65
48 66
49 126
49 69
49 70
49 71
49 72
49 73
49 106
49 118
49 74
49 77
49 119
49 78
49 80
49 108
49 82
49 83
49 109
49 110
49 85
49 123
49 111
49 86
49 88
49 90
49 91
49 92
49 93
49 95
49 113
49 114
49 50
49 115
49 56
49 101
49 58
49 59
49 60
49 63
49 64
49 65
49 66
50 103
50 68
50 126
50 116
50 70
50 71
50 104
50 105
50 117
50 73
50 118
50 77
50 119
50 80
50 108
50 82
50 109
50 110
50 86
50 112
50 89
50 124
50 91
50 92
50 93
50 95
50 127
50 114
50 96
50 53
50 98
50 99
50 100
50 115
50 57
50 102
50 59
50 60
50 65
50 66
51 67
51 103
51 68
51 69
51 70
51 72
51 117
51 106
51 118
51 75
51 76
51 82
51 83
51 121
51 109
51 84
51 110
51 122
51 86
51 112
51 89
51 92
51 94
51 95
51 113
51 127
51 96
51 97
51 99
51 54
51 55
51 115
51 56
51 57
51 102
51 58
51 60
51 63
51 64
52 67
52 68
52 126
52 70
52 104
52 118
52 74
52 78
52 107
52 108
52 121
52 84
52 85
52 111
52 86
52 90
52 91
52 92
52 93
52 94
52 95
52 113
52 127
52 97
52 56
52 101
52 58
52 61
52 62
52 63
52 65
52 66
53 103
53 68
53 126
53 71
53 117
53 73
53 75
53 76
53 77
53 119
53 125
53 81
53 82
53 120
53 83
53 85
53 111
53 88
53 92
53 94
53 95
53 113
53 114
53 97
53 98
53 55
53 100
53 57
53 102
53 58
53 59
53 63
53 64
53 65
53 66
54 68
54 69
54 71
54 72
54 105
54 117
54 106
54 118
54 74
54 76
54 125
54 79
54 81
54 82
54 83
54 121
54 110
54 85
54 122
54 86
54 88
54 89
54 91
54 94
54 95
54 113
54 96
54 97
54 98
54 55
54 115
54 101
54 58
54 59
54 63
54 64
55 67
55 103
55 68
55 116
55 69
55 71
55 117
55 73
55 118
55 75
55 76
55 77
55 119
55 78
55 81
55 82
55 83
55 121
55 84
55 122
55 123
55 111
55 112
55 88
55 124
55 93
55 95
55 127
55 114
55 96
55 97
55 99
55 100
55 115
55 56
55 101
55 102
55 58
55 59
55 61
55 63
55 65
55 66
56 68
56 69
56 71
56 105
56 117
56 73
56 106
56 118
56 125
56 78
56 82
56 120
56 121
56 85
56 123
56 112
56 87
56 88
56 92
56 94
56 95
56 113
56 114
56 99
56 115
56 101
56 59
56 60
57 67
57 103
57 68
57 70
57 71
57 104
57 72
57 117
57 76
57 77
57 78
57 80
57 107
57 120
57 121
57 84
57 85
57 122
57 123
57 111
57 86
57 112
57 88
57 89
57 90
57 124
57 91
57 92
57 93
57 94
57 96
57 98
57 100
57 58
57 60
57 61
57 62
57 63
57 64
57 65
57 66
58 67
58 70
58 71
58 72
58 105
58 73
58 106
58 118
58 77
58 119
58 78
58 80
58 108
58 82
58 120
58 121
58 84
58 122
58 123
58 111
58 86
58 112
58 88
58 89
58 124
58 92
58 94
58 113
58 114
58 96
58 97
58 98
58 99
58 100
58 115
58 101
58 60
58 64
58 66
59 103
59 126
59 71
59 104
59 72
59 73
59 75
59 76
59 77
59 119
59 125
59 78
59 79
59 107
59 108
59 82
59 83
59 121
59 84
59 110
59 122
59 111
59 112
59 87
59 88
59 91
59 92
59 95
59 114
59 96
59 97
59 99
59 100
59 101
59 102
59 61
59 64
59 65
60 103
60 116
60 70
60 71
60 104
60 72
60 105
60 73
60 106
60 118
60 77
60 80
60 82
60 120
60 121
60 110
60 123
60 111
60 88
60 124
60 91
60 92
60 94
60 95
60 127
60 114
60 97
60 99
60 102
60 61
60 113
60 75
60 62
60 107
60 93
60 122
60 98
60 109
61 68
61 126
61 116
61 69
61 70
61 71
61 105
61 75
61 76
61 125
61 79
61 107
61 81
61 82
61 83
61 121
61 109
61 110
61 85
61 122
61 86
61 112
61 87
61 88
61 91
61 92
61 93
61 94
61 113
61 127
61 97
61 98
61 115
61 62
61 64
61 66
61 123
62 103
62 69
62 71
62 104
62 72
62 106
62 118
62 74
62 75
62 76
62 119
62 125
62 78
62 79
62 107
62 108
62 82
62 120
62 83
62 121
62 110
62 85
62 122
62 123
62 88
62 124
62 93
62 94
62 113
62 127
62 97
62 98
62 115
62 101
62 102
62 109
63 67
63 116
63 69
63 70
63 72
63 117
63 75
63 119
63 125
63 78
63 107
63 81
63 108
63 82
63 120
63 83
63 85
63 122
63 111
63 86
63 112
63 87
63 88
63 92
63 113
63 127
63 114
63 96
63 97
63 100
63 101
63 102
63 65
63 66
64 68
64 116
64 71
64 104
64 105
64 117
64 73
64 106
64 75
64 77
64 79
64 81
64 108
64 82
64 120
64 83
64 121
64 109
64 112
64 88
64 124
64 91
64 92
64 93
64 114
64 97
64 98
64 115
64 101
64 102
64 65
65 103
65 68
65 126
65 116
65 69
65 71
65 117
65 73
65 77
65 78
65 80
65 107
65 81
65 82
65 109
65 110
65 85
65 87
65 88
65 91
65 96
65 99
65 100
65 115
65 102
66 104
66 105
66 73
66 118
66 74
66 75
66 77
66 119
66 125
66 78
66 79
66 108
66 83
66 122
66 123
66 111
66 112
66 87
66 88
66 90
66 124
66 91
66 92
66 93
66 94
66 113
66 114
66 97
66 98
66 115
66 101
66 102
67 103
67 68
67 116
67 70
67 105
67 73
67 75
67 76
67 125
67 78
67 79
67 80
67 107
67 81
67 108
67 120
67 121
67 109
67 110
67 85
67 122
67 111
67 88
67 90
67 124
67 91
67 95
67 113
67 96
67 97
68 103
68 126
68 69
68 70
68 104
68 74
68 75
68 76
68 77
68 78
68 80
68 107
68 82
68 120
68 85
68 86
68 112
68 89
68 91
68 92
68 93
68 114
68 99
68 100
68 102
69 103
69 70
69 75
69 78
69 80
69 107
69 81
69 108
69 120
69 110
69 85
69 122
69 88
69 95
69 113
69 97
69 71
69 104
69 72
69 117
69 74
69 119
69 82
69 84
69 123
69 86
69 87
69 127
69 98
69 99
69 115
69 102
70 103
70 104
70 105
70 106
70 76
70 77
70 119
70 125
70 80
70 107
70 81
70 82
70 120
70 83
70 121
70 109
70 85
70 123
70 112
70 87
70 89
70 90
70 124
70 91
70 127
70 114
70 96
70 98
70 101
71 103
71 116
71 105
71 73
71 78
71 79
71 107
71 120
71 121
71 109
71 122
71 111
71 90
71 95
71 113
71 97
71 123
71 86
71 89
71 127
71 114
71 98
71 99
71 100
71 101
72 103
72 105
72 73
72 75
72 78
72 80
72 108
72 120
72 109
72 122
72 91
72 95
72 113
72 97
72 104
72 117
72 106
72 77
72 82
72 83
72 123
72 112
72 89
72 92
72 93
72 94
72 127
72 100
73 104
73 117
73 118
73 74
73 75
73 76
73 125
73 78
73 80
73 107
73 120
73 83
73 84
73 122
73 86
73 112
73 88
73 90
73 93
73 113
73 127
73 96
73 97
73 100
73 115
73 101
73 102
74 103
74 75
74 76
74 79
74 107
74 120
74 109
74 110
74 85
74 88
74 90
74 96
74 126
74 118
74 77
74 119
74 83
74 86
74 89
74 93
74 94
74 127
74 115
74 101
75 103
75 126
75 104
75 117
75 106
75 118
75 76
75 125
75 78
75 79
75 107
75 108
75 83
75 121
75 84
75 110
75 85
75 123
75 111
75 86
75 112
75 89
75 90
75 124
75 92
75 93
75 94
75 113
75 127
75 98
75 100
75 115
75 122
75 109
76 104
76 77
76 79
76 80
76 108
76 83
76 121
76 84
76 122
76 111
76 86
76 112
76 93
76 94
76 95
76 113
76 114
76 96
76 97
76 98
76 99
76 100
76 115
76 101
77 116
77 78
77 79
77 107
77 81
77 120
77 121
77 109
77 111
77 90
77 95
77 117
77 123
77 86
77 93
77 94
77 127
77 114
77 101
77 126
77 119
77 98
77 99
77 102
78 103
78 104
78 106
78 119
78 79
78 107
78 120
78 83
78 109
78 110
78 85
78 123
78 111
78 112
78 87
78 88
78 89
78 91
78 92
78 95
78 113
78 97
78 100
78 115
78 102
79 103
79 105
79 125
79 117
79 119
79 107
79 81
79 82
79 109
79 84
79 110
79 123
79 86
79 112
79 89
79 113
79 96
79 99
79 100
79 115
80 116
80 105
80 125
80 104
80 106
80 119
80 107
80 82
80 121
80 84
80 111
80 86
80 90
80 124
80 91
80 95
80 113
80 127
80 114
80 98
80 99
80 100
80 115
80 101
80 102
81 103
81 116
81 105
81 107
81 104
81 118
81 82
81 120
81 83
81 84
81 110
81 85
81 86
81 88
81 90
81 95
81 96
81 97
81 99
81 100
82 103
82 116
82 105
82 107
82 108
82 120
82 121
82 109
82 122
82 111
82 90
82 113
82 104
82 117
82 106
82 118
82 123
82 86
82 92
82 93
82 127
82 98
83 103
83 107
83 108
83 109
83 110
83 85
83 122
83 111
83 124
83 91
83 95
83 113
83 96
83 117
83 106
83 119
83 84
83 92
83 94
83 127
83 114
83 100
83 115
84 103
84 125
84 107
84 108
84 121
84 85
84 122
84 90
84 124
84 91
84 95
84 126
84 112
84 92
84 94
84 99
84 101
85 103
85 116
85 105
85 107
85 108
85 120
85 121
85 109
85 104
85 117
85 118
85 122
85 111
85 87
85 88
85 89
85 91
85 94
85 95
85 113
85 97
85 99
85 100
85 102
86 103
86 116
86 105
86 109
86 110
86 111
86 88
86 95
86 113
86 96
86 104
86 126
86 118
86 119
86 112
86 87
86 89
86 127
86 114
86 98
86 115
86 101
87 116
87 120
87 121
87 110
87 111
87 91
87 97
87 117
87 123
87 89
87 127
87 114
87 115
87 101
87 112
87 92
87 99
87 102
87 106
87 119
88 116
88 108
88 120
88 122
88 111
88 126
88 118
88 119
88 123
88 124
88 91
88 94
88 127
88 114
88 97
88 99
88 100
88 101
88 102
89 103
89 125
89 108
89 120
89 121
89 109
89 110
89 122
89 111
89 124
89 95
89 96
89 97
89 104
89 123
89 106
89 119
89 112
89 93
89 94
89 114
89 99
89 100
89 102
90 103
90 125
90 120
90 110
90 111
90 126
90 119
90 123
90 94
90 113
90 114
90 97
90 98
90 115
90 102
91 103
91 108
91 121
91 110
91 122
91 111
91 126
91 106
91 118
91 94
91 95
91 127
91 114
91 97
91 98
91 100
91 102
92 125
92 107
92 108
92 120
92 122
92 111
92 96
92 97
92 93
92 94
92 114
92 115
92 126
92 112
92 106
92 119
92 98
92 99
93 103
93 116
93 105
93 125
93 107
93 121
93 110
93 122
93 124
93 95
93 113
93 123
93 106
93 118
93 119
93 94
93 127
93 100
93 115
93 101
93 102
93 98
93 109
94 103
94 116
94 105
94 107
94 121
94 110
94 124
94 113
94 117
94 127
94 115
94 101
94 102
94 122
94 98
94 123
94 109
95 103
95 107
95 108
95 121
95 110
95 111
95 124
95 106
95 119
95 112
95 113
95 127
95 114
95 101
96 103
96 105
96 120
96 121
96 110
96 122
96 111
96 124
96 113
96 118
96 119
96 123
96 112
96 127
96 114
96 97
96 99
97 103
97 125
97 108
97 120
97 113
97 106
97 119
97 123
97 99
97 101
97 102
98 116
98 125
98 107
98 120
98 109
98 113
98 123
98 114
98 115
98 101
98 126
98 112
98 100
98 106
98 119
98 110
98 122
99 105
99 108
99 120
99 109
99 122
99 124
99 113
99 104
99 117
99 127
99 115
99 101
99 126
99 112
99 118
99 119
99 100
99 102
100 116
100 107
100 120
100 110
100 111
100 124
100 104
100 117
100 123
100 101
100 106
100 118
100 119
101 103
101 116
101 107
101 108
101 120
101 121
101 110
101 122
101 111
101 124
101 113
101 104
101 127
101 115
101 118
101 112
101 102
102 105
102 107
102 120
102 121
102 109
102 110
102 113
102 104
102 127
102 114
102 115
102 118
102 119
103 116
103 104
103 105
103 117
103 125
103 120
103 121
103 123
103 113
103 127
103 114
103 115
104 116
104 105
104 125
104 121
104 110
104 124
104 113
104 106
104 118
104 119
104 112
104 127
105 116
105 126
105 106
105 125
105 107
105 121
105 110
105 111
105 124
105 113
105 127
106 107
106 108
106 120
106 121
106 111
106 124
106 117
106 127
106 115
106 126
107 125
107 117
107 120
107 110
107 123
107 111
107 112
107 113
107 115
107 122
107 109
108 116
108 125
108 126
108 117
108 121
108 109
108 110
108 122
108 111
108 124
108 113
108 127
108 114
108 115
109 116
109 123
109 124
109 127
109 113
109 110
109 122
110 120
110 121
110 126
110 117
110 119
110 123
110 112
110 124
110 113
110 127
110 115
110 122
111 125
111 120
111 126
111 119
111 123
111 124
111 113
112 116
112 125
112 121
112 122
112 113
112 117
112 114
112 126
113 116
113 121
113 117
113 119
113 122
113 123
114 125
114 121
114 124
114 117
114 123
114 126
114 118
114 119
115 116
115 121
115 122
115 123
115 127
116 126
116 118
116 119
116 121
116 123
116 124
116 127
117 120
117 121
117 122
117 124
117 126
117 119
117 127
118 125
118 120
118 124
118 119
119 122
119 127
120 125
120 123
120 124
120 127
121 126
121 124
121 127
122 126
122 124
122 127
122 123
123 126
123 127
124 125
124 127
125 126
