0 1
0 2
0 3
0 4
0 5
0 6
0 7
0 8
0 9
0 10
0 11
0 12
0 13
0 14
0 15
0 16
0 17
0 18
0 19
0 20
0 21
0 22
0 23
0 24
0 25
0 26
0 27
0 28
0 29
0 31
0 32
0 33
0 34
0 35
0 36
0 37
0 38
0 39
0 40
0 41
0 42
0 43
0 44
0 45
0 46
0 47
0 48
0 50
0 51
0 52
0 53
0 54
0 55
1 56
1 57
1 58
1 59
1 60
1 61
1 3
1 5
1 62
1 63
1 64
1 7
1 8
1 65
1 66
1 67
1 68
1 69
1 15
1 18
1 70
1 71
1 72
1 21
1 22
1 73
1 74
1 75
1 24
1 25
1 76
1 27
1 77
1 28
1 78
1 79
1 29
1 80
1 81
1 82
1 31
1 32
1 33
1 34
1 35
1 36
1 83
1 84
1 85
1 40
1 41
1 42
1 86
1 87
1 46
1 47
1 88
1 89
1 90
1 91
1 92
1 50
1 93
1 94
1 51
1 52
1 95
1 96
1 97
1 98
1 55
2 99
2 100
2 101
2 5
2 62
2 102
2 103
2 8
2 104
2 66
2 9
2 10
2 11
2 12
2 13
2 68
2 15
2 18
2 19
2 105
2 20
2 21
2 22
2 73
2 74
2 25
2 26
2 27
2 106
2 77
2 78
2 79
2 29
2 31
2 33
2 34
2 36
2 83
2 107
2 84
2 85
2 39
2 40
2 86
2 108
2 46
2 47
2 48
2 90
2 109
2 53
2 98
3 56
3 57
3 58
3 59
3 100
3 4
3 5
3 6
3 8
3 110
3 111
3 11
3 14
3 15
3 18
3 70
3 72
3 105
3 20
3 112
3 74
3 75
3 24
3 25
3 106
3 77
3 28
3 78
3 79
3 31
3 113
3 34
3 35
3 36
3 83
3 107
3 85
3 114
3 38
3 115
3 116
3 43
3 44
3 87
3 47
3 49
3 91
3 50
3 109
3 52
3 96
3 97
3 53
4 117
4 118
4 61
4 62
4 102
4 63
4 119
4 103
4 9
4 67
4 10
4 111
4 11
4 12
4 68
4 14
4 69
4 15
4 16
4 120
4 18
4 70
4 71
4 72
4 20
4 21
4 22
4 73
4 74
4 121
4 23
4 75
4 24
4 27
4 106
4 28
4 78
4 79
4 29
4 30
4 80
4 82
4 31
4 32
4 34
4 35
4 83
4 37
4 84
4 85
4 114
4 115
4 122
4 39
4 41
4 86
4 108
4 43
4 44
4 87
4 47
4 91
4 92
4 50
4 109
4 52
4 95
4 97
4 53
4 54
4 98
5 117
5 56
5 118
5 60
5 61
5 62
5 102
5 6
5 64
5 119
5 103
5 104
5 10
5 111
5 13
5 68
5 69
5 73
5 123
5 121
5 23
5 75
5 24
5 25
5 26
5 76
5 27
5 77
5 79
5 30
5 81
5 82
5 35
5 36
5 83
5 107
5 84
5 114
5 115
5 124
5 41
5 116
5 108
5 44
5 47
5 88
5 48
5 90
5 50
5 93
5 94
5 109
5 97
5 53
5 98
5 55
6 117
6 56
6 57
6 60
6 61
6 100
6 64
6 119
6 7
6 9
6 67
6 111
6 68
6 69
6 15
6 120
6 18
6 19
6 70
6 112
6 21
6 22
6 73
6 123
6 74
6 23
6 25
6 76
6 27
6 77
6 29
6 82
6 31
6 32
6 36
6 83
6 84
6 85
6 115
6 124
6 39
6 41
6 42
6 108
6 43
6 46
6 89
6 49
6 90
6 91
6 92
6 50
6 93
6 51
6 52
6 97
6 53
7 117
7 61
7 100
7 101
7 63
7 8
7 104
7 110
7 66
7 9
7 67
7 10
7 111
7 11
7 12
7 13
7 69
7 15
7 16
7 17
7 19
7 70
7 71
7 105
7 20
7 112
7 21
7 73
7 74
7 121
7 23
7 24
7 25
7 26
7 76
7 77
7 28
7 78
7 31
7 33
7 113
7 83
7 107
7 84
7 38
7 125
7 124
7 86
7 108
7 44
7 87
7 45
7 47
7 48
7 49
7 91
7 50
7 93
7 94
7 51
7 95
7 96
7 54
7 98
7 55
8 58
8 118
8 59
8 60
8 101
8 62
8 64
8 104
8 66
8 9
8 67
8 10
8 13
8 15
8 120
8 17
8 18
8 72
8 105
8 121
8 25
8 27
8 106
8 77
8 29
8 30
8 81
8 31
8 33
8 113
8 35
8 85
8 125
8 124
8 126
8 127
8 40
8 41
8 116
8 87
8 46
8 49
8 90
8 91
8 92
8 93
8 94
8 97
8 54
8 55
9 56
9 99
9 58
9 118
9 60
9 101
9 62
9 102
9 67
9 10
9 11
9 12
9 68
9 17
9 19
9 71
9 72
9 21
9 22
9 73
9 123
9 121
9 75
9 26
9 27
9 106
9 28
9 79
9 80
9 82
9 32
9 113
9 34
9 36
9 83
9 114
9 127
9 39
9 41
9 116
9 42
9 86
9 43
9 87
9 46
9 89
9 48
9 90
9 50
9 93
9 96
10 117
10 56
10 99
10 58
10 59
10 60
10 100
10 62
10 63
10 64
10 119
10 103
10 104
10 110
10 66
10 67
10 11
10 69
10 15
10 71
10 72
10 112
10 21
10 74
10 121
10 23
10 24
10 26
10 76
10 106
10 79
10 29
10 80
10 31
10 32
10 36
10 107
10 84
10 85
10 38
10 125
10 115
10 124
10 122
10 126
10 127
10 39
10 40
10 41
10 108
10 43
10 44
10 87
10 46
10 89
10 48
10 49
10 92
10 50
10 93
10 94
10 52
10 95
10 96
10 97
10 53
10 54
10 98
11 117
11 58
11 118
11 59
11 60
11 62
11 63
11 64
11 104
11 65
11 111
11 12
11 68
11 14
11 69
11 120
11 17
11 18
11 19
11 70
11 71
11 105
11 22
11 121
11 75
11 24
11 25
11 76
11 27
11 106
11 81
11 82
11 31
11 32
11 113
11 36
11 107
11 125
11 115
11 124
11 41
11 116
11 42
11 108
11 43
11 88
11 49
11 90
11 91
11 93
11 51
11 52
11 97
11 53
11 54
11 98
11 55
12 117
12 58
12 118
12 101
12 62
12 102
12 64
12 103
12 104
12 13
12 68
12 14
12 16
12 120
12 18
12 70
12 71
12 72
12 112
12 73
12 123
12 121
12 23
12 25
12 106
12 28
12 29
12 30
12 113
12 37
12 107
12 84
12 115
12 127
12 39
12 41
12 108
12 45
12 88
12 89
12 48
12 90
12 91
12 92
12 109
12 51
12 52
12 55
13 117
13 99
13 59
13 61
13 62
13 64
13 110
13 67
13 111
13 14
13 69
13 15
13 16
13 120
13 17
13 18
13 19
13 70
13 71
13 105
13 112
13 21
13 23
13 75
13 24
13 76
13 106
13 77
13 78
13 79
13 29
13 30
13 31
13 32
13 113
13 83
13 107
13 114
13 125
13 122
13 126
13 127
13 39
13 41
13 43
13 87
13 45
13 46
13 88
13 50
13 94
13 52
13 95
13 96
13 97
13 98
13 55
13 49
13 35
13 57
13 74
13 123
13 102
14 59
14 60
14 61
14 101
14 102
14 63
14 64
14 119
14 104
14 65
14 66
14 69
14 15
14 18
14 71
14 20
14 21
14 22
14 73
14 74
14 75
14 26
14 76
14 27
14 78
14 79
14 29
14 81
14 32
14 33
14 34
14 35
14 36
14 37
14 84
14 114
14 38
14 125
14 124
14 126
14 41
14 116
14 42
14 44
14 87
14 46
14 47
14 88
14 48
14 49
14 90
14 91
14 92
14 93
14 52
14 96
14 55
15 56
15 58
15 118
15 59
15 61
15 63
15 65
15 66
15 68
15 16
15 120
15 19
15 70
15 72
15 20
15 22
15 75
15 24
15 25
15 76
15 77
15 28
15 78
15 79
15 30
15 81
15 82
15 32
15 113
15 83
15 84
15 114
15 124
15 122
15 127
15 40
15 116
15 42
15 86
15 43
15 44
15 87
15 45
15 46
15 47
15 48
15 90
15 50
15 51
15 52
15 95
16 57
16 99
16 58
16 59
16 100
16 101
16 63
16 64
16 104
16 110
16 66
16 111
16 68
16 69
16 17
16 18
16 70
16 71
16 105
16 112
16 21
16 73
16 123
16 74
16 76
16 27
16 79
16 80
16 82
16 31
16 32
16 113
16 115
16 126
16 127
16 39
16 41
16 116
16 42
16 108
16 88
16 48
16 49
16 90
16 91
16 93
16 94
16 109
16 51
16 95
16 54
17 56
17 57
17 59
17 60
17 100
17 63
17 119
17 65
17 66
17 111
17 68
17 69
17 70
17 71
17 105
17 21
17 73
17 75
17 25
17 27
17 28
17 80
17 81
17 82
17 31
17 32
17 113
17 34
17 83
17 85
17 38
17 125
17 122
17 40
17 41
17 42
17 44
17 87
17 45
17 47
17 88
17 92
17 50
17 93
17 109
17 96
17 53
17 98
18 56
18 99
18 58
18 118
18 60
18 100
18 101
18 62
18 102
18 65
18 110
18 67
18 111
18 69
18 120
18 19
18 71
18 72
18 105
18 112
18 21
18 73
18 123
18 121
18 24
18 26
18 76
18 77
18 78
18 79
18 29
18 113
18 34
18 36
18 83
18 107
18 85
18 125
18 124
18 122
18 39
18 116
18 42
18 108
18 43
18 44
18 45
18 47
18 90
18 50
18 93
18 94
18 109
18 52
18 96
18 53
18 54
18 55
19 117
19 56
19 59
19 60
19 61
19 100
19 102
19 104
19 110
19 66
19 111
19 68
19 120
19 105
19 21
19 22
19 73
19 23
19 75
19 25
19 28
19 79
19 80
19 82
19 32
19 33
19 36
19 37
19 85
19 114
19 38
19 124
19 122
19 127
19 40
19 41
19 116
19 86
19 108
19 44
19 87
19 46
19 47
19 48
19 90
19 91
19 93
19 94
19 109
19 51
19 52
19 95
19 98
19 55
20 117
20 56
20 118
20 59
20 101
20 119
20 66
20 67
20 111
20 68
20 120
20 70
20 71
20 105
20 21
20 73
20 123
20 74
20 23
20 24
20 78
20 79
20 30
20 82
20 31
20 32
20 33
20 113
20 34
20 83
20 107
20 85
20 125
20 124
20 122
20 40
20 41
20 116
20 86
20 87
20 47
20 48
20 50
20 109
20 95
20 96
20 97
20 55
21 58
21 118
21 101
21 102
21 64
21 119
21 103
21 104
21 65
21 110
21 66
21 111
21 68
21 69
21 70
21 72
21 105
21 112
21 22
21 73
21 74
21 121
21 75
21 26
21 76
21 27
21 77
21 28
21 81
21 32
21 33
21 37
21 107
21 84
21 85
21 114
21 38
21 125
21 124
21 126
21 127
21 40
21 44
21 87
21 88
21 89
21 48
21 90
21 92
21 50
21 93
21 94
21 52
21 96
21 97
21 53
22 117
22 56
22 99
22 58
22 118
22 59
22 60
22 63
22 119
22 110
22 66
22 70
22 71
22 72
22 73
22 123
22 74
22 121
22 75
22 24
22 25
22 76
22 27
22 106
22 77
22 28
22 78
22 79
22 82
22 31
22 32
22 33
22 113
22 34
22 35
22 107
22 114
22 38
22 125
22 115
22 126
22 40
22 42
22 86
22 43
22 48
22 90
22 91
22 94
22 109
22 55
23 117
23 57
23 99
23 58
23 118
23 59
23 60
23 61
23 100
23 101
23 62
23 64
23 119
23 104
23 65
23 66
23 120
23 71
23 72
23 105
23 112
23 123
23 74
23 75
23 26
23 76
23 27
23 77
23 79
23 30
23 31
23 32
23 36
23 83
23 37
23 107
23 85
23 114
23 38
23 125
23 115
23 124
23 127
23 40
23 86
23 44
23 47
23 88
23 49
23 92
23 50
23 93
23 94
23 109
23 95
23 96
23 54
23 98
23 35
23 41
23 102
24 99
24 58
24 59
24 100
24 62
24 63
24 64
24 119
24 110
24 111
24 68
24 69
24 120
24 70
24 72
24 112
24 73
24 123
24 121
24 25
24 76
24 28
24 78
24 82
24 31
24 32
24 33
24 83
24 37
24 107
24 84
24 124
24 127
24 40
24 41
24 108
24 44
24 45
24 46
24 47
24 89
24 94
24 51
24 52
24 95
24 96
24 54
24 98
24 55
25 117
25 58
25 60
25 61
25 101
25 102
25 63
25 64
25 119
25 65
25 110
25 66
25 111
25 68
25 69
25 120
25 72
25 112
25 121
25 75
25 76
25 27
25 106
25 78
25 79
25 29
25 30
25 80
25 81
25 82
25 31
25 32
25 34
25 35
25 36
25 37
25 114
25 38
25 42
25 43
25 87
25 46
25 89
25 48
25 91
25 92
25 93
25 109
25 52
25 97
25 54
25 55
26 57
26 118
26 60
26 100
26 62
26 103
26 65
26 110
26 67
26 68
26 71
26 121
26 75
26 76
26 27
26 28
26 78
26 30
26 80
26 82
26 31
26 113
26 34
26 37
26 114
26 38
26 125
26 127
26 40
26 41
26 116
26 108
26 44
26 45
26 47
26 48
26 90
26 92
26 50
26 93
26 94
26 95
26 96
26 97
26 53
26 98
27 117
27 56
27 57
27 99
27 118
27 59
27 60
27 61
27 100
27 102
27 65
27 66
27 67
27 111
27 69
27 70
27 71
27 105
27 112
27 106
27 28
27 79
27 30
27 80
27 32
27 34
27 83
27 37
27 85
27 125
27 115
27 126
27 40
27 41
27 116
27 43
27 44
27 87
27 48
27 90
27 109
27 51
27 52
27 96
27 97
27 53
27 98
28 117
28 56
28 99
28 60
28 100
28 102
28 63
28 65
28 110
28 67
28 70
28 121
28 75
28 76
28 106
28 77
28 79
28 29
28 80
28 81
28 82
28 113
28 37
28 85
28 38
28 115
28 124
28 127
28 41
28 116
28 42
28 44
28 46
28 88
28 90
28 91
28 93
28 109
28 53
28 54
28 98
29 56
29 58
29 59
29 60
29 64
29 119
29 103
29 104
29 66
29 67
29 111
29 68
29 70
29 71
29 72
29 105
29 112
29 73
29 121
29 78
29 79
29 80
29 81
29 31
29 32
29 33
29 113
29 107
29 84
29 115
29 127
29 42
29 87
29 45
29 47
29 49
29 92
29 94
29 97
29 53
29 54
30 117
30 118
30 59
30 61
30 62
30 64
30 119
30 65
30 66
30 68
30 69
30 71
30 72
30 112
30 73
30 121
30 75
30 76
30 80
30 82
30 33
30 34
30 85
30 38
30 125
30 124
30 42
30 108
30 46
30 91
30 93
30 109
30 52
30 95
30 53
30 98
30 55
30 96
30 120
30 49
30 107
30 35
30 57
30 41
30 74
30 123
30 102
31 117
31 99
31 58
31 118
31 59
31 61
31 101
31 63
31 64
31 103
31 65
31 110
31 66
31 120
31 72
31 73
31 74
31 121
31 106
31 80
31 33
31 34
31 35
31 85
31 114
31 38
31 125
31 115
31 127
31 40
31 86
31 108
31 87
31 46
31 89
31 49
31 92
31 94
31 109
31 51
31 95
31 97
31 53
31 98
31 55
32 117
32 56
32 57
32 61
32 62
32 64
32 103
32 104
32 65
32 110
32 67
32 111
32 68
32 120
32 105
32 112
32 74
32 121
32 76
32 106
32 77
32 79
32 81
32 33
32 113
32 34
32 35
32 36
32 83
32 37
32 84
32 114
32 125
32 124
32 122
32 42
32 87
32 88
32 48
32 49
32 91
32 92
32 50
32 94
32 51
32 52
32 95
32 53
32 54
32 55
33 99
33 58
33 100
33 104
33 65
33 120
33 70
33 71
33 72
33 112
33 73
33 74
33 121
33 76
33 106
33 77
33 80
33 81
33 113
33 34
33 35
33 36
33 83
33 37
33 114
33 125
33 124
33 122
33 127
33 39
33 42
33 86
33 43
33 44
33 87
33 46
33 88
33 89
33 49
33 92
33 50
33 94
33 109
33 51
33 52
33 98
33 55
34 57
34 58
34 118
34 60
34 65
34 66
34 111
34 68
34 72
34 121
34 75
34 77
34 80
34 113
34 35
34 36
34 37
34 107
34 38
34 124
34 40
34 108
34 43
34 45
34 46
34 47
34 88
34 48
34 50
34 93
34 109
34 53
34 54
34 55
35 117
35 57
35 58
35 118
35 59
35 60
35 101
35 62
35 102
35 64
35 103
35 65
35 110
35 66
35 67
35 68
35 69
35 120
35 71
35 72
35 105
35 74
35 121
35 75
35 106
35 77
35 80
35 82
35 36
35 84
35 114
35 38
35 125
35 40
35 42
35 86
35 108
35 87
35 88
35 49
35 91
35 92
35 50
35 93
35 97
35 53
35 98
35 61
35 112
35 96
35 107
35 41
35 123
36 117
36 58
36 118
36 59
36 60
36 61
36 100
36 101
36 63
36 104
36 65
36 66
36 67
36 111
36 68
36 69
36 70
36 72
36 105
36 123
36 75
36 76
36 106
36 80
36 81
36 82
36 83
36 37
36 38
36 125
36 126
36 127
36 39
36 40
36 41
36 42
36 108
36 43
36 47
36 88
36 89
36 48
36 90
36 91
36 92
36 50
36 93
36 94
36 51
36 97
36 54
36 98
36 55
37 117
37 58
37 118
37 60
37 61
37 100
37 62
37 102
37 64
37 119
37 103
37 110
37 111
37 68
37 69
37 120
37 72
37 75
37 76
37 106
37 77
37 78
37 79
37 82
37 113
37 83
37 115
37 122
37 126
37 40
37 41
37 42
37 108
37 43
37 45
37 89
37 48
37 49
37 109
37 51
37 52
37 95
37 53
37 98
38 117
38 56
38 59
38 60
38 62
38 63
38 119
38 104
38 65
38 66
38 111
38 70
38 72
38 123
38 76
38 106
38 80
38 114
38 125
38 115
38 126
38 42
38 86
38 108
38 87
38 45
38 47
38 90
38 91
38 50
38 94
38 51
38 52
38 96
38 97
38 53
38 98
39 117
39 56
39 57
39 118
39 100
39 102
39 63
39 103
39 104
39 65
39 110
39 67
39 111
39 120
39 70
39 123
39 75
39 76
39 106
39 78
39 79
39 81
39 83
39 107
39 114
39 125
39 115
39 122
39 126
39 127
39 40
39 41
39 116
39 108
39 44
39 46
39 89
39 48
39 93
39 94
39 51
39 52
39 95
39 96
39 53
39 54
39 98
40 117
40 57
40 59
40 101
40 62
40 102
40 119
40 103
40 65
40 66
40 67
40 111
40 68
40 69
40 120
40 70
40 72
40 73
40 123
40 121
40 76
40 106
40 79
40 83
40 107
40 115
40 127
40 41
40 42
40 108
40 43
40 44
40 47
40 48
40 91
40 92
40 50
40 94
40 52
40 54
40 98
41 117
41 57
41 118
41 59
41 61
41 100
41 101
41 62
41 64
41 103
41 104
41 65
41 110
41 67
41 69
41 70
41 123
41 74
41 106
41 77
41 78
41 79
41 81
41 82
41 83
41 107
41 84
41 85
41 115
41 124
41 108
41 44
41 87
41 88
41 48
41 90
41 109
41 51
41 55
41 98
41 112
41 71
41 96
41 120
41 49
41 75
41 102
42 117
42 56
42 58
42 118
42 100
42 101
42 102
42 63
42 64
42 119
42 65
42 110
42 67
42 68
42 120
42 70
42 105
42 112
42 73
42 75
42 76
42 77
42 78
42 83
42 124
42 126
42 108
42 43
42 87
42 45
42 46
42 88
42 89
42 91
42 92
42 97
42 54
42 98
43 56
43 99
43 58
43 118
43 59
43 100
43 101
43 102
43 64
43 119
43 103
43 67
43 111
43 69
43 120
43 70
43 72
43 105
43 121
43 75
43 76
43 79
43 80
43 81
43 113
43 83
43 84
43 85
43 114
43 125
43 124
43 122
43 127
43 86
43 44
43 87
43 47
43 48
43 90
43 92
43 50
43 93
43 109
43 52
43 54
43 98
44 117
44 56
44 58
44 59
44 60
44 61
44 62
44 119
44 104
44 111
44 70
44 112
44 73
44 121
44 75
44 76
44 77
44 78
44 79
44 82
44 113
44 83
44 107
44 84
44 85
44 114
44 122
44 127
44 45
44 46
44 89
44 48
44 93
44 94
44 52
44 95
44 98
44 55
45 56
45 118
45 59
45 101
45 62
45 102
45 64
45 103
45 104
45 65
45 66
45 111
45 68
45 72
45 76
45 78
45 107
45 114
45 125
45 115
45 126
45 127
45 87
45 92
45 50
45 94
45 109
45 52
45 96
46 117
46 56
46 59
46 100
46 101
46 62
46 63
46 119
46 103
46 65
46 67
46 111
46 69
46 70
46 71
46 72
46 112
46 121
46 75
46 106
46 77
46 79
46 113
46 83
46 84
46 114
46 125
46 127
46 86
46 87
46 88
46 89
46 90
46 50
46 94
46 109
46 51
46 52
46 95
46 97
46 54
46 55
47 56
47 99
47 59
47 61
47 101
47 102
47 103
47 66
47 67
47 69
47 70
47 71
47 72
47 105
47 121
47 75
47 76
47 77
47 78
47 79
47 80
47 82
47 113
47 84
47 114
47 125
47 126
47 127
47 116
47 87
47 49
47 91
47 92
47 50
47 93
47 94
47 109
47 95
47 96
47 97
47 53
47 54
48 117
48 56
48 99
48 58
48 118
48 59
48 61
48 62
48 102
48 63
48 65
48 67
48 68
48 71
48 72
48 105
48 123
48 76
48 80
48 81
48 113
48 107
48 84
48 85
48 115
48 124
48 122
48 126
48 127
48 49
48 90
48 94
48 54
48 98
49 117
49 56
49 57
49 58
49 59
49 100
49 101
49 119
49 104
49 65
49 66
49 69
49 120
49 70
49 105
49 73
49 123
49 74
49 121
49 106
49 78
49 81
49 113
49 84
49 85
49 124
49 88
49 50
49 109
49 96
49 97
49 62
49 98
49 61
49 112
49 71
49 107
49 75
49 102
50 56
50 57
50 58
50 61
50 102
50 103
50 104
50 65
50 110
50 66
50 69
50 120
50 70
50 105
50 112
50 73
50 75
50 106
50 77
50 81
50 83
50 85
50 115
50 122
50 126
50 86
50 108
50 88
50 89
50 90
50 91
50 92
50 93
50 94
50 51
50 96
50 97
50 54
50 98
50 55
51 117
51 60
51 61
51 100
51 102
51 119
51 110
51 70
51 71
51 112
51 123
51 74
51 121
51 76
51 77
51 78
51 79
51 107
51 125
51 115
51 127
51 116
51 108
51 87
51 88
51 89
51 90
51 91
51 93
51 52
51 95
51 96
51 97
51 98
52 117
52 56
52 99
52 58
52 59
52 60
52 61
52 100
52 101
52 102
52 104
52 110
52 66
52 67
52 69
52 70
52 71
52 72
52 105
52 73
52 123
52 75
52 106
52 77
52 78
52 79
52 81
52 82
52 113
52 83
52 85
52 115
52 122
52 126
52 127
52 88
52 89
52 91
52 94
52 95
52 97
52 53
52 98
53 117
53 57
53 60
53 61
53 101
53 62
53 102
53 64
53 119
53 103
53 104
53 111
53 69
53 120
53 70
53 71
53 105
53 123
53 75
53 76
53 79
53 81
53 82
53 113
53 85
53 115
53 127
53 86
53 108
53 87
53 88
53 90
53 92
53 96
53 54
54 117
54 56
54 57
54 99
54 58
54 59
54 101
54 102
54 63
54 119
54 104
54 65
54 68
54 69
54 70
54 105
54 73
54 123
54 121
54 106
54 77
54 79
54 83
54 84
54 114
54 124
54 122
54 126
54 108
54 88
54 90
54 91
54 92
54 93
54 94
54 95
54 96
54 97
54 98
54 55
55 117
55 56
55 57
55 99
55 118
55 60
55 62
55 119
55 104
55 65
55 110
55 67
55 111
55 69
55 72
55 105
55 112
55 73
55 76
55 106
55 77
55 78
55 80
55 82
55 84
55 85
55 114
55 115
55 126
55 127
55 88
55 91
55 93
55 96
56 117
56 57
56 118
56 59
56 100
56 63
56 64
56 119
56 104
56 66
56 68
56 70
56 71
56 72
56 112
56 123
56 121
56 75
56 76
56 106
56 80
56 82
56 114
56 125
56 115
56 124
56 126
56 127
56 116
56 86
56 88
56 90
56 94
56 95
56 97
56 98
57 117
57 99
57 100
57 62
57 119
57 66
57 67
57 120
57 123
57 74
57 121
57 75
57 76
57 106
57 79
57 113
57 83
57 124
57 127
57 86
57 88
57 91
57 109
57 95
57 97
57 98
57 61
57 112
57 71
57 96
57 107
57 102
58 117
58 118
58 60
58 100
58 102
58 63
58 64
58 104
58 110
58 66
58 68
58 120
58 105
58 112
58 123
58 75
58 106
58 79
58 82
58 113
58 107
58 84
58 115
58 127
58 108
58 87
58 90
58 92
58 93
58 109
58 95
58 97
59 117
59 118
59 60
59 62
59 103
59 65
59 111
59 120
59 70
59 72
59 105
59 73
59 123
59 74
59 121
59 75
59 106
59 78
59 79
59 80
59 113
59 107
59 114
59 125
59 126
59 116
59 92
59 109
59 95
59 96
59 97
59 98
60 62
60 65
60 110
60 67
60 111
60 68
60 69
60 120
60 71
60 73
60 74
60 76
60 78
60 79
60 107
60 85
60 114
60 125
60 115
60 89
60 90
60 91
60 109
60 97
60 98
60 101
60 63
60 104
60 70
60 121
60 83
60 84
60 122
60 126
60 86
60 93
61 117
61 99
61 100
61 101
61 62
61 64
61 103
61 65
61 110
61 120
61 70
61 71
61 72
61 112
61 123
61 74
61 121
61 75
61 76
61 78
61 83
61 84
61 85
61 125
61 115
61 124
61 116
61 92
61 93
61 95
61 96
61 97
61 98
61 107
61 102
62 117
62 118
62 66
62 67
62 111
62 68
62 120
62 70
62 71
62 105
62 112
62 121
62 75
62 106
62 77
62 78
62 79
62 80
62 125
62 115
62 124
62 122
62 126
62 127
62 108
62 90
62 91
62 92
62 109
62 95
62 96
62 98
62 107
62 74
62 123
62 102
63 99
63 119
63 65
63 110
63 111
63 69
63 120
63 71
63 105
63 112
63 74
63 76
63 77
63 80
63 81
63 114
63 125
63 115
63 88
63 89
63 90
63 91
63 94
63 109
63 97
63 102
63 64
63 70
63 121
63 106
63 82
63 83
63 84
63 124
63 116
63 86
63 93
64 65
64 110
64 111
64 69
64 120
64 71
64 105
64 76
64 80
64 113
64 85
64 125
64 87
64 88
64 90
64 91
64 94
64 96
64 100
64 66
64 121
64 106
64 83
64 124
64 126
64 127
64 116
64 86
64 93
64 95
65 117
65 119
65 118
65 103
65 104
65 66
65 68
65 120
65 70
65 71
65 112
65 121
65 75
65 76
65 79
65 80
65 82
65 113
65 83
65 107
65 85
65 127
65 87
65 89
65 91
65 109
65 95
65 96
66 110
66 68
66 69
66 120
66 71
66 105
66 112
66 74
66 75
66 76
66 77
66 78
66 79
66 113
66 85
66 114
66 125
66 115
66 108
66 87
66 88
66 89
66 90
66 109
66 97
66 118
66 102
66 103
66 104
66 70
66 72
66 121
66 106
66 82
66 83
66 84
66 86
66 92
66 93
67 117
67 118
67 100
67 101
67 103
67 104
67 111
67 69
67 72
67 105
67 73
67 123
67 74
67 79
67 80
67 82
67 83
67 114
67 125
67 124
67 122
67 127
67 116
67 86
67 108
67 88
67 92
67 93
67 109
68 117
68 119
68 110
68 111
68 118
68 100
68 103
68 104
68 69
68 120
68 70
68 105
68 112
68 123
68 74
68 76
68 106
68 78
68 80
68 83
68 84
68 125
68 115
68 126
68 127
68 108
68 87
68 88
68 89
68 90
68 109
68 95
68 98
69 117
69 99
69 119
69 104
69 71
69 112
69 73
69 123
69 75
69 106
69 77
69 78
69 81
69 113
69 83
69 107
69 84
69 85
69 114
69 115
69 124
69 126
69 86
69 88
69 91
69 109
69 95
69 96
69 97
69 98
70 99
70 110
70 111
70 105
70 75
70 78
70 113
70 85
70 114
70 125
70 87
70 90
70 91
70 94
70 96
70 97
70 98
70 100
70 104
70 123
70 121
70 106
70 82
70 83
70 124
70 126
70 116
70 93
70 95
71 117
71 110
71 120
71 101
71 104
71 72
71 112
71 73
71 74
71 82
71 113
71 125
71 124
71 127
71 116
71 86
71 108
71 91
71 95
71 96
71 97
71 98
71 107
71 75
71 123
71 102
72 99
72 119
72 110
72 111
72 105
72 73
72 74
72 79
72 113
72 85
72 125
72 108
72 87
72 88
72 91
72 94
72 109
72 96
72 97
72 100
72 101
72 102
72 103
72 104
72 123
72 121
72 82
72 122
72 126
72 116
72 93
73 117
73 99
73 119
73 111
73 120
73 118
73 100
73 102
73 104
73 123
73 121
73 77
73 78
73 82
73 113
73 83
73 107
73 84
73 114
73 115
73 124
73 122
73 86
73 108
73 89
73 90
73 92
73 93
73 94
73 109
73 97
74 117
74 99
74 111
74 112
74 118
74 101
74 75
74 76
74 106
74 77
74 80
74 81
74 82
74 113
74 107
74 85
74 114
74 125
74 86
74 88
74 89
74 93
74 94
74 95
74 97
74 98
74 96
74 120
74 123
74 102
75 117
75 99
75 120
75 105
75 100
75 103
75 104
75 123
75 121
75 76
75 106
75 78
75 79
75 80
75 82
75 113
75 124
75 122
75 126
75 127
75 87
75 89
75 92
75 109
75 95
75 98
75 112
75 96
75 107
75 102
76 117
76 99
76 119
76 110
76 120
76 105
76 112
76 118
76 102
76 103
76 104
76 123
76 121
76 106
76 77
76 78
76 79
76 81
76 113
76 83
76 107
76 85
76 125
76 115
76 124
76 126
76 127
76 88
76 89
76 90
76 95
76 96
76 97
76 98
77 117
77 99
77 105
77 112
77 101
77 102
77 121
77 106
77 81
77 82
77 83
77 84
77 124
77 127
77 86
77 89
77 90
77 93
77 95
77 96
77 97
77 98
78 117
78 112
78 118
78 100
78 101
78 102
78 103
78 123
78 106
78 84
78 114
78 125
78 126
78 116
78 108
78 87
78 88
78 89
78 90
78 92
78 93
78 109
78 96
78 97
79 117
79 119
79 110
79 111
79 105
79 118
79 100
79 101
79 102
79 104
79 121
79 106
79 80
79 81
79 113
79 107
79 125
79 115
79 124
79 122
79 126
79 127
79 116
79 86
79 92
80 117
80 99
80 119
80 120
80 118
80 103
80 104
80 121
80 81
80 82
80 83
80 85
80 114
80 125
80 124
80 122
80 86
80 88
80 89
80 91
80 93
80 94
80 109
80 96
80 97
80 98
81 117
81 119
81 120
81 112
81 103
81 123
81 107
81 125
81 115
81 122
81 86
81 108
81 88
81 90
81 91
81 92
81 94
81 109
81 96
81 98
82 99
82 119
82 120
82 85
82 125
82 115
82 88
82 91
82 96
82 97
82 118
82 102
82 103
82 121
82 124
82 116
82 92
83 119
83 85
83 114
83 125
83 115
83 87
83 88
83 91
83 109
83 96
83 98
83 102
83 103
83 104
83 121
83 84
83 122
83 127
83 116
83 95
84 119
84 112
84 85
84 114
84 125
84 108
84 90
84 94
84 109
84 96
84 98
84 103
84 124
84 126
84 116
84 95
85 117
85 118
85 101
85 102
85 123
85 124
85 127
85 108
85 87
85 93
85 94
85 109
85 95
86 119
86 110
86 111
86 120
86 105
86 112
86 113
86 125
86 115
86 88
86 90
86 97
86 98
86 103
86 121
86 124
86 127
86 92
86 95
87 117
87 99
87 119
87 105
87 112
87 113
87 107
87 114
87 125
87 108
87 118
87 101
87 103
87 121
87 106
87 124
87 126
87 127
87 90
87 94
87 95
87 96
88 117
88 119
88 110
88 120
88 112
88 107
88 125
88 115
88 103
88 104
88 121
88 106
88 126
88 127
88 116
88 89
88 94
88 109
88 95
88 96
88 98
89 117
89 99
89 110
89 111
89 105
89 112
89 125
89 115
89 108
89 118
89 103
89 104
89 124
89 122
89 126
89 116
89 90
89 91
89 94
89 109
89 96
89 97
90 117
90 99
90 119
90 110
90 111
90 120
90 112
90 113
90 107
90 114
90 115
90 108
90 102
90 103
90 123
90 106
90 124
90 122
90 126
90 127
90 116
90 91
90 93
90 94
90 109
90 96
90 98
91 117
91 99
91 110
91 111
91 105
91 113
91 107
91 125
91 118
91 101
91 102
91 104
91 106
91 124
91 126
91 95
91 96
91 98
92 99
92 119
92 120
92 105
92 113
92 125
92 94
92 96
92 98
92 118
92 101
92 103
92 104
92 121
92 106
92 124
92 122
92 127
92 116
92 93
93 99
93 119
93 120
93 115
93 97
93 98
93 100
93 101
93 103
93 104
93 124
93 122
93 126
93 116
93 95
94 117
94 119
94 120
94 112
94 107
94 125
94 104
94 121
94 106
94 122
94 126
94 98
95 99
95 111
95 105
95 112
95 114
95 125
95 115
95 108
95 96
95 97
95 98
95 100
95 104
95 121
95 122
95 126
95 116
96 117
96 119
96 111
96 120
96 112
96 125
96 108
96 109
96 118
96 100
96 101
96 103
96 106
96 127
96 116
96 98
96 107
96 123
96 102
97 117
97 111
97 120
97 113
97 107
97 125
97 108
97 118
97 100
97 101
97 104
97 106
97 124
97 122
97 127
97 98
98 117
98 99
98 119
98 120
98 112
98 113
98 107
98 114
98 115
98 108
98 109
98 101
98 102
98 103
98 123
98 121
98 106
98 124
98 122
98 116
99 117
99 100
99 101
99 119
99 103
99 104
99 111
99 120
99 123
99 121
99 107
99 125
99 122
99 116
99 108
100 119
100 110
100 111
100 105
100 114
100 125
100 115
100 108
100 109
100 103
100 104
100 123
100 121
100 106
100 124
100 122
100 126
100 127
101 111
101 107
101 109
101 118
101 102
101 103
101 123
101 121
101 127
102 111
102 120
102 112
102 113
102 114
102 109
102 118
102 104
102 123
102 124
102 122
102 117
102 107
103 107
103 114
103 125
103 115
103 109
103 123
103 121
103 116
104 119
104 111
104 120
104 112
104 107
104 114
104 115
104 124
104 122
104 126
105 117
105 110
105 112
105 121
105 106
105 107
105 122
105 126
105 108
106 119
106 111
106 120
106 112
106 107
106 114
106 125
106 118
106 123
106 126
107 117
107 110
107 111
107 120
107 113
107 114
107 115
107 124
107 122
107 108
107 109
107 112
107 123
108 117
108 110
108 120
108 113
108 114
108 115
108 123
108 122
108 116
109 117
109 110
109 118
109 121
109 124
109 122
109 127
109 116
110 117
110 111
110 120
110 123
110 114
110 125
110 115
110 124
110 126
110 127
110 116
111 117
111 123
111 113
111 114
111 124
112 117
112 120
112 118
112 123
112 121
112 114
112 115
112 124
112 122
112 116
113 117
113 119
113 118
113 123
113 121
113 114
113 125
113 122
114 117
114 123
114 121
114 125
114 115
114 122
114 126
114 127
115 117
115 119
115 120
115 118
115 123
115 121
115 124
115 122
115 126
115 127
116 120
116 118
116 123
116 126
116 127
117 119
117 120
117 125
117 123
118 119
118 121
118 122
118 126
118 127
119 123
119 124
119 122
119 126
119 127
120 121
120 125
120 124
120 122
120 126
120 123
121 123
122 124
123 126
123 127
124 125
124 127
