0 1
0 2
0 3
0 4
0 5
0 6
0 7
0 8
0 9
0 10
0 11
0 12
0 13
0 14
0 15
0 16
0 17
0 18
0 19
0 20
0 21
0 22
0 23
0 24
0 25
0 26
0 27
0 28
0 29
0 30
0 31
0 32
0 33
0 34
0 35
0 36
0 37
0 38
0 39
0 40
0 41
0 42
0 43
0 44
0 45
0 46
0 47
0 48
0 49
0 50
0 51
0 52
0 53
0 54
0 55
0 56
0 57
0 58
0 59
0 60
0 61
0 62
0 63
0 64
0 65
0 66
0 67
0 68
1 2
1 3
1 4
1 69
1 70
1 71
1 7
1 8
1 72
1 11
1 73
1 12
1 74
1 14
1 16
1 75
1 76
1 17
1 77
1 78
1 79
1 80
1 81
1 82
1 24
1 25
1 83
1 84
1 29
1 85
1 86
1 32
1 34
1 87
1 88
1 89
1 90
1 91
1 92
1 38
1 41
1 42
1 93
1 43
1 94
1 95
1 96
1 46
1 47
1 50
1 53
1 97
1 98
1 58
1 64
1 65
1 99
1 100
1 66
1 68
2 101
2 3
2 5
2 102
2 69
2 6
2 71
2 7
2 8
2 103
2 10
2 12
2 14
2 16
2 75
2 104
2 20
2 22
2 24
2 105
2 28
2 30
2 86
2 31
2 33
2 106
2 87
2 35
2 89
2 107
2 36
2 37
2 91
2 39
2 42
2 93
2 44
2 45
2 94
2 109
2 96
2 110
2 49
2 50
2 51
2 53
2 54
2 56
2 98
2 113
2 59
2 65
2 99
2 68
2 64
2 97
2 95
2 13
2 62
2 116
2 119
2 112
2 81
2 27
2 80
2 18
2 79
3 101
3 115
3 102
3 116
3 7
3 8
3 10
3 11
3 73
3 12
3 74
3 14
3 15
3 75
3 117
3 104
3 21
3 78
3 80
3 23
3 25
3 83
3 84
3 27
3 28
3 29
3 32
3 106
3 34
3 87
3 35
3 89
3 107
3 90
3 37
3 91
3 38
3 39
3 118
3 119
3 43
3 108
3 94
3 109
3 96
3 46
3 48
3 50
3 51
3 52
3 112
3 53
3 54
3 97
3 57
3 58
3 113
3 59
3 60
3 61
3 120
3 62
3 64
3 65
3 99
3 100
3 67
3 114
4 101
4 5
4 69
4 71
4 8
4 72
4 103
4 10
4 13
4 15
4 75
4 76
4 117
4 104
4 18
4 121
4 20
4 21
4 78
4 25
4 27
4 85
4 31
4 32
4 106
4 34
4 88
4 107
4 36
4 90
4 37
4 118
4 40
4 45
4 122
4 47
4 48
4 50
4 111
4 51
4 54
4 55
4 56
4 58
4 113
4 123
4 66
4 67
5 115
5 116
5 69
5 6
5 70
5 71
5 7
5 72
5 9
5 74
5 13
5 14
5 15
5 117
5 17
5 18
5 19
5 22
5 80
5 23
5 81
5 82
5 25
5 83
5 84
5 26
5 105
5 27
5 28
5 29
5 85
5 30
5 86
5 89
5 92
5 39
5 40
5 119
5 41
5 93
5 45
5 94
5 109
5 95
5 46
5 47
5 49
5 111
5 51
5 52
5 53
5 54
5 55
5 57
5 58
5 113
5 124
5 100
5 66
5 67
5 68
5 114
5 64
5 97
5 62
5 112
5 79
6 69
6 70
6 71
6 7
6 8
6 72
6 9
6 10
6 11
6 12
6 74
6 13
6 15
6 16
6 121
6 20
6 21
6 79
6 22
6 23
6 81
6 84
6 26
6 105
6 27
6 28
6 29
6 30
6 31
6 32
6 34
6 88
6 90
6 37
6 91
6 38
6 39
6 118
6 40
6 41
6 44
6 125
6 108
6 94
6 109
6 48
6 110
6 111
6 51
6 52
6 55
6 57
6 98
6 126
6 113
6 59
6 60
6 61
6 62
6 63
6 64
6 65
6 99
6 66
6 67
6 68
7 115
7 102
7 69
7 70
7 71
7 72
7 9
7 10
7 14
7 117
7 81
7 82
7 24
7 84
7 26
7 105
7 86
7 31
7 32
7 33
7 87
7 35
7 88
7 89
7 107
7 37
7 39
7 40
7 119
7 42
7 93
7 43
7 44
7 125
7 96
7 46
7 47
7 48
7 49
7 52
7 112
7 53
7 54
7 97
7 55
7 56
7 113
7 60
7 123
7 61
7 120
7 124
7 63
7 99
7 66
7 67
8 102
8 72
8 9
8 10
8 11
8 12
8 74
8 14
8 16
8 75
8 117
8 17
8 104
8 121
8 19
8 77
8 20
8 78
8 23
8 82
8 24
8 105
8 85
8 87
8 35
8 88
8 89
8 36
8 90
8 37
8 92
8 38
8 39
8 118
8 93
8 44
8 45
8 122
8 125
8 108
8 95
8 96
8 46
8 111
8 52
8 112
8 53
8 97
8 57
8 98
8 126
8 59
8 60
8 123
8 61
8 124
8 64
8 65
8 66
8 67
8 114
9 101
9 102
9 69
9 72
9 103
9 11
9 73
9 12
9 74
9 15
9 16
9 75
9 17
9 19
9 77
9 20
9 21
9 78
9 79
9 22
9 80
9 82
9 24
9 83
9 105
9 29
9 85
9 30
9 86
9 33
9 106
9 34
9 35
9 89
9 107
9 36
9 37
9 91
9 39
9 93
9 43
9 45
9 122
9 109
9 47
9 112
9 97
9 55
9 98
9 59
9 60
9 61
9 120
9 124
9 63
9 65
9 99
9 127
9 66
9 68
9 114
10 101
10 115
10 116
10 69
10 72
10 73
10 12
10 74
10 13
10 14
10 15
10 16
10 76
10 104
10 18
10 121
10 19
10 20
10 78
10 79
10 81
10 83
10 84
10 26
10 27
10 29
10 30
10 86
10 33
10 106
10 34
10 35
10 89
10 107
10 90
10 37
10 91
10 92
10 40
10 119
10 41
10 45
10 108
10 48
10 110
10 50
10 111
10 51
10 52
10 112
10 54
10 57
10 58
10 126
10 60
10 123
10 61
10 63
10 64
10 127
10 100
10 68
11 69
11 70
11 71
11 73
11 12
11 74
11 14
11 16
11 76
11 18
11 121
11 19
11 77
11 21
11 78
11 22
11 80
11 23
11 81
11 25
11 83
11 27
11 28
11 29
11 85
11 30
11 86
11 33
11 106
11 35
11 88
11 89
11 107
11 36
11 90
11 91
11 38
11 40
11 42
11 93
11 44
11 108
11 109
11 96
11 46
11 47
11 49
11 50
11 112
11 53
11 54
11 97
11 55
11 57
11 59
11 123
11 61
11 120
11 124
11 62
11 63
11 65
11 127
11 66
11 68
12 115
12 102
12 69
12 70
12 71
12 103
12 74
12 75
12 76
12 117
12 17
12 19
12 20
12 21
12 80
12 23
12 83
12 26
12 28
12 29
12 30
12 86
12 32
12 33
12 106
12 34
12 87
12 35
12 89
12 107
12 36
12 92
12 118
12 40
12 119
12 45
12 108
12 46
12 48
12 50
12 111
12 51
12 52
12 97
12 55
12 56
12 98
12 126
12 113
12 59
12 123
12 124
12 62
12 63
12 65
12 99
12 127
12 66
12 67
13 116
13 103
13 73
13 74
13 14
13 15
13 75
13 76
13 117
13 19
13 78
13 22
13 23
13 82
13 25
13 83
13 84
13 26
13 105
13 27
13 28
13 85
13 33
13 106
13 34
13 88
13 89
13 37
13 92
13 39
13 119
13 41
13 93
13 43
13 45
13 122
13 108
13 95
13 47
13 48
13 50
13 51
13 52
13 53
13 54
13 97
13 55
13 56
13 57
13 126
13 113
13 123
13 120
13 124
13 62
13 63
13 64
13 99
13 127
13 66
13 68
13 112
13 81
13 69
13 94
13 80
13 18
13 79
14 115
14 116
14 69
14 70
14 72
14 73
14 16
14 75
14 76
14 18
14 121
14 19
14 79
14 80
14 23
14 81
14 84
14 26
14 28
14 29
14 85
14 32
14 87
14 35
14 88
14 89
14 107
14 36
14 91
14 39
14 119
14 43
14 44
14 45
14 109
14 95
14 47
14 49
14 50
14 51
14 112
14 97
14 56
14 98
14 58
14 126
14 113
14 60
14 120
14 124
14 62
14 63
14 64
14 65
14 100
14 66
14 68
14 114
14 27
14 94
15 115
15 69
15 70
15 71
15 72
15 103
15 73
15 16
15 104
15 77
15 20
15 79
15 22
15 23
15 82
15 83
15 105
15 29
15 85
15 33
15 106
15 34
15 107
15 36
15 91
15 38
15 39
15 119
15 41
15 42
15 43
15 45
15 122
15 108
15 94
15 95
15 96
15 46
15 47
15 48
15 110
15 49
15 52
15 54
15 97
15 98
15 58
15 59
15 60
15 123
15 61
15 124
15 63
15 99
15 127
15 66
15 114
16 101
16 115
16 70
16 71
16 72
16 73
16 74
16 17
16 18
16 77
16 20
16 21
16 78
16 80
16 23
16 24
16 25
16 83
16 26
16 27
16 28
16 85
16 31
16 33
16 34
16 35
16 90
16 37
16 91
16 118
16 43
16 44
16 45
16 122
16 94
16 96
16 49
16 50
16 51
16 52
16 112
16 53
16 54
16 56
16 57
16 98
16 60
16 61
16 120
16 62
16 63
16 64
16 65
16 99
16 127
16 100
16 66
16 68
17 116
17 70
17 71
17 73
17 74
17 18
17 121
17 77
17 78
17 22
17 81
17 25
17 83
17 26
17 28
17 30
17 31
17 32
17 33
17 88
17 91
17 92
17 39
17 40
17 119
17 42
17 93
17 43
17 94
17 109
17 47
17 49
17 111
17 51
17 52
17 53
17 54
17 97
17 55
17 98
17 58
17 126
17 113
17 120
17 63
17 64
17 65
17 99
17 127
17 114
18 101
18 103
18 74
18 19
18 77
18 20
18 78
18 79
18 22
18 82
18 24
18 83
18 84
18 26
18 28
18 85
18 32
18 33
18 106
18 87
18 35
18 90
18 37
18 39
18 118
18 41
18 42
18 44
18 122
18 94
18 96
18 46
18 110
18 49
18 112
18 53
18 97
18 55
18 56
18 98
18 59
18 123
18 61
18 64
18 66
18 68
18 114
18 95
18 62
18 116
18 119
18 81
18 27
18 69
18 80
19 69
19 103
19 74
19 75
19 77
19 20
19 79
19 24
19 25
19 84
19 26
19 28
19 31
19 32
19 106
19 88
19 90
19 37
19 91
19 92
19 41
19 93
19 43
19 44
19 45
19 122
19 94
19 109
19 95
19 96
19 46
19 47
19 48
19 110
19 50
19 111
19 52
19 53
19 97
19 56
19 57
19 98
19 126
19 59
19 123
19 61
19 62
19 64
19 99
19 100
19 66
19 68
20 101
20 115
20 102
20 116
20 72
20 103
20 74
20 117
20 104
20 121
20 77
20 82
20 84
20 85
20 33
20 34
20 89
20 90
20 92
20 39
20 118
20 43
20 44
20 45
20 122
20 108
20 46
20 48
20 49
20 50
20 111
20 54
20 56
20 98
20 126
20 60
20 63
20 64
20 65
20 127
20 67
20 68
21 115
21 102
21 69
21 70
21 71
21 72
21 73
21 74
21 75
21 79
21 80
21 81
21 82
21 84
21 26
21 27
21 29
21 86
21 31
21 32
21 106
21 88
21 107
21 36
21 90
21 39
21 118
21 40
21 119
21 93
21 43
21 44
21 45
21 108
21 94
21 48
21 110
21 50
21 111
21 112
21 53
21 54
21 97
21 58
21 113
21 123
21 61
21 62
21 64
21 65
21 67
21 68
22 102
22 69
22 70
22 71
22 73
22 76
22 117
22 78
22 81
22 82
22 25
22 84
22 105
22 29
22 85
22 33
22 106
22 87
22 88
22 89
22 107
22 91
22 92
22 40
22 44
22 45
22 122
22 125
22 109
22 96
22 46
22 49
22 50
22 52
22 54
22 55
22 57
22 58
22 126
22 59
22 123
22 61
22 120
22 63
22 64
22 99
22 127
23 101
23 69
23 71
23 103
23 73
23 76
23 121
23 80
23 81
23 82
23 24
23 25
23 83
23 84
23 26
23 105
23 29
23 85
23 30
23 86
23 31
23 33
23 106
23 87
23 35
23 89
23 36
23 90
23 37
23 91
23 92
23 118
23 40
23 93
23 44
23 122
23 94
23 95
23 46
23 47
23 48
23 110
23 49
23 111
23 52
23 54
23 97
23 55
23 57
23 98
23 126
23 113
23 60
23 61
23 64
23 65
23 99
23 100
23 67
23 68
24 102
24 116
24 71
24 73
24 74
24 76
24 121
24 77
24 81
24 82
24 105
24 27
24 28
24 29
24 85
24 86
24 32
24 33
24 106
24 35
24 107
24 36
24 90
24 91
24 39
24 118
24 40
24 41
24 43
24 125
24 108
24 94
24 48
24 110
24 49
24 50
24 51
24 112
24 97
24 55
24 56
24 57
24 98
24 113
24 59
24 60
24 123
24 61
24 120
24 124
24 62
24 65
24 99
24 100
25 69
25 70
25 103
25 104
25 121
25 77
25 78
25 79
25 82
25 83
25 28
25 85
25 30
25 86
25 31
25 33
25 106
25 34
25 89
25 107
25 36
25 38
25 40
25 41
25 42
25 43
25 44
25 122
25 108
25 109
25 46
25 48
25 110
25 50
25 52
25 112
25 97
25 126
25 113
25 123
25 124
25 63
25 64
25 99
25 127
25 66
25 67
25 68
26 115
26 116
26 70
26 74
26 104
26 79
26 80
26 81
26 105
26 29
26 30
26 32
26 33
26 106
26 87
26 90
26 92
26 119
26 41
26 42
26 43
26 44
26 122
26 96
26 110
26 50
26 52
26 53
26 54
26 97
26 98
26 58
26 59
26 60
26 123
26 61
26 120
26 124
26 62
26 99
26 100
26 66
26 67
26 68
27 101
27 69
27 103
27 73
27 104
27 77
27 82
27 86
27 32
27 87
27 88
27 91
27 38
27 39
27 118
27 41
27 45
27 122
27 95
27 96
27 111
27 51
27 52
27 112
27 54
27 97
27 56
27 98
27 126
27 59
27 60
27 123
27 124
27 62
27 63
27 65
27 127
27 67
27 114
27 64
27 68
27 116
27 119
27 81
27 94
27 80
27 79
28 101
28 115
28 116
28 69
28 70
28 71
28 75
28 104
28 121
28 77
28 78
28 81
28 83
28 84
28 85
28 30
28 86
28 32
28 106
28 87
28 107
28 90
28 40
28 41
28 42
28 44
28 45
28 94
28 95
28 48
28 110
28 50
28 111
28 52
28 53
28 55
28 56
28 58
28 123
28 61
28 63
28 64
28 66
28 67
28 114
29 101
29 115
29 102
29 116
29 70
29 72
29 73
29 74
29 117
29 104
29 121
29 77
29 78
29 79
29 83
29 85
29 30
29 86
29 31
29 32
29 33
29 87
29 89
29 36
29 90
29 38
29 39
29 40
29 119
29 41
29 42
29 93
29 44
29 122
29 125
29 94
29 109
29 46
29 48
29 49
29 111
29 51
29 52
29 53
29 55
29 57
29 126
29 113
29 59
29 123
29 124
29 127
29 100
29 66
29 67
29 68
30 101
30 102
30 116
30 69
30 70
30 71
30 103
30 73
30 76
30 121
30 77
30 78
30 79
30 80
30 84
30 105
30 85
30 86
30 33
30 34
30 87
30 35
30 37
30 92
30 39
30 118
30 40
30 41
30 43
30 44
30 122
30 125
30 108
30 109
30 95
30 96
30 49
30 50
30 112
30 54
30 55
30 57
30 98
30 126
30 59
30 60
30 61
30 62
30 65
30 99
30 127
30 100
30 66
30 67
30 68
31 101
31 102
31 71
31 73
31 74
31 117
31 121
31 78
31 84
31 86
31 106
31 88
31 107
31 36
31 92
31 39
31 118
31 41
31 108
31 46
31 47
31 50
31 51
31 53
31 56
31 57
31 58
31 126
31 113
31 123
31 61
31 120
31 124
31 66
31 67
31 68
32 101
32 115
32 102
32 69
32 70
32 72
32 75
32 76
32 104
32 121
32 79
32 82
32 83
32 84
32 86
32 34
32 37
32 118
32 41
32 42
32 93
32 44
32 122
32 125
32 94
32 46
32 48
32 110
32 49
32 52
32 54
32 56
32 57
32 98
32 58
32 113
32 60
32 124
32 65
32 100
32 66
32 67
32 68
33 115
33 116
33 69
33 70
33 103
33 74
33 117
33 104
33 121
33 82
33 83
33 84
33 85
33 86
33 106
33 34
33 88
33 89
33 92
33 38
33 118
33 41
33 43
33 44
33 122
33 125
33 110
33 49
33 50
33 112
33 54
33 55
33 56
33 57
33 126
33 113
33 123
33 124
33 65
33 99
33 67
33 114
34 115
34 102
34 71
34 73
34 75
34 76
34 117
34 104
34 77
34 79
34 80
34 81
34 82
34 83
34 105
34 85
34 106
34 35
34 88
34 89
34 36
34 39
34 118
34 119
34 41
34 42
34 122
34 109
34 95
34 96
34 46
34 48
34 110
34 49
34 51
34 52
34 53
34 54
34 55
34 57
34 98
34 58
34 113
34 123
34 61
34 120
34 62
34 63
34 64
34 65
34 99
34 66
34 67
34 68
34 114
35 101
35 102
35 72
35 103
35 74
35 75
35 79
35 83
35 85
35 87
35 88
35 89
35 107
35 36
35 90
35 92
35 38
35 118
35 40
35 41
35 42
35 93
35 43
35 45
35 122
35 94
35 46
35 110
35 49
35 50
35 53
35 54
35 97
35 55
35 57
35 98
35 58
35 60
35 62
35 127
35 66
35 68
35 114
36 101
36 102
36 69
36 71
36 103
36 73
36 76
36 121
36 77
36 79
36 80
36 82
36 85
36 86
36 106
36 87
36 90
36 37
36 38
36 40
36 43
36 44
36 45
36 108
36 94
36 96
36 46
36 47
36 49
36 50
36 111
36 52
36 112
36 55
36 56
36 57
36 58
36 126
36 113
36 123
36 127
36 66
36 67
36 68
37 115
37 102
37 116
37 69
37 103
37 75
37 76
37 117
37 121
37 77
37 79
37 80
37 82
37 84
37 105
37 85
37 86
37 87
37 88
37 89
37 90
37 91
37 38
37 119
37 93
37 43
37 45
37 125
37 108
37 94
37 95
37 96
37 46
37 47
37 49
37 52
37 112
37 53
37 55
37 56
37 59
37 120
37 100
38 101
38 115
38 70
38 71
38 103
38 75
38 76
38 117
38 104
38 121
38 77
38 81
38 85
38 87
38 89
38 107
38 90
38 91
38 92
38 41
38 93
38 43
38 45
38 122
38 125
38 50
38 111
38 52
38 97
38 55
38 126
38 59
38 123
38 61
38 120
38 124
38 64
38 65
38 99
38 100
38 66
38 114
39 115
39 116
39 72
39 74
39 76
39 121
39 77
39 78
39 79
39 80
39 81
39 82
39 84
39 85
39 87
39 88
39 90
39 91
39 92
39 118
39 40
39 119
39 42
39 93
39 44
39 122
39 94
39 95
39 110
39 49
39 112
39 97
39 55
39 56
39 57
39 98
39 59
39 60
39 123
39 61
39 120
39 124
39 62
39 64
39 100
39 67
39 68
39 114
39 69
40 101
40 102
40 116
40 70
40 103
40 74
40 75
40 104
40 77
40 80
40 82
40 83
40 105
40 85
40 106
40 87
40 88
40 89
40 107
40 119
40 93
40 45
40 122
40 125
40 108
40 109
40 95
40 111
40 54
40 56
40 57
40 98
40 58
40 126
40 59
40 120
40 124
40 62
40 99
40 66
40 68
40 114
41 115
41 102
41 116
41 71
41 73
41 117
41 121
41 77
41 83
41 106
41 91
41 119
41 42
41 93
41 45
41 125
41 108
41 109
41 96
41 47
41 110
41 49
41 111
41 51
41 54
41 97
41 55
41 56
41 57
41 113
41 59
41 123
41 99
41 127
41 100
41 66
41 68
41 114
42 102
42 116
42 71
42 72
42 103
42 104
42 79
42 80
42 82
42 83
42 84
42 106
42 88
42 107
42 91
42 92
42 119
42 93
42 43
42 45
42 122
42 125
42 94
42 109
42 95
42 96
42 48
42 110
42 50
42 111
42 53
42 56
42 58
42 126
42 60
42 120
42 124
42 62
42 99
42 100
42 66
43 116
43 69
43 71
43 74
43 76
43 117
43 104
43 121
43 80
43 83
43 84
43 85
43 106
43 88
43 89
43 91
43 93
43 44
43 45
43 108
43 96
43 46
43 48
43 110
43 49
43 112
43 54
43 56
43 57
43 126
43 59
43 60
43 124
43 63
43 64
43 67
43 68
44 69
44 71
44 73
44 104
44 121
44 80
44 81
44 84
44 85
44 87
44 88
44 118
44 94
44 95
44 96
44 46
44 47
44 51
44 54
44 55
44 56
44 58
44 126
44 113
44 120
44 64
44 65
44 99
44 100
44 66
44 68
44 114
45 116
45 70
45 74
45 76
45 77
45 78
45 81
45 105
45 87
45 107
45 91
45 118
45 119
45 122
45 125
45 108
45 109
45 46
45 47
45 111
45 52
45 54
45 55
45 56
45 57
45 98
45 59
45 120
45 64
45 67
46 102
46 116
46 69
46 72
46 103
46 75
46 76
46 117
46 121
46 77
46 79
46 80
46 106
46 87
46 107
46 93
46 122
46 125
46 108
46 109
46 110
46 49
46 51
46 112
46 56
46 57
46 58
46 113
46 59
46 60
46 123
46 61
46 120
46 63
46 100
46 66
46 68
47 115
47 102
47 116
47 70
47 103
47 74
47 75
47 104
47 121
47 77
47 78
47 79
47 81
47 83
47 84
47 105
47 106
47 87
47 89
47 118
47 119
47 122
47 109
47 48
47 110
47 112
47 53
47 54
47 55
47 98
47 60
47 123
47 62
47 64
47 65
47 100
47 67
48 101
48 102
48 69
48 70
48 71
48 117
48 77
48 81
48 82
48 87
48 107
48 90
48 118
48 122
48 125
48 94
48 95
48 110
48 50
48 111
48 51
48 57
48 98
48 58
48 59
48 61
48 120
48 63
48 64
48 65
48 99
48 127
48 100
48 67
48 68
49 101
49 115
49 102
49 116
49 70
49 71
49 103
49 73
49 76
49 117
49 121
49 77
49 78
49 83
49 85
49 89
49 107
49 91
49 92
49 118
49 108
49 94
49 110
49 50
49 51
49 53
49 55
49 56
49 57
49 98
49 126
49 59
49 123
49 61
49 120
49 124
49 64
49 65
49 99
49 127
49 100
49 66
49 67
49 114
50 101
50 102
50 70
50 71
50 103
50 73
50 74
50 117
50 104
50 77
50 80
50 83
50 84
50 86
50 106
50 87
50 88
50 89
50 91
50 92
50 93
50 125
50 108
50 94
50 109
50 96
50 111
50 51
50 52
50 112
50 97
50 57
50 98
50 58
50 60
50 61
50 120
50 62
50 64
50 127
50 66
50 114
51 115
51 102
51 69
51 72
51 74
51 76
51 104
51 121
51 78
51 105
51 106
51 87
51 91
51 93
51 108
51 96
51 110
51 111
51 112
51 56
51 58
51 59
51 120
51 62
51 65
51 99
51 127
51 100
51 114
52 101
52 115
52 102
52 69
52 70
52 71
52 72
52 103
52 77
52 78
52 81
52 83
52 84
52 105
52 106
52 87
52 88
52 89
52 90
52 92
52 119
52 122
52 125
52 109
52 95
52 110
52 112
52 56
52 98
52 126
52 113
52 59
52 123
52 120
52 62
52 63
52 100
52 67
53 101
53 115
53 70
53 75
53 76
53 117
53 121
53 77
53 78
53 79
53 80
53 105
53 86
53 106
53 87
53 88
53 89
53 118
53 122
53 125
53 108
53 95
53 96
53 110
53 111
53 112
53 54
53 56
53 60
53 61
53 99
53 127
53 100
53 66
54 101
54 115
54 102
54 71
54 72
54 74
54 75
54 104
54 121
54 79
54 81
54 82
54 84
54 86
54 88
54 89
54 90
54 118
54 119
54 95
54 96
54 57
54 98
54 126
54 59
54 60
54 63
54 64
54 66
54 68
54 114
55 101
55 73
55 117
55 104
55 121
55 78
55 80
55 89
55 107
55 91
55 118
55 119
55 93
55 109
55 96
55 111
55 56
55 57
55 98
55 58
55 126
55 113
55 59
55 60
55 61
55 124
55 62
55 63
55 66
55 67
56 101
56 115
56 102
56 116
56 76
56 117
56 104
56 121
56 78
56 79
56 82
56 105
56 85
56 106
56 87
56 88
56 90
56 92
56 118
56 93
56 125
56 94
56 95
56 96
56 110
56 111
56 112
56 57
56 58
56 126
56 113
56 59
56 123
56 61
56 62
56 64
56 65
56 99
56 127
56 67
56 68
56 114
57 115
57 102
57 72
57 117
57 121
57 78
57 79
57 82
57 105
57 106
57 87
57 107
57 90
57 92
57 93
57 125
57 108
57 95
57 96
57 110
57 58
57 126
57 113
57 123
57 120
57 62
57 63
57 64
57 99
57 127
57 66
57 114
58 115
58 102
58 116
58 72
58 103
58 73
58 74
58 75
58 117
58 104
58 121
58 79
58 81
58 82
58 83
58 84
58 85
58 87
58 90
58 92
58 118
58 122
58 125
58 109
58 95
58 111
58 112
58 97
58 113
58 59
58 60
58 120
58 124
58 62
58 64
58 67
58 68
58 114
59 101
59 115
59 102
59 69
59 70
59 71
59 74
59 75
59 117
59 121
59 77
59 80
59 82
59 105
59 85
59 106
59 89
59 90
59 91
59 119
59 108
59 94
59 109
59 95
59 96
59 126
59 60
59 123
59 62
59 64
59 65
59 99
59 114
60 115
60 69
60 71
60 72
60 74
60 76
60 104
60 81
60 83
60 85
60 106
60 87
60 88
60 107
60 91
60 92
60 119
60 93
60 122
60 109
60 95
60 96
60 110
60 98
60 113
60 61
60 120
60 64
60 127
60 114
61 101
61 102
61 69
61 70
61 72
61 103
61 75
61 76
61 104
61 77
61 80
61 83
61 105
61 85
61 86
61 88
61 89
61 107
61 90
61 91
61 122
61 109
61 95
61 96
61 110
61 111
61 98
61 120
61 124
61 62
61 63
61 65
61 99
61 127
61 100
61 66
61 68
61 114
62 102
62 116
62 72
62 103
62 73
62 104
62 121
62 77
62 80
62 83
62 84
62 88
62 89
62 90
62 92
62 119
62 122
62 125
62 108
62 94
62 109
62 95
62 96
62 110
62 111
62 97
62 98
62 123
62 63
62 64
62 99
62 68
62 112
62 81
62 69
62 79
63 70
63 103
63 73
63 74
63 76
63 77
63 78
63 81
63 84
63 86
63 106
63 88
63 89
63 107
63 90
63 118
63 119
63 108
63 94
63 109
63 95
63 110
63 112
63 97
63 126
63 113
63 123
63 64
63 65
63 100
63 66
63 67
64 101
64 115
64 102
64 116
64 72
64 103
64 73
64 74
64 75
64 76
64 117
64 104
64 79
64 80
64 81
64 82
64 84
64 85
64 86
64 106
64 87
64 89
64 91
64 92
64 118
64 119
64 93
64 125
64 108
64 95
64 110
64 111
64 112
64 97
64 126
64 113
64 123
64 120
64 65
64 100
64 66
64 67
64 68
64 114
64 69
64 94
65 115
65 116
65 70
65 72
65 73
65 74
65 75
65 121
65 77
65 78
65 79
65 80
65 81
65 84
65 85
65 86
65 106
65 87
65 89
65 90
65 108
65 109
65 110
65 111
65 123
65 99
65 127
65 66
65 114
66 101
66 116
66 70
66 103
66 74
66 75
66 117
66 104
66 121
66 77
66 79
66 80
66 83
66 84
66 85
66 86
66 87
66 89
66 90
66 92
66 118
66 108
66 94
66 95
66 111
66 126
66 113
66 124
66 99
66 127
66 114
67 101
67 102
67 70
67 72
67 103
67 73
67 75
67 76
67 117
67 77
67 78
67 79
67 81
67 82
67 83
67 84
67 85
67 86
67 89
67 107
67 118
67 119
67 125
67 108
67 109
67 96
67 126
67 113
67 123
67 120
67 99
68 115
68 116
68 69
68 70
68 73
68 74
68 117
68 104
68 121
68 77
68 81
68 82
68 84
68 85
68 86
68 88
68 107
68 90
68 92
68 119
68 93
68 122
68 125
68 108
68 94
68 95
68 96
68 110
68 111
68 97
68 98
68 126
68 123
68 99
68 127
68 100
68 114
68 112
68 80
68 79
69 71
69 72
69 73
69 75
69 104
69 77
69 82
69 84
69 105
69 106
69 87
69 88
69 89
69 107
69 90
69 92
69 118
69 108
69 94
69 110
69 111
69 97
69 126
69 120
69 95
69 116
69 119
69 112
69 81
69 80
69 79
70 102
70 73
70 74
70 104
70 121
70 105
70 88
70 89
70 90
70 122
70 95
70 97
70 120
70 127
70 75
70 117
70 79
70 81
70 91
70 94
70 109
70 96
70 112
70 113
70 99
71 101
71 102
71 115
71 116
71 103
71 73
71 74
71 75
71 117
71 104
71 77
71 78
71 79
71 80
71 82
71 83
71 84
71 85
71 86
71 89
71 107
71 90
71 91
71 119
71 109
71 96
71 110
71 111
71 112
71 98
71 126
71 113
71 127
72 101
72 74
72 76
72 117
72 121
72 79
72 81
72 84
72 87
72 88
72 89
72 92
72 118
72 93
72 125
72 108
72 95
72 96
72 111
72 112
72 97
72 98
72 126
72 120
72 100
73 101
73 102
73 115
73 103
73 76
73 117
73 77
73 78
73 84
73 85
73 106
73 87
73 88
73 90
73 91
73 122
73 95
73 96
73 111
73 97
73 98
73 113
73 120
73 99
73 127
73 100
74 101
74 102
74 115
74 77
74 81
74 82
74 83
74 84
74 105
74 85
74 87
74 88
74 89
74 92
74 118
74 110
74 98
74 126
74 123
74 124
74 99
74 114
75 76
75 121
75 78
75 88
75 98
75 124
75 114
75 115
75 103
75 79
75 83
75 85
75 87
75 91
75 118
75 93
75 125
75 96
75 111
75 113
75 99
76 101
76 102
76 115
76 103
76 121
76 78
76 79
76 82
76 84
76 107
76 91
76 92
76 118
76 122
76 94
76 109
76 96
76 110
76 111
76 112
76 97
76 113
76 123
76 120
76 124
76 99
76 100
76 114
77 104
77 78
77 80
77 82
77 86
77 88
77 89
77 107
77 90
77 92
77 122
77 97
77 120
77 116
77 103
77 81
77 85
77 93
77 125
77 94
77 96
77 110
77 111
77 112
77 126
77 113
77 99
78 101
78 102
78 104
78 115
78 103
78 117
78 83
78 105
78 86
78 106
78 87
78 88
78 89
78 92
78 125
78 95
78 112
78 97
78 126
78 120
78 124
78 99
79 102
79 121
79 80
79 105
79 89
79 90
79 119
79 95
79 120
79 127
79 115
79 116
79 117
79 81
79 83
79 106
79 108
79 94
79 126
79 123
79 99
79 97
79 112
80 101
80 102
80 104
80 121
80 115
80 117
80 106
80 87
80 89
80 107
80 91
80 118
80 119
80 112
80 98
80 123
80 124
80 99
80 114
80 97
80 95
80 116
80 81
80 94
81 121
81 105
81 86
81 107
81 90
81 92
81 95
81 124
81 127
81 100
81 115
81 103
81 117
81 84
81 106
81 108
81 96
81 113
81 99
81 97
81 116
81 119
81 112
81 94
82 101
82 102
82 104
82 121
82 103
82 89
82 107
82 90
82 91
82 92
82 93
82 122
82 109
82 112
82 126
82 113
82 124
82 114
83 102
83 104
83 121
83 88
83 89
83 107
83 122
83 95
83 120
83 124
83 100
83 114
83 115
83 116
83 117
83 84
83 106
83 91
83 125
83 108
83 94
83 109
83 111
83 126
83 99
84 102
84 105
84 88
84 92
84 122
84 95
84 98
84 120
84 114
84 115
84 116
84 117
84 106
84 91
84 118
84 93
84 94
84 110
84 126
85 102
85 104
85 105
85 86
85 88
85 89
85 92
85 119
85 95
85 120
85 124
85 127
85 114
85 115
85 117
85 93
85 125
85 108
85 94
85 110
85 126
86 101
86 105
86 115
86 87
86 89
86 91
86 92
86 118
86 119
86 94
86 109
86 98
86 126
86 123
86 124
86 99
86 114
87 102
87 104
87 88
87 89
87 119
87 122
87 120
87 124
87 115
87 117
87 106
87 109
87 112
87 126
87 99
88 101
88 102
88 104
88 105
88 116
88 89
88 118
88 93
88 122
88 111
88 112
88 113
88 99
88 100
89 101
89 102
89 121
89 116
89 103
89 117
89 106
89 107
89 91
89 119
89 93
89 122
89 96
89 110
89 97
89 98
89 123
90 101
90 121
90 105
90 115
90 106
90 91
90 108
90 94
90 109
90 95
90 111
90 97
90 98
90 113
90 123
90 99
90 127
91 104
91 105
91 92
91 119
91 122
91 95
91 97
91 98
91 127
91 114
91 115
91 116
91 117
91 93
91 125
91 108
91 109
91 123
92 101
92 102
92 105
92 116
92 118
92 93
92 122
92 125
92 109
92 112
92 97
92 113
92 124
92 127
92 100
93 102
93 121
93 119
93 122
93 124
93 100
93 115
93 103
93 117
93 118
93 125
93 110
93 112
93 126
93 113
93 123
94 102
94 104
94 121
94 105
94 97
94 124
94 115
94 103
94 106
94 118
94 109
94 96
94 110
94 99
94 95
94 116
94 119
94 112
95 101
95 104
95 107
95 119
95 116
95 117
95 125
95 108
95 111
95 97
95 98
95 126
95 113
95 123
95 120
95 124
95 114
95 112
96 104
96 121
96 105
96 107
96 97
96 127
96 115
96 116
96 106
96 108
96 110
96 111
96 123
96 99
97 101
97 102
97 104
97 121
97 105
97 107
97 119
97 122
97 116
97 103
97 117
97 106
97 118
97 108
97 109
97 111
97 112
97 113
97 123
97 100
98 101
98 102
98 105
98 119
98 116
98 103
98 117
98 106
98 118
98 108
98 110
98 111
98 112
98 113
98 120
98 124
98 99
98 127
98 114
99 104
99 121
99 105
99 107
99 120
99 124
99 116
99 103
99 106
99 108
99 110
99 111
99 112
99 113
100 101
100 104
100 121
100 107
100 122
100 120
100 127
100 115
100 116
100 103
100 118
100 125
100 108
100 111
100 113
100 114
101 102
101 104
101 121
101 105
101 107
101 119
101 122
101 120
101 124
101 127
101 114
102 115
102 116
102 121
102 106
102 107
102 118
102 109
102 110
102 111
102 126
102 113
102 120
102 127
103 105
103 107
103 119
103 122
103 127
103 115
103 116
103 117
103 118
103 109
103 110
103 123
104 115
104 117
104 121
104 106
104 107
104 122
104 125
104 109
104 110
104 111
105 121
105 117
105 107
105 122
105 108
105 126
105 113
105 123
105 127
106 107
106 119
106 122
106 114
106 116
106 118
106 112
106 126
107 121
107 116
107 117
107 118
107 119
107 125
107 108
107 110
107 111
107 126
107 113
107 120
107 124
108 119
108 122
108 114
108 116
108 117
108 118
108 125
108 123
108 111
108 126
109 119
109 122
109 120
109 124
109 127
109 115
109 110
109 111
109 112
109 123
110 119
110 122
110 120
110 114
110 116
110 118
110 125
110 112
110 111
110 126
110 113
111 120
111 127
111 117
111 118
111 123
111 126
112 122
112 120
112 124
112 115
112 116
112 125
112 119
113 119
113 122
113 124
113 127
113 114
113 118
113 125
113 126
114 121
114 120
114 124
114 127
114 115
114 116
114 117
114 118
114 125
114 126
114 123
115 121
115 122
115 124
115 127
115 116
115 117
115 118
115 125
115 123
116 119
116 122
116 120
116 124
116 127
116 117
116 118
116 126
117 119
117 122
117 120
117 124
117 118
117 126
118 121
118 119
118 120
118 127
118 125
118 126
119 121
119 126
120 126
120 123
120 127
121 122
121 125
121 123
121 127
122 123
122 124
123 127
123 126
124 125
124 127
126 127
