0 1
0 2
0 3
0 4
0 5
0 6
0 7
0 8
0 9
0 10
0 11
0 12
0 13
0 14
0 15
0 16
0 17
0 18
0 19
0 20
0 21
0 22
0 23
0 25
0 26
0 27
0 28
0 29
0 30
0 31
0 32
0 33
0 34
0 35
0 36
0 37
0 38
0 39
0 40
0 41
0 42
0 43
0 44
0 45
0 47
0 48
0 49
0 50
0 51
0 52
0 53
0 54
0 55
0 56
0 57
0 58
0 59
0 60
0 61
0 62
1 63
1 64
1 2
1 65
1 66
1 67
1 7
1 68
1 10
1 11
1 13
1 14
1 15
1 17
1 69
1 70
1 71
1 23
1 72
1 73
1 74
1 75
1 76
1 27
1 28
1 77
1 78
1 79
1 29
1 30
1 80
1 32
1 34
1 81
1 35
1 36
1 38
1 82
1 83
1 41
1 84
1 85
1 43
1 44
1 86
1 45
1 87
1 88
1 46
1 89
1 90
1 48
1 49
1 91
1 50
1 92
1 93
1 52
1 53
1 94
1 95
1 96
1 97
1 55
1 98
1 57
1 58
1 59
1 62
2 63
2 64
2 65
2 66
2 3
2 6
2 10
2 11
2 14
2 99
2 15
2 100
2 69
2 19
2 101
2 71
2 20
2 22
2 23
2 24
2 74
2 25
2 76
2 77
2 78
2 30
2 31
2 33
2 34
2 81
2 35
2 102
2 103
2 82
2 39
2 40
2 104
2 41
2 85
2 43
2 105
2 46
2 89
2 90
2 49
2 50
2 92
2 52
2 97
2 106
2 107
2 55
2 56
2 108
2 58
2 109
2 62
3 64
3 66
3 5
3 67
3 8
3 68
3 11
3 110
3 12
3 99
3 15
3 111
3 100
3 69
3 19
3 101
3 20
3 112
3 21
3 22
3 72
3 73
3 24
3 74
3 76
3 27
3 28
3 77
3 113
3 114
3 33
3 115
3 116
3 117
3 36
3 37
3 82
3 83
3 104
3 85
3 43
3 118
3 45
3 119
3 87
3 90
3 48
3 49
3 50
3 92
3 93
3 51
3 96
3 106
3 98
3 57
3 108
3 59
3 61
4 65
4 6
4 120
4 8
4 9
4 110
4 12
4 16
4 111
4 100
4 69
4 71
4 20
4 112
4 121
4 21
4 23
4 74
4 75
4 26
4 76
4 28
4 78
4 79
4 122
4 114
4 30
4 80
4 33
4 102
4 82
4 40
4 43
4 44
4 118
4 86
4 105
4 89
4 90
4 91
4 51
4 94
4 95
4 97
4 106
4 107
4 54
4 55
4 98
4 123
4 108
4 59
4 60
5 64
5 65
5 6
5 120
5 8
5 9
5 10
5 110
5 12
5 13
5 99
5 15
5 17
5 100
5 69
5 24
5 74
5 25
5 26
5 27
5 77
5 78
5 113
5 122
5 114
5 124
5 30
5 125
5 33
5 115
5 81
5 117
5 38
5 40
5 41
5 42
5 43
5 118
5 126
5 45
5 88
5 89
5 90
5 48
5 91
5 50
5 52
5 53
5 94
5 95
5 106
5 98
5 123
5 56
5 109
5 60
5 62
6 66
6 67
6 120
6 68
6 9
6 11
6 12
6 13
6 99
6 111
6 17
6 100
6 19
6 70
6 71
6 20
6 121
6 21
6 22
6 23
6 73
6 74
6 25
6 28
6 78
6 113
6 122
6 114
6 80
6 125
6 32
6 33
6 116
6 36
6 39
6 41
6 42
6 85
6 43
6 45
6 87
6 46
6 91
6 52
6 53
6 95
6 96
6 97
6 107
6 54
6 56
6 57
6 59
6 62
7 65
7 127
7 68
7 10
7 110
7 16
7 17
7 100
7 69
7 20
7 112
7 121
7 22
7 23
7 24
7 26
7 28
7 77
7 78
7 122
7 29
7 114
7 124
7 32
7 33
7 81
7 117
7 35
7 36
7 37
7 82
7 104
7 41
7 85
7 43
7 44
7 118
7 86
7 88
7 105
7 90
7 49
7 50
7 92
7 93
7 95
7 96
7 97
7 106
7 107
7 54
7 123
7 56
7 109
7 59
7 60
7 111
7 46
7 102
7 125
7 84
8 64
8 127
8 120
8 9
8 14
8 99
8 15
8 16
8 17
8 69
8 101
8 70
8 71
8 112
8 22
8 72
8 24
8 75
8 25
8 26
8 76
8 27
8 29
8 124
8 30
8 80
8 31
8 32
8 115
8 103
8 38
8 82
8 39
8 40
8 104
8 84
8 85
8 43
8 118
8 126
8 105
8 46
8 90
8 48
8 91
8 50
8 92
8 51
8 53
8 95
8 97
8 107
8 98
8 123
8 58
8 61
9 64
9 66
9 120
9 11
9 12
9 13
9 99
9 17
9 100
9 19
9 101
9 71
9 20
9 112
9 121
9 23
9 73
9 24
9 25
9 76
9 28
9 77
9 78
9 113
9 29
9 125
9 32
9 33
9 115
9 116
9 81
9 117
9 35
9 36
9 103
9 38
9 82
9 39
9 42
9 84
9 85
9 43
9 44
9 126
9 45
9 119
9 87
9 88
9 105
9 90
9 47
9 48
9 49
9 52
9 53
9 94
9 96
9 97
9 106
9 107
9 98
9 56
9 62
10 64
10 68
10 99
10 16
10 100
10 101
10 112
10 121
10 21
10 22
10 23
10 75
10 28
10 79
10 114
10 30
10 31
10 125
10 32
10 115
10 116
10 81
10 117
10 35
10 103
10 38
10 41
10 42
10 84
10 44
10 118
10 86
10 45
10 88
10 90
10 48
10 92
10 96
10 55
10 98
10 56
10 57
10 58
10 59
10 61
11 64
11 65
11 66
11 67
11 120
11 110
11 12
11 111
11 101
11 71
11 112
11 121
11 23
11 73
11 26
11 76
11 28
11 122
11 30
11 32
11 34
11 116
11 81
11 117
11 35
11 36
11 38
11 82
11 39
11 104
11 84
11 43
11 44
11 45
11 87
11 88
11 105
11 90
11 48
11 91
11 93
11 51
11 52
11 53
11 95
11 96
11 106
11 107
11 54
11 123
11 57
11 58
11 61
12 127
12 66
12 120
12 68
12 13
12 14
12 99
12 15
12 16
12 100
12 18
12 69
12 71
12 20
12 112
12 121
12 21
12 23
12 73
12 24
12 75
12 26
12 28
12 78
12 113
12 29
12 114
12 124
12 30
12 32
12 116
12 117
12 36
12 103
12 37
12 39
12 104
12 41
12 84
12 44
12 118
12 86
12 126
12 119
12 88
12 105
12 89
12 90
12 49
12 50
12 92
12 53
12 94
12 95
12 106
12 54
12 108
12 58
13 63
13 64
13 127
13 66
13 67
13 120
13 68
13 14
13 99
13 15
13 16
13 111
13 17
13 100
13 101
13 20
13 22
13 23
13 73
13 24
13 25
13 26
13 76
13 77
13 78
13 79
13 122
13 29
13 124
13 30
13 80
13 31
13 33
13 115
13 34
13 117
13 36
13 102
13 38
13 82
13 40
13 41
13 42
13 44
13 118
13 86
13 126
13 105
13 49
13 91
13 50
13 92
13 51
13 52
13 53
13 96
13 107
13 54
13 98
13 123
13 57
13 62
14 64
14 66
14 68
14 110
14 15
14 16
14 111
14 100
14 70
14 71
14 121
14 23
14 24
14 74
14 75
14 25
14 27
14 77
14 113
14 124
14 80
14 34
14 117
14 35
14 36
14 102
14 103
14 38
14 39
14 40
14 41
14 42
14 85
14 43
14 86
14 45
14 119
14 87
14 88
14 90
14 48
14 92
14 51
14 52
14 53
14 94
14 106
14 54
14 55
14 109
14 59
14 60
14 62
15 64
15 120
15 68
15 17
15 18
15 69
15 70
15 20
15 21
15 22
15 23
15 72
15 75
15 25
15 76
15 77
15 113
15 29
15 124
15 30
15 33
15 115
15 34
15 35
15 102
15 37
15 86
15 45
15 119
15 89
15 47
15 48
15 49
15 93
15 51
15 52
15 94
15 95
15 97
15 107
15 54
15 55
15 123
15 56
15 109
16 64
16 127
16 99
16 111
16 17
16 100
16 18
16 101
16 20
16 112
16 21
16 23
16 73
16 24
16 26
16 76
16 77
16 78
16 113
16 79
16 122
16 114
16 124
16 31
16 116
16 81
16 117
16 35
16 36
16 102
16 103
16 38
16 82
16 83
16 39
16 40
16 104
16 41
16 84
16 85
16 44
16 118
16 86
16 45
16 87
16 88
16 105
16 47
16 49
16 50
16 92
16 93
16 51
16 94
16 97
16 107
16 54
16 98
16 108
16 59
16 61
17 63
17 65
17 66
17 120
17 68
17 110
17 99
17 18
17 69
17 19
17 101
17 70
17 71
17 20
17 21
17 23
17 73
17 24
17 74
17 26
17 76
17 27
17 79
17 122
17 29
17 114
17 80
17 31
17 32
17 115
17 116
17 81
17 37
17 104
17 41
17 42
17 84
17 43
17 44
17 45
17 119
17 46
17 89
17 90
17 48
17 91
17 50
17 93
17 51
17 52
17 94
17 107
17 54
17 98
17 108
17 60
17 62
17 28
17 109
17 117
17 105
17 111
17 86
17 102
17 125
17 96
18 64
18 120
18 68
18 110
18 99
18 100
18 70
18 71
18 20
18 112
18 121
18 22
18 23
18 72
18 73
18 24
18 74
18 75
18 25
18 28
18 113
18 79
18 114
18 124
18 30
18 80
18 115
18 81
18 102
18 83
18 40
18 104
18 41
18 42
18 85
18 43
18 44
18 118
18 119
18 105
18 89
18 90
18 48
18 49
18 50
18 92
18 93
18 51
18 53
18 95
18 97
18 106
18 107
18 55
18 98
18 123
18 56
18 58
18 109
18 62
19 127
19 66
19 67
19 110
19 111
19 100
19 69
19 20
19 21
19 72
19 73
19 24
19 75
19 25
19 26
19 27
19 78
19 79
19 124
19 30
19 125
19 32
19 116
19 117
19 35
19 103
19 38
19 41
19 84
19 85
19 43
19 118
19 126
19 119
19 87
19 105
19 46
19 90
19 49
19 92
19 93
19 51
19 52
19 95
19 55
19 98
19 123
19 57
19 108
19 109
19 59
19 61
19 62
20 65
20 120
20 110
20 99
20 111
20 69
20 112
20 121
20 22
20 23
20 74
20 75
20 26
20 76
20 27
20 78
20 113
20 29
20 80
20 31
20 33
20 34
20 116
20 81
20 36
20 38
20 83
20 42
20 43
20 45
20 87
20 89
20 48
20 50
20 92
20 93
20 51
20 53
20 94
20 95
20 97
20 106
20 107
20 54
20 55
20 98
20 123
20 57
20 108
20 109
20 60
20 61
20 62
21 64
21 66
21 67
21 120
21 110
21 100
21 69
21 101
21 70
21 71
21 72
21 73
21 74
21 75
21 25
21 26
21 77
21 113
21 29
21 31
21 32
21 33
21 115
21 81
21 103
21 37
21 38
21 41
21 42
21 43
21 44
21 118
21 126
21 119
21 87
21 46
21 89
21 48
21 49
21 92
21 93
21 51
21 53
21 94
21 95
21 97
21 55
21 57
21 108
21 109
21 60
21 61
21 62
22 66
22 120
22 111
22 69
22 101
22 70
22 112
22 121
22 73
22 24
22 75
22 77
22 113
22 114
22 124
22 125
22 32
22 33
22 115
22 34
22 116
22 81
22 117
22 36
22 102
22 103
22 82
22 83
22 39
22 40
22 104
22 42
22 84
22 43
22 44
22 118
22 45
22 119
22 88
22 46
22 89
22 90
22 47
22 48
22 91
22 92
22 51
22 95
22 96
22 97
22 106
22 55
22 56
22 58
22 109
22 59
22 60
23 65
23 127
23 67
23 120
23 110
23 101
23 70
23 112
23 121
23 72
23 24
23 74
23 25
23 28
23 77
23 29
23 114
23 30
23 31
23 125
23 32
23 115
23 34
23 35
23 36
23 103
23 82
23 39
23 40
23 41
23 42
23 84
23 85
23 43
23 118
23 45
23 87
23 88
23 105
23 89
23 90
23 47
23 48
23 49
23 50
23 53
23 97
23 98
23 123
23 59
23 61
24 65
24 127
24 67
24 120
24 69
24 101
24 112
24 72
24 73
24 75
24 25
24 26
24 27
24 28
24 77
24 78
24 113
24 122
24 29
24 114
24 80
24 33
24 81
24 36
24 103
24 37
24 82
24 83
24 39
24 40
24 41
24 85
24 118
24 126
24 45
24 119
24 46
24 89
24 47
24 48
24 91
24 50
24 94
24 96
24 106
24 107
24 55
24 98
24 123
24 108
24 62
24 44
24 32
24 109
24 117
24 105
24 111
24 93
24 86
24 102
24 125
24 84
25 63
25 65
25 127
25 66
25 67
25 120
25 110
25 111
25 69
25 70
25 71
25 112
25 72
25 74
25 75
25 26
25 27
25 28
25 78
25 79
25 29
25 124
25 125
25 32
25 81
25 117
25 36
25 82
25 83
25 39
25 41
25 84
25 86
25 126
25 119
25 87
25 88
25 105
25 47
25 48
25 49
25 91
25 50
25 92
25 94
25 97
25 106
25 54
25 55
25 98
25 56
25 57
25 108
25 59
25 61
25 62
26 63
26 64
26 65
26 67
26 110
26 99
26 111
26 69
26 112
26 121
26 72
26 75
26 27
26 28
26 78
26 122
26 30
26 80
26 125
26 32
26 115
26 34
26 81
26 117
26 37
26 38
26 83
26 39
26 40
26 41
26 84
26 85
26 43
26 44
26 86
26 126
26 119
26 88
26 105
26 89
26 47
26 49
26 91
26 50
26 92
26 51
26 52
26 53
26 94
26 96
26 97
26 106
26 107
26 55
26 57
26 109
26 62
26 93
26 46
26 102
27 63
27 120
27 68
27 99
27 111
27 101
27 70
27 112
27 73
27 28
27 78
27 113
27 79
27 114
27 124
27 31
27 125
27 32
27 116
27 81
27 117
27 36
27 102
27 103
27 83
27 40
27 104
27 42
27 85
27 44
27 86
27 45
27 88
27 105
27 46
27 47
27 92
27 93
27 51
27 53
27 96
27 97
27 107
27 123
27 57
27 109
28 64
28 65
28 110
28 99
28 69
28 70
28 72
28 76
28 114
28 124
28 80
28 31
28 32
28 34
28 116
28 81
28 117
28 35
28 102
28 103
28 82
28 83
28 104
28 41
28 84
28 44
28 86
28 126
28 105
28 46
28 89
28 47
28 50
28 93
28 52
28 94
28 95
28 96
28 106
28 57
28 58
28 109
28 59
28 62
28 111
28 125
29 63
29 64
29 65
29 66
29 120
29 110
29 69
29 101
29 74
29 75
29 77
29 78
29 113
29 79
29 122
29 124
29 30
29 80
29 31
29 33
29 117
29 35
29 36
29 102
29 38
29 82
29 83
29 40
29 104
29 42
29 43
29 118
29 86
29 87
29 88
29 46
29 90
29 47
29 48
29 49
29 52
29 96
29 106
29 55
29 98
29 56
29 57
29 59
29 62
30 64
30 67
30 99
30 100
30 101
30 70
30 72
30 76
30 78
30 79
30 122
30 114
30 125
30 33
30 117
30 102
30 37
30 38
30 83
30 39
30 40
30 104
30 41
30 42
30 85
30 43
30 44
30 118
30 126
30 45
30 119
30 88
30 105
30 47
30 48
30 49
30 91
30 50
30 93
30 51
30 52
30 106
30 107
30 54
30 55
30 123
30 56
30 57
30 108
30 58
30 59
30 60
30 61
31 63
31 65
31 67
31 68
31 110
31 111
31 121
31 73
31 76
31 78
31 113
31 124
31 125
31 32
31 116
31 81
31 102
31 103
31 38
31 82
31 83
31 39
31 42
31 44
31 88
31 90
31 47
31 48
31 49
31 91
31 92
31 93
31 52
31 53
31 94
31 57
31 109
31 62
32 65
32 127
32 66
32 67
32 120
32 99
32 101
32 71
32 112
32 121
32 73
32 74
32 75
32 125
32 115
32 117
32 102
32 37
32 82
32 40
32 41
32 84
32 85
32 43
32 44
32 105
32 89
32 90
32 48
32 91
32 50
32 93
32 51
32 94
32 97
32 107
32 54
32 98
32 56
32 108
32 58
32 109
32 60
32 111
32 86
32 46
32 96
33 64
33 66
33 120
33 99
33 111
33 69
33 70
33 71
33 112
33 121
33 74
33 76
33 78
33 113
33 122
33 80
33 115
33 34
33 81
33 35
33 36
33 103
33 38
33 83
33 39
33 40
33 104
33 85
33 43
33 44
33 87
33 88
33 105
33 46
33 89
33 47
33 49
33 91
33 92
33 53
33 95
33 97
33 106
33 54
33 55
33 98
33 108
33 59
33 60
33 61
34 63
34 64
34 127
34 120
34 110
34 69
34 101
34 70
34 71
34 112
34 74
34 75
34 76
34 78
34 122
34 124
34 80
34 115
34 117
34 36
34 103
34 37
34 82
34 83
34 39
34 44
34 86
34 126
34 87
34 88
34 105
34 89
34 47
34 48
34 50
34 52
34 95
34 97
34 107
34 54
34 98
34 57
34 58
34 59
34 60
34 61
35 65
35 127
35 66
35 67
35 120
35 69
35 101
35 70
35 112
35 75
35 76
35 77
35 78
35 113
35 122
35 114
35 80
35 81
35 117
35 36
35 38
35 104
35 84
35 43
35 118
35 126
35 48
35 49
35 92
35 93
35 52
35 95
35 96
35 107
35 54
35 55
35 98
35 123
35 56
35 57
35 58
35 59
35 61
35 62
36 63
36 65
36 68
36 99
36 101
36 70
36 112
36 73
36 76
36 77
36 78
36 113
36 79
36 115
36 116
36 117
36 102
36 38
36 39
36 104
36 86
36 126
36 45
36 88
36 105
36 46
36 48
36 50
36 93
36 95
36 106
36 107
36 54
36 55
36 123
36 56
36 58
36 59
36 61
37 110
37 100
37 101
37 70
37 71
37 112
37 74
37 77
37 79
37 102
37 38
37 42
37 44
37 118
37 86
37 126
37 45
37 87
37 105
37 48
37 91
37 51
37 52
37 94
37 95
37 97
37 106
37 107
37 55
37 56
37 57
37 108
37 58
37 61
38 63
38 65
38 66
38 120
38 71
38 121
38 74
38 75
38 77
38 78
38 113
38 79
38 122
38 114
38 124
38 115
38 81
38 83
38 40
38 84
38 118
38 86
38 126
38 45
38 119
38 87
38 46
38 48
38 93
38 51
38 52
38 53
38 94
38 96
38 56
38 108
38 58
38 109
39 63
39 65
39 67
39 120
39 68
39 111
39 69
39 101
39 70
39 112
39 121
39 73
39 74
39 75
39 122
39 114
39 116
39 81
39 82
39 83
39 40
39 104
39 85
39 44
39 118
39 86
39 126
39 119
39 105
39 46
39 48
39 91
39 93
39 52
39 94
39 95
39 97
39 106
39 54
39 55
39 123
39 57
39 58
39 109
39 59
39 60
39 61
40 63
40 64
40 127
40 120
40 68
40 111
40 101
40 70
40 75
40 76
40 78
40 79
40 122
40 114
40 124
40 125
40 115
40 116
40 81
40 103
40 82
40 83
40 41
40 42
40 44
40 118
40 87
40 89
40 90
40 47
40 92
40 53
40 106
40 55
40 123
40 58
40 109
40 60
41 63
41 64
41 65
41 127
41 67
41 69
41 101
41 70
41 71
41 72
41 74
41 75
41 77
41 78
41 113
41 79
41 114
41 80
41 117
41 102
41 82
41 83
41 104
41 85
41 43
41 44
41 86
41 45
41 88
41 105
41 46
41 47
41 50
41 51
41 52
41 53
41 96
41 97
41 107
41 98
41 56
41 57
41 108
41 58
41 109
41 60
41 61
41 111
41 93
41 125
41 84
42 64
42 120
42 110
42 71
42 112
42 76
42 78
42 113
42 79
42 114
42 80
42 125
42 117
42 102
42 83
42 43
42 118
42 126
42 87
42 90
42 47
42 91
42 50
42 51
42 53
42 95
42 97
42 56
42 60
42 61
42 62
43 64
43 65
43 66
43 110
43 100
43 101
43 70
43 121
43 72
43 73
43 76
43 77
43 122
43 124
43 80
43 125
43 115
43 102
43 44
43 118
43 86
43 126
43 88
43 105
43 89
43 47
43 49
43 91
43 50
43 93
43 51
43 52
43 53
43 94
43 95
43 96
43 106
43 107
43 98
43 56
43 58
43 109
43 61
43 62
44 64
44 65
44 66
44 67
44 120
44 99
44 100
44 69
44 101
44 112
44 74
44 77
44 79
44 122
44 124
44 116
44 81
44 117
44 102
44 83
44 85
44 126
44 88
44 105
44 90
44 47
44 49
44 91
44 50
44 93
44 51
44 53
44 95
44 96
44 97
44 106
44 98
44 123
44 57
44 108
44 58
44 109
44 59
44 60
44 111
44 86
44 46
44 125
44 84
45 64
45 67
45 110
45 69
45 71
45 112
45 121
45 75
45 76
45 77
45 78
45 114
45 80
45 115
45 116
45 81
45 117
45 102
45 83
45 104
45 84
45 85
45 126
45 119
45 87
45 88
45 105
45 46
45 89
45 90
45 47
45 49
45 91
45 93
45 51
45 53
45 95
45 96
45 97
45 106
45 107
45 54
45 98
45 56
45 57
45 59
45 61
46 64
46 110
46 99
46 111
46 69
46 101
46 70
46 112
46 72
46 74
46 75
46 76
46 77
46 79
46 114
46 80
46 125
46 115
46 81
46 117
46 102
46 103
46 83
46 84
46 118
46 87
46 88
46 89
46 49
46 50
46 92
46 96
46 107
46 55
46 98
46 56
46 57
46 60
46 109
46 105
46 93
46 86
47 64
47 127
47 67
47 68
47 110
47 111
47 100
47 101
47 71
47 112
47 121
47 72
47 73
47 74
47 75
47 77
47 79
47 122
47 124
47 115
47 116
47 81
47 117
47 103
47 83
47 118
47 87
47 88
47 92
47 52
47 95
47 96
47 97
47 106
47 107
47 54
47 55
47 98
47 108
47 109
47 59
48 64
48 127
48 66
48 67
48 120
48 99
48 69
48 121
48 73
48 78
48 113
48 79
48 122
48 114
48 115
48 116
48 85
48 118
48 126
48 119
48 88
48 89
48 90
48 49
48 91
48 50
48 92
48 93
48 53
48 94
48 96
48 54
48 98
48 123
48 57
48 108
48 58
48 59
48 62
49 63
49 65
49 66
49 67
49 68
49 99
49 69
49 101
49 74
49 77
49 78
49 122
49 124
49 81
49 102
49 82
49 104
49 118
49 87
49 105
49 89
49 90
49 50
49 95
49 106
49 107
49 55
49 123
49 56
49 57
49 58
49 59
49 60
50 127
50 67
50 68
50 99
50 69
50 101
50 70
50 121
50 72
50 73
50 74
50 75
50 76
50 113
50 79
50 114
50 124
50 80
50 116
50 117
50 102
50 103
50 104
50 118
50 86
50 126
50 105
50 90
50 92
50 93
50 53
50 94
50 97
50 54
50 98
50 57
50 58
50 109
50 60
50 111
50 125
50 84
50 96
51 64
51 65
51 127
51 66
51 67
51 120
51 68
51 111
51 100
51 69
51 71
51 112
51 72
51 74
51 77
51 79
51 124
51 80
51 115
51 116
51 81
51 117
51 102
51 85
51 119
51 105
51 89
51 92
51 93
51 52
51 53
51 94
51 106
51 107
51 54
51 57
51 108
51 59
52 64
52 65
52 127
52 66
52 67
52 68
52 110
52 99
52 111
52 70
52 112
52 72
52 73
52 77
52 78
52 113
52 114
52 124
52 80
52 125
52 81
52 82
52 104
52 119
52 87
52 105
52 89
52 92
52 93
52 53
52 94
52 97
52 54
52 55
52 98
52 56
52 108
52 109
52 60
52 62
53 63
53 65
53 127
53 66
53 120
53 99
53 111
53 100
53 101
53 72
53 75
53 77
53 79
53 125
53 115
53 102
53 103
53 82
53 83
53 104
53 86
53 126
53 88
53 90
53 106
53 54
53 55
53 123
53 56
53 61
54 63
54 64
54 127
54 120
54 68
54 110
54 111
54 69
54 101
54 121
54 75
54 113
54 122
54 80
54 115
54 116
54 81
54 103
54 82
54 83
54 104
54 84
54 85
54 87
54 94
54 96
54 97
54 106
54 55
54 98
54 56
54 108
54 109
54 59
54 61
54 62
55 66
55 67
55 120
55 110
55 99
55 111
55 100
55 69
55 101
55 71
55 112
55 73
55 74
55 75
55 79
55 124
55 116
55 102
55 103
55 84
55 85
55 118
55 119
55 91
55 92
55 93
55 94
55 96
55 97
55 106
55 107
55 98
55 123
55 57
55 58
55 60
55 61
56 63
56 64
56 65
56 66
56 120
56 111
56 100
56 72
56 73
56 77
56 78
56 79
56 122
56 124
56 125
56 117
56 103
56 83
56 84
56 85
56 118
56 86
56 126
56 87
56 89
56 92
56 93
56 97
56 123
56 57
56 108
56 58
56 59
56 60
56 62
57 66
57 120
57 110
57 100
57 69
57 70
57 112
57 121
57 75
57 77
57 78
57 113
57 122
57 114
57 124
57 80
57 115
57 116
57 81
57 117
57 102
57 103
57 82
57 84
57 85
57 118
57 119
57 87
57 88
57 105
57 89
57 92
57 95
57 96
57 97
57 98
57 123
57 58
57 59
57 60
57 61
57 62
58 67
58 120
58 68
58 110
58 100
58 69
58 101
58 70
58 121
58 74
58 78
58 79
58 80
58 125
58 102
58 103
58 82
58 83
58 104
58 84
58 126
58 87
58 88
58 105
58 89
58 92
58 94
58 95
58 96
58 97
58 98
58 109
58 59
58 60
58 61
59 63
59 64
59 127
59 66
59 67
59 120
59 111
59 100
59 69
59 101
59 70
59 71
59 75
59 76
59 113
59 122
59 114
59 80
59 115
59 116
59 103
59 82
59 85
59 86
59 119
59 88
59 89
59 90
59 91
59 92
59 95
59 106
59 107
59 123
59 62
60 64
60 66
60 67
60 120
60 110
60 99
60 101
60 70
60 71
60 121
60 113
60 124
60 125
60 117
60 82
60 83
60 104
60 86
60 119
60 87
60 88
60 105
60 91
60 92
60 94
60 97
60 107
60 98
60 123
60 108
60 109
60 62
61 63
61 64
61 65
61 66
61 120
61 68
61 110
61 100
61 69
61 112
61 72
61 73
61 74
61 75
61 76
61 78
61 79
61 114
61 124
61 103
61 85
61 86
61 126
61 87
61 89
61 90
61 91
61 94
61 108
61 62
62 63
62 64
62 65
62 66
62 67
62 68
62 99
62 111
62 100
62 101
62 72
62 73
62 74
62 75
62 76
62 79
62 114
62 124
62 80
62 125
62 116
62 81
62 117
62 82
62 83
62 104
62 85
62 86
62 126
62 87
62 89
62 91
62 93
62 94
62 123
62 108
62 109
63 64
63 65
63 127
63 66
63 120
63 110
63 99
63 111
63 100
63 70
63 112
63 72
63 74
63 76
63 77
63 113
63 124
63 80
63 81
63 103
63 82
63 104
63 85
63 118
63 87
63 88
63 89
63 95
63 96
63 106
63 123
63 108
64 99
64 100
64 69
64 101
64 70
64 71
64 112
64 72
64 74
64 77
64 113
64 79
64 124
64 125
64 102
64 103
64 83
64 104
64 118
64 126
64 119
64 87
64 89
64 90
64 91
64 93
64 94
64 96
64 98
64 123
65 66
65 68
65 99
65 111
65 69
65 101
65 71
65 112
65 121
65 72
65 73
65 75
65 78
65 113
65 79
65 122
65 114
65 125
65 116
65 81
65 117
65 102
65 103
65 87
65 90
65 91
65 94
65 95
65 96
65 97
65 106
65 107
65 123
65 109
66 67
66 120
66 110
66 70
66 112
66 121
66 74
66 75
66 76
66 77
66 113
66 124
66 81
66 117
66 103
66 83
66 118
66 119
66 87
66 88
66 89
66 93
66 95
66 96
66 97
66 106
67 127
67 120
67 99
67 100
67 70
67 112
67 74
67 76
67 80
67 81
67 103
67 104
67 85
67 88
67 89
67 95
67 106
67 108
67 68
67 101
67 121
67 75
67 79
67 115
67 117
67 83
67 86
67 91
67 93
67 94
67 97
67 107
67 109
68 120
68 110
68 99
68 70
68 112
68 74
68 76
68 80
68 103
68 82
68 104
68 118
68 89
68 95
68 123
68 69
68 75
68 79
68 114
68 117
68 83
68 119
68 94
68 107
69 127
69 110
69 99
69 100
69 70
69 112
69 72
69 103
69 82
69 85
69 118
69 88
69 89
69 95
69 106
69 108
69 101
69 71
69 75
69 79
69 114
69 83
69 86
69 119
69 90
69 98
69 109
70 110
70 99
70 111
70 101
70 121
70 77
70 78
70 113
70 79
70 122
70 80
70 125
70 115
70 116
70 81
70 102
70 83
70 104
70 118
70 126
70 119
70 87
70 88
70 89
70 90
70 92
70 94
70 96
70 98
70 109
71 110
71 111
71 100
71 72
71 74
71 76
71 77
71 80
71 82
71 88
71 96
71 106
71 123
71 108
71 101
71 121
71 73
71 78
71 79
71 114
71 116
71 117
71 83
71 84
71 86
71 126
71 119
71 105
71 90
71 93
71 107
71 109
72 127
72 120
72 110
72 112
72 74
72 75
72 77
72 78
72 113
72 122
72 114
72 124
72 80
72 125
72 115
72 116
72 82
72 83
72 84
72 86
72 126
72 119
72 87
72 88
72 91
72 92
72 93
72 94
72 96
72 97
72 106
72 123
73 120
73 110
73 100
73 74
73 124
73 125
73 81
73 103
73 82
73 104
73 87
73 89
73 96
73 123
73 108
73 101
73 78
73 79
73 122
73 116
73 126
73 105
73 93
73 97
73 107
73 98
73 109
74 127
74 120
74 110
74 111
74 101
74 121
74 78
74 113
74 79
74 122
74 114
74 124
74 80
74 115
74 117
74 118
74 86
74 90
74 91
74 92
74 93
74 96
74 97
74 106
74 98
74 123
74 108
75 99
75 100
75 124
75 80
75 125
75 81
75 103
75 88
75 89
75 95
75 106
75 123
75 101
75 121
75 114
75 115
75 83
75 86
75 105
75 90
75 91
75 93
75 109
76 110
76 100
76 112
76 78
76 113
76 79
76 122
76 80
76 103
76 83
76 104
76 88
76 105
76 90
76 91
76 97
76 106
77 127
77 110
77 111
77 112
77 78
77 113
77 79
77 114
77 124
77 80
77 115
77 116
77 117
77 82
77 104
77 86
77 95
77 97
77 98
77 108
77 109
78 99
78 124
78 80
78 82
78 104
78 95
78 106
78 123
78 108
78 121
78 122
78 114
78 116
78 126
78 119
78 91
78 93
78 98
79 127
79 110
79 99
79 111
79 100
79 113
79 80
79 81
79 82
79 85
79 87
79 88
79 95
79 96
79 106
79 114
79 102
79 126
79 90
79 94
79 98
80 127
80 110
80 99
80 101
80 125
80 116
80 81
80 117
80 82
80 83
80 104
80 84
80 85
80 86
80 126
80 88
80 105
80 89
80 90
80 91
80 92
80 97
80 106
80 98
80 123
81 111
81 100
81 112
81 124
81 125
81 114
81 115
81 116
81 117
81 103
81 83
81 104
81 119
81 88
81 90
81 92
81 93
81 94
81 97
81 107
81 123
81 108
82 127
82 120
82 110
82 111
82 100
82 112
82 124
82 121
82 122
82 115
82 116
82 117
82 102
82 86
82 87
82 105
82 90
82 93
82 94
82 97
82 106
82 98
83 120
83 110
83 100
83 112
83 113
83 124
83 125
83 103
83 104
83 85
83 88
83 89
83 95
83 108
83 122
83 116
83 117
83 86
83 126
83 119
83 90
83 91
83 93
83 107
84 127
84 120
84 100
84 112
84 125
84 103
84 96
84 106
84 116
84 86
84 119
84 90
84 92
84 94
84 97
84 107
84 98
84 109
84 117
84 105
84 111
84 93
84 102
85 127
85 120
85 110
85 99
85 112
85 124
85 125
85 103
85 104
85 101
85 115
85 116
85 102
85 118
85 86
85 119
85 87
85 105
85 90
85 92
85 94
85 96
85 106
85 107
85 98
85 123
86 110
86 100
86 124
86 87
86 88
86 96
86 108
86 101
86 116
86 119
86 90
86 93
86 98
86 109
86 117
86 105
86 111
86 102
86 125
87 120
87 110
87 100
87 124
87 103
87 101
87 102
87 90
87 91
87 93
87 94
87 95
87 123
88 127
88 113
88 125
88 103
88 104
88 118
88 115
88 116
88 117
88 102
88 90
88 93
88 94
88 98
89 120
89 100
89 124
89 125
89 103
89 104
89 118
89 121
89 122
89 115
89 116
89 117
89 119
89 91
89 92
89 93
89 95
89 97
89 108
90 120
90 99
90 111
90 125
90 103
90 104
90 118
90 95
90 106
90 123
90 101
90 121
90 122
90 116
90 117
90 105
90 93
90 109
91 127
91 110
91 99
91 112
91 124
91 103
91 106
91 123
91 101
91 126
91 105
91 92
91 107
91 98
92 127
92 100
92 112
92 125
92 118
92 95
92 123
92 108
92 101
92 121
92 122
92 105
92 93
92 94
92 97
92 98
92 109
93 127
93 120
93 111
93 124
93 103
93 106
93 123
93 108
93 121
93 122
93 115
93 117
93 102
93 126
93 119
93 105
93 107
93 98
93 109
93 125
93 96
94 120
94 110
94 100
94 124
94 125
94 95
94 123
94 101
94 122
94 115
94 102
94 119
94 97
94 107
94 98
94 109
95 120
95 110
95 99
95 111
95 100
95 112
95 113
95 103
95 118
95 101
95 121
95 122
95 114
95 116
95 117
95 106
95 98
95 123
95 108
96 120
96 110
96 124
96 101
96 122
96 114
96 116
96 102
96 119
96 106
96 109
96 117
96 105
96 111
96 125
97 111
97 100
97 113
97 124
97 103
97 104
97 114
97 115
97 102
97 119
97 105
97 98
98 110
98 111
98 100
98 112
98 124
98 103
98 104
98 118
98 123
98 108
98 121
98 122
98 114
98 115
98 116
98 119
98 109
99 100
99 101
99 112
99 103
99 118
99 106
99 107
99 123
100 127
100 112
100 121
100 113
100 124
100 116
100 102
100 104
100 106
101 127
101 110
101 124
101 125
101 118
101 106
101 108
101 121
101 115
101 116
101 117
101 126
101 119
101 107
101 109
102 113
102 124
102 103
102 104
102 123
102 108
102 116
102 117
102 126
102 109
102 105
102 111
102 125
103 120
103 112
103 121
103 122
103 115
103 116
103 117
103 104
103 119
103 105
103 106
103 108
103 109
104 127
104 110
104 111
104 112
104 113
104 124
104 125
104 121
104 122
104 114
104 115
104 117
104 119
104 123
105 127
105 111
105 113
105 125
105 123
105 122
105 114
105 115
105 117
105 107
105 109
106 120
106 111
106 118
106 115
106 126
106 119
106 123
106 108
106 109
107 113
107 125
107 126
107 121
107 122
107 115
107 109
108 112
108 113
108 124
108 125
108 123
108 122
108 126
108 119
109 120
109 111
109 112
109 113
109 125
109 126
109 119
109 121
109 122
109 114
109 116
109 117
110 111
110 112
110 122
110 124
110 125
110 116
110 118
110 119
110 123
111 127
111 121
111 113
111 114
111 124
111 125
111 115
111 116
111 117
111 119
111 123
112 113
112 114
112 115
112 117
112 126
112 119
113 127
113 120
113 121
113 116
113 117
114 127
114 120
114 124
114 118
114 126
114 119
114 121
114 117
115 118
115 123
115 119
115 121
116 127
116 120
116 124
116 118
116 123
116 126
116 119
116 122
116 117
117 120
117 123
117 121
117 125
118 127
118 120
118 124
118 121
118 122
118 126
118 119
119 120
119 126
119 121
120 127
120 123
121 127
121 124
121 123
122 124
122 126
123 125
123 126
125 127
125 126
126 127
