0 1
0 2
0 3
0 4
0 5
0 6
0 7
0 8
0 9
0 10
0 11
0 12
0 13
0 14
0 15
0 16
0 17
0 18
0 19
0 20
0 21
0 22
0 23
0 24
0 25
0 26
0 27
0 28
0 29
0 30
0 31
0 32
0 33
0 34
0 35
0 36
0 37
0 38
0 39
0 40
0 41
0 42
0 43
0 44
0 45
0 46
0 47
0 48
0 49
0 50
0 51
0 52
0 53
0 54
0 55
0 56
0 57
0 58
0 59
0 60
1 61
1 62
1 2
1 4
1 63
1 64
1 6
1 7
1 9
1 11
1 12
1 65
1 66
1 67
1 14
1 15
1 68
1 69
1 70
1 71
1 72
1 18
1 73
1 74
1 75
1 76
1 77
1 21
1 78
1 22
1 79
1 23
1 26
1 27
1 28
1 30
1 31
1 80
1 81
1 82
1 35
1 83
1 84
1 85
1 38
1 86
1 87
1 88
1 89
1 90
1 91
1 92
1 43
1 93
1 94
1 49
1 52
1 95
1 53
1 54
1 55
1 56
1 96
1 57
1 97
1 98
2 99
2 63
2 5
2 100
2 11
2 101
2 102
2 65
2 66
2 13
2 68
2 70
2 103
2 17
2 72
2 104
2 74
2 77
2 19
2 105
2 20
2 106
2 78
2 22
2 23
2 24
2 107
2 108
2 30
2 109
2 31
2 80
2 32
2 33
2 81
2 110
2 36
2 85
2 111
2 86
2 112
2 88
2 39
2 40
2 90
2 113
2 42
2 44
2 45
2 114
2 47
2 94
2 51
2 95
2 53
2 56
2 96
2 97
2 58
2 59
2 60
3 61
3 62
3 116
3 5
3 117
3 118
3 101
3 119
3 14
3 69
3 70
3 103
3 71
3 104
3 73
3 76
3 120
3 121
3 20
3 78
3 23
3 107
3 26
3 27
3 28
3 29
3 33
3 81
3 82
3 87
3 112
3 40
3 113
3 41
3 92
3 44
3 93
3 47
3 48
3 94
3 54
3 56
3 59
3 60
3 98
3 39
3 10
3 46
3 74
3 108
3 19
3 114
3 83
3 38
3 64
3 125
3 124
3 45
3 91
3 50
4 61
4 62
4 115
4 99
4 63
4 5
4 100
4 117
4 7
4 8
4 9
4 122
4 118
4 10
4 11
4 119
4 12
4 65
4 67
4 68
4 73
4 74
4 76
4 19
4 121
4 105
4 22
4 107
4 26
4 108
4 28
4 29
4 30
4 31
4 33
4 34
4 82
4 110
4 37
4 84
4 123
4 111
4 86
4 87
4 39
4 40
4 90
4 43
4 114
4 46
4 47
4 94
4 51
4 52
4 53
4 55
4 56
4 57
4 58
4 59
5 61
5 62
5 115
5 63
5 116
5 6
5 8
5 9
5 122
5 118
5 10
5 101
5 102
5 119
5 12
5 66
5 15
5 68
5 70
5 16
5 71
5 104
5 73
5 19
5 121
5 20
5 23
5 24
5 107
5 25
5 27
5 108
5 30
5 109
5 31
5 80
5 81
5 82
5 35
5 36
5 37
5 85
5 38
5 112
5 125
5 39
5 89
5 41
5 43
5 44
5 114
5 47
5 48
5 94
5 49
5 50
5 52
5 95
5 54
5 55
5 57
5 97
5 58
5 98
6 61
6 99
6 100
6 122
6 118
6 10
6 101
6 102
6 119
6 65
6 67
6 70
6 103
6 71
6 104
6 73
6 19
6 121
6 20
6 21
6 106
6 78
6 24
6 25
6 29
6 109
6 35
6 110
6 36
6 83
6 84
6 85
6 123
6 111
6 38
6 86
6 87
6 125
6 40
6 124
6 113
6 42
6 92
6 43
6 44
6 46
6 47
6 94
6 50
6 52
6 126
6 55
6 56
6 96
6 59
7 61
7 62
7 64
7 116
7 117
7 8
7 118
7 101
7 102
7 65
7 66
7 67
7 15
7 70
7 16
7 71
7 72
7 18
7 104
7 75
7 76
7 77
7 19
7 106
7 79
7 23
7 26
7 27
7 108
7 28
7 32
7 34
7 81
7 82
7 35
7 83
7 84
7 123
7 38
7 86
7 39
7 90
7 91
7 43
7 44
7 47
7 94
7 50
7 95
7 96
7 60
8 61
8 116
8 9
8 118
8 10
8 11
8 101
8 102
8 119
8 12
8 65
8 66
8 14
8 15
8 68
8 103
8 72
8 18
8 127
8 74
8 76
8 77
8 105
8 20
8 106
8 22
8 79
8 23
8 107
8 27
8 30
8 109
8 80
8 33
8 34
8 110
8 36
8 37
8 84
8 85
8 87
8 89
8 41
8 43
8 44
8 114
8 48
8 49
8 50
8 51
8 52
8 95
8 53
8 126
8 96
8 59
8 60
8 98
9 61
9 64
9 100
9 118
9 102
9 66
9 13
9 15
9 16
9 75
9 77
9 21
9 106
9 78
9 79
9 107
9 109
9 31
9 81
9 35
9 110
9 37
9 83
9 85
9 123
9 38
9 86
9 112
9 88
9 39
9 90
9 41
9 91
9 92
9 43
9 44
9 46
9 47
9 48
9 50
9 52
9 95
9 54
9 55
9 96
9 58
9 59
10 61
10 62
10 99
10 63
10 116
10 100
10 117
10 11
10 101
10 102
10 119
10 12
10 65
10 66
10 13
10 14
10 16
10 17
10 73
10 74
10 75
10 120
10 19
10 105
10 20
10 21
10 106
10 78
10 22
10 24
10 107
10 25
10 27
10 108
10 28
10 31
10 80
10 34
10 81
10 82
10 35
10 83
10 84
10 85
10 123
10 111
10 38
10 86
10 87
10 112
10 125
10 39
10 124
10 89
10 90
10 41
10 42
10 92
10 45
10 114
10 46
10 93
10 49
10 52
10 95
10 57
10 58
10 59
10 60
10 64
10 94
10 71
10 98
10 91
10 50
11 62
11 99
11 64
11 117
11 118
11 101
11 102
11 15
11 68
11 69
11 70
11 16
11 74
11 76
11 77
11 120
11 23
11 107
11 108
11 28
11 31
11 80
11 81
11 82
11 35
11 37
11 83
11 84
11 85
11 111
11 86
11 87
11 88
11 39
11 40
11 124
11 89
11 90
11 113
11 41
11 91
11 92
11 43
11 46
11 48
11 51
11 54
11 55
11 56
11 57
11 98
12 61
12 99
12 100
12 117
12 122
12 101
12 119
12 68
12 69
12 70
12 103
12 16
12 71
12 72
12 104
12 127
12 75
12 120
12 19
12 121
12 105
12 20
12 21
12 106
12 78
12 79
12 23
12 107
12 26
12 27
12 109
12 31
12 80
12 32
12 34
12 81
12 82
12 35
12 110
12 37
12 111
12 38
12 87
12 40
12 124
12 89
12 113
12 42
12 91
12 92
12 43
12 44
12 46
12 48
12 50
12 51
12 95
12 54
12 55
12 57
12 97
12 59
12 60
13 62
13 115
13 99
13 64
13 117
13 122
13 101
13 119
13 65
13 66
13 67
13 70
13 103
13 16
13 72
13 18
13 74
13 75
13 76
13 120
13 121
13 20
13 24
13 25
13 29
13 30
13 31
13 33
13 34
13 81
13 82
13 36
13 37
13 123
13 86
13 87
13 89
13 42
13 44
13 114
13 46
13 48
13 52
13 95
13 96
13 57
13 97
13 58
14 62
14 115
14 63
14 116
14 100
14 101
14 65
14 66
14 15
14 70
14 16
14 17
14 71
14 72
14 18
14 73
14 127
14 77
14 19
14 121
14 106
14 22
14 23
14 107
14 26
14 27
14 28
14 29
14 32
14 34
14 81
14 82
14 35
14 36
14 83
14 85
14 111
14 88
14 39
14 124
14 113
14 41
14 91
14 92
14 43
14 44
14 45
14 46
14 47
14 48
14 94
14 50
14 51
14 53
14 55
14 56
14 96
14 57
14 58
14 60
15 61
15 62
15 115
15 99
15 63
15 64
15 116
15 100
15 122
15 118
15 101
15 102
15 119
15 66
15 69
15 16
15 72
15 18
15 104
15 127
15 74
15 75
15 120
15 19
15 121
15 20
15 78
15 23
15 24
15 107
15 25
15 27
15 108
15 28
15 109
15 31
15 80
15 81
15 83
15 123
15 111
15 87
15 125
15 88
15 39
15 40
15 113
15 91
15 43
15 45
15 114
15 46
15 48
15 49
15 52
15 54
15 55
15 56
15 57
15 97
15 58
15 60
16 62
16 115
16 99
16 63
16 122
16 118
16 101
16 65
16 66
16 69
16 17
16 72
16 18
16 74
16 75
16 76
16 120
16 19
16 121
16 78
16 22
16 79
16 23
16 25
16 26
16 27
16 28
16 109
16 31
16 80
16 33
16 34
16 36
16 84
16 111
16 86
16 39
16 124
16 41
16 91
16 43
16 114
16 46
16 47
16 49
16 52
16 95
16 55
16 96
16 57
16 97
17 61
17 115
17 63
17 64
17 102
17 119
17 66
17 68
17 70
17 71
17 104
17 73
17 77
17 106
17 23
17 25
17 28
17 109
17 31
17 80
17 33
17 81
17 82
17 110
17 37
17 83
17 84
17 85
17 123
17 111
17 86
17 88
17 39
17 89
17 90
17 113
17 93
17 48
17 49
17 95
17 53
17 97
17 60
17 98
18 62
18 99
18 116
18 100
18 118
18 101
18 102
18 68
18 69
18 70
18 103
18 72
18 104
18 73
18 75
18 76
18 19
18 20
18 106
18 24
18 27
18 28
18 33
18 81
18 110
18 37
18 84
18 85
18 123
18 86
18 112
18 125
18 40
18 124
18 89
18 90
18 113
18 41
18 42
18 91
18 92
18 43
18 45
18 114
18 93
18 94
18 49
18 50
18 95
18 53
18 54
18 126
18 55
18 96
18 59
19 99
19 64
19 117
19 122
19 65
19 68
19 69
19 70
19 104
19 73
19 127
19 74
19 76
19 120
19 20
19 21
19 25
19 26
19 27
19 108
19 109
19 80
19 32
19 33
19 110
19 37
19 83
19 84
19 85
19 38
19 87
19 112
19 125
19 39
19 90
19 41
19 42
19 92
19 43
19 114
19 46
19 93
19 47
19 48
19 49
19 51
19 52
19 53
19 126
19 56
19 96
19 57
19 97
19 58
19 59
19 94
19 124
19 71
19 98
19 45
19 91
19 50
20 115
20 99
20 64
20 100
20 122
20 118
20 101
20 102
20 66
20 68
20 70
20 103
20 74
20 75
20 120
20 121
20 78
20 24
20 107
20 25
20 27
20 109
20 80
20 34
20 81
20 35
20 110
20 36
20 37
20 83
20 111
20 38
20 86
20 87
20 112
20 125
20 124
20 89
20 90
20 113
20 42
20 91
20 43
20 44
20 47
20 48
20 49
20 51
20 53
20 56
20 57
20 97
20 58
20 59
20 98
21 62
21 115
21 99
21 63
21 64
21 100
21 117
21 101
21 66
21 67
21 68
21 103
21 71
21 72
21 104
21 73
21 75
21 76
21 120
21 78
21 24
21 25
21 27
21 28
21 31
21 33
21 81
21 82
21 37
21 84
21 123
21 111
21 86
21 112
21 88
21 39
21 40
21 124
21 89
21 90
21 41
21 44
21 45
21 46
21 47
21 48
21 51
21 54
21 126
21 55
21 96
21 97
21 58
21 98
22 61
22 62
22 115
22 99
22 64
22 116
22 100
22 118
22 101
22 102
22 65
22 66
22 67
22 69
22 70
22 72
22 104
22 127
22 75
22 77
22 105
22 78
22 27
22 108
22 29
22 30
22 109
22 31
22 80
22 32
22 81
22 35
22 110
22 36
22 37
22 83
22 111
22 38
22 86
22 39
22 89
22 90
22 41
22 42
22 43
22 114
22 46
22 47
22 49
22 50
22 51
22 52
22 54
22 126
22 96
22 57
22 58
22 59
22 60
22 98
23 64
23 116
23 100
23 117
23 118
23 119
23 65
23 66
23 67
23 68
23 69
23 103
23 72
23 104
23 74
23 75
23 76
23 77
23 121
23 105
23 78
23 107
23 25
23 27
23 108
23 30
23 31
23 80
23 32
23 34
23 82
23 35
23 36
23 83
23 111
23 124
23 90
23 42
23 91
23 44
23 45
23 47
23 94
23 49
23 51
23 95
23 56
23 96
23 57
23 97
23 58
24 61
24 62
24 63
24 116
24 100
24 102
24 67
24 70
24 103
24 71
24 72
24 104
24 73
24 74
24 75
24 76
24 121
24 106
24 26
24 28
24 31
24 81
24 84
24 123
24 111
24 38
24 86
24 125
24 40
24 124
24 113
24 41
24 92
24 43
24 46
24 93
24 47
24 94
24 49
24 51
24 52
24 95
24 54
24 126
24 56
24 96
24 57
24 97
24 58
24 60
25 115
25 63
25 100
25 102
25 66
25 67
25 68
25 70
25 72
25 104
25 74
25 121
25 78
25 107
25 26
25 28
25 29
25 31
25 80
25 32
25 34
25 35
25 36
25 84
25 123
25 111
25 86
25 87
25 112
25 88
25 39
25 124
25 90
25 113
25 41
25 92
25 44
25 114
25 46
25 93
25 47
25 48
25 94
25 52
25 95
25 54
25 126
25 56
25 58
26 99
26 117
26 122
26 102
26 119
26 103
26 71
26 104
26 73
26 74
26 75
26 76
26 77
26 106
26 79
26 27
26 108
26 30
26 109
26 32
26 34
26 36
26 83
26 84
26 85
26 123
26 86
26 112
26 39
26 40
26 124
26 89
26 113
26 43
26 45
26 114
26 46
26 93
26 47
26 48
26 94
26 49
26 50
26 52
26 95
26 54
26 126
26 55
26 56
26 96
26 57
26 97
26 58
27 61
27 62
27 115
27 117
27 122
27 118
27 102
27 119
27 65
27 66
27 70
27 71
27 104
27 74
27 75
27 77
27 121
27 105
27 106
27 79
27 107
27 28
27 29
27 30
27 33
27 35
27 83
27 84
27 85
27 123
27 86
27 87
27 125
27 39
27 124
27 41
27 91
27 92
27 44
27 114
27 49
27 50
27 51
27 53
27 55
27 56
27 97
27 59
27 60
28 115
28 63
28 116
28 100
28 117
28 101
28 102
28 66
28 68
28 104
28 73
28 127
28 77
28 120
28 105
28 78
28 79
28 108
28 30
28 109
28 31
28 80
28 33
28 81
28 36
28 37
28 85
28 123
28 111
28 38
28 86
28 112
28 88
28 39
28 40
28 124
28 89
28 113
28 41
28 42
28 92
28 43
28 93
28 49
28 50
28 55
28 56
28 57
28 97
29 61
29 62
29 115
29 63
29 116
29 117
29 118
29 101
29 102
29 65
29 66
29 69
29 71
29 72
29 76
29 77
29 120
29 105
29 78
29 107
29 108
29 30
29 109
29 32
29 33
29 81
29 82
29 110
29 36
29 37
29 84
29 111
29 86
29 87
29 124
29 41
29 42
29 91
29 43
29 44
29 114
29 93
29 48
29 54
29 55
29 56
29 96
29 57
29 60
30 61
30 99
30 63
30 100
30 117
30 119
30 65
30 66
30 69
30 70
30 103
30 71
30 72
30 127
30 74
30 75
30 76
30 120
30 78
30 79
30 107
30 31
30 80
30 32
30 81
30 82
30 110
30 84
30 85
30 111
30 38
30 87
30 39
30 124
30 89
30 90
30 113
30 42
30 92
30 43
30 44
30 47
30 48
30 49
30 52
30 95
30 53
30 56
30 96
30 58
30 98
31 115
31 99
31 63
31 117
31 119
31 65
31 66
31 69
31 70
31 103
31 71
31 104
31 76
31 77
31 120
31 121
31 107
31 108
31 32
31 110
31 84
31 85
31 87
31 112
31 125
31 39
31 40
31 124
31 89
31 90
31 113
31 42
31 92
31 46
31 93
31 94
31 50
31 51
31 53
31 54
31 55
31 56
31 57
31 97
31 59
31 60
32 61
32 62
32 115
32 99
32 116
32 122
32 101
32 102
32 65
32 67
32 69
32 70
32 71
32 73
32 74
32 75
32 120
32 121
32 106
32 78
32 107
32 108
32 33
32 34
32 81
32 37
32 83
32 85
32 38
32 88
32 39
32 40
32 124
32 90
32 41
32 42
32 91
32 92
32 44
32 45
32 114
32 47
32 51
32 52
32 54
32 55
32 57
32 97
32 58
32 59
32 98
33 61
33 115
33 64
33 118
33 101
33 102
33 68
33 103
33 73
33 127
33 76
33 77
33 121
33 105
33 106
33 107
33 108
33 82
33 35
33 110
33 37
33 83
33 85
33 123
33 111
33 38
33 86
33 87
33 88
33 39
33 40
33 89
33 42
33 91
33 92
33 44
33 114
33 48
33 94
33 95
33 53
33 54
33 126
33 55
33 97
33 59
33 98
34 99
34 63
34 100
34 117
34 101
34 102
34 119
34 66
34 67
34 69
34 103
34 72
34 104
34 73
34 74
34 120
34 121
34 105
34 79
34 107
34 109
34 80
34 82
34 84
34 88
34 90
34 113
34 92
34 44
34 114
34 46
34 93
34 47
34 48
34 94
34 50
34 95
34 126
34 55
34 57
34 97
35 61
35 99
35 63
35 116
35 122
35 118
35 102
35 119
35 67
35 68
35 71
35 72
35 104
35 75
35 76
35 77
35 121
35 105
35 106
35 109
35 80
35 81
35 110
35 37
35 83
35 84
35 38
35 86
35 88
35 124
35 90
35 41
35 42
35 92
35 44
35 114
35 93
35 48
35 94
35 50
35 51
35 53
35 126
35 56
35 96
35 58
35 98
36 61
36 115
36 63
36 116
36 117
36 122
36 101
36 65
36 103
36 71
36 104
36 73
36 127
36 74
36 121
36 105
36 78
36 79
36 80
36 81
36 37
36 84
36 85
36 111
36 87
36 88
36 40
36 124
36 90
36 41
36 91
36 92
36 46
36 93
36 49
36 50
36 51
36 52
36 95
36 126
36 55
36 56
36 96
36 57
36 97
36 58
36 60
36 98
37 62
37 63
37 100
37 122
37 118
37 101
37 102
37 65
37 69
37 71
37 72
37 104
37 127
37 75
37 76
37 77
37 105
37 106
37 79
37 107
37 108
37 109
37 80
37 81
37 84
37 85
37 123
37 111
37 112
37 88
37 39
37 40
37 124
37 90
37 113
37 41
37 42
37 43
37 45
37 114
37 47
37 48
37 94
37 49
37 50
37 51
37 52
37 95
37 126
37 55
37 56
37 97
37 58
37 60
38 61
38 115
38 99
38 117
38 122
38 101
38 67
38 68
38 70
38 71
38 72
38 73
38 127
38 74
38 76
38 77
38 121
38 105
38 78
38 108
38 109
38 81
38 110
38 83
38 84
38 85
38 86
38 112
38 125
38 39
38 40
38 89
38 90
38 113
38 42
38 91
38 92
38 114
38 46
38 47
38 50
38 51
38 95
38 53
38 126
38 56
38 96
38 57
38 58
38 59
38 98
38 64
38 94
38 124
38 45
39 115
39 63
39 116
39 100
39 117
39 102
39 119
39 66
39 67
39 68
39 103
39 72
39 73
39 74
39 75
39 77
39 106
39 78
39 79
39 108
39 109
39 80
39 83
39 84
39 123
39 86
39 87
39 112
39 125
39 113
39 41
39 42
39 91
39 92
39 43
39 114
39 46
39 47
39 94
39 49
39 52
39 95
39 54
39 55
39 56
39 96
39 97
39 58
39 59
39 60
39 98
39 64
39 124
39 71
39 45
39 50
40 63
40 100
40 101
40 102
40 119
40 103
40 104
40 127
40 74
40 76
40 77
40 120
40 121
40 106
40 107
40 109
40 80
40 110
40 83
40 84
40 123
40 111
40 86
40 87
40 112
40 124
40 89
40 41
40 42
40 43
40 44
40 45
40 114
40 46
40 93
40 47
40 94
40 50
40 51
40 52
40 53
40 126
40 55
40 56
40 57
40 97
40 59
40 60
41 63
41 116
41 122
41 118
41 119
41 67
41 69
41 103
41 71
41 72
41 104
41 73
41 127
41 74
41 76
41 120
41 121
41 105
41 108
41 110
41 83
41 84
41 86
41 87
41 112
41 88
41 89
41 91
41 92
41 44
41 45
41 114
41 93
41 47
41 94
41 95
41 54
41 57
41 59
42 62
42 116
42 100
42 118
42 101
42 102
42 66
42 67
42 70
42 71
42 76
42 77
42 121
42 78
42 108
42 109
42 80
42 82
42 110
42 84
42 88
42 124
42 89
42 90
42 92
42 43
42 46
42 49
42 50
42 95
42 54
42 126
42 56
42 58
42 60
43 61
43 62
43 99
43 100
43 122
43 102
43 65
43 67
43 68
43 70
43 103
43 71
43 73
43 127
43 74
43 105
43 106
43 107
43 83
43 85
43 86
43 87
43 124
43 113
43 92
43 46
43 48
43 94
43 49
43 95
43 54
43 126
43 56
43 97
43 58
43 60
44 61
44 99
44 64
44 116
44 100
44 117
44 118
44 101
44 102
44 119
44 66
44 67
44 68
44 69
44 70
44 71
44 72
44 73
44 74
44 75
44 76
44 121
44 79
44 107
44 108
44 80
44 82
44 110
44 83
44 84
44 85
44 111
44 86
44 112
44 88
44 93
44 50
44 51
44 52
44 54
44 55
44 56
44 96
44 57
44 97
44 59
44 98
45 115
45 99
45 64
45 100
45 117
45 101
45 65
45 66
45 67
45 68
45 69
45 70
45 72
45 73
45 74
45 75
45 77
45 79
45 108
45 109
45 81
45 82
45 123
45 111
45 86
45 88
45 89
45 113
45 114
45 46
45 93
45 94
45 49
45 50
45 52
45 53
45 126
45 55
45 56
45 96
45 57
45 58
45 59
45 98
45 83
45 125
45 124
45 71
45 91
46 61
46 64
46 116
46 100
46 117
46 122
46 119
46 65
46 66
46 68
46 69
46 70
46 71
46 73
46 127
46 74
46 120
46 105
46 106
46 79
46 107
46 108
46 81
46 82
46 83
46 84
46 123
46 111
46 87
46 125
46 124
46 89
46 91
46 114
46 47
46 48
46 49
46 51
46 95
46 55
46 56
46 96
46 57
46 97
46 58
46 98
46 94
46 50
47 64
47 100
47 122
47 118
47 101
47 119
47 65
47 66
47 68
47 69
47 70
47 71
47 104
47 73
47 127
47 76
47 121
47 105
47 108
47 82
47 110
47 85
47 112
47 124
47 89
47 90
47 92
47 114
47 94
47 49
47 50
47 52
47 95
47 56
47 96
47 97
47 98
48 61
48 62
48 64
48 100
48 118
48 102
48 67
48 68
48 69
48 103
48 71
48 73
48 127
48 75
48 76
48 77
48 121
48 105
48 106
48 78
48 79
48 82
48 83
48 123
48 87
48 88
48 113
48 91
48 92
48 114
48 52
48 95
48 53
48 54
48 126
48 55
48 56
48 57
48 97
48 60
48 98
49 61
49 62
49 99
49 63
49 119
49 66
49 69
49 70
49 103
49 73
49 127
49 74
49 76
49 120
49 105
49 78
49 107
49 108
49 109
49 81
49 110
49 83
49 85
49 111
49 86
49 125
49 124
49 89
49 113
49 92
49 114
49 94
49 50
49 51
49 52
49 95
49 53
49 126
49 96
49 57
49 60
50 61
50 115
50 99
50 64
50 100
50 117
50 119
50 66
50 67
50 69
50 71
50 72
50 104
50 73
50 74
50 75
50 77
50 120
50 121
50 105
50 78
50 79
50 108
50 81
50 123
50 86
50 87
50 112
50 124
50 92
50 114
50 93
50 94
50 52
50 95
50 53
50 126
50 96
50 57
50 97
50 58
50 59
50 60
50 98
50 83
50 125
50 91
51 115
51 99
51 64
51 100
51 117
51 102
51 119
51 65
51 67
51 70
51 103
51 127
51 120
51 121
51 106
51 78
51 79
51 107
51 83
51 84
51 85
51 123
51 111
51 86
51 124
51 90
51 113
51 92
51 94
51 52
51 96
51 58
51 59
51 60
52 61
52 115
52 99
52 64
52 102
52 67
52 68
52 70
52 103
52 72
52 104
52 73
52 127
52 77
52 121
52 105
52 107
52 109
52 110
52 83
52 84
52 88
52 89
52 90
52 95
52 53
52 54
52 55
52 96
52 97
52 59
52 60
52 98
53 115
53 99
53 116
53 100
53 122
53 102
53 119
53 66
53 67
53 69
53 70
53 103
53 71
53 104
53 127
53 74
53 75
53 77
53 120
53 121
53 105
53 106
53 78
53 79
53 108
53 80
53 81
53 110
53 83
53 85
53 123
53 87
53 112
53 125
53 88
53 89
53 90
53 95
53 55
53 57
53 97
53 58
53 60
53 98
54 61
54 62
54 115
54 99
54 64
54 116
54 100
54 122
54 118
54 102
54 67
54 69
54 70
54 71
54 104
54 73
54 127
54 74
54 121
54 105
54 80
54 81
54 123
54 111
54 112
54 125
54 88
54 89
54 113
54 92
54 55
54 96
54 59
54 60
54 98
55 61
55 62
55 115
55 99
55 63
55 64
55 116
55 118
55 101
55 68
55 72
55 104
55 74
55 76
55 77
55 121
55 106
55 78
55 79
55 108
55 109
55 80
55 81
55 82
55 85
55 123
55 86
55 87
55 124
55 89
55 113
55 94
55 126
55 56
55 60
56 115
56 99
56 63
56 64
56 117
56 122
56 101
56 102
56 66
56 67
56 69
56 72
56 74
56 120
56 121
56 105
56 108
56 80
56 81
56 82
56 83
56 85
56 86
56 124
56 89
56 126
56 57
56 97
56 59
56 98
57 115
57 99
57 64
57 116
57 100
57 118
57 101
57 102
57 119
57 66
57 67
57 68
57 69
57 70
57 71
57 72
57 104
57 74
57 75
57 120
57 105
57 106
57 79
57 107
57 109
57 81
57 82
57 110
57 111
57 86
57 112
57 125
57 88
57 124
57 89
57 90
57 91
57 92
57 93
57 94
57 95
57 96
57 97
57 58
57 60
57 98
58 61
58 62
58 63
58 64
58 100
58 118
58 119
58 66
58 67
58 69
58 72
58 73
58 76
58 78
58 107
58 109
58 81
58 110
58 83
58 84
58 125
58 124
58 113
58 92
58 114
58 95
58 59
58 60
58 98
59 62
59 63
59 100
59 118
59 102
59 119
59 65
59 66
59 67
59 103
59 104
59 127
59 75
59 76
59 77
59 121
59 105
59 106
59 78
59 79
59 108
59 109
59 83
59 84
59 125
59 88
59 89
59 90
59 113
59 91
59 114
59 94
59 95
59 126
60 99
60 117
60 102
60 119
60 66
60 68
60 70
60 103
60 75
60 106
60 107
60 81
60 110
60 84
60 111
60 86
60 112
60 88
60 113
60 93
60 126
60 97
60 98
61 99
61 116
61 102
61 67
61 70
61 103
61 73
61 127
61 74
61 77
61 106
61 79
61 107
61 109
61 80
61 81
61 110
61 85
61 123
61 111
61 86
61 87
61 112
61 90
61 93
61 94
61 95
61 96
61 98
62 99
62 102
62 127
62 109
62 81
62 110
62 85
62 123
62 87
62 96
62 115
62 63
62 122
62 101
62 119
62 66
62 68
62 72
62 121
62 84
62 91
62 92
62 126
62 97
63 99
63 102
63 67
63 127
63 79
63 109
63 80
63 81
63 111
63 86
63 87
63 112
63 93
63 94
63 96
63 100
63 122
63 101
63 66
63 69
63 75
63 76
63 120
63 105
63 78
63 108
63 88
63 89
63 91
63 114
63 97
64 99
64 116
64 102
64 67
64 103
64 81
64 110
64 85
64 112
64 96
64 115
64 117
64 122
64 65
64 66
64 69
64 104
64 76
64 108
64 82
64 83
64 84
64 125
64 113
64 97
64 74
64 114
64 94
64 124
64 71
64 98
64 91
65 116
65 102
65 73
65 127
65 74
65 107
65 80
65 81
65 93
65 94
65 96
65 119
65 72
65 75
65 120
65 121
65 105
65 84
65 125
65 88
65 124
65 97
66 116
66 102
66 70
66 77
66 79
66 81
66 110
66 111
66 87
66 112
66 90
66 93
66 94
66 95
66 96
66 115
66 100
66 117
66 122
66 118
66 101
66 119
66 69
66 72
66 104
66 76
66 120
66 121
66 78
66 108
66 82
66 83
66 88
66 113
66 91
66 92
67 102
67 115
67 118
67 119
67 70
67 72
67 127
67 74
67 75
67 77
67 105
67 106
67 79
67 107
67 109
67 80
67 81
67 85
67 123
67 111
67 87
67 112
67 125
67 92
67 93
67 97
68 102
68 70
68 103
68 71
68 73
68 77
68 85
68 111
68 86
68 93
68 94
68 98
68 100
68 122
68 118
68 101
68 72
68 104
68 76
68 78
68 84
68 125
68 88
68 89
68 91
68 114
68 97
69 102
69 70
69 73
69 74
69 106
69 79
69 107
69 110
69 85
69 111
69 86
69 94
69 115
69 100
69 117
69 119
69 83
69 84
69 89
69 92
69 97
70 100
70 119
70 73
70 127
70 75
70 121
70 105
70 106
70 78
70 107
70 108
70 109
70 81
70 110
70 85
70 123
70 86
70 112
70 88
70 90
70 91
70 92
70 94
70 126
70 97
71 116
71 102
71 103
71 100
71 117
71 127
71 75
71 76
71 77
71 106
71 108
71 82
71 110
71 123
71 86
71 87
71 124
71 90
71 91
71 92
71 93
71 95
71 97
71 98
71 74
71 114
71 83
71 94
71 125
72 116
72 103
72 77
72 106
72 79
72 107
72 109
72 81
72 85
72 87
72 94
72 96
72 98
72 100
72 122
72 101
72 119
72 104
72 76
72 83
72 84
72 125
72 91
72 114
72 126
72 97
73 99
73 118
73 74
73 76
73 77
73 120
73 121
73 105
73 109
73 80
73 110
73 83
73 111
73 88
73 124
73 89
73 92
73 114
73 95
73 126
74 116
74 102
74 103
74 127
74 115
74 100
74 117
74 118
74 119
74 104
74 75
74 77
74 120
74 121
74 79
74 107
74 108
74 81
74 83
74 123
74 112
74 125
74 124
74 89
74 113
74 92
74 114
74 96
74 98
74 94
74 91
75 103
75 77
75 107
75 109
75 80
75 81
75 110
75 85
75 86
75 112
75 90
75 95
75 115
75 100
75 117
75 122
75 118
75 119
75 76
75 120
75 121
75 78
75 108
75 89
75 126
76 116
76 103
76 107
76 81
76 110
76 111
76 86
76 90
76 93
76 95
76 96
76 98
76 115
76 100
76 122
76 121
76 108
76 82
76 83
76 84
76 125
76 88
76 89
76 126
76 97
77 99
77 116
77 103
77 100
77 117
77 122
77 101
77 119
77 104
77 120
77 105
77 106
77 78
77 79
77 107
77 109
77 80
77 81
77 85
77 123
77 111
77 112
77 88
77 90
77 92
77 126
77 97
77 98
78 99
78 103
78 109
78 80
78 81
78 123
78 86
78 87
78 112
78 93
78 95
78 96
78 100
78 118
78 121
78 105
78 124
78 89
78 91
78 97
79 103
79 115
79 100
79 122
79 118
79 119
79 105
79 107
79 108
79 80
79 81
79 110
79 85
79 111
79 86
79 87
79 112
79 89
79 90
79 113
79 114
79 93
79 94
79 95
79 98
80 116
80 102
80 103
80 127
80 106
80 109
80 115
80 122
80 119
80 120
80 121
80 81
80 83
80 123
80 125
80 113
80 92
80 114
80 93
80 94
80 126
80 97
80 98
81 102
81 103
81 127
81 107
81 109
81 117
81 122
81 118
81 101
81 104
81 121
81 83
81 84
81 85
81 123
81 111
81 87
81 125
81 88
81 89
81 90
81 113
81 92
81 93
81 96
81 97
82 102
82 103
82 106
82 111
82 86
82 87
82 112
82 94
82 100
82 122
82 101
82 104
82 121
82 105
82 108
82 84
82 125
82 124
82 89
82 113
82 92
82 114
82 126
83 99
83 102
83 106
83 107
83 109
83 110
83 85
83 123
83 111
83 86
83 87
83 112
83 93
83 94
83 96
83 98
83 115
83 117
83 104
83 120
83 121
83 108
83 84
83 88
83 113
83 91
83 92
83 114
83 97
83 125
83 124
84 99
84 116
84 102
84 106
84 107
84 109
84 123
84 86
84 87
84 112
84 90
84 93
84 100
84 119
84 108
84 125
84 88
84 92
84 114
85 116
85 127
85 107
85 109
85 110
85 115
85 122
85 101
85 104
85 120
85 108
85 86
85 124
85 90
85 113
85 92
85 93
85 96
85 98
86 99
86 116
86 103
86 127
86 106
86 109
86 123
86 111
86 115
86 117
86 121
86 105
86 112
86 125
86 88
86 89
86 90
86 93
86 94
86 96
86 97
87 99
87 103
87 127
87 106
87 109
87 110
87 111
87 115
87 117
87 119
87 104
87 125
87 124
87 89
87 90
87 113
87 92
87 93
87 95
87 126
87 96
87 97
87 98
88 127
88 107
88 110
88 90
88 93
88 95
88 96
88 115
88 100
88 117
88 122
88 118
88 101
88 121
88 125
88 89
88 91
88 92
88 126
89 102
89 103
89 127
89 109
89 110
89 111
89 94
89 95
89 101
89 119
89 120
89 121
89 105
89 108
89 125
89 124
89 91
89 114
89 126
90 99
90 102
90 103
90 127
90 109
90 123
90 112
90 117
90 122
90 118
90 101
90 119
90 104
90 108
90 113
90 114
90 126
90 96
90 97
91 103
91 127
91 110
91 111
91 96
91 117
91 104
91 121
91 105
91 108
91 125
91 124
91 113
91 92
91 114
91 94
91 98
92 99
92 116
92 102
92 103
92 127
92 110
92 111
92 112
92 93
92 94
92 96
92 98
92 115
92 117
92 101
92 104
92 120
92 105
92 108
92 125
93 99
93 127
93 107
93 110
93 123
93 112
93 100
93 117
93 101
93 119
93 125
93 124
93 95
93 126
93 97
93 98
94 102
94 103
94 127
94 106
94 107
94 109
94 123
94 112
94 117
94 122
94 118
94 101
94 104
94 121
94 108
94 113
94 95
94 96
94 114
94 125
94 124
94 98
95 99
95 106
95 107
95 109
95 123
95 115
95 122
95 118
95 101
95 120
95 121
95 108
95 125
95 113
96 102
96 127
96 106
96 107
96 110
96 123
96 111
96 112
96 122
96 119
96 104
96 121
96 105
96 108
96 124
96 113
96 126
96 97
96 98
97 99
97 106
97 107
97 110
97 123
97 111
97 117
97 122
97 118
97 119
97 120
97 121
97 105
97 124
97 113
97 114
97 126
98 99
98 111
98 100
98 118
98 101
98 119
98 108
98 125
98 114
98 117
98 124
99 115
99 116
99 100
99 122
99 118
99 119
99 121
99 108
99 109
99 110
99 113
99 114
99 126
100 116
100 102
100 103
100 127
100 107
100 123
100 122
100 126
100 117
100 104
100 105
100 124
101 116
101 107
101 123
101 111
101 112
101 122
101 119
101 104
101 121
101 105
101 125
101 113
101 126
102 117
102 118
102 103
102 104
102 127
102 121
102 107
102 109
102 110
102 123
102 113
102 114
103 116
103 115
103 117
103 119
103 127
103 105
103 106
103 109
103 110
103 123
103 111
103 125
103 124
103 114
103 126
104 116
104 127
104 106
104 107
104 111
104 112
104 115
104 122
104 117
104 120
104 108
104 125
104 124
104 113
104 114
105 127
105 106
105 107
105 109
105 111
105 115
105 122
105 119
105 121
105 126
105 117
105 118
105 108
105 124
105 114
106 127
106 115
106 117
106 107
106 108
106 110
106 112
106 113
106 114
106 126
107 116
107 127
107 122
107 118
107 119
107 120
107 110
107 111
107 112
108 127
108 110
108 112
108 119
108 121
108 117
108 118
108 120
108 125
108 124
108 113
108 114
109 115
109 119
109 111
109 112
109 125
109 124
109 113
109 114
110 116
110 118
110 119
110 112
110 125
110 113
110 126
111 116
111 123
111 115
111 117
111 118
111 119
111 112
111 113
111 114
111 126
112 116
112 127
112 123
112 118
112 119
112 113
112 114
113 127
113 123
113 115
113 122
113 119
113 121
113 120
113 125
114 127
114 123
114 122
114 117
114 118
114 124
114 125
115 127
115 123
115 118
115 120
115 121
115 125
116 117
116 118
116 123
116 126
117 127
117 119
117 121
117 118
117 124
117 125
118 127
118 123
118 122
118 119
118 121
118 126
118 125
118 124
119 127
119 123
119 122
119 120
119 125
119 124
119 126
120 127
120 123
120 126
120 125
121 123
121 126
122 127
122 124
123 126
124 127
124 125
125 126
126 127
