0 1
0 2
0 3
0 4
0 6
0 7
0 8
0 9
0 10
0 11
0 12
0 13
0 14
0 15
0 16
0 17
0 18
0 19
0 20
0 21
0 22
0 23
0 24
0 25
0 26
0 27
0 28
0 29
0 30
0 31
0 32
0 33
0 34
0 35
0 36
0 37
0 38
0 40
0 41
0 42
0 43
0 44
0 45
0 46
0 47
0 48
0 49
0 51
0 52
0 53
0 54
0 55
0 56
0 57
0 58
0 59
0 60
0 61
0 62
0 64
0 65
0 66
0 67
0 68
0 70
0 71
0 72
0 73
0 74
0 75
0 123
0 125
0 111
0 95
0 106
0 110
0 92
1 76
1 5
1 6
1 8
1 10
1 13
1 77
1 78
1 79
1 14
1 18
1 20
1 80
1 23
1 81
1 82
1 25
1 26
1 83
1 29
1 84
1 85
1 86
1 87
1 88
1 34
1 35
1 36
1 89
1 38
1 40
1 90
1 91
1 42
1 44
1 92
1 45
1 46
1 93
1 49
1 50
1 52
1 55
1 56
1 94
1 95
1 60
1 96
1 97
1 64
1 65
1 66
1 67
1 68
1 98
1 70
1 99
1 100
1 101
1 102
1 71
1 103
1 74
2 104
2 105
2 5
2 7
2 106
2 77
2 78
2 79
2 15
2 16
2 18
2 107
2 20
2 80
2 22
2 24
2 82
2 26
2 27
2 84
2 87
2 32
2 108
2 109
2 110
2 36
2 37
2 39
2 90
2 91
2 42
2 44
2 92
2 45
2 46
2 48
2 50
2 51
2 52
2 53
2 94
2 111
2 57
2 112
2 59
2 60
2 61
2 62
2 113
2 63
2 114
2 67
2 98
2 99
2 101
2 71
2 72
2 115
2 116
2 75
3 4
3 105
3 76
3 5
3 6
3 7
3 8
3 9
3 11
3 106
3 117
3 13
3 15
3 107
3 19
3 22
3 24
3 82
3 30
3 84
3 85
3 31
3 87
3 88
3 32
3 108
3 109
3 35
3 39
3 40
3 90
3 91
3 42
3 47
3 49
3 118
3 50
3 53
3 54
3 56
3 94
3 111
3 57
3 58
3 95
3 60
3 96
3 62
3 113
3 114
3 97
3 119
3 66
3 68
3 69
3 98
3 102
3 72
3 115
3 75
4 6
4 7
4 8
4 9
4 10
4 11
4 106
4 120
4 117
4 77
4 14
4 15
4 19
4 20
4 22
4 23
4 81
4 26
4 29
4 30
4 84
4 85
4 86
4 87
4 88
4 33
4 108
4 109
4 110
4 38
4 40
4 91
4 41
4 92
4 45
4 49
4 50
4 53
4 56
4 94
4 58
4 95
4 112
4 121
4 60
4 61
4 62
4 63
4 97
4 64
4 122
4 66
4 67
4 68
4 99
4 100
4 123
4 101
4 102
4 72
4 103
4 115
4 116
5 124
5 10
5 11
5 120
5 117
5 78
5 79
5 14
5 17
5 107
5 19
5 20
5 21
5 80
5 82
5 25
5 26
5 27
5 83
5 29
5 30
5 85
5 87
5 32
5 33
5 110
5 35
5 37
5 38
5 39
5 40
5 90
5 41
5 44
5 46
5 47
5 48
5 93
5 51
5 52
5 55
5 56
5 94
5 58
5 95
5 60
5 61
5 96
5 62
5 113
5 63
5 64
5 122
5 119
5 66
5 67
5 68
5 70
5 123
5 101
5 72
5 103
5 74
5 116
5 75
6 124
6 104
6 105
6 8
6 9
6 10
6 12
6 106
6 13
6 79
6 125
6 17
6 18
6 107
6 20
6 80
6 23
6 24
6 81
6 25
6 26
6 85
6 31
6 88
6 109
6 126
6 34
6 35
6 36
6 39
6 90
6 43
6 45
6 46
6 48
6 93
6 51
6 54
6 56
6 94
6 57
6 121
6 60
6 61
6 113
6 63
6 65
6 122
6 66
6 68
6 69
6 99
6 123
6 101
6 71
6 74
6 115
6 75
7 105
7 76
7 10
7 11
7 12
7 106
7 120
7 117
7 13
7 78
7 14
7 127
7 125
7 15
7 107
7 19
7 21
7 80
7 23
7 24
7 81
7 82
7 25
7 27
7 83
7 28
7 29
7 84
7 86
7 31
7 87
7 32
7 33
7 126
7 110
7 34
7 35
7 37
7 38
7 90
7 42
7 45
7 47
7 48
7 49
7 118
7 50
7 51
7 52
7 55
7 56
7 94
7 95
7 121
7 59
7 96
7 97
7 65
7 122
7 66
7 67
7 68
7 101
7 71
7 72
7 73
8 124
8 76
8 9
8 10
8 11
8 12
8 120
8 117
8 13
8 14
8 127
8 16
8 17
8 18
8 80
8 22
8 24
8 81
8 82
8 26
8 27
8 83
8 28
8 29
8 30
8 86
8 32
8 33
8 126
8 110
8 35
8 36
8 90
8 91
8 42
8 43
8 92
8 45
8 51
8 53
8 95
8 112
8 114
8 65
8 119
8 66
8 67
8 98
8 100
8 123
8 75
8 41
8 125
8 55
8 37
8 31
8 111
8 106
8 70
9 124
9 10
9 11
9 120
9 77
9 78
9 79
9 127
9 16
9 107
9 19
9 20
9 21
9 22
9 81
9 82
9 27
9 83
9 28
9 31
9 87
9 88
9 108
9 110
9 34
9 35
9 37
9 40
9 90
9 41
9 43
9 44
9 46
9 49
9 53
9 57
9 112
9 61
9 113
9 63
9 122
9 67
9 70
9 99
9 102
9 72
9 103
9 116
9 75
10 104
10 105
10 76
10 11
10 106
10 120
10 79
10 14
10 17
10 107
10 20
10 21
10 81
10 82
10 27
10 83
10 28
10 84
10 86
10 31
10 87
10 88
10 32
10 108
10 109
10 34
10 35
10 38
10 39
10 91
10 43
10 92
10 45
10 47
10 51
10 52
10 53
10 54
10 55
10 94
10 95
10 112
10 121
10 64
10 66
10 67
10 68
10 70
10 101
10 102
10 72
10 74
10 115
10 116
10 75
11 124
11 104
11 105
11 76
11 12
11 106
11 13
11 79
11 127
11 125
11 16
11 17
11 18
11 21
11 80
11 22
11 23
11 26
11 27
11 83
11 28
11 29
11 84
11 86
11 31
11 32
11 33
11 108
11 109
11 110
11 34
11 35
11 37
11 38
11 39
11 40
11 90
11 91
11 41
11 44
11 92
11 45
11 47
11 93
11 50
11 51
11 52
11 53
11 54
11 55
11 56
11 111
11 57
11 95
11 112
11 61
11 96
11 113
11 63
11 114
11 97
11 65
11 122
11 66
11 100
11 123
11 101
11 71
11 72
11 103
11 74
11 116
11 43
11 70
12 124
12 105
12 106
12 120
12 125
12 15
12 16
12 24
12 25
12 83
12 28
12 30
12 86
12 31
12 88
12 32
12 33
12 108
12 109
12 110
12 35
12 89
12 40
12 90
12 91
12 42
12 92
12 45
12 52
12 54
12 56
12 111
12 57
12 95
12 60
12 96
12 113
12 63
12 114
12 119
12 66
12 68
12 69
12 98
12 100
12 101
12 102
12 72
12 103
12 73
12 75
13 104
13 76
13 120
13 77
13 78
13 79
13 14
13 125
13 107
13 19
13 20
13 21
13 22
13 23
13 24
13 81
13 25
13 27
13 83
13 28
13 30
13 84
13 88
13 32
13 33
13 108
13 126
13 35
13 36
13 89
13 39
13 90
13 42
13 44
13 92
13 45
13 46
13 47
13 93
13 49
13 52
13 55
13 56
13 94
13 57
13 58
13 95
13 112
13 121
13 59
13 60
13 61
13 96
13 113
13 97
13 122
13 119
13 67
13 69
13 70
13 99
13 123
13 102
13 71
13 103
13 74
14 105
14 76
14 106
14 127
14 125
14 15
14 16
14 17
14 107
14 19
14 22
14 24
14 82
14 30
14 84
14 87
14 88
14 32
14 33
14 109
14 126
14 35
14 89
14 40
14 90
14 91
14 42
14 43
14 48
14 50
14 53
14 55
14 57
14 58
14 60
14 62
14 113
14 97
14 64
14 65
14 122
14 119
14 68
14 100
14 71
14 73
14 74
14 115
14 116
15 104
15 76
15 106
15 120
15 127
15 17
15 20
15 21
15 80
15 22
15 24
15 26
15 83
15 28
15 29
15 30
15 84
15 85
15 31
15 87
15 109
15 126
15 110
15 35
15 89
15 39
15 40
15 91
15 41
15 42
15 92
15 45
15 46
15 93
15 118
15 51
15 54
15 56
15 57
15 112
15 121
15 96
15 62
15 63
15 114
15 97
15 65
15 122
15 66
15 67
15 69
15 98
15 99
15 101
15 72
15 74
15 115
15 116
15 75
16 76
16 106
16 117
16 77
16 127
16 17
16 21
16 80
16 22
16 24
16 82
16 26
16 28
16 85
16 87
16 32
16 33
16 108
16 109
16 126
16 34
16 35
16 36
16 37
16 39
16 40
16 90
16 41
16 44
16 45
16 46
16 47
16 49
16 118
16 50
16 51
16 52
16 53
16 94
16 111
16 57
16 112
16 121
16 59
16 113
16 97
16 64
16 119
16 66
16 67
16 69
16 98
16 70
16 99
16 123
16 101
16 72
16 103
16 74
17 106
17 120
17 117
17 77
17 125
17 18
17 107
17 19
17 20
17 21
17 23
17 24
17 25
17 83
17 86
17 87
17 110
17 34
17 35
17 36
17 38
17 39
17 90
17 91
17 41
17 44
17 46
17 47
17 48
17 93
17 49
17 118
17 52
17 55
17 121
17 97
17 119
17 67
17 99
17 100
17 123
17 101
17 102
17 72
17 74
17 115
17 75
17 22
17 51
17 37
17 31
17 111
17 95
17 43
17 70
17 92
18 124
18 104
18 105
18 120
18 78
18 79
18 107
18 19
18 20
18 80
18 22
18 23
18 81
18 25
18 86
18 87
18 109
18 110
18 34
18 36
18 89
18 38
18 39
18 40
18 90
18 91
18 42
18 45
18 46
18 93
18 49
18 50
18 52
18 54
18 55
18 56
18 111
18 95
18 112
18 121
18 60
18 96
18 114
18 64
18 65
18 66
18 123
18 102
18 103
18 116
19 124
19 104
19 106
19 117
19 127
19 20
19 21
19 80
19 22
19 23
19 24
19 81
19 82
19 26
19 83
19 84
19 86
19 87
19 32
19 108
19 34
19 37
19 40
19 91
19 44
19 46
19 47
19 93
19 118
19 53
19 55
19 57
19 58
19 60
19 61
19 113
19 63
19 97
19 64
19 66
19 67
19 98
19 70
19 99
19 71
19 103
19 73
20 104
20 105
20 76
20 106
20 120
20 125
20 107
20 21
20 22
20 24
20 82
20 27
20 83
20 29
20 84
20 88
20 32
20 34
20 35
20 91
20 41
20 47
20 49
20 118
20 50
20 51
20 53
20 54
20 55
20 56
20 94
20 111
20 58
20 95
20 112
20 59
20 60
20 62
20 113
20 114
20 97
20 64
20 65
20 119
20 69
20 98
20 70
20 100
20 123
20 102
20 71
20 72
20 103
20 73
20 74
20 115
20 75
21 76
21 120
21 77
21 79
21 80
21 22
21 81
21 26
21 27
21 28
21 29
21 84
21 85
21 86
21 88
21 32
21 33
21 109
21 36
21 89
21 38
21 39
21 90
21 91
21 42
21 43
21 44
21 46
21 47
21 48
21 118
21 94
21 95
21 60
21 61
21 96
21 62
21 113
21 114
21 65
21 119
21 70
21 101
21 102
21 71
21 72
21 103
21 74
21 115
21 75
22 104
22 76
22 117
22 77
22 125
22 107
22 23
22 81
22 82
22 25
22 26
22 28
22 29
22 84
22 85
22 31
22 87
22 32
22 33
22 109
22 34
22 35
22 36
22 37
22 38
22 39
22 41
22 92
22 46
22 47
22 50
22 51
22 52
22 54
22 55
22 60
22 61
22 62
22 113
22 63
22 114
22 64
22 65
22 122
22 67
22 68
22 70
22 100
22 123
22 101
22 102
22 103
22 73
22 74
22 115
22 116
22 75
22 111
22 95
22 106
22 43
22 110
23 124
23 106
23 78
23 79
23 127
23 107
23 81
23 28
23 29
23 30
23 86
23 31
23 87
23 33
23 108
23 109
23 36
23 89
23 38
23 43
23 44
23 92
23 47
23 93
23 49
23 51
23 52
23 53
23 54
23 55
23 94
23 57
23 58
23 95
23 112
23 121
23 59
23 96
23 62
23 97
23 65
23 119
23 66
23 69
23 98
23 123
23 102
23 71
23 72
23 103
23 73
24 124
24 104
24 105
24 77
24 78
24 79
24 127
24 125
24 107
24 80
24 27
24 83
24 33
24 35
24 89
24 37
24 38
24 39
24 40
24 91
24 41
24 44
24 92
24 45
24 46
24 47
24 93
24 49
24 118
24 50
24 51
24 52
24 55
24 94
24 95
24 112
24 121
24 60
24 96
24 113
24 114
24 66
24 69
24 123
24 101
24 71
24 103
25 105
25 76
25 117
25 79
25 107
25 82
25 27
25 30
25 84
25 85
25 86
25 31
25 87
25 32
25 108
25 109
25 34
25 37
25 40
25 90
25 44
25 46
25 47
25 48
25 49
25 118
25 51
25 52
25 56
25 57
25 95
25 121
25 60
25 61
25 62
25 113
25 63
25 65
25 66
25 98
25 100
25 123
25 103
25 74
25 115
26 124
26 76
26 106
26 120
26 77
26 79
26 127
26 125
26 80
26 81
26 82
26 27
26 28
26 30
26 84
26 32
26 108
26 109
26 110
26 37
26 38
26 90
26 41
26 92
26 45
26 46
26 47
26 118
26 54
26 55
26 56
26 57
26 58
26 112
26 60
26 61
26 62
26 63
26 114
26 97
26 122
26 119
26 98
26 70
26 99
26 100
26 123
26 72
26 74
26 75
27 124
27 105
27 76
27 120
27 117
27 77
27 78
27 79
27 80
27 86
27 32
27 108
27 109
27 126
27 110
27 35
27 36
27 40
27 91
27 43
27 46
27 47
27 48
27 93
27 50
27 51
27 52
27 53
27 55
27 57
27 58
27 95
27 59
27 61
27 96
27 97
27 64
27 65
27 119
27 67
27 69
27 98
27 99
27 100
27 101
27 71
27 72
27 73
27 115
27 116
28 124
28 105
28 76
28 117
28 77
28 78
28 29
28 31
28 88
28 32
28 33
28 109
28 110
28 34
28 35
28 39
28 90
28 91
28 41
28 42
28 43
28 44
28 48
28 93
28 49
28 50
28 51
28 56
28 111
28 57
28 58
28 112
28 59
28 60
28 96
28 62
28 63
28 114
28 97
28 64
28 65
28 122
28 119
28 67
28 69
28 98
28 99
28 123
28 101
28 102
28 71
28 72
28 103
28 73
29 104
29 76
29 120
29 117
29 77
29 78
29 79
29 30
29 31
29 87
29 88
29 32
29 33
29 126
29 34
29 35
29 36
29 39
29 40
29 90
29 43
29 92
29 45
29 46
29 48
29 93
29 49
29 118
29 52
29 53
29 56
29 94
29 58
29 59
29 60
29 96
29 113
29 63
29 64
29 65
29 122
29 67
29 68
29 69
29 98
29 99
29 100
29 123
29 102
29 71
29 72
29 103
29 73
29 116
30 104
30 76
30 120
30 117
30 78
30 79
30 125
30 107
30 80
30 82
30 85
30 86
30 31
30 88
30 32
30 108
30 109
30 110
30 35
30 89
30 39
30 90
30 91
30 41
30 42
30 43
30 46
30 47
30 50
30 51
30 53
30 54
30 55
30 94
30 111
30 95
30 112
30 121
30 59
30 96
30 113
30 114
30 97
30 64
30 65
30 68
30 69
30 98
30 70
30 99
30 123
30 101
30 102
30 71
30 72
30 73
31 105
31 79
31 125
31 107
31 81
31 84
31 86
31 88
31 109
31 126
31 35
31 36
31 89
31 37
31 38
31 39
31 41
31 47
31 48
31 93
31 49
31 118
31 50
31 51
31 52
31 55
31 56
31 94
31 111
31 58
31 121
31 60
31 61
31 96
31 63
31 114
31 97
31 122
31 68
31 69
31 98
31 123
31 101
31 74
31 95
31 106
31 43
31 70
31 110
31 92
32 105
32 76
32 106
32 120
32 77
32 78
32 79
32 127
32 107
32 80
32 81
32 83
32 84
32 86
32 87
32 88
32 33
32 109
32 126
32 110
32 34
32 36
32 37
32 39
32 44
32 92
32 45
32 118
32 50
32 51
32 55
32 56
32 58
32 112
32 59
32 96
32 63
32 114
32 97
32 122
32 119
32 66
32 67
32 69
32 98
32 100
32 123
32 72
32 103
33 105
33 106
33 120
33 117
33 79
33 125
33 107
33 80
33 81
33 84
33 85
33 86
33 88
33 126
33 110
33 89
33 37
33 38
33 91
33 42
33 43
33 47
33 93
33 49
33 118
33 50
33 53
33 54
33 55
33 111
33 121
33 96
33 97
33 64
33 122
33 67
33 69
33 99
33 100
33 101
33 72
33 103
33 73
33 74
33 115
33 116
34 124
34 104
34 105
34 76
34 120
34 117
34 127
34 81
34 86
34 87
34 88
34 109
34 126
34 110
34 36
34 38
34 39
34 90
34 41
34 42
34 44
34 46
34 47
34 49
34 118
34 50
34 51
34 57
34 58
34 112
34 121
34 96
34 114
34 97
34 64
34 122
34 119
34 66
34 67
34 68
34 69
34 70
34 123
34 101
34 71
34 72
34 103
34 73
34 116
34 75
35 124
35 104
35 120
35 77
35 78
35 127
35 125
35 82
35 83
35 84
35 88
35 109
35 37
35 38
35 39
35 40
35 90
35 41
35 42
35 43
35 92
35 45
35 47
35 48
35 93
35 50
35 51
35 52
35 53
35 54
35 55
35 56
35 94
35 111
35 58
35 95
35 121
35 62
35 113
35 114
35 64
35 122
35 119
35 70
35 99
35 100
35 123
35 71
35 73
35 116
35 106
35 110
36 117
36 78
36 79
36 127
36 125
36 107
36 81
36 82
36 85
36 86
36 88
36 126
36 89
36 38
36 40
36 90
36 91
36 41
36 43
36 44
36 92
36 46
36 93
36 49
36 118
36 52
36 53
36 54
36 94
36 111
36 57
36 58
36 112
36 121
36 59
36 61
36 62
36 63
36 97
36 122
36 119
36 66
36 70
36 100
36 101
36 103
36 115
37 104
37 76
37 106
37 77
37 78
37 79
37 125
37 107
37 80
37 81
37 82
37 83
37 84
37 85
37 86
37 89
37 38
37 39
37 40
37 90
37 91
37 41
37 43
37 44
37 45
37 46
37 47
37 49
37 118
37 50
37 51
37 53
37 55
37 56
37 111
37 95
37 59
37 60
37 63
37 114
37 122
37 66
37 67
37 69
37 98
37 70
37 100
37 123
37 71
37 103
37 115
37 116
37 110
37 92
38 124
38 104
38 105
38 76
38 117
38 79
38 127
38 80
38 81
38 83
38 85
38 87
38 108
38 126
38 110
38 39
38 40
38 41
38 92
38 46
38 118
38 53
38 55
38 56
38 111
38 112
38 121
38 61
38 96
38 62
38 63
38 114
38 97
38 64
38 65
38 119
38 66
38 70
38 99
38 100
38 101
38 71
38 103
38 73
38 116
38 75
39 77
39 107
39 80
39 81
39 83
39 84
39 85
39 86
39 88
39 108
39 90
39 44
39 92
39 46
39 54
39 56
39 95
39 112
39 121
39 60
39 61
39 62
39 63
39 97
39 64
39 65
39 122
39 67
39 69
39 100
39 102
39 73
39 74
39 115
39 116
39 75
40 124
40 104
40 76
40 120
40 127
40 125
40 80
40 81
40 83
40 85
40 86
40 88
40 126
40 110
40 90
40 42
40 43
40 44
40 45
40 46
40 118
40 50
40 52
40 53
40 54
40 55
40 56
40 94
40 57
40 58
40 61
40 62
40 113
40 63
40 114
40 65
40 67
40 98
40 70
40 99
40 101
40 103
40 73
40 74
40 116
41 124
41 105
41 120
41 77
41 127
41 125
41 85
41 86
41 87
41 88
41 108
41 126
41 110
41 89
41 90
41 91
41 42
41 92
41 46
41 47
41 118
41 50
41 51
41 52
41 53
41 54
41 55
41 56
41 111
41 58
41 95
41 59
41 60
41 96
41 113
41 63
41 114
41 97
41 122
41 119
41 66
41 68
41 123
41 101
41 102
41 71
41 103
41 73
41 74
41 115
41 116
41 106
41 43
41 70
42 105
42 120
42 77
42 79
42 125
42 107
42 81
42 84
42 85
42 86
42 87
42 108
42 109
42 126
42 92
42 45
42 118
42 50
42 52
42 53
42 55
42 111
42 58
42 112
42 59
42 61
42 96
42 62
42 113
42 65
42 122
42 66
42 99
42 73
42 116
43 124
43 104
43 105
43 76
43 106
43 120
43 117
43 78
43 79
43 125
43 107
43 82
43 84
43 85
43 88
43 109
43 110
43 89
43 44
43 92
43 47
43 49
43 50
43 51
43 52
43 54
43 55
43 111
43 57
43 95
43 112
43 60
43 114
43 97
43 65
43 122
43 119
43 68
43 98
43 99
43 74
43 75
43 123
43 70
44 124
44 106
44 78
44 127
44 107
44 82
44 84
44 85
44 108
44 126
44 90
44 45
44 46
44 50
44 56
44 94
44 57
44 95
44 121
44 59
44 61
44 96
44 62
44 114
44 66
44 67
44 69
44 70
44 100
44 123
44 101
44 102
44 71
44 103
45 104
45 105
45 76
45 106
45 120
45 117
45 77
45 79
45 127
45 125
45 107
45 80
45 82
45 83
45 88
45 108
45 126
45 89
45 46
45 48
45 49
45 55
45 56
45 58
45 121
45 59
45 61
45 96
45 62
45 114
45 65
45 122
45 119
45 66
45 69
45 98
45 70
45 99
45 100
45 123
45 102
45 71
45 72
45 115
45 116
46 104
46 76
46 117
46 77
46 79
46 125
46 80
46 81
46 83
46 84
46 85
46 86
46 88
46 109
46 126
46 110
46 92
46 48
46 49
46 50
46 52
46 54
46 94
46 95
46 121
46 59
46 60
46 62
46 114
46 65
46 122
46 119
46 67
46 70
46 100
46 123
46 72
46 103
46 73
46 74
46 116
46 75
47 105
47 120
47 117
47 77
47 78
47 127
47 107
47 80
47 81
47 82
47 83
47 84
47 88
47 108
47 109
47 126
47 90
47 48
47 52
47 53
47 54
47 56
47 112
47 121
47 59
47 113
47 114
47 97
47 64
47 65
47 122
47 119
47 66
47 68
47 69
47 70
47 101
47 102
47 72
47 103
47 73
47 74
47 115
47 75
48 105
48 76
48 78
48 79
48 127
48 107
48 80
48 82
48 86
48 87
48 88
48 109
48 110
48 91
48 92
48 118
48 50
48 51
48 53
48 54
48 56
48 94
48 111
48 112
48 121
48 59
48 60
48 96
48 113
48 63
48 114
48 65
48 122
48 68
48 98
48 70
48 123
48 101
48 102
48 71
48 103
48 74
48 75
49 105
49 76
49 120
49 117
49 77
49 78
49 79
49 125
49 81
49 83
49 85
49 109
49 92
49 50
49 53
49 54
49 56
49 94
49 57
49 95
49 112
49 59
49 60
49 96
49 113
49 63
49 114
49 97
49 64
49 65
49 122
49 119
49 66
49 68
49 99
49 123
49 101
49 71
49 73
49 74
49 116
49 75
50 104
50 105
50 76
50 77
50 79
50 125
50 107
50 84
50 85
50 90
50 91
50 93
50 118
50 53
50 94
50 111
50 112
50 59
50 60
50 96
50 113
50 97
50 64
50 122
50 119
50 67
50 69
50 70
50 123
50 101
50 102
50 103
50 73
50 74
50 115
50 116
51 124
51 76
51 106
51 117
51 77
51 79
51 127
51 125
51 107
51 83
51 84
51 85
51 87
51 109
51 126
51 89
51 93
51 118
51 52
51 54
51 55
51 56
51 95
51 59
51 61
51 62
51 97
51 64
51 65
51 66
51 69
51 123
51 102
51 103
51 73
51 115
51 116
51 111
51 70
51 110
51 92
52 104
52 105
52 107
52 82
52 83
52 84
52 86
52 108
52 109
52 126
52 110
52 89
52 53
52 54
52 94
52 57
52 58
52 60
52 96
52 113
52 63
52 64
52 65
52 66
52 69
52 100
52 101
52 102
52 71
52 72
52 103
52 74
52 75
53 76
53 120
53 77
53 78
53 79
53 127
53 125
53 80
53 81
53 83
53 85
53 86
53 88
53 126
53 110
53 92
53 94
53 111
53 112
53 60
53 61
53 96
53 62
53 97
53 65
53 119
53 66
53 67
53 68
53 69
53 98
53 123
53 102
53 71
53 73
53 74
53 116
54 104
54 105
54 76
54 106
54 120
54 117
54 127
54 107
54 80
54 81
54 82
54 83
54 85
54 108
54 110
54 89
54 90
54 93
54 56
54 94
54 95
54 121
54 59
54 62
54 113
54 122
54 119
54 68
54 69
54 70
54 100
54 101
54 74
54 115
54 75
55 124
55 104
55 105
55 120
55 78
55 127
55 125
55 81
55 83
55 87
55 108
55 126
55 110
55 89
55 92
55 94
55 57
55 58
55 59
55 62
55 113
55 64
55 122
55 119
55 69
55 70
55 99
55 123
55 101
55 71
55 103
55 73
55 74
55 115
55 111
55 95
55 106
56 76
56 106
56 125
56 80
56 81
56 85
56 88
56 109
56 126
56 90
56 93
56 94
56 111
56 59
56 63
56 97
56 67
56 68
56 70
56 99
56 73
56 74
56 115
56 75
57 104
57 105
57 76
57 78
57 80
57 81
57 82
57 83
57 84
57 85
57 87
57 88
57 108
57 110
57 89
57 93
57 118
57 94
57 97
57 122
57 119
57 66
57 68
57 69
57 70
57 100
57 123
57 71
57 103
57 74
57 115
58 124
58 104
58 76
58 120
58 77
58 79
58 107
58 81
58 82
58 83
58 84
58 85
58 88
58 108
58 126
58 90
58 93
58 94
58 95
58 112
58 121
58 59
58 61
58 113
58 114
58 97
58 64
58 66
58 67
58 98
58 123
58 101
58 102
58 71
58 73
59 124
59 104
59 76
59 106
59 77
59 79
59 127
59 125
59 107
59 81
59 82
59 83
59 84
59 87
59 108
59 90
59 91
59 118
59 121
59 61
59 96
59 63
59 97
59 122
59 119
59 66
59 68
59 70
59 99
59 100
59 101
59 102
59 72
59 73
59 74
60 104
60 120
60 117
60 77
60 78
60 79
60 127
60 125
60 107
60 80
60 84
60 86
60 87
60 88
60 108
60 109
60 89
60 91
60 92
60 93
60 94
60 111
60 95
60 121
60 61
60 96
60 113
60 63
60 114
60 97
60 65
60 122
60 119
60 69
60 70
60 100
60 102
60 103
60 74
60 116
60 75
61 105
61 76
61 117
61 81
61 83
61 84
61 85
61 88
61 108
61 109
61 110
61 91
61 93
61 118
61 95
61 112
61 121
61 62
61 63
61 114
61 64
61 65
61 119
61 66
61 67
61 68
61 70
61 99
61 103
61 73
61 74
61 116
62 124
62 104
62 105
62 120
62 117
62 77
62 79
62 125
62 80
62 81
62 82
62 83
62 85
62 86
62 87
62 88
62 89
62 90
62 91
62 94
62 111
62 95
62 121
62 113
62 63
62 114
62 64
62 67
62 100
62 101
62 71
62 72
62 73
62 74
62 116
63 124
63 104
63 76
63 120
63 117
63 77
63 127
63 125
63 107
63 83
63 84
63 86
63 87
63 108
63 126
63 110
63 89
63 111
63 95
63 112
63 96
63 113
63 114
63 97
63 65
63 119
63 66
63 68
63 98
63 71
63 103
63 73
63 74
64 104
64 105
64 77
64 78
64 79
64 127
64 107
64 85
64 86
64 88
64 109
64 126
64 110
64 89
64 91
64 93
64 118
64 94
64 121
64 96
64 113
64 65
64 67
64 68
64 69
64 100
64 123
64 101
64 102
64 71
64 72
64 103
64 73
64 116
64 75
65 104
65 76
65 120
65 117
65 78
65 79
65 127
65 125
65 107
65 80
65 82
65 83
65 84
65 88
65 108
65 90
65 91
65 118
65 94
65 95
65 112
65 96
65 114
65 119
65 69
65 98
65 70
65 99
65 100
65 101
65 102
65 71
65 103
65 73
65 115
65 75
66 105
66 76
66 120
66 84
66 85
66 88
66 109
66 92
66 93
66 121
66 96
66 119
66 69
66 98
66 99
66 100
66 123
66 71
66 103
66 74
66 116
67 124
67 120
67 117
67 77
67 78
67 127
67 107
67 80
67 81
67 83
67 108
67 109
67 110
67 89
67 93
67 111
67 112
67 96
67 114
67 97
67 68
67 69
67 99
67 123
67 101
67 73
67 116
67 75
68 124
68 76
68 106
68 120
68 78
68 79
68 127
68 125
68 80
68 82
68 83
68 85
68 87
68 88
68 110
68 91
68 95
68 96
68 114
68 122
68 119
68 99
68 123
68 101
68 103
68 73
68 116
68 75
69 76
69 120
69 77
69 127
69 107
69 81
69 82
69 83
69 84
69 88
69 108
69 109
69 110
69 89
69 90
69 91
69 111
69 95
69 114
69 119
69 70
69 123
69 101
69 71
69 74
69 116
69 75
70 124
70 105
70 76
70 77
70 78
70 80
70 88
70 109
70 126
70 110
70 90
70 112
70 123
70 101
70 71
70 72
70 103
70 116
70 125
70 111
70 95
70 106
70 92
71 123
71 124
71 105
71 106
71 120
71 117
71 77
71 79
71 80
71 82
71 83
71 85
71 86
71 108
71 110
71 90
71 93
71 118
71 94
71 111
71 113
71 97
71 119
71 98
71 99
71 100
71 101
71 72
71 103
71 115
71 75
72 123
72 124
72 104
72 105
72 76
72 120
72 117
72 77
72 79
72 127
72 107
72 80
72 82
72 83
72 85
72 87
72 108
72 110
72 93
72 94
72 95
72 121
72 114
72 122
72 98
72 100
72 102
73 123
73 104
73 120
73 117
73 77
73 78
73 79
73 125
73 107
73 80
73 82
73 83
73 84
73 87
73 109
73 110
73 90
73 94
73 111
73 95
73 121
73 96
73 113
73 97
73 115
74 123
74 105
74 76
74 120
74 77
74 78
74 79
74 127
74 125
74 107
74 82
74 87
74 88
74 109
74 126
74 89
74 90
74 91
74 92
74 95
74 96
74 98
74 99
74 100
74 101
74 102
74 103
74 116
74 75
75 123
75 76
75 120
75 77
75 127
75 83
75 87
75 126
75 90
75 95
75 96
75 114
75 97
75 99
75 101
75 115
76 124
76 120
76 117
76 79
76 127
76 125
76 80
76 81
76 85
76 87
76 109
76 126
76 91
76 93
76 95
76 112
76 96
76 113
76 97
76 98
76 99
76 115
76 116
77 123
77 124
77 104
77 105
77 106
77 120
77 117
77 127
77 125
77 81
77 82
77 85
77 86
77 88
77 108
77 89
77 90
77 91
77 118
77 94
77 111
77 121
77 113
77 114
77 99
77 102
77 115
78 124
78 104
78 105
78 120
78 127
78 125
78 80
78 86
78 87
78 108
78 126
78 89
78 90
78 91
78 92
78 111
78 95
78 112
78 121
78 96
78 113
78 114
78 97
78 122
78 98
78 100
78 101
79 124
79 120
79 107
79 81
79 82
79 83
79 84
79 88
79 109
79 110
79 90
79 91
79 95
79 121
79 96
79 113
79 97
79 122
79 119
79 98
79 99
79 100
79 101
80 124
80 104
80 106
80 117
80 107
80 86
80 109
80 89
80 90
80 92
80 93
80 118
80 111
80 95
80 121
80 97
80 122
80 119
80 99
80 101
80 102
80 103
81 123
81 124
81 104
81 105
81 120
81 117
81 125
81 82
81 83
81 86
81 87
81 126
81 91
81 93
81 111
81 121
81 96
81 114
81 97
81 119
81 102
81 115
81 116
82 123
82 124
82 105
82 106
82 120
82 117
82 83
82 84
82 86
82 87
82 108
82 109
82 90
82 91
82 111
82 121
82 114
82 122
82 99
82 100
82 101
82 102
82 103
82 116
83 123
83 124
83 105
83 120
83 127
83 107
83 86
83 88
83 110
83 90
83 93
83 118
83 94
83 95
83 96
83 113
83 97
83 99
83 101
83 102
83 116
84 123
84 124
84 104
84 105
84 117
84 85
84 87
84 88
84 108
84 109
84 126
84 110
84 90
84 91
84 93
84 118
84 94
84 112
84 122
84 98
84 100
84 103
84 115
85 120
85 117
85 88
85 108
85 109
85 126
85 110
85 89
85 91
85 93
85 118
85 94
85 111
85 112
85 121
85 96
85 113
85 119
85 99
85 101
85 102
85 103
85 115
85 116
86 106
86 120
86 87
86 88
86 110
86 90
86 91
86 118
86 111
86 113
86 114
86 122
86 119
86 98
86 100
86 101
87 123
87 124
87 105
87 106
87 120
87 117
87 127
87 125
87 109
87 90
87 91
87 118
87 94
87 112
87 121
87 96
87 119
87 98
87 99
87 102
87 103
88 124
88 105
88 117
88 125
88 109
88 126
88 89
88 90
88 91
88 94
88 111
88 121
88 96
88 122
88 119
88 102
89 123
89 104
89 105
89 120
89 125
89 108
89 109
89 92
89 93
89 118
89 111
89 95
89 114
89 97
89 122
89 98
89 99
89 103
89 116
90 123
90 104
90 105
90 117
90 127
90 125
90 107
90 126
90 110
90 91
90 93
90 118
90 94
90 95
90 121
90 96
90 113
90 97
90 119
90 99
90 101
90 115
91 123
91 124
91 106
91 127
91 125
91 107
91 108
91 109
91 110
91 93
91 112
91 96
91 113
91 114
91 122
91 98
91 100
91 101
91 103
91 115
92 123
92 105
92 120
92 127
92 125
92 107
92 108
92 126
92 110
92 93
92 94
92 121
92 96
92 113
92 119
92 102
92 115
92 116
92 111
92 95
92 106
93 123
93 124
93 104
93 127
93 108
93 94
93 111
93 95
93 114
93 97
93 98
93 100
93 101
93 102
93 103
93 115
94 104
94 105
94 125
94 108
94 109
94 110
94 112
94 114
94 99
94 100
94 101
94 102
94 103
95 120
95 107
95 111
95 114
95 98
95 100
95 115
95 123
95 125
95 106
95 110
96 123
96 104
96 106
96 120
96 127
96 107
96 118
96 113
96 97
96 99
96 100
96 101
96 103
96 115
97 104
97 105
97 106
97 120
97 125
97 108
97 109
97 126
97 118
97 119
97 99
98 106
98 117
98 118
98 111
98 121
98 113
98 114
98 122
98 119
98 100
98 101
98 102
99 123
99 104
99 105
99 106
99 117
99 127
99 108
99 126
99 110
99 122
99 119
99 102
100 124
100 105
100 127
100 108
100 126
100 110
100 112
100 113
100 114
100 122
100 119
100 101
100 102
100 103
100 115
101 123
101 104
101 105
101 127
101 107
101 109
101 126
101 118
101 111
101 112
101 113
101 122
101 102
101 115
102 124
102 104
102 105
102 106
102 127
102 109
102 111
102 113
102 114
102 119
102 103
102 115
102 116
103 123
103 104
103 105
103 106
103 117
103 108
103 126
103 110
103 121
103 113
103 114
104 123
104 124
104 106
104 117
104 127
104 125
104 107
104 109
104 110
104 118
104 112
104 113
104 114
104 115
104 116
105 120
105 125
105 108
105 118
105 112
105 121
105 113
105 119
106 107
106 108
106 109
106 126
106 111
106 113
106 122
106 115
106 116
106 123
106 125
106 110
107 123
107 124
107 117
107 127
107 125
107 108
107 109
107 118
107 111
107 112
107 121
107 113
107 114
107 122
107 119
107 115
107 116
108 123
108 124
108 117
108 127
108 109
108 126
108 110
108 118
108 112
108 122
108 115
109 123
109 126
109 118
109 112
109 121
109 113
109 122
109 116
110 123
110 124
110 127
110 125
110 118
110 112
110 122
110 115
110 116
110 111
111 120
111 125
111 126
111 112
111 113
111 114
111 119
111 123
112 124
112 120
112 126
112 118
112 121
112 114
112 119
112 116
113 124
113 127
113 125
113 118
113 121
113 119
113 115
113 116
114 126
114 122
114 115
114 116
115 124
115 117
115 119
115 116
116 120
116 125
116 126
116 118
116 121
117 123
117 124
117 126
118 120
118 122
119 124
119 120
119 127
119 125
119 126
119 122
120 124
120 125
120 126
120 121
120 122
121 123
121 127
121 126
122 124
122 127
122 125
123 124
123 125
124 127
125 127
125 126
