0 1
0 2
0 3
0 4
0 5
0 6
0 7
0 8
0 9
0 10
0 11
0 12
0 13
0 14
0 15
0 16
0 17
0 18
0 19
0 20
0 21
0 22
0 23
0 24
0 25
0 26
0 27
0 28
0 29
0 30
0 31
0 32
0 33
0 34
0 35
0 36
0 37
0 38
0 39
0 40
0 41
0 42
0 43
0 44
0 45
0 46
0 47
0 48
0 49
0 50
0 51
0 52
0 53
0 54
0 55
0 56
0 57
0 58
0 59
0 60
0 61
0 62
0 63
1 64
1 65
1 66
1 4
1 5
1 67
1 68
1 69
1 70
1 10
1 11
1 12
1 14
1 15
1 17
1 18
1 71
1 72
1 20
1 21
1 22
1 23
1 73
1 74
1 75
1 76
1 77
1 78
1 26
1 80
1 31
1 32
1 36
1 81
1 82
1 40
1 83
1 45
1 84
1 85
1 46
1 86
1 49
1 52
1 53
1 87
1 54
1 88
1 55
1 89
1 57
1 90
1 58
1 91
1 59
1 60
1 92
1 63
2 64
2 65
2 93
2 94
2 4
2 6
2 7
2 67
2 9
2 70
2 10
2 95
2 13
2 14
2 16
2 19
2 96
2 21
2 22
2 97
2 73
2 98
2 75
2 76
2 77
2 80
2 30
2 33
2 34
2 35
2 100
2 38
2 39
2 40
2 101
2 45
2 102
2 85
2 103
2 104
2 105
2 49
2 52
2 106
2 87
2 54
2 88
2 89
2 107
2 108
2 57
2 60
2 61
2 62
2 63
2 37
2 112
2 92
2 55
2 79
2 28
2 43
2 24
3 65
3 4
3 6
3 68
3 8
3 69
3 95
3 110
3 12
3 13
3 14
3 15
3 18
3 96
3 72
3 20
3 73
3 24
3 75
3 76
3 77
3 79
3 28
3 29
3 31
3 111
3 33
3 34
3 35
3 36
3 100
3 37
3 81
3 40
3 41
3 83
3 42
3 43
3 47
3 48
3 105
3 49
3 50
3 52
3 106
3 112
3 54
3 88
3 55
3 108
3 90
3 109
3 58
3 59
3 60
3 113
3 114
3 62
3 115
3 116
4 64
4 65
4 93
4 66
4 67
4 117
4 118
4 69
4 9
4 10
4 95
4 110
4 11
4 16
4 17
4 18
4 96
4 119
4 120
4 20
4 121
4 21
4 73
4 98
4 74
4 75
4 25
4 77
4 79
4 27
4 29
4 30
4 31
4 33
4 36
4 37
4 83
4 44
4 45
4 102
4 103
4 104
4 47
4 105
4 122
4 86
4 49
4 50
4 51
4 52
4 87
4 54
4 88
4 55
4 89
4 56
4 107
4 108
4 109
4 60
4 92
4 123
4 114
4 61
4 62
4 116
5 64
5 65
5 66
5 67
5 68
5 118
5 8
5 9
5 124
5 95
5 11
5 12
5 13
5 17
5 96
5 125
5 119
5 20
5 97
5 73
5 98
5 76
5 77
5 27
5 99
5 126
5 80
5 30
5 32
5 35
5 100
5 37
5 81
5 82
5 40
5 43
5 101
5 45
5 84
5 103
5 104
5 48
5 52
5 112
5 87
5 54
5 89
5 56
5 57
5 109
5 62
5 116
6 65
6 94
6 7
6 68
6 117
6 118
6 69
6 9
6 95
6 11
6 13
6 14
6 15
6 72
6 20
6 21
6 22
6 23
6 97
6 73
6 25
6 76
6 77
6 78
6 79
6 28
6 99
6 126
6 32
6 127
6 34
6 35
6 36
6 100
6 82
6 38
6 40
6 41
6 83
6 43
6 84
6 103
6 48
6 105
6 122
6 86
6 51
6 52
6 53
6 106
6 112
6 54
6 107
6 109
6 58
6 60
6 113
6 92
6 114
6 61
7 65
7 93
7 67
7 68
7 117
7 69
7 124
7 95
7 110
7 11
7 15
7 16
7 17
7 18
7 96
7 119
7 121
7 21
7 22
7 73
7 98
7 75
7 26
7 79
7 29
7 126
7 33
7 35
7 100
7 37
7 82
7 40
7 42
7 45
7 102
7 103
7 104
7 105
7 122
7 52
7 53
7 106
7 112
7 54
7 88
7 109
7 58
7 60
7 113
7 92
7 123
7 62
7 63
7 115
8 64
8 94
8 68
8 9
8 124
8 95
8 110
8 13
8 14
8 15
8 17
8 18
8 19
8 71
8 119
8 121
8 21
8 22
8 23
8 97
8 98
8 24
8 25
8 76
8 77
8 78
8 29
8 32
8 111
8 127
8 33
8 35
8 100
8 37
8 81
8 82
8 38
8 39
8 40
8 83
8 42
8 101
8 44
8 45
8 102
8 84
8 85
8 103
8 104
8 105
8 49
8 50
8 53
8 106
8 112
8 88
8 55
8 89
8 56
8 90
8 109
8 58
8 61
8 115
8 116
9 65
9 93
9 66
9 94
9 67
9 118
9 69
9 70
9 10
9 95
9 110
9 12
9 14
9 15
9 18
9 71
9 96
9 72
9 20
9 22
9 98
9 24
9 75
9 76
9 77
9 26
9 28
9 29
9 99
9 126
9 80
9 30
9 32
9 111
9 33
9 35
9 100
9 81
9 82
9 38
9 41
9 83
9 42
9 43
9 101
9 45
9 102
9 84
9 46
9 48
9 105
9 86
9 49
9 106
9 107
9 108
9 57
9 90
9 91
9 123
9 114
9 61
9 115
9 116
10 64
10 94
10 68
10 118
10 69
10 70
10 11
10 12
10 13
10 17
10 19
10 72
10 125
10 20
10 21
10 73
10 74
10 24
10 75
10 78
10 26
10 27
10 28
10 126
10 30
10 31
10 32
10 111
10 34
10 81
10 82
10 41
10 42
10 43
10 102
10 84
10 47
10 105
10 49
10 51
10 106
10 112
10 87
10 88
10 55
10 89
10 56
10 91
10 59
10 60
10 113
10 92
10 114
11 64
11 66
11 117
11 118
11 95
11 12
11 13
11 14
11 17
11 19
11 71
11 72
11 21
11 22
11 23
11 97
11 73
11 98
11 74
11 75
11 29
11 99
11 80
11 32
11 111
11 127
11 33
11 34
11 36
11 81
11 40
11 83
11 43
11 101
11 44
11 45
11 102
11 85
11 46
11 47
11 48
11 105
11 52
11 53
11 112
11 55
11 56
11 107
11 57
11 109
11 58
11 59
11 60
11 123
11 62
11 116
12 64
12 65
12 66
12 94
12 67
12 117
12 118
12 69
12 124
12 95
12 13
12 19
12 71
12 96
12 121
12 23
12 97
12 74
12 24
12 25
12 78
12 79
12 27
12 80
12 30
12 32
12 111
12 33
12 34
12 100
12 40
12 101
12 45
12 102
12 85
12 103
12 46
12 48
12 122
12 50
12 51
12 52
12 106
12 87
12 54
12 55
12 107
12 57
12 90
12 59
12 60
12 113
12 123
12 114
12 61
12 62
12 116
13 64
13 65
13 93
13 94
13 67
13 68
13 117
13 118
13 124
13 110
13 14
13 16
13 18
13 71
13 120
13 20
13 121
13 97
13 73
13 98
13 74
13 24
13 75
13 25
13 76
13 77
13 78
13 26
13 27
13 126
13 80
13 30
13 32
13 111
13 33
13 36
13 82
13 41
13 42
13 101
13 45
13 102
13 48
13 122
13 49
13 50
13 51
13 52
13 112
13 89
13 107
13 108
13 57
13 90
13 109
13 58
13 113
13 123
13 114
13 61
13 116
14 64
14 65
14 93
14 66
14 68
14 117
14 70
14 124
14 95
14 16
14 17
14 18
14 71
14 96
14 72
14 125
14 20
14 21
14 23
14 98
14 74
14 24
14 75
14 77
14 78
14 26
14 79
14 27
14 28
14 29
14 99
14 126
14 30
14 31
14 32
14 111
14 34
14 36
14 100
14 37
14 38
14 39
14 41
14 83
14 43
14 101
14 85
14 103
14 48
14 105
14 122
14 49
14 51
14 52
14 88
14 56
14 107
14 108
14 58
14 59
14 60
14 123
14 114
14 61
14 62
14 63
15 64
15 65
15 66
15 67
15 68
15 69
15 95
15 16
15 18
15 19
15 71
15 96
15 72
15 119
15 20
15 21
15 22
15 73
15 98
15 78
15 26
15 27
15 99
15 126
15 31
15 32
15 111
15 34
15 35
15 36
15 100
15 82
15 38
15 39
15 40
15 41
15 42
15 43
15 101
15 102
15 84
15 85
15 46
15 48
15 53
15 106
15 87
15 54
15 88
15 107
15 90
15 109
15 59
15 60
15 113
15 114
15 61
15 116
16 64
16 94
16 67
16 68
16 117
16 69
16 70
16 124
16 110
16 17
16 19
16 71
16 72
16 119
16 120
16 121
16 21
16 23
16 97
16 74
16 24
16 75
16 25
16 77
16 26
16 79
16 27
16 28
16 29
16 99
16 126
16 80
16 111
16 33
16 35
16 37
16 82
16 38
16 40
16 83
16 43
16 44
16 102
16 85
16 46
16 122
16 86
16 49
16 50
16 52
16 112
16 56
16 108
16 57
16 109
16 91
16 59
16 60
16 113
16 123
16 115
16 116
16 105
16 62
16 92
16 87
16 61
16 55
16 106
16 101
17 64
17 65
17 93
17 66
17 117
17 118
17 69
17 18
17 71
17 96
17 125
17 119
17 121
17 22
17 23
17 97
17 73
17 75
17 76
17 77
17 27
17 99
17 126
17 80
17 30
17 111
17 127
17 33
17 35
17 36
17 37
17 38
17 39
17 40
17 41
17 83
17 42
17 84
17 85
17 47
17 49
17 52
17 106
17 112
17 87
17 88
17 55
17 89
17 108
17 57
17 109
17 58
17 59
17 92
17 123
17 61
17 62
17 63
17 116
18 64
18 66
18 94
18 68
18 69
18 70
18 124
18 110
18 19
18 71
18 125
18 121
18 21
18 97
18 73
18 76
18 77
18 78
18 79
18 27
18 29
18 99
18 126
18 30
18 31
18 32
18 111
18 33
18 34
18 35
18 36
18 100
18 81
18 82
18 38
18 43
18 101
18 44
18 102
18 85
18 47
18 48
18 105
18 122
18 86
18 49
18 52
18 54
18 89
18 56
18 107
18 92
18 123
18 62
18 63
18 115
19 65
19 66
19 67
19 68
19 117
19 124
19 110
19 71
19 96
19 72
19 20
19 21
19 23
19 97
19 98
19 74
19 25
19 76
19 77
19 78
19 26
19 79
19 28
19 99
19 80
19 30
19 31
19 33
19 34
19 35
19 100
19 37
19 81
19 82
19 40
19 41
19 42
19 43
19 44
19 102
19 84
19 85
19 103
19 46
19 104
19 48
19 105
19 86
19 49
19 51
19 53
19 106
19 112
19 87
19 54
19 89
19 56
19 107
19 108
19 57
19 58
19 91
19 59
19 60
19 113
19 92
19 123
19 61
19 62
19 63
19 115
19 116
19 55
19 101
19 24
20 64
20 65
20 67
20 68
20 118
20 70
20 124
20 95
20 110
20 71
20 72
20 21
20 97
20 74
20 24
20 25
20 77
20 28
20 126
20 80
20 30
20 31
20 111
20 127
20 33
20 35
20 100
20 81
20 39
20 83
20 42
20 44
20 85
20 105
20 122
20 86
20 51
20 53
20 87
20 54
20 88
20 55
20 107
20 108
20 57
20 90
20 109
20 58
20 91
20 59
20 60
20 113
20 114
20 63
21 64
21 93
21 66
21 117
21 118
21 69
21 110
21 96
21 125
21 22
21 23
21 73
21 75
21 76
21 77
21 26
21 79
21 28
21 99
21 126
21 80
21 31
21 33
21 81
21 82
21 38
21 39
21 41
21 83
21 42
21 101
21 45
21 47
21 48
21 105
21 122
21 49
21 51
21 106
21 54
21 88
21 89
21 56
21 90
21 109
21 58
21 91
21 59
21 60
21 113
21 92
21 114
21 63
22 64
22 65
22 67
22 68
22 117
22 70
22 110
22 96
22 72
22 120
22 121
22 23
22 73
22 98
22 74
22 75
22 76
22 78
22 26
22 28
22 126
22 80
22 31
22 33
22 34
22 36
22 100
22 38
22 40
22 41
22 44
22 102
22 103
22 46
22 122
22 49
22 52
22 89
22 107
22 57
22 90
22 58
22 91
22 60
22 123
22 116
23 64
23 65
23 93
23 66
23 67
23 68
23 117
23 118
23 95
23 96
23 72
23 121
23 97
23 75
23 25
23 76
23 26
23 28
23 99
23 111
23 127
23 34
23 35
23 100
23 37
23 39
23 41
23 42
23 45
23 102
23 104
23 47
23 48
23 122
23 86
23 50
23 51
23 106
23 112
23 87
23 54
23 88
23 56
23 107
23 108
23 57
23 113
23 92
23 123
23 61
23 62
23 63
23 115
24 117
24 118
24 70
24 110
24 72
24 125
24 120
24 121
24 73
24 74
24 77
24 26
24 27
24 28
24 29
24 30
24 127
24 101
24 44
24 45
24 84
24 85
24 46
24 47
24 48
24 105
24 86
24 49
24 50
24 51
24 52
24 53
24 106
24 112
24 88
24 56
24 108
24 57
24 58
24 59
24 60
24 92
24 123
24 115
24 102
24 40
24 62
24 37
24 87
24 61
24 55
24 79
24 43
25 64
25 66
25 67
25 68
25 70
25 124
25 95
25 110
25 96
25 125
25 119
25 121
25 97
25 76
25 31
25 32
25 35
25 36
25 82
25 42
25 45
25 102
25 84
25 85
25 46
25 104
25 48
25 122
25 49
25 50
25 52
25 112
25 87
25 54
25 88
25 89
25 108
25 57
25 58
25 91
25 59
25 113
25 92
25 61
25 63
26 65
26 93
26 66
26 67
26 118
26 70
26 110
26 71
26 119
26 121
26 97
26 73
26 74
26 75
26 76
26 77
26 78
26 79
26 27
26 28
26 29
26 126
26 30
26 31
26 35
26 36
26 100
26 81
26 40
26 83
26 44
26 45
26 84
26 104
26 47
26 105
26 122
26 50
26 51
26 52
26 53
26 88
26 55
26 108
26 90
26 113
26 92
26 123
26 62
26 116
27 64
27 93
27 118
27 69
27 71
27 125
27 120
27 73
27 74
27 75
27 76
27 78
27 29
27 99
27 30
27 127
27 35
27 36
27 37
27 82
27 39
27 40
27 41
27 42
27 45
27 102
27 84
27 85
27 103
27 104
27 47
27 48
27 105
27 49
27 50
27 52
27 87
27 56
27 108
27 57
27 90
27 109
27 58
27 91
27 92
27 123
27 62
27 115
27 116
28 93
28 66
28 68
28 117
28 69
28 70
28 95
28 125
28 119
28 97
28 73
28 75
28 76
28 30
28 32
28 111
28 127
28 33
28 34
28 35
28 36
28 82
28 38
28 39
28 102
28 84
28 85
28 47
28 48
28 105
28 50
28 53
28 112
28 87
28 54
28 55
28 89
28 109
28 58
28 60
28 113
28 61
28 62
28 116
28 57
28 40
28 37
28 92
28 106
28 101
28 79
28 43
29 64
29 65
29 93
29 66
29 94
29 68
29 117
29 118
29 110
29 71
29 96
29 125
29 119
29 120
29 97
29 98
29 74
29 75
29 76
29 77
29 126
29 80
29 31
29 111
29 33
29 34
29 35
29 100
29 37
29 43
29 101
29 44
29 45
29 102
29 50
29 52
29 53
29 87
29 55
29 89
29 56
29 108
29 90
29 109
29 58
29 92
29 123
29 114
29 61
29 63
29 115
29 116
30 93
30 94
30 68
30 117
30 69
30 70
30 95
30 72
30 125
30 119
30 120
30 121
30 98
30 75
30 111
30 33
30 34
30 35
30 38
30 39
30 44
30 45
30 104
30 105
30 122
30 49
30 50
30 112
30 87
30 88
30 56
30 107
30 57
30 90
30 58
30 91
30 60
30 113
30 123
30 61
30 63
31 65
31 93
31 67
31 68
31 117
31 69
31 71
31 96
31 72
31 125
31 120
31 121
31 97
31 98
31 74
31 75
31 76
31 99
31 111
31 127
31 35
31 37
31 82
31 40
31 41
31 83
31 45
31 102
31 84
31 103
31 104
31 105
31 51
31 52
31 53
31 106
31 56
31 57
31 58
31 91
31 92
31 123
31 114
31 61
31 115
32 64
32 93
32 67
32 117
32 124
32 110
32 71
32 96
32 119
32 120
32 121
32 73
32 78
32 126
32 80
32 111
32 33
32 81
32 82
32 39
32 40
32 42
32 84
32 104
32 48
32 105
32 86
32 49
32 52
32 112
32 87
32 54
32 88
32 56
32 107
32 108
32 58
32 59
32 60
32 123
32 114
32 116
33 64
33 65
33 67
33 68
33 117
33 118
33 70
33 95
33 110
33 96
33 72
33 125
33 119
33 121
33 73
33 77
33 78
33 99
33 80
33 111
33 34
33 36
33 100
33 37
33 82
33 38
33 39
33 101
33 103
33 46
33 104
33 47
33 105
33 122
33 49
33 50
33 51
33 112
33 89
33 107
33 57
33 58
33 91
33 59
33 60
33 92
33 61
33 63
33 115
34 65
34 94
34 67
34 117
34 69
34 70
34 95
34 71
34 96
34 119
34 120
34 97
34 73
34 98
34 80
34 37
34 81
34 39
34 83
34 42
34 101
34 45
34 102
34 103
34 46
34 104
34 47
34 48
34 105
34 112
34 54
34 88
34 56
34 108
34 90
34 58
34 113
34 123
34 114
34 61
34 62
35 64
35 65
35 66
35 69
35 70
35 95
35 96
35 72
35 125
35 120
35 97
35 73
35 75
35 76
35 77
35 79
35 99
35 80
35 111
35 127
35 100
35 41
35 83
35 43
35 45
35 102
35 84
35 85
35 103
35 46
35 47
35 48
35 105
35 50
35 51
35 52
35 106
35 55
35 56
35 57
35 60
35 92
35 114
35 63
35 115
35 116
36 64
36 65
36 66
36 94
36 67
36 68
36 118
36 69
36 95
36 125
36 119
36 120
36 121
36 97
36 98
36 76
36 99
36 80
36 111
36 100
36 81
36 38
36 39
36 41
36 83
36 42
36 43
36 101
36 44
36 45
36 104
36 47
36 48
36 105
36 51
36 106
36 87
36 54
36 55
36 89
36 109
36 59
36 123
36 114
36 62
36 63
36 116
37 64
37 66
37 94
37 117
37 118
37 124
37 95
37 96
37 125
37 119
37 120
37 121
37 98
37 74
37 78
37 126
37 80
37 111
37 127
37 81
37 40
37 41
37 83
37 42
37 44
37 102
37 85
37 103
37 104
37 47
37 105
37 49
37 50
37 51
37 53
37 106
37 112
37 87
37 55
37 89
37 108
37 57
37 58
37 91
37 59
37 60
37 92
37 61
37 62
37 101
37 79
37 43
38 64
38 65
38 66
38 70
38 124
38 119
38 76
38 40
38 83
38 42
38 101
38 85
38 46
38 104
38 48
38 105
38 122
38 86
38 53
38 106
38 87
38 54
38 88
38 107
38 108
38 109
38 91
38 113
38 123
38 115
38 116
39 64
39 65
39 93
39 66
39 94
39 67
39 68
39 70
39 124
39 71
39 72
39 125
39 119
39 120
39 75
39 76
39 77
39 99
39 126
39 127
39 100
39 81
39 82
39 41
39 42
39 101
39 44
39 45
39 102
39 84
39 103
39 46
39 47
39 105
39 52
39 55
39 56
39 108
39 57
39 109
39 91
39 92
39 123
39 61
39 62
39 116
40 65
40 94
40 68
40 95
40 71
40 125
40 119
40 120
40 73
40 75
40 77
40 78
40 79
40 126
40 80
40 81
40 41
40 42
40 101
40 45
40 102
40 85
40 103
40 47
40 105
40 86
40 50
40 52
40 106
40 112
40 87
40 88
40 55
40 89
40 56
40 57
40 90
40 109
40 58
40 91
40 59
40 92
40 123
40 62
40 63
40 61
40 43
41 64
41 65
41 93
41 66
41 94
41 68
41 118
41 70
41 124
41 71
41 72
41 125
41 120
41 121
41 97
41 98
41 74
41 77
41 78
41 99
41 126
41 111
41 81
41 83
41 42
41 43
41 45
41 102
41 84
41 85
41 104
41 47
41 105
41 122
41 50
41 52
41 106
41 112
41 87
41 54
41 55
41 89
41 56
41 107
41 108
41 109
41 58
41 91
41 59
41 60
41 113
41 123
41 62
41 116
42 93
42 66
42 94
42 67
42 68
42 117
42 118
42 70
42 72
42 97
42 76
42 77
42 78
42 79
42 80
42 100
42 81
42 43
42 46
42 104
42 47
42 48
42 50
42 52
42 53
42 88
42 108
42 90
42 58
42 91
42 59
42 60
42 113
42 92
42 114
42 61
42 62
42 115
42 116
43 65
43 93
43 69
43 70
43 96
43 125
43 97
43 76
43 111
43 127
43 81
43 82
43 101
43 44
43 45
43 84
43 85
43 46
43 47
43 86
43 49
43 50
43 53
43 54
43 88
43 89
43 56
43 107
43 108
43 58
43 91
43 59
43 123
43 114
43 62
43 63
43 115
43 116
43 102
43 57
43 105
43 112
43 92
43 87
43 61
43 55
43 106
43 79
44 64
44 93
44 66
44 72
44 120
44 121
44 97
44 98
44 74
44 75
44 76
44 77
44 99
44 80
44 111
44 127
44 100
44 81
44 45
44 84
44 47
44 48
44 122
44 51
44 52
44 106
44 112
44 87
44 55
44 57
44 90
44 91
44 59
44 60
44 113
44 114
44 61
44 115
44 116
45 64
45 65
45 117
45 118
45 70
45 110
45 96
45 72
45 125
45 121
45 73
45 74
45 78
45 79
45 80
45 111
45 127
45 100
45 81
45 48
45 105
45 122
45 86
45 49
45 51
45 87
45 54
45 88
45 89
45 108
45 90
45 58
45 60
45 113
45 92
45 123
45 114
45 63
45 116
46 64
46 65
46 93
46 117
46 118
46 69
46 70
46 124
46 71
46 96
46 121
46 97
46 73
46 98
46 78
46 126
46 80
46 127
46 100
46 82
46 102
46 84
46 104
46 48
46 105
46 122
46 50
46 53
46 106
46 87
46 54
46 88
46 55
46 56
46 107
46 108
46 90
46 59
46 113
46 92
46 123
46 114
46 61
46 115
47 64
47 65
47 93
47 66
47 94
47 67
47 68
47 95
47 110
47 71
47 96
47 72
47 125
47 119
47 97
47 98
47 75
47 76
47 78
47 111
47 127
47 100
47 81
47 83
47 84
47 103
47 104
47 105
47 50
47 51
47 54
47 88
47 55
47 89
47 107
47 57
47 90
47 59
47 113
47 123
47 114
47 62
47 116
48 64
48 93
48 67
48 70
48 124
48 95
48 71
48 72
48 119
48 120
48 121
48 98
48 76
48 78
48 126
48 100
48 81
48 82
48 83
48 101
48 102
48 85
48 103
48 86
48 106
48 112
48 87
48 54
48 107
48 90
48 109
48 58
48 59
48 113
48 92
48 62
49 64
49 66
49 117
49 118
49 124
49 95
49 72
49 120
49 121
49 73
49 76
49 78
49 79
49 127
49 100
49 81
49 82
49 83
49 102
49 85
49 103
49 105
49 86
49 52
49 106
49 88
49 55
49 56
49 107
49 108
49 57
49 58
49 91
49 59
49 60
49 113
49 92
49 123
49 114
49 62
49 63
50 93
50 94
50 67
50 68
50 117
50 70
50 95
50 110
50 120
50 121
50 97
50 98
50 76
50 77
50 111
50 100
50 81
50 82
50 102
50 84
50 103
50 122
50 51
50 52
50 53
50 112
50 89
50 108
50 57
50 91
50 59
50 60
50 123
50 114
50 115
51 65
51 93
51 66
51 94
51 67
51 68
51 124
51 95
51 71
51 96
51 72
51 125
51 119
51 97
51 98
51 74
51 75
51 76
51 99
51 126
51 127
51 100
51 81
51 101
51 84
51 85
51 104
51 105
51 52
51 112
51 54
51 56
51 107
51 108
51 57
51 90
51 109
51 58
51 91
51 60
51 92
51 61
51 62
51 63
51 115
51 116
52 64
52 65
52 67
52 68
52 69
52 124
52 110
52 71
52 119
52 74
52 77
52 79
52 126
52 101
52 102
52 104
52 122
52 87
52 54
52 55
52 89
52 56
52 107
52 90
52 109
52 58
52 59
52 60
52 113
52 123
52 115
52 116
53 94
53 67
53 68
53 117
53 118
53 69
53 95
53 97
53 73
53 74
53 75
53 76
53 77
53 78
53 79
53 126
53 80
53 127
53 81
53 82
53 101
53 102
53 85
53 105
53 112
53 87
53 88
53 55
53 89
53 108
53 57
53 91
53 113
53 114
53 63
54 65
54 66
54 94
54 67
54 68
54 117
54 118
54 124
54 95
54 110
54 96
54 125
54 119
54 120
54 121
54 97
54 73
54 76
54 77
54 78
54 99
54 82
54 101
54 102
54 84
54 85
54 103
54 104
54 105
54 86
54 87
54 88
54 55
54 56
54 107
54 57
54 58
54 59
54 60
54 62
54 63
54 116
55 64
55 69
55 70
55 124
55 71
55 72
55 125
55 119
55 97
55 74
55 75
55 76
55 78
55 79
55 99
55 126
55 111
55 127
55 100
55 82
55 83
55 102
55 85
55 103
55 104
55 105
55 122
55 86
55 112
55 87
55 89
55 57
55 109
55 114
55 115
55 62
55 92
55 61
55 106
55 101
56 64
56 65
56 66
56 67
56 68
56 117
56 95
56 110
56 72
56 120
56 98
56 77
56 78
56 79
56 127
56 100
56 83
56 102
56 84
56 108
56 58
56 91
56 92
56 61
56 62
56 63
56 115
57 64
57 65
57 67
57 68
57 117
57 95
57 71
57 72
57 121
57 97
57 75
57 76
57 78
57 126
57 127
57 81
57 83
57 101
57 102
57 84
57 105
57 122
57 106
57 112
57 87
57 88
57 89
57 108
57 90
57 58
57 91
57 59
57 92
57 123
57 114
57 61
57 62
57 63
57 115
57 116
57 79
58 66
58 67
58 118
58 124
58 95
58 72
58 125
58 119
58 120
58 121
58 74
58 75
58 126
58 80
58 111
58 82
58 83
58 102
58 85
58 104
58 105
58 122
58 86
58 89
58 90
58 109
58 91
58 59
58 60
58 114
58 62
58 115
59 117
59 118
59 69
59 95
59 110
59 71
59 96
59 72
59 119
59 120
59 121
59 97
59 98
59 74
59 75
59 77
59 78
59 99
59 126
59 81
59 83
59 102
59 84
59 103
59 104
59 106
59 112
59 88
59 89
59 107
59 90
59 91
59 92
59 114
59 61
59 63
60 64
60 93
60 66
60 68
60 117
60 69
60 124
60 71
60 96
60 72
60 125
60 119
60 120
60 97
60 73
60 98
60 75
60 76
60 111
60 81
60 82
60 83
60 101
60 85
60 104
60 122
60 106
60 112
60 87
60 88
60 107
60 108
60 90
60 109
60 114
60 63
61 93
61 68
61 117
61 69
61 110
61 71
61 96
61 72
61 121
61 97
61 73
61 75
61 76
61 80
61 100
61 101
61 102
61 84
61 104
61 105
61 106
61 112
61 87
61 89
61 90
61 91
61 92
61 123
61 114
61 63
61 115
61 116
61 62
61 79
62 64
62 65
62 93
62 66
62 94
62 67
62 117
62 118
62 110
62 71
62 96
62 72
62 120
62 121
62 73
62 74
62 76
62 77
62 78
62 79
62 80
62 127
62 100
62 101
62 102
62 104
62 105
62 122
62 106
62 112
62 87
62 88
62 89
62 90
62 109
62 113
62 92
62 115
63 65
63 66
63 94
63 67
63 117
63 69
63 70
63 124
63 95
63 110
63 71
63 96
63 72
63 125
63 97
63 98
63 74
63 76
63 78
63 79
63 99
63 126
63 80
63 82
63 83
63 102
63 105
63 86
63 106
63 87
63 88
63 107
63 108
63 90
63 109
64 65
64 93
64 66
64 94
64 67
64 118
64 124
64 71
64 72
64 120
64 121
64 98
64 74
64 77
64 99
64 111
64 127
64 100
64 82
64 101
64 84
64 104
64 88
64 107
64 90
64 113
64 123
64 116
65 66
65 94
65 118
65 69
65 110
65 72
65 119
65 120
65 121
65 97
65 73
65 79
65 99
65 111
65 104
65 105
65 86
65 112
65 87
65 88
65 107
65 90
65 92
65 115
66 94
66 67
66 68
66 117
66 118
66 70
66 124
66 125
66 119
66 120
66 121
66 74
66 76
66 79
66 111
66 127
66 100
66 82
66 83
66 101
66 103
66 104
66 122
66 112
66 87
66 88
66 107
66 108
66 90
66 91
66 113
66 92
66 123
66 115
66 116
67 94
67 117
67 124
67 110
67 72
67 119
67 120
67 121
67 73
67 76
67 78
67 99
67 126
67 81
67 82
67 83
67 85
67 106
67 88
67 89
67 108
67 109
67 113
67 92
67 123
67 114
68 124
68 120
68 121
68 74
68 77
68 99
68 100
68 84
68 88
68 107
68 90
68 113
68 123
68 117
68 80
68 83
68 102
68 85
68 103
68 122
68 86
68 87
68 89
68 108
68 114
68 115
69 94
69 72
69 120
69 74
69 77
69 99
69 100
69 82
69 101
69 88
69 90
69 117
69 110
69 125
69 97
69 75
69 76
69 79
69 126
69 102
69 103
69 122
69 106
69 112
69 87
69 108
69 92
69 115
70 93
70 72
70 120
70 121
70 99
70 127
70 100
70 101
70 84
70 104
70 123
70 116
70 117
70 95
70 110
70 73
70 78
70 79
70 126
70 102
70 85
70 103
70 112
70 87
70 89
70 91
70 114
70 115
71 93
71 94
71 118
71 124
71 117
71 95
71 110
71 72
71 125
71 121
71 97
71 76
71 99
71 126
71 82
71 102
71 103
71 86
71 106
71 87
71 88
71 107
71 108
71 109
71 113
71 92
71 114
71 116
72 94
72 124
72 117
72 110
72 119
72 120
72 121
72 73
72 74
72 76
72 78
72 80
72 127
72 82
72 83
72 101
72 84
72 103
72 105
72 122
72 87
72 88
72 89
72 90
72 113
72 92
72 123
72 116
73 118
73 120
73 98
73 74
73 77
73 99
73 127
73 100
73 82
73 101
73 104
73 88
73 90
73 123
73 96
73 125
73 97
73 75
73 126
73 85
73 103
73 105
73 86
73 106
73 112
73 87
73 108
73 109
73 91
73 114
74 118
74 120
74 117
74 125
74 97
74 76
74 126
74 111
74 82
74 102
74 84
74 85
74 122
74 86
74 106
74 112
74 88
74 108
74 90
74 91
75 93
75 120
75 121
75 77
75 99
75 111
75 84
75 107
75 113
75 123
75 116
75 96
75 125
75 119
75 126
75 80
75 81
75 102
75 85
75 103
75 105
75 122
75 106
75 108
75 92
75 114
76 94
76 118
76 124
76 77
76 100
76 82
76 101
76 107
76 90
76 123
76 116
76 95
76 110
76 96
76 125
76 79
76 80
76 85
76 122
76 106
76 112
76 87
76 109
76 92
76 114
76 115
77 93
77 94
77 124
77 120
77 95
77 110
77 78
77 82
77 83
77 101
77 102
77 84
77 85
77 103
77 105
77 122
77 86
77 87
77 88
77 108
77 90
77 91
77 113
77 92
77 123
77 115
78 124
78 121
78 99
78 127
78 100
78 84
78 104
78 90
78 113
78 123
78 117
78 95
78 110
78 119
78 97
78 79
78 80
78 102
78 85
78 105
78 106
78 108
78 109
78 91
78 114
79 124
79 98
79 127
79 100
79 88
79 123
79 116
79 117
79 95
79 110
79 97
79 126
79 80
79 81
79 83
79 103
79 122
79 86
79 106
79 112
79 108
79 91
79 114
79 102
79 105
79 92
79 87
79 101
80 94
80 118
80 124
80 120
80 121
80 99
80 100
80 82
80 88
80 90
80 113
80 123
80 116
80 117
80 96
80 125
80 119
80 97
80 126
80 81
80 103
80 105
80 106
80 112
80 87
80 89
80 108
80 109
80 114
81 93
81 94
81 118
81 99
81 100
81 101
81 84
81 88
81 107
81 116
81 117
81 96
81 126
81 83
81 85
81 103
81 89
81 91
81 92
81 115
82 94
82 124
82 120
82 111
82 127
82 100
82 117
82 125
82 119
82 126
82 101
82 102
82 85
82 104
82 87
82 88
82 107
82 108
82 91
82 92
82 115
82 116
83 93
83 94
83 118
83 121
83 99
83 111
83 127
83 100
83 101
83 84
83 88
83 107
83 90
83 113
83 117
83 97
83 102
83 85
83 103
83 105
83 122
83 106
83 87
83 89
83 108
83 109
83 92
83 115
84 93
84 94
84 118
84 121
84 98
84 111
84 100
84 96
84 119
84 97
84 126
84 102
84 104
84 122
84 106
84 112
84 87
84 107
84 109
84 113
84 114
84 116
85 120
85 98
85 111
85 100
85 101
85 104
85 88
85 107
85 113
85 96
85 97
85 102
85 103
85 106
85 112
85 87
85 89
85 109
85 91
85 92
86 93
86 98
86 99
86 111
86 127
86 101
86 104
86 107
86 123
86 117
86 110
86 119
86 97
86 105
86 112
86 87
86 89
86 108
86 91
86 92
86 114
87 124
87 120
87 111
87 127
87 100
87 104
87 88
87 113
87 123
87 110
87 97
87 102
87 103
87 105
87 122
87 112
87 109
87 91
87 92
87 114
87 106
87 101
88 94
88 120
88 98
88 111
88 117
88 95
88 96
88 119
88 126
88 112
88 108
88 91
88 113
88 92
88 114
89 93
89 124
89 120
89 121
89 99
89 111
89 101
89 107
89 113
89 123
89 117
89 95
89 110
89 96
89 125
89 102
89 122
89 106
89 108
89 109
89 91
89 115
90 94
90 120
90 121
90 111
90 127
90 101
90 107
90 95
90 96
90 119
90 97
90 102
90 122
90 91
90 92
90 116
91 93
91 94
91 118
91 98
91 127
91 107
91 113
91 123
91 116
91 95
91 126
91 103
91 122
91 112
91 108
91 114
92 94
92 121
92 111
92 107
92 113
92 123
92 116
92 95
92 96
92 126
92 102
92 105
92 122
92 112
92 114
92 106
92 101
93 117
93 118
93 124
93 110
93 119
93 120
93 121
93 97
93 98
93 111
93 100
93 101
93 102
93 103
93 104
93 112
93 107
93 113
93 114
93 115
93 116
94 117
94 118
94 124
94 110
94 96
94 120
94 121
94 98
94 111
94 100
94 102
94 122
94 107
94 113
94 123
94 114
94 115
95 118
95 120
95 98
95 101
95 104
95 113
95 123
95 116
95 110
95 119
95 97
95 115
95 96
95 125
95 122
95 108
95 109
95 114
96 118
96 99
96 111
96 127
96 107
96 116
96 110
96 119
96 97
96 115
96 114
97 118
97 120
97 98
97 99
97 111
97 127
97 100
97 104
97 107
97 123
97 110
97 119
97 102
97 106
97 109
98 124
98 120
98 110
98 99
98 100
98 101
98 102
98 103
98 104
98 105
98 107
98 109
98 113
98 115
98 116
99 120
99 121
99 110
99 125
99 119
99 100
99 103
99 104
99 105
99 122
99 112
99 108
99 113
99 123
99 114
100 120
100 121
100 111
100 117
100 125
100 119
100 126
100 104
100 105
100 113
100 123
100 116
101 118
101 110
101 119
101 104
101 105
101 107
101 113
101 123
101 114
101 116
101 102
101 112
101 106
102 118
102 124
102 120
102 121
102 111
102 107
102 123
102 116
102 105
102 112
102 115
102 126
102 106
103 118
103 121
103 111
103 104
103 107
103 116
103 117
103 125
103 126
103 114
104 124
104 125
104 119
104 105
104 122
104 107
104 123
104 114
104 116
105 118
105 124
105 121
105 111
105 107
105 110
105 117
105 106
105 112
105 108
105 109
106 124
106 121
106 107
106 113
106 110
106 112
106 125
106 122
107 124
107 120
107 121
107 111
107 117
107 125
107 122
107 113
108 120
108 127
108 113
108 123
108 116
108 110
108 117
108 125
108 114
109 118
109 121
109 127
109 123
109 116
109 110
109 112
109 125
109 126
109 122
109 114
110 118
110 111
110 113
110 117
110 119
110 126
110 122
110 112
111 120
111 117
111 125
111 119
111 126
111 112
111 116
112 121
112 127
112 113
112 123
112 119
112 125
112 126
112 114
112 115
113 118
113 127
113 117
113 119
113 122
113 115
114 118
114 120
114 123
114 116
114 115
114 126
114 122
115 118
115 124
115 120
115 121
115 127
115 123
115 116
115 119
115 117
115 125
116 123
116 125
117 124
117 120
117 127
118 124
118 125
118 119
118 126
118 122
118 123
119 124
119 125
119 126
121 124
121 125
121 127
121 122
121 123
122 127
122 123
122 125
123 127
123 125
123 126
124 125
125 127
125 126
126 127
