0 1
0 3
0 4
0 5
0 6
0 7
0 8
0 9
0 10
0 11
0 12
0 13
0 14
0 15
0 16
0 17
0 19
0 20
0 21
0 24
0 25
0 26
0 28
0 29
0 31
0 33
0 34
0 35
0 36
0 37
0 38
0 39
0 40
0 42
0 43
0 44
0 45
0 46
0 47
0 48
0 49
0 50
0 51
0 52
0 53
0 54
0 55
0 56
0 57
0 58
0 59
0 60
0 61
0 62
0 63
0 64
0 79
0 70
0 125
0 109
0 22
0 73
0 92
0 81
0 76
1 2
1 3
1 65
1 6
1 66
1 67
1 7
1 8
1 9
1 10
1 68
1 69
1 15
1 70
1 17
1 18
1 71
1 19
1 72
1 74
1 75
1 25
1 76
1 26
1 77
1 31
1 32
1 34
1 78
1 35
1 79
1 37
1 38
1 80
1 81
1 39
1 82
1 83
1 41
1 84
1 85
1 42
1 44
1 86
1 50
1 87
1 54
1 88
1 57
1 59
1 89
1 60
1 64
1 90
2 3
2 65
2 5
2 6
2 91
2 92
2 66
2 7
2 8
2 9
2 11
2 93
2 94
2 13
2 15
2 70
2 17
2 18
2 71
2 20
2 72
2 73
2 95
2 96
2 23
2 97
2 75
2 25
2 76
2 98
2 99
2 28
2 77
2 32
2 33
2 34
2 100
2 101
2 79
2 102
2 38
2 81
2 39
2 103
2 83
2 40
2 41
2 84
2 85
2 42
2 43
2 44
2 45
2 104
2 50
2 87
2 51
2 52
2 54
2 55
2 88
2 58
2 59
2 62
2 105
2 106
2 90
3 5
3 6
3 91
3 67
3 7
3 9
3 10
3 107
3 108
3 93
3 94
3 12
3 109
3 14
3 70
3 17
3 19
3 20
3 95
3 110
3 22
3 96
3 24
3 74
3 25
3 26
3 27
3 28
3 30
3 31
3 32
3 33
3 111
3 34
3 78
3 36
3 79
3 39
3 82
3 84
3 42
3 43
3 44
3 112
3 104
3 46
3 48
3 49
3 54
3 55
3 113
3 114
3 88
3 56
3 115
3 59
3 60
3 61
3 62
3 64
3 106
3 116
3 90
4 65
4 6
4 66
4 67
4 10
4 107
4 108
4 12
4 69
4 15
4 72
4 95
4 110
4 22
4 24
4 74
4 118
4 76
4 119
4 31
4 120
4 101
4 121
4 79
4 38
4 81
4 39
4 103
4 83
4 85
4 44
4 112
4 86
4 45
4 48
4 50
4 53
4 54
4 113
4 114
4 115
4 59
4 62
4 105
4 63
4 64
4 106
4 8
4 58
4 70
4 125
4 109
4 73
4 92
4 42
4 16
5 92
5 9
5 108
5 94
5 122
5 13
5 15
5 17
5 71
5 21
5 110
5 23
5 24
5 117
5 118
5 25
5 27
5 28
5 29
5 30
5 31
5 111
5 123
5 78
5 120
5 100
5 101
5 36
5 121
5 79
5 102
5 39
5 40
5 41
5 85
5 42
5 43
5 44
5 112
5 45
5 47
5 48
5 51
5 124
5 52
5 54
5 55
5 114
5 88
5 56
5 57
5 59
5 61
5 105
5 64
5 116
6 65
6 125
6 8
6 107
6 68
6 108
6 12
6 122
6 109
6 14
6 15
6 16
6 18
6 19
6 21
6 110
6 22
6 96
6 23
6 74
6 117
6 75
6 99
6 26
6 27
6 28
6 29
6 30
6 31
6 33
6 34
6 120
6 126
6 100
6 35
6 36
6 102
6 38
6 80
6 83
6 42
6 86
6 104
6 46
6 49
6 50
6 87
6 124
6 114
6 56
6 57
6 115
6 59
6 61
6 62
6 105
6 63
6 64
6 90
7 92
7 66
7 10
7 108
7 93
7 109
7 14
7 70
7 21
7 110
7 96
7 23
7 74
7 117
7 75
7 25
7 98
7 119
7 27
7 28
7 30
7 33
7 123
7 78
7 126
7 100
7 101
7 35
7 121
7 79
7 102
7 38
7 80
7 39
7 103
7 82
7 83
7 40
7 42
7 43
7 112
7 46
7 47
7 50
7 52
7 53
7 55
7 56
7 57
7 58
7 115
7 59
7 89
7 127
7 60
7 61
7 62
7 63
7 116
8 65
8 91
8 66
8 125
8 9
8 10
8 11
8 93
8 12
8 109
8 14
8 15
8 16
8 70
8 17
8 18
8 20
8 72
8 73
8 95
8 110
8 22
8 96
8 23
8 118
8 97
8 25
8 98
8 99
8 26
8 119
8 27
8 29
8 30
8 77
8 31
8 33
8 34
8 123
8 35
8 79
8 38
8 80
8 39
8 103
8 84
8 44
8 112
8 104
8 46
8 47
8 48
8 49
8 50
8 87
8 51
8 124
8 53
8 54
8 88
8 56
8 57
8 58
8 115
8 59
8 89
8 60
8 61
8 62
8 64
8 92
8 42
8 81
8 76
9 92
9 66
9 107
9 108
9 93
9 12
9 13
9 109
9 18
9 71
9 19
9 72
9 73
9 22
9 96
9 74
9 117
9 118
9 97
9 25
9 98
9 99
9 26
9 119
9 30
9 77
9 31
9 32
9 33
9 35
9 121
9 79
9 102
9 81
9 39
9 82
9 40
9 41
9 104
9 49
9 50
9 87
9 51
9 124
9 55
9 113
9 57
9 115
9 89
9 127
9 60
9 63
9 64
9 106
9 116
9 90
10 91
10 92
10 66
10 67
10 68
10 108
10 94
10 12
10 122
10 69
10 109
10 14
10 15
10 17
10 20
10 95
10 21
10 110
10 24
10 98
10 119
10 27
10 29
10 31
10 33
10 111
10 34
10 78
10 120
10 126
10 100
10 101
10 36
10 121
10 79
10 102
10 80
10 81
10 103
10 83
10 84
10 44
10 86
10 45
10 48
10 49
10 87
10 51
10 124
10 114
10 88
10 56
10 57
10 58
10 115
10 61
10 105
10 63
10 64
10 106
11 66
11 125
11 107
11 68
11 12
11 122
11 13
11 69
11 109
11 14
11 15
11 18
11 71
11 19
11 110
11 23
11 24
11 97
11 99
11 26
11 27
11 30
11 77
11 32
11 111
11 34
11 120
11 126
11 100
11 38
11 80
11 103
11 82
11 42
11 112
11 86
11 45
11 48
11 49
11 50
11 87
11 51
11 124
11 53
11 54
11 55
11 56
11 57
11 58
11 89
11 127
11 61
11 62
11 64
11 116
12 65
12 91
12 92
12 66
12 125
12 107
12 68
12 108
12 94
12 15
12 16
12 70
12 17
12 71
12 72
12 110
12 22
12 24
12 74
12 25
12 119
12 30
12 32
12 33
12 120
12 126
12 38
12 81
12 39
12 83
12 40
12 41
12 85
12 43
12 44
12 86
12 45
12 104
12 46
12 47
12 48
12 49
12 50
12 87
12 124
12 113
12 58
12 89
12 127
12 62
12 64
12 116
12 90
13 92
13 66
13 125
13 67
13 68
13 93
13 122
13 69
13 14
13 70
13 18
13 20
13 72
13 95
13 110
13 22
13 96
13 23
13 24
13 74
13 117
13 118
13 97
13 75
13 26
13 119
13 27
13 28
13 30
13 111
13 78
13 120
13 37
13 102
13 38
13 80
13 81
13 39
13 82
13 41
13 43
13 86
13 45
13 46
13 49
13 50
13 87
13 124
13 53
13 114
13 88
13 56
13 58
13 115
13 59
13 127
13 60
13 105
13 63
13 64
13 106
14 94
14 109
14 17
14 18
14 20
14 72
14 73
14 95
14 21
14 110
14 22
14 96
14 117
14 118
14 97
14 75
14 26
14 119
14 28
14 29
14 77
14 31
14 32
14 33
14 126
14 100
14 101
14 36
14 102
14 80
14 39
14 41
14 84
14 85
14 43
14 44
14 112
14 45
14 104
14 47
14 49
14 51
14 53
14 54
14 113
14 114
14 57
14 59
14 60
14 61
14 62
14 105
14 64
14 106
14 116
14 90
15 65
15 91
15 66
15 125
15 67
15 107
15 68
15 108
15 93
15 122
15 69
15 73
15 110
15 24
15 74
15 117
15 25
15 99
15 27
15 28
15 29
15 30
15 32
15 123
15 120
15 126
15 35
15 36
15 121
15 38
15 103
15 82
15 83
15 85
15 44
15 86
15 104
15 47
15 50
15 87
15 51
15 52
15 53
15 54
15 56
15 57
15 58
15 59
15 89
15 60
15 62
15 105
15 116
15 90
16 91
16 92
16 107
16 68
16 93
16 69
16 18
16 72
16 21
16 110
16 96
16 118
16 75
16 25
16 26
16 119
16 30
16 77
16 31
16 33
16 123
16 126
16 35
16 38
16 81
16 82
16 83
16 43
16 112
16 86
16 46
16 49
16 53
16 56
16 127
16 62
16 106
16 79
16 48
16 58
16 70
16 125
16 109
16 22
16 73
16 42
16 76
17 65
17 91
17 92
17 107
17 68
17 93
17 109
17 20
17 72
17 95
17 110
17 22
17 96
17 24
17 74
17 117
17 75
17 25
17 98
17 28
17 30
17 77
17 31
17 32
17 34
17 123
17 78
17 120
17 101
17 121
17 79
17 102
17 103
17 83
17 85
17 42
17 44
17 112
17 86
17 104
17 46
17 50
17 52
17 53
17 55
17 88
17 56
17 115
17 89
17 60
17 62
17 63
17 64
17 106
17 116
18 92
18 66
18 93
18 94
18 19
18 72
18 73
18 24
18 118
18 97
18 75
18 98
18 99
18 119
18 30
18 33
18 123
18 78
18 120
18 100
18 101
18 35
18 121
18 37
18 81
18 39
18 82
18 83
18 40
18 84
18 85
18 43
18 112
18 86
18 45
18 48
18 49
18 87
18 53
18 113
18 114
18 57
18 89
18 60
18 62
18 105
18 63
18 64
18 116
18 90
19 91
19 66
19 125
19 107
19 108
19 94
19 69
19 109
19 72
19 95
19 21
19 23
19 24
19 74
19 117
19 118
19 97
19 75
19 76
19 99
19 119
19 28
19 77
19 31
19 111
19 34
19 78
19 100
19 101
19 35
19 121
19 37
19 102
19 38
19 80
19 39
19 103
19 41
19 84
19 85
19 47
19 48
19 49
19 87
19 53
19 55
19 88
19 115
19 60
19 62
19 105
19 64
19 116
20 92
20 67
20 107
20 93
20 69
20 70
20 72
20 95
20 21
20 96
20 74
20 117
20 118
20 97
20 76
20 98
20 29
20 31
20 32
20 33
20 123
20 120
20 126
20 35
20 36
20 121
20 79
20 38
20 81
20 39
20 103
20 41
20 43
20 46
20 47
20 50
20 51
20 124
20 55
20 114
20 88
20 58
20 115
20 60
20 105
20 106
21 91
21 66
21 125
21 67
21 68
21 108
21 93
21 94
21 122
21 109
21 71
21 72
21 73
21 96
21 24
21 74
21 118
21 97
21 25
21 76
21 98
21 99
21 119
21 28
21 29
21 30
21 77
21 32
21 33
21 111
21 34
21 123
21 126
21 36
21 37
21 38
21 80
21 81
21 40
21 41
21 84
21 85
21 42
21 45
21 104
21 48
21 50
21 87
21 52
21 55
21 114
21 56
21 57
21 58
21 115
21 61
21 105
21 64
21 106
21 90
22 65
22 125
22 67
22 108
22 93
22 122
22 69
22 70
22 95
22 110
22 96
22 118
22 97
22 75
22 76
22 98
22 99
22 119
22 27
22 77
22 31
22 111
22 34
22 123
22 78
22 126
22 100
22 36
22 121
22 37
22 102
22 38
22 80
22 81
22 85
22 43
22 44
22 112
22 86
22 45
22 104
22 46
22 50
22 87
22 53
22 54
22 55
22 113
22 114
22 58
22 115
22 60
22 116
22 79
22 48
22 109
22 73
22 92
22 42
23 91
23 66
23 67
23 107
23 93
23 109
23 70
23 71
23 73
23 95
23 96
23 74
23 118
23 97
23 75
23 98
23 26
23 119
23 27
23 28
23 29
23 30
23 31
23 32
23 33
23 111
23 34
23 123
23 78
23 101
23 35
23 102
23 83
23 40
23 84
23 85
23 43
23 44
23 112
23 45
23 104
23 49
23 50
23 124
23 52
23 53
23 55
23 114
23 57
23 58
23 115
23 89
23 62
23 63
23 106
23 116
24 65
24 125
24 93
24 94
24 109
24 71
24 72
24 96
24 97
24 99
24 27
24 29
24 30
24 31
24 32
24 120
24 36
24 121
24 79
24 38
24 39
24 103
24 83
24 41
24 84
24 44
24 112
24 86
24 104
24 47
24 48
24 87
24 124
24 55
24 113
24 114
24 56
24 58
24 59
24 89
24 127
24 60
24 61
24 62
24 64
24 106
25 92
25 66
25 108
25 93
25 94
25 69
25 109
25 71
25 73
25 95
25 74
25 117
25 118
25 97
25 76
25 26
25 27
25 28
25 29
25 77
25 31
25 32
25 111
25 123
25 126
25 100
25 101
25 35
25 79
25 37
25 80
25 81
25 82
25 40
25 41
25 84
25 85
25 43
25 86
25 104
25 52
25 114
25 88
25 58
25 59
25 61
25 105
25 63
25 106
25 90
26 66
26 125
26 107
26 93
26 94
26 69
26 109
26 95
26 110
26 96
26 74
26 118
26 97
26 75
26 76
26 98
26 99
26 28
26 32
26 33
26 111
26 100
26 35
26 36
26 121
26 79
26 103
26 83
26 40
26 41
26 46
26 47
26 48
26 49
26 124
26 52
26 54
26 55
26 88
26 58
26 89
26 60
26 61
26 62
26 105
26 106
27 65
27 107
27 68
27 108
27 93
27 94
27 122
27 69
27 109
27 71
27 95
27 110
27 74
27 117
27 75
27 99
27 29
27 30
27 31
27 33
27 78
27 120
27 126
27 100
27 101
27 121
27 102
27 38
27 83
27 85
27 42
27 112
27 86
27 45
27 104
27 46
27 47
27 48
27 49
27 87
27 53
27 114
27 58
27 89
27 60
27 61
27 62
27 106
28 65
28 92
28 66
28 125
28 107
28 68
28 93
28 94
28 109
28 70
28 71
28 73
28 95
28 110
28 74
28 117
28 97
28 76
28 98
28 119
28 29
28 31
28 32
28 34
28 120
28 101
28 35
28 102
28 38
28 80
28 39
28 103
28 82
28 83
28 40
28 41
28 84
28 42
28 43
28 47
28 49
28 50
28 124
28 53
28 114
28 88
28 56
28 57
28 58
28 115
28 62
28 63
28 90
29 66
29 107
29 108
29 94
29 122
29 69
29 109
29 70
29 110
29 74
29 118
29 75
29 99
29 32
29 34
29 123
29 78
29 100
29 35
29 121
29 79
29 37
29 102
29 82
29 83
29 84
29 42
29 43
29 86
29 104
29 46
29 47
29 50
29 87
29 124
29 88
29 59
29 89
29 61
29 62
29 105
29 63
30 65
30 67
30 68
30 108
30 122
30 69
30 70
30 71
30 72
30 74
30 97
30 76
30 99
30 32
30 111
30 34
30 123
30 100
30 36
30 121
30 79
30 38
30 80
30 81
30 39
30 82
30 83
30 40
30 41
30 85
30 43
30 44
30 86
30 104
30 46
30 48
30 51
30 52
30 53
30 55
30 114
30 88
30 56
30 115
30 89
30 62
30 64
30 106
30 116
31 91
31 66
31 67
31 68
31 108
31 70
31 72
31 95
31 96
31 74
31 117
31 98
31 99
31 119
31 77
31 33
31 34
31 78
31 120
31 101
31 121
31 103
31 83
31 40
31 84
31 85
31 42
31 112
31 86
31 104
31 47
31 48
31 49
31 50
31 51
31 124
31 52
31 53
31 114
31 88
31 56
31 58
31 115
31 59
31 127
31 63
31 106
31 90
32 65
32 125
32 67
32 107
32 108
32 93
32 122
32 69
32 71
32 95
32 96
32 74
32 117
32 118
32 75
32 76
32 119
32 77
32 34
32 120
32 100
32 35
32 37
32 102
32 38
32 80
32 103
32 40
32 41
32 112
32 86
32 48
32 49
32 50
32 87
32 54
32 88
32 56
32 89
32 127
32 63
32 64
32 106
33 65
33 125
33 107
33 94
33 122
33 109
33 72
33 73
33 74
33 75
33 76
33 99
33 111
33 123
33 78
33 120
33 126
33 100
33 101
33 35
33 36
33 121
33 79
33 102
33 82
33 41
33 85
33 42
33 44
33 112
33 45
33 47
33 50
33 87
33 51
33 124
33 88
33 57
33 105
33 64
33 106
33 116
33 90
34 66
34 107
34 68
34 93
34 94
34 122
34 69
34 70
34 72
34 95
34 96
34 74
34 117
34 118
34 97
34 119
34 77
34 111
34 126
34 100
34 101
34 121
34 79
34 37
34 102
34 39
34 82
34 83
34 41
34 43
34 86
34 104
34 47
34 48
34 50
34 87
34 51
34 124
34 53
34 113
34 88
34 56
34 57
34 58
34 115
34 59
34 89
34 60
34 105
34 63
34 64
34 116
34 90
35 65
35 92
35 66
35 67
35 107
35 108
35 93
35 122
35 109
35 73
35 74
35 97
35 75
35 76
35 119
35 111
35 120
35 100
35 101
35 36
35 37
35 102
35 38
35 80
35 81
35 39
35 103
35 40
35 41
35 84
35 43
35 112
35 86
35 45
35 104
35 87
35 51
35 124
35 88
35 58
35 115
35 127
35 61
35 62
35 105
35 63
35 64
35 106
36 65
36 91
36 67
36 107
36 122
36 69
36 109
36 70
36 96
36 74
36 117
36 75
36 76
36 98
36 99
36 119
36 77
36 111
36 123
36 126
36 100
36 101
36 121
36 37
36 102
36 39
36 103
36 82
36 83
36 84
36 85
36 44
36 45
36 104
36 47
36 48
36 50
36 51
36 52
36 53
36 54
36 57
36 58
36 115
36 59
36 89
36 127
36 64
36 90
37 65
37 125
37 67
37 107
37 108
37 122
37 109
37 71
37 110
37 74
37 75
37 99
37 111
37 102
37 39
37 103
37 82
37 83
37 84
37 43
37 44
37 86
37 45
37 47
37 49
37 87
37 124
37 52
37 114
37 88
37 115
37 127
37 62
37 105
37 63
37 64
37 116
37 90
38 65
38 91
38 66
38 125
38 107
38 68
38 94
38 109
38 70
38 73
38 95
38 110
38 96
38 117
38 97
38 75
38 76
38 77
38 111
38 126
38 100
38 101
38 79
38 102
38 80
38 103
38 83
38 42
38 43
38 86
38 104
38 48
38 49
38 87
38 53
38 55
38 58
38 59
38 60
38 61
38 106
38 116
38 90
38 92
38 81
39 65
39 91
39 66
39 125
39 67
39 122
39 71
39 95
39 96
39 74
39 117
39 76
39 98
39 100
39 121
39 103
39 82
39 83
39 84
39 85
39 43
39 44
39 86
39 45
39 104
39 46
39 49
39 50
39 87
39 51
39 124
39 52
39 53
39 55
39 114
39 115
39 89
39 127
39 61
39 105
39 64
39 90
40 65
40 66
40 125
40 68
40 122
40 95
40 96
40 74
40 118
40 75
40 98
40 77
40 78
40 126
40 100
40 81
40 82
40 84
40 85
40 112
40 46
40 48
40 49
40 87
40 124
40 54
40 113
40 114
40 88
40 58
40 115
40 59
40 89
40 60
40 62
40 64
40 116
40 90
41 91
41 92
41 66
41 125
41 67
41 68
41 93
41 122
41 69
41 109
41 70
41 72
41 95
41 74
41 117
41 118
41 75
41 98
41 119
41 77
41 123
41 78
41 121
41 80
41 103
41 84
41 85
41 42
41 43
41 44
41 112
41 86
41 47
41 50
41 124
41 53
41 54
41 113
41 58
41 89
41 61
41 105
41 64
41 106
41 116
41 90
42 91
42 66
42 67
42 107
42 93
42 69
42 95
42 110
42 74
42 75
42 76
42 98
42 99
42 119
42 111
42 78
42 100
42 84
42 85
42 43
42 44
42 86
42 45
42 104
42 46
42 49
42 87
42 51
42 53
42 58
42 115
42 60
42 105
42 79
42 48
42 70
42 125
42 109
42 73
42 92
42 81
43 91
43 92
43 66
43 67
43 107
43 108
43 122
43 69
43 70
43 71
43 72
43 73
43 95
43 74
43 77
43 111
43 120
43 100
43 101
43 102
43 81
43 103
43 83
43 44
43 112
43 45
43 104
43 46
43 47
43 48
43 49
43 51
43 124
43 52
43 53
43 56
43 64
44 65
44 92
44 67
44 107
44 93
44 94
44 109
44 70
44 71
44 72
44 96
44 117
44 97
44 75
44 76
44 98
44 119
44 77
44 111
44 120
44 100
44 101
44 121
44 79
44 102
44 80
44 82
44 83
44 84
44 85
44 86
44 45
44 87
44 51
44 124
44 52
44 53
44 55
44 113
44 88
44 56
44 57
44 58
44 62
44 116
44 90
45 91
45 66
45 125
45 67
45 108
45 93
45 122
45 69
45 70
45 73
45 95
45 96
45 118
45 97
45 119
45 77
45 78
45 126
45 100
45 121
45 79
45 80
45 81
45 103
45 83
45 84
45 85
45 112
45 49
45 87
45 52
45 54
45 55
45 113
45 56
45 57
45 59
45 89
45 127
45 60
45 61
45 63
45 116
45 90
46 65
46 91
46 66
46 67
46 93
46 94
46 122
46 69
46 70
46 110
46 74
46 117
46 76
46 119
46 77
46 111
46 123
46 78
46 126
46 100
46 121
46 79
46 102
46 84
46 85
46 104
46 47
46 48
46 51
46 52
46 53
46 55
46 114
46 56
46 59
46 89
46 62
46 90
47 66
47 67
47 122
47 69
47 110
47 96
47 74
47 117
47 98
47 99
47 119
47 111
47 78
47 120
47 100
47 101
47 102
47 80
47 81
47 82
47 83
47 84
47 85
47 112
47 48
47 50
47 52
47 113
47 114
47 58
47 59
47 89
47 61
47 62
47 105
47 64
48 92
48 66
48 125
48 108
48 93
48 122
48 109
48 70
48 72
48 95
48 110
48 117
48 76
48 98
48 119
48 123
48 78
48 100
48 101
48 121
48 79
48 80
48 81
48 82
48 84
48 85
48 112
48 86
48 104
48 49
48 52
48 53
48 55
48 88
48 57
48 58
48 89
48 60
48 61
48 106
48 90
48 73
49 65
49 91
49 125
49 107
49 68
49 94
49 122
49 69
49 95
49 110
49 117
49 75
49 98
49 123
49 100
49 121
49 102
49 80
49 103
49 82
49 83
49 104
49 51
49 52
49 113
49 114
49 88
49 56
49 89
49 127
49 60
49 62
49 105
49 63
49 64
49 90
50 65
50 125
50 107
50 68
50 94
50 109
50 72
50 73
50 110
50 96
50 117
50 97
50 77
50 78
50 120
50 126
50 100
50 79
50 102
50 80
50 81
50 103
50 82
50 84
50 85
50 112
50 51
50 55
50 113
50 56
50 58
50 115
50 60
50 61
50 105
50 63
50 106
50 116
51 91
51 66
51 107
51 93
51 94
51 122
51 70
51 73
51 95
51 96
51 74
51 117
51 118
51 97
51 75
51 98
51 99
51 111
51 123
51 120
51 126
51 80
51 103
51 83
51 84
51 85
51 87
51 124
51 52
51 55
51 114
51 88
51 58
51 59
51 89
51 127
51 60
51 61
51 62
51 116
51 90
52 92
52 66
52 67
52 107
52 70
52 71
52 110
52 117
52 76
52 98
52 77
52 123
52 120
52 121
52 102
52 80
52 103
52 112
52 86
52 104
52 87
52 88
52 115
52 59
52 127
52 60
52 61
52 62
52 105
52 63
52 90
53 65
53 125
53 67
53 107
53 69
53 109
53 70
53 72
53 110
53 118
53 98
53 99
53 119
53 77
53 123
53 126
53 100
53 79
53 80
53 81
53 103
53 82
53 87
53 124
53 54
53 113
53 88
53 58
53 115
53 127
53 60
53 61
53 62
53 63
53 64
53 116
53 73
53 92
53 76
54 91
54 92
54 66
54 107
54 93
54 94
54 70
54 71
54 72
54 110
54 98
54 78
54 100
54 121
54 79
54 102
54 103
54 82
54 112
54 104
54 87
54 55
54 113
54 88
54 56
54 58
54 59
54 127
54 60
54 61
54 62
54 105
54 63
54 106
54 90
55 65
55 92
55 66
55 67
55 108
55 93
55 94
55 69
55 72
55 110
55 96
55 74
55 117
55 97
55 76
55 77
55 123
55 78
55 120
55 101
55 121
55 102
55 80
55 81
55 103
55 84
55 85
55 104
55 124
55 113
55 114
55 88
55 57
55 89
55 60
55 61
55 62
55 64
56 92
56 68
56 93
56 69
56 73
56 96
56 75
56 98
56 99
56 119
56 77
56 78
56 120
56 100
56 101
56 121
56 79
56 102
56 80
56 103
56 104
56 124
56 114
56 58
56 115
56 127
56 60
56 62
56 105
57 92
57 125
57 67
57 68
57 108
57 93
57 94
57 71
57 72
57 73
57 95
57 74
57 118
57 97
57 75
57 76
57 98
57 99
57 119
57 77
57 111
57 120
57 100
57 101
57 79
57 80
57 81
57 84
57 86
57 124
57 113
57 114
57 59
57 89
57 127
57 60
57 61
57 62
57 106
57 116
57 90
58 65
58 125
58 108
58 93
58 94
58 69
58 109
58 70
58 71
58 72
58 95
58 110
58 74
58 118
58 97
58 98
58 111
58 120
58 100
58 79
58 102
58 81
58 84
58 86
58 114
58 88
58 59
58 60
58 105
58 63
58 64
58 106
58 73
58 92
58 76
59 65
59 92
59 67
59 107
59 68
59 108
59 93
59 94
59 122
59 69
59 109
59 71
59 95
59 110
59 96
59 74
59 75
59 76
59 98
59 99
59 111
59 123
59 126
59 121
59 79
59 80
59 83
59 85
59 112
59 86
59 104
59 87
59 124
59 113
59 114
59 115
59 60
59 61
59 62
59 63
59 106
60 91
60 66
60 68
60 93
60 94
60 69
60 70
60 73
60 110
60 96
60 74
60 97
60 75
60 98
60 77
60 123
60 120
60 100
60 101
60 121
60 79
60 102
60 81
60 103
60 85
60 112
60 104
60 87
60 63
60 64
60 106
60 116
60 90
61 92
61 66
61 125
61 67
61 68
61 108
61 93
61 94
61 122
61 69
61 71
61 95
61 96
61 74
61 117
61 97
61 75
61 99
61 126
61 100
61 79
61 81
61 103
61 82
61 83
61 85
61 112
61 104
61 87
61 114
61 88
61 89
61 127
61 105
61 63
61 64
61 116
62 65
62 92
62 66
62 125
62 67
62 108
62 122
62 109
62 70
62 110
62 117
62 97
62 75
62 123
62 120
62 79
62 102
62 103
62 84
62 85
62 87
62 113
62 105
62 64
62 106
62 90
63 91
63 92
63 125
63 67
63 107
63 68
63 93
63 94
63 109
63 73
63 96
63 97
63 75
63 98
63 77
63 123
63 120
63 100
63 121
63 80
63 103
63 82
63 83
63 104
63 87
63 124
63 127
63 64
63 106
63 116
64 65
64 91
64 125
64 107
64 108
64 93
64 94
64 122
64 69
64 70
64 95
64 110
64 117
64 118
64 97
64 98
64 99
64 123
64 78
64 120
64 121
64 80
64 103
64 82
64 83
64 84
64 86
64 113
64 114
64 88
64 115
64 89
64 105
64 106
64 116
65 108
65 94
65 122
65 69
65 109
65 70
65 72
65 95
65 74
65 97
65 75
65 76
65 99
65 119
65 111
65 120
65 126
65 100
65 101
65 121
65 79
65 81
65 103
65 83
65 85
65 112
65 104
65 124
65 89
65 106
65 116
65 90
66 91
66 67
66 93
66 94
66 122
66 69
66 109
66 72
66 73
66 95
66 110
66 96
66 74
66 117
66 75
66 76
66 119
66 77
66 78
66 120
66 79
66 102
66 80
66 82
66 85
66 87
66 113
66 114
66 88
66 127
67 92
67 125
67 107
67 108
67 94
67 109
67 70
67 73
67 96
67 74
67 98
67 119
67 111
67 126
67 121
67 82
67 86
67 87
67 124
67 114
67 127
67 105
67 106
67 116
68 91
68 92
68 107
68 93
68 94
68 122
68 70
68 96
68 117
68 97
68 76
68 99
68 77
68 78
68 120
68 126
68 100
68 101
68 79
68 80
68 84
68 104
68 124
68 88
68 127
68 106
68 116
68 90
69 91
69 108
69 93
69 94
69 71
69 73
69 110
69 97
69 75
69 76
69 98
69 119
69 77
69 111
69 123
69 126
69 100
69 101
69 121
69 79
69 102
69 80
69 81
69 82
69 83
69 84
69 85
69 124
69 88
69 115
69 89
70 91
70 125
70 108
70 93
70 94
70 122
70 109
70 71
70 95
70 110
70 96
70 75
70 77
70 126
70 100
70 79
70 103
70 85
70 86
70 104
70 87
70 124
70 113
70 114
70 88
70 105
70 116
70 90
70 73
70 92
70 81
70 76
71 107
71 108
71 93
71 94
71 122
71 109
71 95
71 110
71 117
71 97
71 75
71 76
71 99
71 77
71 111
71 120
71 126
71 100
71 101
71 121
71 79
71 102
71 80
71 103
71 82
71 83
71 86
71 104
71 87
71 113
71 88
71 115
71 105
71 106
71 116
71 90
72 93
72 94
72 122
72 109
72 73
72 95
72 110
72 96
72 74
72 118
72 75
72 76
72 99
72 77
72 123
72 126
72 101
72 121
72 79
72 102
72 80
72 103
72 82
72 84
72 112
72 86
72 88
72 115
72 89
72 127
72 106
72 90
73 92
73 93
73 94
73 109
73 74
73 117
73 118
73 75
73 78
73 120
73 126
73 101
73 81
73 103
73 82
73 84
73 112
73 104
73 124
73 115
73 127
73 116
73 79
73 125
73 76
74 91
74 125
74 108
74 94
74 122
74 110
74 96
74 117
74 99
74 126
74 100
74 101
74 121
74 102
74 80
74 103
74 84
74 112
74 86
74 87
74 114
74 89
74 127
74 106
75 92
75 125
75 122
75 95
75 96
75 117
75 118
75 97
75 76
75 123
75 120
75 100
75 101
75 102
75 80
75 81
75 103
75 84
75 85
75 112
75 87
75 124
75 113
75 115
75 89
75 127
76 92
76 125
76 107
76 122
76 109
76 96
76 118
76 98
76 119
76 111
76 126
76 100
76 80
76 81
76 82
76 83
76 85
76 86
76 105
76 106
76 116
76 79
77 91
77 107
77 108
77 94
77 122
77 96
77 119
77 123
77 120
77 100
77 102
77 82
77 83
77 86
77 124
77 88
77 105
77 106
78 125
78 107
78 108
78 109
78 95
78 96
78 119
78 111
78 126
78 100
78 79
78 102
78 80
78 82
78 112
78 124
78 114
78 115
78 105
78 106
78 90
79 91
79 125
79 109
79 95
79 96
79 98
79 99
79 111
79 123
79 126
79 100
79 101
79 102
79 103
79 84
79 112
79 104
79 87
79 124
79 113
79 114
79 88
79 115
79 89
79 127
79 105
79 90
79 92
79 81
80 107
80 95
80 110
80 118
80 97
80 99
80 126
80 100
80 101
80 121
80 81
80 103
80 85
80 114
80 127
80 105
80 116
81 107
81 93
81 94
81 109
81 95
81 110
81 98
81 99
81 119
81 111
81 121
81 102
81 103
81 83
81 84
81 112
81 87
81 124
81 115
81 127
81 105
81 116
81 90
81 125
81 92
82 125
82 107
82 108
82 93
82 110
82 96
82 97
82 119
82 111
82 123
82 120
82 100
82 121
82 103
82 85
82 112
82 86
82 104
82 113
82 114
82 88
82 115
83 92
83 95
83 110
83 117
83 98
83 119
83 120
83 126
83 101
83 121
83 102
83 103
83 84
83 86
83 87
83 113
83 114
83 127
83 105
83 106
83 90
84 91
84 108
84 93
84 94
84 118
84 98
84 121
84 85
84 124
84 113
84 114
84 88
84 115
84 89
84 90
85 107
85 108
85 93
85 122
85 117
85 97
85 119
85 111
85 123
85 126
85 100
85 86
85 104
85 113
85 115
85 127
85 105
85 106
85 116
86 107
86 108
86 94
86 122
86 110
86 98
86 111
86 100
86 101
86 104
86 124
86 115
86 105
86 106
87 91
87 125
87 107
87 94
87 109
87 110
87 99
87 119
87 111
87 120
87 121
87 112
87 104
87 124
87 114
87 115
87 89
87 105
87 106
87 116
87 90
88 91
88 122
88 110
88 99
88 123
88 126
88 100
88 121
88 102
88 103
88 112
88 124
88 113
88 127
88 116
89 125
89 107
89 94
89 122
89 117
89 118
89 97
89 98
89 119
89 111
89 120
89 126
89 101
89 102
89 115
89 105
89 106
89 116
89 90
90 107
90 122
90 109
90 118
90 97
90 119
90 120
90 126
90 100
90 101
90 103
90 112
90 124
90 113
90 114
90 115
90 127
90 116
91 92
91 108
91 94
91 95
91 110
91 117
91 118
91 97
91 98
91 119
91 123
91 126
91 100
91 101
91 121
91 102
91 124
91 113
91 127
91 105
91 106
92 125
92 107
92 108
92 109
92 110
92 97
92 111
92 123
92 126
92 100
92 101
92 102
92 112
92 124
92 115
93 107
93 108
93 96
93 117
93 118
93 98
93 119
93 111
93 123
93 120
93 126
93 121
93 102
93 103
93 104
93 124
93 113
93 127
93 106
94 107
94 108
94 95
94 110
94 96
94 117
94 118
94 97
94 126
94 101
94 121
94 103
94 112
94 113
94 115
94 105
94 106
94 116
95 108
95 109
95 110
95 96
95 117
95 97
95 99
95 123
95 126
95 102
95 104
95 113
95 115
95 106
96 125
96 107
96 108
96 122
96 110
96 117
96 118
96 98
96 119
96 123
96 120
96 121
96 102
96 116
97 125
97 107
97 108
97 109
97 110
97 98
97 99
97 119
97 111
97 123
97 120
97 126
97 100
97 101
97 112
97 115
97 105
97 116
98 125
98 108
98 122
98 109
98 110
98 99
98 123
98 120
98 126
98 101
98 102
98 124
98 116
99 125
99 107
99 122
99 119
99 111
99 123
99 120
99 100
99 102
99 103
99 112
99 104
99 124
99 114
99 127
99 105
100 125
100 107
100 108
100 119
100 126
100 101
100 102
100 115
100 127
101 125
101 107
101 108
101 109
101 118
101 126
101 121
101 112
101 104
101 113
101 114
101 115
102 123
102 125
102 109
102 110
102 111
102 121
102 103
102 112
102 124
102 115
102 127
103 122
103 109
103 110
103 120
103 126
103 124
103 113
103 114
103 127
103 105
103 106
103 116
104 107
104 108
104 117
104 118
104 119
104 121
104 113
104 114
104 115
104 106
105 123
105 125
105 110
105 117
105 119
105 120
105 121
105 112
105 113
105 114
105 115
105 106
105 116
106 125
106 107
106 110
106 117
106 119
106 111
106 120
106 121
106 112
106 115
106 127
107 108
107 117
107 118
107 119
107 111
107 112
107 127
108 122
108 109
108 119
108 111
108 121
108 112
108 124
108 114
108 115
109 125
109 117
109 118
109 119
109 111
109 121
109 112
109 114
109 115
109 116
110 123
110 125
110 122
110 119
110 121
110 114
110 116
111 118
111 119
111 120
111 126
111 124
111 113
111 114
111 127
112 123
112 125
112 122
112 119
112 120
112 126
112 115
112 127
112 116
113 125
113 122
113 117
113 118
113 120
113 126
113 114
113 116
114 123
114 117
114 118
114 119
114 126
114 124
114 116
115 123
115 125
115 117
115 120
115 121
115 124
115 116
116 125
116 117
116 119
116 126
116 121
116 127
117 120
117 126
117 124
117 118
117 127
118 123
118 122
118 119
118 120
118 126
118 124
118 125
119 122
119 125
119 127
120 122
120 126
120 127
121 126
121 125
121 124
122 123
122 125
122 127
123 127
124 126
124 127
125 126
126 127
