0 1
0 2
0 3
0 4
0 5
0 6
0 7
0 8
0 9
0 10
0 11
0 12
0 13
0 14
0 15
0 16
0 17
0 18
0 19
0 20
0 21
0 22
0 23
0 24
0 25
0 26
0 27
0 28
0 29
0 30
0 31
0 32
0 33
0 34
0 35
0 36
0 37
0 38
0 39
0 40
0 41
0 42
0 43
0 44
0 45
0 46
0 47
0 48
0 49
0 50
0 51
0 52
0 53
0 54
0 55
0 56
0 57
0 72
0 111
0 123
0 74
0 98
0 85
1 58
1 59
1 60
1 61
1 62
1 6
1 63
1 8
1 64
1 65
1 66
1 67
1 11
1 13
1 68
1 15
1 69
1 70
1 17
1 18
1 71
1 19
1 72
1 73
1 20
1 21
1 74
1 22
1 23
1 75
1 26
1 76
1 29
1 31
1 32
1 77
1 78
1 79
1 80
1 81
1 37
1 41
1 82
1 43
1 44
1 83
1 84
1 46
1 85
1 47
1 48
1 49
1 86
1 50
1 87
1 88
1 89
1 90
1 91
1 53
1 55
1 92
1 57
1 111
1 123
1 5
1 36
1 98
2 93
2 58
2 60
2 3
2 4
2 61
2 6
2 7
2 94
2 8
2 95
2 96
2 10
2 97
2 66
2 11
2 13
2 14
2 98
2 99
2 70
2 71
2 19
2 100
2 73
2 20
2 22
2 101
2 23
2 102
2 24
2 75
2 25
2 28
2 29
2 30
2 31
2 32
2 34
2 78
2 79
2 35
2 36
2 38
2 103
2 40
2 41
2 82
2 83
2 85
2 47
2 104
2 86
2 105
2 87
2 106
2 51
2 91
2 54
2 55
2 56
2 92
3 107
3 58
3 108
3 109
3 4
3 62
3 6
3 7
3 94
3 63
3 8
3 95
3 64
3 97
3 67
3 12
3 13
3 110
3 98
3 16
3 99
3 69
3 17
3 112
3 18
3 71
3 20
3 22
3 23
3 24
3 75
3 25
3 26
3 76
3 27
3 28
3 29
3 113
3 30
3 114
3 115
3 31
3 77
3 33
3 116
3 78
3 79
3 117
3 81
3 37
3 38
3 41
3 84
3 45
3 46
3 47
3 104
3 86
3 105
3 88
3 52
3 53
3 54
3 55
3 56
4 93
4 107
4 59
4 108
4 5
4 6
4 63
4 95
4 96
4 64
4 65
4 10
4 97
4 66
4 13
4 110
4 98
4 15
4 16
4 99
4 69
4 70
4 17
4 112
4 18
4 19
4 100
4 22
4 23
4 118
4 102
4 75
4 25
4 119
4 76
4 27
4 120
4 30
4 114
4 115
4 77
4 33
4 121
4 116
4 79
4 122
4 80
4 36
4 37
4 124
4 38
4 42
4 43
4 44
4 45
4 47
4 48
4 86
4 105
4 106
4 88
4 89
4 90
4 91
4 53
4 54
4 55
4 56
4 92
5 93
5 59
5 108
5 60
5 6
5 7
5 94
5 63
5 8
5 95
5 64
5 66
5 110
5 68
5 15
5 69
5 70
5 112
5 19
5 100
5 72
5 23
5 75
5 25
5 76
5 28
5 113
5 114
5 32
5 122
5 117
5 37
5 124
5 103
5 39
5 41
5 42
5 44
5 83
5 47
5 106
5 88
5 89
5 91
5 92
5 57
5 49
5 11
5 13
5 111
5 18
5 123
5 74
5 36
5 98
5 85
6 93
6 107
6 108
6 61
6 62
6 94
6 63
6 8
6 95
6 96
6 125
6 65
6 10
6 97
6 66
6 67
6 11
6 13
6 15
6 99
6 70
6 112
6 18
6 19
6 73
6 20
6 74
6 102
6 24
6 25
6 26
6 119
6 28
6 120
6 113
6 30
6 114
6 31
6 32
6 77
6 116
6 79
6 117
6 35
6 81
6 36
6 37
6 124
6 103
6 41
6 42
6 82
6 44
6 83
6 46
6 47
6 49
6 51
6 89
6 52
6 53
6 55
6 127
6 92
6 57
6 72
6 111
6 123
6 98
6 85
7 93
7 107
7 108
7 109
7 94
7 95
7 125
7 65
7 10
7 66
7 110
7 15
7 16
7 99
7 17
7 19
7 100
7 73
7 20
7 21
7 22
7 101
7 23
7 24
7 25
7 26
7 28
7 29
7 120
7 113
7 30
7 114
7 31
7 77
7 116
7 34
7 78
7 122
7 35
7 80
7 81
7 36
7 38
7 103
7 39
7 40
7 41
7 82
7 43
7 45
7 46
7 85
7 47
7 50
7 126
7 89
7 52
7 90
7 56
7 92
7 57
8 93
8 107
8 59
8 60
8 61
8 94
8 63
8 9
8 96
8 64
8 65
8 10
8 66
8 67
8 12
8 110
8 68
8 16
8 69
8 70
8 112
8 72
8 20
8 74
8 22
8 118
8 24
8 75
8 26
8 29
8 120
8 115
8 31
8 32
8 77
8 122
8 117
8 124
8 38
8 103
8 41
8 42
8 84
8 46
8 85
8 47
8 48
8 49
8 52
8 91
8 53
8 55
8 56
8 92
8 57
9 93
9 107
9 59
9 108
9 60
9 109
9 63
9 95
9 125
9 65
9 97
9 67
9 13
9 110
9 14
9 98
9 68
9 15
9 69
9 71
9 73
9 20
9 101
9 23
9 118
9 102
9 24
9 25
9 26
9 27
9 28
9 29
9 120
9 113
9 115
9 31
9 32
9 77
9 121
9 78
9 79
9 80
9 81
9 36
9 37
9 124
9 103
9 39
9 40
9 82
9 84
9 47
9 49
9 104
9 50
9 105
9 87
9 51
9 89
9 54
9 56
9 92
9 57
10 93
10 59
10 109
10 61
10 63
10 96
10 125
10 64
10 97
10 66
10 67
10 11
10 99
10 69
10 70
10 18
10 71
10 19
10 73
10 21
10 23
10 102
10 75
10 25
10 119
10 27
10 29
10 120
10 30
10 114
10 77
10 121
10 34
10 78
10 117
10 36
10 37
10 124
10 38
10 103
10 40
10 41
10 83
10 45
10 46
10 85
10 47
10 104
10 86
10 50
10 126
10 87
10 52
10 90
10 54
10 55
10 127
10 92
10 57
11 93
11 58
11 59
11 108
11 60
11 63
11 125
11 64
11 65
11 66
11 13
11 68
11 16
11 70
11 112
11 18
11 19
11 100
11 72
11 22
11 23
11 118
11 25
11 76
11 29
11 120
11 113
11 115
11 31
11 32
11 77
11 79
11 122
11 35
11 123
11 36
11 37
11 124
11 40
11 41
11 83
11 45
11 46
11 85
11 47
11 48
11 49
11 87
11 106
11 88
11 91
11 54
11 92
11 57
11 111
11 44
11 74
11 98
12 93
12 107
12 58
12 108
12 62
12 63
12 95
12 97
12 67
12 13
12 14
12 68
12 15
12 16
12 17
12 112
12 71
12 100
12 72
12 20
12 74
12 101
12 23
12 102
12 25
12 26
12 76
12 27
12 29
12 120
12 115
12 31
12 32
12 77
12 33
12 121
12 78
12 79
12 122
12 35
12 123
12 80
12 81
12 38
12 103
12 41
12 42
12 44
12 83
12 84
12 45
12 50
12 51
12 88
12 89
12 90
12 53
12 54
12 92
12 57
13 93
13 107
13 58
13 59
13 108
13 109
13 62
13 94
13 63
13 96
13 125
13 64
13 68
13 99
13 69
13 70
13 111
13 19
13 20
13 118
13 75
13 26
13 119
13 29
13 120
13 113
13 30
13 114
13 77
13 121
13 116
13 79
13 35
13 80
13 36
13 37
13 124
13 103
13 41
13 82
13 43
13 83
13 84
13 45
13 85
13 47
13 49
13 104
13 50
13 105
13 52
13 55
13 127
13 57
13 72
13 44
13 18
13 123
13 74
13 98
14 93
14 108
14 60
14 94
14 63
14 125
14 65
14 66
14 67
14 68
14 16
14 69
14 112
14 18
14 71
14 73
14 74
14 102
14 25
14 26
14 76
14 27
14 29
14 120
14 115
14 31
14 32
14 33
14 121
14 116
14 34
14 122
14 117
14 35
14 38
14 42
14 82
14 43
14 44
14 84
14 85
14 47
14 104
14 86
14 50
14 105
14 51
14 88
14 89
14 52
14 55
14 56
15 107
15 58
15 108
15 60
15 109
15 61
15 64
15 97
15 66
15 110
15 68
15 16
15 99
15 70
15 111
15 18
15 71
15 73
15 21
15 101
15 23
15 102
15 119
15 113
15 114
15 32
15 33
15 121
15 34
15 79
15 35
15 123
15 36
15 38
15 39
15 42
15 82
15 43
15 50
15 126
15 87
15 51
15 88
15 89
15 90
15 91
15 54
16 93
16 59
16 108
16 60
16 61
16 94
16 63
16 95
16 96
16 65
16 97
16 98
16 68
16 70
16 111
16 71
16 21
16 22
16 101
16 23
16 102
16 25
16 26
16 76
16 28
16 29
16 32
16 33
16 121
16 116
16 78
16 80
16 81
16 37
16 124
16 38
16 103
16 39
16 40
16 82
16 83
16 84
16 85
16 47
16 48
16 49
16 104
16 105
16 87
16 106
16 88
16 52
16 90
16 53
16 127
16 92
16 57
17 93
17 58
17 59
17 60
17 109
17 62
17 94
17 63
17 125
17 64
17 97
17 98
17 70
17 111
17 112
17 18
17 19
17 72
17 73
17 22
17 102
17 75
17 25
17 27
17 120
17 31
17 34
17 117
17 123
17 80
17 36
17 37
17 124
17 38
17 103
17 39
17 41
17 42
17 82
17 44
17 83
17 84
17 45
17 47
17 126
17 105
17 87
17 51
17 88
17 52
17 90
17 53
17 54
17 56
18 93
18 107
18 60
18 109
18 96
18 125
18 66
18 67
18 68
18 99
18 69
18 112
18 71
18 100
18 73
18 20
18 21
18 25
18 26
18 27
18 28
18 120
18 115
18 33
18 116
18 78
18 79
18 117
18 36
18 38
18 103
18 39
18 41
18 82
18 85
18 47
18 126
18 105
18 87
18 88
18 55
18 57
18 49
18 37
18 19
18 72
18 111
18 44
18 123
18 74
18 98
19 59
19 94
19 63
19 96
19 125
19 64
19 65
19 66
19 98
19 68
19 69
19 100
19 72
19 73
19 20
19 74
19 22
19 101
19 118
19 75
19 25
19 76
19 28
19 29
19 114
19 115
19 31
19 33
19 34
19 79
19 123
19 81
19 36
19 37
19 103
19 39
19 40
19 41
19 42
19 82
19 46
19 47
19 48
19 49
19 104
19 86
19 50
19 126
19 105
19 106
19 51
19 89
19 91
19 54
19 55
19 56
19 127
19 57
19 111
19 44
19 85
20 107
20 109
20 61
20 62
20 94
20 95
20 64
20 65
20 97
20 66
20 110
20 69
20 70
20 111
20 112
20 72
20 74
20 22
20 102
20 24
20 25
20 26
20 119
20 76
20 27
20 29
20 120
20 113
20 114
20 32
20 77
20 33
20 121
20 79
20 117
20 35
20 123
20 81
20 37
20 124
20 38
20 103
20 39
20 40
20 42
20 82
20 43
20 83
20 84
20 45
20 85
20 47
20 49
20 104
20 86
20 105
20 89
20 52
20 90
20 91
20 53
20 55
21 93
21 107
21 108
21 61
21 62
21 63
21 125
21 64
21 65
21 66
21 110
21 98
21 99
21 112
21 71
21 100
21 74
21 22
21 101
21 102
21 120
21 114
21 77
21 116
21 34
21 78
21 79
21 122
21 117
21 35
21 81
21 37
21 41
21 82
21 45
21 46
21 85
21 47
21 86
21 126
21 105
21 87
21 106
21 51
21 88
21 89
21 52
21 91
21 53
21 55
21 92
22 93
22 107
22 58
22 59
22 60
22 109
22 63
22 96
22 125
22 64
22 97
22 69
22 71
22 73
22 74
22 101
22 118
22 102
22 75
22 25
22 119
22 27
22 28
22 29
22 113
22 114
22 33
22 121
22 116
22 34
22 78
22 117
22 35
22 36
22 37
22 124
22 38
22 103
22 39
22 40
22 42
22 84
22 45
22 85
22 47
22 49
22 104
22 86
22 105
22 87
22 106
22 51
22 89
22 52
22 127
22 92
23 58
23 59
23 60
23 61
23 63
23 95
23 96
23 64
23 97
23 99
23 112
23 71
23 72
23 101
23 27
23 28
23 29
23 30
23 115
23 31
23 32
23 77
23 121
23 78
23 79
23 122
23 117
23 36
23 37
23 124
23 38
23 39
23 40
23 41
23 84
23 47
23 48
23 49
23 104
23 86
23 50
23 105
23 106
23 51
23 88
23 90
23 91
23 127
23 92
23 57
24 93
24 107
24 59
24 108
24 109
24 96
24 125
24 64
24 65
24 97
24 110
24 99
24 69
24 70
24 112
24 100
24 72
24 102
24 75
24 76
24 28
24 113
24 30
24 114
24 34
24 79
24 35
24 36
24 37
24 39
24 40
24 41
24 42
24 82
24 43
24 44
24 84
24 45
24 46
24 48
24 104
24 105
24 87
24 106
24 88
24 89
24 52
24 90
24 91
24 54
24 56
24 92
25 93
25 107
25 60
25 109
25 61
25 62
25 94
25 95
25 96
25 64
25 97
25 66
25 67
25 98
25 68
25 99
25 111
25 71
25 74
25 118
25 75
25 119
25 76
25 113
25 115
25 32
25 33
25 116
25 78
25 122
25 117
25 35
25 38
25 44
25 45
25 85
25 47
25 49
25 104
25 86
25 126
25 105
25 51
25 91
25 53
25 56
25 127
25 92
26 107
26 58
26 59
26 108
26 109
26 61
26 62
26 94
26 63
26 96
26 64
26 97
26 66
26 67
26 68
26 99
26 70
26 111
26 71
26 100
26 73
26 118
26 102
26 119
26 27
26 120
26 77
26 121
26 78
26 79
26 122
26 123
26 81
26 36
26 37
26 103
26 39
26 82
26 43
26 46
26 47
26 104
26 86
26 126
26 105
26 51
26 89
26 53
26 56
26 127
26 92
27 107
27 59
27 60
27 61
27 62
27 94
27 125
27 64
27 97
27 66
27 67
27 98
27 69
27 70
27 71
27 100
27 74
27 102
27 75
27 119
27 28
27 120
27 113
27 30
27 31
27 32
27 33
27 34
27 79
27 117
27 35
27 123
27 80
27 37
27 44
27 83
27 46
27 85
27 47
27 49
27 50
27 87
27 106
27 88
27 89
27 53
27 92
27 57
28 59
28 108
28 60
28 109
28 62
28 94
28 95
28 64
28 65
28 66
28 67
28 68
28 70
28 111
28 100
28 72
28 73
28 74
28 101
28 102
28 76
28 120
28 113
28 30
28 77
28 116
28 35
28 80
28 36
28 38
28 103
28 39
28 41
28 44
28 45
28 48
28 49
28 104
28 86
28 50
28 88
28 89
28 52
28 90
28 91
28 53
28 54
28 55
28 127
28 92
29 58
29 59
29 108
29 60
29 61
29 62
29 94
29 96
29 125
29 64
29 66
29 67
29 110
29 98
29 99
29 70
29 71
29 100
29 73
29 74
29 118
29 102
29 75
29 119
29 76
29 120
29 31
29 32
29 77
29 121
29 34
29 117
29 124
29 103
29 40
29 42
29 44
29 83
29 45
29 46
29 85
29 48
29 49
29 126
29 88
29 89
29 90
29 55
29 56
29 57
30 93
30 58
30 109
30 62
30 95
30 125
30 65
30 66
30 68
30 99
30 69
30 70
30 71
30 101
30 118
30 75
30 119
30 114
30 115
30 31
30 32
30 33
30 121
30 34
30 78
30 123
30 36
30 37
30 124
30 39
30 40
30 41
30 42
30 43
30 46
30 47
30 104
30 86
30 126
30 87
30 88
30 89
30 90
30 91
30 55
30 57
31 59
31 108
31 62
31 94
31 63
31 96
31 64
31 65
31 97
31 66
31 110
31 98
31 68
31 69
31 70
31 111
31 112
31 71
31 74
31 101
31 102
31 115
31 77
31 121
31 34
31 78
31 35
31 81
31 36
31 37
31 38
31 39
31 42
31 45
31 48
31 86
31 106
31 51
31 52
31 54
31 92
32 93
32 107
32 108
32 94
32 63
32 95
32 96
32 125
32 64
32 97
32 66
32 67
32 110
32 99
32 100
32 73
32 101
32 118
32 102
32 76
32 114
32 34
32 78
32 79
32 122
32 35
32 81
32 37
32 103
32 43
32 83
32 84
32 47
32 48
32 49
32 126
32 105
32 88
32 89
32 91
32 54
32 55
32 56
32 127
32 92
33 107
33 58
33 108
33 109
33 62
33 95
33 64
33 66
33 67
33 110
33 68
33 69
33 101
33 118
33 102
33 75
33 113
33 114
33 77
33 123
33 80
33 81
33 37
33 103
33 39
33 40
33 42
33 44
33 83
33 84
33 45
33 46
33 47
33 49
33 104
33 126
33 106
33 51
33 88
33 89
33 54
33 55
33 127
34 108
34 60
34 109
34 61
34 94
34 63
34 95
34 125
34 64
34 65
34 66
34 110
34 98
34 69
34 70
34 72
34 73
34 74
34 101
34 118
34 75
34 119
34 113
34 114
34 115
34 77
34 78
34 79
34 122
34 117
34 123
34 81
34 37
34 124
34 103
34 39
34 41
34 43
34 44
34 83
34 45
34 104
34 126
34 87
34 51
34 88
34 89
34 90
34 53
34 54
34 56
34 92
35 93
35 60
35 62
35 63
35 95
35 96
35 66
35 71
35 72
35 73
35 118
35 102
35 119
35 120
35 113
35 114
35 115
35 121
35 116
35 78
35 123
35 80
35 36
35 38
35 103
35 41
35 42
35 83
35 84
35 45
35 46
35 47
35 48
35 49
35 50
35 126
35 106
35 51
35 89
35 90
35 54
35 57
36 107
36 60
36 94
36 63
36 96
36 125
36 65
36 97
36 66
36 67
36 110
36 99
36 70
36 71
36 72
36 73
36 101
36 114
36 115
36 121
36 116
36 79
36 37
36 103
36 39
36 41
36 82
36 43
36 83
36 84
36 86
36 50
36 87
36 88
36 90
36 53
36 47
36 49
36 111
36 44
36 123
36 74
36 98
36 85
37 107
37 58
37 63
37 95
37 125
37 64
37 65
37 97
37 66
37 67
37 68
37 69
37 70
37 112
37 71
37 100
37 72
37 73
37 74
37 102
37 76
37 120
37 113
37 114
37 115
37 121
37 122
37 117
37 123
37 81
37 38
37 40
37 41
37 43
37 45
37 47
37 49
37 106
37 52
37 56
37 127
37 57
37 111
37 44
37 98
37 85
38 107
38 62
38 63
38 95
38 125
38 65
38 97
38 67
38 99
38 69
38 70
38 100
38 73
38 101
38 102
38 119
38 114
38 122
38 117
38 81
38 103
38 40
38 41
38 42
38 43
38 84
38 45
38 46
38 85
38 47
38 86
38 126
38 106
38 51
38 52
38 90
38 53
38 54
38 55
38 92
38 57
39 93
39 107
39 58
39 108
39 60
39 109
39 94
39 63
39 95
39 96
39 125
39 64
39 65
39 98
39 69
39 70
39 111
39 112
39 100
39 75
39 113
39 114
39 115
39 77
39 121
39 116
39 122
39 124
39 103
39 40
39 41
39 42
39 82
39 43
39 44
39 83
39 45
39 46
39 47
39 49
39 126
39 87
39 106
39 88
39 89
39 91
39 53
39 56
39 92
39 57
40 93
40 107
40 58
40 59
40 60
40 62
40 63
40 95
40 125
40 64
40 65
40 97
40 67
40 98
40 99
40 69
40 70
40 112
40 74
40 75
40 119
40 76
40 113
40 114
40 115
40 121
40 116
40 122
40 41
40 42
40 82
40 44
40 84
40 45
40 46
40 104
40 50
40 126
40 87
40 106
40 51
40 88
40 52
40 90
40 54
40 55
40 127
40 92
41 93
41 58
41 109
41 63
41 96
41 125
41 64
41 65
41 99
41 69
41 70
41 112
41 101
41 118
41 75
41 120
41 113
41 115
41 77
41 79
41 123
41 81
41 124
41 44
41 45
41 46
41 85
41 47
41 48
41 49
41 50
41 106
41 88
41 89
41 52
41 53
41 54
41 56
41 127
41 72
41 111
41 74
41 98
42 93
42 107
42 58
42 94
42 96
42 64
42 65
42 97
42 67
42 68
42 111
42 71
42 73
42 74
42 101
42 102
42 119
42 113
42 114
42 77
42 116
42 78
42 122
42 117
42 124
42 103
42 43
42 83
42 84
42 45
42 46
42 49
42 104
42 86
42 50
42 126
42 105
42 87
42 51
42 89
42 52
42 90
42 54
42 55
42 56
42 92
43 93
43 107
43 58
43 59
43 109
43 94
43 95
43 125
43 64
43 97
43 66
43 68
43 70
43 71
43 73
43 101
43 118
43 119
43 76
43 120
43 114
43 116
43 79
43 122
43 117
43 103
43 46
43 47
43 48
43 86
43 50
43 126
43 105
43 106
43 51
43 90
43 53
43 127
43 92
44 107
44 58
44 108
44 60
44 61
44 94
44 96
44 125
44 65
44 66
44 67
44 110
44 68
44 111
44 74
44 102
44 75
44 76
44 113
44 114
44 77
44 116
44 81
44 82
44 83
44 84
44 85
44 47
44 49
44 104
44 126
44 105
44 87
44 51
44 88
44 90
44 91
44 127
44 92
44 57
44 72
44 123
44 98
45 58
45 60
45 109
45 96
45 64
45 65
45 66
45 67
45 110
45 98
45 68
45 99
45 69
45 111
45 112
45 100
45 72
45 74
45 101
45 118
45 75
45 119
45 120
45 113
45 115
45 77
45 116
45 79
45 117
45 124
45 82
45 48
45 86
45 50
45 126
45 105
45 106
45 88
45 52
45 54
45 56
45 127
45 92
46 93
46 58
46 59
46 60
46 61
46 95
46 96
46 125
46 64
46 97
46 110
46 98
46 99
46 72
46 76
46 114
46 115
46 77
46 121
46 79
46 122
46 117
46 81
46 103
46 82
46 83
46 104
46 50
46 126
46 106
46 51
46 88
46 89
46 52
46 91
46 56
46 127
47 58
47 108
47 60
47 61
47 94
47 95
47 125
47 97
47 66
47 67
47 98
47 68
47 99
47 69
47 111
47 112
47 72
47 74
47 102
47 119
47 120
47 115
47 121
47 116
47 78
47 79
47 122
47 124
47 83
47 84
47 48
47 49
47 104
47 86
47 126
47 88
47 89
47 91
47 53
47 54
47 55
47 56
47 127
47 92
47 123
47 85
48 58
48 61
48 62
48 96
48 125
48 65
48 97
48 98
48 68
48 69
48 112
48 100
48 75
48 76
48 120
48 113
48 114
48 77
48 121
48 116
48 78
48 79
48 117
48 81
48 124
48 82
48 83
48 84
48 85
48 49
48 104
48 86
48 126
48 87
48 106
48 51
48 88
48 89
48 90
48 91
48 54
48 55
48 56
48 127
48 92
48 57
49 107
49 59
49 60
49 94
49 63
49 95
49 96
49 97
49 66
49 110
49 98
49 68
49 99
49 100
49 72
49 73
49 74
49 118
49 102
49 75
49 120
49 121
49 116
49 123
49 81
49 124
49 82
49 85
49 104
49 86
49 106
49 88
49 89
49 54
49 55
49 127
49 111
50 93
50 59
50 109
50 61
50 62
50 94
50 63
50 95
50 96
50 125
50 65
50 68
50 69
50 70
50 111
50 71
50 100
50 73
50 74
50 101
50 102
50 75
50 76
50 114
50 79
50 117
50 123
50 81
50 103
50 84
50 85
50 104
50 86
50 126
50 87
50 106
50 91
50 56
50 92
50 57
51 93
51 107
51 58
51 109
51 62
51 94
51 63
51 95
51 96
51 64
51 65
51 97
51 67
51 110
51 98
51 68
51 99
51 70
51 111
51 112
51 71
51 100
51 118
51 102
51 115
51 77
51 121
51 116
51 78
51 122
51 80
51 81
51 83
51 84
51 85
51 104
51 86
51 105
51 88
51 89
51 90
51 91
51 53
51 55
51 56
51 127
51 57
52 93
52 59
52 108
52 60
52 109
52 61
52 62
52 63
52 95
52 64
52 97
52 110
52 98
52 68
52 99
52 69
52 70
52 112
52 71
52 73
52 119
52 114
52 121
52 116
52 78
52 79
52 123
52 81
52 103
52 85
52 104
52 86
52 105
52 87
52 106
52 89
52 53
52 54
52 127
52 57
53 93
53 107
53 59
53 108
53 61
53 94
53 97
53 67
53 110
53 98
53 99
53 112
53 71
53 72
53 73
53 101
53 102
53 76
53 120
53 116
53 78
53 79
53 122
53 117
53 80
53 81
53 105
53 106
53 89
53 90
53 91
53 55
53 127
54 93
54 58
54 108
54 60
54 61
54 94
54 95
54 65
54 68
54 100
54 72
54 73
54 74
54 101
54 102
54 75
54 119
54 80
54 81
54 103
54 82
54 104
54 126
54 105
54 91
54 55
54 57
55 93
55 58
55 59
55 60
55 63
55 125
55 64
55 65
55 66
55 110
55 69
55 70
55 111
55 74
55 101
55 118
55 102
55 76
55 120
55 113
55 115
55 77
55 121
55 116
55 78
55 79
55 122
55 117
55 123
55 81
55 124
55 103
55 83
55 84
55 85
55 104
55 105
55 106
55 89
55 90
55 56
56 107
56 108
56 60
56 109
56 62
56 96
56 64
56 97
56 66
56 68
56 99
56 70
56 111
56 71
56 100
56 101
56 118
56 102
56 119
56 77
56 116
56 78
56 79
56 122
56 81
56 124
56 103
56 82
56 83
56 84
56 104
56 86
56 87
56 106
56 90
56 57
57 93
57 58
57 108
57 62
57 95
57 96
57 64
57 65
57 97
57 98
57 99
57 69
57 111
57 71
57 72
57 101
57 75
57 113
57 114
57 116
57 123
57 80
57 81
57 124
57 82
57 84
57 104
57 105
57 87
57 89
57 90
57 91
57 127
58 93
58 59
58 108
58 60
58 61
58 63
58 65
58 97
58 66
58 67
58 110
58 68
58 69
58 70
58 100
58 72
58 118
58 75
58 76
58 113
58 121
58 79
58 117
58 123
58 80
58 81
58 124
58 103
58 83
58 104
58 86
58 126
58 105
58 87
58 88
58 89
58 90
59 93
59 108
59 60
59 94
59 63
59 65
59 110
59 68
59 70
59 111
59 100
59 72
59 74
59 118
59 116
59 78
59 122
59 80
59 82
59 104
59 126
59 105
59 106
59 88
59 90
59 91
59 127
59 92
60 62
60 63
60 98
60 71
60 100
60 73
60 118
60 120
60 113
60 124
60 82
60 84
60 106
60 90
60 91
60 108
60 96
60 64
60 97
60 67
60 110
60 68
60 111
60 72
60 74
60 102
60 75
60 77
60 116
60 79
60 80
60 103
60 86
60 126
61 109
61 62
61 112
61 73
61 81
61 124
61 87
61 106
61 127
61 92
61 107
61 108
61 94
61 125
61 65
61 66
61 67
61 99
61 72
61 74
61 75
61 114
61 115
61 77
61 116
61 117
61 126
61 89
62 93
62 108
62 63
62 96
62 66
62 110
62 99
62 69
62 112
62 71
62 100
62 72
62 101
62 102
62 114
62 115
62 77
62 121
62 79
62 117
62 123
62 80
62 124
62 104
62 86
62 105
62 88
62 89
62 90
63 93
63 109
63 107
63 94
63 96
63 125
63 97
63 66
63 110
63 99
63 70
63 71
63 72
63 74
63 118
63 75
63 119
63 76
63 113
63 114
63 115
63 78
63 79
63 122
63 117
63 123
63 80
63 103
63 104
63 105
63 88
63 91
63 127
64 73
64 118
64 76
64 120
64 81
64 82
64 83
64 84
64 85
64 87
64 88
64 92
64 108
64 94
64 96
64 125
64 66
64 67
64 68
64 99
64 70
64 72
64 74
64 101
64 102
64 77
64 79
64 123
64 103
64 86
64 105
64 89
65 109
65 95
65 118
65 76
65 120
65 122
65 81
65 124
65 83
65 85
65 87
65 106
65 88
65 94
65 97
65 66
65 110
65 99
65 111
65 74
65 101
65 102
65 75
65 114
65 115
65 77
65 121
65 78
65 80
65 86
65 105
65 89
66 95
66 69
66 71
66 76
66 113
66 122
66 84
66 108
66 96
66 67
66 68
66 70
66 72
66 102
66 75
66 119
66 114
66 115
66 121
66 78
66 126
66 105
66 89
67 95
67 71
67 73
67 113
67 81
67 83
67 87
67 88
67 127
67 92
67 107
67 125
67 97
67 68
67 99
67 101
67 119
67 79
67 117
67 103
67 126
67 89
68 112
68 100
68 73
68 76
68 120
68 113
68 81
68 82
68 83
68 87
68 91
68 108
68 94
68 110
68 72
68 119
68 115
68 80
68 103
68 86
68 126
69 93
69 107
69 94
69 96
69 125
69 97
69 110
69 99
69 112
69 71
69 72
69 74
69 101
69 118
69 102
69 75
69 119
69 76
69 113
69 114
69 115
69 77
69 121
69 116
69 122
69 117
69 81
69 124
69 103
69 82
69 104
69 86
69 126
69 87
69 106
69 90
69 91
69 127
70 109
70 95
70 112
70 100
70 73
70 118
70 120
70 122
70 81
70 84
70 87
70 106
70 88
70 90
70 91
70 127
70 92
70 108
70 125
70 97
70 110
70 99
70 101
70 75
70 114
70 115
70 77
70 121
70 116
70 79
70 123
70 80
70 104
70 89
71 93
71 109
71 112
71 107
71 108
71 97
71 110
71 101
71 75
71 119
71 76
71 113
71 78
71 79
71 122
71 123
71 80
71 81
71 124
71 103
71 82
71 86
71 126
71 105
71 106
71 90
71 91
71 127
72 95
72 112
72 100
72 73
72 76
72 113
72 124
72 82
72 83
72 84
72 87
72 106
72 90
72 92
72 107
72 94
72 97
72 110
72 99
72 101
72 119
72 117
72 104
72 111
72 123
72 74
72 98
72 85
73 93
73 109
73 107
73 94
73 125
73 110
73 101
73 75
73 119
73 76
73 120
73 113
73 117
73 81
73 103
73 84
73 87
73 88
73 91
73 92
74 95
74 100
74 118
74 120
74 122
74 81
74 82
74 85
74 87
74 106
74 91
74 107
74 108
74 94
74 96
74 97
74 102
74 75
74 114
74 121
74 79
74 80
74 104
74 86
74 126
74 89
74 111
74 123
74 98
75 95
75 112
75 100
75 118
75 122
75 82
75 85
75 90
75 127
75 92
75 108
75 94
75 96
75 97
75 110
75 101
75 102
75 115
75 79
75 123
75 80
75 104
75 105
76 93
76 109
76 112
76 100
76 108
76 94
76 110
76 101
76 102
76 113
76 115
76 77
76 121
76 116
76 78
76 123
76 80
76 81
76 103
76 82
76 83
76 85
76 86
76 126
76 105
76 106
76 88
76 127
77 95
77 98
77 112
77 118
77 120
77 113
77 122
77 81
77 82
77 87
77 88
77 90
77 91
77 127
77 107
77 108
77 96
77 125
77 97
77 110
77 119
77 121
77 116
77 78
77 79
77 80
77 126
77 89
78 109
78 95
78 112
78 100
78 118
78 113
78 124
78 87
78 88
78 90
78 91
78 92
78 107
78 94
78 96
78 125
78 99
78 111
78 102
78 119
78 114
78 115
78 121
78 116
78 79
78 103
78 104
78 86
78 126
79 109
79 112
79 113
79 81
79 87
79 106
79 127
79 92
79 107
79 108
79 96
79 111
79 102
79 114
79 115
79 121
79 116
79 117
79 103
79 86
79 126
79 105
80 109
80 95
80 112
80 81
80 83
80 84
80 85
80 87
80 90
80 91
80 92
80 107
80 108
80 97
80 99
80 102
80 119
80 114
80 115
80 116
80 117
80 103
80 104
80 126
80 89
81 93
81 109
81 95
81 118
81 120
81 113
81 107
81 94
81 96
81 125
81 110
81 99
81 111
81 101
81 102
81 115
81 121
81 116
81 123
81 82
81 84
81 85
81 86
81 126
81 105
81 87
81 127
82 93
82 95
82 112
82 100
82 118
82 120
82 113
82 107
82 94
82 110
82 99
82 102
82 119
82 114
82 115
82 121
82 103
82 84
82 85
82 104
82 126
82 87
82 106
82 88
82 89
82 90
82 92
83 93
83 95
83 98
83 112
83 100
83 113
83 107
83 125
83 97
83 101
83 119
83 114
83 115
83 121
83 117
83 84
83 104
83 126
83 106
83 88
83 89
83 90
84 93
84 109
84 98
84 113
84 124
84 107
84 94
84 96
84 125
84 99
84 114
84 117
84 123
84 103
84 85
84 104
84 86
84 126
84 105
84 89
84 90
84 91
84 92
85 109
85 118
85 107
85 94
85 96
85 101
85 119
85 103
85 104
85 105
85 87
85 106
85 90
85 91
85 111
85 123
85 98
86 118
86 120
86 113
86 87
86 90
86 107
86 94
86 125
86 97
86 99
86 101
86 119
86 115
86 121
86 117
86 123
86 105
86 89
87 93
87 109
87 95
87 100
87 120
87 94
87 96
87 125
87 97
87 99
87 119
87 116
87 103
87 105
88 93
88 95
88 98
88 100
88 118
88 113
88 107
88 108
88 96
88 125
88 110
88 102
88 119
88 114
88 121
88 116
88 104
88 89
88 92
89 98
89 112
89 100
89 113
89 122
89 127
89 107
89 96
89 97
89 101
89 102
89 119
89 121
89 116
89 123
89 105
90 93
90 109
90 95
90 112
90 118
90 120
90 124
90 106
90 107
90 110
90 99
90 111
90 119
90 114
90 115
90 121
90 123
90 104
90 126
90 91
91 93
91 109
91 112
91 118
91 113
91 124
91 106
91 107
91 108
91 96
91 97
91 111
91 114
91 115
91 117
91 104
91 105
91 92
92 93
92 109
92 100
92 118
92 120
92 122
92 124
92 107
92 94
92 125
92 99
92 101
92 119
92 103
92 104
92 105
93 109
93 95
93 98
93 112
93 100
93 118
93 120
93 113
93 122
93 124
93 106
93 127
94 95
94 112
94 113
94 122
94 107
94 125
94 97
94 110
94 99
94 101
94 119
94 117
94 105
95 107
95 108
95 97
95 98
95 111
95 100
95 118
95 102
95 119
95 116
95 122
95 123
95 104
95 126
95 105
96 109
96 100
96 118
96 120
96 113
96 107
96 125
96 110
96 111
96 101
96 116
96 117
96 104
96 126
97 109
97 112
97 100
97 120
97 122
97 127
97 108
97 114
97 117
97 103
97 126
97 125
97 99
97 111
97 115
97 116
97 123
97 104
98 108
98 125
98 110
98 99
98 112
98 101
98 118
98 102
98 120
98 113
98 115
98 121
98 122
98 103
98 105
98 111
98 123
99 109
99 100
99 120
99 124
99 106
99 108
99 114
99 117
99 103
99 126
99 121
99 123
99 102
99 119
99 115
99 116
100 108
100 125
100 110
100 111
100 101
100 118
100 102
100 120
100 113
100 116
100 123
100 124
100 103
100 126
100 105
100 127
101 127
101 107
101 108
101 125
101 102
101 119
101 115
101 121
101 116
101 103
102 109
102 112
102 118
102 113
102 127
102 108
102 114
102 105
102 115
102 116
103 109
103 120
103 124
103 106
103 127
103 107
103 108
103 117
103 119
103 115
103 121
103 123
103 104
103 126
104 118
104 120
104 113
104 127
104 108
104 114
104 105
104 110
104 121
104 125
104 111
104 116
105 120
105 113
105 122
105 127
105 107
105 108
105 114
105 117
105 126
105 110
105 115
105 121
105 116
106 109
106 112
106 120
106 122
106 107
106 111
106 115
106 121
106 116
106 117
107 112
107 122
107 127
107 108
107 114
107 117
107 126
108 120
108 113
108 127
108 125
108 110
108 111
108 114
108 121
108 126
109 125
109 110
109 111
109 112
109 118
109 119
109 113
109 115
109 121
109 122
109 123
109 124
109 126
109 127
110 112
110 118
110 113
110 124
110 126
110 115
111 122
111 127
111 114
111 125
111 119
111 123
112 120
112 113
112 114
112 115
112 121
112 116
112 117
112 127
113 118
113 120
113 119
113 114
113 121
113 117
113 126
114 120
114 122
114 124
114 127
114 115
114 117
114 123
115 122
115 124
115 117
115 126
115 123
115 116
115 125
115 119
116 118
116 120
116 122
116 126
117 122
117 124
117 127
117 119
117 121
117 123
118 119
118 124
119 124
119 127
119 123
120 121
120 124
120 126
120 127
121 124
121 127
121 125
122 125
122 123
122 124
122 127
123 124
123 126
123 125
124 125
124 127
125 126
