0 1
0 2
0 3
0 4
0 5
0 6
0 7
0 8
0 9
0 10
0 11
0 12
0 13
0 14
0 15
0 16
0 17
0 18
0 19
0 20
0 21
0 22
0 23
0 24
0 25
0 26
0 27
0 28
0 29
0 30
0 31
0 32
0 33
0 34
0 35
0 36
0 37
0 38
0 39
0 40
0 41
0 42
0 43
0 44
0 45
0 46
0 47
0 48
0 49
0 50
0 51
0 52
0 53
0 54
0 55
0 56
0 57
0 58
0 59
0 60
0 61
0 62
0 63
0 64
0 65
0 66
0 67
0 104
0 74
0 93
0 120
1 68
1 2
1 69
1 70
1 71
1 72
1 6
1 7
1 8
1 9
1 10
1 11
1 14
1 73
1 16
1 74
1 75
1 19
1 76
1 77
1 78
1 79
1 25
1 26
1 80
1 27
1 28
1 29
1 30
1 81
1 35
1 82
1 83
1 84
1 85
1 86
1 87
1 88
1 41
1 42
1 89
1 45
1 46
1 90
1 91
1 92
1 93
1 94
1 48
1 51
1 95
1 96
1 55
1 97
1 56
1 57
1 59
1 60
1 61
1 98
1 99
1 100
1 67
2 68
2 3
2 4
2 5
2 70
2 101
2 71
2 72
2 7
2 9
2 102
2 10
2 11
2 15
2 103
2 104
2 19
2 22
2 76
2 77
2 79
2 27
2 105
2 30
2 106
2 107
2 33
2 108
2 109
2 81
2 110
2 35
2 36
2 38
2 39
2 42
2 111
2 43
2 44
2 92
2 47
2 93
2 94
2 95
2 52
2 54
2 55
2 97
2 56
2 57
2 58
2 112
2 62
2 64
2 113
2 114
2 99
2 66
2 100
2 115
3 68
3 4
3 101
3 72
3 6
3 9
3 10
3 11
3 12
3 15
3 73
3 74
3 17
3 18
3 19
3 20
3 77
3 78
3 116
3 26
3 80
3 27
3 28
3 31
3 117
3 107
3 32
3 33
3 81
3 34
3 82
3 83
3 36
3 86
3 38
3 87
3 88
3 42
3 43
3 89
3 44
3 46
3 90
3 92
3 47
3 93
3 48
3 50
3 119
3 51
3 95
3 96
3 55
3 56
3 120
3 121
3 113
3 100
3 67
3 64
3 21
3 57
3 63
3 22
3 30
3 16
3 13
3 104
3 37
4 5
4 101
4 72
4 6
4 7
4 8
4 11
4 12
4 13
4 14
4 122
4 17
4 104
4 20
4 21
4 22
4 76
4 79
4 25
4 26
4 27
4 105
4 30
4 106
4 32
4 33
4 108
4 81
4 110
4 83
4 84
4 85
4 37
4 87
4 88
4 41
4 42
4 43
4 44
4 45
4 90
4 92
4 123
4 49
4 50
4 119
4 51
4 95
4 52
4 96
4 53
4 56
4 57
4 58
4 59
4 63
4 124
4 64
4 98
4 99
4 100
4 115
4 67
4 34
4 16
4 74
4 93
4 120
5 68
5 70
5 101
5 71
5 72
5 7
5 125
5 11
5 12
5 14
5 15
5 16
5 75
5 104
5 18
5 23
5 24
5 79
5 116
5 105
5 28
5 106
5 32
5 33
5 108
5 109
5 81
5 110
5 83
5 84
5 85
5 86
5 38
5 87
5 40
5 41
5 111
5 89
5 44
5 45
5 46
5 91
5 94
5 49
5 51
5 126
5 52
5 96
5 56
5 59
5 61
5 63
5 121
5 124
5 64
5 113
5 66
5 100
5 115
6 70
6 71
6 72
6 7
6 8
6 9
6 125
6 13
6 15
6 16
6 122
6 18
6 19
6 22
6 76
6 23
6 77
6 25
6 116
6 80
6 27
6 127
6 30
6 106
6 117
6 32
6 33
6 110
6 35
6 82
6 83
6 36
6 86
6 38
6 39
6 40
6 88
6 41
6 42
6 43
6 92
6 94
6 48
6 49
6 50
6 51
6 95
6 126
6 52
6 53
6 55
6 97
6 56
6 57
6 59
6 63
6 121
6 124
6 113
6 67
7 70
7 72
7 15
7 73
7 74
7 122
7 17
7 20
7 76
7 23
7 78
7 116
7 26
7 27
7 106
7 31
7 107
7 33
7 118
7 109
7 81
7 35
7 82
7 83
7 85
7 86
7 37
7 40
7 41
7 44
7 45
7 46
7 92
7 47
7 94
7 119
7 51
7 126
7 97
7 58
7 60
7 62
7 121
7 124
7 64
7 114
7 65
7 99
8 69
8 70
8 71
8 102
8 10
8 125
8 16
8 122
8 75
8 19
8 20
8 22
8 76
8 77
8 24
8 78
8 25
8 116
8 26
8 80
8 27
8 105
8 127
8 29
8 31
8 107
8 32
8 33
8 108
8 81
8 110
8 35
8 82
8 36
8 86
8 37
8 39
8 88
8 42
8 111
8 43
8 89
8 46
8 91
8 47
8 123
8 94
8 49
8 119
8 126
8 53
8 58
8 60
8 62
8 63
8 120
8 121
8 124
8 64
8 113
8 114
8 65
8 99
8 66
9 68
9 69
9 70
9 101
9 71
9 11
9 12
9 15
9 73
9 103
9 122
9 17
9 104
9 21
9 22
9 76
9 23
9 77
9 24
9 78
9 25
9 80
9 29
9 30
9 107
9 32
9 33
9 81
9 82
9 39
9 40
9 88
9 41
9 42
9 111
9 43
9 89
9 44
9 45
9 91
9 92
9 47
9 93
9 94
9 48
9 49
9 119
9 51
9 95
9 126
9 96
9 53
9 55
9 97
9 56
9 58
9 59
9 112
9 61
9 62
9 63
9 121
9 124
9 64
9 98
9 100
9 67
10 68
10 69
10 101
10 102
10 11
10 14
10 15
10 73
10 16
10 17
10 18
10 19
10 76
10 23
10 24
10 78
10 105
10 127
10 29
10 30
10 107
10 32
10 33
10 109
10 81
10 34
10 82
10 83
10 36
10 84
10 86
10 37
10 40
10 88
10 41
10 111
10 43
10 89
10 45
10 90
10 92
10 94
10 49
10 50
10 119
10 95
10 52
10 96
10 54
10 55
10 56
10 59
10 124
10 113
10 99
11 68
11 101
11 102
11 12
11 14
11 15
11 17
11 20
11 21
11 22
11 23
11 78
11 25
11 116
11 26
11 80
11 27
11 31
11 32
11 108
11 118
11 109
11 82
11 83
11 37
11 39
11 41
11 43
11 89
11 44
11 45
11 90
11 92
11 47
11 123
11 94
11 50
11 119
11 126
11 96
11 54
11 97
11 56
11 57
11 58
11 112
11 61
11 62
11 63
11 120
11 113
11 114
11 66
11 115
11 67
12 68
12 69
12 71
12 102
12 14
12 73
12 122
12 104
12 18
12 20
12 21
12 22
12 76
12 23
12 25
12 27
12 28
12 127
12 30
12 32
12 33
12 108
12 109
12 81
12 36
12 84
12 86
12 37
12 39
12 40
12 88
12 41
12 42
12 111
12 43
12 44
12 92
12 93
12 51
12 95
12 126
12 52
12 96
12 54
12 97
12 57
12 61
12 63
12 120
12 124
12 64
12 115
12 67
12 26
12 34
12 16
12 13
12 74
13 70
13 101
13 71
13 72
13 73
13 122
13 104
13 21
13 76
13 116
13 80
13 27
13 105
13 108
13 81
13 34
13 110
13 36
13 84
13 85
13 86
13 111
13 45
13 46
13 92
13 47
13 50
13 119
13 52
13 54
13 97
13 62
13 121
13 124
13 64
13 113
13 114
13 65
13 99
13 66
13 115
13 57
13 42
13 63
13 22
13 30
13 26
13 16
13 74
13 93
13 37
13 120
14 70
14 101
14 71
14 15
14 73
14 16
14 103
14 122
14 75
14 18
14 19
14 20
14 21
14 23
14 77
14 79
14 25
14 116
14 26
14 27
14 105
14 28
14 127
14 31
14 33
14 108
14 118
14 109
14 110
14 35
14 82
14 83
14 36
14 38
14 41
14 42
14 111
14 89
14 90
14 47
14 49
14 50
14 51
14 95
14 126
14 52
14 96
14 57
14 59
14 112
14 60
14 61
14 62
14 63
14 121
14 64
14 98
14 113
14 65
14 66
14 100
14 115
14 67
15 70
15 101
15 102
15 16
15 103
15 75
15 18
15 19
15 20
15 22
15 76
15 23
15 77
15 78
15 25
15 80
15 105
15 127
15 30
15 106
15 107
15 109
15 110
15 36
15 84
15 39
15 41
15 43
15 45
15 46
15 91
15 92
15 119
15 51
15 52
15 96
15 53
15 55
15 57
15 58
15 59
15 60
15 61
15 62
15 63
15 64
15 113
15 114
15 99
15 100
15 67
16 68
16 69
16 101
16 72
16 73
16 75
16 17
16 104
16 18
16 21
16 22
16 76
16 77
16 24
16 25
16 116
16 27
16 28
16 29
16 107
16 32
16 33
16 108
16 118
16 34
16 110
16 35
16 82
16 83
16 36
16 84
16 86
16 38
16 39
16 88
16 41
16 111
16 43
16 89
16 45
16 46
16 90
16 91
16 92
16 47
16 93
16 119
16 51
16 95
16 126
16 52
16 54
16 55
16 56
16 60
16 63
16 120
16 121
16 113
16 114
16 65
16 99
16 64
16 57
16 42
16 30
16 26
16 74
16 37
17 69
17 101
17 71
17 122
17 18
17 19
17 22
17 76
17 26
17 30
17 31
17 107
17 32
17 108
17 81
17 34
17 110
17 82
17 83
17 36
17 85
17 38
17 39
17 42
17 111
17 44
17 46
17 92
17 94
17 49
17 52
17 96
17 53
17 97
17 57
17 58
17 112
17 60
17 61
17 120
17 124
17 64
17 98
17 113
18 68
18 70
18 71
18 72
18 74
18 75
18 104
18 19
18 20
18 24
18 79
18 116
18 80
18 28
18 29
18 117
18 109
18 82
18 83
18 84
18 86
18 37
18 38
18 39
18 88
18 42
18 111
18 89
18 44
18 45
18 90
18 123
18 93
18 48
18 51
18 126
18 52
18 96
18 54
18 55
18 59
18 60
18 61
18 62
18 120
18 64
18 98
18 113
18 99
18 66
18 100
18 115
18 67
19 69
19 70
19 71
19 72
19 75
19 104
19 20
19 21
19 22
19 24
19 79
19 26
19 80
19 105
19 31
19 117
19 33
19 118
19 110
19 35
19 86
19 37
19 38
19 87
19 88
19 42
19 89
19 45
19 46
19 91
19 92
19 94
19 48
19 119
19 95
19 52
19 55
19 58
19 59
19 62
19 63
19 121
19 98
19 114
19 65
19 66
19 115
20 68
20 70
20 101
20 71
20 72
20 102
20 74
20 21
20 78
20 27
20 105
20 127
20 29
20 31
20 32
20 118
20 109
20 35
20 83
20 36
20 85
20 37
20 87
20 88
20 41
20 111
20 89
20 45
20 123
20 93
20 48
20 50
20 119
20 52
20 54
20 57
20 58
20 60
20 61
20 62
20 121
20 64
20 113
20 114
20 66
20 100
20 115
20 67
21 68
21 69
21 70
21 101
21 71
21 125
21 122
21 104
21 22
21 24
21 78
21 25
21 80
21 27
21 28
21 30
21 106
21 33
21 118
21 34
21 83
21 84
21 85
21 86
21 41
21 42
21 43
21 44
21 46
21 90
21 92
21 47
21 123
21 93
21 94
21 48
21 49
21 54
21 97
21 56
21 57
21 58
21 59
21 61
21 62
21 63
21 121
21 124
21 64
21 113
21 114
21 65
21 99
21 100
21 115
21 26
21 74
21 37
21 120
22 68
22 70
22 72
22 73
22 74
22 103
22 122
22 75
22 76
22 23
22 77
22 24
22 78
22 79
22 26
22 105
22 30
22 31
22 107
22 108
22 118
22 34
22 110
22 35
22 83
22 36
22 85
22 38
22 87
22 88
22 41
22 42
22 111
22 43
22 89
22 45
22 92
22 123
22 94
22 51
22 52
22 57
22 58
22 59
22 112
22 60
22 62
22 63
22 124
22 64
22 98
22 99
22 115
22 104
22 93
22 37
22 120
23 70
23 101
23 71
23 72
23 73
23 122
23 76
23 77
23 24
23 78
23 105
23 29
23 106
23 31
23 117
23 107
23 118
23 35
23 82
23 36
23 84
23 85
23 86
23 37
23 38
23 39
23 41
23 42
23 43
23 89
23 46
23 90
23 92
23 47
23 93
23 48
23 95
23 126
23 52
23 96
23 53
23 54
23 55
23 56
23 57
23 58
23 112
23 61
23 120
23 124
23 64
23 98
23 113
23 114
23 65
23 99
23 115
23 67
24 69
24 101
24 102
24 125
24 73
24 77
24 78
24 79
24 116
24 26
24 105
24 28
24 106
24 31
24 33
24 109
24 34
24 110
24 82
24 83
24 86
24 37
24 87
24 40
24 88
24 41
24 42
24 43
24 89
24 44
24 45
24 46
24 90
24 123
24 96
24 54
24 97
24 57
24 58
24 60
24 62
24 63
24 120
24 121
24 98
24 113
24 114
24 99
24 67
25 70
25 71
25 103
25 75
25 78
25 116
25 26
25 105
25 127
25 30
25 31
25 107
25 32
25 108
25 118
25 109
25 81
25 110
25 82
25 83
25 36
25 85
25 86
25 37
25 39
25 40
25 88
25 41
25 111
25 89
25 90
25 92
25 93
25 48
25 50
25 119
25 52
25 96
25 53
25 54
25 97
25 56
25 58
25 60
25 61
25 62
25 63
25 124
25 98
25 113
25 114
25 65
25 66
25 67
26 69
26 70
26 101
26 71
26 72
26 102
26 125
26 103
26 75
26 104
26 78
26 105
26 127
26 30
26 31
26 117
26 107
26 32
26 33
26 108
26 109
26 81
26 110
26 35
26 36
26 39
26 40
26 42
26 111
26 44
26 45
26 46
26 47
26 123
26 126
26 52
26 96
26 97
26 56
26 59
26 121
26 64
26 98
26 67
26 57
26 63
26 34
26 74
26 93
26 37
26 120
27 69
27 71
27 72
27 73
27 74
27 103
27 78
27 79
27 80
27 105
27 106
27 31
27 108
27 110
27 35
27 82
27 83
27 36
27 84
27 85
27 43
27 90
27 123
27 94
27 48
27 50
27 95
27 52
27 96
27 53
27 97
27 57
27 112
27 61
27 64
27 98
27 100
27 67
28 68
28 101
28 71
28 73
28 74
28 103
28 122
28 104
28 79
28 116
28 80
28 127
28 109
28 34
28 35
28 82
28 84
28 85
28 40
28 88
28 111
28 89
28 44
28 45
28 46
28 92
28 47
28 48
28 119
28 126
28 96
28 56
28 112
28 60
28 61
28 62
28 121
28 98
28 114
28 65
28 99
28 115
29 68
29 70
29 101
29 71
29 125
29 73
29 75
29 76
29 79
29 116
29 105
29 127
29 117
29 107
29 33
29 81
29 110
29 36
29 84
29 85
29 37
29 38
29 39
29 88
29 41
29 44
29 45
29 46
29 92
29 123
29 93
29 50
29 51
29 95
29 96
29 53
29 54
29 55
29 97
29 56
29 58
29 112
29 61
29 62
29 124
29 64
29 113
29 65
29 100
29 67
30 68
30 69
30 70
30 71
30 102
30 77
30 106
30 31
30 117
30 107
30 32
30 33
30 108
30 118
30 109
30 81
30 110
30 35
30 82
30 83
30 85
30 37
30 39
30 40
30 88
30 42
30 111
30 45
30 92
30 47
30 93
30 94
30 48
30 95
30 126
30 52
30 96
30 55
30 57
30 58
30 59
30 112
30 63
30 121
30 64
30 98
30 113
30 99
30 115
30 34
30 104
30 74
30 120
31 68
31 70
31 71
31 125
31 73
31 122
31 75
31 76
31 77
31 78
31 79
31 105
31 127
31 107
31 33
31 118
31 109
31 34
31 110
31 82
31 84
31 85
31 86
31 40
31 41
31 42
31 43
31 46
31 91
31 47
31 93
31 48
31 50
31 95
31 52
31 96
31 53
31 97
31 56
31 57
31 59
31 112
31 60
31 62
31 121
31 124
31 64
31 66
31 100
32 70
32 101
32 71
32 72
32 125
32 103
32 122
32 76
32 78
32 106
32 33
32 108
32 109
32 81
32 34
32 84
32 37
32 38
32 111
32 43
32 89
32 45
32 46
32 90
32 91
32 47
32 48
32 50
32 51
32 95
32 52
32 96
32 54
32 55
32 57
32 58
32 59
32 112
32 62
32 63
32 120
32 121
32 64
32 114
32 99
32 66
32 100
33 68
33 69
33 71
33 72
33 74
33 103
33 79
33 116
33 80
33 105
33 117
33 108
33 81
33 34
33 82
33 36
33 86
33 38
33 39
33 88
33 92
33 47
33 94
33 49
33 50
33 119
33 95
33 96
33 53
33 56
33 58
33 60
33 62
33 63
33 64
33 98
33 113
33 114
33 65
33 100
33 115
34 69
34 73
34 74
34 122
34 75
34 104
34 76
34 77
34 78
34 116
34 105
34 127
34 106
34 118
34 81
34 35
34 84
34 85
34 86
34 37
34 87
34 39
34 42
34 89
34 45
34 93
34 94
34 126
34 54
34 97
34 56
34 112
34 60
34 62
34 98
34 114
34 65
34 99
34 66
34 67
34 64
34 57
34 63
34 120
35 70
35 101
35 71
35 73
35 122
35 77
35 79
35 105
35 108
35 118
35 109
35 83
35 36
35 85
35 86
35 38
35 87
35 40
35 88
35 41
35 111
35 43
35 44
35 90
35 91
35 92
35 47
35 123
35 48
35 49
35 126
35 96
35 53
35 56
35 58
35 59
35 112
35 62
35 98
35 113
35 114
35 65
35 99
35 66
35 100
35 115
35 67
36 68
36 69
36 70
36 102
36 77
36 116
36 105
36 106
36 118
36 110
36 83
36 85
36 86
36 37
36 87
36 41
36 42
36 44
36 90
36 91
36 92
36 47
36 123
36 93
36 48
36 51
36 97
36 56
36 58
36 59
36 61
36 62
36 63
36 64
36 98
36 114
36 65
36 66
37 71
37 102
37 74
37 122
37 75
37 104
37 77
37 79
37 105
37 127
37 108
37 118
37 82
37 83
37 84
37 38
37 39
37 88
37 111
37 89
37 46
37 90
37 91
37 47
37 123
37 93
37 49
37 50
37 51
37 95
37 52
37 53
37 97
37 58
37 59
37 62
37 120
37 121
37 124
37 98
37 113
37 114
37 65
37 66
37 67
37 64
37 57
37 42
37 63
38 68
38 69
38 72
38 102
38 125
38 103
38 75
38 76
38 77
38 78
38 80
38 105
38 127
38 106
38 117
38 108
38 118
38 84
38 86
38 39
38 88
38 41
38 42
38 111
38 89
38 90
38 92
38 123
38 94
38 50
38 119
38 95
38 126
38 52
38 53
38 54
38 55
38 97
38 57
38 58
38 59
38 112
38 63
38 121
38 124
38 64
38 98
38 113
38 65
38 100
38 115
38 67
39 68
39 69
39 71
39 102
39 125
39 74
39 103
39 122
39 75
39 116
39 106
39 117
39 107
39 118
39 109
39 110
39 87
39 90
39 91
39 92
39 123
39 93
39 94
39 48
39 49
39 119
39 51
39 95
39 52
39 53
39 56
39 57
39 59
39 112
39 61
39 62
39 124
39 98
39 113
39 65
39 100
39 115
40 70
40 71
40 72
40 125
40 73
40 74
40 122
40 75
40 77
40 78
40 116
40 80
40 106
40 107
40 108
40 109
40 81
40 110
40 82
40 83
40 84
40 86
40 87
40 88
40 89
40 90
40 91
40 123
40 93
40 48
40 126
40 53
40 54
40 97
40 57
40 121
40 124
40 99
40 100
40 115
40 67
41 69
41 70
41 72
41 102
41 122
41 104
41 76
41 78
41 80
41 117
41 107
41 118
41 85
41 86
41 87
41 43
41 45
41 91
41 92
41 95
41 96
41 54
41 55
41 97
41 56
41 58
41 112
41 62
41 63
41 120
41 113
41 65
41 99
41 115
41 67
42 68
42 102
42 73
42 74
42 122
42 76
42 79
42 80
42 105
42 117
42 107
42 118
42 84
42 86
42 87
42 45
42 90
42 91
42 92
42 48
42 49
42 50
42 96
42 97
42 56
42 57
42 58
42 112
42 61
42 63
42 124
42 64
42 114
42 65
42 66
42 115
42 67
42 104
42 93
42 120
43 68
43 69
43 72
43 102
43 125
43 74
43 103
43 104
43 78
43 116
43 127
43 117
43 107
43 108
43 81
43 83
43 85
43 86
43 87
43 88
43 111
43 89
43 46
43 91
43 49
43 50
43 95
43 126
43 97
43 56
43 58
43 59
43 63
43 124
43 64
43 98
43 113
43 114
43 99
43 66
43 115
43 67
44 68
44 69
44 70
44 101
44 71
44 72
44 125
44 73
44 74
44 122
44 75
44 77
44 116
44 80
44 118
44 81
44 110
44 82
44 84
44 86
44 87
44 89
44 90
44 91
44 92
44 47
44 123
44 48
44 119
44 51
44 52
44 96
44 53
44 56
44 57
44 112
44 60
44 121
44 124
44 64
44 98
44 66
44 100
44 115
44 67
45 70
45 72
45 125
45 73
45 103
45 75
45 76
45 79
45 80
45 105
45 117
45 107
45 108
45 118
45 109
45 82
45 86
45 46
45 91
45 92
45 47
45 93
45 51
45 95
45 126
45 96
45 53
45 55
45 97
45 57
45 59
45 63
45 121
45 113
45 65
45 66
45 115
45 67
46 70
46 72
46 102
46 75
46 104
46 76
46 77
46 79
46 116
46 80
46 105
46 127
46 107
46 108
46 109
46 84
46 85
46 111
46 91
46 92
46 47
46 123
46 94
46 95
46 126
46 52
46 96
46 53
46 55
46 97
46 57
46 58
46 62
46 63
46 120
46 64
46 113
46 114
46 99
46 115
47 70
47 101
47 102
47 125
47 74
47 75
47 104
47 77
47 78
47 80
47 127
47 117
47 108
47 109
47 81
47 110
47 84
47 86
47 88
47 89
47 91
47 123
47 94
47 49
47 50
47 51
47 52
47 96
47 53
47 57
47 112
47 60
47 61
47 62
47 124
47 64
47 98
47 99
47 66
47 115
47 67
48 69
48 70
48 71
48 72
48 125
48 73
48 74
48 103
48 75
48 104
48 77
48 80
48 127
48 106
48 117
48 110
48 82
48 84
48 86
48 111
48 90
48 91
48 92
48 94
48 50
48 119
48 51
48 126
48 52
48 54
48 55
48 56
48 57
48 58
48 59
48 112
48 60
48 61
48 63
48 121
48 64
48 114
48 99
48 66
48 115
49 68
49 70
49 71
49 125
49 73
49 122
49 75
49 76
49 77
49 79
49 116
49 80
49 105
49 106
49 107
49 108
49 118
49 109
49 81
49 110
49 83
49 84
49 86
49 87
49 119
49 95
49 96
49 56
49 112
49 61
49 62
49 63
49 121
49 124
49 64
49 98
49 114
49 65
49 99
49 115
50 68
50 69
50 70
50 72
50 125
50 73
50 75
50 76
50 77
50 78
50 105
50 127
50 107
50 108
50 118
50 81
50 84
50 85
50 88
50 89
50 90
50 91
50 92
50 123
50 119
50 95
50 126
50 52
50 96
50 55
50 56
50 57
50 62
50 120
50 124
50 64
50 113
50 114
50 65
50 99
50 67
51 68
51 69
51 101
51 71
51 102
51 125
51 73
51 103
51 75
51 77
51 79
51 116
51 80
51 105
51 117
51 107
51 118
51 109
51 81
51 82
51 85
51 87
51 88
51 91
51 119
51 96
51 112
51 62
51 64
51 99
51 66
51 115
52 68
52 101
52 71
52 125
52 103
52 122
52 104
52 77
52 78
52 127
52 108
52 82
52 83
52 84
52 86
52 88
52 111
52 89
52 123
52 94
52 119
52 126
52 54
52 56
52 60
52 61
52 63
52 121
52 98
52 113
52 114
52 66
52 100
52 115
53 69
53 72
53 125
53 73
53 74
53 122
53 75
53 104
53 79
53 116
53 105
53 106
53 109
53 83
53 85
53 86
53 88
53 91
53 92
53 95
53 126
53 96
53 55
53 97
53 61
53 63
53 121
53 124
53 114
53 99
53 100
53 115
54 70
54 101
54 71
54 103
54 122
54 79
54 127
54 117
54 107
54 108
54 82
54 83
54 86
54 88
54 89
54 90
54 91
54 92
54 123
54 93
54 94
54 119
54 55
54 97
54 58
54 112
54 60
54 63
54 124
54 114
54 65
54 99
54 67
55 69
55 70
55 101
55 72
55 125
55 103
55 122
55 76
55 78
55 80
55 117
55 107
55 118
55 81
55 83
55 85
55 86
55 88
55 111
55 89
55 90
55 94
55 95
55 126
55 96
55 56
55 57
55 112
55 63
55 121
55 124
55 98
55 65
55 66
55 100
55 115
55 67
56 68
56 69
56 70
56 101
56 72
56 102
56 74
56 122
56 104
56 76
56 77
56 78
56 79
56 105
56 107
56 108
56 81
56 83
56 85
56 86
56 87
56 111
56 91
56 92
56 119
56 58
56 59
56 112
56 62
56 120
56 124
56 113
56 65
56 66
56 100
56 115
56 67
57 69
57 70
57 102
57 103
57 75
57 76
57 116
57 105
57 106
57 117
57 107
57 81
57 82
57 84
57 87
57 88
57 123
57 94
57 119
57 95
57 97
57 58
57 59
57 112
57 60
57 61
57 62
57 63
57 120
57 121
57 124
57 64
57 113
57 114
57 65
57 115
57 104
57 74
57 93
58 69
58 70
58 101
58 72
58 74
58 76
58 77
58 79
58 116
58 108
58 82
58 84
58 85
58 86
58 87
58 88
58 89
58 90
58 92
58 123
58 119
58 95
58 126
58 96
58 112
58 61
58 62
58 120
58 64
58 113
58 66
58 100
58 67
59 68
59 69
59 70
59 101
59 71
59 125
59 73
59 74
59 103
59 122
59 75
59 104
59 77
59 78
59 80
59 106
59 107
59 108
59 118
59 81
59 110
59 83
59 84
59 85
59 86
59 111
59 90
59 92
59 93
59 94
59 126
59 96
59 112
59 60
59 62
59 120
59 121
59 64
59 98
59 66
59 115
60 70
60 71
60 72
60 102
60 125
60 75
60 76
60 78
60 79
60 80
60 127
60 106
60 117
60 109
60 81
60 110
60 82
60 83
60 84
60 88
60 89
60 90
60 91
60 92
60 123
60 93
60 94
60 96
60 97
60 112
60 61
60 62
60 63
60 121
60 64
60 98
60 114
60 99
60 66
60 100
61 68
61 69
61 102
61 73
61 103
61 122
61 76
61 116
61 105
61 107
61 118
61 81
61 110
61 82
61 83
61 84
61 88
61 111
61 123
61 126
61 96
61 97
61 112
61 62
61 120
61 64
61 98
61 66
61 100
61 115
61 67
62 70
62 101
62 72
62 102
62 73
62 103
62 75
62 76
62 77
62 78
62 79
62 116
62 105
62 106
62 117
62 81
62 110
62 82
62 84
62 85
62 86
62 88
62 89
62 90
62 123
62 93
62 94
62 95
62 126
62 112
62 121
62 98
62 113
62 114
62 65
62 100
62 115
62 67
63 102
63 74
63 122
63 75
63 104
63 77
63 116
63 105
63 117
63 107
63 118
63 81
63 110
63 83
63 86
63 87
63 88
63 89
63 90
63 92
63 123
63 94
63 119
63 96
63 97
63 112
63 121
63 124
63 64
63 98
63 99
63 100
63 93
63 120
64 70
64 71
64 102
64 74
64 103
64 104
64 76
64 77
64 79
64 116
64 80
64 117
64 118
64 109
64 110
64 83
64 84
64 87
64 88
64 90
64 94
64 95
64 120
64 114
64 65
64 99
64 100
64 115
64 67
64 93
65 68
65 69
65 71
65 102
65 125
65 74
65 122
65 104
65 78
65 117
65 108
65 118
65 109
65 83
65 84
65 85
65 86
65 87
65 88
65 111
65 89
65 92
65 94
65 119
65 95
65 96
65 97
65 121
65 114
65 99
65 100
65 67
66 68
66 69
66 101
66 71
66 125
66 122
66 76
66 77
66 78
66 116
66 80
66 106
66 117
66 107
66 108
66 118
66 84
66 89
66 90
66 91
66 92
66 119
66 126
66 96
66 112
66 113
66 115
67 71
67 72
67 102
67 73
67 74
67 103
67 122
67 104
67 76
67 79
67 106
67 117
67 107
67 118
67 109
67 110
67 83
67 85
67 88
67 111
67 89
67 90
67 91
67 123
67 93
67 119
67 126
67 96
67 112
67 121
67 114
68 71
68 72
68 102
68 103
68 122
68 127
68 106
68 117
68 107
68 108
68 118
68 109
68 110
68 82
68 87
68 88
68 111
68 90
68 123
68 93
68 94
68 126
68 96
68 120
68 124
68 98
68 100
68 115
69 71
69 72
69 102
69 103
69 122
69 106
69 107
69 109
69 82
69 87
69 88
69 90
69 123
69 93
69 94
69 120
69 124
69 125
69 73
69 75
69 77
69 79
69 81
69 83
69 84
69 85
69 86
69 89
69 91
69 112
69 113
70 71
70 72
70 127
70 118
70 110
70 82
70 88
70 90
70 123
70 96
70 115
70 101
70 73
70 75
70 76
70 79
70 116
70 105
70 81
70 84
70 91
70 119
70 95
70 97
70 112
70 114
70 99
71 101
71 73
71 74
71 103
71 122
71 75
71 77
71 105
71 117
71 108
71 118
71 81
71 82
71 84
71 111
71 89
71 90
71 123
71 93
71 94
71 95
71 96
71 112
71 121
71 124
71 114
71 115
72 102
72 103
72 122
72 104
72 76
72 78
72 79
72 127
72 117
72 118
72 110
72 82
72 84
72 111
72 89
72 92
72 123
72 94
72 96
72 97
72 124
72 98
72 113
72 114
72 100
72 115
73 102
73 103
73 122
73 127
73 118
73 109
73 82
73 87
73 88
73 111
73 90
73 96
73 120
73 98
73 100
73 101
73 125
73 74
73 75
73 76
73 78
73 105
73 83
73 85
73 86
73 92
73 97
73 121
73 99
74 122
74 117
74 107
74 118
74 109
74 110
74 111
74 96
74 98
74 75
74 104
74 78
74 79
74 116
74 80
74 95
74 121
74 99
74 93
74 120
75 103
75 122
75 127
75 106
75 107
75 118
75 109
75 87
75 90
75 93
75 94
75 126
75 115
75 76
75 78
75 79
75 116
75 84
75 85
75 86
75 89
75 95
75 97
75 112
75 99
76 102
76 122
76 106
76 107
76 87
76 88
76 90
76 123
76 94
76 126
76 124
76 125
76 78
76 79
76 116
76 81
76 83
76 91
76 92
76 112
76 121
76 113
76 114
77 103
77 122
77 117
77 107
77 108
77 111
77 90
77 123
77 93
77 94
77 96
77 124
77 98
77 100
77 115
77 125
77 78
77 79
77 116
77 80
77 105
77 81
77 85
77 119
77 95
77 114
77 99
78 122
78 108
78 118
78 109
78 110
78 90
78 123
78 94
78 124
78 98
78 125
78 79
78 116
78 80
78 105
78 81
78 83
78 85
78 91
78 95
78 97
78 112
78 121
78 114
79 102
79 117
79 107
79 118
79 109
79 82
79 87
79 94
79 100
79 115
79 125
79 80
79 83
79 84
79 89
79 119
79 95
79 97
79 113
79 114
80 122
80 127
80 117
80 107
80 108
80 82
80 111
80 90
80 123
80 126
80 96
80 124
80 100
80 101
80 125
80 104
80 81
80 83
80 86
80 92
80 119
80 97
80 121
80 99
81 102
81 103
81 122
81 127
81 106
81 107
81 110
81 82
81 87
81 111
81 90
81 94
81 126
81 96
81 124
81 98
81 100
81 115
81 83
81 86
81 89
81 91
81 92
81 119
81 112
81 113
81 114
82 122
82 107
82 110
82 125
82 116
82 85
82 86
82 88
82 92
82 93
82 94
82 126
82 97
82 120
82 99
82 115
83 102
83 122
83 127
83 106
83 88
83 90
83 123
83 126
83 120
83 98
83 100
83 115
83 101
83 116
83 105
83 86
83 91
83 119
83 97
83 112
83 113
83 99
84 102
84 103
84 117
84 108
84 118
84 109
84 110
84 88
84 94
84 126
84 96
84 124
84 98
84 115
84 104
84 116
84 86
84 89
84 119
84 95
84 97
84 121
84 113
84 114
85 102
85 103
85 127
85 107
85 118
85 110
85 87
85 88
85 90
85 126
85 98
85 101
85 104
85 105
85 91
85 92
85 95
85 97
85 121
85 114
85 99
86 122
86 106
86 117
86 107
86 108
86 118
86 110
86 88
86 111
86 90
86 93
86 126
86 96
86 120
86 124
86 100
86 115
86 116
86 105
86 91
86 92
86 119
86 112
86 99
87 122
87 127
87 106
87 108
87 118
87 101
87 88
87 111
87 89
87 90
87 92
87 93
87 119
87 95
87 97
87 112
87 121
87 124
87 98
87 114
88 106
88 117
88 107
88 118
88 109
88 125
88 104
88 116
88 89
88 90
88 91
88 92
88 123
88 93
88 94
88 112
88 98
88 113
88 114
89 103
89 122
89 127
89 106
89 117
89 107
89 108
89 110
89 111
89 90
89 123
89 96
89 124
89 98
89 115
89 92
89 112
89 121
90 122
90 108
90 118
90 111
90 101
90 116
90 91
90 92
90 95
90 96
90 97
90 112
90 120
90 121
90 124
90 113
90 99
90 115
91 102
91 122
91 106
91 117
91 118
91 109
91 110
91 123
91 100
91 115
91 125
91 104
91 105
91 92
91 95
91 97
91 121
91 113
91 99
92 102
92 103
92 122
92 127
92 106
92 107
92 109
92 111
92 120
92 124
92 100
92 115
92 104
92 119
92 95
92 97
92 112
92 121
92 99
93 122
93 106
93 110
93 111
93 101
93 94
93 126
93 97
93 98
93 100
93 115
93 104
93 120
94 103
94 117
94 108
94 118
94 109
94 111
94 101
94 116
94 97
94 120
94 124
94 99
94 100
95 102
95 107
95 118
95 109
95 110
95 123
95 126
95 96
95 120
95 115
95 101
95 97
95 112
95 121
95 114
95 99
96 102
96 122
96 118
96 109
96 110
96 126
96 101
96 116
96 119
96 120
96 121
96 98
96 113
96 114
96 100
97 102
97 127
97 106
97 117
97 107
97 109
97 124
97 115
97 101
97 105
97 112
97 121
97 113
97 99
98 103
98 127
98 117
98 107
98 110
98 123
98 126
98 120
98 101
98 104
98 116
98 119
98 112
98 121
98 99
98 100
99 102
99 122
99 127
99 117
99 107
99 108
99 109
99 111
99 123
99 120
99 124
99 100
99 104
99 112
99 113
100 102
100 108
100 110
100 111
100 123
100 126
100 120
100 125
100 112
101 102
101 103
101 122
101 127
101 117
101 107
101 108
101 109
101 110
101 111
101 123
101 126
101 124
101 115
101 104
101 121
101 114
102 122
102 116
102 105
102 127
102 108
102 110
102 123
102 119
102 114
102 115
103 122
103 127
103 106
103 107
103 108
103 118
103 109
103 111
103 119
103 120
103 121
103 124
103 114
103 115
104 117
104 107
104 109
104 110
104 126
104 120
104 124
104 115
104 116
104 112
104 113
105 127
105 108
105 118
105 111
105 123
105 126
105 120
105 124
105 115
105 116
105 119
105 121
105 113
106 122
106 127
106 107
106 110
106 111
106 123
106 119
106 126
106 121
106 124
106 114
107 117
107 116
107 108
107 118
107 109
107 126
107 120
107 121
107 113
107 114
108 127
108 125
108 110
108 111
108 123
108 119
108 126
108 121
108 113
108 114
109 122
109 118
109 111
109 119
109 126
109 112
109 120
109 121
109 124
109 114
110 118
110 116
110 123
110 113
110 115
111 122
111 125
111 116
111 119
111 126
111 112
111 113
111 114
112 127
112 117
112 126
112 116
112 119
112 114
113 122
113 127
113 120
113 124
113 115
113 121
114 122
114 127
114 117
114 118
114 116
114 121
115 122
115 118
115 123
115 126
115 124
115 125
116 122
116 127
116 117
116 118
116 126
116 120
117 125
117 119
118 123
118 126
118 121
118 124
119 123
119 120
119 124
120 122
120 123
120 126
120 125
120 121
120 124
121 122
121 124
121 125
122 125
122 123
122 126
122 124
123 127
123 124
124 127
124 125
126 127
