0 1
0 2
0 3
0 4
0 5
0 6
0 7
0 8
0 9
0 10
0 11
0 12
0 13
0 14
0 15
0 16
0 17
0 18
0 19
0 20
0 21
0 22
0 23
0 25
0 26
0 27
0 28
0 29
0 30
0 31
0 32
0 33
0 34
0 35
0 36
0 37
0 38
0 39
0 40
0 41
0 42
0 43
0 44
0 45
0 46
0 47
0 48
0 49
0 50
0 51
0 52
0 53
0 54
0 55
0 57
0 58
0 59
0 60
0 61
0 62
0 63
0 64
0 65
0 66
0 67
0 68
0 69
0 70
1 71
1 73
1 4
1 74
1 5
1 6
1 75
1 76
1 10
1 77
1 13
1 78
1 79
1 14
1 15
1 80
1 18
1 81
1 82
1 19
1 23
1 26
1 27
1 83
1 32
1 33
1 84
1 85
1 86
1 37
1 87
1 42
1 44
1 46
1 47
1 48
1 88
1 49
1 89
1 50
1 51
1 90
1 54
1 91
1 92
1 63
1 93
1 64
1 65
1 66
1 94
1 95
1 68
1 96
1 70
1 97
2 98
2 71
2 72
2 99
2 73
2 4
2 100
2 5
2 101
2 102
2 75
2 11
2 103
2 77
2 13
2 79
2 104
2 14
2 15
2 80
2 105
2 106
2 82
2 19
2 21
2 22
2 25
2 107
2 27
2 28
2 30
2 83
2 33
2 108
2 109
2 34
2 85
2 36
2 39
2 43
2 44
2 45
2 46
2 48
2 88
2 89
2 51
2 52
2 53
2 110
2 90
2 111
2 54
2 91
2 57
2 59
2 92
2 112
2 113
2 94
2 95
2 96
2 114
2 70
2 97
3 99
3 115
3 73
3 4
3 74
3 100
3 101
3 102
3 75
3 9
3 116
3 10
3 12
3 78
3 14
3 18
3 81
3 106
3 20
3 21
3 117
3 118
3 22
3 24
3 25
3 107
3 27
3 28
3 30
3 83
3 31
3 32
3 108
3 35
3 86
3 36
3 37
3 119
3 39
3 40
3 41
3 43
3 46
3 47
3 48
3 88
3 49
3 89
3 120
3 51
3 52
3 110
3 90
3 111
3 54
3 56
3 91
3 58
3 59
3 92
3 121
3 112
3 63
3 93
3 65
3 66
3 94
3 70
3 97
4 98
4 72
4 99
4 122
4 73
4 100
4 5
4 6
4 75
4 7
4 8
4 9
4 116
4 103
4 12
4 104
4 17
4 106
4 19
4 21
4 117
4 118
4 22
4 23
4 25
4 107
4 26
4 27
4 29
4 32
4 108
4 109
4 34
4 84
4 35
4 36
4 37
4 119
4 87
4 41
4 42
4 43
4 46
4 47
4 48
4 50
4 120
4 53
4 110
4 54
4 57
4 121
4 112
4 123
4 61
4 93
4 64
4 65
4 66
4 67
4 95
4 68
4 69
4 30
4 60
4 74
4 114
4 24
4 56
5 99
5 122
5 73
5 74
5 100
5 101
5 6
5 75
5 7
5 8
5 9
5 103
5 77
5 12
5 13
5 15
5 16
5 17
5 106
5 19
5 117
5 22
5 23
5 25
5 107
5 26
5 28
5 29
5 83
5 31
5 33
5 109
5 34
5 84
5 86
5 119
5 87
5 39
5 40
5 41
5 43
5 45
5 46
5 48
5 88
5 49
5 50
5 120
5 51
5 111
5 91
5 58
5 60
5 92
5 112
5 62
5 63
5 113
5 66
5 67
5 94
5 68
5 69
5 30
5 72
5 61
5 114
5 24
5 56
6 98
6 99
6 73
6 74
6 101
6 75
6 7
6 8
6 76
6 11
6 77
6 12
6 78
6 104
6 80
6 16
6 106
6 82
6 20
6 21
6 117
6 118
6 23
6 107
6 26
6 27
6 28
6 29
6 83
6 31
6 33
6 109
6 34
6 85
6 35
6 87
6 38
6 40
6 41
6 124
6 42
6 44
6 47
6 88
6 89
6 50
6 120
6 111
6 125
6 55
6 56
6 91
6 58
6 59
6 112
6 123
6 61
6 63
6 113
6 66
6 67
6 94
6 95
6 68
6 69
6 114
6 70
7 98
7 71
7 72
7 99
7 122
7 115
7 73
7 74
7 100
7 102
7 8
7 9
7 76
7 11
7 20
7 21
7 118
7 27
7 32
7 33
7 108
7 34
7 86
7 36
7 39
7 41
7 42
7 45
7 46
7 48
7 51
7 52
7 53
7 90
7 55
7 91
7 57
7 60
7 62
7 93
7 66
7 67
7 94
7 70
7 97
7 107
7 103
7 69
7 120
7 30
7 61
7 87
7 114
7 24
7 56
8 72
8 73
8 116
8 77
8 12
8 13
8 78
8 14
8 80
8 16
8 18
8 19
8 21
8 117
8 25
8 26
8 27
8 29
8 30
8 33
8 35
8 36
8 37
8 119
8 87
8 38
8 41
8 42
8 44
8 45
8 46
8 88
8 89
8 120
8 51
8 110
8 126
8 111
8 54
8 55
8 57
8 58
8 92
8 121
8 112
8 61
8 62
8 64
8 66
8 67
8 95
8 68
8 96
8 70
8 97
9 98
9 71
9 99
9 100
9 76
9 103
9 12
9 13
9 79
9 104
9 15
9 16
9 18
9 106
9 82
9 19
9 21
9 107
9 28
9 83
9 85
9 36
9 37
9 119
9 46
9 88
9 49
9 89
9 50
9 52
9 53
9 54
9 56
9 91
9 59
9 60
9 112
9 123
9 62
9 63
9 93
9 66
9 67
9 94
9 95
9 68
9 96
10 72
10 99
10 122
10 100
10 102
10 116
10 76
10 103
10 77
10 13
10 79
10 14
10 15
10 105
10 17
10 18
10 82
10 20
10 21
10 23
10 107
10 26
10 30
10 31
10 33
10 85
10 37
10 119
10 87
10 39
10 41
10 124
10 46
10 47
10 88
10 89
10 51
10 52
10 110
10 90
10 111
10 55
10 56
10 91
10 57
10 60
10 121
10 123
10 61
10 62
10 93
10 66
10 67
10 96
10 114
10 70
11 122
11 74
11 103
11 77
11 13
11 78
11 79
11 14
11 80
11 105
11 17
11 81
11 106
11 82
11 21
11 118
11 127
11 22
11 23
11 25
11 26
11 29
11 83
11 31
11 86
11 37
11 119
11 39
11 124
11 42
11 47
11 88
11 49
11 50
11 120
11 110
11 90
11 126
11 111
11 125
11 56
11 59
11 60
11 121
11 112
11 62
11 93
11 64
11 65
11 113
11 66
11 69
11 97
12 98
12 71
12 99
12 74
12 101
12 102
12 76
12 78
12 79
12 80
12 16
12 17
12 82
12 20
12 21
12 118
12 127
12 24
12 25
12 28
12 29
12 31
12 108
12 109
12 34
12 86
12 37
12 119
12 38
12 40
12 41
12 43
12 44
12 48
12 49
12 89
12 50
12 120
12 51
12 52
12 53
12 90
12 55
12 57
12 92
12 121
12 62
12 93
12 113
12 67
12 94
12 95
12 96
12 114
12 70
12 97
13 71
13 72
13 122
13 115
13 100
13 102
13 75
13 116
13 76
13 80
13 105
13 16
13 18
13 82
13 118
13 23
13 26
13 30
13 108
13 109
13 34
13 36
13 37
13 119
13 38
13 39
13 40
13 124
13 42
13 46
13 47
13 88
13 49
13 50
13 120
13 53
13 111
13 55
13 60
13 92
13 121
13 112
13 62
13 64
13 113
13 66
13 67
13 94
13 95
13 70
13 97
14 98
14 71
14 99
14 122
14 100
14 116
14 103
14 80
14 17
14 18
14 81
14 19
14 20
14 127
14 22
14 23
14 24
14 25
14 26
14 27
14 28
14 29
14 83
14 32
14 108
14 34
14 85
14 119
14 38
14 41
14 124
14 42
14 43
14 44
14 46
14 49
14 89
14 120
14 51
14 53
14 110
14 125
14 54
14 56
14 91
14 57
14 59
14 112
14 61
14 62
14 93
14 64
14 67
14 95
14 68
14 70
14 97
15 72
15 122
15 73
15 74
15 100
15 101
15 116
15 77
15 78
15 79
15 17
15 81
15 82
15 19
15 117
15 127
15 23
15 24
15 26
15 29
15 83
15 31
15 108
15 34
15 119
15 38
15 42
15 47
15 89
15 50
15 120
15 51
15 110
15 111
15 55
15 56
15 91
15 57
15 59
15 112
15 65
15 66
15 95
15 68
15 70
15 97
16 71
16 100
16 76
16 79
16 105
16 18
16 81
16 82
16 19
16 20
16 117
16 118
16 23
16 27
16 29
16 30
16 31
16 33
16 108
16 84
16 86
16 37
16 119
16 87
16 38
16 45
16 47
16 89
16 51
16 52
16 90
16 126
16 111
16 125
16 55
16 56
16 60
16 123
16 93
16 64
16 113
16 66
16 67
16 94
16 95
16 68
16 69
16 114
16 97
17 98
17 72
17 99
17 122
17 115
17 102
17 75
17 76
17 77
17 78
17 79
17 105
17 18
17 81
17 20
17 21
17 117
17 24
17 28
17 29
17 30
17 32
17 33
17 108
17 109
17 34
17 85
17 86
17 36
17 37
17 87
17 40
17 42
17 45
17 46
17 48
17 88
17 49
17 89
17 50
17 120
17 90
17 56
17 57
17 58
17 60
17 121
17 112
17 64
17 65
17 66
17 94
17 96
17 114
17 70
17 97
18 98
18 71
18 72
18 122
18 73
18 100
18 102
18 76
18 77
18 79
18 104
18 82
18 19
18 118
18 24
18 26
18 28
18 29
18 83
18 109
18 37
18 87
18 38
18 39
18 40
18 124
18 42
18 43
18 88
18 49
18 89
18 120
18 51
18 90
18 111
18 54
18 91
18 58
18 61
18 62
18 63
18 93
18 65
18 66
18 68
18 96
18 69
18 97
19 72
19 122
19 73
19 74
19 101
19 102
19 75
19 103
19 77
19 78
19 79
19 104
19 105
19 81
19 106
19 20
19 21
19 117
19 118
19 107
19 29
19 32
19 108
19 109
19 34
19 84
19 86
19 36
19 37
19 87
19 40
19 88
19 49
19 89
19 50
19 51
19 90
19 111
19 56
19 57
19 59
19 92
19 121
19 123
19 61
19 63
19 93
19 65
19 113
19 67
19 70
20 98
20 72
20 122
20 115
20 116
20 103
20 77
20 79
20 80
20 105
20 81
20 106
20 118
20 127
20 24
20 26
20 28
20 29
20 31
20 32
20 33
20 109
20 34
20 84
20 85
20 35
20 36
20 37
20 119
20 38
20 40
20 42
20 43
20 44
20 47
20 48
20 88
20 49
20 120
20 51
20 53
20 110
20 90
20 54
20 55
20 91
20 57
20 60
20 92
20 112
20 62
20 63
20 65
20 66
20 68
20 96
20 69
20 114
20 70
21 71
21 72
21 115
21 73
21 74
21 101
21 102
21 75
21 116
21 76
21 103
21 77
21 80
21 82
21 127
21 24
21 26
21 29
21 30
21 83
21 31
21 33
21 34
21 84
21 85
21 86
21 36
21 37
21 119
21 87
21 38
21 40
21 41
21 124
21 43
21 45
21 88
21 49
21 50
21 52
21 53
21 126
21 111
21 54
21 55
21 56
21 58
21 59
21 60
21 92
21 121
21 112
21 123
21 63
21 67
21 94
21 95
21 69
21 70
22 98
22 99
22 122
22 74
22 100
22 101
22 102
22 76
22 81
22 127
22 23
22 25
22 29
22 108
22 34
22 84
22 85
22 86
22 36
22 37
22 87
22 40
22 42
22 45
22 47
22 88
22 89
22 50
22 51
22 126
22 54
22 55
22 56
22 91
22 58
22 59
22 92
22 112
22 123
22 93
22 67
22 95
22 69
22 114
22 97
23 98
23 71
23 72
23 99
23 122
23 74
23 102
23 77
23 104
23 80
23 81
23 82
23 127
23 24
23 25
23 26
23 30
23 32
23 85
23 36
23 38
23 39
23 40
23 43
23 44
23 45
23 47
23 48
23 88
23 49
23 89
23 51
23 125
23 56
23 91
23 57
23 59
23 60
23 112
23 123
23 63
23 65
23 66
23 67
23 95
23 96
23 114
23 97
24 71
24 99
24 122
24 115
24 73
24 102
24 116
24 76
24 82
24 117
24 118
24 107
24 29
24 30
24 83
24 31
24 108
24 109
24 119
24 87
24 38
24 124
24 42
24 44
24 45
24 48
24 49
24 50
24 52
24 53
24 126
24 55
24 91
24 58
24 59
24 60
24 121
24 61
24 63
24 66
24 96
24 46
24 103
24 69
24 120
24 72
24 74
24 114
24 56
25 71
25 99
25 122
25 74
25 101
25 102
25 75
25 116
25 76
25 77
25 78
25 82
25 117
25 107
25 26
25 28
25 83
25 31
25 32
25 33
25 34
25 35
25 119
25 38
25 39
25 40
25 42
25 46
25 48
25 49
25 50
25 120
25 52
25 90
25 56
25 91
25 57
25 59
25 60
25 123
25 62
25 93
25 64
25 113
25 94
25 95
25 70
26 98
26 72
26 74
26 100
26 101
26 75
26 76
26 103
26 105
26 81
26 106
26 82
26 117
26 118
26 127
26 29
26 83
26 31
26 32
26 33
26 108
26 84
26 35
26 86
26 36
26 37
26 119
26 87
26 39
26 41
26 43
26 44
26 88
26 52
26 53
26 110
26 90
26 125
26 91
26 57
26 112
26 123
26 61
26 93
26 113
26 66
26 95
26 68
26 96
26 69
26 70
27 71
27 122
27 115
27 73
27 101
27 102
27 75
27 116
27 78
27 79
27 104
27 81
27 106
27 82
27 28
27 33
27 34
27 84
27 85
27 37
27 119
27 39
27 41
27 124
27 43
27 44
27 45
27 47
27 48
27 88
27 89
27 51
27 53
27 90
27 126
27 111
27 54
27 56
27 91
27 92
27 62
27 65
27 113
27 66
27 96
27 69
27 114
27 70
27 97
28 115
28 73
28 74
28 100
28 102
28 75
28 116
28 76
28 103
28 77
28 105
28 81
28 106
28 82
28 117
28 127
28 107
28 29
28 31
28 32
28 33
28 108
28 36
28 119
28 39
28 41
28 42
28 44
28 46
28 48
28 49
28 89
28 120
28 51
28 110
28 126
28 111
28 125
28 121
28 62
28 63
28 65
28 113
28 66
28 67
28 94
28 68
28 69
29 72
29 122
29 115
29 73
29 74
29 100
29 101
29 76
29 78
29 79
29 105
29 117
29 118
29 107
29 30
29 83
29 32
29 33
29 109
29 84
29 85
29 37
29 38
29 39
29 124
29 42
29 44
29 49
29 50
29 120
29 51
29 52
29 110
29 126
29 111
29 125
29 91
29 57
29 58
29 92
29 121
29 112
29 63
29 66
29 67
29 94
29 95
29 96
29 70
30 98
30 72
30 99
30 122
30 73
30 74
30 100
30 75
30 116
30 77
30 78
30 79
30 104
30 80
30 105
30 81
30 82
30 117
30 118
30 127
30 83
30 31
30 32
30 33
30 109
30 34
30 86
30 36
30 37
30 119
30 87
30 38
30 39
30 41
30 43
30 44
30 47
30 50
30 120
30 52
30 110
30 90
30 126
30 125
30 54
30 91
30 57
30 59
30 60
30 123
30 63
30 93
30 64
30 65
30 67
30 95
30 96
30 69
30 114
30 97
30 46
30 107
30 103
30 48
30 66
30 61
30 56
31 98
31 71
31 99
31 122
31 73
31 74
31 100
31 101
31 102
31 116
31 77
31 80
31 105
31 81
31 82
31 118
31 127
31 32
31 109
31 84
31 85
31 36
31 37
31 38
31 39
31 40
31 124
31 43
31 44
31 46
31 48
31 88
31 49
31 50
31 120
31 51
31 110
31 90
31 126
31 54
31 55
31 56
31 91
31 58
31 59
31 112
31 123
31 61
31 62
31 93
31 113
31 67
31 94
31 95
31 68
31 96
31 69
31 114
31 97
32 98
32 72
32 99
32 122
32 115
32 73
32 102
32 75
32 116
32 76
32 78
32 105
32 106
32 82
32 118
32 127
32 33
32 34
32 85
32 35
32 37
32 119
32 87
32 38
32 43
32 44
32 47
32 48
32 88
32 49
32 89
32 51
32 52
32 90
32 111
32 125
32 55
32 56
32 59
32 60
32 92
32 62
32 63
32 64
32 113
32 94
32 95
32 68
32 69
32 114
33 98
33 71
33 72
33 122
33 115
33 74
33 100
33 102
33 75
33 116
33 76
33 78
33 79
33 104
33 105
33 81
33 117
33 83
33 109
33 34
33 84
33 86
33 119
33 38
33 39
33 41
33 44
33 46
33 47
33 48
33 88
33 49
33 89
33 53
33 110
33 126
33 125
33 54
33 91
33 57
33 58
33 59
33 112
33 123
33 62
33 93
33 113
33 94
33 95
33 68
33 114
33 70
34 98
34 72
34 122
34 115
34 73
34 100
34 101
34 75
34 77
34 79
34 104
34 80
34 82
34 118
34 127
34 84
34 85
34 86
34 36
34 37
34 119
34 38
34 40
34 41
34 42
34 43
34 44
34 45
34 47
34 48
34 88
34 89
34 50
34 120
34 51
34 52
34 110
34 125
34 56
34 57
34 92
34 121
34 123
34 63
34 93
34 64
34 65
34 113
34 67
34 95
34 96
34 70
34 97
35 99
35 115
35 74
35 100
35 102
35 75
35 116
35 76
35 78
35 79
35 105
35 81
35 106
35 82
35 118
35 127
35 83
35 109
35 84
35 85
35 36
35 119
35 40
35 41
35 42
35 43
35 44
35 47
35 48
35 88
35 49
35 120
35 51
35 53
35 110
35 126
35 111
35 91
35 58
35 121
35 61
35 62
35 113
35 66
35 67
35 94
35 95
35 68
35 96
35 69
35 114
35 97
36 122
36 115
36 74
36 116
36 76
36 103
36 77
36 104
36 80
36 81
36 106
36 82
36 118
36 108
36 37
36 41
36 46
36 48
36 49
36 89
36 51
36 52
36 53
36 90
36 125
36 54
36 55
36 56
36 91
36 59
36 112
36 61
36 65
36 113
36 66
36 67
36 94
36 70
37 122
37 73
37 101
37 102
37 75
37 76
37 77
37 80
37 82
37 117
37 127
37 107
37 108
37 109
37 119
37 87
37 39
37 43
37 45
37 47
37 49
37 50
37 110
37 90
37 126
37 125
37 57
37 58
37 60
37 92
37 123
37 62
37 65
37 66
37 94
37 96
37 97
38 99
38 122
38 73
38 74
38 101
38 103
38 77
38 79
38 105
38 81
38 127
38 83
38 109
38 85
38 40
38 124
38 42
38 43
38 44
38 89
38 50
38 53
38 110
38 90
38 111
38 125
38 54
38 55
38 57
38 123
38 61
38 62
38 63
38 113
38 66
38 67
38 94
38 95
38 69
38 70
39 98
39 71
39 99
39 73
39 74
39 101
39 102
39 76
39 103
39 104
39 80
39 81
39 117
39 118
39 107
39 83
39 108
39 109
39 85
39 86
39 87
39 40
39 41
39 43
39 46
39 49
39 89
39 90
39 54
39 56
39 91
39 57
39 58
39 59
39 92
39 121
39 123
39 62
39 63
39 65
39 67
39 95
39 68
39 96
39 114
39 97
40 98
40 72
40 99
40 122
40 115
40 73
40 74
40 102
40 116
40 76
40 103
40 77
40 79
40 80
40 105
40 107
40 83
40 108
40 109
40 84
40 85
40 86
40 41
40 42
40 44
40 45
40 46
40 47
40 89
40 50
40 51
40 52
40 53
40 126
40 111
40 54
40 56
40 60
40 92
40 61
40 68
40 114
40 70
41 98
41 99
41 122
41 115
41 100
41 102
41 103
41 79
41 104
41 117
41 127
41 107
41 108
41 109
41 84
41 119
41 87
41 42
41 43
41 45
41 46
41 88
41 49
41 52
41 53
41 110
41 90
41 111
41 125
41 54
41 55
41 58
41 59
41 60
41 92
41 112
41 123
41 61
41 62
41 63
41 93
41 65
41 94
41 95
41 96
41 69
41 114
41 70
41 97
42 72
42 99
42 115
42 100
42 101
42 75
42 116
42 76
42 104
42 80
42 105
42 106
42 82
42 127
42 83
42 108
42 84
42 86
42 119
42 124
42 45
42 46
42 48
42 49
42 120
42 51
42 52
42 53
42 110
42 90
42 56
42 58
42 59
42 60
42 92
42 112
42 123
42 62
42 63
42 93
42 67
42 94
42 95
42 69
42 114
42 70
43 98
43 72
43 122
43 115
43 102
43 75
43 103
43 77
43 78
43 80
43 81
43 82
43 127
43 84
43 124
43 44
43 46
43 88
43 50
43 120
43 52
43 110
43 111
43 54
43 91
43 58
43 60
43 121
43 123
43 63
43 93
43 64
43 67
43 94
43 68
44 98
44 72
44 99
44 122
44 115
44 73
44 74
44 101
44 102
44 116
44 76
44 82
44 83
44 108
44 86
44 87
44 124
44 46
44 47
44 88
44 49
44 50
44 120
44 51
44 52
44 110
44 111
44 125
44 54
44 55
44 59
44 121
44 123
44 62
44 63
44 93
44 67
44 94
44 69
44 70
45 71
45 72
45 122
45 115
45 74
45 101
45 116
45 76
45 78
45 82
45 117
45 118
45 127
45 83
45 108
45 86
45 87
45 46
45 48
45 49
45 51
45 53
45 110
45 90
45 125
45 54
45 56
45 58
45 59
45 60
45 61
45 93
45 64
45 94
45 97
46 72
46 99
46 115
46 100
46 101
46 75
46 116
46 76
46 103
46 77
46 104
46 81
46 117
46 118
46 107
46 84
46 86
46 119
46 87
46 47
46 48
46 89
46 120
46 51
46 52
46 110
46 90
46 126
46 125
46 56
46 57
46 58
46 59
46 60
46 62
46 63
46 93
46 65
46 113
46 66
46 67
46 95
46 68
46 96
46 69
46 70
46 74
46 61
46 114
47 98
47 72
47 122
47 73
47 100
47 101
47 103
47 78
47 79
47 80
47 82
47 117
47 109
47 85
47 88
47 52
47 53
47 56
47 59
47 92
47 112
47 123
47 61
47 62
47 93
47 64
47 65
47 68
47 97
48 99
48 115
48 73
48 100
48 103
48 77
48 80
48 105
48 106
48 118
48 127
48 107
48 83
48 109
48 87
48 89
48 120
48 110
48 90
48 54
48 55
48 91
48 60
48 92
48 112
48 62
48 63
48 66
48 95
48 68
48 69
48 97
48 72
48 74
48 61
48 114
48 56
49 98
49 115
49 73
49 74
49 101
49 75
49 116
49 76
49 77
49 78
49 104
49 105
49 82
49 117
49 83
49 85
49 87
49 88
49 89
49 50
49 120
49 52
49 53
49 110
49 54
49 55
49 59
49 60
49 92
49 112
49 65
49 113
49 66
49 67
49 94
49 95
49 68
49 96
49 70
50 98
50 71
50 72
50 99
50 73
50 101
50 102
50 116
50 76
50 103
50 77
50 78
50 79
50 105
50 106
50 117
50 127
50 108
50 84
50 85
50 89
50 51
50 52
50 111
50 125
50 54
50 55
50 56
50 112
50 123
50 61
50 62
50 93
50 64
50 65
50 95
50 70
51 98
51 100
51 101
51 75
51 76
51 103
51 77
51 78
51 79
51 80
51 81
51 82
51 127
51 84
51 119
51 87
51 124
51 120
51 52
51 53
51 110
51 90
51 111
51 91
51 59
51 60
51 121
51 112
51 63
51 93
51 64
51 66
51 67
51 94
51 96
51 70
52 99
52 122
52 73
52 100
52 101
52 102
52 116
52 103
52 104
52 81
52 106
52 117
52 118
52 108
52 109
52 124
52 89
52 110
52 126
52 111
52 125
52 54
52 56
52 57
52 59
52 60
52 121
52 112
52 123
52 61
52 65
52 66
52 67
52 94
52 95
52 68
52 96
52 69
52 114
53 98
53 71
53 72
53 100
53 101
53 102
53 80
53 105
53 81
53 82
53 117
53 118
53 107
53 83
53 84
53 85
53 88
53 90
53 111
53 125
53 54
53 57
53 58
53 60
53 92
53 112
53 123
53 61
53 62
53 63
53 93
53 64
53 66
53 68
53 114
53 70
53 97
54 71
54 72
54 99
54 115
54 73
54 74
54 100
54 101
54 102
54 116
54 76
54 103
54 77
54 78
54 104
54 80
54 105
54 81
54 117
54 118
54 107
54 108
54 84
54 86
54 124
54 89
54 90
54 126
54 111
54 125
54 55
54 121
54 112
54 62
54 67
54 68
54 69
55 98
55 72
55 99
55 73
55 75
55 116
55 76
55 103
55 104
55 80
55 81
55 82
55 118
55 107
55 83
55 109
55 84
55 86
55 119
55 87
55 124
55 89
55 110
55 90
55 126
55 111
55 125
55 91
55 57
55 58
55 59
55 60
55 121
55 61
55 62
55 63
55 93
55 65
55 113
55 66
55 95
55 96
55 114
55 97
56 72
56 73
56 74
56 102
56 116
56 78
56 104
56 80
56 105
56 82
56 117
56 127
56 107
56 83
56 108
56 109
56 85
56 88
56 110
56 126
56 111
56 91
56 60
56 92
56 112
56 61
56 64
56 65
56 66
56 94
56 68
56 96
56 99
56 103
56 69
56 120
56 87
56 114
57 98
57 71
57 72
57 122
57 115
57 73
57 100
57 101
57 75
57 116
57 78
57 79
57 81
57 106
57 117
57 118
57 127
57 83
57 108
57 109
57 87
57 88
57 120
57 110
57 58
57 59
57 92
57 121
57 67
57 95
57 69
57 97
58 72
58 101
58 102
58 75
58 103
58 77
58 78
58 104
58 80
58 105
58 82
58 118
58 107
58 109
58 85
58 86
58 119
58 89
58 120
58 110
58 90
58 111
58 125
58 59
58 92
58 121
58 112
58 123
58 63
58 64
58 65
58 113
58 66
58 67
58 94
58 95
58 68
58 96
58 69
58 70
58 97
59 98
59 99
59 73
59 75
59 103
59 78
59 104
59 80
59 106
59 82
59 118
59 107
59 83
59 108
59 109
59 84
59 85
59 89
59 110
59 90
59 125
59 61
59 63
59 93
59 64
59 66
59 67
59 68
59 97
60 71
60 99
60 122
60 115
60 116
60 76
60 103
60 77
60 78
60 81
60 117
60 118
60 127
60 107
60 84
60 86
60 119
60 87
60 89
60 120
60 90
60 126
60 125
60 91
60 92
60 112
60 123
60 62
60 93
60 65
60 113
60 96
60 69
60 66
60 72
60 74
60 61
60 114
61 98
61 71
61 99
61 73
61 101
61 102
61 103
61 77
61 104
61 80
61 118
61 127
61 107
61 108
61 109
61 87
61 124
61 88
61 89
61 120
61 110
61 90
61 126
61 111
61 91
61 92
61 64
61 67
61 94
61 96
61 97
61 69
61 66
61 72
61 74
61 114
62 99
62 74
62 101
62 102
62 103
62 104
62 105
62 117
62 118
62 108
62 109
62 87
62 88
62 120
62 110
62 90
62 126
62 125
62 91
62 92
62 121
62 123
62 63
62 93
62 66
62 67
62 94
62 95
62 68
62 69
62 70
63 71
63 72
63 99
63 122
63 115
63 74
63 100
63 101
63 75
63 103
63 80
63 117
63 107
63 109
63 84
63 85
63 119
63 87
63 124
63 88
63 89
63 110
63 90
63 126
63 121
63 123
63 64
63 65
63 67
63 95
63 68
63 96
63 69
63 70
63 97
64 71
64 99
64 122
64 115
64 102
64 116
64 76
64 103
64 77
64 78
64 104
64 105
64 81
64 118
64 83
64 84
64 119
64 120
64 126
64 91
64 112
64 123
64 65
64 67
64 94
64 95
64 69
64 114
64 70
65 71
65 99
65 100
65 102
65 75
65 76
65 79
65 80
65 105
65 81
65 106
65 107
65 83
65 108
65 84
65 85
65 119
65 120
65 126
65 111
65 125
65 92
65 121
65 112
65 123
65 66
65 67
65 95
65 68
66 99
66 122
66 115
66 74
66 75
66 116
66 76
66 103
66 77
66 78
66 79
66 104
66 80
66 105
66 81
66 127
66 107
66 83
66 85
66 86
66 124
66 89
66 120
66 90
66 111
66 125
66 92
66 121
66 112
66 123
66 67
66 94
66 68
66 69
66 114
66 72
66 87
67 72
67 99
67 100
67 76
67 77
67 79
67 105
67 81
67 106
67 117
67 109
67 86
67 119
67 87
67 88
67 89
67 90
67 126
67 125
67 92
67 121
67 112
67 123
67 93
67 113
67 94
67 95
67 68
67 96
67 69
67 114
67 97
68 98
68 99
68 122
68 74
68 100
68 101
68 75
68 76
68 77
68 78
68 79
68 80
68 106
68 118
68 127
68 107
68 108
68 84
68 85
68 88
68 89
68 110
68 90
68 126
68 125
68 112
68 123
68 113
68 94
68 95
68 96
68 97
69 98
69 72
69 99
69 115
69 74
69 100
69 101
69 103
69 77
69 78
69 105
69 117
69 127
69 107
69 83
69 85
69 87
69 120
69 110
69 90
69 91
69 121
69 112
69 123
69 93
69 94
69 70
69 97
69 114
70 99
70 115
70 73
70 102
70 75
70 76
70 77
70 78
70 104
70 106
70 117
70 107
70 83
70 109
70 86
70 119
70 120
70 90
70 126
70 121
70 112
70 123
70 93
71 98
71 72
71 99
71 122
71 115
71 73
71 74
71 100
71 116
71 76
71 78
71 104
71 117
71 127
71 83
71 85
71 124
71 89
71 120
71 110
71 126
71 111
71 125
71 113
71 95
71 114
72 76
72 77
72 104
72 80
72 107
72 125
72 91
72 121
72 93
72 95
72 73
72 74
72 116
72 82
72 117
72 127
72 85
72 110
72 114
72 97
72 99
72 103
72 120
72 87
73 100
73 75
73 76
73 77
73 80
73 81
73 118
73 120
73 111
73 125
73 123
73 93
73 113
73 94
73 122
73 115
73 74
73 78
73 105
73 82
73 117
73 127
73 83
73 109
73 84
73 85
73 88
73 89
73 110
73 90
73 92
73 114
73 97
74 99
74 100
74 102
74 75
74 76
74 103
74 104
74 80
74 107
74 108
74 124
74 120
74 125
74 121
74 123
74 96
74 122
74 115
74 116
74 105
74 82
74 117
74 83
74 109
74 84
74 85
74 86
74 119
74 87
74 88
74 110
74 92
74 114
75 98
75 122
75 101
75 103
75 77
75 78
75 104
75 80
75 82
75 127
75 83
75 87
75 88
75 110
75 126
75 125
75 112
75 94
75 96
75 114
76 98
76 99
76 100
76 102
76 101
76 104
76 105
76 106
76 82
76 117
76 118
76 127
76 83
76 109
76 84
76 85
76 86
76 87
76 124
76 88
76 120
76 110
76 90
76 125
76 92
76 121
76 123
76 93
76 113
76 95
77 98
77 103
77 115
77 101
77 116
77 79
77 104
77 81
77 106
77 82
77 127
77 119
77 87
77 88
77 89
77 110
77 126
77 125
77 112
77 123
77 113
77 96
78 99
78 100
78 102
78 103
78 79
78 118
78 107
78 124
78 120
78 111
78 91
78 121
78 123
78 93
78 113
78 94
78 122
78 101
78 116
78 82
78 127
78 86
78 119
78 88
78 89
78 110
78 90
78 92
78 97
79 98
79 99
79 100
79 103
79 101
79 116
79 104
79 105
79 117
79 118
79 108
79 109
79 84
79 85
79 86
79 119
79 88
79 90
79 126
79 125
79 91
79 123
79 113
79 96
80 98
80 100
80 102
80 103
80 122
80 115
80 101
80 106
80 82
80 118
80 83
80 84
80 86
80 87
80 88
80 120
80 111
80 125
80 91
80 121
80 112
80 93
80 113
80 94
80 95
80 96
80 114
81 98
81 99
81 102
81 115
81 105
81 106
81 82
81 118
81 127
81 107
81 109
81 84
81 119
81 87
81 124
81 88
81 89
81 90
81 125
81 91
81 121
81 113
81 94
81 95
81 97
82 100
82 102
82 104
82 107
82 108
82 124
82 120
82 91
82 123
82 93
82 94
82 95
82 96
82 116
82 105
82 106
82 109
82 85
82 87
82 88
82 110
82 90
82 114
83 99
83 100
83 103
83 104
83 107
83 108
83 124
83 111
83 123
83 113
83 94
83 96
83 122
83 117
83 127
83 109
83 86
83 87
83 90
83 112
83 97
84 100
84 118
84 107
84 120
84 111
84 125
84 91
84 113
84 95
84 115
84 116
84 106
84 117
84 127
84 88
84 89
84 110
84 92
84 112
85 100
85 103
85 104
85 108
85 124
85 125
85 91
85 121
85 113
85 95
85 96
85 106
85 117
85 127
85 86
85 87
85 89
85 110
85 90
85 112
85 114
85 97
86 99
86 102
86 118
86 107
86 124
86 120
86 125
86 91
86 121
86 123
86 113
86 96
86 122
86 105
86 117
86 127
86 89
86 110
86 126
86 114
86 97
87 107
87 124
87 111
87 91
87 93
87 94
87 95
87 101
87 106
87 127
87 92
87 114
87 97
87 99
87 103
87 120
88 100
88 104
88 108
88 120
88 111
88 125
88 91
88 123
88 93
88 94
88 95
88 96
88 115
88 101
88 116
88 127
88 114
88 97
89 99
89 102
89 103
89 118
89 120
89 125
89 121
89 113
89 94
89 95
89 115
89 119
89 110
89 114
89 97
90 99
90 100
90 107
90 124
90 111
90 125
90 123
90 95
90 122
90 117
90 109
90 110
90 126
90 92
90 112
90 114
91 98
91 102
91 103
91 104
91 124
91 120
91 125
91 101
91 116
91 117
91 110
91 126
91 112
91 123
91 94
91 114
91 97
92 99
92 103
92 118
92 107
92 108
92 124
92 120
92 111
92 121
92 123
92 93
92 94
92 115
92 101
92 116
92 127
92 109
92 119
92 110
92 114
93 98
93 100
93 102
93 107
93 124
93 121
93 123
93 122
93 101
93 116
93 106
93 127
93 126
94 98
94 100
94 102
94 108
94 124
94 120
94 123
94 113
94 105
94 117
94 110
94 126
95 98
95 100
95 118
95 108
95 124
95 101
95 106
95 117
95 109
95 119
95 110
96 98
96 100
96 102
96 103
96 104
96 118
96 108
96 124
96 111
96 125
96 121
96 123
96 122
96 115
96 116
96 105
96 106
96 117
96 127
96 110
96 126
96 97
97 99
97 125
97 123
97 113
97 101
97 119
97 110
97 126
97 114
98 99
98 100
98 102
98 103
98 104
98 118
98 107
98 108
98 124
98 120
98 111
98 125
98 121
98 123
98 113
99 122
99 116
99 103
99 104
99 105
99 117
99 118
99 127
99 107
99 124
99 120
99 110
99 126
99 111
99 121
99 112
99 123
99 114
100 122
100 115
100 101
100 116
100 103
100 105
100 106
100 118
100 127
100 107
100 109
100 119
100 124
100 110
100 125
100 112
100 114
101 102
101 103
101 118
101 107
101 108
101 111
101 125
101 121
101 113
101 115
101 116
101 105
101 117
101 109
101 119
101 110
101 114
102 122
102 103
102 105
102 117
102 119
102 124
102 120
102 110
102 111
102 125
102 121
102 112
102 114
103 122
103 116
103 105
103 117
103 127
103 107
103 109
103 124
103 120
103 126
103 111
103 125
103 112
103 123
103 113
103 114
104 115
104 116
104 106
104 127
104 119
104 124
104 120
104 126
104 111
104 112
104 123
104 114
105 108
105 124
105 120
105 111
105 123
105 113
105 116
105 106
105 119
105 126
105 114
106 107
106 108
106 124
106 111
106 125
106 123
106 122
106 115
106 119
106 110
106 112
106 114
107 118
107 116
107 117
107 108
107 109
107 119
107 124
107 120
107 121
107 123
107 114
108 118
108 122
108 115
108 117
108 110
108 113
109 125
109 121
109 123
109 122
109 115
109 116
109 127
110 118
110 125
110 122
110 116
111 122
111 115
111 116
111 117
111 119
111 123
111 113
112 120
112 121
112 122
112 116
112 117
112 127
112 114
113 118
113 124
113 120
113 125
113 121
113 122
113 116
113 127
113 119
113 126
113 114
114 118
114 120
114 121
114 127
115 118
115 120
115 123
115 122
115 119
115 126
116 118
116 121
116 123
116 117
116 127
116 119
116 126
117 124
117 120
117 122
117 127
117 119
118 119
118 124
118 120
118 126
118 125
118 121
119 120
119 125
119 123
119 122
119 127
119 126
120 124
120 126
121 124
121 125
121 126
121 123
122 125
123 124
123 125
123 127
123 126
124 127
124 126
124 125
125 126
126 127
