0 1
0 2
0 3
0 4
0 5
0 6
0 7
0 8
0 10
0 11
0 12
0 13
0 14
0 15
0 16
0 17
0 18
0 19
0 20
0 21
0 22
0 23
0 24
0 25
0 26
0 27
0 28
0 29
0 30
0 31
0 32
0 33
0 34
0 35
0 36
0 37
0 38
0 39
0 40
0 41
0 42
0 43
0 44
0 45
0 46
0 47
0 48
0 49
0 50
0 51
0 52
0 53
0 54
0 55
0 56
0 57
0 58
0 59
0 60
0 61
0 62
0 63
0 64
0 65
0 66
0 67
1 68
1 2
1 4
1 7
1 69
1 70
1 71
1 72
1 10
1 11
1 73
1 12
1 16
1 17
1 19
1 21
1 22
1 74
1 23
1 75
1 24
1 26
1 76
1 77
1 27
1 29
1 30
1 32
1 33
1 34
1 78
1 36
1 79
1 80
1 81
1 38
1 82
1 39
1 40
1 42
1 84
1 85
1 51
1 53
1 86
1 55
1 87
1 88
1 89
1 58
1 60
1 90
1 62
1 63
1 64
1 66
1 91
1 92
1 93
1 67
2 68
2 3
2 5
2 6
2 69
2 94
2 9
2 71
2 72
2 10
2 11
2 73
2 13
2 95
2 17
2 96
2 18
2 97
2 20
2 22
2 74
2 23
2 75
2 26
2 77
2 31
2 32
2 34
2 78
2 35
2 79
2 80
2 98
2 81
2 38
2 82
2 39
2 99
2 42
2 45
2 47
2 49
2 101
2 52
2 53
2 86
2 102
2 103
2 54
2 104
2 55
2 56
2 57
2 59
2 90
2 105
2 61
2 106
2 63
2 65
2 91
2 92
2 67
3 68
3 6
3 107
3 8
3 70
3 108
3 71
3 10
3 109
3 12
3 110
3 13
3 111
3 15
3 95
3 17
3 96
3 97
3 19
3 112
3 20
3 21
3 74
3 23
3 75
3 24
3 25
3 26
3 29
3 33
3 35
3 79
3 98
3 38
3 113
3 99
3 40
3 114
3 115
3 42
3 116
3 43
3 44
3 117
3 118
3 46
3 119
3 48
3 49
3 86
3 102
3 104
3 87
3 57
3 58
3 120
3 60
3 90
3 121
3 61
3 106
3 63
3 65
3 66
3 92
3 67
3 93
3 82
3 122
3 56
3 83
3 9
3 100
3 34
4 68
4 6
4 7
4 122
4 69
4 70
4 94
4 71
4 72
4 73
4 110
4 16
4 17
4 18
4 97
4 21
4 23
4 75
4 24
4 25
4 76
4 123
4 77
4 29
4 30
4 32
4 34
4 35
4 98
4 81
4 124
4 39
4 113
4 99
4 114
4 115
4 125
4 43
4 46
4 48
4 49
4 51
4 101
4 53
4 102
4 54
4 56
4 58
4 60
4 121
4 126
4 62
4 63
4 66
4 91
4 92
4 93
5 68
5 6
5 107
5 8
5 69
5 108
5 71
5 12
5 110
5 14
5 111
5 15
5 16
5 17
5 96
5 97
5 19
5 21
5 22
5 74
5 23
5 75
5 25
5 76
5 123
5 77
5 31
5 33
5 34
5 78
5 36
5 79
5 80
5 98
5 38
5 82
5 41
5 114
5 115
5 100
5 125
5 42
5 116
5 84
5 44
5 85
5 119
5 47
5 50
5 53
5 86
5 102
5 55
5 88
5 89
5 120
5 90
5 105
5 61
5 106
5 64
5 91
5 93
6 122
6 70
6 108
6 9
6 72
6 10
6 109
6 11
6 95
6 17
6 96
6 19
6 112
6 21
6 22
6 74
6 23
6 75
6 24
6 123
6 77
6 27
6 29
6 30
6 33
6 35
6 79
6 80
6 98
6 37
6 81
6 82
6 113
6 99
6 40
6 114
6 115
6 100
6 125
6 42
6 116
6 43
6 84
6 117
6 118
6 46
6 85
6 48
6 51
6 53
6 86
6 102
6 54
6 104
6 56
6 57
6 88
6 120
6 121
6 105
6 62
6 65
6 66
6 91
7 69
7 70
7 94
7 109
7 12
7 13
7 14
7 16
7 17
7 18
7 97
7 21
7 74
7 23
7 24
7 76
7 77
7 28
7 30
7 32
7 33
7 79
7 37
7 81
7 38
7 39
7 113
7 83
7 100
7 125
7 44
7 45
7 127
7 117
7 46
7 119
7 50
7 51
7 53
7 86
7 104
7 55
7 87
7 56
7 88
7 120
7 59
7 60
7 90
7 121
7 105
7 106
7 63
7 65
7 66
7 93
8 68
8 107
8 69
8 108
8 71
8 10
8 11
8 73
8 111
8 95
8 16
8 17
8 20
8 22
8 75
8 25
8 29
8 31
8 33
8 34
8 80
8 98
8 81
8 38
8 39
8 40
8 41
8 114
8 115
8 125
8 84
8 44
8 45
8 127
8 117
8 46
8 47
8 51
8 101
8 53
8 104
8 55
8 57
8 89
8 120
8 90
8 121
8 126
8 61
8 63
8 65
8 66
8 93
9 107
9 70
9 108
9 94
9 71
9 11
9 12
9 110
9 13
9 111
9 15
9 95
9 18
9 19
9 112
9 75
9 24
9 123
9 27
9 31
9 34
9 78
9 35
9 36
9 80
9 81
9 38
9 39
9 113
9 114
9 115
9 125
9 45
9 117
9 46
9 47
9 50
9 102
9 54
9 87
9 120
9 59
9 105
9 61
9 62
9 65
9 91
9 99
9 79
9 106
9 58
9 26
9 44
9 93
9 82
9 122
9 56
9 83
9 100
9 98
10 122
10 69
10 12
10 13
10 14
10 95
10 16
10 112
10 20
10 22
10 74
10 23
10 24
10 123
10 77
10 28
10 29
10 30
10 32
10 79
10 98
10 113
10 99
10 114
10 42
10 84
10 45
10 127
10 46
10 48
10 50
10 51
10 52
10 53
10 86
10 102
10 103
10 55
10 56
10 57
10 88
10 89
10 120
10 90
10 121
10 105
10 61
10 63
10 64
10 65
10 66
10 93
11 68
11 107
11 122
11 70
11 73
11 12
11 13
11 15
11 95
11 16
11 17
11 19
11 20
11 75
11 24
11 25
11 123
11 27
11 29
11 33
11 78
11 35
11 36
11 79
11 80
11 98
11 81
11 82
11 113
11 114
11 100
11 42
11 84
11 45
11 127
11 117
11 119
11 47
11 101
11 52
11 53
11 86
11 103
11 54
11 87
11 89
11 58
11 120
11 121
11 126
11 61
11 62
11 64
11 65
11 66
11 91
11 92
11 93
11 67
12 68
12 107
12 69
12 94
12 71
12 72
12 109
12 73
12 13
12 111
12 95
12 16
12 17
12 96
12 97
12 19
12 21
12 23
12 25
12 26
12 76
12 77
12 27
12 28
12 33
12 34
12 35
12 79
12 80
12 81
12 38
12 39
12 113
12 40
12 114
12 115
12 100
12 43
12 46
12 119
12 47
12 49
12 50
12 51
12 101
12 53
12 86
12 102
12 103
12 54
12 104
12 55
12 87
12 88
12 59
12 60
12 90
12 121
12 105
12 61
12 63
12 65
12 91
13 107
13 122
13 69
13 70
13 108
13 94
13 109
13 110
13 17
13 18
13 19
13 20
13 21
13 74
13 23
13 123
13 77
13 27
13 29
13 30
13 31
13 33
13 34
13 79
13 80
13 37
13 82
13 99
13 83
13 125
13 43
13 84
13 45
13 127
13 117
13 85
13 47
13 48
13 50
13 101
13 53
13 86
13 103
13 104
13 55
13 56
13 88
13 120
13 60
13 61
13 106
13 62
13 64
13 65
13 67
14 69
14 70
14 108
14 94
14 109
14 110
14 111
14 18
14 112
14 22
14 23
14 75
14 24
14 123
14 77
14 27
14 28
14 29
14 30
14 31
14 32
14 35
14 37
14 124
14 82
14 113
14 99
14 114
14 42
14 84
14 45
14 127
14 117
14 118
14 46
14 85
14 50
14 103
14 54
14 104
14 56
14 88
14 89
14 120
14 59
14 90
14 105
14 63
14 64
14 65
14 66
14 93
14 67
15 107
15 108
15 73
15 110
15 111
15 16
15 17
15 96
15 18
15 97
15 112
15 74
15 76
15 29
15 31
15 32
15 35
15 80
15 98
15 81
15 38
15 82
15 113
15 40
15 114
15 115
15 42
15 116
15 84
15 127
15 118
15 50
15 51
15 52
15 86
15 56
15 89
15 120
15 59
15 60
15 106
15 62
15 63
15 64
15 65
15 66
15 92
15 24
15 117
15 99
15 19
15 79
15 58
15 26
15 44
15 93
15 122
15 83
15 100
15 34
16 68
16 122
16 69
16 70
16 94
16 71
16 109
16 111
16 95
16 17
16 96
16 20
16 21
16 75
16 26
16 27
16 28
16 29
16 30
16 31
16 32
16 34
16 78
16 35
16 36
16 79
16 80
16 37
16 124
16 113
16 115
16 125
16 116
16 44
16 45
16 118
16 46
16 85
16 119
16 47
16 51
16 101
16 53
16 86
16 54
16 104
16 55
16 56
16 88
16 89
16 120
16 59
16 90
16 105
16 61
16 62
16 64
16 92
16 93
16 67
17 68
17 69
17 108
17 94
17 73
17 111
17 96
17 18
17 97
17 20
17 74
17 23
17 123
17 77
17 27
17 28
17 30
17 31
17 32
17 34
17 78
17 35
17 79
17 81
17 38
17 99
17 40
17 41
17 114
17 83
17 100
17 125
17 42
17 43
17 44
17 45
17 118
17 46
17 85
17 119
17 47
17 49
17 50
17 51
17 102
17 54
17 57
17 89
17 58
17 120
17 59
17 60
17 121
17 106
17 62
17 64
17 91
17 67
18 68
18 70
18 94
18 72
18 109
18 110
18 111
18 95
18 96
18 19
18 112
18 24
18 76
18 77
18 27
18 28
18 30
18 31
18 78
18 36
18 79
18 37
18 38
18 39
18 41
18 83
18 100
18 125
18 116
18 44
18 118
18 85
18 49
18 52
18 86
18 103
18 104
18 87
18 88
18 89
18 58
18 59
18 60
18 121
18 105
18 126
18 63
18 64
18 91
19 107
19 122
19 71
19 109
19 111
19 95
19 97
19 22
19 75
19 24
19 25
19 26
19 123
19 77
19 27
19 29
19 32
19 34
19 78
19 79
19 80
19 98
19 38
19 113
19 99
19 40
19 115
19 125
19 42
19 116
19 43
19 84
19 44
19 117
19 118
19 46
19 48
19 49
19 53
19 102
19 57
19 89
19 58
19 120
19 105
19 106
19 62
19 63
19 66
19 91
19 93
19 82
19 56
19 83
19 100
20 68
20 107
20 122
20 69
20 70
20 94
20 71
20 72
20 110
20 95
20 112
20 21
20 74
20 23
20 75
20 26
20 76
20 27
20 28
20 30
20 31
20 34
20 35
20 36
20 79
20 80
20 37
20 81
20 124
20 38
20 82
20 40
20 41
20 100
20 125
20 43
20 45
20 117
20 85
20 119
20 50
20 51
20 52
20 53
20 104
20 89
20 120
20 59
20 121
20 105
20 126
20 61
20 62
20 64
20 65
20 92
21 68
21 107
21 69
21 70
21 71
21 73
21 97
21 112
21 74
21 23
21 24
21 76
21 123
21 28
21 29
21 31
21 32
21 33
21 98
21 81
21 99
21 40
21 41
21 115
21 100
21 42
21 84
21 45
21 127
21 46
21 51
21 53
21 102
21 103
21 54
21 104
21 55
21 56
21 89
21 59
21 60
21 90
21 61
21 106
21 62
21 63
21 64
21 65
21 91
22 107
22 122
22 69
22 94
22 73
22 111
22 95
22 96
22 97
22 112
22 75
22 24
22 25
22 76
22 77
22 27
22 28
22 29
22 30
22 31
22 32
22 33
22 36
22 79
22 37
22 81
22 124
22 38
22 113
22 99
22 40
22 125
22 116
22 43
22 84
22 44
22 46
22 51
22 101
22 52
22 53
22 86
22 55
22 56
22 57
22 89
22 120
22 59
22 60
22 61
22 106
22 62
22 64
22 65
22 66
22 91
22 67
23 107
23 70
23 71
23 109
23 97
23 123
23 77
23 27
23 28
23 30
23 78
23 35
23 36
23 80
23 81
23 38
23 113
23 41
23 115
23 100
23 125
23 116
23 45
23 46
23 85
23 48
23 49
23 101
23 53
23 86
23 54
23 121
23 105
23 106
23 62
23 63
23 64
23 65
23 66
23 91
23 92
23 93
23 67
24 69
24 71
24 109
24 73
24 110
24 97
24 112
24 74
24 75
24 26
24 76
24 123
24 77
24 28
24 31
24 32
24 34
24 35
24 79
24 80
24 124
24 39
24 113
24 99
24 41
24 83
24 115
24 100
24 125
24 42
24 44
24 127
24 117
24 85
24 47
24 49
24 51
24 101
24 52
24 53
24 103
24 104
24 87
24 56
24 57
24 58
24 120
24 59
24 90
24 126
24 61
24 106
24 91
24 92
24 93
24 67
24 82
24 122
24 98
25 122
25 69
25 108
25 94
25 73
25 110
25 111
25 95
25 96
25 97
25 74
25 123
25 27
25 28
25 29
25 31
25 33
25 34
25 35
25 79
25 80
25 98
25 81
25 82
25 39
25 99
25 40
25 41
25 83
25 100
25 42
25 46
25 119
25 47
25 48
25 50
25 51
25 52
25 53
25 86
25 54
25 55
25 87
25 89
25 59
25 63
25 64
25 65
26 107
26 94
26 73
26 111
26 96
26 112
26 74
26 76
26 123
26 77
26 28
26 31
26 32
26 34
26 35
26 79
26 80
26 82
26 39
26 99
26 41
26 83
26 115
26 100
26 125
26 44
26 127
26 117
26 46
26 47
26 48
26 50
26 101
26 52
26 53
26 86
26 102
26 56
26 89
26 58
26 120
26 59
26 90
26 105
26 61
26 106
26 62
26 63
26 64
26 65
26 93
26 122
26 98
27 107
27 122
27 69
27 70
27 108
27 72
27 109
27 73
27 95
27 96
27 74
27 75
27 77
27 28
27 29
27 31
27 33
27 78
27 98
27 37
27 124
27 113
27 40
27 125
27 43
27 84
27 44
27 117
27 118
27 85
27 47
27 49
27 51
27 101
27 53
27 54
27 104
27 55
27 87
27 56
27 89
27 58
27 120
27 59
27 126
27 61
27 106
27 63
27 65
27 92
28 69
28 108
28 73
28 95
28 97
28 112
28 74
28 75
28 123
28 29
28 30
28 31
28 32
28 34
28 78
28 36
28 98
28 81
28 124
28 38
28 39
28 113
28 41
28 114
28 83
28 115
28 100
28 125
28 42
28 116
28 43
28 117
28 46
28 85
28 48
28 49
28 103
28 54
28 55
28 87
28 89
28 58
28 120
28 90
28 121
28 105
28 106
28 62
28 63
28 64
28 66
28 91
28 92
28 93
28 67
29 68
29 69
29 70
29 94
29 72
29 73
29 110
29 111
29 95
29 123
29 32
29 33
29 34
29 78
29 35
29 79
29 37
29 124
29 38
29 82
29 113
29 99
29 40
29 41
29 125
29 116
29 43
29 84
29 44
29 45
29 117
29 118
29 119
29 47
29 48
29 50
29 102
29 103
29 54
29 104
29 87
29 57
29 88
29 89
29 60
29 90
29 106
29 62
29 63
29 64
29 66
29 91
29 92
30 69
30 94
30 72
30 73
30 112
30 74
30 75
30 76
30 77
30 31
30 32
30 33
30 78
30 35
30 79
30 80
30 98
30 81
30 124
30 38
30 39
30 113
30 99
30 83
30 115
30 100
30 125
30 43
30 44
30 127
30 118
30 119
30 48
30 101
30 52
30 86
30 103
30 104
30 87
30 88
30 89
30 58
30 120
30 60
30 126
30 61
30 62
30 63
30 65
30 91
30 92
31 68
31 107
31 69
31 71
31 72
31 73
31 110
31 111
31 95
31 96
31 97
31 76
31 34
31 78
31 124
31 38
31 40
31 42
31 43
31 84
31 45
31 127
31 118
31 46
31 85
31 119
31 47
31 48
31 49
31 101
31 52
31 53
31 86
31 102
31 54
31 55
31 57
31 88
31 59
31 60
31 121
31 126
31 61
31 62
31 63
31 64
31 91
31 93
31 67
32 68
32 107
32 69
32 70
32 108
32 72
32 110
32 111
32 95
32 96
32 97
32 112
32 34
32 35
32 80
32 124
32 82
32 113
32 99
32 41
32 115
32 100
32 116
32 84
32 44
32 45
32 127
32 117
32 118
32 85
32 48
32 50
32 86
32 55
32 87
32 88
32 89
32 120
32 90
32 121
32 126
32 61
32 63
32 91
32 67
33 68
33 107
33 122
33 69
33 72
33 109
33 73
33 110
33 111
33 96
33 112
33 76
33 77
33 34
33 35
33 80
33 81
33 82
33 39
33 113
33 99
33 40
33 41
33 83
33 44
33 117
33 46
33 85
33 119
33 51
33 101
33 52
33 53
33 86
33 54
33 104
33 55
33 57
33 88
33 89
33 60
33 90
33 121
33 61
33 65
33 66
33 92
34 107
34 122
34 70
34 110
34 111
34 96
34 74
34 76
34 123
34 77
34 36
34 79
34 80
34 37
34 124
34 38
34 82
34 39
34 113
34 99
34 40
34 41
34 83
34 115
34 125
34 116
34 43
34 117
34 85
34 47
34 49
34 51
34 52
34 53
34 86
34 55
34 87
34 89
34 120
34 60
34 61
34 63
34 64
34 65
34 92
34 93
34 106
34 58
34 44
34 56
34 100
34 98
35 107
35 122
35 69
35 94
35 72
35 109
35 96
35 97
35 76
35 123
35 36
35 98
35 81
35 38
35 39
35 113
35 40
35 41
35 83
35 115
35 125
35 116
35 43
35 84
35 44
35 127
35 117
35 85
35 47
35 52
35 53
35 86
35 102
35 103
35 54
35 104
35 88
35 59
35 60
35 126
35 61
35 63
35 66
35 91
35 92
35 67
36 68
36 69
36 72
36 110
36 111
36 96
36 97
36 112
36 75
36 76
36 79
36 80
36 98
36 37
36 38
36 82
36 39
36 99
36 41
36 83
36 115
36 100
36 116
36 84
36 45
36 127
36 118
36 119
36 47
36 48
36 49
36 51
36 101
36 53
36 54
36 104
36 55
36 56
36 88
36 126
36 63
36 65
36 66
36 93
36 67
37 68
37 69
37 70
37 108
37 94
37 72
37 110
37 95
37 97
37 112
37 74
37 75
37 123
37 78
37 79
37 98
37 124
37 38
37 39
37 40
37 83
37 115
37 100
37 116
37 84
37 127
37 117
37 118
37 85
37 119
37 47
37 49
37 86
37 102
37 54
37 104
37 56
37 57
37 89
37 58
37 59
37 90
37 121
37 105
37 106
37 64
37 65
37 93
38 107
38 94
38 109
38 97
38 112
38 75
38 76
38 77
38 79
38 81
38 124
38 39
38 100
38 125
38 42
38 116
38 44
38 45
38 127
38 117
38 46
38 119
38 47
38 48
38 50
38 101
38 53
38 102
38 103
38 104
38 55
38 57
38 89
38 120
38 59
38 60
38 90
38 106
38 64
38 91
39 68
39 107
39 122
39 94
39 71
39 109
39 73
39 111
39 96
39 97
39 74
39 75
39 76
39 77
39 78
39 79
39 80
39 81
39 124
39 82
39 113
39 99
39 41
39 114
39 100
39 42
39 43
39 44
39 45
39 127
39 118
39 85
39 48
39 49
39 50
39 51
39 52
39 53
39 102
39 103
39 55
39 87
39 88
39 59
39 60
39 90
39 121
39 105
39 126
39 61
39 62
39 65
40 68
40 108
40 71
40 72
40 111
40 95
40 96
40 112
40 75
40 76
40 123
40 77
40 81
40 124
40 113
40 41
40 114
40 83
40 115
40 125
40 42
40 116
40 43
40 45
40 127
40 117
40 118
40 47
40 49
40 50
40 51
40 101
40 86
40 102
40 103
40 54
40 56
40 89
40 120
40 60
40 90
40 121
40 105
40 126
40 106
40 62
40 63
40 64
40 66
40 91
40 67
41 122
41 108
41 94
41 110
41 96
41 75
41 76
41 123
41 78
41 80
41 81
41 124
41 82
41 113
41 114
41 83
41 100
41 42
41 43
41 44
41 127
41 117
41 118
41 49
41 53
41 86
41 104
41 55
41 87
41 57
41 89
41 120
41 59
41 60
41 121
41 105
41 126
41 63
41 91
42 108
42 72
42 96
42 97
42 112
42 74
42 76
42 78
42 81
42 82
42 113
42 99
42 115
42 43
42 45
42 127
42 117
42 118
42 85
42 119
42 51
42 101
42 53
42 86
42 102
42 103
42 104
42 55
42 87
42 57
42 88
42 89
42 58
42 120
42 59
42 105
42 126
42 62
42 63
42 66
42 92
42 93
42 67
43 68
43 69
43 70
43 71
43 110
43 111
43 95
43 96
43 97
43 74
43 75
43 76
43 78
43 113
43 99
43 114
43 125
43 116
43 45
43 127
43 117
43 118
43 119
43 47
43 48
43 101
43 52
43 103
43 104
43 87
43 56
43 58
43 120
43 90
43 105
43 62
43 63
43 64
43 65
43 91
43 93
43 67
44 68
44 122
44 108
44 71
44 111
44 95
44 75
44 77
44 79
44 98
44 81
44 124
44 113
44 99
44 116
44 84
44 45
44 127
44 117
44 118
44 48
44 49
44 51
44 53
44 86
44 102
44 103
44 54
44 104
44 55
44 88
44 89
44 58
44 60
44 90
44 121
44 105
44 61
44 106
44 62
44 64
44 65
44 66
44 91
44 92
44 67
44 93
44 82
44 56
44 83
44 100
45 68
45 108
45 72
45 95
45 96
45 97
45 75
45 78
45 80
45 98
45 81
45 113
45 99
45 114
45 125
45 116
45 117
45 118
45 46
45 85
45 51
45 101
45 52
45 53
45 102
45 103
45 104
45 55
45 56
45 89
45 59
45 60
45 61
45 106
45 62
45 66
45 91
45 92
46 107
46 108
46 109
46 110
46 95
46 112
46 75
46 76
46 77
46 79
46 80
46 98
46 81
46 82
46 114
46 115
46 100
46 84
46 118
46 85
46 50
46 51
46 52
46 86
46 102
46 103
46 54
46 104
46 55
46 88
46 89
46 58
46 60
46 90
46 121
46 126
46 64
46 65
46 66
46 92
46 67
47 122
47 70
47 108
47 71
47 73
47 95
47 96
47 112
47 75
47 123
47 79
47 124
47 82
47 115
47 100
47 116
47 84
47 127
47 118
47 50
47 101
47 52
47 53
47 103
47 55
47 87
47 56
47 88
47 59
47 121
47 105
47 126
47 106
47 62
47 63
47 65
47 66
47 91
47 92
47 93
48 68
48 70
48 108
48 94
48 73
48 96
48 97
48 76
48 123
48 77
48 98
48 81
48 124
48 114
48 84
48 85
48 119
48 49
48 50
48 51
48 101
48 52
48 102
48 87
48 56
48 88
48 58
48 60
48 121
48 66
48 91
48 67
49 107
49 70
49 108
49 72
49 110
49 95
49 96
49 97
49 74
49 78
49 79
49 80
49 114
49 116
49 84
49 127
49 117
49 51
49 101
49 53
49 102
49 54
49 120
49 60
49 90
49 121
49 105
49 61
49 62
49 65
50 107
50 72
50 73
50 111
50 97
50 112
50 76
50 81
50 124
50 99
50 83
50 100
50 84
50 127
50 117
50 118
50 85
50 51
50 101
50 52
50 86
50 103
50 54
50 104
50 87
50 57
50 88
50 89
50 58
50 120
50 90
50 121
50 105
50 126
50 61
50 106
50 66
50 92
50 93
51 107
51 122
51 69
51 108
51 94
51 73
51 95
51 97
51 74
51 80
51 81
51 82
51 113
51 99
51 83
51 125
51 127
51 118
51 119
51 101
51 52
51 53
51 86
51 104
51 87
51 57
51 88
51 120
51 59
51 60
51 90
51 121
51 105
51 61
51 106
51 62
51 63
51 64
51 65
51 92
51 93
51 67
52 107
52 70
52 73
52 110
52 111
52 95
52 97
52 74
52 75
52 76
52 78
52 124
52 82
52 99
52 115
52 100
52 116
52 127
52 85
52 119
52 101
52 102
52 103
52 55
52 87
52 56
52 88
52 58
52 90
52 121
52 106
52 62
52 63
52 64
52 66
52 93
52 67
53 68
53 69
53 108
53 94
53 73
53 110
53 111
53 96
53 97
53 112
53 123
53 78
53 113
53 99
53 83
53 100
53 116
53 84
53 118
53 85
53 119
53 101
53 102
53 103
53 54
53 55
53 88
53 89
53 120
53 60
53 121
53 126
53 106
53 64
53 65
53 66
53 91
53 93
53 67
54 107
54 122
54 70
54 72
54 109
54 73
54 111
54 96
54 97
54 75
54 123
54 77
54 82
54 113
54 99
54 83
54 115
54 117
54 118
54 85
54 101
54 86
54 102
54 103
54 104
54 55
54 87
54 56
54 57
54 89
54 120
54 121
54 105
54 106
54 62
54 64
54 65
54 92
54 93
54 67
55 69
55 94
55 71
55 72
55 73
55 110
55 96
55 97
55 76
55 77
55 79
55 124
55 113
55 114
55 83
55 115
55 125
55 116
55 117
55 85
55 119
55 101
55 102
55 104
55 88
55 89
55 58
55 120
55 59
55 90
55 121
55 105
55 61
55 106
55 66
55 91
55 67
56 68
56 69
56 70
56 94
56 71
56 72
56 110
56 111
56 112
56 74
56 77
56 78
56 79
56 80
56 98
56 82
56 113
56 99
56 114
56 115
56 125
56 117
56 86
56 102
56 103
56 104
56 88
56 58
56 120
56 121
56 105
56 61
56 62
56 64
56 65
56 92
56 67
56 106
56 93
56 122
56 83
56 100
57 68
57 107
57 69
57 70
57 71
57 111
57 75
57 76
57 123
57 98
57 81
57 82
57 113
57 99
57 114
57 100
57 125
57 117
57 101
57 86
57 102
57 104
57 88
57 59
57 121
57 105
57 61
57 106
57 62
57 64
57 65
57 66
57 67
58 69
58 108
58 94
58 72
58 73
58 110
58 111
58 95
58 96
58 97
58 76
58 78
58 79
58 81
58 82
58 113
58 99
58 115
58 100
58 125
58 117
58 118
58 85
58 104
58 88
58 89
58 120
58 105
58 106
58 62
58 64
58 91
58 93
58 122
58 83
58 98
59 107
59 122
59 70
59 94
59 72
59 111
59 112
59 74
59 76
59 77
59 78
59 81
59 82
59 83
59 100
59 125
59 84
59 127
59 117
59 119
59 102
59 103
59 89
59 120
59 90
59 126
59 61
59 106
59 63
59 66
59 91
59 93
60 68
60 122
60 69
60 108
60 72
60 111
60 95
60 96
60 97
60 74
60 75
60 123
60 77
60 79
60 81
60 99
60 114
60 125
60 84
60 127
60 101
60 86
60 102
60 103
60 104
60 87
60 89
60 121
60 105
60 126
60 106
60 64
60 91
61 68
61 107
61 122
61 70
61 94
61 73
61 96
61 97
61 123
61 77
61 78
61 79
61 80
61 98
61 81
61 113
61 99
61 114
61 116
61 84
61 127
61 117
61 119
61 87
61 120
61 121
61 105
61 126
61 62
61 66
61 93
62 68
62 107
62 122
62 69
62 71
62 109
62 73
62 111
62 96
62 112
62 74
62 75
62 77
62 78
62 80
62 98
62 81
62 82
62 114
62 83
62 100
62 116
62 117
62 101
62 86
62 102
62 104
62 87
62 88
62 89
62 106
62 63
62 64
62 65
62 91
62 92
62 93
63 107
63 122
63 69
63 108
63 94
63 109
63 95
63 96
63 112
63 75
63 76
63 77
63 124
63 113
63 115
63 125
63 101
63 86
63 102
63 103
63 104
63 87
63 88
63 89
63 121
63 105
63 106
63 64
63 66
63 91
63 92
63 93
63 67
64 107
64 70
64 94
64 110
64 95
64 96
64 112
64 76
64 77
64 78
64 80
64 98
64 113
64 83
64 84
64 118
64 85
64 86
64 102
64 103
64 87
64 88
64 89
64 121
64 106
64 65
64 92
64 93
64 67
65 68
65 107
65 122
65 70
65 108
65 71
65 110
65 95
65 96
65 97
65 77
65 81
65 113
65 99
65 83
65 100
65 116
65 84
65 117
65 118
65 86
65 102
65 103
65 104
65 88
65 89
65 120
65 105
65 66
65 91
65 92
65 67
66 68
66 107
66 70
66 108
66 94
66 72
66 73
66 110
66 96
66 112
66 74
66 76
66 77
66 124
66 82
66 113
66 99
66 114
66 116
66 84
66 117
66 85
66 119
66 103
66 87
66 89
66 120
66 105
66 126
66 106
66 93
67 69
67 70
67 71
67 109
67 111
67 96
67 97
67 75
67 77
67 79
67 80
67 124
67 99
67 114
67 116
67 127
67 118
67 119
67 87
67 88
67 89
67 106
67 92
68 107
68 69
68 70
68 108
68 94
68 72
68 73
68 95
68 96
68 97
68 112
68 123
68 77
68 78
68 79
68 81
68 82
68 113
68 114
68 115
68 100
68 116
68 84
68 117
68 118
68 85
68 119
68 101
68 86
68 103
68 87
68 89
68 120
68 90
68 121
68 105
68 92
69 107
69 70
69 108
69 94
69 74
69 76
69 123
69 79
69 80
69 98
69 81
69 124
69 82
69 99
69 114
69 125
69 116
69 84
69 127
69 117
69 85
69 86
69 102
69 104
69 87
69 88
69 90
69 121
69 105
69 126
69 91
69 92
70 94
70 71
70 72
70 109
70 73
70 95
70 96
70 97
70 112
70 76
70 123
70 77
70 80
70 98
70 81
70 114
70 115
70 125
70 84
70 127
70 118
70 86
70 102
70 87
70 88
70 89
70 121
70 126
70 93
71 107
71 122
71 94
71 72
71 111
71 96
71 97
71 112
71 77
71 79
71 80
71 98
71 99
71 114
71 83
71 115
71 84
71 118
71 85
71 119
71 101
71 103
71 104
71 87
71 88
71 120
71 92
72 107
72 109
72 73
72 110
72 111
72 96
72 112
72 76
72 77
72 82
72 114
72 83
72 116
72 127
72 85
72 119
72 86
72 102
72 87
72 89
72 121
72 126
72 106
72 92
73 108
73 94
73 109
73 95
73 96
73 97
73 74
73 76
73 123
73 77
73 78
73 81
73 82
73 113
73 83
73 115
73 116
73 84
73 117
73 118
73 85
73 119
73 102
73 103
73 104
73 88
73 90
73 106
73 91
73 92
74 122
74 95
74 97
74 112
74 75
74 78
74 98
74 81
74 82
74 113
74 114
74 125
74 116
74 127
74 118
74 85
74 104
74 87
74 89
74 90
74 105
74 106
74 91
74 92
74 93
75 107
75 108
75 110
75 111
75 95
75 96
75 79
75 80
75 124
75 82
75 113
75 99
75 115
75 100
75 116
75 127
75 117
75 119
75 101
75 86
75 102
75 104
75 87
75 88
75 89
75 121
75 126
76 109
76 95
76 97
76 112
76 77
76 98
76 82
76 100
76 127
76 117
76 118
76 85
76 119
76 101
76 102
76 103
76 104
76 87
76 105
76 126
77 107
77 108
77 94
77 111
77 95
77 112
77 78
77 79
77 80
77 82
77 113
77 99
77 114
77 115
77 116
77 127
77 103
77 104
77 90
77 121
77 105
77 106
77 92
77 93
78 107
78 108
78 109
78 110
78 95
78 96
78 97
78 112
78 123
78 79
78 80
78 124
78 115
78 84
78 127
78 117
78 85
78 101
78 86
78 102
78 121
78 126
78 91
79 107
79 94
79 109
79 110
79 95
79 96
79 97
79 123
79 80
79 98
79 81
79 113
79 99
79 83
79 125
79 117
79 119
79 101
79 104
79 88
79 90
79 106
79 91
79 93
79 82
79 122
79 100
80 107
80 122
80 108
80 97
80 112
80 124
80 114
80 115
80 100
80 127
80 117
80 118
80 85
80 119
80 102
80 103
80 87
80 89
80 92
81 122
81 108
81 111
81 95
81 96
81 124
81 113
81 115
81 125
81 84
81 127
81 117
81 118
81 101
81 88
81 89
81 120
81 126
81 91
81 92
81 93
82 95
82 96
82 97
82 98
82 124
82 99
82 83
82 115
82 125
82 127
82 118
82 119
82 101
82 86
82 102
82 104
82 88
82 120
82 126
82 106
82 91
82 117
82 93
82 122
82 100
83 109
83 95
83 96
83 112
83 123
83 124
83 99
83 115
83 125
83 116
83 118
83 85
83 119
83 101
83 86
83 104
83 87
83 120
83 90
83 121
83 105
83 126
83 106
83 93
83 117
83 122
83 100
83 98
84 107
84 108
84 95
84 96
84 123
84 100
84 125
84 119
84 86
84 88
84 89
84 90
84 121
84 106
84 91
84 92
85 107
85 110
85 96
85 112
85 98
85 124
85 113
85 99
85 115
85 125
85 116
85 127
85 117
85 118
85 119
85 86
85 102
85 88
85 90
85 91
85 93
86 108
86 94
86 109
86 110
86 111
86 95
86 97
86 98
86 113
86 114
86 116
86 117
86 118
86 104
86 87
86 88
86 89
86 120
86 121
86 105
86 126
86 106
86 92
87 108
87 94
87 109
87 110
87 111
87 97
87 112
87 98
87 114
87 125
87 116
87 127
87 117
87 101
87 103
87 90
87 121
87 93
88 107
88 122
88 108
88 94
88 109
88 96
88 97
88 98
88 124
88 113
88 99
88 100
88 125
88 116
88 119
88 104
88 89
88 120
88 121
88 126
88 106
88 91
88 93
89 108
89 94
89 97
89 123
89 98
89 124
89 116
89 118
89 101
89 102
89 103
89 120
89 90
89 121
89 105
89 106
89 91
89 92
90 122
90 108
90 95
90 96
90 112
90 123
90 124
90 113
90 99
90 114
90 115
90 116
90 101
90 120
90 105
90 106
90 91
91 107
91 122
91 109
91 110
91 111
91 95
91 97
91 123
91 124
91 113
91 114
91 118
91 102
91 104
91 120
91 105
91 126
91 92
91 93
92 111
92 95
92 124
92 113
92 99
92 115
92 100
92 125
92 116
92 127
92 117
92 118
92 119
92 101
92 102
92 103
92 104
92 120
92 121
92 126
92 93
93 122
93 111
93 95
93 97
93 123
93 98
93 125
93 116
93 101
93 102
93 105
93 117
93 99
93 106
93 100
94 122
94 109
94 110
94 111
94 95
94 96
94 112
94 113
94 99
94 115
94 100
94 116
94 117
94 119
94 101
94 102
94 104
94 120
94 106
95 108
95 122
95 109
95 111
95 96
95 97
95 123
95 113
95 99
95 114
95 100
95 116
95 127
95 117
95 118
95 119
95 101
95 102
95 120
95 121
95 105
95 126
95 106
96 107
96 110
96 97
96 115
96 100
96 125
96 116
96 127
96 117
96 118
96 101
96 103
96 121
96 105
96 126
97 111
97 98
97 124
97 114
97 115
97 100
97 125
97 117
97 118
97 119
97 101
97 102
97 103
97 121
97 126
98 108
98 112
98 123
98 114
98 100
98 117
98 118
98 103
98 105
98 122
98 124
98 99
98 125
98 102
98 104
98 126
98 106
99 107
99 123
99 115
99 100
99 116
99 117
99 118
99 105
99 122
99 109
99 102
99 104
99 106
100 112
100 113
100 114
100 115
100 122
100 110
100 125
100 117
100 118
100 101
100 106
101 107
101 108
101 116
101 117
101 118
101 119
101 109
101 127
101 103
101 104
101 120
101 105
101 126
101 106
102 107
102 123
102 117
102 105
102 109
102 124
102 106
103 107
103 112
103 123
103 117
103 119
103 122
103 109
103 110
103 125
103 127
103 104
103 120
103 106
104 107
104 108
104 114
104 118
104 119
104 120
104 121
104 105
104 110
104 125
104 127
104 126
104 106
105 107
105 108
105 112
105 123
105 115
105 119
105 120
105 110
105 111
105 124
105 126
105 106
106 112
106 123
106 114
106 115
106 116
106 117
106 119
106 120
106 109
106 110
106 127
106 122
107 108
107 109
107 110
107 112
107 123
107 124
107 114
107 115
107 127
107 117
107 118
107 119
107 126
108 122
108 109
108 112
108 123
108 124
108 114
108 115
108 127
108 117
108 118
108 119
109 112
109 113
109 114
109 116
109 117
109 121
109 110
109 124
109 125
109 127
109 126
110 112
110 123
110 122
110 124
110 125
110 127
111 112
111 114
111 115
111 116
111 119
111 122
111 125
111 126
112 122
112 124
112 113
112 115
112 116
112 117
112 120
112 126
113 125
113 117
113 120
113 121
114 122
114 124
114 115
114 125
114 116
114 118
114 119
115 122
115 124
115 125
115 116
115 119
115 126
116 123
116 122
116 117
116 119
116 126
117 124
117 125
117 119
117 121
117 126
117 122
118 123
118 125
118 127
118 121
119 123
119 124
119 120
119 121
119 126
120 122
120 124
120 127
120 121
120 126
121 123
121 124
121 125
122 123
122 125
122 127
123 125
124 127
125 127
125 126
