0 1
0 2
0 3
0 4
0 5
0 6
0 7
0 8
0 9
0 10
0 11
0 12
0 13
0 14
0 15
0 16
0 17
0 18
0 19
0 20
0 21
0 22
0 23
0 24
0 25
0 26
0 27
0 28
0 29
0 30
0 31
0 32
0 33
0 34
0 35
0 36
0 37
0 38
0 39
0 40
0 41
0 42
0 43
0 44
0 45
0 46
0 47
0 48
0 49
0 50
0 51
0 52
0 53
0 54
0 55
0 56
0 57
0 58
0 59
0 60
0 61
0 62
0 63
0 64
0 65
0 66
0 67
0 68
1 69
1 70
1 71
1 72
1 73
1 4
1 5
1 74
1 6
1 8
1 75
1 76
1 13
1 77
1 15
1 78
1 79
1 80
1 18
1 81
1 19
1 82
1 23
1 24
1 25
1 26
1 27
1 83
1 28
1 29
1 33
1 84
1 85
1 35
1 86
1 87
1 88
1 44
1 89
1 90
1 91
1 92
1 93
1 51
1 52
1 53
1 59
1 94
1 60
1 61
1 95
1 64
1 65
1 96
1 97
1 98
1 66
1 99
1 68
2 100
2 69
2 71
2 73
2 5
2 74
2 6
2 7
2 101
2 12
2 102
2 103
2 14
2 104
2 79
2 80
2 17
2 81
2 105
2 19
2 82
2 21
2 23
2 27
2 106
2 107
2 29
2 108
2 109
2 37
2 86
2 111
2 88
2 90
2 91
2 48
2 113
2 50
2 93
2 51
2 52
2 56
2 59
2 60
2 114
2 95
2 62
2 64
2 97
2 66
2 67
2 99
2 115
2 68
2 18
2 15
2 121
2 87
2 20
2 96
2 49
3 100
3 69
3 71
3 73
3 5
3 74
3 116
3 6
3 7
3 75
3 101
3 76
3 9
3 10
3 11
3 12
3 103
3 117
3 13
3 104
3 77
3 15
3 78
3 16
3 118
3 80
3 17
3 18
3 105
3 20
3 21
3 22
3 23
3 26
3 27
3 106
3 119
3 83
3 29
3 30
3 31
3 33
3 108
3 84
3 120
3 35
3 38
3 39
3 40
3 41
3 42
3 88
3 90
3 47
3 91
3 48
3 93
3 52
3 54
3 61
3 62
3 64
3 99
3 115
3 68
4 100
4 69
4 73
4 122
4 101
4 76
4 102
4 117
4 77
4 78
4 16
4 80
4 18
4 81
4 82
4 21
4 23
4 24
4 25
4 27
4 119
4 29
4 30
4 31
4 84
4 34
4 36
4 38
4 86
4 111
4 42
4 44
4 89
4 112
4 46
4 47
4 48
4 113
4 121
4 93
4 51
4 52
4 55
4 56
4 57
4 60
4 63
4 65
4 98
4 67
4 99
4 115
4 68
5 69
5 70
5 73
5 122
5 6
5 7
5 12
5 102
5 103
5 13
5 104
5 15
5 78
5 16
5 79
5 118
5 17
5 18
5 105
5 19
5 123
5 21
5 22
5 24
5 26
5 83
5 28
5 29
5 30
5 32
5 33
5 108
5 84
5 85
5 120
5 124
5 35
5 37
5 38
5 86
5 39
5 111
5 87
5 42
5 88
5 44
5 89
5 47
5 91
5 48
5 121
5 93
5 54
5 55
5 56
5 60
5 95
5 65
5 97
5 66
5 67
5 99
5 20
5 96
5 49
5 100
5 81
6 69
6 71
6 72
6 73
6 116
6 7
6 75
6 11
6 12
6 102
6 117
6 13
6 14
6 77
6 15
6 78
6 79
6 81
6 19
6 123
6 21
6 22
6 23
6 24
6 26
6 119
6 83
6 107
6 29
6 31
6 32
6 33
6 108
6 109
6 125
6 120
6 124
6 35
6 36
6 37
6 86
6 39
6 42
6 88
6 43
6 44
6 89
6 90
6 112
6 46
6 91
6 92
6 113
6 50
6 54
6 94
6 60
6 62
6 65
6 98
6 66
6 67
6 115
7 100
7 72
7 116
7 75
7 76
7 9
7 10
7 11
7 12
7 102
7 103
7 117
7 77
7 16
7 79
7 118
7 81
7 19
7 21
7 22
7 23
7 27
7 119
7 83
7 28
7 107
7 29
7 108
7 109
7 84
7 125
7 110
7 35
7 36
7 38
7 126
7 39
7 40
7 41
7 42
7 43
7 46
7 48
7 49
7 113
7 121
7 93
7 51
7 53
7 55
7 57
7 58
7 59
7 94
7 114
7 95
7 63
7 64
7 65
7 97
7 67
8 69
8 70
8 71
8 72
8 116
8 101
8 9
8 11
8 117
8 13
8 14
8 16
8 17
8 19
8 82
8 20
8 22
8 23
8 24
8 25
8 26
8 83
8 28
8 107
8 29
8 33
8 109
8 84
8 85
8 35
8 36
8 37
8 38
8 126
8 39
8 40
8 41
8 111
8 87
8 88
8 43
8 44
8 45
8 112
8 46
8 47
8 49
8 92
8 113
8 50
8 127
8 58
8 94
8 60
8 114
8 61
8 62
8 98
8 67
8 115
8 68
9 69
9 70
9 71
9 72
9 74
9 116
9 10
9 11
9 12
9 117
9 14
9 104
9 77
9 78
9 16
9 18
9 105
9 123
9 20
9 22
9 24
9 119
9 83
9 28
9 107
9 31
9 33
9 108
9 84
9 34
9 125
9 120
9 86
9 39
9 40
9 111
9 87
9 42
9 88
9 43
9 89
9 112
9 47
9 92
9 50
9 51
9 52
9 55
9 127
9 58
9 59
9 94
9 60
9 95
9 63
9 64
9 65
9 97
9 66
10 100
10 69
10 70
10 72
10 73
10 75
10 101
10 11
10 12
10 103
10 13
10 14
10 104
10 77
10 15
10 16
10 79
10 118
10 80
10 17
10 123
10 82
10 20
10 22
10 24
10 26
10 27
10 106
10 119
10 83
10 28
10 29
10 31
10 32
10 33
10 84
10 85
10 34
10 125
10 110
10 124
10 35
10 38
10 126
10 39
10 43
10 44
10 89
10 112
10 46
10 49
10 92
10 52
10 54
10 56
10 57
10 94
10 60
10 62
10 63
10 65
10 96
10 66
10 99
11 69
11 70
11 71
11 72
11 73
11 116
11 122
11 75
11 101
11 12
11 102
11 103
11 117
11 14
11 77
11 118
11 19
11 123
11 20
11 21
11 22
11 24
11 25
11 119
11 28
11 107
11 31
11 109
11 85
11 34
11 125
11 110
11 120
11 124
11 35
11 36
11 37
11 126
11 86
11 41
11 111
11 42
11 88
11 90
11 112
11 47
11 48
11 92
11 50
11 55
11 57
11 127
11 58
11 59
11 61
11 95
11 62
11 63
11 65
11 67
11 115
12 69
12 70
12 73
12 116
12 122
12 76
12 102
12 14
12 104
12 15
12 78
12 16
12 18
12 19
12 123
12 82
12 21
12 23
12 24
12 25
12 27
12 106
12 119
12 28
12 107
12 29
12 31
12 32
12 108
12 109
12 34
12 125
12 36
12 37
12 40
12 87
12 42
12 88
12 43
12 89
12 47
12 91
12 48
12 49
12 92
12 113
12 50
12 56
12 57
12 59
12 94
12 60
12 61
12 95
12 62
12 96
12 97
12 98
12 99
13 72
13 74
13 116
13 122
13 104
13 77
13 16
13 118
13 80
13 18
13 19
13 82
13 21
13 24
13 25
13 106
13 83
13 28
13 107
13 32
13 109
13 85
13 34
13 110
13 35
13 36
13 37
13 38
13 86
13 40
13 41
13 111
13 87
13 42
13 88
13 43
13 89
13 90
13 45
13 112
13 49
13 92
13 50
13 54
13 56
13 57
13 127
13 58
13 59
13 60
13 114
13 61
13 95
13 62
13 63
13 96
13 66
13 67
13 99
14 100
14 73
14 116
14 76
14 103
14 77
14 15
14 78
14 16
14 79
14 17
14 19
14 123
14 20
14 22
14 24
14 25
14 28
14 29
14 32
14 108
14 109
14 85
14 34
14 124
14 37
14 38
14 126
14 41
14 90
14 45
14 112
14 48
14 92
14 121
14 93
14 57
14 127
14 60
14 61
14 64
14 96
14 97
14 66
14 67
14 99
14 68
15 100
15 69
15 70
15 71
15 72
15 74
15 116
15 122
15 75
15 103
15 117
15 78
15 118
15 17
15 18
15 81
15 19
15 123
15 82
15 20
15 21
15 22
15 29
15 109
15 85
15 125
15 124
15 36
15 38
15 126
15 86
15 39
15 40
15 41
15 42
15 43
15 89
15 90
15 46
15 47
15 91
15 48
15 49
15 50
15 93
15 51
15 52
15 53
15 56
15 127
15 58
15 59
15 60
15 61
15 95
15 65
15 96
15 98
15 67
15 68
15 99
15 121
15 87
16 100
16 73
16 74
16 122
16 75
16 101
16 76
16 102
16 103
16 117
16 104
16 78
16 118
16 80
16 18
16 105
16 20
16 22
16 23
16 24
16 25
16 26
16 106
16 119
16 83
16 109
16 85
16 125
16 120
16 36
16 37
16 38
16 86
16 42
16 88
16 43
16 44
16 45
16 91
16 48
16 121
16 93
16 51
16 52
16 53
16 56
16 58
16 59
16 94
16 60
16 61
16 95
16 62
16 63
16 65
16 97
16 98
16 66
16 99
16 115
17 100
17 72
17 73
17 122
17 76
17 102
17 117
17 77
17 79
17 80
17 81
17 105
17 19
17 82
17 21
17 23
17 25
17 26
17 106
17 83
17 28
17 107
17 33
17 108
17 84
17 85
17 125
17 110
17 35
17 37
17 38
17 126
17 111
17 43
17 89
17 112
17 91
17 92
17 113
17 50
17 51
17 52
17 53
17 55
17 57
17 127
17 58
17 60
17 61
17 95
17 64
17 65
17 97
17 98
17 99
17 68
18 100
18 69
18 71
18 72
18 73
18 75
18 76
18 103
18 77
18 78
18 105
18 20
18 21
18 24
18 26
18 27
18 119
18 32
18 84
18 110
18 124
18 35
18 36
18 40
18 41
18 111
18 42
18 44
18 47
18 91
18 48
18 113
18 50
18 93
18 51
18 56
18 59
18 60
18 63
18 64
18 65
18 96
18 97
18 66
18 67
18 99
18 68
18 121
18 87
18 49
18 81
19 100
19 69
19 116
19 122
19 101
19 76
19 103
19 104
19 77
19 78
19 79
19 81
19 20
19 26
19 27
19 119
19 83
19 28
19 107
19 33
19 125
19 110
19 120
19 35
19 36
19 38
19 126
19 86
19 39
19 41
19 87
19 88
19 44
19 89
19 112
19 48
19 50
19 121
19 93
19 51
19 53
19 59
19 94
19 64
19 97
19 98
19 66
19 67
19 99
19 68
20 100
20 70
20 72
20 74
20 116
20 101
20 102
20 117
20 104
20 77
20 78
20 81
20 123
20 22
20 24
20 27
20 29
20 31
20 33
20 108
20 109
20 125
20 110
20 35
20 36
20 37
20 126
20 39
20 111
20 87
20 43
20 44
20 45
20 46
20 47
20 49
20 121
20 93
20 52
20 56
20 94
20 61
20 62
20 63
20 64
20 65
20 98
20 99
20 115
20 48
20 69
20 103
20 67
20 60
20 96
20 91
21 73
21 74
21 116
21 101
21 76
21 103
21 77
21 78
21 79
21 118
21 105
21 82
21 25
21 27
21 28
21 30
21 32
21 84
21 85
21 120
21 36
21 37
21 38
21 126
21 86
21 87
21 90
21 112
21 47
21 48
21 49
21 92
21 50
21 93
21 51
21 52
21 53
21 56
21 127
21 59
21 114
21 61
21 63
21 96
21 97
21 98
21 66
21 67
21 99
21 115
22 69
22 70
22 71
22 72
22 74
22 116
22 101
22 76
22 117
22 80
22 81
22 105
22 123
22 82
22 23
22 83
22 31
22 32
22 33
22 109
22 85
22 125
22 110
22 124
22 126
22 86
22 39
22 40
22 41
22 42
22 43
22 90
22 45
22 112
22 47
22 48
22 92
22 121
22 93
22 53
22 56
22 114
22 61
22 63
22 64
22 65
22 96
22 97
22 67
22 115
22 68
23 75
23 101
23 102
23 104
23 81
23 82
23 27
23 28
23 29
23 31
23 32
23 84
23 85
23 110
23 120
23 38
23 126
23 86
23 39
23 40
23 41
23 111
23 87
23 42
23 89
23 112
23 46
23 91
23 48
23 113
23 50
23 121
23 93
23 51
23 52
23 53
23 55
23 56
23 127
23 94
23 60
23 63
23 97
23 98
23 66
24 100
24 69
24 73
24 75
24 101
24 76
24 103
24 104
24 77
24 78
24 79
24 105
24 123
24 26
24 27
24 29
24 30
24 84
24 85
24 125
24 124
24 35
24 36
24 37
24 38
24 126
24 86
24 39
24 40
24 41
24 42
24 45
24 112
24 91
24 113
24 50
24 121
24 51
24 53
24 56
24 57
24 127
24 59
24 60
24 114
24 96
24 97
24 98
24 67
24 115
24 68
25 69
25 71
25 73
25 74
25 75
25 101
25 104
25 78
25 80
25 81
25 123
25 27
25 106
25 83
25 28
25 107
25 29
25 30
25 109
25 125
25 110
25 35
25 126
25 86
25 87
25 43
25 89
25 90
25 45
25 46
25 47
25 91
25 48
25 113
25 50
25 93
25 52
25 127
25 58
25 94
25 60
25 114
25 62
25 64
25 96
25 98
25 66
25 115
26 100
26 70
26 74
26 122
26 75
26 101
26 76
26 103
26 117
26 104
26 77
26 78
26 123
26 82
26 119
26 28
26 107
26 29
26 31
26 108
26 34
26 125
26 110
26 120
26 38
26 126
26 86
26 40
26 111
26 87
26 42
26 90
26 48
26 50
26 51
26 54
26 55
26 56
26 57
26 94
26 60
26 61
26 95
26 65
26 97
26 98
26 67
27 71
27 72
27 73
27 122
27 76
27 81
27 106
27 119
27 29
27 30
27 31
27 32
27 33
27 108
27 85
27 34
27 110
27 120
27 124
27 35
27 36
27 37
27 38
27 126
27 86
27 40
27 111
27 87
27 42
27 89
27 45
27 112
27 46
27 91
27 48
27 49
27 92
27 52
27 55
27 56
27 59
27 94
27 60
27 61
27 64
27 65
27 96
27 97
27 98
27 66
27 115
27 68
28 100
28 70
28 71
28 74
28 116
28 76
28 102
28 78
28 118
28 80
28 81
28 123
28 83
28 29
28 30
28 32
28 109
28 125
28 110
28 120
28 124
28 35
28 36
28 39
28 88
28 43
28 90
28 45
28 112
28 48
28 92
28 113
28 93
28 55
28 57
28 58
28 59
28 94
28 60
28 114
28 64
28 65
28 99
29 100
29 70
29 74
29 101
29 103
29 117
29 77
29 79
29 80
29 81
29 105
29 82
29 119
29 107
29 30
29 31
29 33
29 109
29 84
29 85
29 34
29 125
29 38
29 86
29 39
29 40
29 41
29 111
29 88
29 44
29 89
29 90
29 45
29 112
29 46
29 47
29 91
29 48
29 49
29 113
29 50
29 121
29 52
29 54
29 56
29 58
29 59
29 94
29 60
29 114
29 95
29 62
29 65
29 98
29 67
30 70
30 72
30 116
30 122
30 75
30 101
30 117
30 104
30 80
30 81
30 105
30 123
30 83
30 31
30 32
30 33
30 108
30 109
30 85
30 110
30 120
30 35
30 36
30 37
30 86
30 40
30 87
30 88
30 45
30 112
30 47
30 48
30 49
30 92
30 50
30 121
30 51
30 53
30 54
30 55
30 56
30 57
30 127
30 60
30 114
30 62
30 63
30 64
30 65
30 97
30 99
30 115
30 68
31 69
31 74
31 102
31 104
31 78
31 118
31 123
31 83
31 107
31 32
31 33
31 109
31 84
31 85
31 34
31 125
31 124
31 35
31 36
31 37
31 40
31 41
31 111
31 42
31 89
31 90
31 45
31 46
31 91
31 48
31 92
31 121
31 51
31 52
31 53
31 58
31 59
31 94
31 61
31 95
31 64
31 97
31 98
31 66
31 68
32 70
32 71
32 73
32 75
32 101
32 117
32 104
32 78
32 79
32 118
32 105
32 106
32 108
32 109
32 84
32 34
32 124
32 38
32 126
32 86
32 39
32 40
32 111
32 88
32 89
32 45
32 112
32 91
32 48
32 92
32 113
32 50
32 93
32 52
32 55
32 57
32 59
32 94
32 60
32 114
32 61
32 64
32 65
32 97
32 98
32 66
32 67
33 100
33 69
33 70
33 72
33 74
33 116
33 101
33 76
33 102
33 77
33 118
33 80
33 123
33 106
33 119
33 107
33 109
33 85
33 125
33 124
33 38
33 41
33 42
33 43
33 44
33 47
33 91
33 49
33 92
33 50
33 51
33 52
33 53
33 55
33 57
33 127
33 58
33 59
33 94
33 60
33 114
33 61
33 98
33 67
33 115
33 68
34 100
34 69
34 70
34 122
34 101
34 103
34 104
34 77
34 78
34 79
34 118
34 105
34 106
34 109
34 84
34 85
34 124
34 36
34 37
34 38
34 39
34 40
34 41
34 88
34 43
34 44
34 89
34 46
34 91
34 48
34 49
34 113
34 93
34 51
34 52
34 56
34 57
34 127
34 58
34 59
34 94
34 60
34 114
34 61
34 95
34 62
34 65
34 96
34 97
34 67
34 99
35 73
35 74
35 116
35 101
35 102
35 103
35 117
35 80
35 107
35 108
35 85
35 120
35 36
35 86
35 40
35 41
35 87
35 42
35 43
35 44
35 46
35 47
35 49
35 92
35 121
35 93
35 51
35 53
35 54
35 55
35 56
35 57
35 58
35 94
35 61
35 62
35 63
35 98
35 67
35 99
35 68
36 69
36 71
36 72
36 74
36 122
36 75
36 101
36 76
36 117
36 104
36 77
36 78
36 118
36 80
36 123
36 82
36 106
36 119
36 83
36 108
36 85
36 125
36 124
36 37
36 38
36 86
36 40
36 111
36 87
36 42
36 88
36 44
36 89
36 112
36 49
36 93
36 51
36 53
36 54
36 55
36 56
36 127
36 60
36 95
36 96
36 97
36 98
36 67
36 99
36 115
37 70
37 71
37 72
37 73
37 116
37 76
37 102
37 103
37 117
37 77
37 118
37 80
37 105
37 106
37 119
37 83
37 107
37 108
37 84
37 124
37 126
37 111
37 43
37 89
37 45
37 112
37 46
37 48
37 49
37 92
37 50
37 93
37 52
37 53
37 55
37 56
37 59
37 94
37 60
37 114
37 62
37 63
37 64
37 65
37 96
38 71
38 74
38 122
38 101
38 79
38 80
38 81
38 123
38 106
38 119
38 83
38 107
38 108
38 109
38 85
38 41
38 43
38 89
38 45
38 46
38 113
38 52
38 53
38 55
38 56
38 57
38 59
38 94
38 63
38 64
38 97
38 98
38 66
38 115
38 68
39 69
39 72
39 73
39 116
39 101
39 76
39 103
39 104
39 80
39 81
39 105
39 123
39 84
39 85
39 110
39 126
39 41
39 111
39 42
39 88
39 43
39 44
39 46
39 91
39 92
39 51
39 52
39 53
39 56
39 58
39 59
39 94
39 60
39 114
39 63
39 64
39 65
39 67
39 115
40 70
40 72
40 73
40 74
40 122
40 75
40 101
40 76
40 102
40 117
40 104
40 77
40 79
40 118
40 80
40 107
40 108
40 42
40 88
40 43
40 44
40 90
40 45
40 112
40 46
40 48
40 50
40 121
40 53
40 57
40 127
40 58
40 60
40 114
40 61
40 95
40 62
40 64
40 65
40 67
40 115
41 116
41 75
41 101
41 76
41 104
41 77
41 79
41 118
41 81
41 106
41 119
41 83
41 84
41 85
41 120
41 124
41 86
41 111
41 42
41 88
41 44
41 89
41 90
41 112
41 46
41 47
41 48
41 113
41 121
41 55
41 56
41 57
41 59
41 60
41 63
41 65
41 97
41 98
41 99
41 115
42 70
42 71
42 72
42 73
42 103
42 117
42 77
42 105
42 106
42 83
42 85
42 124
42 111
42 44
42 89
42 112
42 46
42 47
42 91
42 48
42 49
42 50
42 121
42 93
42 51
42 54
42 55
42 57
42 127
42 59
42 94
42 114
42 95
42 62
42 96
42 97
42 66
42 67
42 68
43 100
43 70
43 71
43 74
43 116
43 101
43 103
43 117
43 77
43 80
43 81
43 123
43 82
43 106
43 109
43 85
43 125
43 110
43 124
43 111
43 88
43 44
43 89
43 90
43 45
43 112
43 48
43 49
43 50
43 51
43 52
43 53
43 54
43 127
43 58
43 94
43 60
43 63
43 64
43 65
43 96
43 97
43 99
43 68
44 100
44 69
44 70
44 71
44 72
44 73
44 122
44 75
44 101
44 76
44 102
44 117
44 104
44 78
44 79
44 118
44 82
44 119
44 85
44 125
44 124
44 126
44 86
44 87
44 88
44 45
44 112
44 46
44 47
44 91
44 48
44 49
44 92
44 54
44 55
44 57
44 58
44 59
44 61
44 95
44 63
44 67
44 99
44 115
45 69
45 70
45 71
45 72
45 73
45 76
45 104
45 78
45 79
45 118
45 80
45 105
45 106
45 107
45 108
45 109
45 85
45 110
45 86
45 89
45 90
45 46
45 48
45 113
45 121
45 93
45 51
45 53
45 54
45 55
45 58
45 94
45 60
45 114
45 61
45 62
45 98
45 67
45 99
45 115
46 100
46 71
46 74
46 116
46 75
46 102
46 103
46 117
46 104
46 118
46 105
46 123
46 82
46 83
46 107
46 109
46 84
46 125
46 110
46 120
46 124
46 86
46 89
46 112
46 49
46 92
46 50
46 121
46 51
46 52
46 54
46 56
46 57
46 127
46 58
46 59
46 94
46 60
46 61
46 62
46 65
46 97
46 66
46 67
46 68
47 100
47 73
47 74
47 116
47 122
47 102
47 103
47 117
47 104
47 118
47 80
47 105
47 123
47 106
47 107
47 108
47 84
47 85
47 110
47 120
47 86
47 111
47 89
47 90
47 91
47 49
47 121
47 93
47 51
47 52
47 53
47 54
47 55
47 127
47 60
47 114
47 95
47 64
47 96
47 97
47 98
47 66
47 99
48 100
48 69
48 72
48 74
48 122
48 75
48 103
48 117
48 77
48 79
48 81
48 123
48 106
48 107
48 108
48 109
48 84
48 85
48 110
48 120
48 124
48 111
48 87
48 88
48 89
48 90
48 112
48 49
48 113
48 50
48 93
48 51
48 53
48 56
48 58
48 59
48 94
48 60
48 95
48 96
48 97
48 66
48 67
48 99
48 115
48 121
48 91
49 69
49 72
49 73
49 116
49 122
49 75
49 101
49 102
49 103
49 117
49 77
49 118
49 81
49 106
49 119
49 107
49 108
49 85
49 125
49 110
49 120
49 124
49 111
49 88
49 90
49 92
49 113
49 51
49 52
49 57
49 58
49 94
49 114
49 95
49 64
49 98
49 66
49 99
49 93
49 67
49 60
49 56
49 121
49 87
49 96
49 100
49 91
50 100
50 69
50 73
50 74
50 116
50 75
50 101
50 103
50 79
50 123
50 82
50 106
50 108
50 109
50 125
50 120
50 124
50 86
50 111
50 88
50 89
50 112
50 92
50 113
50 93
50 51
50 54
50 58
50 59
50 94
50 60
50 62
50 63
50 64
50 97
50 66
50 67
50 99
50 68
51 72
51 101
51 76
51 103
51 77
51 105
51 123
51 82
51 83
51 107
51 108
51 109
51 85
51 125
51 110
51 124
51 111
51 87
51 89
51 90
51 113
51 121
51 52
51 53
51 55
51 57
51 127
51 94
51 61
51 63
51 65
51 96
51 98
51 67
51 115
51 68
52 100
52 69
52 71
52 72
52 73
52 122
52 101
52 102
52 103
52 104
52 79
52 118
52 80
52 123
52 82
52 106
52 83
52 107
52 109
52 125
52 126
52 111
52 88
52 112
52 113
52 93
52 53
52 54
52 55
52 56
52 57
52 127
52 58
52 59
52 95
52 62
52 63
52 64
52 66
52 99
52 115
52 68
53 69
53 71
53 72
53 116
53 75
53 103
53 117
53 104
53 77
53 78
53 80
53 105
53 119
53 83
53 107
53 108
53 84
53 110
53 120
53 124
53 126
53 89
53 90
53 93
53 56
53 94
53 60
53 114
53 95
53 62
53 64
53 97
53 66
53 115
53 68
54 100
54 69
54 72
54 116
54 122
54 75
54 101
54 117
54 104
54 80
54 81
54 123
54 119
54 107
54 108
54 84
54 125
54 110
54 124
54 111
54 88
54 90
54 112
54 92
54 113
54 121
54 93
54 56
54 57
54 127
54 58
54 60
54 61
54 95
54 62
54 65
54 96
54 98
54 66
54 99
54 115
55 100
55 73
55 75
55 101
55 76
55 103
55 77
55 79
55 81
55 105
55 123
55 82
55 119
55 109
55 84
55 110
55 120
55 124
55 89
55 92
55 113
55 93
55 56
55 57
55 127
55 114
55 61
55 64
55 97
55 98
55 67
55 99
56 100
56 69
56 70
56 71
56 72
56 73
56 116
56 122
56 101
56 102
56 103
56 78
56 79
56 118
56 81
56 105
56 82
56 106
56 119
56 109
56 124
56 86
56 88
56 89
56 91
56 113
56 93
56 60
56 114
56 61
56 95
56 62
56 65
56 96
56 98
56 67
56 99
56 121
56 87
57 69
57 71
57 72
57 73
57 74
57 116
57 122
57 75
57 76
57 102
57 117
57 104
57 77
57 118
57 80
57 82
57 106
57 119
57 85
57 110
57 86
57 111
57 88
57 89
57 90
57 91
57 92
57 121
57 114
57 62
57 63
57 64
57 65
57 97
57 98
57 66
57 67
57 99
57 115
58 100
58 69
58 72
58 74
58 116
58 122
58 75
58 101
58 76
58 102
58 103
58 117
58 104
58 78
58 118
58 107
58 108
58 109
58 84
58 110
58 124
58 86
58 87
58 88
58 90
58 91
58 113
58 121
58 93
58 94
58 60
58 114
58 61
58 62
58 64
58 97
58 98
58 67
58 115
58 68
59 69
59 72
59 74
59 122
59 102
59 103
59 104
59 78
59 105
59 106
59 119
59 107
59 84
59 120
59 124
59 126
59 86
59 111
59 87
59 89
59 92
59 113
59 93
59 127
59 94
59 62
59 63
59 65
59 97
59 99
59 115
60 100
60 69
60 70
60 71
60 122
60 75
60 103
60 117
60 104
60 78
60 80
60 119
60 107
60 108
60 84
60 85
60 125
60 110
60 120
60 86
60 111
60 88
60 89
60 90
60 112
60 92
60 121
60 93
60 114
60 61
60 64
60 96
60 67
60 115
60 68
60 99
60 87
60 81
60 91
61 69
61 72
61 73
61 122
61 102
61 78
61 79
61 80
61 81
61 106
61 119
61 107
61 108
61 109
61 110
61 111
61 87
61 88
61 112
61 113
61 121
61 94
61 62
61 63
61 64
61 65
61 97
61 66
61 99
61 115
61 68
62 70
62 71
62 72
62 73
62 101
62 103
62 117
62 77
62 78
62 105
62 123
62 119
62 107
62 125
62 110
62 124
62 86
62 87
62 88
62 90
62 113
62 121
62 127
62 94
62 95
62 64
62 97
62 98
62 67
62 99
62 115
62 68
63 100
63 69
63 70
63 71
63 73
63 122
63 75
63 101
63 77
63 79
63 105
63 82
63 83
63 107
63 109
63 84
63 85
63 125
63 110
63 120
63 124
63 126
63 111
63 88
63 89
63 112
63 92
63 93
63 114
63 64
63 98
63 66
63 99
64 100
64 72
64 116
64 122
64 75
64 76
64 102
64 117
64 104
64 78
64 79
64 80
64 82
64 107
64 109
64 85
64 110
64 120
64 124
64 86
64 87
64 89
64 121
64 94
64 114
64 65
64 67
64 115
64 68
65 70
65 72
65 74
65 116
65 75
65 101
65 76
65 103
65 117
65 78
65 80
65 81
65 105
65 123
65 82
65 108
65 109
65 84
65 85
65 120
65 124
65 126
65 86
65 88
65 89
65 90
65 112
65 95
65 96
65 98
65 66
65 67
65 99
66 70
66 73
66 74
66 116
66 122
66 75
66 76
66 102
66 103
66 117
66 78
66 79
66 80
66 105
66 123
66 119
66 85
66 125
66 110
66 124
66 89
66 90
66 92
66 113
66 121
66 93
66 95
66 97
66 98
66 67
66 68
67 69
67 70
67 71
67 73
67 116
67 102
67 103
67 117
67 79
67 118
67 81
67 105
67 106
67 83
67 109
67 84
67 124
67 126
67 89
67 112
67 91
67 92
67 113
67 93
67 94
67 114
67 98
67 115
67 68
67 99
67 121
67 87
67 96
67 100
68 69
68 70
68 71
68 73
68 122
68 101
68 76
68 103
68 77
68 118
68 80
68 105
68 106
68 119
68 108
68 109
68 84
68 85
68 125
68 110
68 120
68 124
68 86
68 87
68 88
68 89
68 90
68 92
68 121
68 127
68 95
68 97
68 98
68 115
69 70
69 74
69 101
69 103
69 117
69 79
69 118
69 105
69 123
69 82
69 107
69 84
69 125
69 110
69 126
69 86
69 111
69 87
69 112
69 113
69 121
69 93
69 127
69 94
69 99
69 115
69 96
69 100
69 81
69 91
70 72
70 116
70 75
70 102
70 103
70 104
70 77
70 78
70 79
70 118
70 80
70 82
70 106
70 107
70 108
70 125
70 124
70 88
70 89
70 90
70 112
70 92
70 121
70 127
70 94
70 98
70 99
70 115
71 72
71 73
71 116
71 122
71 101
71 76
71 77
71 78
71 79
71 80
71 81
71 105
71 123
71 82
71 108
71 85
71 110
71 120
71 126
71 86
71 111
71 88
71 112
71 121
71 114
71 95
71 96
71 97
71 115
72 100
72 74
72 116
72 75
72 101
72 76
72 103
72 79
72 80
72 81
72 105
72 107
72 108
72 109
72 84
72 126
72 88
72 89
72 112
72 92
72 113
72 93
72 127
72 94
72 95
72 97
72 99
72 115
73 74
73 78
73 81
73 105
73 119
73 107
73 108
73 85
73 110
73 86
73 111
73 87
73 89
73 112
73 91
73 121
73 127
73 94
73 114
73 96
73 97
73 115
74 116
74 75
74 102
74 103
74 77
74 78
74 79
74 118
74 82
74 106
74 119
74 83
74 107
74 108
74 125
74 126
74 86
74 88
74 89
74 112
74 91
74 121
74 96
74 97
74 99
75 101
75 76
75 103
75 117
75 79
75 81
75 123
75 106
75 83
75 108
75 109
75 85
75 110
75 120
75 86
75 87
75 88
75 89
75 92
75 93
75 127
75 97
75 99
76 100
76 116
76 101
76 103
76 77
76 78
76 118
76 80
76 105
76 123
76 82
76 83
76 107
76 108
76 84
76 125
76 110
76 124
76 87
76 89
76 90
76 112
76 92
76 113
76 121
76 127
76 94
76 114
76 99
76 115
77 116
77 122
77 102
77 104
77 78
77 79
77 105
77 106
77 107
77 108
77 85
77 125
77 110
77 120
77 111
77 87
77 88
77 90
77 91
77 93
77 95
77 98
78 100
78 122
78 80
78 82
78 119
78 84
78 85
78 125
78 110
78 111
78 87
78 88
78 89
78 112
78 92
78 93
78 95
78 115
79 100
79 101
79 103
79 104
79 118
79 105
79 123
79 82
79 108
79 109
79 110
79 120
79 87
79 89
79 90
79 112
79 91
79 113
79 127
79 94
79 114
79 95
79 97
79 98
80 100
80 116
80 104
80 105
80 123
80 106
80 83
80 107
80 108
80 109
80 84
80 110
80 126
80 86
80 111
80 88
80 89
80 121
80 93
80 115
81 100
81 101
81 82
81 106
81 83
81 107
81 85
81 111
81 87
81 90
81 112
81 91
81 113
81 93
81 127
81 114
81 95
81 97
81 115
81 103
81 99
81 121
81 96
82 122
82 103
82 118
82 123
82 106
82 119
82 83
82 107
82 84
82 85
82 110
82 120
82 126
82 111
82 88
82 89
82 90
82 112
82 91
82 92
82 113
82 121
82 98
82 99
82 115
83 116
83 102
83 103
83 104
83 123
83 106
83 119
83 107
83 108
83 84
83 125
83 86
83 90
83 113
83 94
83 114
84 100
84 116
84 102
84 117
84 104
84 105
84 123
84 85
84 120
84 124
84 126
84 89
84 112
84 91
84 92
84 113
84 99
84 115
85 100
85 116
85 101
85 102
85 118
85 105
85 123
85 109
85 110
85 120
85 124
85 89
85 91
85 92
85 113
85 93
85 127
85 114
85 98
86 116
86 117
86 118
86 119
86 120
86 124
86 111
86 87
86 90
86 112
86 91
86 92
86 113
86 121
86 94
86 114
86 97
86 99
87 100
87 116
87 122
87 101
87 102
87 103
87 117
87 104
87 105
87 119
87 108
87 109
87 125
87 89
87 91
87 92
87 113
87 121
87 93
87 127
87 94
87 95
87 98
87 99
87 115
87 96
88 100
88 116
88 117
88 104
88 107
88 109
88 125
88 110
88 89
88 112
88 91
88 92
88 121
88 93
88 94
88 114
88 95
88 115
89 100
89 102
89 117
89 123
89 106
89 108
89 109
89 110
89 120
89 124
89 126
89 111
89 90
89 112
89 121
89 93
89 127
89 94
90 122
90 101
90 118
90 105
90 106
90 119
90 109
90 125
90 110
90 124
90 126
90 112
90 91
90 127
90 94
90 95
90 98
91 100
91 116
91 102
91 103
91 118
91 105
91 106
91 108
91 125
91 110
91 124
91 111
91 112
91 92
91 93
91 95
91 97
91 98
91 99
91 121
91 96
92 100
92 116
92 122
92 102
92 117
92 123
92 106
92 120
92 126
92 112
92 121
92 127
92 94
92 114
92 97
92 98
92 115
93 100
93 122
93 103
93 117
93 118
93 105
93 123
93 106
93 109
93 120
93 112
93 94
93 114
93 115
93 99
93 121
93 96
94 100
94 116
94 122
94 101
94 102
94 117
94 104
94 105
94 123
94 125
94 110
94 124
94 126
94 121
94 127
94 95
94 97
94 98
94 99
95 100
95 122
95 103
95 117
95 104
95 107
95 124
95 111
95 112
95 121
95 127
95 97
95 99
96 122
96 102
96 117
96 118
96 123
96 106
96 119
96 108
96 125
96 120
96 124
96 126
96 111
96 113
96 121
96 127
96 98
96 99
96 103
96 100
97 122
97 101
97 102
97 103
97 117
97 118
97 123
97 109
97 125
97 110
97 120
97 124
97 114
97 99
98 122
98 101
98 103
98 117
98 104
98 123
98 106
98 119
98 120
98 112
98 113
98 127
98 115
99 122
99 104
99 123
99 119
99 109
99 125
99 110
99 126
99 112
99 113
99 121
99 115
99 103
99 100
100 101
100 102
100 103
100 117
100 105
100 109
100 125
100 120
100 112
100 113
100 121
101 103
101 104
101 105
101 123
101 106
101 107
101 109
101 110
101 120
101 126
101 111
101 112
101 127
101 115
102 116
102 122
102 103
102 118
102 123
102 107
102 125
102 110
102 124
102 121
102 127
102 115
103 116
103 122
103 118
103 105
103 106
103 108
103 109
103 110
103 120
103 124
103 111
103 112
103 113
103 127
103 115
103 121
104 122
104 123
104 106
104 108
104 109
104 110
104 124
104 126
104 112
104 113
104 127
104 114
105 122
105 117
105 123
105 107
105 109
105 126
105 111
105 114
106 116
106 122
106 118
106 123
106 107
106 125
106 110
106 124
106 126
106 113
106 121
106 114
106 115
107 118
107 125
107 124
107 126
107 111
107 121
107 127
107 114
108 122
108 118
108 123
108 109
108 120
108 124
108 111
108 121
109 116
109 123
109 119
109 110
109 112
109 113
109 127
109 114
110 116
110 117
110 118
110 123
110 125
110 120
110 124
110 126
110 111
110 121
110 127
110 114
110 115
111 122
111 118
111 123
111 119
111 120
111 124
111 113
111 127
112 116
112 117
112 123
112 119
112 125
112 120
113 116
113 122
113 117
113 118
113 123
113 125
113 120
113 127
113 114
114 116
114 117
114 123
114 119
114 125
114 120
114 124
114 126
114 127
115 116
115 118
115 119
115 120
116 122
116 118
116 125
116 120
116 126
117 123
117 125
117 124
117 126
117 121
117 127
118 119
118 125
118 124
118 126
118 127
119 122
119 123
119 125
119 120
119 126
119 121
119 127
120 125
120 123
120 124
120 126
120 127
121 125
121 123
121 122
122 124
123 125
123 124
123 126
123 127
125 127
