0 1
0 2
0 3
0 4
0 5
0 6
0 7
0 8
0 9
0 10
0 11
0 12
0 13
0 14
0 15
0 16
0 17
0 18
0 19
0 20
0 21
0 22
0 23
0 24
0 25
0 26
0 27
0 28
0 29
0 30
0 31
0 32
0 33
0 34
0 35
0 36
0 37
0 38
0 39
0 40
0 41
0 42
0 43
0 44
0 45
0 46
0 47
0 48
0 49
0 50
0 51
0 52
0 53
0 54
0 55
0 56
0 57
0 58
0 59
0 60
0 61
0 62
0 63
0 64
0 65
0 66
0 67
0 100
0 80
0 98
1 68
1 69
1 3
1 70
1 5
1 71
1 7
1 8
1 9
1 10
1 11
1 13
1 72
1 73
1 15
1 74
1 75
1 16
1 17
1 18
1 76
1 77
1 78
1 79
1 80
1 22
1 81
1 23
1 25
1 26
1 82
1 83
1 28
1 30
1 84
1 31
1 85
1 35
1 86
1 36
1 87
1 88
1 89
1 41
1 42
1 90
1 44
1 45
1 91
1 48
1 49
1 50
1 51
1 92
1 93
1 53
1 54
1 55
1 94
1 95
1 96
1 97
1 98
1 99
1 100
1 63
1 101
1 64
1 102
1 103
1 67
2 104
2 105
2 5
2 6
2 8
2 9
2 10
2 72
2 14
2 74
2 75
2 78
2 20
2 79
2 26
2 27
2 28
2 29
2 30
2 84
2 33
2 34
2 85
2 86
2 37
2 89
2 38
2 39
2 41
2 42
2 107
2 45
2 91
2 108
2 109
2 51
2 92
2 93
2 52
2 53
2 54
2 55
2 110
2 56
2 111
2 112
2 95
2 96
2 99
2 59
2 100
2 61
2 62
2 114
2 63
2 115
2 64
2 65
2 32
2 19
2 4
2 47
2 43
2 60
2 17
2 18
2 67
2 48
2 49
2 80
2 98
3 104
3 68
3 5
3 6
3 7
3 11
3 12
3 13
3 14
3 15
3 74
3 75
3 17
3 116
3 76
3 77
3 21
3 117
3 79
3 118
3 80
3 22
3 23
3 25
3 26
3 83
3 27
3 28
3 29
3 30
3 31
3 33
3 34
3 86
3 119
3 41
3 120
3 45
3 91
3 46
3 47
3 48
3 109
3 121
3 92
3 93
3 52
3 53
3 110
3 94
3 113
3 95
3 96
3 97
3 99
3 59
3 62
3 114
3 122
3 64
3 102
3 65
3 123
4 104
4 68
4 106
4 7
4 8
4 10
4 11
4 13
4 72
4 14
4 73
4 17
4 18
4 76
4 77
4 19
4 20
4 117
4 80
4 22
4 81
4 23
4 82
4 83
4 27
4 32
4 33
4 34
4 35
4 86
4 88
4 39
4 40
4 41
4 42
4 43
4 124
4 47
4 48
4 49
4 50
4 51
4 93
4 54
4 55
4 110
4 57
4 58
4 96
4 97
4 99
4 59
4 60
4 100
4 61
4 122
4 115
4 64
4 102
4 56
4 67
4 38
4 98
5 104
5 69
5 70
5 106
5 7
5 8
5 9
5 10
5 11
5 12
5 13
5 14
5 75
5 16
5 17
5 20
5 79
5 125
5 23
5 24
5 126
5 83
5 27
5 28
5 84
5 31
5 32
5 33
5 34
5 35
5 86
5 87
5 38
5 40
5 41
5 42
5 43
5 44
5 45
5 91
5 46
5 108
5 47
5 109
5 50
5 93
5 53
5 55
5 111
5 94
5 96
5 99
5 115
5 64
5 102
5 103
5 66
5 123
6 68
6 69
6 105
6 70
6 7
6 8
6 10
6 11
6 72
6 73
6 16
6 116
6 77
6 21
6 118
6 80
6 22
6 81
6 24
6 25
6 126
6 82
6 83
6 30
6 84
6 32
6 33
6 34
6 35
6 36
6 119
6 87
6 37
6 89
6 39
6 40
6 42
6 107
6 90
6 44
6 124
6 47
6 48
6 109
6 121
6 92
6 93
6 53
6 54
6 55
6 57
6 113
6 58
6 95
6 96
6 60
6 61
6 122
6 101
6 64
6 65
6 123
7 104
7 68
7 105
7 106
7 8
7 9
7 12
7 13
7 72
7 73
7 15
7 74
7 17
7 18
7 76
7 21
7 79
7 125
7 81
7 126
7 27
7 28
7 84
7 32
7 34
7 85
7 119
7 87
7 89
7 38
7 39
7 40
7 41
7 90
7 45
7 91
7 46
7 124
7 108
7 47
7 48
7 109
7 127
7 51
7 93
7 52
7 53
7 55
7 57
7 94
7 58
7 96
7 97
7 59
7 60
7 100
7 114
7 64
7 102
7 66
7 67
8 104
8 68
8 69
8 105
8 70
8 71
8 9
8 10
8 11
8 12
8 72
8 14
8 73
8 15
8 75
8 16
8 17
8 18
8 76
8 19
8 20
8 118
8 80
8 22
8 23
8 24
8 25
8 26
8 84
8 31
8 33
8 34
8 85
8 87
8 38
8 40
8 42
8 44
8 46
8 124
8 108
8 47
8 127
8 50
8 52
8 54
8 55
8 56
8 57
8 112
8 58
8 97
8 98
8 61
8 62
8 114
8 64
8 102
8 65
8 103
8 66
8 123
8 67
8 32
8 43
8 60
8 100
8 48
8 49
9 104
9 105
9 106
9 71
9 10
9 11
9 72
9 14
9 73
9 16
9 17
9 76
9 78
9 20
9 117
9 79
9 125
9 81
9 24
9 126
9 26
9 82
9 83
9 28
9 29
9 30
9 31
9 33
9 85
9 35
9 36
9 119
9 88
9 40
9 42
9 43
9 120
9 124
9 108
9 48
9 49
9 121
9 50
9 92
9 52
9 55
9 110
9 112
9 113
9 58
9 96
9 100
9 122
9 63
9 101
9 102
9 66
9 67
10 104
10 68
10 105
10 70
10 71
10 12
10 13
10 75
10 19
10 117
10 118
10 81
10 23
10 24
10 25
10 126
10 83
10 28
10 29
10 30
10 84
10 85
10 35
10 36
10 119
10 37
10 88
10 38
10 39
10 40
10 43
10 90
10 44
10 45
10 91
10 48
10 50
10 92
10 93
10 52
10 53
10 54
10 55
10 111
10 94
10 112
10 58
10 95
10 96
10 98
10 60
10 61
10 62
10 114
10 122
10 63
10 115
10 64
10 103
10 66
10 123
11 68
11 105
11 70
11 106
11 12
11 13
11 72
11 14
11 73
11 17
11 76
11 77
11 78
11 21
11 117
11 79
11 125
11 80
11 81
11 24
11 126
11 82
11 83
11 27
11 30
11 84
11 31
11 34
11 85
11 35
11 36
11 87
11 37
11 89
11 38
11 39
11 40
11 107
11 43
11 120
11 91
11 124
11 108
11 48
11 127
11 50
11 93
11 53
11 54
11 55
11 110
11 94
11 112
11 113
11 58
11 60
11 100
11 62
11 63
11 115
11 64
11 102
11 65
11 66
11 123
12 104
12 68
12 105
12 106
12 71
12 13
12 72
12 75
12 76
12 77
12 20
12 117
12 79
12 118
12 80
12 24
12 25
12 26
12 84
12 32
12 34
12 86
12 37
12 88
12 38
12 40
12 42
12 44
12 45
12 91
12 46
12 108
12 49
12 109
12 127
12 51
12 92
12 93
12 52
12 56
12 111
12 94
12 112
12 95
12 96
12 99
12 60
12 62
12 101
12 115
12 64
12 102
12 65
12 103
12 123
13 104
13 68
13 69
13 71
13 14
13 74
13 17
13 116
13 77
13 78
13 21
13 125
13 118
13 22
13 81
13 23
13 24
13 126
13 26
13 28
13 30
13 32
13 34
13 88
13 39
13 40
13 41
13 90
13 48
13 127
13 93
13 52
13 53
13 55
13 98
13 99
13 60
13 62
13 122
13 102
13 123
14 104
14 68
14 105
14 70
14 71
14 72
14 15
14 75
14 16
14 17
14 116
14 18
14 76
14 77
14 78
14 19
14 20
14 81
14 24
14 126
14 26
14 82
14 83
14 27
14 28
14 30
14 84
14 32
14 33
14 85
14 86
14 87
14 39
14 41
14 42
14 43
14 120
14 90
14 44
14 45
14 91
14 47
14 49
14 109
14 51
14 92
14 54
14 55
14 57
14 113
14 58
14 96
14 99
14 60
14 62
14 122
14 115
14 64
14 66
14 123
14 100
14 56
14 67
14 48
14 80
14 38
14 98
15 104
15 69
15 70
15 71
15 72
15 74
15 116
15 76
15 78
15 19
15 20
15 21
15 117
15 125
15 22
15 81
15 24
15 126
15 27
15 30
15 31
15 32
15 34
15 36
15 87
15 37
15 88
15 40
15 107
15 91
15 108
15 47
15 49
15 109
15 51
15 52
15 55
15 111
15 57
15 94
15 112
15 113
15 58
15 96
15 97
15 98
15 60
15 62
15 114
15 63
15 101
15 115
15 64
15 102
15 66
16 68
16 106
16 73
16 74
16 75
16 18
16 76
16 77
16 78
16 19
16 117
16 79
16 118
16 24
16 25
16 82
16 84
16 31
16 36
16 38
16 39
16 41
16 90
16 44
16 45
16 46
16 124
16 47
16 49
16 121
16 127
16 50
16 51
16 92
16 93
16 53
16 54
16 55
16 110
16 111
16 94
16 98
16 99
16 59
16 61
16 114
16 63
16 101
16 64
16 102
16 123
17 104
17 69
17 106
17 71
17 72
17 73
17 75
17 116
17 18
17 76
17 77
17 19
17 79
17 118
17 22
17 81
17 23
17 126
17 83
17 27
17 29
17 30
17 84
17 32
17 33
17 85
17 35
17 41
17 43
17 120
17 90
17 91
17 108
17 47
17 49
17 121
17 51
17 92
17 93
17 54
17 111
17 94
17 112
17 113
17 96
17 97
17 98
17 59
17 60
17 114
17 122
17 64
17 103
17 66
17 123
17 100
17 56
17 67
17 48
17 80
17 38
18 69
18 70
18 106
18 73
18 75
18 116
18 78
18 19
18 20
18 79
18 118
18 81
18 126
18 26
18 82
18 83
18 29
18 30
18 84
18 32
18 33
18 34
18 85
18 86
18 119
18 37
18 89
18 39
18 40
18 41
18 42
18 107
18 43
18 120
18 108
18 47
18 109
18 127
18 50
18 51
18 93
18 54
18 55
18 110
18 94
18 113
18 95
18 97
18 98
18 59
18 60
18 100
18 61
18 114
18 122
18 63
18 101
18 115
18 64
18 102
18 65
18 103
18 66
18 123
18 56
18 67
18 48
18 49
18 80
18 38
19 104
19 70
19 106
19 71
19 72
19 73
19 74
19 77
19 78
19 20
19 117
19 79
19 125
19 118
19 22
19 81
19 23
19 126
19 82
19 27
19 28
19 30
19 32
19 35
19 36
19 119
19 87
19 38
19 40
19 41
19 42
19 107
19 43
19 91
19 46
19 108
19 47
19 48
19 49
19 109
19 121
19 127
19 51
19 92
19 52
19 55
19 111
19 57
19 94
19 112
19 58
19 96
19 60
19 62
19 122
19 63
19 101
19 102
19 65
19 66
19 123
19 100
19 56
19 67
19 80
19 98
20 68
20 106
20 73
20 76
20 77
20 79
20 125
20 118
20 22
20 81
20 24
20 25
20 126
20 26
20 82
20 83
20 28
20 31
20 32
20 35
20 86
20 36
20 38
20 39
20 107
20 44
20 46
20 124
20 108
20 47
20 48
20 49
20 127
20 51
20 92
20 52
20 53
20 55
20 110
20 94
20 112
20 59
20 61
20 62
20 63
20 64
20 102
20 65
20 123
20 67
21 76
21 77
21 78
21 125
21 126
21 26
21 83
21 29
21 30
21 31
21 33
21 34
21 85
21 35
21 119
21 37
21 88
21 89
21 38
21 39
21 40
21 107
21 43
21 120
21 91
21 124
21 47
21 48
21 109
21 121
21 50
21 52
21 53
21 54
21 55
21 111
21 57
21 94
21 112
21 113
21 58
21 97
21 98
21 60
21 100
21 61
21 101
21 103
22 69
22 105
22 106
22 73
22 74
22 116
22 76
22 77
22 78
22 117
22 79
22 125
22 81
22 23
22 24
22 26
22 82
22 29
22 30
22 84
22 32
22 34
22 85
22 119
22 37
22 38
22 39
22 40
22 107
22 43
22 120
22 90
22 44
22 91
22 46
22 48
22 49
22 109
22 127
22 50
22 51
22 92
22 93
22 54
22 55
22 111
22 94
22 113
22 58
22 95
22 96
22 59
22 61
22 62
22 114
22 64
22 102
22 66
23 69
23 105
23 71
23 72
23 116
23 77
23 78
23 117
23 125
23 118
23 80
23 24
23 126
23 82
23 83
23 27
23 28
23 84
23 31
23 32
23 34
23 85
23 119
23 89
23 38
23 40
23 41
23 120
23 90
23 44
23 45
23 91
23 108
23 109
23 121
23 127
23 50
23 51
23 93
23 52
23 53
23 54
23 55
23 110
23 56
23 94
23 112
23 58
23 96
23 98
23 59
23 61
23 62
23 114
23 122
23 101
23 115
23 64
23 66
23 67
24 105
24 70
24 72
24 73
24 116
24 76
24 78
24 79
24 125
24 118
24 25
24 82
24 27
24 28
24 32
24 33
24 34
24 85
24 35
24 86
24 36
24 39
24 41
24 42
24 107
24 120
24 44
24 48
24 109
24 127
24 93
24 53
24 54
24 111
24 94
24 112
24 95
24 98
24 59
24 61
24 114
24 101
24 64
24 65
24 103
24 123
25 81
25 104
25 69
25 106
25 71
25 72
25 75
25 116
25 76
25 79
25 125
25 80
25 26
25 82
25 28
25 31
25 32
25 34
25 35
25 86
25 119
25 37
25 39
25 107
25 43
25 120
25 90
25 46
25 124
25 108
25 109
25 121
25 127
25 52
25 55
25 110
25 94
25 112
25 113
25 58
25 95
25 60
25 100
25 61
25 114
25 63
25 101
25 64
25 65
25 123
26 81
26 104
26 105
26 70
26 71
26 72
26 75
26 76
26 77
26 79
26 118
26 82
26 28
26 29
26 31
26 32
26 33
26 85
26 36
26 119
26 87
26 89
26 38
26 39
26 40
26 41
26 43
26 120
26 90
26 45
26 46
26 108
26 109
26 51
26 92
26 93
26 52
26 54
26 55
26 110
26 56
26 111
26 57
26 94
26 112
26 113
26 96
26 98
26 99
26 114
26 122
26 63
26 115
26 64
26 102
26 103
26 123
27 81
27 104
27 68
27 69
27 106
27 74
27 76
27 117
27 125
27 118
27 126
27 82
27 83
27 29
27 84
27 31
27 32
27 33
27 85
27 35
27 36
27 119
27 87
27 37
27 39
27 41
27 42
27 107
27 43
27 90
27 44
27 45
27 91
27 108
27 49
27 109
27 127
27 50
27 54
27 110
27 56
27 57
27 94
27 113
27 95
27 98
27 59
27 61
27 122
27 63
27 115
27 102
27 65
27 66
27 123
27 67
28 81
28 68
28 105
28 106
28 73
28 75
28 116
28 76
28 77
28 82
28 29
28 84
28 34
28 86
28 36
28 119
28 87
28 37
28 88
28 40
28 107
28 120
28 44
28 91
28 46
28 124
28 48
28 121
28 50
28 93
28 53
28 110
28 111
28 57
28 94
28 112
28 113
28 58
28 99
28 59
28 114
28 101
28 115
28 102
28 65
29 68
29 70
29 72
29 74
29 75
29 116
29 79
29 125
29 80
29 33
29 85
29 119
29 87
29 89
29 38
29 40
29 42
29 120
29 44
29 45
29 124
29 121
29 127
29 93
29 111
29 57
29 112
29 113
29 58
29 96
29 97
29 98
29 59
29 60
29 114
29 122
29 64
29 65
29 103
29 66
30 68
30 70
30 71
30 75
30 76
30 77
30 78
30 117
30 79
30 118
30 82
30 83
30 84
30 31
30 33
30 34
30 85
30 35
30 119
30 87
30 37
30 88
30 40
30 42
30 90
30 47
30 49
30 51
30 92
30 53
30 54
30 55
30 57
30 94
30 112
30 113
30 58
30 96
30 97
30 98
30 99
30 60
30 100
30 62
30 114
30 63
30 115
30 64
30 102
30 65
31 69
31 105
31 70
31 71
31 73
31 76
31 78
31 117
31 79
31 125
31 126
31 82
31 83
31 34
31 85
31 35
31 86
31 119
31 37
31 88
31 40
31 41
31 42
31 43
31 90
31 44
31 45
31 108
31 121
31 50
31 93
31 53
31 54
31 55
31 110
31 56
31 57
31 94
31 112
31 58
31 95
31 96
31 59
31 61
31 114
31 122
31 115
31 64
31 102
31 66
32 81
32 68
32 105
32 106
32 71
32 73
32 74
32 75
32 78
32 117
32 118
32 80
32 83
32 34
32 85
32 119
32 87
32 88
32 38
32 39
32 42
32 107
32 43
32 120
32 90
32 47
32 49
32 51
32 53
32 110
32 111
32 57
32 94
32 112
32 96
32 97
32 60
32 100
32 122
32 101
32 115
32 64
32 103
32 123
32 56
32 67
32 48
32 98
33 104
33 105
33 75
33 76
33 77
33 78
33 79
33 125
33 84
33 34
33 85
33 86
33 36
33 87
33 88
33 39
33 40
33 41
33 42
33 107
33 43
33 45
33 91
33 124
33 108
33 47
33 49
33 121
33 127
33 50
33 51
33 92
33 55
33 56
33 94
33 112
33 58
33 96
33 98
33 59
33 60
33 122
33 64
33 102
33 123
34 81
34 68
34 69
34 106
34 71
34 73
34 75
34 117
34 125
34 118
34 82
34 83
34 84
34 35
34 36
34 119
34 37
34 38
34 39
34 41
34 46
34 47
34 48
34 49
34 109
34 121
34 127
34 50
34 51
34 92
34 53
34 112
34 113
34 58
34 59
34 100
34 62
34 122
34 63
34 115
34 103
34 66
34 67
35 104
35 68
35 105
35 74
35 76
35 77
35 78
35 125
35 126
35 82
35 83
35 84
35 85
35 86
35 87
35 37
35 41
35 43
35 90
35 45
35 91
35 46
35 124
35 48
35 127
35 50
35 51
35 53
35 54
35 55
35 56
35 94
35 96
35 98
35 59
35 60
35 62
35 63
35 101
35 65
36 104
36 70
36 71
36 72
36 73
36 74
36 75
36 76
36 78
36 117
36 79
36 80
36 85
36 88
36 89
36 38
36 39
36 40
36 120
36 46
36 108
36 48
36 49
36 127
36 50
36 53
36 54
36 55
36 111
36 94
36 112
36 113
36 58
36 95
36 96
36 59
36 64
36 66
36 123
36 67
37 81
37 68
37 105
37 106
37 71
37 75
37 76
37 77
37 78
37 117
37 79
37 125
37 80
37 82
37 83
37 84
37 85
37 38
37 39
37 41
37 43
37 120
37 90
37 45
37 108
37 47
37 127
37 50
37 51
37 92
37 54
37 55
37 110
37 56
37 57
37 96
37 61
37 62
37 114
37 101
37 115
37 64
37 102
37 65
37 66
37 67
38 81
38 104
38 70
38 74
38 116
38 76
38 117
38 118
38 80
38 82
38 84
38 85
38 119
38 87
38 88
38 40
38 107
38 43
38 120
38 44
38 45
38 124
38 47
38 127
38 50
38 92
38 93
38 53
38 57
38 94
38 113
38 97
38 59
38 100
38 62
38 114
38 101
38 115
38 64
38 102
38 66
38 123
38 60
38 56
38 67
38 48
38 49
38 98
39 69
39 106
39 71
39 73
39 74
39 75
39 116
39 78
39 117
39 126
39 82
39 83
39 84
39 85
39 119
39 87
39 88
39 41
39 42
39 43
39 90
39 44
39 91
39 108
39 48
39 109
39 121
39 127
39 51
39 93
39 52
39 55
39 56
39 57
39 94
39 112
39 95
39 96
39 97
39 60
39 62
39 114
39 115
39 66
39 123
39 67
40 81
40 69
40 70
40 71
40 72
40 75
40 77
40 117
40 79
40 125
40 118
40 80
40 126
40 82
40 83
40 84
40 86
40 88
40 41
40 42
40 107
40 120
40 44
40 45
40 46
40 124
40 47
40 109
40 50
40 51
40 92
40 93
40 52
40 55
40 110
40 111
40 57
40 98
40 59
40 100
40 61
40 62
40 63
40 101
40 64
40 102
40 65
40 123
40 67
41 104
41 68
41 69
41 106
41 71
41 74
41 75
41 116
41 78
41 117
41 79
41 83
41 86
41 119
41 87
41 88
41 89
41 42
41 107
41 43
41 120
41 90
41 44
41 45
41 108
41 109
41 121
41 127
41 50
41 92
41 93
41 52
41 54
41 55
41 110
41 57
41 94
41 112
41 95
41 96
41 97
41 98
41 99
41 60
41 61
41 122
41 63
41 101
41 115
41 65
41 103
42 104
42 68
42 69
42 72
42 73
42 76
42 78
42 125
42 80
42 126
42 82
42 83
42 84
42 85
42 119
42 89
42 120
42 46
42 124
42 108
42 121
42 51
42 52
42 110
42 111
42 57
42 94
42 58
42 95
42 96
42 60
42 100
42 62
42 102
42 103
42 66
43 81
43 104
43 68
43 69
43 105
43 70
43 71
43 72
43 73
43 75
43 79
43 80
43 83
43 84
43 119
43 87
43 88
43 107
43 120
43 90
43 44
43 91
43 46
43 108
43 47
43 48
43 121
43 92
43 52
43 54
43 110
43 57
43 113
43 95
43 59
43 60
43 114
43 122
43 63
43 101
43 64
43 103
43 66
43 123
43 100
43 56
43 67
43 49
43 98
44 81
44 104
44 105
44 106
44 71
44 72
44 73
44 74
44 76
44 77
44 78
44 79
44 125
44 86
44 87
44 89
44 120
44 90
44 47
44 48
44 109
44 121
44 127
44 92
44 93
44 52
44 53
44 55
44 111
44 57
44 112
44 113
44 98
44 99
44 59
44 60
44 100
44 62
44 122
44 63
44 64
44 65
44 67
45 81
45 104
45 69
45 70
45 71
45 72
45 74
45 77
45 117
45 79
45 118
45 83
45 85
45 86
45 119
45 88
45 89
45 107
45 90
45 46
45 124
45 48
45 109
45 50
45 51
45 92
45 55
45 111
45 57
45 95
45 96
45 59
45 60
45 100
45 61
45 114
45 101
45 115
45 64
45 102
45 103
45 123
46 104
46 105
46 70
46 106
46 71
46 72
46 116
46 78
46 79
46 118
46 82
46 83
46 85
46 86
46 119
46 87
46 88
46 89
46 107
46 120
46 91
46 124
46 47
46 109
46 121
46 92
46 93
46 52
46 54
46 55
46 111
46 94
46 112
46 113
46 96
46 97
46 98
46 61
46 114
46 122
46 63
46 115
46 64
46 65
46 67
47 104
47 68
47 69
47 70
47 106
47 72
47 74
47 77
47 117
47 118
47 80
47 126
47 82
47 83
47 86
47 119
47 87
47 88
47 89
47 91
47 108
47 48
47 49
47 109
47 121
47 57
47 58
47 95
47 97
47 60
47 100
47 62
47 101
47 64
47 65
47 66
47 123
47 67
47 56
47 98
48 68
48 105
48 106
48 72
48 74
48 79
48 125
48 126
48 84
48 85
48 87
48 88
48 89
48 91
48 108
48 49
48 127
48 50
48 51
48 55
48 94
48 113
48 96
48 59
48 62
48 114
48 101
48 115
48 66
48 67
48 60
48 100
48 56
48 80
48 98
49 81
49 104
49 70
49 71
49 72
49 73
49 76
49 77
49 117
49 80
49 82
49 84
49 86
49 119
49 88
49 107
49 90
49 121
49 92
49 53
49 56
49 111
49 94
49 112
49 97
49 98
49 99
49 59
49 60
49 62
49 115
49 102
49 67
49 100
50 104
50 69
50 105
50 70
50 71
50 72
50 73
50 116
50 118
50 80
50 82
50 83
50 84
50 85
50 86
50 119
50 87
50 89
50 120
50 90
50 91
50 124
50 109
50 127
50 92
50 52
50 54
50 110
50 56
50 112
50 58
50 96
50 60
50 61
50 62
50 122
50 115
50 64
50 102
50 103
50 66
50 123
51 81
51 104
51 69
51 70
51 71
51 76
51 79
51 125
51 118
51 80
51 82
51 85
51 87
51 89
51 107
51 91
51 108
51 109
51 121
51 127
51 92
51 53
51 54
51 110
51 56
51 111
51 57
51 94
51 113
51 97
51 62
51 114
51 63
51 101
51 64
51 102
51 65
52 104
52 105
52 70
52 71
52 72
52 74
52 77
52 78
52 117
52 79
52 125
52 118
52 80
52 82
52 85
52 119
52 87
52 88
52 107
52 90
52 91
52 108
52 55
52 110
52 94
52 112
52 113
52 58
52 96
52 97
52 99
52 61
52 62
52 114
52 122
52 63
52 64
52 103
52 123
52 67
53 81
53 69
53 105
53 71
53 72
53 74
53 117
53 79
53 125
53 80
53 126
53 85
53 86
53 119
53 87
53 89
53 120
53 91
53 124
53 108
53 109
53 127
53 93
53 54
53 55
53 56
53 111
53 112
53 113
53 58
53 96
53 99
53 60
53 61
53 114
53 63
53 115
53 64
53 103
53 66
53 123
54 81
54 68
54 71
54 74
54 116
54 77
54 117
54 79
54 125
54 118
54 126
54 83
54 84
54 86
54 119
54 88
54 107
54 120
54 91
54 124
54 108
54 109
54 121
54 92
54 111
54 112
54 113
54 58
54 95
54 97
54 60
54 100
54 61
54 62
54 63
54 102
54 103
54 66
55 81
55 69
55 105
55 106
55 71
55 72
55 73
55 116
55 76
55 117
55 79
55 83
55 84
55 85
55 88
55 89
55 120
55 91
55 124
55 109
55 121
55 92
55 110
55 111
55 94
55 112
55 58
55 95
55 97
55 99
55 60
55 61
55 62
55 122
55 115
55 64
55 65
55 67
56 81
56 69
56 70
56 106
56 74
56 116
56 77
56 117
56 125
56 80
56 126
56 82
56 83
56 84
56 87
56 88
56 107
56 90
56 124
56 109
56 93
56 110
56 111
56 57
56 94
56 98
56 99
56 100
56 65
56 103
56 123
56 60
56 67
57 81
57 69
57 72
57 74
57 75
57 116
57 117
57 125
57 80
57 82
57 83
57 84
57 119
57 88
57 90
57 109
57 127
57 92
57 110
57 111
57 94
57 112
57 96
57 98
57 59
57 60
57 61
57 62
57 122
57 63
57 101
57 115
57 102
57 65
57 123
58 81
58 68
58 69
58 106
58 71
58 73
58 74
58 75
58 79
58 118
58 80
58 82
58 84
58 85
58 86
58 88
58 89
58 107
58 120
58 90
58 91
58 124
58 108
58 109
58 127
58 92
58 95
58 96
58 98
58 59
58 62
58 114
58 122
58 63
58 102
58 66
58 123
59 104
59 68
59 105
59 70
59 71
59 72
59 73
59 77
59 78
59 117
59 118
59 83
59 84
59 86
59 119
59 89
59 91
59 124
59 109
59 121
59 93
59 94
59 113
59 96
59 97
59 99
59 61
59 122
59 101
59 102
59 65
60 81
60 70
60 72
60 73
60 78
60 79
60 83
60 84
60 119
60 88
60 91
60 124
60 121
60 127
60 92
60 93
60 110
60 111
60 112
60 96
60 97
60 100
60 62
60 122
60 115
60 102
60 65
60 103
60 123
60 67
60 80
60 98
61 104
61 68
61 70
61 72
61 74
61 116
61 77
61 125
61 126
61 83
61 119
61 87
61 88
61 89
61 107
61 91
61 124
61 108
61 93
61 110
61 111
61 94
61 112
61 113
61 95
61 98
61 99
61 62
61 122
61 63
61 101
61 115
61 102
61 65
61 66
61 123
61 67
62 81
62 104
62 68
62 105
62 70
62 73
62 74
62 116
62 76
62 77
62 125
62 118
62 126
62 83
62 84
62 85
62 86
62 119
62 87
62 88
62 107
62 120
62 90
62 108
62 109
62 127
62 110
62 94
62 96
62 99
62 100
62 122
62 63
62 102
62 123
63 81
63 69
63 105
63 106
63 71
63 75
63 77
63 79
63 126
63 82
63 83
63 85
63 119
63 88
63 120
63 90
63 91
63 108
63 109
63 127
63 92
63 93
63 111
63 113
63 95
63 96
63 114
63 115
63 64
63 65
63 66
64 81
64 104
64 68
64 69
64 105
64 70
64 71
64 73
64 75
64 76
64 78
64 79
64 125
64 118
64 126
64 82
64 85
64 119
64 87
64 107
64 90
64 91
64 109
64 127
64 93
64 111
64 113
64 95
64 97
64 98
64 100
64 115
64 65
64 66
64 67
65 81
65 104
65 70
65 73
65 74
65 75
65 76
65 77
65 78
65 117
65 125
65 118
65 80
65 83
65 85
65 119
65 87
65 88
65 107
65 120
65 90
65 91
65 108
65 109
65 121
65 93
65 94
65 113
65 95
65 98
65 99
65 114
65 115
66 81
66 104
66 69
66 105
66 106
66 71
66 72
66 73
66 77
66 78
66 117
66 79
66 125
66 80
66 126
66 87
66 89
66 107
66 90
66 124
66 109
66 92
66 110
66 94
66 95
66 114
66 122
66 101
66 115
67 104
67 105
67 106
67 71
67 116
67 76
67 79
67 125
67 118
67 82
67 87
67 107
67 120
67 90
67 91
67 108
67 109
67 121
67 92
67 111
67 112
67 113
67 101
67 102
67 123
67 100
67 80
67 98
68 104
68 105
68 70
68 73
68 74
68 116
68 76
68 77
68 78
68 117
68 125
68 118
68 80
68 126
68 82
68 119
68 87
68 120
68 108
68 109
68 127
68 92
68 93
68 110
68 112
68 113
68 95
68 96
68 100
68 114
68 122
68 115
68 103
68 123
69 81
69 70
69 74
69 125
69 126
69 83
69 120
69 90
69 93
69 94
69 95
69 103
69 116
69 78
69 117
69 79
69 84
69 85
69 121
69 92
69 113
69 97
69 114
69 101
69 115
70 104
70 105
70 106
70 78
70 117
70 79
70 125
70 118
70 80
70 82
70 84
70 85
70 86
70 87
70 88
70 89
70 90
70 121
70 93
70 110
70 94
70 112
70 113
70 95
70 96
70 97
70 114
70 115
70 103
71 76
71 88
71 90
71 124
71 108
71 93
71 110
71 102
71 78
71 117
71 79
71 80
71 85
71 86
71 87
71 91
71 109
71 111
71 113
71 99
71 100
71 114
71 122
71 115
71 123
72 104
72 105
72 106
72 73
72 74
72 75
72 116
72 76
72 78
72 117
72 79
72 126
72 82
72 83
72 84
72 85
72 86
72 119
72 87
72 90
72 108
72 110
72 111
72 94
72 95
72 96
72 122
72 115
72 103
73 76
73 83
73 119
73 88
73 107
73 120
73 124
73 108
73 93
73 110
73 95
73 102
73 103
73 87
73 89
73 92
73 111
73 112
73 96
73 99
73 100
73 122
73 101
73 115
74 104
74 105
74 116
74 76
74 78
74 125
74 80
74 126
74 83
74 86
74 87
74 120
74 90
74 109
74 127
74 111
74 94
74 96
74 97
74 99
74 122
74 101
74 103
74 123
75 81
75 105
75 76
75 125
75 82
75 83
75 119
75 120
75 90
75 93
75 102
75 78
75 117
75 118
75 80
75 84
75 86
75 87
75 89
75 91
75 109
75 111
75 112
75 97
75 100
75 122
75 123
76 81
76 104
76 116
76 78
76 79
76 118
76 80
76 82
76 86
76 119
76 87
76 88
76 89
76 124
76 108
76 109
76 92
76 111
76 96
76 97
76 99
76 103
76 123
77 104
77 117
77 79
77 80
77 84
77 87
77 88
77 107
77 90
77 91
77 124
77 127
77 93
77 113
77 95
77 96
77 97
77 100
77 114
77 101
77 102
78 81
78 82
78 83
78 88
78 120
78 110
78 95
78 102
78 106
78 116
78 117
78 118
78 84
78 85
78 86
78 87
78 91
78 109
78 92
78 112
78 97
78 100
78 114
78 122
79 81
79 83
79 88
79 120
79 90
79 124
79 94
79 98
79 102
79 103
79 118
79 80
79 87
79 89
79 109
79 112
79 100
79 114
79 122
79 101
79 115
80 119
80 124
80 110
80 98
80 102
80 84
80 121
80 127
80 92
80 97
80 99
80 101
80 123
80 100
81 104
81 105
81 106
81 82
81 119
81 107
81 120
81 90
81 124
81 108
81 109
81 121
81 92
81 93
81 112
81 100
81 114
81 101
81 102
81 123
82 104
82 117
82 85
82 86
82 119
82 87
82 107
82 90
82 124
82 108
82 121
82 127
82 93
82 110
82 111
82 94
82 95
82 97
82 98
82 114
82 103
83 104
83 105
83 125
83 126
83 106
83 85
83 86
83 87
83 88
83 107
83 124
83 109
83 121
83 92
83 111
83 94
83 112
83 95
83 97
83 98
83 99
83 100
83 102
83 103
84 126
84 88
84 124
84 93
84 94
84 95
84 102
84 103
84 116
84 85
84 87
84 109
84 92
84 111
84 122
84 115
85 105
85 126
85 107
85 90
85 124
85 108
85 103
85 117
85 118
85 86
85 91
85 121
85 112
85 113
85 96
85 97
85 100
85 114
85 122
85 101
86 105
86 126
86 119
86 107
86 120
86 124
86 110
86 95
86 106
86 117
86 87
86 121
86 127
86 92
86 113
86 96
86 99
86 114
86 122
86 101
87 105
87 126
87 119
87 88
87 120
87 90
87 124
87 108
87 110
87 94
87 95
87 102
87 106
87 116
87 118
87 89
87 91
87 109
87 121
87 127
87 112
87 113
87 97
87 99
87 101
87 115
87 123
88 104
88 105
88 125
88 126
88 119
88 116
88 89
88 107
88 91
88 108
88 109
88 121
88 127
88 92
88 93
88 111
88 94
88 112
88 113
88 95
88 96
88 97
88 122
88 101
88 115
88 102
88 123
89 124
89 108
89 95
89 102
89 116
89 118
89 91
89 121
89 111
89 113
89 96
89 99
89 114
89 122
89 115
90 104
90 107
90 120
90 116
90 117
90 118
90 124
90 108
90 121
90 127
90 92
90 111
90 112
90 113
90 95
90 99
90 100
90 114
90 122
90 101
90 102
90 103
91 125
91 126
91 119
91 107
91 120
91 124
91 110
91 95
91 98
91 103
91 106
91 116
91 117
91 118
91 109
91 121
91 127
91 111
91 112
91 96
91 100
91 101
92 105
92 125
92 119
92 124
92 93
92 110
92 95
92 98
92 102
92 103
92 116
92 109
92 127
92 99
93 104
93 105
93 125
93 107
93 121
93 127
93 110
93 112
93 113
93 97
93 114
93 101
93 115
93 103
94 104
94 105
94 126
94 124
94 106
94 116
94 118
94 109
94 121
94 112
94 113
94 95
94 96
94 97
94 114
94 122
94 101
94 102
95 104
95 125
95 126
95 119
95 107
95 110
95 106
95 116
95 117
95 118
95 109
95 121
95 127
95 113
95 98
95 100
95 114
95 101
95 115
95 102
95 123
96 126
96 98
96 117
96 118
96 127
96 111
96 112
96 97
96 122
96 115
96 123
97 119
97 107
97 110
97 103
97 117
97 121
97 111
97 112
97 113
97 100
97 114
97 101
98 104
98 105
98 126
98 107
98 124
98 108
98 106
98 117
98 109
98 99
98 114
98 115
98 100
99 105
99 125
99 107
99 120
99 124
99 102
99 109
99 111
99 115
99 123
100 126
100 124
100 110
100 102
100 106
100 111
100 112
100 113
100 101
100 115
101 105
101 125
101 110
101 102
101 116
101 122
102 104
102 126
102 119
102 120
102 106
102 116
102 118
102 109
102 121
102 127
102 111
102 112
102 114
102 103
103 104
103 105
103 126
103 107
103 108
103 110
103 106
103 116
103 118
103 109
103 121
103 114
103 115
104 105
104 125
104 126
104 119
104 107
104 120
104 124
104 108
104 110
105 106
105 116
105 125
105 118
105 119
105 107
105 120
105 124
105 109
105 127
105 112
105 113
105 114
105 122
105 115
105 123
106 120
106 124
106 108
106 110
106 116
106 117
106 118
106 121
106 127
107 125
107 126
107 119
107 116
107 117
107 120
107 124
107 108
107 127
107 111
107 113
107 114
108 126
108 117
108 109
108 127
108 122
109 125
109 126
109 117
109 112
109 114
109 122
109 115
110 119
110 120
110 124
110 117
110 118
110 127
110 114
110 123
111 125
111 120
111 124
111 121
111 127
111 112
111 114
111 115
111 123
112 126
112 119
112 120
112 124
112 116
112 117
112 118
112 121
112 115
113 126
113 119
113 120
113 124
113 116
113 114
113 122
113 115
114 125
114 126
114 120
114 118
114 123
115 125
115 120
115 121
115 127
115 122
116 125
116 119
116 117
116 118
116 127
116 122
117 125
117 120
117 118
117 121
117 127
118 121
119 125
119 126
119 121
119 127
119 123
120 124
121 125
121 127
121 122
121 123
122 124
122 127
124 125
124 126
124 127
125 126
