0 1
0 2
0 3
0 4
0 5
0 6
0 7
0 8
0 9
0 10
0 11
0 12
0 13
0 14
0 15
0 16
0 17
0 18
0 19
0 20
0 21
0 22
0 23
0 24
0 25
0 26
0 27
0 28
0 29
0 30
0 31
0 32
0 33
0 34
0 35
0 36
0 37
0 38
0 39
0 40
0 41
0 42
0 43
0 44
0 45
0 46
0 48
0 49
0 50
0 51
0 52
0 53
0 54
0 55
0 56
1 3
1 57
1 58
1 59
1 6
1 7
1 60
1 61
1 62
1 10
1 12
1 63
1 64
1 65
1 14
1 15
1 66
1 17
1 67
1 19
1 68
1 20
1 21
1 22
1 69
1 70
1 71
1 26
1 27
1 72
1 73
1 74
1 29
1 31
1 75
1 76
1 77
1 78
1 40
1 79
1 80
1 81
1 82
1 83
1 43
1 84
1 85
1 45
1 46
1 49
1 50
1 53
1 86
1 55
2 3
2 87
2 88
2 89
2 57
2 4
2 90
2 58
2 59
2 6
2 7
2 60
2 61
2 8
2 62
2 10
2 12
2 91
2 13
2 65
2 92
2 15
2 66
2 93
2 67
2 18
2 19
2 20
2 94
2 95
2 69
2 25
2 96
2 26
2 27
2 97
2 28
2 29
2 30
2 31
2 33
2 34
2 98
2 78
2 99
2 100
2 37
2 101
2 38
2 39
2 102
2 79
2 81
2 82
2 103
2 104
2 42
2 105
2 44
2 106
2 47
2 50
2 107
2 52
2 86
2 108
2 55
2 56
2 117
2 32
2 63
2 113
2 125
3 109
3 87
3 88
3 4
3 90
3 58
3 5
3 110
3 7
3 60
3 8
3 9
3 62
3 10
3 12
3 91
3 13
3 64
3 14
3 111
3 15
3 17
3 93
3 67
3 19
3 20
3 94
3 24
3 112
3 96
3 71
3 26
3 97
3 35
3 36
3 78
3 99
3 100
3 37
3 113
3 101
3 38
3 79
3 114
3 103
3 104
3 41
3 83
3 105
3 44
3 85
3 45
3 46
3 48
3 49
3 51
3 115
3 116
3 54
3 108
3 56
4 87
4 89
4 57
4 5
4 59
4 6
4 8
4 9
4 62
4 10
4 11
4 12
4 91
4 64
4 92
4 117
4 16
4 66
4 17
4 18
4 68
4 20
4 94
4 21
4 95
4 69
4 25
4 112
4 26
4 97
4 28
4 74
4 29
4 76
4 33
4 77
4 34
4 118
4 98
4 35
4 36
4 78
4 100
4 37
4 113
4 38
4 39
4 102
4 81
4 114
4 103
4 119
4 41
4 42
4 105
4 44
4 84
4 106
4 45
4 49
4 120
4 51
4 52
4 53
4 115
4 86
4 54
4 55
4 32
4 63
4 96
4 125
4 47
5 88
5 59
5 121
5 7
5 62
5 11
5 12
5 91
5 122
5 13
5 64
5 111
5 15
5 66
5 93
5 67
5 18
5 94
5 21
5 23
5 95
5 69
5 112
5 96
5 26
5 72
5 75
5 32
5 123
5 35
5 37
5 113
5 38
5 39
5 102
5 82
5 119
5 106
5 45
5 46
5 50
5 52
5 115
5 86
5 55
6 87
6 89
6 121
6 110
6 60
6 61
6 8
6 9
6 10
6 91
6 63
6 13
6 65
6 14
6 92
6 15
6 66
6 93
6 67
6 19
6 94
6 21
6 22
6 95
6 25
6 112
6 96
6 71
6 27
6 73
6 29
6 124
6 75
6 32
6 76
6 33
6 77
6 34
6 123
6 36
6 99
6 100
6 101
6 38
6 40
6 81
6 82
6 125
6 103
6 119
6 41
6 42
6 106
6 45
6 120
6 50
6 107
6 52
6 53
6 116
6 86
6 108
6 55
6 57
6 117
6 59
6 113
6 47
7 57
7 90
7 61
7 8
7 9
7 11
7 12
7 91
7 63
7 122
7 64
7 16
7 93
7 19
7 24
7 95
7 126
7 25
7 112
7 70
7 71
7 26
7 73
7 28
7 74
7 29
7 124
7 31
7 75
7 32
7 33
7 77
7 34
7 127
7 118
7 98
7 35
7 78
7 37
7 113
7 38
7 39
7 102
7 79
7 80
7 82
7 125
7 103
7 104
7 119
7 42
7 105
7 44
7 84
7 45
7 46
7 48
7 49
7 50
7 107
7 52
7 53
7 116
7 86
7 56
8 87
8 88
8 89
8 57
8 58
8 121
8 60
8 9
8 10
8 12
8 122
8 13
8 64
8 65
8 92
8 16
8 93
8 18
8 68
8 21
8 22
8 23
8 126
8 69
8 96
8 71
8 26
8 72
8 97
8 28
8 30
8 75
8 76
8 77
8 34
8 118
8 123
8 98
8 78
8 99
8 100
8 37
8 39
8 40
8 79
8 81
8 114
8 82
8 41
8 42
8 43
8 105
8 106
8 46
8 47
8 48
8 49
8 107
8 52
8 53
8 86
8 55
8 56
8 117
8 59
8 32
8 95
8 63
8 38
8 113
8 125
9 57
9 58
9 59
9 60
9 61
9 62
9 10
9 11
9 12
9 122
9 13
9 64
9 14
9 15
9 117
9 16
9 66
9 18
9 20
9 94
9 23
9 69
9 25
9 26
9 72
9 73
9 97
9 28
9 29
9 31
9 76
9 33
9 77
9 34
9 123
9 98
9 35
9 78
9 100
9 101
9 39
9 102
9 80
9 114
9 82
9 103
9 104
9 41
9 42
9 83
9 44
9 85
9 46
9 49
9 120
9 51
9 116
9 86
9 54
9 108
9 55
9 56
10 109
10 87
10 89
10 90
10 58
10 110
10 60
10 62
10 12
10 63
10 65
10 14
10 92
10 117
10 16
10 66
10 93
10 67
10 19
10 68
10 20
10 94
10 22
10 95
10 112
10 96
10 70
10 27
10 72
10 97
10 28
10 75
10 127
10 118
10 98
10 35
10 78
10 37
10 113
10 101
10 38
10 102
10 80
10 81
10 103
10 104
10 41
10 42
10 83
10 105
10 84
10 106
10 47
10 48
10 49
10 50
10 107
10 52
10 53
10 115
10 54
10 55
10 57
10 59
10 32
10 125
11 109
11 88
11 89
11 58
11 59
11 121
11 110
11 60
11 13
11 64
11 65
11 92
11 111
11 15
11 66
11 17
11 93
11 67
11 18
11 94
11 25
11 96
11 70
11 26
11 72
11 73
11 124
11 75
11 76
11 33
11 77
11 127
11 35
11 78
11 99
11 37
11 38
11 39
11 40
11 102
11 80
11 103
11 42
11 83
11 106
11 48
11 49
11 50
11 51
11 52
11 53
11 115
11 116
11 86
11 54
11 56
12 109
12 57
12 59
12 62
12 91
12 63
12 122
12 13
12 65
12 15
12 16
12 66
12 68
12 20
12 94
12 23
12 95
12 126
12 70
12 26
12 27
12 74
12 124
12 32
12 34
12 127
12 123
12 98
12 35
12 99
12 37
12 39
12 79
12 119
12 42
12 105
12 85
12 45
12 47
12 48
12 52
12 53
12 115
12 54
13 109
13 87
13 88
13 89
13 57
13 58
13 59
13 121
13 110
13 60
13 61
13 62
13 91
13 63
13 122
13 64
13 65
13 92
13 117
13 17
13 93
13 18
13 94
13 24
13 69
13 96
13 70
13 71
13 27
13 73
13 74
13 29
13 124
13 75
13 32
13 33
13 77
13 127
13 118
13 35
13 36
13 78
13 37
13 101
13 102
13 82
13 103
13 104
13 41
13 42
13 43
13 44
13 106
13 46
13 48
13 49
13 50
13 51
13 52
13 53
13 115
13 86
13 54
13 108
13 55
14 87
14 58
14 121
14 110
14 60
14 63
14 122
14 64
14 92
14 111
14 15
14 117
14 66
14 17
14 93
14 67
14 18
14 68
14 94
14 21
14 22
14 24
14 25
14 70
14 26
14 74
14 30
14 32
14 33
14 77
14 127
14 123
14 98
14 35
14 36
14 37
14 113
14 40
14 102
14 103
14 42
14 83
14 44
14 84
14 46
14 48
14 50
14 52
14 53
14 115
14 86
14 108
14 55
14 56
15 109
15 88
15 57
15 59
15 121
15 110
15 60
15 61
15 62
15 63
15 64
15 92
15 111
15 117
15 66
15 93
15 67
15 18
15 19
15 68
15 21
15 24
15 95
15 112
15 70
15 72
15 97
15 28
15 31
15 75
15 32
15 76
15 77
15 35
15 36
15 78
15 99
15 37
15 101
15 40
15 102
15 79
15 80
15 81
15 125
15 103
15 104
15 41
15 44
15 84
15 106
15 85
15 46
15 48
15 120
15 50
15 51
15 107
15 108
16 87
16 88
16 57
16 58
16 59
16 110
16 60
16 64
16 92
16 17
16 93
16 18
16 19
16 94
16 22
16 23
16 25
16 71
16 26
16 72
16 73
16 28
16 29
16 30
16 31
16 75
16 33
16 118
16 37
16 101
16 39
16 40
16 79
16 80
16 114
16 82
16 125
16 104
16 119
16 41
16 42
16 44
16 84
16 106
16 48
16 115
16 54
16 108
16 55
17 109
17 57
17 58
17 59
17 61
17 62
17 64
17 65
17 92
17 111
17 117
17 66
17 93
17 67
17 18
17 19
17 68
17 20
17 94
17 23
17 25
17 71
17 27
17 124
17 31
17 75
17 32
17 76
17 33
17 34
17 127
17 78
17 100
17 114
17 103
17 119
17 83
17 105
17 84
17 85
17 45
17 48
17 120
17 51
17 107
17 52
17 115
17 54
17 108
18 109
18 57
18 58
18 121
18 60
18 65
18 92
18 111
18 66
18 19
18 20
18 94
18 22
18 126
18 69
18 96
18 70
18 26
18 27
18 72
18 97
18 28
18 74
18 29
18 124
18 30
18 32
18 118
18 123
18 36
18 78
18 99
18 101
18 39
18 102
18 80
18 81
18 114
18 103
18 83
18 43
18 44
18 84
18 45
18 46
18 120
18 50
18 51
18 52
18 53
18 54
18 108
18 55
18 56
19 109
19 88
19 89
19 58
19 59
19 63
19 65
19 111
19 66
19 93
19 67
19 68
19 20
19 94
19 21
19 126
19 25
19 112
19 96
19 71
19 26
19 97
19 29
19 30
19 75
19 76
19 33
19 127
19 78
19 99
19 100
19 113
19 101
19 40
19 102
19 79
19 80
19 114
19 82
19 125
19 103
19 104
19 41
19 44
19 84
19 106
19 85
19 47
19 51
19 107
19 116
19 54
20 88
20 89
20 57
20 90
20 58
20 121
20 110
20 60
20 91
20 63
20 92
20 111
20 68
20 21
20 22
20 23
20 24
20 69
20 71
20 26
20 73
20 29
20 124
20 30
20 31
20 32
20 76
20 34
20 123
20 98
20 35
20 78
20 99
20 100
20 37
20 101
20 38
20 79
20 82
20 104
20 41
20 83
20 105
20 48
20 49
20 50
20 51
20 115
20 86
20 54
20 55
20 56
21 87
21 88
21 57
21 58
21 59
21 62
21 65
21 66
21 93
21 94
21 22
21 23
21 25
21 112
21 96
21 71
21 26
21 27
21 73
21 28
21 74
21 124
21 32
21 76
21 33
21 77
21 98
21 35
21 78
21 99
21 100
21 37
21 38
21 39
21 102
21 80
21 125
21 42
21 83
21 43
21 105
21 84
21 45
21 49
21 50
21 52
21 53
21 115
21 116
21 54
22 89
22 58
22 60
22 61
22 63
22 64
22 111
22 117
22 66
22 93
22 67
22 94
22 23
22 24
22 26
22 73
22 97
22 28
22 74
22 124
22 30
22 75
22 33
22 77
22 34
22 98
22 35
22 36
22 78
22 99
22 100
22 40
22 102
22 80
22 81
22 114
22 82
22 103
22 104
22 41
22 42
22 83
22 43
22 105
22 84
22 106
22 85
22 46
22 49
22 120
22 50
22 51
22 52
22 116
22 86
22 108
23 109
23 87
23 89
23 57
23 59
23 61
23 91
23 63
23 64
23 92
23 111
23 117
23 67
23 94
23 24
23 126
23 25
23 112
23 96
23 26
23 27
23 28
23 33
23 77
23 127
23 118
23 123
23 98
23 35
23 36
23 78
23 99
23 100
23 39
23 40
23 102
23 79
23 81
23 82
23 119
23 83
23 43
23 105
23 84
23 106
23 85
23 45
23 47
23 49
23 50
23 51
23 52
23 53
23 115
23 116
23 86
23 55
23 56
24 109
24 88
24 58
24 121
24 110
24 61
24 62
24 63
24 64
24 65
24 66
24 93
24 94
24 95
24 112
24 27
24 72
24 73
24 28
24 29
24 124
24 75
24 32
24 76
24 33
24 127
24 118
24 123
24 35
24 36
24 78
24 99
24 100
24 101
24 38
24 39
24 102
24 79
24 80
24 81
24 104
24 41
24 42
24 83
24 48
24 49
24 50
24 51
24 107
24 115
24 116
24 86
24 55
24 56
25 89
25 58
25 121
25 60
25 91
25 63
25 92
25 111
25 117
25 67
25 68
25 94
25 96
25 97
25 29
25 124
25 30
25 31
25 32
25 33
25 98
25 99
25 100
25 101
25 39
25 40
25 102
25 79
25 103
25 43
25 105
25 44
25 85
25 45
25 47
25 49
25 53
25 115
25 86
25 54
25 108
25 55
26 109
26 89
26 57
26 90
26 110
26 60
26 91
26 111
26 66
26 93
26 95
26 69
26 71
26 27
26 72
26 97
26 28
26 74
26 29
26 124
26 30
26 31
26 75
26 32
26 77
26 34
26 118
26 98
26 36
26 113
26 101
26 39
26 102
26 79
26 80
26 81
26 119
26 41
26 42
26 43
26 105
26 106
26 45
26 46
26 49
26 107
26 53
26 86
26 54
26 108
26 56
27 87
27 89
27 58
27 121
27 61
27 62
27 63
27 64
27 111
27 117
27 93
27 67
27 69
27 112
27 96
27 73
27 97
27 74
27 29
27 124
27 75
27 76
27 33
27 34
27 98
27 36
27 99
27 100
27 39
27 40
27 102
27 80
27 81
27 114
27 103
27 119
27 42
27 83
27 105
27 44
27 84
27 106
27 85
27 45
27 48
27 49
27 120
27 53
27 115
27 86
27 108
27 56
28 87
28 89
28 59
28 121
28 91
28 63
28 122
28 65
28 92
28 67
28 68
28 126
28 69
28 70
28 72
28 74
28 31
28 75
28 32
28 76
28 34
28 127
28 123
28 78
28 99
28 101
28 39
28 40
28 102
28 79
28 80
28 82
28 125
28 104
28 119
28 42
28 43
28 105
28 106
28 85
28 45
28 47
28 120
28 50
28 115
28 116
28 54
28 108
29 109
29 57
29 90
29 58
29 59
29 110
29 61
29 91
29 65
29 111
29 68
29 94
29 96
29 71
29 72
29 73
29 74
29 124
29 30
29 31
29 75
29 76
29 33
29 77
29 34
29 127
29 118
29 98
29 35
29 37
29 39
29 40
29 102
29 80
29 103
29 104
29 119
29 41
29 42
29 83
29 105
29 44
29 84
29 106
29 48
29 120
29 50
29 51
29 107
29 52
29 53
29 115
29 108
29 56
30 109
30 88
30 89
30 110
30 60
30 61
30 62
30 91
30 64
30 65
30 117
30 66
30 68
30 95
30 69
30 71
30 72
30 73
30 124
30 32
30 76
30 33
30 34
30 127
30 123
30 35
30 36
30 78
30 99
30 100
30 37
30 113
30 38
30 39
30 40
30 102
30 79
30 80
30 114
30 82
30 103
30 104
30 119
30 41
30 43
30 105
30 106
30 46
30 48
30 49
30 120
30 50
30 51
30 107
30 52
30 115
30 86
30 54
30 108
30 56
31 88
31 89
31 57
31 90
31 121
31 110
31 62
31 122
31 92
31 111
31 93
31 67
31 94
31 95
31 126
31 71
31 72
31 73
31 74
31 75
31 76
31 33
31 98
31 36
31 37
31 38
31 39
31 40
31 102
31 103
31 42
31 83
31 43
31 44
31 84
31 85
31 46
31 48
31 49
31 120
31 50
31 53
31 86
31 55
32 109
32 88
32 89
32 58
32 59
32 121
32 61
32 122
32 64
32 117
32 93
32 95
32 112
32 96
32 71
32 72
32 97
32 124
32 76
32 123
32 35
32 37
32 101
32 40
32 81
32 125
32 104
32 119
32 42
32 83
32 85
32 46
32 107
32 86
32 55
32 56
32 106
32 52
32 57
32 63
32 38
32 113
32 47
33 87
33 89
33 57
33 90
33 58
33 59
33 61
33 64
33 66
33 93
33 67
33 126
33 112
33 70
33 72
33 97
33 74
33 124
33 75
33 77
33 34
33 118
33 98
33 35
33 78
33 100
33 37
33 113
33 39
33 79
33 104
33 41
33 42
33 85
33 48
33 49
33 120
33 50
33 51
33 108
33 55
34 87
34 90
34 59
34 121
34 60
34 61
34 62
34 63
34 122
34 64
34 117
34 93
34 67
34 94
34 126
34 69
34 96
34 72
34 124
34 127
34 118
34 123
34 98
34 36
34 100
34 39
34 80
34 114
34 125
34 103
34 41
34 42
34 83
34 43
34 106
34 46
34 107
34 52
34 115
34 116
34 54
34 108
34 56
35 57
35 58
35 62
35 91
35 65
35 92
35 111
35 117
35 67
35 68
35 94
35 95
35 126
35 69
35 96
35 71
35 74
35 124
35 75
35 77
35 127
35 123
35 98
35 36
35 37
35 40
35 79
35 114
35 103
35 104
35 119
35 41
35 42
35 43
35 44
35 84
35 106
35 85
35 46
35 48
35 49
35 51
35 52
35 53
35 116
35 108
35 56
36 90
36 58
36 61
36 91
36 122
36 64
36 65
36 92
36 66
36 67
36 126
36 69
36 96
36 71
36 76
36 77
36 127
36 123
36 98
36 99
36 100
36 37
36 39
36 80
36 81
36 114
36 82
36 125
36 119
36 41
36 42
36 43
36 105
36 44
36 84
36 85
36 45
36 46
36 50
36 107
36 53
36 86
36 54
36 108
36 55
36 56
37 109
37 89
37 57
37 58
37 59
37 121
37 60
37 61
37 62
37 91
37 122
37 64
37 92
37 111
37 112
37 70
37 72
37 73
37 97
37 77
37 118
37 98
37 99
37 100
37 101
37 102
37 80
37 81
37 82
37 125
37 119
37 41
37 83
37 43
37 105
37 44
37 85
37 46
37 48
37 120
37 50
37 52
37 53
37 116
37 54
38 109
38 87
38 88
38 57
38 58
38 121
38 62
38 91
38 63
38 64
38 65
38 111
38 67
38 68
38 126
38 69
38 112
38 70
38 74
38 124
38 75
38 127
38 118
38 123
38 98
38 99
38 102
38 125
38 103
38 104
38 119
38 83
38 105
38 44
38 45
38 47
38 120
38 51
38 54
38 108
38 55
38 81
38 106
38 89
38 42
38 52
38 117
38 59
38 95
38 96
38 113
39 87
39 89
39 57
39 59
39 110
39 60
39 63
39 64
39 111
39 67
39 68
39 94
39 69
39 96
39 70
39 71
39 72
39 124
39 75
39 76
39 127
39 118
39 123
39 78
39 99
39 100
39 113
39 101
39 102
39 79
39 81
39 82
39 125
39 103
39 83
39 43
39 44
39 84
39 106
39 45
39 46
39 47
39 48
39 107
39 115
39 86
39 55
40 109
40 89
40 58
40 60
40 62
40 91
40 122
40 64
40 65
40 111
40 93
40 94
40 95
40 69
40 71
40 124
40 75
40 77
40 127
40 123
40 78
40 99
40 113
40 102
40 79
40 82
40 103
40 119
40 43
40 44
40 84
40 85
40 46
40 120
40 50
40 51
40 107
40 52
40 53
40 115
40 116
40 108
40 55
41 109
41 90
41 63
41 64
41 117
41 67
41 68
41 126
41 69
41 112
41 70
41 72
41 75
41 77
41 118
41 123
41 98
41 78
41 99
41 100
41 102
41 114
41 82
41 103
41 104
41 83
41 43
41 105
41 48
41 49
41 120
41 51
41 52
41 115
41 54
41 56
42 109
42 89
42 58
42 59
42 121
42 110
42 61
42 122
42 64
42 65
42 117
42 93
42 67
42 68
42 94
42 126
42 72
42 75
42 76
42 118
42 78
42 99
42 100
42 101
42 80
42 81
42 114
42 125
42 103
42 104
42 83
42 43
42 106
42 85
42 46
42 47
42 48
42 49
42 120
42 50
42 52
42 53
42 116
42 55
42 57
42 95
42 63
42 96
42 113
43 89
43 90
43 59
43 110
43 60
43 63
43 122
43 65
43 66
43 67
43 94
43 126
43 96
43 71
43 73
43 124
43 75
43 76
43 118
43 98
43 78
43 100
43 101
43 102
43 79
43 114
43 104
43 119
43 44
43 85
43 45
43 46
43 48
43 49
43 120
43 50
43 51
43 107
43 52
43 53
43 54
43 55
43 56
44 57
44 110
44 122
44 64
44 65
44 111
44 117
44 67
44 94
44 95
44 126
44 96
44 71
44 72
44 73
44 97
44 74
44 75
44 127
44 118
44 98
44 78
44 99
44 100
44 101
44 102
44 80
44 114
44 82
44 125
44 103
44 104
44 83
44 105
44 106
44 120
44 53
44 54
44 108
44 55
45 109
45 57
45 58
45 61
45 63
45 92
45 111
45 93
45 68
45 94
45 95
45 112
45 96
45 70
45 71
45 72
45 73
45 97
45 124
45 77
45 118
45 98
45 100
45 101
45 102
45 80
45 81
45 82
45 125
45 104
45 119
45 105
45 84
45 106
45 85
45 49
45 51
45 107
45 115
45 116
45 54
45 55
46 109
46 89
46 57
46 90
46 58
46 59
46 110
46 91
46 122
46 64
46 65
46 92
46 117
46 69
46 96
46 70
46 72
46 124
46 75
46 127
46 123
46 98
46 100
46 80
46 114
46 82
46 103
46 104
46 119
46 85
46 48
46 49
46 51
46 53
46 115
46 54
46 108
47 88
47 90
47 59
47 121
47 64
47 92
47 94
47 126
47 112
47 124
47 75
47 127
47 100
47 101
47 80
47 114
47 82
47 125
47 103
47 105
47 84
47 106
47 85
47 51
47 115
47 54
47 81
47 55
47 89
47 52
47 57
47 117
47 95
47 63
47 96
47 113
48 89
48 57
48 58
48 121
48 110
48 61
48 63
48 64
48 111
48 66
48 93
48 67
48 95
48 126
48 112
48 70
48 73
48 97
48 75
48 77
48 123
48 98
48 78
48 99
48 113
48 101
48 79
48 80
48 114
48 103
48 104
48 119
48 83
48 84
48 106
48 85
48 49
48 52
48 53
48 55
49 87
49 88
49 57
49 58
49 60
49 61
49 91
49 63
49 122
49 64
49 111
49 93
49 67
49 68
49 126
49 69
49 96
49 70
49 71
49 72
49 73
49 97
49 74
49 75
49 118
49 113
49 80
49 81
49 114
49 82
49 103
49 106
49 53
49 55
50 109
50 87
50 57
50 58
50 59
50 121
50 60
50 62
50 63
50 122
50 64
50 111
50 117
50 66
50 68
50 95
50 112
50 70
50 71
50 72
50 97
50 118
50 123
50 98
50 100
50 102
50 80
50 114
50 82
50 125
50 119
50 83
50 105
50 106
50 120
50 53
50 108
50 55
51 109
51 90
51 59
51 121
51 61
51 62
51 63
51 64
51 117
51 66
51 67
51 94
51 126
51 69
51 96
51 71
51 97
51 124
51 75
51 76
51 118
51 123
51 78
51 99
51 100
51 79
51 80
51 81
51 114
51 104
51 119
51 83
51 106
51 85
51 120
51 52
51 115
51 54
51 108
51 56
52 109
52 87
52 88
52 89
52 58
52 59
52 121
52 60
52 62
52 91
52 63
52 65
52 111
52 117
52 67
52 95
52 126
52 69
52 112
52 70
52 71
52 75
52 77
52 127
52 123
52 100
52 113
52 101
52 79
52 81
52 114
52 82
52 125
52 103
52 83
52 105
52 84
52 106
52 107
52 53
52 54
52 55
52 57
52 96
53 109
53 57
53 90
53 121
53 61
53 91
53 63
53 64
53 92
53 117
53 66
53 67
53 68
53 94
53 95
53 126
53 112
53 96
53 70
53 72
53 73
53 77
53 127
53 98
53 78
53 101
53 102
53 80
53 114
53 82
53 125
53 103
53 104
53 85
53 115
53 54
53 56
54 58
54 59
54 110
54 60
54 62
54 122
54 111
54 66
54 93
54 94
54 69
54 112
54 71
54 73
54 97
54 74
54 127
54 118
54 100
54 101
54 102
54 79
54 80
54 114
54 82
54 103
54 107
54 108
54 56
55 88
55 89
55 57
55 58
55 121
55 110
55 62
55 91
55 63
55 64
55 92
55 111
55 117
55 93
55 68
55 94
55 95
55 112
55 97
55 74
55 124
55 75
55 123
55 78
55 113
55 101
55 81
55 82
55 125
55 103
55 104
55 83
55 105
55 84
55 106
55 85
55 107
55 116
55 108
55 56
55 59
55 96
56 109
56 89
56 58
56 121
56 110
56 62
56 122
56 64
56 65
56 92
56 111
56 117
56 66
56 67
56 68
56 94
56 96
56 70
56 72
56 97
56 124
56 75
56 76
56 77
56 123
56 101
56 102
56 81
56 114
56 82
56 125
56 103
56 119
56 83
56 120
56 115
56 116
56 86
57 109
57 88
57 58
57 59
57 91
57 63
57 122
57 64
57 92
57 111
57 117
57 94
57 95
57 126
57 69
57 112
57 70
57 73
57 124
57 75
57 76
57 118
57 99
57 100
57 113
57 101
57 80
57 114
57 82
57 125
57 84
57 106
57 120
57 107
57 86
57 81
57 89
57 96
58 59
58 91
58 65
58 67
58 68
58 94
58 97
58 75
58 127
58 99
58 80
58 104
58 84
58 106
58 85
58 116
58 87
58 89
58 69
58 112
58 70
58 73
58 123
58 113
58 79
58 105
58 107
58 115
59 109
59 89
59 110
59 60
59 61
59 122
59 117
59 67
59 95
59 69
59 71
59 73
59 77
59 118
59 78
59 99
59 101
59 104
59 119
59 106
59 85
59 120
59 116
59 108
59 81
59 63
59 96
59 113
59 125
60 88
60 62
60 91
60 66
60 67
60 94
60 97
60 74
60 75
60 77
60 127
60 99
60 114
60 125
60 104
60 119
60 106
60 85
60 116
60 108
60 89
60 61
60 122
60 111
60 93
60 126
60 112
60 71
60 73
60 123
60 113
60 81
60 83
60 105
61 88
61 121
61 63
61 92
61 68
61 95
61 75
61 77
61 127
61 101
61 125
61 84
61 85
61 116
61 87
61 110
61 122
61 69
61 112
61 70
61 71
61 73
61 124
61 76
61 98
61 100
61 79
61 81
61 83
61 105
61 107
62 109
62 88
62 121
62 89
62 110
62 91
62 63
62 64
62 111
62 117
62 93
62 67
62 95
62 69
62 71
62 73
62 97
62 77
62 127
62 118
62 78
62 99
62 101
62 79
62 80
62 81
62 82
62 125
62 104
62 119
62 105
62 106
62 115
62 86
63 109
63 87
63 89
63 64
63 111
63 66
63 95
63 126
63 112
63 96
63 77
63 118
63 113
63 101
63 79
63 81
63 125
63 83
63 120
63 115
63 116
63 106
63 117
64 109
64 88
64 91
64 87
64 90
64 122
64 67
64 68
64 94
64 96
64 72
64 74
64 124
64 75
64 76
64 127
64 98
64 78
64 100
64 102
64 80
64 81
64 82
64 125
64 103
64 104
64 119
64 106
64 85
64 116
64 86
65 109
65 89
65 110
65 122
65 111
65 66
65 67
65 126
65 70
65 71
65 72
65 73
65 97
65 74
65 124
65 75
65 77
65 123
65 99
65 100
65 80
65 81
65 82
65 125
65 103
65 105
65 85
65 107
65 108
66 109
66 88
66 90
66 110
66 122
66 111
66 68
66 112
66 70
66 71
66 72
66 73
66 97
66 74
66 124
66 77
66 118
66 98
66 78
66 101
66 102
66 79
66 114
66 82
66 104
66 119
66 83
66 84
66 106
66 120
66 107
66 115
66 108
67 109
67 89
67 90
67 110
67 111
67 68
67 95
67 112
67 70
67 72
67 73
67 76
67 127
67 118
67 99
67 100
67 102
67 79
67 80
67 125
67 103
67 119
67 105
67 84
67 106
67 107
68 109
68 88
68 121
68 92
68 87
68 89
68 122
68 111
68 93
68 126
68 69
68 70
68 97
68 124
68 76
68 77
68 118
68 123
68 99
68 113
68 81
68 114
68 125
68 103
68 119
68 83
68 105
68 84
68 106
68 85
68 116
68 108
69 92
69 95
69 97
69 74
69 77
69 127
69 78
69 101
69 84
69 85
69 116
69 108
69 122
69 111
69 126
69 112
69 96
69 71
69 124
69 118
69 123
69 113
69 105
69 120
69 107
69 115
70 72
70 97
70 77
70 127
70 78
70 99
70 80
70 114
70 104
70 119
70 84
70 85
70 116
70 86
70 110
70 122
70 111
70 117
70 93
70 112
70 124
70 76
70 123
70 98
70 113
70 81
70 83
70 105
70 120
71 121
71 94
71 72
71 74
71 75
71 80
71 114
71 103
71 104
71 84
71 85
71 116
71 108
71 87
71 90
71 110
71 122
71 93
71 126
71 112
71 73
71 124
71 76
71 123
71 100
71 113
71 79
71 105
71 120
71 115
72 109
72 88
72 92
72 94
72 89
72 110
72 122
72 111
72 117
72 126
72 96
72 74
72 124
72 127
72 100
72 102
72 125
72 103
72 104
72 83
72 105
72 106
72 107
72 116
72 86
72 108
73 88
73 121
73 94
73 97
73 74
73 78
73 99
73 125
73 104
73 84
73 106
73 85
73 86
73 87
73 89
73 90
73 110
73 122
73 111
73 93
73 112
73 124
73 123
73 100
73 79
73 82
73 83
73 105
74 109
74 91
74 92
74 94
74 97
74 89
74 90
74 110
74 117
74 93
74 126
74 124
74 76
74 118
74 123
74 78
74 101
74 102
74 79
74 114
74 103
74 105
74 120
74 107
74 115
74 116
75 109
75 88
75 91
75 92
75 94
75 87
75 89
75 90
75 122
75 93
75 126
75 96
75 124
75 77
75 123
75 98
75 100
75 101
75 102
75 114
75 82
75 119
75 83
75 105
75 106
75 85
75 107
75 116
75 86
75 108
76 121
76 91
76 99
76 101
76 80
76 114
76 119
76 106
76 116
76 108
76 87
76 110
76 93
76 112
76 124
76 123
76 102
76 79
76 81
76 105
76 115
77 109
77 88
77 121
77 91
77 95
77 97
77 89
77 90
77 110
77 111
77 127
77 118
77 123
77 98
77 100
77 113
77 101
77 102
77 81
77 114
77 82
77 119
77 105
77 106
77 85
77 107
77 116
77 108
78 109
78 88
78 121
78 97
78 87
78 90
78 111
78 93
78 112
78 124
78 118
78 99
78 100
78 113
78 81
78 82
78 125
78 103
78 83
78 106
78 85
78 120
78 107
78 108
79 88
79 94
79 95
79 99
79 80
79 114
79 104
79 119
79 84
79 106
79 85
79 108
79 89
79 110
79 111
79 112
79 124
79 123
79 113
79 115
80 109
80 121
80 91
80 94
80 87
80 90
80 111
80 126
80 124
80 123
80 113
80 102
80 125
80 104
80 119
80 83
80 105
80 85
80 107
80 116
80 86
80 108
81 88
81 92
81 99
81 101
81 114
81 104
81 84
81 106
81 108
81 87
81 89
81 110
81 122
81 126
81 112
81 96
81 124
81 123
81 102
81 83
81 105
81 120
81 115
81 117
81 95
81 113
81 125
82 94
82 95
82 127
82 99
82 101
82 114
82 103
82 104
82 84
82 108
82 87
82 90
82 110
82 122
82 117
82 93
82 118
82 100
82 105
82 120
82 107
82 115
83 121
83 91
83 92
83 95
83 127
83 99
83 114
83 125
83 103
83 119
83 84
83 86
83 87
83 111
83 124
83 118
83 123
83 98
83 100
83 113
83 107
83 115
84 109
84 91
84 92
84 95
84 97
84 127
84 99
84 103
84 89
84 110
84 122
84 111
84 96
84 123
84 100
84 102
84 105
84 120
84 115
84 116
85 109
85 121
85 92
85 94
85 95
85 127
85 101
85 114
85 103
85 106
85 87
85 117
85 126
85 124
85 118
85 123
85 98
85 100
85 113
85 102
85 105
85 115
86 109
86 88
86 121
86 92
86 95
86 97
86 127
86 99
86 101
86 125
86 104
86 106
86 111
86 117
86 100
86 102
86 107
86 108
87 121
87 99
87 101
87 125
87 103
87 104
87 108
87 89
87 90
87 122
87 117
87 124
87 118
87 123
87 98
87 105
87 120
87 115
88 109
88 90
88 110
88 91
88 111
88 117
88 118
88 123
88 101
88 119
88 105
88 106
88 120
88 116
89 121
89 94
89 127
89 99
89 114
89 125
89 119
89 106
89 90
89 93
89 126
89 112
89 124
89 98
89 100
89 113
89 102
89 105
89 117
89 95
89 96
90 97
90 101
90 125
90 104
90 110
90 122
90 117
90 93
90 118
90 98
90 100
90 113
90 120
91 109
91 121
91 110
91 111
91 93
91 94
91 95
91 127
91 118
91 113
91 102
91 114
91 125
91 119
91 120
91 108
92 109
92 121
92 122
92 94
92 95
92 97
92 123
92 114
92 125
92 104
92 119
92 105
92 106
92 107
92 115
92 116
92 108
93 121
93 94
93 95
93 97
93 127
93 99
93 114
93 125
93 103
93 104
93 116
93 108
93 110
93 126
93 112
93 105
93 107
94 109
94 121
94 96
94 124
94 123
94 100
94 113
94 102
94 103
94 119
94 105
94 106
94 120
94 115
94 108
95 109
95 121
95 112
95 118
95 123
95 98
95 100
95 113
95 101
95 114
95 125
95 119
95 106
95 117
95 96
96 121
96 97
96 127
96 114
96 103
96 111
96 117
96 124
96 98
96 100
96 120
96 107
96 115
96 106
96 113
96 125
97 109
97 112
97 123
97 101
97 102
97 114
97 125
97 103
97 104
97 105
97 120
97 107
97 108
98 121
98 101
98 125
98 104
98 106
98 116
98 110
98 111
98 117
98 126
98 124
98 100
98 102
98 107
99 109
99 121
99 127
99 110
99 122
99 126
99 112
99 102
99 114
99 103
99 104
99 119
99 105
99 120
99 107
99 108
100 121
100 125
100 103
100 104
100 106
100 108
100 122
100 126
100 112
100 123
100 105
100 107
100 115
101 109
101 127
101 110
101 122
101 111
101 126
101 124
101 102
101 125
101 104
101 105
101 116
101 108
102 121
102 127
102 114
102 125
102 103
102 119
102 110
102 117
102 126
102 112
102 124
102 118
102 123
102 105
103 109
103 127
103 110
103 122
103 117
103 112
103 124
103 118
103 113
103 104
103 119
103 105
103 115
103 116
104 109
104 114
104 122
104 111
104 126
104 118
104 123
104 115
105 121
105 127
105 119
105 106
105 108
105 126
105 123
105 113
105 120
105 107
105 115
106 109
106 127
106 114
106 122
106 112
106 113
106 120
106 107
106 116
106 117
106 125
107 127
107 125
107 119
107 116
107 108
107 110
107 122
107 111
107 118
108 109
108 114
108 125
108 110
108 118
108 123
108 113
109 121
109 127
109 114
109 125
109 119
109 116
110 121
110 122
110 117
110 112
110 118
110 120
111 127
111 114
111 119
111 122
111 124
111 118
111 123
111 115
112 121
112 116
112 122
112 124
112 123
112 113
112 120
113 121
113 127
113 114
113 125
113 122
113 117
114 121
114 122
114 126
114 123
114 120
114 115
115 116
115 117
115 126
115 124
115 118
115 120
116 121
116 122
116 123
117 125
117 119
117 123
117 120
118 127
118 119
118 124
118 126
118 120
119 121
119 125
119 122
119 126
119 124
119 123
120 121
120 124
120 123
121 122
121 126
121 124
122 127
122 123
123 127
123 124
123 126
124 127
125 127
125 126
