0 1
0 2
0 3
0 4
0 5
0 6
0 7
0 8
0 9
0 10
0 11
0 12
0 13
0 14
0 15
0 16
0 17
0 18
0 19
0 20
0 21
0 22
0 23
0 24
0 25
0 26
0 27
0 28
0 29
0 30
0 31
0 32
0 33
0 34
0 35
0 36
0 37
0 38
0 39
0 40
0 41
0 42
0 43
0 44
0 45
0 46
0 47
0 48
0 49
0 50
0 51
0 52
0 53
0 54
0 55
0 56
0 57
0 58
0 59
0 60
0 113
0 117
0 120
0 99
0 88
0 124
1 61
1 2
1 4
1 62
1 63
1 5
1 6
1 64
1 8
1 10
1 11
1 65
1 66
1 67
1 14
1 68
1 15
1 17
1 69
1 70
1 18
1 71
1 72
1 21
1 73
1 74
1 75
1 23
1 76
1 77
1 78
1 79
1 29
1 31
1 32
1 80
1 81
1 82
1 83
1 36
1 37
1 84
1 85
1 86
1 41
1 42
1 87
1 88
1 44
1 89
1 90
1 91
1 92
1 47
1 93
1 94
1 50
1 95
1 51
1 52
1 53
1 54
1 55
1 56
1 57
1 96
1 58
1 97
1 98
1 60
1 113
1 117
1 120
1 99
1 124
1 28
2 3
2 63
2 64
2 7
2 9
2 99
2 11
2 100
2 101
2 14
2 102
2 17
2 103
2 104
2 20
2 21
2 22
2 105
2 73
2 74
2 75
2 25
2 76
2 26
2 77
2 27
2 78
2 79
2 29
2 32
2 80
2 81
2 82
2 106
2 83
2 33
2 34
2 107
2 37
2 38
2 108
2 109
2 85
2 86
2 87
2 43
2 110
2 111
2 89
2 90
2 91
2 92
2 93
2 48
2 94
2 50
2 112
2 54
2 57
2 113
2 114
2 96
2 97
2 98
2 59
3 61
3 4
3 62
3 63
3 5
3 6
3 115
3 7
3 8
3 9
3 99
3 11
3 100
3 12
3 66
3 13
3 67
3 14
3 16
3 17
3 116
3 69
3 70
3 18
3 71
3 104
3 20
3 22
3 105
3 73
3 74
3 117
3 75
3 23
3 25
3 76
3 77
3 118
3 78
3 29
3 30
3 31
3 32
3 80
3 81
3 82
3 106
3 83
3 33
3 34
3 107
3 35
3 37
3 38
3 108
3 39
3 40
3 41
3 87
3 43
3 119
3 110
3 89
3 120
3 45
3 46
3 47
3 93
3 48
3 94
3 49
3 50
3 95
3 112
3 51
3 53
3 114
3 97
3 59
4 121
4 63
4 6
4 64
4 115
4 8
4 100
4 122
4 12
4 66
4 68
4 116
4 18
4 19
4 104
4 20
4 22
4 73
4 123
4 74
4 23
4 25
4 77
4 118
4 78
4 28
4 29
4 31
4 80
4 81
4 82
4 106
4 83
4 34
4 36
4 84
4 86
4 40
4 41
4 42
4 43
4 88
4 119
4 44
4 111
4 90
4 91
4 48
4 49
4 125
4 50
4 54
4 126
4 56
4 58
4 98
4 59
5 63
5 121
5 62
5 115
5 9
5 10
5 12
5 65
5 13
5 101
5 67
5 14
5 68
5 102
5 116
5 70
5 18
5 71
5 72
5 20
5 21
5 105
5 73
5 123
5 74
5 76
5 26
5 118
5 27
5 78
5 28
5 79
5 30
5 31
5 32
5 80
5 106
5 35
5 36
5 124
5 38
5 84
5 108
5 109
5 85
5 39
5 86
5 43
5 119
5 44
5 110
5 111
5 90
5 45
5 92
5 46
5 47
5 49
5 125
5 50
5 95
5 112
5 51
5 52
5 53
5 126
5 57
5 96
5 97
5 98
5 59
5 113
5 117
5 41
5 120
5 99
5 88
5 60
6 121
6 62
6 64
6 7
6 8
6 99
6 11
6 12
6 65
6 13
6 14
6 15
6 16
6 17
6 116
6 70
6 18
6 19
6 20
6 25
6 77
6 118
6 27
6 107
6 35
6 36
6 124
6 38
6 108
6 109
6 85
6 86
6 87
6 44
6 110
6 89
6 45
6 46
6 94
6 49
6 95
6 112
6 51
6 53
6 54
6 55
6 56
6 113
6 98
7 121
7 8
7 99
7 100
7 122
7 12
7 66
7 13
7 67
7 102
7 17
7 116
7 69
7 70
7 18
7 19
7 103
7 127
7 21
7 22
7 73
7 123
7 75
7 25
7 76
7 118
7 79
7 31
7 32
7 106
7 83
7 107
7 124
7 38
7 85
7 40
7 42
7 43
7 111
7 45
7 93
7 50
7 95
7 112
7 52
7 126
7 56
7 57
7 96
7 58
7 97
7 98
8 121
8 100
8 122
8 12
8 66
8 67
8 14
8 17
8 116
8 19
8 103
8 72
8 104
8 127
8 73
8 123
8 75
8 23
8 24
8 76
8 26
8 77
8 27
8 28
8 79
8 29
8 30
8 83
8 124
8 84
8 109
8 85
8 39
8 86
8 40
8 41
8 87
8 88
8 119
8 44
8 110
8 111
8 89
8 92
8 48
8 125
8 50
8 95
8 112
8 52
8 54
8 126
8 55
8 113
8 97
8 98
9 61
9 62
9 115
9 99
9 10
9 122
9 12
9 65
9 101
9 67
9 14
9 68
9 102
9 16
9 17
9 18
9 19
9 71
9 72
9 127
9 20
9 105
9 123
9 117
9 24
9 25
9 26
9 27
9 78
9 29
9 30
9 32
9 80
9 106
9 83
9 34
9 35
9 36
9 38
9 84
9 108
9 109
9 85
9 39
9 87
9 88
9 44
9 110
9 111
9 120
9 90
9 45
9 91
9 94
9 50
9 95
9 51
9 52
9 126
9 57
9 114
9 96
9 58
9 59
10 63
10 61
10 121
10 62
10 64
10 115
10 11
10 100
10 65
10 66
10 13
10 15
10 16
10 17
10 69
10 18
10 19
10 71
10 72
10 127
10 21
10 22
10 105
10 23
10 24
10 77
10 27
10 28
10 29
10 31
10 33
10 34
10 107
10 37
10 38
10 108
10 109
10 85
10 39
10 86
10 41
10 42
10 43
10 88
10 119
10 89
10 90
10 45
10 46
10 47
10 93
10 94
10 95
10 51
10 52
10 55
10 57
10 113
10 114
10 58
10 98
10 59
11 61
11 121
11 62
11 64
11 99
11 100
11 13
11 68
11 102
11 15
11 17
11 18
11 103
11 72
11 104
11 127
11 20
11 105
11 75
11 23
11 25
11 76
11 77
11 118
11 27
11 28
11 79
11 29
11 31
11 32
11 80
11 81
11 82
11 35
11 37
11 124
11 85
11 86
11 41
11 87
11 43
11 119
11 89
11 120
11 90
11 45
11 91
11 46
11 47
11 48
11 49
11 95
11 52
11 126
11 56
11 57
11 113
11 114
11 98
11 59
11 60
12 63
12 64
12 115
12 66
12 13
12 68
12 15
12 17
12 116
12 70
12 18
12 103
12 104
12 123
12 117
12 23
12 24
12 25
12 118
12 28
12 79
12 29
12 30
12 31
12 80
12 106
12 83
12 33
12 34
12 107
12 35
12 36
12 37
12 38
12 84
12 109
12 39
12 40
12 41
12 119
12 44
12 111
12 89
12 90
12 45
12 92
12 46
12 47
12 48
12 49
12 50
12 112
12 51
12 54
12 126
12 57
12 113
12 96
12 58
12 97
12 59
13 62
13 100
13 122
13 101
13 67
13 14
13 116
13 18
13 103
13 72
13 104
13 20
13 117
13 77
13 118
13 27
13 79
13 29
13 30
13 31
13 32
13 80
13 82
13 83
13 33
13 34
13 35
13 36
13 37
13 85
13 86
13 40
13 41
13 42
13 119
13 111
13 89
13 45
13 91
13 47
13 93
13 48
13 50
13 95
13 112
13 51
13 126
13 57
13 96
13 58
13 97
13 98
14 63
14 121
14 100
14 65
14 102
14 15
14 16
14 17
14 70
14 19
14 103
14 127
14 23
14 76
14 26
14 77
14 118
14 78
14 28
14 29
14 30
14 31
14 32
14 81
14 82
14 33
14 34
14 35
14 36
14 108
14 109
14 86
14 42
14 43
14 44
14 111
14 91
14 46
14 47
14 93
14 125
14 51
14 52
14 53
14 57
14 96
14 98
14 59
14 113
14 117
14 21
14 41
14 120
14 99
14 88
14 124
14 60
15 61
15 121
15 62
15 100
15 65
15 66
15 68
15 102
15 16
15 70
15 71
15 104
15 127
15 73
15 75
15 23
15 26
15 77
15 27
15 28
15 79
15 29
15 31
15 32
15 81
15 82
15 83
15 34
15 36
15 124
15 38
15 39
15 42
15 87
15 44
15 120
15 90
15 45
15 46
15 47
15 48
15 49
15 125
15 50
15 95
15 51
15 53
15 54
15 113
15 114
15 96
15 97
15 98
16 63
16 61
16 62
16 64
16 99
16 67
16 69
16 70
16 18
16 19
16 103
16 127
16 20
16 22
16 73
16 75
16 23
16 25
16 76
16 26
16 77
16 27
16 78
16 79
16 30
16 31
16 32
16 80
16 81
16 106
16 33
16 34
16 107
16 35
16 36
16 37
16 124
16 38
16 108
16 41
16 42
16 87
16 43
16 88
16 44
16 90
16 45
16 93
16 48
16 50
16 95
16 51
16 52
16 53
16 54
16 55
16 96
16 97
16 98
16 60
17 61
17 100
17 122
17 65
17 66
17 101
17 67
17 18
17 72
17 127
17 20
17 74
17 75
17 23
17 24
17 25
17 118
17 78
17 28
17 79
17 82
17 33
17 34
17 35
17 124
17 84
17 108
17 39
17 40
17 41
17 42
17 87
17 43
17 119
17 44
17 110
17 120
17 45
17 91
17 92
17 46
17 47
17 93
17 48
17 94
17 125
17 112
17 51
17 52
17 53
17 54
17 55
17 56
17 113
17 96
17 58
17 98
18 61
18 121
18 62
18 64
18 99
18 122
18 65
18 101
18 68
18 102
18 116
18 69
18 19
18 71
18 103
18 127
18 22
18 123
18 75
18 25
18 78
18 30
18 32
18 80
18 106
18 33
18 36
18 124
18 38
18 85
18 39
18 41
18 42
18 43
18 110
18 111
18 89
18 120
18 90
18 91
18 47
18 48
18 49
18 50
18 112
18 52
18 54
18 126
18 114
18 58
18 59
19 63
19 61
19 64
19 115
19 99
19 66
19 68
19 116
19 69
19 71
19 103
19 72
19 104
19 22
19 73
19 24
19 25
19 76
19 26
19 28
19 79
19 83
19 34
19 35
19 38
19 109
19 39
19 86
19 40
19 42
19 87
19 43
19 119
19 111
19 89
19 120
19 90
19 91
19 46
19 93
19 48
19 94
19 49
19 125
19 50
19 95
19 53
19 54
19 126
19 56
19 114
20 61
20 121
20 64
20 115
20 99
20 122
20 66
20 67
20 68
20 102
20 116
20 69
20 72
20 127
20 22
20 75
20 25
20 76
20 26
20 78
20 30
20 31
20 32
20 80
20 81
20 82
20 106
20 34
20 37
20 108
20 109
20 39
20 86
20 87
20 43
20 44
20 110
20 89
20 92
20 93
20 125
20 50
20 95
20 112
20 52
20 53
20 54
20 55
20 56
20 57
20 58
20 98
21 121
21 62
21 65
21 67
21 69
21 72
21 104
21 74
21 75
21 23
21 25
21 76
21 26
21 77
21 78
21 30
21 31
21 32
21 81
21 82
21 106
21 35
21 37
21 124
21 38
21 108
21 40
21 43
21 88
21 110
21 91
21 92
21 46
21 47
21 93
21 48
21 94
21 49
21 50
21 95
21 52
21 55
21 57
21 58
21 98
21 59
21 51
21 36
21 44
21 53
21 113
21 117
21 41
21 120
21 99
21 28
21 60
22 63
22 121
22 62
22 64
22 101
22 67
22 69
22 71
22 103
22 72
22 104
22 127
22 73
22 117
22 75
22 24
22 25
22 76
22 27
22 78
22 79
22 29
22 81
22 82
22 83
22 33
22 34
22 107
22 37
22 84
22 85
22 40
22 43
22 120
22 45
22 93
22 94
22 49
22 95
22 51
22 53
22 57
22 113
22 114
22 58
22 60
23 63
23 121
23 62
23 64
23 99
23 100
23 122
23 66
23 101
23 67
23 68
23 70
23 71
23 104
23 123
23 74
23 75
23 24
23 76
23 26
23 77
23 118
23 27
23 78
23 28
23 79
23 30
23 80
23 82
23 106
23 83
23 33
23 107
23 84
23 108
23 109
23 40
23 88
23 44
23 120
23 90
23 45
23 91
23 93
23 48
23 94
23 49
23 125
23 95
23 53
23 55
23 113
23 114
23 97
23 98
24 63
24 61
24 121
24 62
24 115
24 99
24 122
24 65
24 116
24 69
24 103
24 104
24 127
24 73
24 75
24 76
24 118
24 27
24 78
24 28
24 29
24 82
24 106
24 83
24 34
24 35
24 37
24 108
24 109
24 86
24 40
24 42
24 88
24 110
24 111
24 89
24 45
24 91
24 92
24 46
24 47
24 48
24 49
24 95
24 53
24 54
24 126
24 55
24 56
24 57
24 96
24 97
25 63
25 62
25 99
25 122
25 66
25 101
25 68
25 116
25 69
25 70
25 72
25 104
25 127
25 123
25 75
25 26
25 77
25 118
25 79
25 30
25 31
25 32
25 80
25 82
25 83
25 34
25 107
25 35
25 36
25 37
25 84
25 109
25 85
25 86
25 40
25 42
25 87
25 110
25 89
25 45
25 47
25 93
25 48
25 94
25 49
25 51
25 52
25 53
25 126
25 55
25 57
25 114
25 97
25 60
26 61
26 64
26 115
26 65
26 67
26 102
26 69
26 103
26 127
26 123
26 74
26 75
26 76
26 77
26 118
26 29
26 82
26 106
26 34
26 35
26 36
26 37
26 109
26 85
26 40
26 43
26 88
26 119
26 110
26 111
26 89
26 120
26 90
26 45
26 91
26 48
26 49
26 95
26 112
26 52
26 53
26 126
26 113
26 114
26 96
26 58
27 121
27 64
27 115
27 66
27 101
27 67
27 68
27 102
27 71
27 72
27 104
27 127
27 123
27 74
27 75
27 76
27 78
27 28
27 79
27 30
27 32
27 81
27 83
27 34
27 107
27 36
27 38
27 85
27 39
27 42
27 43
27 119
27 110
27 89
27 90
27 45
27 47
27 93
27 94
27 125
27 95
27 51
27 126
27 56
27 57
27 113
27 114
27 97
27 98
27 59
27 60
28 63
28 61
28 121
28 62
28 64
28 68
28 72
28 127
28 76
28 77
28 118
28 29
28 31
28 32
28 80
28 82
28 106
28 34
28 84
28 109
28 85
28 39
28 41
28 42
28 43
28 44
28 120
28 90
28 45
28 46
28 47
28 93
28 48
28 50
28 95
28 52
28 53
28 57
28 113
28 98
28 59
28 51
28 36
28 117
28 99
28 88
28 124
28 60
29 63
29 121
29 100
29 122
29 66
29 68
29 102
29 116
29 70
29 72
29 127
29 76
29 118
29 78
29 79
29 32
29 81
29 35
29 36
29 124
29 84
29 108
29 109
29 86
29 40
29 87
29 44
29 110
29 120
29 45
29 91
29 47
29 49
29 50
29 95
29 51
29 53
29 54
29 56
29 57
29 113
29 114
29 97
30 61
30 62
30 64
30 115
30 99
30 67
30 68
30 102
30 71
30 103
30 127
30 73
30 123
30 74
30 117
30 75
30 76
30 118
30 78
30 79
30 31
30 80
30 81
30 82
30 106
30 83
30 33
30 34
30 107
30 36
30 37
30 38
30 84
30 108
30 39
30 86
30 40
30 42
30 87
30 43
30 88
30 110
30 120
30 90
30 46
30 93
30 49
30 125
30 95
30 51
30 52
30 53
30 54
30 56
30 57
30 113
30 58
30 98
30 60
31 62
31 64
31 115
31 99
31 100
31 122
31 101
31 67
31 69
31 70
31 103
31 104
31 73
31 123
31 117
31 75
31 77
31 118
31 79
31 80
31 106
31 34
31 36
31 124
31 38
31 84
31 86
31 40
31 42
31 87
31 43
31 119
31 110
31 89
31 120
31 90
31 94
31 51
31 52
31 126
31 55
31 56
31 57
31 113
31 114
31 96
31 58
31 97
31 59
31 60
32 61
32 121
32 115
32 99
32 100
32 122
32 66
32 67
32 68
32 102
32 69
32 70
32 71
32 103
32 104
32 127
32 105
32 123
32 74
32 75
32 77
32 118
32 78
32 81
32 33
32 34
32 107
32 35
32 124
32 108
32 109
32 40
32 41
32 42
32 87
32 44
32 110
32 111
32 120
32 47
32 48
32 94
32 49
32 50
32 53
32 55
32 56
32 57
32 114
32 97
32 98
33 121
33 62
33 64
33 115
33 69
33 70
33 104
33 127
33 105
33 123
33 77
33 118
33 106
33 83
33 34
33 37
33 124
33 38
33 84
33 85
33 39
33 42
33 43
33 44
33 89
33 120
33 45
33 91
33 92
33 47
33 93
33 48
33 94
33 49
33 112
33 51
33 56
33 113
33 59
34 63
34 115
34 122
34 116
34 69
34 103
34 72
34 127
34 73
34 123
34 75
34 76
34 78
34 81
34 106
34 107
34 36
34 38
34 108
34 109
34 40
34 41
34 119
34 90
34 92
34 47
34 93
34 49
34 51
34 56
34 57
34 113
34 114
34 97
34 59
35 63
35 61
35 62
35 64
35 115
35 99
35 65
35 66
35 67
35 68
35 69
35 71
35 103
35 104
35 127
35 74
35 117
35 75
35 118
35 78
35 81
35 82
35 83
35 107
35 124
35 38
35 84
35 108
35 85
35 40
35 41
35 42
35 87
35 43
35 88
35 44
35 111
35 89
35 120
35 46
35 48
35 49
35 125
35 95
35 112
35 51
35 52
35 126
35 55
35 96
35 58
35 98
36 61
36 62
36 115
36 99
36 122
36 65
36 101
36 102
36 72
36 104
36 123
36 76
36 118
36 80
36 81
36 83
36 107
36 38
36 85
36 44
36 111
36 89
36 120
36 90
36 46
36 47
36 93
36 94
36 49
36 125
36 50
36 112
36 51
36 52
36 53
36 126
36 56
36 57
36 113
36 114
36 58
36 98
36 59
36 117
36 41
36 88
36 124
36 60
37 63
37 61
37 115
37 65
37 101
37 67
37 68
37 102
37 116
37 69
37 72
37 127
37 105
37 73
37 74
37 75
37 76
37 118
37 78
37 80
37 81
37 83
37 124
37 108
37 109
37 85
37 39
37 40
37 41
37 42
37 119
37 44
37 111
37 89
37 90
37 91
37 46
37 93
37 48
37 94
37 49
37 50
37 51
37 52
37 55
37 56
37 57
37 114
37 96
37 97
37 98
37 59
38 63
38 61
38 121
38 62
38 115
38 99
38 101
38 69
38 70
38 103
38 105
38 117
38 75
38 76
38 118
38 78
38 80
38 106
38 124
38 84
38 39
38 86
38 40
38 43
38 88
38 44
38 110
38 111
38 90
38 46
38 47
38 93
38 48
38 95
38 52
38 53
38 56
38 113
38 97
38 98
38 59
38 60
39 63
39 121
39 62
39 64
39 100
39 122
39 65
39 101
39 68
39 102
39 69
39 70
39 72
39 104
39 105
39 73
39 123
39 75
39 118
39 106
39 108
39 86
39 41
39 43
39 44
39 110
39 111
39 89
39 120
39 90
39 45
39 91
39 46
39 94
39 125
39 50
39 95
39 112
39 52
39 54
39 126
39 55
39 56
39 113
39 97
39 98
39 59
39 60
40 63
40 61
40 121
40 99
40 122
40 68
40 70
40 72
40 104
40 127
40 123
40 75
40 118
40 78
40 79
40 82
40 83
40 107
40 124
40 84
40 108
40 43
40 119
40 110
40 89
40 120
40 90
40 45
40 91
40 92
40 46
40 47
40 94
40 49
40 125
40 51
40 54
40 55
40 56
40 113
40 114
40 96
40 58
40 98
40 60
41 63
41 61
41 62
41 115
41 65
41 101
41 67
41 102
41 104
41 127
41 105
41 117
41 75
41 118
41 80
41 81
41 124
41 84
41 85
41 86
41 42
41 87
41 43
41 88
41 44
41 110
41 91
41 92
41 46
41 93
41 48
41 94
41 50
41 95
41 112
41 51
41 52
41 54
41 56
41 57
41 53
41 113
41 120
41 99
41 60
42 63
42 61
42 115
42 65
42 101
42 67
42 102
42 69
42 70
42 71
42 127
42 123
42 74
42 117
42 75
42 76
42 82
42 106
42 83
42 124
42 84
42 108
42 85
42 86
42 87
42 43
42 88
42 119
42 111
42 89
42 91
42 92
42 46
42 93
42 48
42 94
42 49
42 125
42 95
42 112
42 51
42 54
42 57
42 98
43 61
43 99
43 100
43 122
43 66
43 68
43 69
43 70
43 71
43 103
43 104
43 127
43 73
43 123
43 74
43 117
43 76
43 77
43 118
43 79
43 81
43 109
43 87
43 119
43 110
43 89
43 91
43 92
43 46
43 47
43 93
43 48
43 125
43 50
43 112
43 51
43 53
43 54
43 126
43 55
43 56
43 57
43 113
43 96
43 58
43 97
43 98
44 61
44 121
44 62
44 64
44 100
44 122
44 65
44 66
44 101
44 67
44 102
44 116
44 69
44 70
44 105
44 123
44 74
44 117
44 77
44 79
44 82
44 84
44 109
44 85
44 86
44 87
44 110
44 120
44 91
44 46
44 93
44 94
44 112
44 51
44 52
44 53
44 54
44 55
44 57
44 113
44 96
44 98
44 99
44 88
44 124
44 60
45 61
45 62
45 99
45 122
45 65
45 101
45 67
45 102
45 116
45 69
45 71
45 103
45 105
45 73
45 123
45 74
45 75
45 78
45 79
45 80
45 81
45 107
45 124
45 84
45 109
45 85
45 110
45 90
45 91
45 92
45 46
45 47
45 93
45 48
45 94
45 49
45 125
45 52
45 53
45 54
45 126
45 114
45 96
45 58
45 59
46 63
46 61
46 121
46 64
46 115
46 99
46 100
46 122
46 66
46 101
46 68
46 116
46 69
46 105
46 76
46 77
46 78
46 79
46 80
46 82
46 83
46 107
46 84
46 109
46 88
46 110
46 89
46 90
46 91
46 92
46 47
46 94
46 125
46 95
46 51
46 52
46 54
46 56
46 57
46 113
46 114
46 59
47 63
47 61
47 99
47 66
47 101
47 68
47 102
47 69
47 70
47 104
47 127
47 74
47 75
47 79
47 82
47 107
47 84
47 85
47 88
47 119
47 89
47 120
47 90
47 91
47 93
47 94
47 49
47 95
47 112
47 51
47 54
47 126
47 55
47 57
47 113
47 114
47 96
47 58
47 98
48 61
48 62
48 115
48 122
48 101
48 68
48 116
48 71
48 103
48 104
48 127
48 105
48 123
48 74
48 117
48 118
48 79
48 83
48 108
48 87
48 111
48 89
48 92
48 93
48 49
48 125
48 112
48 52
48 53
48 54
48 56
48 57
48 113
48 114
48 58
48 60
49 63
49 121
49 64
49 115
49 122
49 65
49 66
49 101
49 67
49 102
49 69
49 70
49 103
49 104
49 127
49 123
49 74
49 117
49 77
49 118
49 80
49 82
49 106
49 107
49 124
49 84
49 109
49 85
49 86
49 88
49 110
49 89
49 120
49 90
49 92
49 125
49 95
49 112
49 51
49 56
49 57
49 113
49 96
49 58
49 97
49 59
49 60
50 121
50 64
50 100
50 65
50 67
50 68
50 116
50 70
50 71
50 72
50 127
50 105
50 117
50 76
50 78
50 81
50 82
50 106
50 124
50 108
50 109
50 85
50 87
50 119
50 110
50 89
50 120
50 90
50 125
50 95
50 112
50 52
50 53
50 54
50 126
50 55
50 57
50 113
50 96
50 58
50 98
50 60
51 63
51 61
51 121
51 62
51 115
51 99
51 122
51 66
51 101
51 102
51 116
51 69
51 103
51 104
51 127
51 73
51 117
51 75
51 76
51 118
51 78
51 106
51 124
51 108
51 86
51 119
51 111
51 89
51 93
51 112
51 52
51 53
51 54
51 55
51 56
51 57
51 58
51 97
51 98
51 60
51 113
51 120
51 88
52 61
52 121
52 62
52 64
52 115
52 100
52 122
52 65
52 69
52 70
52 72
52 104
52 127
52 105
52 73
52 75
52 77
52 79
52 81
52 106
52 83
52 107
52 124
52 108
52 85
52 86
52 120
52 90
52 91
52 92
52 94
52 95
52 53
52 55
52 57
52 113
52 114
52 96
52 117
52 99
52 88
52 60
53 63
53 61
53 64
53 115
53 99
53 66
53 67
53 68
53 70
53 103
53 73
53 74
53 117
53 75
53 77
53 78
53 79
53 107
53 109
53 85
53 119
53 110
53 89
53 120
53 90
53 91
53 125
53 95
53 112
53 54
53 126
53 56
53 57
53 113
53 97
53 59
53 60
53 88
53 124
54 121
54 62
54 64
54 115
54 122
54 65
54 66
54 101
54 67
54 102
54 70
54 104
54 127
54 105
54 123
54 76
54 77
54 118
54 78
54 80
54 82
54 83
54 124
54 85
54 88
54 119
54 120
54 92
54 93
54 125
54 126
54 113
54 96
54 97
54 60
55 63
55 61
55 121
55 115
55 100
55 101
55 67
55 68
55 69
55 71
55 103
55 72
55 117
55 75
55 76
55 77
55 118
55 79
55 106
55 108
55 109
55 85
55 86
55 88
55 110
55 89
55 90
55 91
55 92
55 94
55 95
55 57
55 97
55 98
55 59
56 63
56 61
56 121
56 64
56 99
56 65
56 66
56 116
56 72
56 104
56 127
56 123
56 117
56 76
56 77
56 80
56 81
56 82
56 83
56 124
56 108
56 109
56 86
56 89
56 120
56 90
56 91
56 92
56 94
56 112
56 126
56 113
56 97
57 63
57 121
57 62
57 115
57 99
57 100
57 122
57 65
57 66
57 102
57 103
57 104
57 73
57 123
57 74
57 117
57 75
57 79
57 81
57 106
57 83
57 124
57 109
57 85
57 87
57 119
57 110
57 111
57 89
57 120
57 92
57 93
57 125
57 113
57 96
57 58
57 97
57 98
57 60
57 88
58 115
58 67
58 102
58 70
58 71
58 127
58 73
58 76
58 77
58 80
58 81
58 107
58 124
58 109
58 85
58 87
58 88
58 110
58 120
58 90
58 91
58 92
58 94
58 112
58 126
58 114
58 98
58 59
59 61
59 121
59 62
59 115
59 99
59 100
59 66
59 67
59 116
59 69
59 71
59 103
59 104
59 105
59 73
59 123
59 76
59 80
59 81
59 82
59 83
59 84
59 108
59 109
59 86
59 110
59 89
59 90
59 94
59 125
59 112
59 126
59 113
59 114
59 96
59 97
59 98
59 60
60 63
60 61
60 64
60 100
60 122
60 65
60 68
60 102
60 69
60 71
60 105
60 123
60 76
60 78
60 79
60 80
60 81
60 106
60 109
60 85
60 86
60 87
60 88
60 119
60 111
60 89
60 120
60 91
60 114
60 96
60 113
60 117
60 99
60 124
61 63
61 121
61 62
61 100
61 122
61 65
61 101
61 67
61 68
61 116
61 70
61 71
61 103
61 72
61 105
61 73
61 123
61 74
61 75
61 76
61 77
61 79
61 82
61 124
61 84
61 86
61 119
61 110
61 120
61 91
61 125
61 95
61 112
61 114
61 98
62 115
62 99
62 65
62 101
62 70
62 71
62 103
62 73
62 75
62 76
62 77
62 79
62 81
62 82
62 83
62 109
62 86
62 119
62 110
62 111
62 89
62 91
62 92
62 93
62 94
62 95
62 113
63 115
63 100
63 122
63 65
63 67
63 102
63 70
63 71
63 103
63 73
63 117
63 75
63 76
63 118
63 80
63 83
63 107
63 124
63 84
63 108
63 86
63 88
63 119
63 120
63 92
63 93
63 94
63 126
63 114
63 98
64 121
64 122
64 101
64 68
64 116
64 70
64 103
64 72
64 123
64 74
64 75
64 76
64 77
64 79
64 124
64 86
64 119
64 110
64 120
64 95
64 112
64 114
64 115
64 99
64 66
64 102
64 69
64 104
64 127
64 78
64 80
64 106
64 83
64 111
64 90
64 92
64 93
65 122
65 115
65 102
65 69
65 72
65 104
65 105
65 73
65 74
65 75
65 77
65 118
65 78
65 79
65 80
65 106
65 83
65 107
65 108
65 85
65 110
65 111
65 89
65 120
65 93
65 125
65 112
65 113
66 100
66 122
66 68
66 116
66 70
66 71
66 103
66 72
66 105
66 73
66 123
66 75
66 77
66 79
66 124
66 91
66 125
66 112
66 114
66 98
66 102
66 104
66 127
66 80
66 106
66 83
66 107
66 108
66 87
66 111
66 89
66 96
66 97
67 121
67 100
67 122
67 115
67 116
67 71
67 72
67 104
67 105
67 73
67 123
67 76
67 77
67 81
67 83
67 107
67 108
67 85
67 86
67 90
67 92
67 94
67 112
67 126
67 113
67 96
67 98
68 122
68 101
68 115
68 102
68 116
68 69
68 70
68 71
68 103
68 104
68 127
68 105
68 123
68 78
68 80
68 81
68 82
68 106
68 107
68 86
68 87
68 110
68 120
68 90
68 91
68 92
68 94
68 125
68 112
68 126
68 97
69 121
69 122
69 116
69 70
69 103
69 72
69 105
69 76
69 82
69 110
69 120
69 91
69 95
69 115
69 99
69 104
69 127
69 118
69 81
69 109
69 85
69 87
69 92
69 93
69 113
69 97
70 100
70 122
70 72
70 74
70 117
70 118
70 78
70 81
70 82
70 106
70 107
70 84
70 90
70 91
70 92
70 94
70 112
70 126
70 98
71 121
71 100
71 122
71 101
71 115
71 102
71 103
71 105
71 123
71 74
71 117
71 118
71 82
71 106
71 83
71 107
71 124
71 108
71 87
71 88
71 110
71 111
71 89
71 120
71 92
71 93
71 97
72 121
72 100
72 101
72 103
72 99
72 102
72 104
72 127
72 73
72 117
72 81
72 83
72 124
72 108
72 85
72 86
72 119
72 111
72 90
72 93
72 94
72 95
72 96
73 121
73 100
73 122
73 116
73 103
73 115
73 104
73 74
73 76
73 77
73 80
73 106
73 109
73 85
73 86
73 110
73 90
73 91
73 93
73 94
73 95
73 113
73 97
74 100
74 101
74 116
74 115
74 99
74 75
74 77
74 78
74 79
74 82
74 108
74 85
74 86
74 111
74 89
74 120
74 90
74 94
74 112
74 113
74 114
74 96
74 97
74 98
75 100
75 122
75 103
75 123
75 104
75 127
75 117
75 76
75 80
75 81
75 83
75 107
75 108
75 86
75 88
75 110
75 120
75 90
75 95
75 114
75 96
75 97
75 98
76 100
76 122
76 103
76 105
76 123
76 117
76 118
76 78
76 79
76 80
76 82
76 106
76 83
76 84
76 108
76 86
76 119
76 110
76 111
76 89
76 92
76 93
76 125
76 95
76 112
76 113
76 114
76 96
77 122
77 101
77 115
77 127
77 79
77 80
77 81
77 82
77 107
77 124
77 85
77 88
77 111
77 89
77 90
77 92
77 112
77 126
77 96
78 100
78 122
78 116
78 103
78 105
78 123
78 82
78 119
78 110
78 120
78 91
78 125
78 95
78 112
78 98
78 104
78 117
78 107
78 89
78 94
78 126
78 96
78 97
79 101
79 105
79 115
79 99
79 118
79 106
79 83
79 109
79 85
79 86
79 87
79 88
79 111
79 120
79 93
79 125
79 113
79 96
80 121
80 100
80 103
80 82
80 86
80 119
80 110
80 91
80 114
80 98
80 99
80 127
80 117
80 106
80 83
80 107
80 87
80 111
80 92
80 126
80 96
81 121
81 100
81 101
81 116
81 103
81 123
81 82
81 119
81 110
81 112
81 114
81 98
81 115
81 99
81 107
81 85
81 88
81 90
81 93
81 94
81 97
82 122
82 116
82 103
82 105
82 115
82 99
82 104
82 127
82 118
82 106
82 124
82 84
82 108
82 110
82 90
82 91
82 92
82 114
82 96
82 97
82 98
83 122
83 101
83 105
83 123
83 84
83 119
83 120
83 91
83 125
83 112
83 114
83 99
83 104
83 127
83 117
83 118
83 106
83 107
83 108
83 109
83 88
83 111
83 89
83 94
83 126
83 97
84 101
84 103
84 105
84 124
84 115
84 99
84 102
84 104
84 117
84 108
84 85
84 86
84 88
84 110
84 91
84 92
84 93
84 94
84 95
84 126
84 96
84 98
85 100
85 122
85 101
85 116
85 103
85 123
85 86
85 110
85 120
85 114
85 115
85 99
85 102
85 104
85 117
85 109
85 90
85 94
85 113
85 97
86 122
86 105
86 124
86 99
86 102
86 104
86 118
86 106
86 109
86 89
86 120
86 90
86 91
86 92
86 93
86 125
86 95
86 114
86 96
86 97
86 98
87 122
87 103
87 110
87 120
87 91
87 95
87 112
87 98
87 115
87 99
87 102
87 127
87 117
87 118
87 109
87 92
87 93
87 94
87 96
87 97
88 121
88 100
88 101
88 116
88 103
88 91
88 112
88 115
88 102
88 104
88 127
88 111
88 89
88 90
88 126
88 96
88 113
88 117
88 120
88 99
88 124
89 121
89 122
89 116
89 105
89 123
89 124
89 119
89 110
89 95
89 112
89 114
89 98
89 104
89 127
89 117
89 118
89 106
89 107
89 109
89 111
89 90
89 93
89 126
89 113
89 97
90 100
90 123
90 124
90 119
90 110
90 125
90 114
90 98
90 115
90 99
90 102
90 104
90 106
90 107
90 109
90 111
90 126
90 96
90 97
91 121
91 122
91 101
91 103
91 123
91 119
91 92
91 94
91 125
91 112
91 96
91 97
92 121
92 100
92 101
92 116
92 110
92 120
92 125
92 112
92 114
92 98
92 115
92 102
92 117
92 118
92 108
92 126
92 113
92 96
93 121
93 100
93 101
93 116
93 105
93 119
93 110
93 125
93 112
93 114
93 99
93 104
93 117
93 107
93 109
93 94
93 126
93 96
93 97
94 121
94 100
94 122
94 105
94 123
94 110
94 120
94 125
94 95
94 112
94 114
94 115
94 127
94 106
94 107
94 108
94 96
94 97
95 121
95 100
95 101
95 123
95 124
95 119
95 110
95 125
95 115
95 99
95 127
95 118
95 109
95 112
95 114
95 98
96 122
96 101
96 103
96 105
96 123
96 119
96 120
96 112
96 98
96 115
96 99
96 104
96 106
96 109
96 111
96 126
96 113
97 121
97 100
97 122
97 101
97 103
97 105
97 110
97 125
97 112
97 114
97 104
97 127
97 117
97 107
97 109
97 113
98 101
98 116
98 105
98 119
98 125
98 112
98 102
98 127
98 106
98 107
98 108
98 111
98 126
99 100
99 122
99 103
99 105
99 123
99 110
99 125
99 115
99 102
99 104
99 106
99 107
99 113
99 117
99 120
99 124
100 121
100 115
100 101
100 102
100 103
100 127
100 105
100 117
100 107
100 124
100 108
100 109
100 120
100 125
100 112
100 126
100 113
101 102
101 116
101 103
101 127
101 118
101 107
101 124
101 110
101 111
101 125
101 113
102 121
102 103
102 105
102 119
102 110
102 120
102 112
102 114
102 115
102 118
102 108
102 109
102 113
103 116
103 104
103 127
103 105
103 108
103 109
103 111
103 126
103 113
103 114
104 121
104 122
104 116
104 105
104 119
104 110
104 112
104 115
104 108
104 109
104 113
105 121
105 127
105 123
105 117
105 107
105 109
105 110
105 111
105 112
105 113
106 122
106 124
106 119
106 110
106 120
106 125
106 112
106 114
106 127
106 117
106 118
106 113
107 121
107 122
107 116
107 123
107 124
107 119
107 110
107 125
107 112
107 114
107 111
107 126
107 113
108 122
108 119
108 120
108 112
108 114
108 109
109 122
109 116
109 119
109 120
109 115
109 127
109 118
109 126
109 113
110 121
110 122
110 116
110 115
110 127
110 117
110 125
111 116
111 120
111 118
111 126
112 122
112 116
112 124
112 119
112 120
112 125
112 118
112 126
112 113
112 114
113 116
113 120
113 125
113 114
113 115
113 117
113 118
113 124
114 121
114 120
114 125
114 127
115 121
115 116
115 123
115 124
115 125
115 127
115 117
115 118
115 126
116 122
116 123
116 117
116 118
116 124
116 120
116 126
117 122
117 124
117 120
117 125
118 122
118 119
118 125
118 127
118 126
119 122
119 126
120 121
120 123
120 127
120 124
121 123
121 124
121 125
122 127
122 123
123 124
123 126
124 127
125 127
125 126
