0 1
0 2
0 3
0 4
0 6
0 7
0 8
0 9
0 10
0 11
0 12
0 13
0 14
0 15
0 16
0 17
0 18
0 19
0 20
0 21
0 22
0 23
0 24
0 25
0 26
0 27
0 28
0 29
0 30
0 31
0 32
0 33
0 34
0 35
0 36
0 37
0 38
0 39
0 40
0 41
0 42
0 43
0 44
0 45
0 46
0 47
0 48
0 49
0 50
0 51
0 52
0 53
0 54
0 55
0 56
0 57
0 58
0 59
0 60
0 61
1 2
1 63
1 3
1 64
1 4
1 5
1 6
1 8
1 65
1 10
1 66
1 11
1 67
1 68
1 15
1 69
1 70
1 71
1 72
1 73
1 21
1 74
1 22
1 75
1 24
1 25
1 76
1 27
1 77
1 78
1 79
1 30
1 80
1 31
1 32
1 81
1 82
1 83
1 35
1 36
1 84
1 85
1 38
1 41
1 86
1 87
1 42
1 43
1 88
1 89
1 46
1 90
1 91
1 48
1 92
1 51
1 54
1 93
1 55
1 94
1 95
1 58
1 59
1 60
2 96
2 62
2 3
2 97
2 7
2 98
2 65
2 10
2 66
2 67
2 12
2 13
2 68
2 14
2 15
2 99
2 18
2 69
2 70
2 100
2 19
2 74
2 22
2 23
2 75
2 24
2 25
2 76
2 27
2 77
2 29
2 80
2 31
2 101
2 34
2 35
2 102
2 84
2 85
2 37
2 39
2 40
2 41
2 87
2 42
2 44
2 88
2 45
2 46
2 47
2 51
2 52
2 103
2 55
2 104
2 56
2 94
2 105
2 57
2 58
2 59
2 60
2 61
3 106
3 62
3 97
3 4
3 7
3 98
3 65
3 9
3 66
3 11
3 107
3 67
3 12
3 13
3 15
3 16
3 18
3 69
3 100
3 71
3 20
3 72
3 108
3 74
3 22
3 75
3 25
3 26
3 76
3 77
3 28
3 78
3 79
3 29
3 31
3 109
3 32
3 101
3 33
3 110
3 34
3 36
3 111
3 85
3 38
3 112
3 86
3 42
3 43
3 44
3 88
3 45
3 46
3 47
3 113
3 90
3 91
3 48
3 92
3 52
3 54
3 93
3 55
3 114
3 59
3 60
4 106
4 96
4 63
4 6
4 7
4 98
4 65
4 9
4 67
4 12
4 13
4 14
4 16
4 99
4 69
4 115
4 19
4 20
4 73
4 21
4 74
4 22
4 75
4 26
4 76
4 27
4 79
4 29
4 31
4 32
4 101
4 110
4 81
4 83
4 102
4 116
4 36
4 117
4 111
4 39
4 40
4 42
4 43
4 88
4 89
4 118
4 119
4 49
4 92
4 51
4 52
4 54
4 93
4 114
4 104
4 56
4 105
4 57
4 120
4 58
4 59
4 60
4 61
5 106
5 62
5 6
5 98
5 9
5 11
5 107
5 67
5 12
5 122
5 68
5 15
5 115
5 100
5 19
5 73
5 22
5 75
5 24
5 25
5 123
5 26
5 28
5 78
5 79
5 31
5 109
5 32
5 101
5 33
5 110
5 34
5 83
5 117
5 84
5 125
5 85
5 112
5 39
5 86
5 44
5 88
5 45
5 46
5 91
5 48
5 92
5 50
5 51
5 55
5 114
5 56
5 105
5 120
5 95
5 58
5 60
5 7
5 103
5 23
5 90
5 49
5 94
5 8
5 72
5 121
5 10
6 106
6 97
6 64
6 98
6 65
6 10
6 66
6 107
6 67
6 13
6 122
6 69
6 70
6 115
6 73
6 23
6 75
6 24
6 25
6 123
6 76
6 27
6 77
6 28
6 79
6 109
6 101
6 110
6 82
6 83
6 35
6 126
6 116
6 36
6 111
6 37
6 112
6 42
6 88
6 89
6 118
6 46
6 90
6 54
6 93
6 114
6 104
6 56
6 94
6 105
6 57
6 120
6 95
6 60
6 61
7 106
7 96
7 64
7 9
7 10
7 107
7 67
7 68
7 15
7 16
7 17
7 20
7 72
7 73
7 21
7 22
7 127
7 23
7 25
7 26
7 76
7 27
7 77
7 28
7 29
7 80
7 32
7 110
7 82
7 34
7 102
7 116
7 117
7 111
7 125
7 37
7 40
7 86
7 42
7 44
7 88
7 89
7 119
7 46
7 90
7 49
7 92
7 51
7 52
7 53
7 103
7 54
7 93
7 56
7 120
7 95
7 94
7 12
7 8
7 24
7 11
7 121
7 62
8 96
8 64
8 98
8 65
8 10
8 107
8 13
8 122
8 68
8 14
8 15
8 16
8 17
8 99
8 69
8 100
8 19
8 71
8 73
8 127
8 23
8 24
8 123
8 26
8 27
8 28
8 78
8 79
8 30
8 33
8 81
8 83
8 117
8 111
8 85
8 37
8 112
8 42
8 43
8 88
8 119
8 91
8 49
8 92
8 50
8 51
8 52
8 53
8 54
8 55
8 57
8 95
8 58
8 59
8 61
8 103
8 25
8 125
8 56
8 90
8 94
8 12
8 72
8 11
8 121
8 62
9 62
9 63
9 121
9 98
9 67
9 12
9 13
9 68
9 16
9 99
9 18
9 100
9 71
9 20
9 72
9 21
9 74
9 75
9 76
9 27
9 77
9 78
9 29
9 80
9 31
9 109
9 101
9 33
9 81
9 124
9 82
9 35
9 126
9 116
9 39
9 40
9 41
9 86
9 42
9 44
9 113
9 90
9 48
9 49
9 92
9 50
9 51
9 53
9 93
9 94
9 57
9 120
9 95
9 58
9 61
10 106
10 62
10 64
10 98
10 67
10 12
10 14
10 15
10 16
10 99
10 18
10 69
10 70
10 19
10 72
10 108
10 74
10 23
10 75
10 24
10 25
10 123
10 27
10 78
10 79
10 29
10 30
10 80
10 109
10 32
10 101
10 33
10 110
10 81
10 35
10 126
10 117
10 111
10 37
10 44
10 88
10 119
10 48
10 49
10 51
10 52
10 55
10 114
10 104
10 56
10 105
10 57
10 120
10 59
10 103
10 125
10 90
10 107
10 94
10 11
10 121
11 96
11 64
11 13
11 14
11 15
11 17
11 70
11 115
11 19
11 71
11 127
11 75
11 24
11 123
11 26
11 76
11 27
11 77
11 78
11 79
11 80
11 110
11 81
11 34
11 83
11 36
11 125
11 85
11 112
11 40
11 86
11 42
11 43
11 44
11 45
11 90
11 51
11 52
11 103
11 54
11 55
11 114
11 104
11 56
11 94
11 95
11 59
11 25
11 23
11 49
11 107
11 12
11 72
11 121
11 62
12 96
12 62
12 64
12 65
12 67
12 15
12 99
12 18
12 71
12 20
12 73
12 21
12 23
12 75
12 25
12 123
12 76
12 77
12 28
12 78
12 30
12 80
12 109
12 32
12 101
12 33
12 81
12 83
12 126
12 116
12 125
12 37
12 39
12 41
12 87
12 44
12 88
12 89
12 118
12 48
12 50
12 52
12 103
12 55
12 120
12 58
12 56
12 90
12 49
12 107
12 94
12 72
12 24
12 121
13 106
13 96
13 63
13 97
13 64
13 65
13 66
13 67
13 122
13 68
13 15
13 17
13 18
13 69
13 70
13 115
13 100
13 71
13 20
13 108
13 73
13 21
13 127
13 23
13 75
13 25
13 76
13 27
13 77
13 28
13 78
13 79
13 29
13 30
13 109
13 32
13 101
13 81
13 124
13 82
13 34
13 36
13 117
13 84
13 111
13 112
13 39
13 41
13 86
13 43
13 88
13 89
13 45
13 46
13 47
13 91
13 49
13 92
13 51
13 53
13 103
13 54
13 93
13 56
13 94
13 105
13 95
13 58
13 59
13 60
13 61
14 121
14 97
14 98
14 65
14 107
14 68
14 15
14 70
14 115
14 100
14 19
14 71
14 20
14 72
14 73
14 23
14 75
14 24
14 25
14 123
14 77
14 79
14 30
14 31
14 32
14 81
14 34
14 126
14 116
14 36
14 84
14 111
14 125
14 38
14 39
14 40
14 86
14 87
14 42
14 89
14 118
14 45
14 46
14 91
14 49
14 92
14 50
14 52
14 53
14 103
14 54
14 55
14 104
14 57
14 95
14 60
14 61
15 106
15 121
15 97
15 64
15 98
15 107
15 67
15 122
15 68
15 17
15 99
15 69
15 115
15 100
15 19
15 71
15 20
15 108
15 73
15 21
15 22
15 23
15 75
15 24
15 25
15 26
15 76
15 77
15 28
15 79
15 29
15 30
15 101
15 33
15 81
15 82
15 34
15 35
15 36
15 117
15 84
15 111
15 125
15 39
15 41
15 87
15 42
15 45
15 46
15 113
15 90
15 49
15 50
15 51
15 103
15 54
15 104
15 56
15 94
15 120
15 58
15 59
15 60
15 72
15 62
16 106
16 96
16 97
16 98
16 65
16 66
16 67
16 17
16 18
16 115
16 71
16 73
16 22
16 127
16 75
16 24
16 123
16 26
16 76
16 77
16 28
16 78
16 79
16 30
16 32
16 101
16 81
16 82
16 35
16 84
16 111
16 85
16 37
16 38
16 39
16 88
16 89
16 45
16 46
16 113
16 48
16 50
16 51
16 54
16 104
16 94
16 120
17 106
17 96
17 63
17 64
17 98
17 107
17 122
17 68
17 99
17 69
17 100
17 19
17 20
17 21
17 24
17 123
17 26
17 76
17 77
17 28
17 30
17 31
17 101
17 33
17 124
17 82
17 34
17 36
17 117
17 85
17 38
17 86
17 42
17 43
17 44
17 119
17 45
17 46
17 113
17 90
17 91
17 48
17 50
17 51
17 52
17 103
17 114
17 105
17 57
17 120
17 95
17 60
18 106
18 121
18 97
18 64
18 66
18 68
18 99
18 69
18 70
18 115
18 100
18 71
18 108
18 22
18 127
18 23
18 75
18 25
18 123
18 27
18 77
18 28
18 30
18 101
18 110
18 81
18 124
18 82
18 34
18 35
18 102
18 126
18 36
18 117
18 84
18 111
18 125
18 88
18 89
18 118
18 46
18 47
18 91
18 92
18 51
18 53
18 54
18 55
18 114
18 56
18 94
18 105
18 58
18 60
18 61
19 106
19 96
19 62
19 64
19 65
19 67
19 122
19 69
19 115
19 100
19 71
19 20
19 108
19 74
19 22
19 127
19 24
19 25
19 123
19 26
19 76
19 27
19 28
19 78
19 80
19 31
19 124
19 82
19 102
19 116
19 36
19 117
19 111
19 85
19 38
19 39
19 86
19 42
19 43
19 44
19 88
19 89
19 118
19 45
19 46
19 47
19 113
19 91
19 48
19 51
19 103
19 54
19 93
19 55
19 114
19 104
19 105
19 57
20 97
20 64
20 66
20 67
20 99
20 70
20 21
20 74
20 127
20 23
20 25
20 26
20 76
20 77
20 28
20 31
20 109
20 32
20 33
20 34
20 102
20 117
20 84
20 125
20 38
20 39
20 40
20 41
20 86
20 87
20 42
20 44
20 89
20 118
20 45
20 47
20 49
20 92
20 53
20 54
20 55
20 94
20 105
20 57
20 58
20 60
21 97
21 98
21 67
21 69
21 100
21 108
21 74
21 75
21 76
21 27
21 77
21 28
21 78
21 29
21 32
21 101
21 110
21 82
21 102
21 116
21 117
21 84
21 125
21 85
21 37
21 38
21 112
21 40
21 87
21 88
21 89
21 119
21 45
21 49
21 92
21 51
21 53
21 103
21 54
21 93
21 55
21 114
21 104
21 56
21 94
21 57
21 60
21 61
22 96
22 63
22 64
22 65
22 66
22 122
22 68
22 99
22 69
22 70
22 100
22 71
22 72
22 73
22 74
22 127
22 75
22 24
22 25
22 123
22 28
22 78
22 79
22 30
22 80
22 31
22 33
22 110
22 81
22 34
22 35
22 116
22 111
22 125
22 85
22 37
22 38
22 112
22 39
22 40
22 86
22 87
22 42
22 43
22 44
22 88
22 89
22 118
22 119
22 45
22 47
22 90
22 91
22 50
22 52
22 103
22 54
22 93
22 55
22 114
22 94
22 105
22 59
22 61
23 106
23 62
23 121
23 97
23 64
23 98
23 107
23 67
23 69
23 70
23 100
23 72
23 108
23 127
23 75
23 24
23 25
23 123
23 27
23 77
23 28
23 78
23 29
23 80
23 31
23 32
23 33
23 82
23 83
23 126
23 116
23 84
23 125
23 85
23 37
23 38
23 112
23 39
23 40
23 41
23 87
23 43
23 44
23 88
23 89
23 118
23 119
23 90
23 91
23 49
23 51
23 103
23 93
23 56
23 94
23 105
23 57
23 95
24 106
24 96
24 62
24 121
24 66
24 107
24 122
24 68
24 99
24 69
24 115
24 108
24 73
24 123
24 79
24 29
24 31
24 32
24 33
24 110
24 83
24 35
24 126
24 36
24 117
24 84
24 125
24 37
24 112
24 39
24 40
24 41
24 86
24 87
24 43
24 44
24 88
24 89
24 119
24 45
24 91
24 48
24 49
24 92
24 51
24 103
24 114
24 94
24 105
24 57
24 120
24 59
24 60
24 61
24 25
24 56
24 90
24 72
25 106
25 63
25 97
25 64
25 66
25 107
25 67
25 68
25 70
25 115
25 108
25 73
25 123
25 26
25 27
25 77
25 30
25 32
25 82
25 83
25 126
25 36
25 117
25 111
25 125
25 38
25 112
25 39
25 41
25 89
25 118
25 46
25 47
25 90
25 48
25 49
25 50
25 53
25 103
25 56
25 94
25 105
25 57
25 120
25 95
25 58
25 59
25 60
25 61
25 72
25 121
25 62
26 65
26 107
26 122
26 68
26 115
26 74
26 75
26 123
26 77
26 28
26 78
26 29
26 30
26 31
26 101
26 110
26 82
26 34
26 35
26 126
26 84
26 111
26 112
26 40
26 41
26 86
26 42
26 44
26 89
26 119
26 46
26 47
26 113
26 92
26 103
26 54
26 93
26 114
26 94
26 57
26 120
26 60
26 61
27 106
27 62
27 63
27 65
27 122
27 68
27 69
27 71
27 108
27 74
27 127
27 123
27 76
27 77
27 29
27 30
27 80
27 109
27 101
27 110
27 82
27 35
27 102
27 116
27 117
27 84
27 111
27 37
27 112
27 40
27 41
27 86
27 89
27 119
27 45
27 46
27 47
27 113
27 90
27 49
27 50
27 51
27 54
27 93
27 59
27 60
28 106
28 62
28 63
28 97
28 107
28 67
28 122
28 68
28 99
28 69
28 70
28 115
28 100
28 71
28 108
28 73
28 123
28 76
28 77
28 78
28 30
28 80
28 33
28 124
28 83
28 102
28 111
28 38
28 39
28 40
28 41
28 86
28 87
28 42
28 44
28 89
28 46
28 47
28 113
28 92
28 50
28 103
28 54
28 93
28 114
28 104
28 94
28 57
28 95
28 59
28 60
29 121
29 97
29 65
29 122
29 99
29 69
29 70
29 115
29 100
29 71
29 72
29 108
29 74
29 75
29 76
29 79
29 30
29 80
29 31
29 109
29 83
29 35
29 102
29 116
29 36
29 84
29 111
29 85
29 37
29 38
29 40
29 41
29 87
29 88
29 118
29 113
29 90
29 92
29 53
29 103
29 54
29 55
29 56
29 94
29 57
29 95
29 58
29 60
30 106
30 63
30 98
30 66
30 67
30 122
30 68
30 99
30 70
30 115
30 100
30 71
30 72
30 73
30 74
30 127
30 75
30 77
30 79
30 80
30 33
30 81
30 82
30 34
30 126
30 36
30 117
30 84
30 125
30 85
30 37
30 40
30 41
30 86
30 87
30 42
30 44
30 88
30 119
30 45
30 47
30 90
30 92
30 51
30 52
30 103
30 114
30 104
30 94
30 105
30 57
30 120
30 59
30 60
31 106
31 96
31 63
31 121
31 98
31 65
31 67
31 122
31 68
31 70
31 100
31 71
31 108
31 127
31 76
31 77
31 78
31 80
31 109
31 32
31 110
31 81
31 124
31 34
31 83
31 35
31 116
31 36
31 84
31 111
31 37
31 39
31 41
31 86
31 43
31 89
31 118
31 46
31 48
31 50
31 52
31 93
31 55
31 104
31 94
31 105
31 57
31 120
31 95
31 59
31 60
31 61
32 96
32 63
32 64
32 68
32 69
32 115
32 100
32 72
32 108
32 127
32 75
32 123
32 79
32 80
32 101
32 83
32 126
32 84
32 37
32 39
32 41
32 86
32 42
32 89
32 119
32 47
32 90
32 48
32 92
32 50
32 51
32 103
32 104
32 57
32 120
32 95
32 58
33 98
33 67
33 122
33 68
33 69
33 115
33 100
33 71
33 108
33 73
33 75
33 123
33 77
33 78
33 79
33 101
33 81
33 34
33 83
33 126
33 36
33 84
33 85
33 37
33 86
33 88
33 119
33 45
33 46
33 47
33 113
33 91
33 49
33 92
33 50
33 51
33 52
33 53
33 54
33 114
33 57
33 120
33 60
34 96
34 62
34 121
34 122
34 68
34 70
34 115
34 71
34 73
34 127
34 77
34 78
34 79
34 80
34 124
34 82
34 35
34 102
34 126
34 116
34 111
34 125
34 37
34 38
34 40
34 86
34 42
34 43
34 118
34 45
34 46
34 113
34 90
34 48
34 49
34 51
34 52
34 53
34 55
34 104
34 56
34 95
34 59
34 61
35 106
35 63
35 97
35 66
35 67
35 122
35 68
35 100
35 71
35 108
35 73
35 127
35 123
35 77
35 79
35 109
35 110
35 81
35 124
35 102
35 116
35 117
35 125
35 85
35 87
35 43
35 88
35 118
35 45
35 47
35 90
35 91
35 49
35 92
35 50
35 52
35 53
35 103
35 55
35 94
35 105
35 57
35 120
35 61
36 96
36 63
36 64
36 67
36 99
36 69
36 115
36 100
36 72
36 74
36 75
36 123
36 76
36 109
36 101
36 81
36 124
36 102
36 125
36 85
36 40
36 41
36 42
36 43
36 44
36 88
36 118
36 45
36 46
36 90
36 91
36 48
36 49
36 92
36 103
36 104
36 56
36 95
36 59
36 60
36 61
37 62
37 63
37 97
37 98
37 107
37 67
37 68
37 99
37 100
37 72
37 73
37 127
37 123
37 76
37 77
37 79
37 80
37 109
37 101
37 82
37 102
37 116
37 125
37 85
37 39
37 41
37 43
37 118
37 119
37 45
37 91
37 48
37 92
37 51
37 52
37 53
37 103
37 55
37 105
37 57
37 95
38 63
38 97
38 64
38 98
38 107
38 67
38 122
38 115
38 100
38 74
38 127
38 75
38 123
38 77
38 79
38 80
38 109
38 110
38 82
38 126
38 111
38 125
38 85
38 40
38 41
38 44
38 47
38 113
38 48
38 49
38 104
38 58
38 59
38 60
38 61
39 106
39 96
39 121
39 64
39 65
39 66
39 67
39 99
39 69
39 100
39 71
39 72
39 108
39 73
39 74
39 123
39 78
39 79
39 109
39 101
39 81
39 124
39 82
39 102
39 126
39 117
39 111
39 125
39 85
39 40
39 41
39 87
39 42
39 118
39 45
39 46
39 113
39 92
39 52
39 53
39 103
39 54
39 93
39 104
39 56
39 94
39 105
39 57
39 120
39 58
39 59
40 63
40 121
40 97
40 64
40 98
40 66
40 107
40 122
40 68
40 99
40 69
40 100
40 71
40 72
40 75
40 123
40 77
40 78
40 79
40 80
40 101
40 110
40 124
40 82
40 83
40 126
40 116
40 117
40 111
40 112
40 87
40 42
40 88
40 89
40 119
40 46
40 47
40 113
40 90
40 91
40 92
40 51
40 52
40 54
40 93
40 104
40 60
41 106
41 96
41 63
41 121
41 65
41 107
41 122
41 115
41 71
41 72
41 73
41 127
41 77
41 78
41 80
41 82
41 102
41 116
41 117
41 111
41 85
41 112
41 89
41 118
41 46
41 113
41 90
41 103
41 54
41 55
41 114
41 104
41 105
41 57
41 95
42 106
42 96
42 63
42 64
42 66
42 67
42 68
42 69
42 115
42 100
42 108
42 75
42 77
42 79
42 80
42 110
42 81
42 124
42 82
42 102
42 126
42 116
42 84
42 125
42 86
42 118
42 46
42 50
42 51
42 54
42 55
42 114
42 60
42 61
43 96
43 62
43 63
43 121
43 66
43 107
43 69
43 71
43 108
43 74
43 123
43 77
43 101
43 110
43 81
43 126
43 116
43 84
43 111
43 87
43 44
43 89
43 119
43 45
43 46
43 47
43 90
43 48
43 49
43 92
43 51
43 52
43 53
43 54
43 93
43 55
43 104
43 56
43 57
43 120
43 58
43 59
44 106
44 96
44 62
44 63
44 98
44 66
44 67
44 122
44 69
44 70
44 115
44 100
44 71
44 108
44 73
44 74
44 127
44 123
44 77
44 109
44 81
44 82
44 112
44 86
44 88
44 118
44 45
44 46
44 47
44 90
44 49
44 92
44 51
44 52
44 103
44 93
44 114
44 104
44 57
44 95
44 61
45 96
45 62
45 63
45 121
45 97
45 67
45 122
45 68
45 100
45 72
45 80
45 110
45 124
45 83
45 102
45 126
45 117
45 84
45 125
45 112
45 86
45 87
45 88
45 113
45 90
45 91
45 92
45 52
45 53
45 103
45 54
45 93
45 55
45 56
45 94
45 57
45 120
45 95
45 58
45 59
45 61
46 62
46 97
46 98
46 107
46 67
46 122
46 99
46 69
46 70
46 115
46 74
46 127
46 123
46 77
46 80
46 109
46 101
46 82
46 102
46 117
46 84
46 125
46 86
46 89
46 119
46 113
46 90
46 91
46 93
46 55
46 114
46 104
46 56
46 94
46 105
46 58
46 61
47 106
47 62
47 121
47 64
47 67
47 122
47 68
47 99
47 100
47 71
47 108
47 76
47 77
47 78
47 79
47 80
47 101
47 110
47 81
47 124
47 82
47 83
47 102
47 116
47 117
47 125
47 85
47 87
47 88
47 118
47 119
47 91
47 92
47 50
47 52
47 103
47 54
47 93
47 104
47 105
47 95
47 59
47 60
48 106
48 96
48 62
48 63
48 66
48 107
48 67
48 122
48 99
48 115
48 100
48 71
48 108
48 73
48 127
48 75
48 77
48 78
48 79
48 80
48 109
48 101
48 81
48 102
48 126
48 84
48 111
48 125
48 85
48 112
48 89
48 118
48 113
48 91
48 49
48 92
48 51
48 52
48 103
48 54
48 93
48 55
48 114
48 56
48 94
48 57
48 59
48 60
49 62
49 63
49 121
49 97
49 98
49 65
49 107
49 67
49 122
49 99
49 115
49 100
49 72
49 108
49 73
49 127
49 75
49 80
49 109
49 110
49 82
49 83
49 126
49 116
49 117
49 111
49 125
49 85
49 88
49 89
49 118
49 113
49 90
49 52
49 103
49 93
49 55
49 104
49 56
49 105
49 57
49 95
49 58
49 60
49 61
49 94
50 106
50 96
50 63
50 98
50 66
50 67
50 70
50 100
50 108
50 73
50 127
50 77
50 78
50 109
50 101
50 110
50 102
50 126
50 125
50 85
50 86
50 87
50 88
50 118
50 92
50 52
50 53
50 54
50 104
50 57
50 120
50 95
50 59
51 96
51 62
51 97
51 65
51 122
51 99
51 70
51 100
51 71
51 72
51 74
51 76
51 79
51 80
51 101
51 81
51 124
51 82
51 83
51 102
51 111
51 85
51 112
51 87
51 88
51 118
51 119
51 91
51 52
51 103
51 54
51 93
51 114
51 56
51 94
51 105
51 57
51 95
51 61
52 106
52 96
52 62
52 63
52 121
52 98
52 66
52 67
52 122
52 99
52 115
52 74
52 127
52 78
52 79
52 110
52 81
52 82
52 83
52 102
52 126
52 84
52 111
52 125
52 85
52 112
52 88
52 89
52 118
52 113
52 91
52 53
52 54
52 93
52 55
52 104
52 105
52 120
52 58
52 61
53 96
53 121
53 64
53 107
53 67
53 122
53 68
53 69
53 70
53 115
53 100
53 71
53 108
53 74
53 127
53 75
53 123
53 77
53 78
53 79
53 110
53 83
53 102
53 111
53 125
53 88
53 89
53 119
53 113
53 103
53 93
53 104
53 56
53 120
53 58
53 59
53 61
54 106
54 63
54 97
54 64
54 98
54 66
54 107
54 122
54 68
54 99
54 69
54 70
54 100
54 72
54 74
54 75
54 78
54 79
54 80
54 109
54 82
54 83
54 84
54 111
54 86
54 87
54 88
54 113
54 91
54 103
54 93
54 114
54 56
54 105
54 57
54 120
54 95
54 59
55 96
55 64
55 98
55 107
55 122
55 100
55 72
55 108
55 73
55 74
55 75
55 123
55 101
55 82
55 117
55 84
55 111
55 125
55 85
55 88
55 89
55 119
55 113
55 91
55 103
55 114
55 56
55 94
55 105
55 57
55 58
55 59
56 62
56 63
56 121
56 64
56 98
56 65
56 66
56 107
56 122
56 71
56 72
56 108
56 73
56 74
56 127
56 123
56 76
56 77
56 79
56 101
56 110
56 82
56 126
56 84
56 125
56 112
56 118
56 119
56 90
56 92
56 103
56 114
56 104
56 95
56 60
56 61
56 94
57 106
57 62
57 97
57 65
57 122
57 69
57 70
57 115
57 100
57 72
57 73
57 75
57 123
57 77
57 78
57 79
57 110
57 81
57 124
57 83
57 126
57 116
57 117
57 125
57 86
57 88
57 89
57 113
57 90
57 91
57 103
57 93
57 104
57 94
57 120
57 95
57 58
57 59
58 106
58 96
58 62
58 64
58 66
58 68
58 99
58 69
58 115
58 100
58 71
58 108
58 73
58 74
58 75
58 123
58 78
58 80
58 101
58 110
58 124
58 82
58 83
58 116
58 84
58 85
58 112
58 89
58 119
58 113
58 91
58 114
58 104
58 105
58 120
58 95
58 59
58 61
59 106
59 96
59 63
59 97
59 65
59 122
59 99
59 69
59 74
59 123
59 76
59 124
59 102
59 117
59 125
59 86
59 87
59 88
59 118
59 91
59 92
59 103
59 114
59 95
59 61
60 106
60 62
60 121
60 97
60 65
60 66
60 122
60 68
60 100
60 72
60 73
60 74
60 78
60 101
60 82
60 116
60 84
60 86
60 88
60 118
60 90
60 114
61 62
61 63
61 97
61 64
61 65
61 99
61 69
61 74
61 127
61 123
61 76
61 77
61 79
61 80
61 81
61 102
61 126
61 116
61 125
61 85
61 86
61 87
61 89
61 92
61 114
61 104
61 105
61 120
61 95
62 106
62 98
62 65
62 67
62 100
62 72
62 108
62 73
62 127
62 75
62 123
62 76
62 77
62 78
62 80
62 109
62 82
62 116
62 84
62 125
62 85
62 112
62 119
62 103
62 114
62 94
62 90
62 107
62 121
63 106
63 97
63 66
63 67
63 122
63 69
63 70
63 115
63 71
63 108
63 73
63 127
63 75
63 123
63 78
63 80
63 109
63 82
63 102
63 116
63 117
63 84
63 125
63 87
63 88
63 118
63 91
63 92
63 103
63 93
63 94
63 105
63 120
64 66
64 99
64 100
64 73
64 77
64 109
64 124
64 82
64 102
64 117
64 111
64 125
64 103
64 93
64 98
64 65
64 67
64 72
64 74
64 75
64 76
64 81
64 116
64 84
64 113
64 90
64 120
64 95
65 96
65 66
65 99
65 69
65 73
65 127
65 110
65 124
65 82
65 117
65 88
65 91
65 93
65 94
65 121
65 107
65 122
65 115
65 71
65 108
65 74
65 75
65 76
65 83
65 84
65 85
65 112
65 86
65 87
65 90
65 114
65 104
65 95
66 106
66 96
66 107
66 67
66 122
66 68
66 99
66 70
66 100
66 71
66 127
66 76
66 78
66 79
66 109
66 101
66 110
66 124
66 126
66 117
66 84
66 112
66 88
66 118
66 91
66 93
66 104
66 120
67 96
67 99
67 100
67 127
67 78
67 110
67 82
67 102
67 117
67 111
67 89
67 103
67 93
67 121
67 98
67 122
67 115
67 71
67 72
67 108
67 80
67 81
67 126
67 84
67 114
67 95
68 97
68 100
68 127
68 77
68 102
68 117
68 111
68 125
68 88
68 89
68 103
68 94
68 121
68 98
68 107
68 70
68 115
68 108
68 75
68 76
68 116
68 85
68 112
68 118
68 113
68 90
68 104
68 120
68 95
69 106
69 98
69 107
69 115
69 100
69 71
69 74
69 75
69 76
69 77
69 79
69 110
69 81
69 82
69 102
69 125
69 112
69 86
69 118
69 119
69 90
69 94
69 105
69 120
70 99
70 127
70 124
70 82
70 111
70 125
70 103
70 93
70 75
70 123
70 76
70 79
70 80
70 116
70 85
70 86
70 87
70 118
70 90
70 104
70 95
71 96
71 97
71 99
71 73
71 127
71 77
71 101
71 110
71 124
71 82
71 102
71 125
71 88
71 89
71 119
71 91
71 103
71 93
71 94
71 121
71 107
71 122
71 115
71 108
71 76
71 80
71 81
71 85
71 118
71 90
71 114
71 104
72 96
72 100
72 125
72 88
72 89
72 119
72 121
72 107
72 115
72 108
72 123
72 79
72 80
72 126
72 85
72 112
72 86
72 87
72 90
72 92
72 104
72 103
72 94
73 106
73 98
73 115
73 108
73 76
73 77
73 78
73 79
73 109
73 101
73 81
73 82
73 126
73 116
73 84
73 85
73 118
73 91
73 93
73 95
74 96
74 97
74 100
74 109
74 101
74 110
74 125
74 88
74 89
74 94
74 98
74 107
74 122
74 108
74 75
74 76
74 116
74 84
74 85
74 118
74 113
74 92
74 114
74 120
75 96
75 127
75 77
75 78
75 101
75 110
75 124
75 82
75 125
75 89
75 119
75 122
75 115
75 108
75 76
75 79
75 80
75 126
75 116
75 84
75 86
75 118
75 90
75 92
75 104
75 95
76 99
76 127
76 78
76 109
76 124
76 82
76 111
76 125
76 88
76 103
76 93
76 94
76 115
76 108
76 80
76 116
76 112
76 87
76 113
76 90
76 95
77 106
77 96
77 97
77 127
77 121
77 98
77 107
77 122
77 79
77 101
77 81
77 124
77 82
77 102
77 126
77 111
77 85
77 88
77 119
77 113
77 90
77 91
77 120
77 95
78 106
78 99
78 100
78 127
78 98
78 107
78 122
78 108
78 123
78 101
78 110
78 102
78 126
78 84
78 86
78 89
78 92
78 103
78 93
78 114
78 94
78 105
79 97
79 99
79 127
79 109
79 82
79 111
79 88
79 119
79 93
79 80
79 81
79 83
79 84
79 112
79 87
79 118
79 113
79 90
79 92
80 96
80 97
80 101
80 124
80 82
80 102
80 111
80 125
80 103
80 93
80 94
80 98
80 107
80 122
80 115
80 123
80 81
80 83
80 126
80 116
80 84
80 87
80 118
80 92
80 104
80 105
80 95
81 96
81 99
81 100
81 82
81 125
81 88
81 89
81 93
81 94
81 107
81 115
81 108
81 123
81 83
81 126
81 116
81 84
81 85
81 112
81 86
81 118
81 92
81 114
81 104
81 105
82 106
82 96
82 97
82 127
82 109
82 107
82 122
82 115
82 108
82 83
82 102
82 116
82 117
82 84
82 111
82 112
82 88
82 89
82 118
82 90
82 91
82 92
82 93
82 104
82 94
82 95
83 96
83 97
83 127
83 101
83 110
83 124
83 102
83 117
83 111
83 125
83 88
83 119
83 103
83 93
83 94
83 98
83 107
83 122
83 108
83 123
83 84
83 85
83 112
83 86
83 87
83 90
83 105
84 96
84 99
84 101
84 102
84 111
84 91
84 93
84 121
84 98
84 115
84 108
84 86
84 113
84 92
84 114
84 104
84 120
84 95
85 97
85 99
85 110
85 102
85 117
85 111
85 125
85 88
85 89
85 119
85 91
85 103
85 98
85 107
85 122
85 115
85 126
85 112
85 86
85 87
85 118
85 113
85 120
86 96
86 99
86 127
86 109
86 101
86 110
86 124
86 102
86 117
86 111
86 125
86 88
86 91
86 93
86 121
86 98
86 122
86 115
86 123
86 118
87 127
87 102
87 125
87 88
87 91
87 103
87 93
87 98
87 108
87 116
87 113
87 92
87 120
88 106
88 99
88 100
88 117
88 121
88 98
88 116
88 112
88 89
88 90
88 91
88 104
88 95
89 106
89 96
89 97
89 99
89 109
89 110
89 117
89 111
89 125
89 98
89 115
89 123
89 126
89 116
89 113
89 91
89 92
89 93
89 114
89 104
89 120
89 95
90 99
90 127
90 109
90 110
90 124
90 117
90 125
90 119
90 91
90 103
90 93
90 94
90 107
90 115
90 108
90 112
90 113
90 104
90 105
90 120
90 121
91 106
91 99
91 127
91 109
91 124
91 119
91 107
91 122
91 108
91 116
91 92
91 103
91 114
91 105
91 95
92 96
92 97
92 99
92 127
92 109
92 101
92 117
92 125
92 119
92 103
92 93
92 98
92 107
92 122
92 115
92 108
92 123
92 116
92 113
92 105
93 106
93 96
93 97
93 127
93 109
93 124
93 111
93 125
93 98
93 108
93 123
93 116
93 118
93 114
93 104
93 105
93 95
94 97
94 127
94 110
94 102
94 111
94 125
94 103
94 121
94 98
94 107
94 122
94 123
94 112
94 114
94 104
94 120
95 97
95 100
95 127
95 110
95 124
95 117
95 98
95 122
95 115
95 126
95 112
95 113
95 120
96 106
96 97
96 98
96 122
96 99
96 100
96 108
96 101
96 124
96 102
96 126
96 116
96 125
96 103
96 104
96 105
97 106
97 122
97 99
97 115
97 100
97 102
97 126
97 112
97 118
97 119
97 104
97 120
98 127
98 109
98 124
98 102
98 125
98 121
98 122
98 108
98 126
98 113
98 105
98 120
99 106
99 121
99 107
99 122
99 108
99 109
99 110
99 117
99 118
99 103
99 114
99 104
99 120
100 106
100 121
100 107
100 122
100 115
100 127
100 123
100 109
100 125
100 112
100 104
100 120
101 106
101 108
101 102
101 116
101 117
101 112
101 119
101 103
101 114
102 106
102 107
102 115
102 108
102 117
102 112
102 119
102 103
102 114
102 104
102 105
103 106
103 109
103 124
103 125
103 119
103 107
103 122
103 115
103 108
103 123
103 126
103 114
103 120
103 121
104 127
104 109
104 110
104 117
104 125
104 119
104 108
104 126
104 116
104 107
104 115
104 112
104 114
104 105
105 109
105 124
105 117
105 125
105 122
105 108
105 116
105 107
105 114
105 120
106 127
106 109
106 110
106 124
106 117
106 111
106 125
106 119
107 127
107 109
107 110
107 124
107 125
107 126
107 123
107 112
107 115
107 118
107 120
107 121
108 127
108 109
108 124
108 117
108 119
108 121
108 115
108 123
108 116
108 112
108 118
108 113
108 114
109 115
109 123
109 110
109 126
109 112
109 118
109 119
109 120
110 127
110 124
110 116
110 125
110 112
110 118
110 114
110 120
111 127
111 117
111 121
111 122
111 118
111 113
112 127
112 124
112 119
112 122
112 123
112 115
112 118
112 120
113 127
113 124
113 125
113 122
114 127
114 124
114 117
114 116
114 123
114 121
115 127
115 124
115 125
115 119
115 122
115 116
115 118
116 127
116 124
116 117
116 119
116 126
116 121
116 120
117 127
117 123
117 125
117 119
118 127
118 124
118 125
118 119
118 122
118 126
118 123
119 127
119 124
119 120
120 125
120 122
120 123
121 127
121 125
121 122
121 123
122 126
123 127
123 126
124 126
124 125
125 127
125 126
