0 1
0 2
0 3
0 4
0 5
0 6
0 7
0 8
0 9
0 10
0 11
0 12
0 13
0 14
0 15
0 16
0 17
0 18
0 19
0 20
0 21
0 22
0 23
0 24
0 25
0 26
0 27
0 28
0 29
0 30
0 31
0 32
0 33
0 34
0 35
0 36
0 37
0 38
0 39
0 40
0 41
0 42
0 43
0 44
0 45
0 46
0 47
0 48
0 49
0 50
0 51
0 52
0 53
0 54
0 55
0 56
0 57
0 100
0 76
0 67
0 74
0 108
0 126
1 58
1 59
1 60
1 2
1 4
1 6
1 7
1 8
1 61
1 10
1 11
1 12
1 13
1 62
1 14
1 16
1 17
1 18
1 63
1 64
1 65
1 66
1 67
1 22
1 23
1 24
1 68
1 25
1 26
1 27
1 28
1 69
1 29
1 70
1 71
1 72
1 73
1 74
1 75
1 76
1 32
1 77
1 33
1 78
1 79
1 35
1 36
1 80
1 81
1 38
1 82
1 83
1 84
1 39
1 41
1 85
1 42
1 43
1 44
1 46
1 86
1 47
1 87
1 88
1 89
1 90
1 91
1 49
1 50
1 51
1 53
1 92
1 93
1 94
1 100
1 20
1 108
1 126
2 58
2 59
2 3
2 4
2 5
2 95
2 6
2 7
2 8
2 96
2 97
2 10
2 11
2 12
2 13
2 62
2 14
2 98
2 15
2 16
2 17
2 18
2 99
2 64
2 66
2 100
2 67
2 24
2 68
2 101
2 26
2 29
2 102
2 72
2 73
2 103
2 104
2 105
2 31
2 32
2 106
2 79
2 35
2 37
2 81
2 82
2 84
2 107
2 108
2 109
2 41
2 85
2 43
2 110
2 46
2 86
2 47
2 87
2 89
2 90
2 91
2 111
2 48
2 112
2 50
2 51
2 113
2 54
2 114
2 115
3 58
3 59
3 4
3 5
3 7
3 97
3 61
3 12
3 98
3 19
3 116
3 100
3 24
3 68
3 101
3 26
3 27
3 117
3 29
3 70
3 30
3 105
3 75
3 118
3 78
3 79
3 34
3 80
3 81
3 38
3 119
3 107
3 120
3 85
3 44
3 45
3 47
3 89
3 90
3 91
3 48
3 49
3 112
3 50
3 51
3 52
3 113
3 55
3 92
3 56
3 115
3 93
3 121
3 94
4 60
4 95
4 9
4 61
4 11
4 62
4 98
4 16
4 17
4 116
4 63
4 122
4 64
4 100
4 23
4 101
4 29
4 102
4 71
4 30
4 74
4 103
4 104
4 31
4 75
4 76
4 32
4 33
4 118
4 78
4 79
4 34
4 82
4 83
4 108
4 40
4 41
4 124
4 85
4 46
4 86
4 47
4 91
4 50
4 113
4 53
4 56
4 115
4 121
4 14
4 26
4 35
4 38
4 27
4 10
4 20
4 67
4 126
5 95
5 8
5 96
5 10
5 11
5 12
5 14
5 16
5 99
5 20
5 63
5 65
5 100
5 22
5 23
5 25
5 101
5 117
5 102
5 73
5 30
5 74
5 103
5 105
5 75
5 32
5 77
5 33
5 78
5 34
5 35
5 38
5 83
5 119
5 107
5 109
5 40
5 41
5 124
5 85
5 43
5 45
5 110
5 86
5 87
5 89
5 90
5 91
5 111
5 49
5 112
5 50
5 113
5 55
5 92
5 57
5 121
5 94
6 59
6 95
6 8
6 61
6 11
6 13
6 62
6 17
6 18
6 19
6 99
6 63
6 122
6 66
6 100
6 101
6 28
6 69
6 125
6 71
6 72
6 73
6 103
6 104
6 105
6 31
6 76
6 32
6 77
6 106
6 118
6 78
6 79
6 36
6 80
6 37
6 126
6 81
6 38
6 84
6 119
6 107
6 108
6 39
6 109
6 40
6 124
6 42
6 43
6 86
6 47
6 87
6 89
6 91
6 48
6 49
6 112
6 51
6 53
6 55
6 56
6 57
6 115
6 121
6 94
7 58
7 59
7 12
7 13
7 62
7 14
7 98
7 19
7 99
7 116
7 20
7 63
7 64
7 65
7 66
7 23
7 68
7 25
7 26
7 28
7 69
7 117
7 123
7 74
7 104
7 105
7 75
7 32
7 77
7 33
7 106
7 78
7 79
7 35
7 80
7 37
7 81
7 38
7 82
7 119
7 39
7 40
7 41
7 124
7 85
7 42
7 44
7 45
7 110
7 47
7 87
7 89
7 90
7 91
7 111
7 112
7 50
7 51
7 113
7 55
7 92
7 56
7 57
7 93
8 59
8 60
8 95
8 9
8 96
8 10
8 13
8 98
8 15
8 17
8 20
8 63
8 122
8 64
8 68
8 26
8 69
8 117
8 125
8 102
8 71
8 123
8 73
8 30
8 74
8 103
8 31
8 75
8 76
8 32
8 78
8 79
8 80
8 37
8 81
8 38
8 82
8 83
8 84
8 39
8 109
8 40
8 85
8 43
8 44
8 45
8 110
8 47
8 89
8 91
8 111
8 49
8 112
8 50
8 51
8 52
8 113
8 53
8 127
8 56
8 114
8 57
8 93
8 121
9 58
9 59
9 95
9 96
9 97
9 13
9 14
9 98
9 15
9 17
9 99
9 21
9 100
9 23
9 24
9 25
9 101
9 29
9 73
9 30
9 104
9 105
9 31
9 75
9 76
9 77
9 33
9 106
9 118
9 34
9 35
9 81
9 38
9 83
9 84
9 39
9 41
9 120
9 124
9 42
9 43
9 44
9 45
9 110
9 46
9 86
9 88
9 89
9 91
9 111
9 48
9 49
9 52
9 115
9 93
9 94
10 58
10 96
10 97
10 61
10 13
10 62
10 14
10 98
10 16
10 99
10 116
10 63
10 64
10 100
10 22
10 23
10 24
10 68
10 25
10 101
10 28
10 69
10 117
10 125
10 29
10 102
10 72
10 123
10 73
10 30
10 74
10 104
10 105
10 75
10 76
10 32
10 106
10 118
10 78
10 38
10 82
10 83
10 119
10 107
10 40
10 120
10 42
10 43
10 45
10 110
10 46
10 47
10 87
10 90
10 91
10 111
10 49
10 113
10 55
10 92
10 56
10 26
10 35
10 27
10 53
10 20
10 67
10 108
10 33
10 126
11 58
11 59
11 95
11 61
11 14
11 18
11 99
11 116
11 21
11 122
11 64
11 65
11 23
11 24
11 27
11 28
11 69
11 117
11 29
11 71
11 72
11 123
11 104
11 105
11 31
11 75
11 76
11 77
11 118
11 34
11 35
11 80
11 37
11 81
11 38
11 83
11 39
11 124
11 110
11 46
11 87
11 88
11 89
11 90
11 111
11 49
11 112
11 52
11 53
11 127
11 56
11 114
11 57
11 93
12 58
12 59
12 95
12 96
12 97
12 13
12 98
12 15
12 17
12 18
12 116
12 20
12 21
12 122
12 65
12 66
12 23
12 27
12 102
12 123
12 103
12 105
12 31
12 75
12 76
12 77
12 106
12 118
12 78
12 35
12 80
12 37
12 126
12 38
12 82
12 83
12 108
12 109
12 85
12 42
12 43
12 110
12 47
12 91
12 48
12 51
12 113
12 54
12 92
12 56
12 57
12 93
12 94
13 58
13 60
13 96
13 97
13 16
13 17
13 99
13 116
13 63
13 122
13 66
13 67
13 22
13 23
13 24
13 25
13 27
13 69
13 117
13 102
13 71
13 74
13 103
13 105
13 31
13 75
13 76
13 32
13 77
13 33
13 78
13 36
13 81
13 83
13 107
13 41
13 120
13 124
13 85
13 42
13 43
13 44
13 110
13 86
13 87
13 89
13 91
13 111
13 112
13 50
13 51
13 52
13 92
13 56
14 96
14 97
14 61
14 98
14 15
14 16
14 18
14 19
14 99
14 116
14 20
14 21
14 66
14 100
14 22
14 24
14 68
14 101
14 26
14 27
14 69
14 125
14 70
14 72
14 30
14 75
14 33
14 118
14 78
14 79
14 35
14 36
14 80
14 126
14 81
14 38
14 84
14 107
14 39
14 40
14 124
14 42
14 43
14 110
14 46
14 86
14 47
14 88
14 89
14 90
14 49
14 50
14 51
14 52
14 53
14 56
14 114
14 57
14 93
14 121
14 76
14 67
14 74
14 108
15 58
15 60
15 95
15 98
15 17
15 99
15 67
15 22
15 24
15 101
15 27
15 69
15 117
15 125
15 102
15 72
15 123
15 73
15 30
15 103
15 104
15 75
15 76
15 77
15 106
15 78
15 34
15 35
15 36
15 126
15 38
15 107
15 39
15 41
15 124
15 85
15 42
15 43
15 44
15 45
15 46
15 86
15 87
15 88
15 89
15 90
15 111
15 112
15 52
15 54
15 57
15 121
16 59
16 60
16 96
16 61
16 20
16 63
16 21
16 122
16 64
16 67
16 23
16 25
16 27
16 28
16 117
16 125
16 102
16 123
16 73
16 30
16 103
16 104
16 75
16 33
16 106
16 35
16 37
16 107
16 39
16 109
16 41
16 124
16 43
16 44
16 45
16 86
16 90
16 111
16 48
16 49
16 112
16 50
16 51
16 52
16 113
16 54
16 55
16 92
16 114
16 115
16 121
16 94
17 58
17 60
17 97
17 62
17 98
17 19
17 99
17 116
17 63
17 21
17 64
17 66
17 23
17 24
17 68
17 25
17 101
17 27
17 69
17 117
17 102
17 123
17 73
17 30
17 74
17 103
17 104
17 105
17 31
17 106
17 118
17 78
17 79
17 34
17 36
17 37
17 126
17 38
17 82
17 83
17 84
17 107
17 108
17 39
17 109
17 41
17 124
17 42
17 44
17 110
17 86
17 47
17 89
17 90
17 111
17 48
17 49
17 51
17 52
17 55
17 114
17 93
17 121
18 59
18 95
18 97
18 19
18 99
18 116
18 63
18 122
18 64
18 66
18 25
18 101
18 26
18 27
18 28
18 69
18 117
18 29
18 123
18 74
18 103
18 105
18 76
18 118
18 79
18 34
18 35
18 80
18 38
18 83
18 107
18 41
18 120
18 124
18 86
18 47
18 87
18 88
18 90
18 48
18 55
18 127
18 56
18 94
19 58
19 59
19 61
19 99
19 21
19 64
19 65
19 100
19 67
19 23
19 24
19 68
19 26
19 28
19 69
19 117
19 71
19 72
19 123
19 73
19 75
19 32
19 118
19 34
19 35
19 36
19 126
19 81
19 82
19 84
19 107
19 109
19 85
19 44
19 45
19 110
19 47
19 89
19 90
19 91
19 111
19 112
19 113
19 54
19 55
19 127
19 57
19 94
20 58
20 59
20 60
20 63
20 122
20 65
20 66
20 67
20 68
20 25
20 27
20 28
20 102
20 71
20 72
20 30
20 103
20 105
20 31
20 77
20 118
20 78
20 79
20 34
20 36
20 80
20 37
20 81
20 39
20 109
20 40
20 41
20 110
20 46
20 47
20 90
20 91
20 48
20 112
20 50
20 51
20 52
20 113
20 53
20 55
20 127
20 115
20 121
20 94
20 26
20 35
20 38
20 100
20 76
20 74
20 108
20 33
20 126
21 58
21 96
21 97
21 61
21 63
21 64
21 66
21 100
21 67
21 23
21 24
21 68
21 25
21 27
21 28
21 69
21 29
21 102
21 123
21 73
21 104
21 76
21 77
21 106
21 118
21 78
21 79
21 37
21 38
21 83
21 109
21 120
21 124
21 85
21 42
21 43
21 44
21 45
21 86
21 47
21 88
21 89
21 112
21 51
21 52
21 113
21 55
21 92
21 56
21 114
21 57
21 115
21 93
21 94
22 58
22 59
22 60
22 95
22 96
22 62
22 98
22 63
22 122
22 65
22 100
22 67
22 25
22 101
22 26
22 29
22 71
22 123
22 104
22 32
22 77
22 33
22 78
22 36
22 37
22 81
22 83
22 108
22 109
22 40
22 41
22 120
22 124
22 85
22 42
22 87
22 111
22 49
22 112
22 51
22 113
22 55
22 92
22 56
22 114
23 58
23 59
23 96
23 97
23 61
23 98
23 116
23 63
23 100
23 101
23 26
23 28
23 69
23 117
23 125
23 29
23 70
23 71
23 72
23 123
23 73
23 104
23 77
23 106
23 79
23 80
23 81
23 38
23 83
23 119
23 107
23 108
23 40
23 120
23 124
23 85
23 42
23 45
23 110
23 47
23 87
23 88
23 48
23 49
23 50
23 52
23 54
23 55
23 127
23 56
23 57
23 115
24 58
24 59
24 95
24 61
24 62
24 99
24 63
24 122
24 66
24 100
24 67
24 25
24 26
24 27
24 125
24 70
24 71
24 73
24 30
24 104
24 105
24 76
24 106
24 79
24 36
24 80
24 37
24 38
24 83
24 84
24 39
24 124
24 85
24 42
24 43
24 45
24 46
24 87
24 88
24 89
24 91
24 48
24 49
24 112
24 51
24 113
24 53
24 54
24 55
24 92
24 56
24 114
24 121
25 59
25 95
25 97
25 61
25 62
25 98
25 116
25 63
25 122
25 64
25 100
25 67
25 68
25 27
25 117
25 125
25 29
25 102
25 71
25 72
25 123
25 73
25 104
25 31
25 77
25 33
25 106
25 35
25 37
25 83
25 84
25 107
25 108
25 40
25 124
25 85
25 44
25 86
25 87
25 89
25 90
25 48
25 49
25 51
25 52
25 113
25 56
25 114
25 57
25 115
25 93
26 58
26 59
26 97
26 61
26 98
26 63
26 64
26 65
26 66
26 101
26 27
26 28
26 69
26 117
26 125
26 29
26 70
26 123
26 30
26 74
26 103
26 104
26 105
26 75
26 32
26 118
26 79
26 34
26 35
26 36
26 80
26 126
26 38
26 107
26 39
26 109
26 40
26 41
26 120
26 85
26 42
26 43
26 44
26 110
26 46
26 86
26 47
26 87
26 88
26 89
26 49
26 52
26 113
26 53
26 55
26 92
26 127
26 114
26 115
26 94
26 100
26 76
26 67
26 108
26 33
27 59
27 97
27 62
27 98
27 99
27 116
27 64
27 65
27 100
27 68
27 101
27 69
27 117
27 125
27 29
27 70
27 30
27 103
27 31
27 75
27 33
27 106
27 79
27 35
27 36
27 37
27 126
27 38
27 82
27 119
27 107
27 108
27 109
27 120
27 124
27 42
27 45
27 46
27 47
27 90
27 48
27 51
27 52
27 113
27 53
27 92
27 56
27 93
27 76
27 67
27 74
28 58
28 60
28 95
28 116
28 122
28 64
28 65
28 100
28 69
28 103
28 104
28 105
28 31
28 75
28 32
28 77
28 118
28 34
28 35
28 37
28 81
28 83
28 107
28 39
28 40
28 85
28 43
28 44
28 45
28 110
28 46
28 47
28 88
28 89
28 48
28 50
28 113
28 54
28 127
28 56
28 121
28 94
29 58
29 59
29 95
29 96
29 61
29 98
29 99
29 116
29 64
29 65
29 66
29 68
29 101
29 69
29 117
29 125
29 102
29 70
29 71
29 72
29 30
29 105
29 76
29 32
29 77
29 106
29 78
29 79
29 34
29 126
29 38
29 84
29 119
29 107
29 108
29 120
29 124
29 42
29 43
29 44
29 46
29 86
29 47
29 87
29 88
29 90
29 91
29 48
29 55
29 56
29 114
29 115
29 93
29 94
30 95
30 97
30 98
30 99
30 122
30 100
30 67
30 69
30 72
30 123
30 73
30 74
30 31
30 75
30 32
30 33
30 106
30 118
30 79
30 35
30 80
30 81
30 82
30 107
30 39
30 109
30 41
30 124
30 43
30 44
30 45
30 110
30 46
30 86
30 88
30 89
30 90
30 91
30 111
30 48
30 52
30 92
30 114
31 58
31 95
31 97
31 98
31 99
31 122
31 67
31 102
31 71
31 72
31 123
31 74
31 103
31 104
31 75
31 76
31 77
31 106
31 118
31 78
31 34
31 35
31 36
31 80
31 37
31 82
31 108
31 43
31 86
31 47
31 89
31 50
31 51
31 113
31 54
31 121
32 58
32 59
32 60
32 95
32 62
32 98
32 63
32 122
32 64
32 65
32 100
32 67
32 69
32 125
32 102
32 71
32 73
32 74
32 103
32 105
32 75
32 76
32 77
32 33
32 106
32 118
32 78
32 79
32 34
32 35
32 36
32 80
32 38
32 82
32 119
32 107
32 39
32 109
32 40
32 85
32 43
32 44
32 110
32 86
32 88
32 89
32 91
32 48
32 49
32 112
32 50
32 51
32 113
32 53
32 54
32 127
32 56
32 57
32 121
32 94
33 59
33 95
33 64
33 68
33 117
33 70
33 73
33 104
33 105
33 79
33 34
33 80
33 37
33 81
33 38
33 83
33 84
33 108
33 109
33 124
33 42
33 43
33 44
33 86
33 47
33 89
33 90
33 48
33 112
33 52
33 57
33 121
33 94
33 35
33 53
33 46
33 100
33 76
33 67
33 74
33 126
34 59
34 95
34 96
34 61
34 99
34 116
34 63
34 122
34 67
34 101
34 69
34 125
34 102
34 71
34 72
34 123
34 75
34 77
34 118
34 36
34 126
34 81
34 38
34 82
34 83
34 107
34 108
34 39
34 41
34 120
34 124
34 42
34 45
34 110
34 47
34 87
34 90
34 91
34 48
34 50
34 51
34 53
34 92
34 114
34 57
34 115
34 93
34 121
35 58
35 60
35 95
35 96
35 97
35 98
35 99
35 64
35 65
35 66
35 100
35 67
35 125
35 102
35 70
35 74
35 104
35 76
35 106
35 118
35 78
35 36
35 80
35 38
35 82
35 83
35 119
35 108
35 39
35 120
35 124
35 85
35 43
35 44
35 45
35 46
35 86
35 47
35 87
35 88
35 90
35 111
35 49
35 50
35 51
35 113
35 53
35 54
35 55
35 92
35 127
35 115
35 126
36 58
36 59
36 95
36 97
36 62
36 98
36 116
36 122
36 101
36 117
36 70
36 72
36 123
36 74
36 104
36 77
36 78
36 81
36 38
36 82
36 109
36 40
36 120
36 85
36 44
36 45
36 110
36 86
36 90
36 112
36 52
36 127
36 56
36 114
36 93
36 121
37 58
37 60
37 95
37 97
37 61
37 116
37 64
37 68
37 101
37 69
37 117
37 70
37 72
37 123
37 73
37 103
37 75
37 76
37 77
37 118
37 78
37 38
37 82
37 119
37 39
37 120
37 43
37 45
37 110
37 88
37 90
37 49
37 51
37 52
37 113
37 55
37 127
37 56
37 114
37 57
37 93
37 94
38 58
38 97
38 61
38 62
38 99
38 116
38 63
38 122
38 64
38 66
38 101
38 117
38 71
38 123
38 74
38 77
38 106
38 118
38 79
38 81
38 82
38 40
38 124
38 42
38 44
38 45
38 46
38 47
38 89
38 90
38 91
38 111
38 49
38 50
38 52
38 53
38 55
38 127
38 57
38 93
38 121
38 100
38 76
38 67
38 108
38 126
39 58
39 60
39 95
39 62
39 98
39 65
39 100
39 67
39 102
39 71
39 72
39 123
39 73
39 74
39 103
39 104
39 75
39 118
39 79
39 126
39 81
39 82
39 84
39 119
39 107
39 108
39 109
39 85
39 43
39 86
39 89
39 90
39 48
39 112
39 50
39 51
39 52
39 113
39 53
39 92
39 57
39 93
40 96
40 61
40 98
40 99
40 122
40 65
40 67
40 68
40 69
40 117
40 102
40 123
40 73
40 74
40 103
40 105
40 78
40 79
40 80
40 81
40 84
40 119
40 124
40 85
40 42
40 43
40 44
40 46
40 86
40 87
40 88
40 89
40 49
40 112
40 51
40 52
40 113
40 54
40 55
40 114
40 93
40 121
41 59
41 98
41 116
41 64
41 65
41 66
41 125
41 73
41 74
41 104
41 105
41 75
41 76
41 77
41 118
41 78
41 79
41 80
41 126
41 82
41 84
41 107
41 108
41 120
41 124
41 85
41 43
41 47
41 88
41 111
41 48
41 49
41 112
41 50
41 52
41 92
41 127
41 114
41 57
41 121
41 94
42 58
42 95
42 96
42 97
42 63
42 64
42 66
42 100
42 68
42 101
42 117
42 71
42 72
42 123
42 73
42 76
42 77
42 78
42 79
42 80
42 126
42 81
42 119
42 108
42 120
42 124
42 44
42 110
42 46
42 86
42 89
42 90
42 48
42 49
42 112
42 52
42 113
42 54
42 92
42 127
42 114
42 57
42 94
43 59
43 60
43 62
43 64
43 65
43 100
43 67
43 101
43 71
43 123
43 74
43 103
43 105
43 106
43 78
43 79
43 83
43 119
43 107
43 109
43 124
43 85
43 44
43 87
43 90
43 111
43 48
43 49
43 112
43 50
43 51
43 54
43 55
43 92
43 56
43 121
43 94
44 60
44 98
44 64
44 66
44 67
44 68
44 101
44 69
44 117
44 125
44 102
44 71
44 123
44 74
44 75
44 106
44 118
44 78
44 80
44 82
44 83
44 84
44 119
44 107
44 109
44 124
44 45
44 46
44 86
44 88
44 91
44 112
44 50
44 52
44 54
44 92
44 127
44 56
44 114
44 57
44 93
44 121
45 59
45 60
45 95
45 96
45 97
45 99
45 63
45 65
45 66
45 68
45 101
45 69
45 102
45 71
45 103
45 105
45 106
45 79
45 81
45 82
45 83
45 84
45 119
45 107
45 124
45 46
45 86
45 87
45 88
45 89
45 111
45 50
45 113
45 53
45 55
45 92
45 114
45 57
45 115
45 93
45 121
46 58
46 59
46 60
46 95
46 96
46 97
46 98
46 122
46 64
46 65
46 66
46 100
46 67
46 68
46 69
46 125
46 70
46 71
46 123
46 74
46 103
46 76
46 106
46 79
46 80
46 126
46 81
46 110
46 86
46 47
46 87
46 88
46 91
46 48
46 112
46 52
46 113
46 53
46 54
46 92
46 94
46 108
47 96
47 97
47 122
47 64
47 100
47 68
47 101
47 69
47 117
47 102
47 70
47 71
47 74
47 105
47 75
47 80
47 81
47 108
47 109
47 120
47 85
47 110
47 86
47 87
47 88
47 89
47 90
47 112
47 52
47 113
47 53
47 54
47 55
47 92
47 114
47 121
47 76
47 67
47 126
48 59
48 60
48 61
48 62
48 116
48 64
48 65
48 66
48 68
48 101
48 125
48 102
48 71
48 104
48 105
48 76
48 78
48 79
48 81
48 124
48 110
48 91
48 49
48 51
48 113
48 54
48 92
48 56
48 57
48 115
48 93
48 121
49 61
49 98
49 116
49 63
49 68
49 117
49 125
49 71
49 72
49 73
49 74
49 106
49 118
49 78
49 80
49 82
49 107
49 108
49 124
49 85
49 110
49 90
49 91
49 111
49 112
49 52
49 54
49 92
49 127
49 114
49 93
49 121
50 59
50 60
50 61
50 98
50 116
50 122
50 64
50 65
50 66
50 100
50 67
50 68
50 69
50 117
50 102
50 71
50 103
50 75
50 79
50 80
50 126
50 82
50 84
50 119
50 120
50 124
50 86
50 88
50 111
50 51
50 52
50 53
50 54
50 55
50 127
50 114
50 57
50 115
50 93
50 121
50 94
51 95
51 96
51 97
51 61
51 62
51 98
51 99
51 116
51 122
51 100
51 67
51 101
51 69
51 102
51 72
51 123
51 73
51 74
51 103
51 104
51 105
51 106
51 118
51 78
51 79
51 82
51 107
51 110
51 87
51 88
51 90
51 52
51 53
51 127
51 56
51 115
51 93
51 121
51 94
52 59
52 95
52 96
52 61
52 98
52 99
52 122
52 68
52 125
52 72
52 74
52 104
52 105
52 75
52 77
52 80
52 81
52 82
52 84
52 119
52 108
52 120
52 124
52 85
52 86
52 91
52 113
52 53
52 55
52 127
52 57
52 115
52 93
53 58
53 60
53 99
53 116
53 63
53 65
53 66
53 67
53 117
53 125
53 102
53 70
53 123
53 73
53 74
53 75
53 76
53 81
53 83
53 84
53 109
53 85
53 110
53 88
53 90
53 91
53 112
53 54
53 55
53 92
53 114
53 93
53 100
53 108
53 126
54 58
54 60
54 95
54 97
54 61
54 62
54 116
54 63
54 122
54 64
54 65
54 100
54 67
54 68
54 101
54 69
54 117
54 125
54 102
54 70
54 71
54 73
54 75
54 106
54 118
54 80
54 81
54 84
54 120
54 85
54 110
54 86
54 87
54 89
54 90
54 91
54 111
54 92
54 127
54 56
54 114
54 57
54 115
54 121
55 58
55 59
55 60
55 95
55 97
55 61
55 98
55 63
55 64
55 65
55 66
55 100
55 125
55 102
55 70
55 72
55 123
55 73
55 74
55 103
55 104
55 105
55 118
55 80
55 83
55 119
55 108
55 109
55 124
55 110
55 86
55 111
55 115
55 121
56 58
56 60
56 96
56 61
56 98
56 99
56 116
56 65
56 66
56 68
56 101
56 104
56 75
56 77
56 79
56 126
56 81
56 82
56 83
56 108
56 109
56 85
56 87
56 88
56 91
56 111
56 113
56 114
56 57
56 115
56 121
57 58
57 59
57 62
57 63
57 64
57 65
57 100
57 101
57 102
57 72
57 123
57 73
57 105
57 75
57 76
57 77
57 118
57 80
57 81
57 82
57 84
57 119
57 107
57 108
57 109
57 120
57 85
57 110
57 91
57 111
57 113
57 92
57 121
58 59
58 60
58 95
58 96
58 97
58 61
58 62
58 116
58 63
58 64
58 65
58 66
58 68
58 101
58 69
58 70
58 71
58 72
58 74
58 104
58 106
58 118
58 78
58 79
58 84
58 119
58 109
58 120
58 124
58 110
58 86
58 87
58 88
58 90
58 112
58 113
58 92
58 127
58 94
59 95
59 96
59 97
59 62
59 98
59 63
59 65
59 66
59 100
59 68
59 69
59 125
59 71
59 123
59 73
59 78
59 79
59 82
59 119
59 107
59 86
59 90
59 91
59 111
59 112
59 113
59 92
59 121
59 94
60 95
60 96
60 97
60 61
60 62
60 98
60 99
60 63
60 122
60 64
60 65
60 66
60 100
60 67
60 125
60 102
60 71
60 123
60 73
60 75
60 76
60 106
60 80
60 126
60 83
60 119
60 109
60 120
60 86
60 90
60 111
60 112
60 92
61 95
61 96
61 97
61 62
61 99
61 116
61 122
61 64
61 65
61 66
61 68
61 101
61 69
61 125
61 102
61 70
61 71
61 72
61 74
61 103
61 104
61 75
61 77
61 106
61 78
61 81
61 83
61 119
61 108
61 120
61 110
61 86
61 90
61 91
61 111
61 112
61 127
61 114
61 115
61 94
62 96
62 63
62 100
62 69
62 117
62 123
62 73
62 103
62 105
62 75
62 76
62 77
62 106
62 79
62 81
62 109
62 120
62 110
62 89
62 90
62 91
62 111
62 112
62 113
62 127
62 114
62 115
62 93
63 95
63 98
63 99
63 116
63 122
63 64
63 100
63 68
63 69
63 102
63 72
63 123
63 103
63 105
63 75
63 80
63 119
63 108
63 120
63 85
63 111
63 113
63 127
63 93
63 94
64 95
64 97
64 67
64 68
64 117
64 125
64 71
64 123
64 74
64 103
64 104
64 105
64 75
64 77
64 79
64 81
64 82
64 83
64 119
64 107
64 109
64 124
64 86
64 88
64 89
64 90
64 91
64 112
64 127
64 115
64 93
64 121
64 94
65 97
65 98
65 116
65 66
65 68
65 117
65 70
65 72
65 123
65 74
65 104
65 78
65 79
65 80
65 81
65 83
65 84
65 119
65 109
65 110
65 86
65 87
65 113
65 127
65 114
65 93
65 94
66 95
66 97
66 67
66 101
66 117
66 102
66 72
66 73
66 105
66 77
66 106
66 78
66 79
66 80
66 126
66 82
66 83
66 119
66 107
66 108
66 109
66 120
66 124
66 85
66 110
66 86
66 88
66 89
66 90
66 91
66 111
66 92
66 127
66 114
66 115
66 93
67 96
67 97
67 100
67 68
67 102
67 70
67 71
67 73
67 74
67 103
67 106
67 79
67 80
67 108
67 109
67 120
67 124
67 110
67 87
67 89
67 111
67 112
67 92
67 115
67 121
67 94
67 76
67 126
68 96
68 97
68 98
68 99
68 116
68 100
68 101
68 117
68 125
68 73
68 104
68 105
68 77
68 106
68 118
68 78
68 79
68 126
68 81
68 83
68 84
68 107
68 109
68 110
68 88
68 90
68 112
68 127
68 114
68 93
69 95
69 96
69 99
69 116
69 122
69 100
69 101
69 117
69 72
69 123
69 73
69 104
69 77
69 106
69 78
69 80
69 82
69 83
69 84
69 119
69 109
69 124
69 85
69 110
69 87
69 89
69 90
69 113
69 93
70 99
70 116
70 100
70 101
70 102
70 71
70 123
70 73
70 74
70 103
70 75
70 77
70 106
70 118
70 79
70 81
70 82
70 83
70 107
70 120
70 110
70 86
70 89
70 113
70 92
70 127
70 115
70 93
70 121
70 94
71 95
71 98
71 99
71 116
71 122
71 100
71 101
71 102
71 72
71 123
71 103
71 104
71 105
71 75
71 77
71 118
71 78
71 79
71 126
71 81
71 83
71 124
71 85
71 110
71 87
71 91
71 111
71 112
71 92
71 114
71 115
71 93
72 95
72 96
72 98
72 100
72 123
72 73
72 105
72 75
72 79
72 126
72 84
72 119
72 108
72 124
72 86
72 87
72 88
72 91
72 111
72 112
72 113
72 114
72 121
73 95
73 97
73 116
73 101
73 117
73 125
73 102
73 103
73 104
73 75
73 77
73 106
73 118
73 78
73 79
73 82
73 84
73 124
73 86
73 91
73 112
73 127
73 115
73 93
74 97
74 101
74 102
74 123
74 75
74 77
74 78
74 81
74 83
74 84
74 108
74 110
74 88
74 90
74 91
74 113
74 92
74 114
74 94
74 100
74 76
74 126
75 96
75 97
75 98
75 99
75 116
75 122
75 101
75 117
75 123
75 103
75 76
75 82
75 119
75 107
75 109
75 124
75 110
75 89
75 90
75 91
75 112
75 92
75 127
75 114
75 93
75 121
76 96
76 97
76 98
76 116
76 125
76 105
76 77
76 106
76 118
76 78
76 126
76 81
76 83
76 84
76 119
76 120
76 124
76 110
76 86
76 88
76 111
76 113
76 114
76 94
76 100
76 108
77 95
77 97
77 99
77 116
77 122
77 125
77 123
77 103
77 104
77 105
77 106
77 80
77 82
77 84
77 107
77 109
77 120
77 110
77 87
77 89
77 111
77 112
77 113
77 127
77 115
78 95
78 97
78 98
78 99
78 116
78 122
78 100
78 101
78 117
78 123
78 104
78 106
78 79
78 80
78 81
78 82
78 83
78 84
78 119
78 107
78 124
78 85
78 87
78 89
78 112
78 127
78 114
78 93
78 121
79 122
79 100
79 117
79 125
79 123
79 103
79 118
79 80
79 82
79 84
79 120
79 124
79 110
79 88
79 90
79 111
79 112
79 92
79 127
79 93
79 121
79 94
80 97
80 98
80 122
80 100
80 117
80 102
80 103
80 104
80 106
80 118
80 126
80 81
80 82
80 119
80 108
80 120
80 86
80 89
80 90
80 113
80 127
80 93
80 121
80 94
81 95
81 96
81 99
81 122
81 117
81 125
81 103
81 105
81 118
81 82
81 119
81 107
81 108
81 109
81 120
81 124
81 110
81 86
81 87
81 91
81 111
81 92
81 93
82 96
82 97
82 116
82 122
82 100
82 125
82 123
82 104
82 106
82 118
82 83
82 108
82 124
82 85
82 87
82 88
82 91
82 111
82 112
82 113
82 121
82 94
83 97
83 98
83 99
83 116
83 122
83 117
83 125
83 104
83 105
83 126
83 109
83 86
83 87
83 90
83 91
83 111
83 112
83 92
83 115
83 121
84 95
84 96
84 99
84 122
84 100
84 101
84 117
84 125
84 102
84 103
84 105
84 106
84 118
84 126
84 107
84 108
84 109
84 124
84 88
84 89
84 90
84 113
84 92
84 127
84 114
84 121
85 98
85 99
85 125
85 106
85 107
85 108
85 110
85 86
86 96
86 97
86 99
86 116
86 117
86 105
86 106
86 126
86 107
86 109
86 110
86 87
86 89
86 112
86 113
86 92
86 93
87 96
87 98
87 99
87 116
87 100
87 101
87 125
87 123
87 106
87 126
87 108
87 109
87 124
87 91
87 92
87 121
88 95
88 96
88 98
88 100
88 101
88 117
88 102
88 104
88 105
88 106
88 118
88 119
88 108
88 120
88 112
88 92
88 127
88 114
88 115
88 93
88 94
89 95
89 99
89 116
89 100
89 101
89 117
89 102
89 103
89 104
89 105
89 126
89 119
89 120
89 110
89 91
89 112
89 113
89 127
89 114
89 93
90 96
90 98
90 99
90 116
90 122
90 100
90 117
90 123
90 105
90 118
90 119
90 107
90 112
90 92
90 127
91 95
91 97
91 101
91 117
91 125
91 102
91 103
91 118
91 126
91 107
91 109
91 120
91 124
91 110
91 112
91 113
91 92
91 115
91 93
91 94
92 97
92 99
92 122
92 117
92 125
92 103
92 104
92 118
92 119
92 108
92 109
92 112
92 114
92 93
92 121
93 95
93 99
93 116
93 122
93 101
93 117
93 125
93 102
93 103
93 104
93 105
93 106
93 107
93 120
93 110
93 111
93 114
93 115
94 96
94 97
94 99
94 116
94 123
94 104
94 106
94 118
94 109
94 111
94 112
94 113
94 115
95 96
95 97
95 98
95 99
95 116
95 122
95 100
95 125
95 104
95 108
95 120
95 124
95 110
95 112
95 113
95 121
96 97
96 99
96 100
96 101
96 123
96 103
96 104
96 105
96 107
96 108
96 109
96 110
96 111
96 112
96 113
96 115
97 98
97 100
97 101
97 117
97 125
97 102
97 103
97 104
97 106
97 118
97 126
97 107
97 120
97 110
97 112
97 113
97 127
97 114
97 115
97 121
98 106
98 118
98 119
98 109
98 120
98 124
98 112
98 122
98 123
98 103
98 107
98 111
98 114
98 121
99 101
99 104
99 106
99 118
99 119
99 108
99 109
99 124
99 110
99 113
99 127
99 123
99 107
99 111
99 121
99 117
99 102
99 105
99 114
99 115
100 104
100 118
100 119
100 108
100 124
100 112
100 127
100 117
100 125
100 102
100 123
100 114
100 115
100 126
101 122
101 102
101 123
101 103
101 104
101 106
101 118
101 126
101 119
101 107
101 109
101 124
101 110
101 111
101 112
101 113
101 115
102 104
102 106
102 118
102 109
102 120
102 127
102 125
102 123
102 121
102 122
102 105
102 114
102 115
103 118
103 124
103 127
103 125
103 107
103 111
103 121
103 122
103 117
103 105
104 117
104 105
104 106
104 108
104 109
104 120
104 124
104 110
104 111
104 113
104 114
104 121
105 116
105 118
105 119
105 108
105 120
105 112
105 127
105 123
105 111
105 121
105 122
105 117
105 115
106 122
106 123
106 126
106 119
106 107
106 108
106 109
106 120
106 110
106 111
106 112
106 113
106 127
106 114
106 115
107 116
107 118
107 120
107 112
107 123
107 122
107 117
107 115
108 116
108 125
108 123
108 109
108 110
108 127
108 115
108 121
108 126
109 116
109 118
109 117
109 125
109 120
109 112
109 113
109 127
109 121
110 120
110 124
110 117
110 125
110 123
110 126
110 111
110 127
110 114
110 115
110 121
111 124
111 112
111 127
111 125
111 122
111 114
111 115
111 121
112 118
112 120
112 124
112 117
112 125
112 127
112 114
112 121
113 119
113 120
113 124
113 117
113 123
113 126
113 114
113 115
113 121
114 116
114 119
114 120
114 127
114 125
114 121
114 126
114 117
115 116
115 118
115 119
115 120
115 127
116 117
116 123
116 119
116 120
116 121
117 118
117 119
117 124
117 127
117 125
117 123
117 121
117 122
117 126
118 122
118 125
118 123
118 119
118 124
118 121
119 122
119 125
119 120
119 127
120 125
120 123
120 121
121 127
121 123
122 124
122 127
122 123
122 126
123 124
123 125
124 125
