0 1
0 2
0 3
0 4
0 5
0 6
0 7
0 8
0 9
0 10
0 11
0 12
0 13
0 14
0 15
0 16
0 17
0 18
0 19
0 20
0 21
0 22
0 23
0 24
0 25
0 26
0 27
0 28
0 29
0 30
0 31
0 32
0 33
0 34
0 35
0 36
0 37
0 38
0 39
0 40
0 41
0 42
0 43
0 44
0 45
0 46
0 47
0 48
0 49
0 50
0 51
0 52
0 53
0 54
0 55
0 56
0 57
0 58
0 59
0 60
0 61
0 62
0 63
1 64
1 95
1 96
1 97
1 98
1 65
1 99
1 100
1 5
1 6
1 7
1 101
1 9
1 70
1 10
1 12
1 13
1 74
1 14
1 15
1 17
1 18
1 77
1 78
1 19
1 20
1 21
1 22
1 102
1 23
1 103
1 79
1 27
1 32
1 104
1 105
1 35
1 83
1 106
1 84
1 107
1 108
1 109
1 40
1 110
1 41
1 111
1 43
1 44
1 112
1 45
1 86
1 87
1 48
1 49
1 50
1 52
1 89
1 91
1 53
1 54
1 55
1 92
1 93
1 57
1 113
1 58
1 114
1 59
1 115
1 62
1 94
2 116
2 97
2 65
2 66
2 117
2 4
2 68
2 118
2 119
2 9
2 69
2 120
2 121
2 70
2 71
2 72
2 12
2 13
2 74
2 15
2 122
2 18
2 77
2 78
2 21
2 102
2 23
2 103
2 24
2 25
2 79
2 28
2 31
2 32
2 80
2 123
2 33
2 34
2 35
2 36
2 83
2 84
2 37
2 38
2 109
2 41
2 111
2 124
2 44
2 112
2 87
2 52
2 89
2 90
2 91
2 55
2 57
2 62
2 94
3 98
3 116
3 95
3 97
3 100
3 4
3 6
3 7
3 8
3 69
3 70
3 10
3 72
3 12
3 13
3 75
3 122
3 76
3 18
3 77
3 20
3 22
3 23
3 103
3 79
3 32
3 104
3 105
3 34
3 81
3 82
3 35
3 36
3 83
3 84
3 107
3 37
3 40
3 111
3 124
3 85
3 45
3 86
3 47
3 87
3 48
3 49
3 50
3 51
3 52
3 89
3 54
3 57
3 113
3 114
3 59
3 115
3 62
3 63
4 116
4 95
4 97
4 65
4 66
4 100
4 67
4 5
4 68
4 6
4 7
4 118
4 119
4 9
4 69
4 71
4 10
4 12
4 14
4 15
4 16
4 75
4 122
4 19
4 20
4 21
4 22
4 102
4 23
4 24
4 26
4 27
4 30
4 31
4 105
4 82
4 35
4 36
4 83
4 84
4 107
4 108
4 39
4 40
4 41
4 111
4 42
4 43
4 85
4 87
4 48
4 50
4 52
4 89
4 90
4 55
4 92
4 113
4 59
4 115
4 61
4 62
4 63
5 64
5 116
5 95
5 97
5 99
5 117
5 6
5 118
5 119
5 101
5 9
5 69
5 120
5 126
5 70
5 71
5 12
5 13
5 74
5 17
5 18
5 20
5 22
5 103
5 24
5 25
5 26
5 79
5 28
5 29
5 30
5 105
5 33
5 81
5 82
5 83
5 107
5 37
5 39
5 109
5 40
5 124
5 45
5 47
5 87
5 89
5 90
5 91
5 56
5 93
5 57
5 114
5 59
5 115
5 61
5 62
5 52
5 55
5 16
5 10
5 35
5 8
5 94
5 38
5 44
5 27
5 73
5 127
5 11
5 96
5 63
6 98
6 116
6 95
6 97
6 99
6 125
6 67
6 68
6 119
6 101
6 69
6 70
6 10
6 72
6 12
6 17
6 122
6 76
6 18
6 77
6 78
6 19
6 22
6 102
6 24
6 25
6 27
6 28
6 30
6 31
6 104
6 105
6 33
6 34
6 82
6 106
6 84
6 37
6 108
6 38
6 109
6 40
6 110
6 41
6 111
6 42
6 44
6 45
6 47
6 87
6 49
6 50
6 88
6 51
6 90
6 53
6 54
6 92
6 93
6 57
6 113
6 58
6 59
6 115
6 60
6 62
7 98
7 116
7 95
7 97
7 99
7 117
7 125
7 100
7 67
7 68
7 119
7 101
7 8
7 9
7 120
7 126
7 70
7 10
7 72
7 73
7 13
7 14
7 15
7 16
7 75
7 19
7 102
7 23
7 103
7 28
7 29
7 30
7 32
7 82
7 35
7 84
7 39
7 40
7 110
7 41
7 124
7 42
7 85
7 47
7 48
7 49
7 50
7 88
7 89
7 53
7 54
7 55
7 57
7 113
7 58
7 59
7 115
7 60
7 62
8 64
8 98
8 95
8 97
8 117
8 125
8 68
8 119
8 9
8 69
8 120
8 121
8 70
8 10
8 11
8 74
8 14
8 15
8 16
8 75
8 122
8 76
8 77
8 78
8 102
8 103
8 25
8 26
8 28
8 32
8 104
8 80
8 105
8 35
8 127
8 83
8 38
8 109
8 40
8 110
8 44
8 112
8 46
8 47
8 87
8 50
8 88
8 52
8 89
8 90
8 91
8 53
8 55
8 93
8 113
8 58
8 94
8 27
8 73
8 96
8 115
8 63
9 95
9 96
9 65
9 66
9 117
9 100
9 119
9 69
9 120
9 11
9 73
9 12
9 13
9 14
9 15
9 17
9 122
9 76
9 18
9 20
9 21
9 102
9 24
9 29
9 31
9 32
9 104
9 123
9 105
9 34
9 127
9 83
9 84
9 37
9 108
9 38
9 39
9 110
9 111
9 42
9 43
9 44
9 112
9 85
9 45
9 47
9 51
9 52
9 91
9 55
9 92
9 56
9 113
9 58
9 114
9 59
9 62
9 63
10 64
10 98
10 95
10 96
10 65
10 66
10 99
10 117
10 68
10 119
10 121
10 126
10 70
10 73
10 13
10 74
10 16
10 17
10 122
10 18
10 78
10 19
10 20
10 21
10 102
10 24
10 25
10 79
10 27
10 30
10 31
10 34
10 81
10 35
10 36
10 106
10 84
10 37
10 108
10 38
10 109
10 40
10 41
10 111
10 124
10 43
10 45
10 47
10 49
10 88
10 51
10 52
10 89
10 91
10 54
10 55
10 92
10 93
10 57
10 114
10 115
10 61
10 94
10 44
10 127
10 11
10 63
11 98
11 66
11 67
11 118
11 69
11 70
11 71
11 72
11 13
11 15
11 16
11 75
11 76
11 77
11 78
11 19
11 25
11 26
11 79
11 28
11 104
11 80
11 123
11 34
11 81
11 35
11 83
11 106
11 107
11 37
11 38
11 109
11 40
11 41
11 111
11 124
11 43
11 44
11 112
11 45
11 46
11 47
11 48
11 49
11 88
11 52
11 91
11 53
11 55
11 92
11 93
11 57
11 114
11 59
11 61
11 94
11 63
11 64
11 27
11 73
11 127
11 96
11 115
12 64
12 116
12 96
12 65
12 99
12 100
12 68
12 119
12 101
12 121
12 71
12 72
12 73
12 74
12 17
12 18
12 77
12 78
12 19
12 20
12 24
12 25
12 26
12 28
12 31
12 104
12 80
12 123
12 105
12 33
12 35
12 36
12 83
12 84
12 39
12 109
12 40
12 111
12 124
12 44
12 46
12 47
12 48
12 50
12 88
12 51
12 89
12 90
12 53
12 54
12 92
12 57
12 59
12 61
13 98
13 120
13 116
13 97
13 99
13 117
13 125
13 100
13 118
13 69
13 70
13 72
13 73
13 15
13 75
13 17
13 76
13 77
13 78
13 20
13 23
13 103
13 24
13 26
13 29
13 32
13 105
13 81
13 82
13 35
13 127
13 106
13 84
13 108
13 40
13 41
13 111
13 42
13 43
13 44
13 85
13 86
13 87
13 48
13 49
13 89
13 55
13 92
13 56
13 58
13 114
13 94
14 120
14 97
14 65
14 99
14 117
14 67
14 68
14 118
14 119
14 121
14 126
14 71
14 74
14 75
14 76
14 18
14 19
14 20
14 22
14 23
14 103
14 25
14 26
14 79
14 27
14 28
14 29
14 30
14 32
14 104
14 80
14 123
14 105
14 33
14 82
14 35
14 127
14 106
14 84
14 107
14 38
14 39
14 40
14 110
14 111
14 124
14 43
14 44
14 112
14 45
14 87
14 48
14 50
14 52
14 89
14 91
14 54
14 92
14 57
14 114
14 59
15 116
15 66
15 117
15 125
15 67
15 118
15 119
15 101
15 69
15 121
15 72
15 16
15 17
15 76
15 18
15 22
15 23
15 103
15 25
15 26
15 79
15 29
15 30
15 31
15 104
15 80
15 34
15 82
15 107
15 37
15 39
15 110
15 41
15 42
15 43
15 112
15 85
15 45
15 46
15 48
15 51
15 52
15 91
15 53
15 54
15 55
15 92
15 56
15 93
15 113
15 114
16 64
16 95
16 97
16 65
16 66
16 117
16 125
16 68
16 118
16 101
16 69
16 121
16 70
16 73
16 75
16 17
16 76
16 77
16 102
16 103
16 25
16 79
16 27
16 28
16 30
16 80
16 123
16 81
16 82
16 35
16 36
16 83
16 106
16 37
16 38
16 41
16 111
16 124
16 42
16 112
16 45
16 86
16 50
16 88
16 52
16 91
16 54
16 55
16 113
16 58
16 59
16 61
16 62
16 94
16 63
16 44
16 127
16 96
16 115
17 64
17 98
17 120
17 116
17 95
17 96
17 99
17 117
17 125
17 68
17 69
17 121
17 126
17 70
17 74
17 75
17 122
17 19
17 20
17 23
17 24
17 26
17 27
17 28
17 29
17 31
17 104
17 123
17 82
17 127
17 83
17 37
17 109
17 41
17 111
17 43
17 44
17 45
17 86
17 47
17 49
17 50
17 52
17 89
17 91
17 53
17 54
17 55
17 92
17 56
17 57
17 59
17 115
17 60
17 94
18 98
18 116
18 97
18 65
18 99
18 117
18 100
18 67
18 68
18 101
18 121
18 70
18 72
18 74
18 75
18 76
18 78
18 20
18 21
18 22
18 103
18 25
18 28
18 30
18 32
18 80
18 123
18 33
18 34
18 35
18 36
18 37
18 39
18 40
18 41
18 111
18 44
18 85
18 86
18 47
18 87
18 48
18 88
18 89
18 91
18 55
18 92
18 93
18 57
18 113
18 114
18 59
18 60
18 61
19 98
19 120
19 116
19 65
19 66
19 117
19 125
19 100
19 67
19 68
19 101
19 69
19 126
19 72
19 73
19 74
19 76
19 78
19 21
19 22
19 102
19 25
19 79
19 28
19 29
19 104
19 34
19 81
19 35
19 36
19 106
19 107
19 108
19 38
19 40
19 110
19 41
19 111
19 112
19 45
19 46
19 47
19 48
19 51
19 91
19 54
19 92
19 57
19 113
19 62
19 94
19 63
20 98
20 97
20 66
20 100
20 67
20 68
20 118
20 119
20 101
20 69
20 126
20 70
20 73
20 77
20 22
20 25
20 31
20 32
20 123
20 105
20 33
20 82
20 35
20 127
20 84
20 107
20 37
20 108
20 39
20 40
20 44
20 112
20 87
20 49
20 88
20 90
20 91
20 53
20 54
20 55
20 92
20 114
20 115
20 60
20 61
20 62
20 63
21 98
21 116
21 95
21 97
21 100
21 67
21 68
21 118
21 119
21 101
21 69
21 70
21 72
21 73
21 75
21 122
21 76
21 23
21 103
21 24
21 25
21 27
21 28
21 30
21 31
21 104
21 123
21 34
21 82
21 127
21 83
21 106
21 37
21 108
21 38
21 39
21 109
21 124
21 42
21 44
21 112
21 86
21 46
21 48
21 49
21 51
21 89
21 90
21 53
21 55
21 92
21 56
21 93
21 113
21 58
21 59
21 115
21 60
21 94
21 63
22 120
22 116
22 96
22 125
22 119
22 101
22 72
22 73
22 74
22 76
22 102
22 23
22 79
22 27
22 28
22 29
22 31
22 123
22 105
22 33
22 34
22 82
22 127
22 83
22 106
22 107
22 37
22 39
22 110
22 41
22 111
22 124
22 42
22 44
22 112
22 85
22 86
22 47
22 51
22 53
22 56
22 93
22 57
22 114
22 60
22 62
23 64
23 98
23 116
23 95
23 97
23 66
23 125
23 67
23 118
23 119
23 121
23 70
23 74
23 75
23 122
23 77
23 78
23 103
23 24
23 25
23 27
23 29
23 31
23 32
23 104
23 123
23 105
23 33
23 127
23 84
23 107
23 37
23 108
23 111
23 124
23 43
23 44
23 112
23 85
23 86
23 49
23 52
23 91
23 56
23 57
23 58
23 114
23 59
23 115
23 94
23 63
24 98
24 120
24 99
24 100
24 67
24 68
24 101
24 69
24 70
24 74
24 75
24 122
24 76
24 77
24 78
24 103
24 26
24 27
24 28
24 32
24 104
24 80
24 123
24 105
24 33
24 34
24 82
24 35
24 106
24 108
24 39
24 109
24 42
24 43
24 112
24 85
24 86
24 46
24 47
24 87
24 48
24 49
24 50
24 51
24 52
24 89
24 55
24 93
24 113
24 60
24 94
24 63
25 64
25 98
25 116
25 97
25 65
25 117
25 125
25 100
25 67
25 68
25 119
25 121
25 76
25 103
25 79
25 27
25 29
25 31
25 104
25 81
25 35
25 84
25 108
25 41
25 111
25 124
25 43
25 44
25 112
25 49
25 50
25 88
25 51
25 91
25 56
25 93
25 113
25 60
25 61
26 120
26 116
26 96
26 97
26 65
26 99
26 125
26 67
26 69
26 126
26 70
26 73
26 74
26 122
26 77
26 102
26 79
26 27
26 28
26 30
26 31
26 32
26 104
26 80
26 123
26 105
26 34
26 36
26 106
26 84
26 37
26 108
26 111
26 124
26 42
26 43
26 85
26 46
26 47
26 48
26 88
26 89
26 90
26 91
26 54
26 56
26 57
26 113
26 58
26 59
26 60
26 62
26 94
27 116
27 97
27 66
27 117
27 67
27 68
27 119
27 121
27 70
27 71
27 72
27 76
27 102
27 103
27 30
27 31
27 32
27 104
27 123
27 105
27 34
27 81
27 82
27 127
27 106
27 37
27 110
27 41
27 42
27 112
27 47
27 48
27 49
27 50
27 51
27 52
27 55
27 56
27 113
27 114
27 115
27 62
27 94
27 64
27 35
27 38
27 44
27 73
27 96
27 63
28 64
28 98
28 120
28 96
28 99
28 117
28 125
28 67
28 101
28 69
28 126
28 70
28 74
28 75
28 122
28 77
28 102
28 31
28 80
28 123
28 105
28 81
28 127
28 36
28 84
28 107
28 37
28 108
28 38
28 39
28 109
28 40
28 41
28 124
28 43
28 44
28 112
28 85
28 45
28 47
28 87
28 50
28 52
28 89
28 90
28 55
28 56
28 57
28 58
28 60
28 62
29 64
29 98
29 97
29 125
29 67
29 118
29 119
29 101
29 73
29 122
29 76
29 102
29 103
29 30
29 31
29 104
29 80
29 105
29 34
29 82
29 35
29 36
29 83
29 37
29 38
29 109
29 40
29 111
29 42
29 112
29 85
29 46
29 47
29 87
29 88
29 52
29 93
29 57
29 113
29 58
29 59
29 115
29 60
29 62
29 94
29 63
30 120
30 95
30 97
30 65
30 125
30 67
30 68
30 119
30 121
30 70
30 71
30 73
30 74
30 122
30 76
30 103
30 79
30 31
30 32
30 104
30 80
30 123
30 33
30 81
30 82
30 35
30 36
30 83
30 108
30 38
30 39
30 109
30 110
30 41
30 85
30 45
30 86
30 46
30 87
30 48
30 88
30 51
30 91
30 54
30 55
30 93
30 113
30 58
30 62
30 94
30 63
31 98
31 120
31 97
31 65
31 66
31 99
31 125
31 67
31 119
31 126
31 70
31 71
31 74
31 75
31 76
31 78
31 102
31 103
31 79
31 104
31 105
31 35
31 127
31 36
31 83
31 84
31 107
31 37
31 108
31 38
31 39
31 109
31 40
31 110
31 111
31 124
31 42
31 44
31 86
31 46
31 87
31 51
31 53
31 92
31 58
31 114
31 59
31 60
31 61
31 63
32 65
32 66
32 125
32 100
32 67
32 68
32 118
32 119
32 69
32 126
32 70
32 71
32 72
32 73
32 74
32 76
32 77
32 102
32 103
32 79
32 123
32 105
32 33
32 34
32 82
32 127
32 106
32 84
32 107
32 37
32 38
32 39
32 40
32 41
32 111
32 43
32 45
32 46
32 48
32 88
32 51
32 52
32 55
32 92
32 56
32 59
32 60
32 61
32 94
32 63
33 98
33 120
33 116
33 96
33 65
33 99
33 100
33 118
33 69
33 121
33 70
33 71
33 73
33 74
33 122
33 76
33 102
33 103
33 79
33 80
33 123
33 81
33 82
33 127
33 83
33 107
33 109
33 40
33 110
33 41
33 42
33 44
33 85
33 45
33 87
33 52
33 89
33 91
33 54
33 55
33 92
33 93
33 113
33 61
33 62
33 94
33 63
34 98
34 116
34 97
34 99
34 117
34 100
34 118
34 119
34 69
34 70
34 71
34 122
34 76
34 77
34 78
34 103
34 79
34 80
34 123
34 81
34 82
34 35
34 127
34 83
34 106
34 84
34 107
34 108
34 40
34 110
34 111
34 43
34 112
34 85
34 45
34 86
34 87
34 48
34 50
34 88
34 89
34 90
34 54
34 55
34 56
34 93
34 94
35 64
35 120
35 95
35 117
35 125
35 100
35 101
35 69
35 71
35 73
35 74
35 75
35 76
35 102
35 79
35 123
35 105
35 127
35 36
35 83
35 106
35 37
35 38
35 39
35 109
35 40
35 44
35 112
35 46
35 49
35 50
35 52
35 89
35 91
35 55
35 93
35 57
35 58
35 114
35 115
35 94
35 63
35 96
36 64
36 98
36 120
36 104
36 116
36 97
36 65
36 66
36 99
36 117
36 100
36 68
36 119
36 69
36 70
36 71
36 74
36 76
36 77
36 78
36 106
36 108
36 39
36 109
36 40
36 41
36 111
36 85
36 45
36 86
36 49
36 52
36 53
36 55
36 92
36 93
36 57
36 113
36 60
37 64
37 116
37 95
37 97
37 68
37 101
37 69
37 126
37 71
37 72
37 122
37 77
37 102
37 103
37 80
37 105
37 81
37 83
37 84
37 107
37 108
37 39
37 110
37 41
37 111
37 124
37 42
37 112
37 45
37 86
37 47
37 49
37 88
37 52
37 89
37 55
37 92
37 59
37 62
38 64
38 116
38 95
38 97
38 66
38 100
38 68
38 101
38 121
38 126
38 76
38 77
38 82
38 127
38 83
38 106
38 84
38 108
38 40
38 110
38 41
38 124
38 42
38 43
38 44
38 112
38 86
38 46
38 48
38 50
38 88
38 51
38 52
38 89
38 90
38 53
38 54
38 55
38 56
38 93
38 57
38 58
38 114
38 62
38 94
38 73
38 96
38 115
38 63
39 98
39 120
39 95
39 96
39 97
39 99
39 100
39 68
39 118
39 101
39 69
39 70
39 71
39 72
39 73
39 74
39 75
39 76
39 123
39 105
39 81
39 83
39 106
39 84
39 124
39 42
39 85
39 45
39 46
39 48
39 49
39 52
39 89
39 55
39 93
39 115
39 60
39 62
40 64
40 98
40 120
40 97
40 99
40 117
40 67
40 68
40 119
40 101
40 121
40 71
40 72
40 73
40 74
40 76
40 79
40 123
40 83
40 106
40 107
40 108
40 109
40 124
40 44
40 112
40 45
40 87
40 49
40 88
40 51
40 89
40 53
40 54
40 55
40 92
40 56
40 57
40 113
40 62
40 94
41 64
41 98
41 104
41 95
41 96
41 99
41 117
41 125
41 100
41 118
41 119
41 101
41 69
41 126
41 71
41 72
41 76
41 77
41 102
41 79
41 105
41 83
41 106
41 107
41 109
41 110
41 111
41 124
41 42
41 43
41 44
41 86
41 46
41 47
41 87
41 48
41 88
41 52
41 90
41 54
41 92
41 93
41 57
41 113
41 58
41 59
41 62
42 64
42 98
42 120
42 95
42 96
42 97
42 65
42 66
42 117
42 67
42 68
42 121
42 126
42 71
42 73
42 74
42 78
42 103
42 123
42 105
42 81
42 82
42 83
42 107
42 108
42 109
42 110
42 43
42 112
42 86
42 46
42 47
42 48
42 50
42 89
42 90
42 53
42 92
42 113
42 114
42 115
42 62
42 94
43 64
43 97
43 65
43 125
43 67
43 68
43 118
43 69
43 121
43 71
43 73
43 122
43 78
43 79
43 80
43 81
43 127
43 83
43 107
43 108
43 111
43 124
43 44
43 86
43 46
43 87
43 48
43 51
43 89
43 91
43 53
43 54
43 55
43 93
43 57
43 61
43 62
44 64
44 104
44 95
44 117
44 125
44 100
44 118
44 119
44 126
44 72
44 75
44 76
44 103
44 80
44 123
44 105
44 106
44 47
44 50
44 52
44 90
44 54
44 55
44 92
44 57
44 113
44 60
44 94
44 73
44 127
44 96
44 115
44 63
45 95
45 96
45 97
45 66
45 117
45 125
45 118
45 121
45 126
45 70
45 71
45 75
45 122
45 102
45 103
45 123
45 105
45 106
45 84
45 110
45 124
45 86
45 46
45 47
45 87
45 88
45 51
45 52
45 89
45 57
45 113
45 58
45 59
45 62
45 94
45 63
46 120
46 104
46 116
46 97
46 65
46 66
46 117
46 67
46 118
46 119
46 121
46 126
46 76
46 78
46 83
46 84
46 108
46 109
46 110
46 112
46 47
46 49
46 88
46 51
46 89
46 57
46 113
46 58
46 114
46 59
46 115
46 61
46 62
46 94
47 64
47 95
47 96
47 65
47 67
47 118
47 121
47 74
47 75
47 76
47 78
47 103
47 79
47 80
47 123
47 83
47 84
47 107
47 108
47 109
47 110
47 112
47 86
47 49
47 88
47 90
47 54
47 92
47 56
47 113
47 58
47 115
47 61
47 63
48 98
48 120
48 116
48 95
48 97
48 67
48 118
48 70
48 73
48 122
48 77
48 102
48 103
48 79
48 80
48 123
48 105
48 82
48 127
48 83
48 84
48 107
48 109
48 110
48 112
48 85
48 86
48 87
48 88
48 51
48 54
48 57
48 58
48 114
48 115
48 61
48 62
48 63
49 64
49 98
49 120
49 116
49 65
49 100
49 118
49 121
49 126
49 75
49 122
49 76
49 80
49 105
49 81
49 83
49 107
49 109
49 110
49 111
49 124
49 85
49 50
49 88
49 51
49 90
49 91
49 53
49 54
49 93
49 57
49 59
49 115
49 61
49 94
50 120
50 99
50 117
50 125
50 68
50 118
50 119
50 69
50 121
50 71
50 73
50 122
50 76
50 77
50 78
50 102
50 79
50 80
50 123
50 81
50 82
50 107
50 111
50 124
50 85
50 51
50 52
50 89
50 91
50 54
50 55
50 57
50 113
50 94
51 98
51 120
51 104
51 116
51 99
51 119
51 101
51 69
51 71
51 72
51 75
51 122
51 76
51 78
51 79
51 80
51 123
51 105
51 81
51 82
51 106
51 84
51 110
51 124
51 112
51 86
51 52
51 53
51 54
51 55
51 93
51 113
51 58
51 114
51 59
51 61
51 62
51 94
51 63
52 64
52 120
52 95
52 96
52 97
52 66
52 99
52 117
52 125
52 100
52 67
52 68
52 118
52 119
52 101
52 69
52 121
52 126
52 70
52 71
52 73
52 74
52 76
52 77
52 102
52 79
52 80
52 127
52 83
52 84
52 108
52 109
52 111
52 85
52 87
52 90
52 91
52 55
52 56
52 93
52 57
52 113
52 58
52 115
52 61
52 94
52 63
53 64
53 98
53 91
53 96
53 97
53 117
53 100
53 119
53 101
53 69
53 121
53 126
53 70
53 73
53 74
53 75
53 122
53 76
53 77
53 103
53 80
53 123
53 82
53 83
53 106
53 84
53 107
53 109
53 112
53 86
53 88
53 90
53 54
53 55
53 92
53 56
53 93
53 114
53 60
53 61
53 62
53 94
53 63
54 64
54 98
54 104
54 95
54 97
54 99
54 117
54 125
54 67
54 119
54 69
54 71
54 72
54 73
54 122
54 76
54 102
54 105
54 81
54 82
54 127
54 83
54 84
54 107
54 108
54 109
54 124
54 85
54 87
54 88
54 90
54 55
54 56
54 93
54 113
54 114
54 59
54 63
55 64
55 98
55 91
55 66
55 67
55 118
55 101
55 126
55 70
55 71
55 73
55 122
55 76
55 80
55 83
55 84
55 111
55 124
55 85
55 86
55 58
55 59
55 115
55 61
55 62
55 94
55 63
55 127
55 96
56 98
56 120
56 104
56 91
56 116
56 96
56 65
56 99
56 125
56 67
56 68
56 118
56 101
56 70
56 72
56 73
56 75
56 79
56 123
56 105
56 83
56 109
56 110
56 124
56 85
56 86
56 88
56 93
56 113
56 114
56 59
56 115
56 60
56 94
57 64
57 104
57 96
57 97
57 65
57 117
57 100
57 67
57 119
57 121
57 71
57 72
57 75
57 76
57 78
57 102
57 79
57 105
57 109
57 110
57 85
57 90
57 93
57 115
57 61
57 62
57 63
58 120
58 91
58 116
58 95
58 66
58 125
58 67
58 118
58 119
58 71
58 72
58 73
58 75
58 122
58 76
58 78
58 79
58 123
58 105
58 81
58 82
58 127
58 106
58 107
58 108
58 110
58 124
58 112
58 88
58 89
58 90
58 93
58 59
58 60
58 61
58 62
59 64
59 120
59 104
59 116
59 97
59 65
59 125
59 100
59 68
59 119
59 121
59 71
59 73
59 74
59 77
59 80
59 105
59 106
59 84
59 107
59 110
59 111
59 124
59 112
59 86
59 88
59 92
59 114
59 61
59 62
59 63
60 64
60 91
60 116
60 95
60 96
60 97
60 66
60 117
60 125
60 100
60 118
60 119
60 101
60 69
60 74
60 75
60 122
60 102
60 81
60 110
60 111
60 85
60 87
60 89
60 90
60 92
60 113
60 115
61 64
61 98
61 104
61 116
61 95
61 96
61 97
61 99
61 117
61 125
61 100
61 119
61 69
61 126
61 70
61 71
61 72
61 74
61 122
61 77
61 78
61 103
61 123
61 127
61 83
61 108
61 110
61 111
61 85
61 89
61 90
61 92
61 114
62 64
62 120
62 116
62 117
62 100
62 68
62 119
62 121
62 72
62 73
62 122
62 78
62 79
62 123
62 83
62 106
62 107
62 108
62 110
62 85
62 87
62 89
62 90
62 93
62 94
63 64
63 98
63 120
63 104
63 91
63 95
63 65
63 117
63 100
63 67
63 101
63 75
63 122
63 76
63 123
63 105
63 82
63 127
63 108
63 111
63 85
63 93
63 115
63 94
63 73
63 96
64 65
64 66
64 67
64 68
64 69
64 70
64 71
64 72
64 73
64 74
64 75
64 76
64 77
64 78
64 79
64 80
64 81
64 82
64 83
64 84
64 85
64 86
64 87
64 88
64 89
64 90
64 91
64 92
64 93
64 94
64 127
64 96
64 115
65 98
65 104
65 91
65 99
65 74
65 76
65 105
65 81
65 82
65 127
65 111
65 124
65 85
65 113
65 94
65 95
65 96
65 125
65 67
65 118
65 119
65 101
65 126
65 71
65 77
65 79
65 106
65 107
65 90
65 93
66 104
66 73
66 78
66 102
66 80
66 105
66 111
66 85
66 87
66 113
66 95
66 96
66 100
66 119
66 70
66 75
66 122
66 77
66 79
66 123
66 83
66 84
66 107
66 109
66 110
66 112
66 90
66 92
66 114
67 98
67 120
67 104
67 91
67 99
67 69
67 121
67 73
67 76
67 78
67 103
67 124
67 85
67 86
67 88
67 89
67 113
67 95
67 125
67 100
67 118
67 71
67 79
67 123
67 110
67 112
67 92
67 93
67 114
67 115
68 120
68 91
68 121
68 73
68 74
68 102
68 103
68 80
68 81
68 111
68 124
68 87
68 113
68 95
68 96
68 125
68 100
68 118
68 126
68 71
68 72
68 75
68 122
68 77
68 79
68 123
68 112
68 92
68 93
68 114
69 120
69 91
69 116
69 95
69 97
69 121
69 70
69 71
69 73
69 74
69 75
69 76
69 78
69 102
69 103
69 79
69 123
69 81
69 82
69 107
69 108
69 109
69 110
69 111
69 112
69 86
69 87
69 88
69 89
69 90
69 92
70 98
70 99
70 74
70 103
70 105
70 81
70 82
70 111
70 124
70 86
70 87
70 88
70 113
70 95
70 97
70 125
70 118
70 101
70 71
70 75
70 106
70 109
70 110
70 112
70 90
70 92
70 93
70 114
71 104
71 99
71 117
71 121
71 76
71 105
71 82
71 127
71 124
71 85
71 88
71 89
71 100
71 118
71 119
71 122
71 123
71 83
71 108
71 90
71 93
71 114
71 115
72 104
72 117
72 73
72 74
72 76
72 78
72 102
72 103
72 80
72 105
72 81
72 124
72 89
72 94
72 125
72 118
72 126
72 75
72 122
72 106
72 109
72 110
72 112
72 92
72 114
73 104
73 116
73 96
73 97
73 125
73 118
73 126
73 74
73 122
73 76
73 102
73 103
73 80
73 123
73 105
73 82
73 127
73 106
73 84
73 107
73 108
73 124
73 89
73 113
73 114
73 94
73 115
74 98
74 120
74 116
74 117
74 101
74 126
74 75
74 122
74 76
74 77
74 102
74 123
74 105
74 81
74 127
74 83
74 112
74 85
74 86
74 87
74 90
74 92
74 114
75 120
75 99
75 117
75 121
75 105
75 81
75 111
75 85
75 87
75 88
75 89
75 94
75 95
75 100
75 118
75 122
75 123
75 106
75 107
75 109
75 112
76 120
76 116
76 99
76 95
76 100
76 118
76 126
76 78
76 102
76 103
76 123
76 82
76 84
76 108
76 109
76 110
76 124
76 112
76 88
76 90
76 114
77 102
77 103
77 80
77 111
77 124
77 89
77 94
77 125
77 100
77 119
77 101
77 126
77 79
77 123
77 106
77 84
77 107
77 109
77 93
77 115
78 104
78 116
78 117
78 121
78 95
78 97
78 125
78 100
78 119
78 101
78 122
78 103
78 80
78 82
78 127
78 83
78 106
78 111
78 124
78 85
78 86
78 90
78 94
79 98
79 91
79 117
79 80
79 105
79 81
79 127
79 86
79 88
79 113
79 95
79 126
79 122
79 123
79 84
79 107
79 90
79 92
79 93
80 91
80 116
80 102
80 95
80 96
80 97
80 125
80 100
80 118
80 101
80 126
80 122
80 123
80 81
80 82
80 106
80 107
80 109
80 110
80 85
80 88
80 90
80 92
80 115
80 94
81 104
81 116
81 95
81 97
81 125
81 100
81 118
81 119
81 101
81 126
81 122
81 106
81 84
81 108
81 109
81 111
81 124
81 86
81 89
81 90
81 92
81 93
81 113
81 114
81 94
82 98
82 120
82 104
82 116
82 99
82 102
82 105
82 95
82 96
82 125
82 119
82 101
82 126
82 123
82 84
82 108
82 110
82 111
82 124
82 86
82 87
82 89
82 93
82 113
82 94
83 98
83 120
83 104
83 99
83 102
83 105
83 124
83 85
83 86
83 88
83 113
83 97
83 118
83 101
83 126
83 122
83 123
83 108
83 110
83 92
83 115
84 98
84 120
84 104
84 99
84 117
84 102
84 127
84 111
84 124
84 85
84 87
84 89
84 113
84 95
84 96
84 118
84 101
84 126
84 123
84 109
84 92
84 114
85 120
85 104
85 116
85 102
85 111
85 124
85 125
85 100
85 126
85 122
85 106
85 107
85 109
85 110
85 86
85 87
85 88
85 89
85 92
85 93
85 113
85 114
85 94
86 120
86 104
86 91
86 116
86 117
86 121
86 103
86 111
86 124
86 95
86 96
86 118
86 119
86 101
86 126
86 122
86 106
86 107
86 108
86 87
86 88
86 89
86 90
86 114
86 115
86 94
87 91
87 116
87 117
87 121
87 105
87 111
87 96
87 97
87 125
87 119
87 106
87 108
87 112
87 89
87 93
87 113
87 114
87 115
87 94
88 98
88 104
88 116
88 121
88 103
88 105
88 111
88 95
88 125
88 126
88 106
88 108
88 109
88 110
88 89
88 93
88 114
88 94
89 98
89 120
89 104
89 91
89 116
89 121
89 102
89 103
89 105
89 127
89 100
89 118
89 101
89 122
89 112
89 90
89 92
89 114
89 115
90 98
90 99
90 117
90 121
90 103
90 105
90 127
90 124
90 113
90 95
90 125
90 100
90 119
90 101
90 109
90 112
90 114
91 98
91 120
91 104
91 116
91 95
91 97
91 117
91 100
91 119
91 101
91 126
91 122
91 102
91 103
91 123
91 108
91 109
91 110
91 111
91 124
91 112
91 92
91 113
92 98
92 120
92 121
92 102
92 105
92 124
92 94
92 96
92 97
92 100
92 119
92 101
92 122
92 123
92 106
92 107
92 110
92 114
92 115
93 120
93 104
93 99
93 102
93 103
93 111
93 124
93 94
93 100
93 118
93 101
93 126
93 122
93 107
93 112
93 115
94 116
94 103
94 105
94 124
94 113
94 100
94 118
94 126
94 122
94 107
94 109
94 127
94 96
94 115
95 120
95 104
95 102
95 127
95 124
95 97
95 125
95 100
95 118
95 126
95 123
95 107
95 112
95 114
95 115
96 121
96 105
96 127
96 124
96 97
96 100
96 101
96 126
96 122
96 109
96 110
96 112
96 115
97 120
97 99
97 117
97 121
97 102
97 103
97 105
97 127
97 124
97 125
97 100
97 119
97 126
97 123
97 106
97 108
97 109
97 110
97 112
98 116
98 99
98 117
98 125
98 118
98 101
98 120
98 126
98 122
98 102
98 103
98 104
98 123
98 127
98 108
98 111
98 112
99 104
99 116
99 117
99 101
99 121
99 122
99 102
99 103
99 123
99 107
99 109
99 124
99 112
99 113
99 114
100 120
100 117
100 121
100 103
100 113
100 125
100 119
100 126
100 122
100 123
100 106
100 108
101 120
101 117
101 103
101 105
101 127
101 111
101 124
101 125
101 118
101 119
101 126
101 123
101 112
101 114
101 122
101 109
101 110
102 120
102 104
102 116
102 118
102 119
102 126
102 106
102 124
102 112
102 114
103 116
103 125
103 119
103 122
103 123
103 127
103 106
103 108
103 109
103 124
103 113
104 120
104 116
104 117
104 125
104 118
104 119
104 121
104 126
104 105
104 127
104 107
104 109
104 110
104 112
104 115
105 120
105 116
105 125
105 119
105 123
105 106
105 107
105 113
105 115
106 120
106 117
106 118
106 119
106 126
106 123
106 107
106 108
106 112
106 114
106 115
106 122
106 109
107 120
107 117
107 121
107 111
107 118
107 123
107 108
107 110
108 120
108 117
108 121
108 127
108 111
108 113
108 118
108 126
108 112
108 114
109 120
109 117
109 121
109 127
109 113
109 125
109 118
109 126
109 112
109 122
110 117
110 119
110 112
110 114
111 120
111 116
111 117
111 127
111 125
111 118
111 119
111 126
111 123
111 124
111 112
111 113
112 120
112 125
112 118
112 119
112 123
112 122
113 116
113 117
113 124
113 114
114 117
114 125
114 126
114 123
115 120
115 121
115 124
115 125
115 118
115 119
115 126
115 127
116 117
116 121
116 127
116 124
117 120
117 118
117 126
117 124
118 120
118 127
118 124
118 125
118 119
118 126
118 122
119 120
119 121
120 125
120 124
121 127
121 124
122 127
122 125
123 127
123 124
124 127
124 125
124 126
125 127
125 126
