0 1
0 2
0 3
0 4
0 5
0 6
0 7
0 8
0 9
0 10
0 11
0 12
0 13
0 14
0 15
0 16
0 17
0 18
0 19
0 20
0 21
0 22
0 23
0 24
0 25
0 26
0 27
0 28
0 29
0 30
0 31
0 32
0 33
0 34
0 35
0 36
0 37
0 38
0 39
0 40
0 41
0 42
0 43
0 44
0 45
0 46
0 47
0 48
0 49
0 50
0 51
0 52
0 53
0 54
0 55
0 56
0 57
0 58
0 59
0 60
0 61
0 62
0 63
0 64
0 65
0 66
0 67
0 68
0 69
0 70
1 3
1 71
1 4
1 72
1 73
1 6
1 8
1 75
1 76
1 11
1 14
1 16
1 77
1 17
1 78
1 79
1 20
1 80
1 81
1 26
1 27
1 29
1 82
1 30
1 83
1 33
1 35
1 36
1 37
1 84
1 39
1 85
1 42
1 86
1 87
1 44
1 47
1 88
1 49
1 89
1 90
1 91
1 92
1 52
1 93
1 54
1 94
1 57
1 58
1 95
1 62
1 96
1 63
1 64
1 65
1 66
1 67
1 97
1 98
1 99
2 3
2 71
2 100
2 101
2 5
2 72
2 6
2 76
2 10
2 11
2 12
2 102
2 14
2 15
2 16
2 77
2 18
2 19
2 81
2 103
2 25
2 26
2 28
2 29
2 82
2 30
2 32
2 33
2 37
2 85
2 40
2 42
2 43
2 104
2 44
2 46
2 47
2 105
2 106
2 89
2 52
2 93
2 107
2 108
2 54
2 94
2 60
2 61
2 95
2 62
2 96
2 109
2 67
2 68
2 97
2 98
2 70
2 99
3 71
3 100
3 4
3 5
3 6
3 7
3 8
3 74
3 9
3 75
3 110
3 76
3 10
3 111
3 12
3 102
3 13
3 15
3 78
3 19
3 79
3 20
3 112
3 103
3 24
3 25
3 26
3 29
3 82
3 30
3 31
3 32
3 33
3 34
3 84
3 39
3 85
3 40
3 41
3 113
3 86
3 43
3 104
3 46
3 47
3 49
3 50
3 90
3 91
3 55
3 94
3 58
3 59
3 114
3 115
3 65
3 67
3 98
3 69
3 116
3 70
3 99
4 5
4 6
4 75
4 10
4 117
4 102
4 15
4 77
4 17
4 18
4 19
4 79
4 112
4 22
4 81
4 23
4 25
4 29
4 82
4 30
4 32
4 33
4 34
4 36
4 38
4 40
4 41
4 86
4 43
4 44
4 48
4 89
4 50
4 90
4 91
4 92
4 54
4 55
4 118
4 56
4 119
4 58
4 59
4 114
4 61
4 95
4 64
4 109
4 68
4 98
5 71
5 100
5 101
5 7
5 74
5 9
5 110
5 11
5 12
5 102
5 14
5 15
5 16
5 17
5 79
5 80
5 21
5 112
5 22
5 23
5 24
5 25
5 29
5 82
5 30
5 32
5 34
5 35
5 36
5 120
5 121
5 38
5 39
5 122
5 85
5 40
5 113
5 86
5 43
5 123
5 87
5 44
5 45
5 88
5 48
5 49
5 124
5 89
5 50
5 90
5 92
5 51
5 93
5 55
5 56
5 94
5 57
5 58
5 59
5 61
5 96
5 63
5 115
5 65
5 67
5 68
6 100
6 101
6 72
6 7
6 110
6 13
6 14
6 15
6 18
6 19
6 79
6 103
6 26
6 28
6 29
6 82
6 32
6 34
6 36
6 37
6 38
6 84
6 41
6 113
6 86
6 43
6 123
6 104
6 45
6 46
6 105
6 89
6 50
6 91
6 92
6 52
6 53
6 107
6 55
6 118
6 125
6 119
6 59
6 61
6 95
6 96
6 65
6 67
6 97
6 69
7 8
7 74
7 75
7 117
7 126
7 12
7 13
7 14
7 16
7 77
7 18
7 78
7 19
7 79
7 80
7 21
7 22
7 23
7 103
7 27
7 29
7 82
7 33
7 34
7 36
7 37
7 121
7 39
7 127
7 86
7 87
7 48
7 90
7 52
7 53
7 108
7 54
7 55
7 118
7 125
7 56
7 119
7 114
7 95
7 62
7 96
7 63
7 66
7 109
7 67
7 68
7 97
7 99
8 71
8 101
8 73
8 75
8 110
8 10
8 117
8 102
8 14
8 15
8 77
8 18
8 78
8 79
8 20
8 81
8 25
8 26
8 30
8 83
8 33
8 34
8 35
8 36
8 121
8 84
8 85
8 42
8 86
8 43
8 123
8 104
8 44
8 46
8 49
8 124
8 92
8 51
8 93
8 108
8 54
8 55
8 125
8 56
8 58
8 114
8 95
8 62
8 63
8 115
8 66
8 109
8 67
8 70
9 71
9 100
9 110
9 76
9 10
9 117
9 102
9 77
9 19
9 20
9 21
9 112
9 22
9 81
9 25
9 27
9 31
9 34
9 37
9 84
9 39
9 122
9 40
9 127
9 42
9 43
9 123
9 87
9 104
9 45
9 46
9 47
9 88
9 48
9 106
9 89
9 50
9 92
9 93
9 107
9 108
9 54
9 55
9 56
9 58
9 95
9 62
9 96
9 115
9 65
9 66
9 68
9 98
9 70
10 74
10 110
10 117
10 11
10 126
10 111
10 12
10 14
10 15
10 16
10 17
10 78
10 19
10 79
10 80
10 112
10 24
10 25
10 29
10 31
10 32
10 120
10 37
10 121
10 84
10 39
10 122
10 123
10 105
10 106
10 49
10 89
10 90
10 51
10 93
10 53
10 107
10 54
10 125
10 56
10 94
10 119
10 58
10 95
10 62
10 96
10 64
10 115
10 66
10 109
10 97
10 98
10 70
10 18
10 28
10 127
10 27
10 45
10 21
10 52
10 38
11 100
11 101
11 72
11 76
11 117
11 111
11 13
11 14
11 15
11 17
11 18
11 19
11 79
11 20
11 80
11 21
11 81
11 23
11 26
11 27
11 83
11 32
11 35
11 36
11 120
11 37
11 121
11 122
11 85
11 40
11 41
11 113
11 42
11 86
11 123
11 46
11 48
11 106
11 49
11 89
11 90
11 91
11 51
11 55
11 118
11 94
11 57
11 114
11 65
11 68
11 98
11 70
11 99
12 71
12 100
12 73
12 74
12 110
12 117
12 126
12 111
12 102
12 13
12 14
12 77
12 17
12 18
12 79
12 80
12 22
12 81
12 103
12 24
12 26
12 83
12 32
12 120
12 39
12 122
12 85
12 40
12 42
12 43
12 48
12 49
12 89
12 50
12 90
12 91
12 92
12 93
12 107
12 108
12 54
12 118
12 125
12 56
12 58
12 59
12 114
12 60
12 62
12 96
12 64
12 115
12 65
12 68
12 97
12 98
13 71
13 100
13 101
13 72
13 75
13 110
13 76
13 102
13 14
13 77
13 17
13 18
13 78
13 19
13 20
13 112
13 22
13 23
13 25
13 28
13 82
13 31
13 32
13 33
13 34
13 36
13 120
13 121
13 39
13 122
13 85
13 127
13 86
13 43
13 123
13 44
13 48
13 105
13 106
13 49
13 124
13 89
13 50
13 91
13 92
13 52
13 53
13 94
13 57
13 59
13 62
13 64
13 65
13 66
13 98
13 116
13 70
14 101
14 72
14 73
14 74
14 75
14 110
14 117
14 102
14 16
14 18
14 20
14 21
14 112
14 81
14 23
14 103
14 25
14 27
14 28
14 29
14 30
14 33
14 34
14 35
14 36
14 121
14 38
14 84
14 122
14 85
14 40
14 127
14 41
14 86
14 43
14 123
14 87
14 46
14 47
14 106
14 124
14 89
14 50
14 92
14 51
14 93
14 53
14 107
14 108
14 54
14 55
14 118
14 125
14 57
14 58
14 59
14 114
14 61
14 62
14 63
14 115
14 65
14 109
14 67
14 97
14 99
14 45
14 119
14 52
15 72
15 73
15 126
15 111
15 17
15 78
15 19
15 20
15 21
15 81
15 23
15 25
15 28
15 29
15 82
15 30
15 83
15 32
15 35
15 36
15 120
15 121
15 85
15 40
15 127
15 41
15 123
15 87
15 104
15 44
15 46
15 47
15 106
15 124
15 90
15 93
15 108
15 54
15 118
15 125
15 56
15 60
15 61
15 64
15 66
15 109
15 68
15 98
15 69
15 116
16 71
16 100
16 101
16 72
16 76
16 117
16 111
16 102
16 77
16 18
16 78
16 79
16 80
16 81
16 103
16 27
16 28
16 82
16 83
16 31
16 32
16 35
16 36
16 120
16 37
16 121
16 38
16 84
16 39
16 85
16 40
16 127
16 41
16 113
16 42
16 123
16 87
16 48
16 105
16 49
16 124
16 92
16 51
16 93
16 53
16 108
16 54
16 55
16 125
16 56
16 59
16 62
16 96
16 63
16 115
16 66
16 109
16 68
16 116
16 70
16 99
16 45
16 119
16 21
16 74
16 52
16 112
17 100
17 73
17 76
17 117
17 126
17 102
17 18
17 19
17 79
17 21
17 23
17 103
17 24
17 27
17 29
17 83
17 34
17 35
17 36
17 120
17 85
17 127
17 42
17 43
17 123
17 104
17 44
17 45
17 47
17 88
17 48
17 105
17 106
17 124
17 89
17 50
17 51
17 52
17 53
17 107
17 54
17 119
17 57
17 58
17 60
17 62
17 63
17 65
17 67
17 97
17 98
17 70
18 71
18 100
18 101
18 73
18 117
18 126
18 111
18 78
18 19
18 20
18 81
18 23
18 103
18 24
18 25
18 26
18 27
18 28
18 29
18 82
18 31
18 34
18 35
18 37
18 84
18 39
18 40
18 127
18 41
18 113
18 86
18 104
18 45
18 88
18 48
18 105
18 49
18 124
18 90
18 91
18 92
18 52
18 53
18 107
18 54
18 55
18 118
18 125
18 56
18 94
18 57
18 59
18 61
18 64
18 115
18 65
18 109
18 98
18 69
18 116
18 99
18 119
18 21
18 74
18 112
18 38
19 100
19 75
19 76
19 111
19 102
19 21
19 22
19 25
19 28
19 29
19 30
19 83
19 33
19 34
19 38
19 84
19 85
19 86
19 43
19 123
19 87
19 104
19 46
19 88
19 105
19 106
19 92
19 51
19 52
19 93
19 118
19 94
19 119
19 57
19 60
19 62
19 63
19 115
19 65
19 66
19 68
19 97
19 98
19 116
19 70
19 99
20 71
20 100
20 101
20 72
20 73
20 74
20 75
20 110
20 102
20 79
20 80
20 81
20 23
20 25
20 26
20 28
20 29
20 32
20 33
20 34
20 35
20 121
20 84
20 39
20 122
20 40
20 41
20 43
20 123
20 104
20 45
20 46
20 47
20 88
20 105
20 106
20 89
20 50
20 91
20 51
20 52
20 93
20 107
20 108
20 54
20 55
20 125
20 56
20 94
20 58
20 62
20 96
20 66
20 67
20 98
20 116
21 71
21 74
21 110
21 76
21 117
21 126
21 77
21 79
21 22
21 81
21 27
21 30
21 31
21 33
21 34
21 35
21 36
21 120
21 37
21 121
21 84
21 122
21 85
21 86
21 43
21 44
21 46
21 47
21 48
21 106
21 49
21 90
21 51
21 93
21 53
21 107
21 55
21 118
21 125
21 94
21 119
21 57
21 58
21 63
21 64
21 115
21 65
21 66
21 67
21 97
21 98
21 99
21 54
21 28
21 127
21 45
21 52
21 112
21 109
21 38
22 71
22 101
22 72
22 74
22 75
22 110
22 76
22 102
22 77
22 79
22 80
22 112
22 103
22 31
22 32
22 33
22 35
22 36
22 37
22 121
22 38
22 84
22 39
22 122
22 85
22 113
22 42
22 43
22 123
22 44
22 46
22 47
22 106
22 49
22 124
22 89
22 51
22 52
22 107
22 54
22 118
22 125
22 119
22 57
22 58
22 59
22 114
22 96
22 64
22 66
22 67
22 68
22 97
22 98
22 116
22 99
23 100
23 101
23 72
23 73
23 74
23 76
23 117
23 126
23 111
23 102
23 77
23 80
23 81
23 103
23 25
23 26
23 29
23 32
23 35
23 120
23 84
23 122
23 40
23 86
23 87
23 46
23 105
23 49
23 89
23 51
23 52
23 93
23 107
23 56
23 94
23 119
23 58
23 60
23 95
23 62
23 64
23 115
23 66
23 109
23 68
23 97
23 69
23 70
23 99
24 100
24 101
24 72
24 74
24 75
24 76
24 78
24 79
24 80
24 112
24 103
24 25
24 26
24 27
24 30
24 31
24 32
24 33
24 34
24 36
24 39
24 122
24 85
24 40
24 113
24 42
24 43
24 123
24 104
24 44
24 46
24 47
24 88
24 105
24 90
24 92
24 51
24 93
24 53
24 108
24 55
24 118
24 119
24 57
24 59
24 61
24 95
24 63
24 64
24 115
24 65
24 66
24 109
24 97
24 98
24 69
24 70
25 100
25 72
25 74
25 76
25 117
25 126
25 111
25 79
25 80
25 112
25 81
25 103
25 28
25 82
25 30
25 32
25 33
25 34
25 35
25 120
25 37
25 121
25 39
25 40
25 127
25 42
25 86
25 43
25 104
25 44
25 45
25 46
25 48
25 105
25 124
25 51
25 52
25 53
25 107
25 118
25 56
25 114
25 62
25 63
25 109
25 97
25 98
25 99
26 73
26 78
26 79
26 80
26 112
26 81
26 103
26 83
26 31
26 33
26 34
26 84
26 85
26 113
26 86
26 43
26 123
26 87
26 104
26 46
26 47
26 48
26 124
26 89
26 50
26 53
26 108
26 56
26 94
26 119
26 57
26 59
26 114
26 60
26 61
26 62
26 96
26 115
26 65
26 67
26 70
26 99
27 71
27 100
27 101
27 72
27 73
27 74
27 126
27 79
27 80
27 112
27 103
27 83
27 32
27 34
27 35
27 36
27 120
27 37
27 38
27 84
27 40
27 41
27 113
27 86
27 87
27 45
27 88
27 105
27 106
27 124
27 89
27 50
27 91
27 92
27 52
27 107
27 54
27 55
27 125
27 114
27 62
27 96
27 63
27 64
27 65
27 109
27 67
27 68
27 98
27 69
27 70
27 99
27 117
27 28
27 115
27 127
27 119
28 100
28 110
28 117
28 126
28 79
28 112
28 29
28 30
28 83
28 31
28 32
28 36
28 120
28 121
28 84
28 39
28 85
28 40
28 127
28 123
28 87
28 45
28 88
28 48
28 105
28 106
28 49
28 124
28 89
28 90
28 91
28 92
28 51
28 52
28 93
28 107
28 108
28 54
28 125
28 56
28 94
28 57
28 59
28 114
28 60
28 95
28 62
28 96
28 64
28 115
28 66
28 109
28 67
28 97
28 69
28 116
28 70
28 119
28 74
28 38
29 71
29 101
29 72
29 73
29 110
29 76
29 126
29 102
29 112
29 103
29 30
29 83
29 33
29 34
29 35
29 36
29 120
29 37
29 85
29 127
29 113
29 42
29 86
29 43
29 45
29 48
29 105
29 124
29 91
29 92
29 51
29 93
29 53
29 54
29 118
29 57
29 58
29 114
29 61
29 62
29 96
29 63
29 66
29 67
29 68
29 98
29 69
29 99
30 72
30 73
30 75
30 117
30 102
30 83
30 32
30 34
30 120
30 121
30 122
30 41
30 113
30 86
30 123
30 104
30 44
30 47
30 48
30 106
30 49
30 89
30 91
30 92
30 51
30 93
30 107
30 108
30 54
30 118
30 56
30 119
30 59
30 114
30 60
30 61
30 95
30 96
30 63
30 65
30 66
30 67
30 68
30 97
30 70
30 99
31 71
31 100
31 72
31 73
31 74
31 75
31 77
31 78
31 80
31 112
31 103
31 120
31 37
31 39
31 122
31 40
31 41
31 43
31 87
31 104
31 45
31 105
31 106
31 90
31 91
31 51
31 93
31 108
31 125
31 58
31 60
31 61
31 62
31 63
31 64
31 67
31 68
31 98
31 70
32 72
32 73
32 75
32 126
32 102
32 103
32 83
32 33
32 36
32 39
32 85
32 40
32 127
32 41
32 42
32 123
32 87
32 104
32 44
32 46
32 47
32 49
32 124
32 50
32 90
32 51
32 108
32 54
32 55
32 118
32 125
32 56
32 94
32 58
32 60
32 61
32 96
32 64
32 115
32 66
32 67
32 68
32 69
32 116
32 70
32 99
33 71
33 72
33 73
33 110
33 76
33 117
33 102
33 78
33 81
33 103
33 83
33 120
33 121
33 39
33 85
33 127
33 41
33 113
33 43
33 123
33 87
33 104
33 45
33 46
33 88
33 48
33 89
33 92
33 52
33 107
33 108
33 54
33 55
33 57
33 58
33 59
33 114
33 60
33 61
33 95
33 62
33 96
33 66
33 109
33 98
33 69
34 71
34 100
34 101
34 72
34 73
34 74
34 76
34 111
34 102
34 77
34 78
34 80
34 103
34 82
34 83
34 35
34 36
34 37
34 121
34 38
34 84
34 122
34 40
34 127
34 113
34 123
34 44
34 48
34 106
34 49
34 90
34 92
34 93
34 108
34 118
34 56
34 94
34 58
34 59
34 114
34 60
34 62
34 96
34 64
34 66
34 109
34 67
34 98
34 116
35 101
35 72
35 73
35 75
35 76
35 126
35 77
35 78
35 80
35 112
35 36
35 121
35 39
35 85
35 127
35 86
35 87
35 45
35 46
35 89
35 50
35 90
35 91
35 53
35 107
35 108
35 54
35 56
35 119
35 59
35 114
35 63
35 64
35 66
35 67
35 68
35 69
35 70
35 99
36 101
36 72
36 73
36 75
36 76
36 126
36 111
36 77
36 38
36 122
36 85
36 41
36 86
36 43
36 123
36 87
36 104
36 44
36 46
36 88
36 48
36 49
36 124
36 89
36 50
36 90
36 92
36 53
36 107
36 108
36 54
36 118
36 56
36 57
36 59
36 60
36 61
36 62
36 96
36 115
36 65
36 68
36 116
36 70
37 101
37 72
37 75
37 110
37 76
37 111
37 102
37 78
37 79
37 121
37 87
37 46
37 47
37 105
37 106
37 49
37 124
37 89
37 50
37 91
37 92
37 93
37 53
37 56
37 94
37 119
37 59
37 114
37 60
37 95
37 96
37 63
37 115
37 65
37 66
37 109
37 67
37 97
37 98
37 70
37 99
38 101
38 74
38 75
38 102
38 79
38 80
38 112
38 103
38 120
38 122
38 85
38 43
38 87
38 104
38 47
38 88
38 89
38 91
38 92
38 51
38 108
38 54
38 118
38 94
38 58
38 59
38 114
38 60
38 95
38 64
38 97
38 117
38 84
38 115
38 125
38 127
38 45
38 119
38 52
38 109
39 72
39 110
39 76
39 78
39 80
39 112
39 82
39 120
39 84
39 122
39 127
39 41
39 113
39 42
39 86
39 43
39 123
39 46
39 106
39 89
39 50
39 90
39 91
39 52
39 93
39 53
39 55
39 56
39 94
39 58
39 114
39 61
39 95
39 62
39 96
39 63
39 115
39 65
39 109
39 97
39 98
39 70
40 71
40 101
40 72
40 73
40 74
40 126
40 102
40 77
40 78
40 112
40 83
40 120
40 121
40 42
40 86
40 43
40 123
40 87
40 104
40 44
40 45
40 46
40 47
40 48
40 105
40 49
40 124
40 50
40 92
40 107
40 125
40 94
40 119
40 58
40 59
40 95
40 62
40 63
40 66
40 68
40 97
40 98
40 69
40 116
40 70
40 99
41 101
41 74
41 117
41 126
41 111
41 77
41 78
41 79
41 103
41 82
41 83
41 121
41 84
41 85
41 43
41 44
41 46
41 48
41 105
41 49
41 124
41 89
41 93
41 107
41 54
41 55
41 125
41 94
41 119
41 57
41 114
41 61
41 95
41 62
41 63
41 115
41 65
41 97
41 69
41 70
41 99
42 71
42 72
42 75
42 110
42 76
42 126
42 77
42 78
42 80
42 81
42 82
42 120
42 121
42 113
42 43
42 123
42 104
42 45
42 46
42 88
42 48
42 49
42 51
42 52
42 93
42 108
42 54
42 125
42 57
42 58
42 114
42 60
42 62
42 63
42 66
42 98
42 69
42 116
42 70
43 100
43 101
43 73
43 74
43 75
43 102
43 77
43 78
43 79
43 80
43 112
43 81
43 83
43 84
43 127
43 87
43 44
43 46
43 47
43 88
43 105
43 106
43 92
43 51
43 93
43 107
43 55
43 118
43 125
43 56
43 94
43 57
43 58
43 114
43 60
43 62
43 63
43 65
43 98
43 69
43 116
43 99
44 100
44 101
44 72
44 76
44 117
44 126
44 77
44 81
44 103
44 83
44 122
44 127
44 45
44 88
44 105
44 106
44 50
44 90
44 92
44 51
44 52
44 93
44 53
44 108
44 55
44 125
44 56
44 57
44 114
44 60
44 95
44 96
44 67
44 68
44 98
44 116
44 70
44 99
45 71
45 100
45 101
45 72
45 111
45 77
45 78
45 112
45 81
45 103
45 120
45 84
45 123
45 104
45 46
45 48
45 91
45 51
45 93
45 53
45 54
45 118
45 125
45 114
45 60
45 61
45 62
45 63
45 64
45 65
45 66
45 116
45 99
45 117
45 115
45 127
45 119
45 74
45 52
45 109
46 101
46 75
46 117
46 126
46 102
46 112
46 81
46 103
46 82
46 83
46 120
46 121
46 122
46 86
46 104
46 47
46 105
46 106
46 124
46 89
46 50
46 90
46 107
46 54
46 118
46 56
46 119
46 58
46 59
46 95
46 63
46 64
46 65
46 66
46 109
46 97
46 98
46 69
46 70
47 100
47 101
47 73
47 74
47 110
47 76
47 117
47 111
47 77
47 84
47 122
47 85
47 127
47 86
47 88
47 105
47 106
47 50
47 90
47 92
47 52
47 93
47 53
47 107
47 108
47 125
47 119
47 58
47 59
47 114
47 60
47 61
47 95
47 64
47 115
47 65
47 66
47 109
47 67
47 68
47 116
47 99
48 71
48 72
48 75
48 76
48 117
48 126
48 111
48 77
48 80
48 81
48 83
48 121
48 84
48 85
48 113
48 104
48 88
48 105
48 106
48 124
48 50
48 92
48 107
48 108
48 94
48 58
48 62
48 96
48 63
48 115
48 67
48 68
48 97
48 98
48 70
48 99
49 71
49 73
49 74
49 75
49 110
49 126
49 102
49 78
49 112
49 81
49 120
49 85
49 113
49 87
49 106
49 124
49 89
49 50
49 91
49 107
49 54
49 125
49 56
49 94
49 119
49 57
49 114
49 60
49 61
49 95
49 62
49 65
49 66
49 68
49 69
49 116
50 72
50 73
50 74
50 76
50 126
50 102
50 79
50 80
50 112
50 83
50 120
50 121
50 84
50 122
50 86
50 123
50 87
50 104
50 106
50 89
50 90
50 91
50 93
50 53
50 107
50 108
50 54
50 55
50 119
50 59
50 114
50 62
50 64
50 115
50 65
50 109
50 67
50 68
50 69
50 99
51 72
51 73
51 74
51 75
51 76
51 111
51 102
51 77
51 78
51 80
51 81
51 82
51 84
51 122
51 85
51 127
51 86
51 87
51 104
51 105
51 106
51 124
51 90
51 91
51 52
51 53
51 107
51 108
51 54
51 55
51 56
51 94
51 114
51 61
51 96
51 63
51 67
51 68
51 98
51 116
51 70
52 72
52 110
52 76
52 117
52 102
52 80
52 121
52 113
52 123
52 87
52 106
52 89
52 92
52 93
52 53
52 107
52 108
52 54
52 55
52 119
52 58
52 114
52 60
52 62
52 65
52 69
52 116
52 84
52 115
52 125
52 127
52 74
52 112
52 109
53 72
53 73
53 75
53 102
53 78
53 79
53 80
53 82
53 121
53 85
53 86
53 87
53 104
53 88
53 92
53 93
53 107
53 118
53 125
53 94
53 58
53 114
53 60
53 61
53 95
53 62
53 63
53 64
53 115
53 109
53 98
53 69
53 116
53 70
53 99
54 71
54 74
54 110
54 76
54 117
54 111
54 78
54 112
54 103
54 121
54 84
54 122
54 127
54 87
54 105
54 106
54 124
54 91
54 92
54 93
54 107
54 108
54 55
54 125
54 114
54 61
54 96
54 63
54 64
54 115
54 65
54 66
54 67
54 68
54 97
54 69
54 119
54 109
55 71
55 100
55 72
55 74
55 110
55 78
55 112
55 81
55 83
55 121
55 84
55 122
55 127
55 123
55 104
55 88
55 105
55 106
55 124
55 90
55 93
55 118
55 59
55 61
55 96
55 115
55 109
55 67
55 68
55 97
55 69
55 116
55 70
55 99
56 73
56 74
56 111
56 77
56 79
56 80
56 83
56 121
56 122
56 113
56 86
56 87
56 104
56 88
56 105
56 106
56 89
56 91
56 92
56 93
56 57
56 59
56 114
56 60
56 61
56 62
56 64
56 65
56 69
56 70
57 100
57 101
57 75
57 117
57 77
57 78
57 79
57 80
57 112
57 81
57 82
57 83
57 84
57 87
57 104
57 88
57 105
57 106
57 90
57 91
57 92
57 125
57 58
57 114
57 60
57 61
57 95
57 96
57 63
57 64
57 115
57 65
57 98
57 70
58 71
58 110
58 76
58 126
58 102
58 78
58 79
58 81
58 83
58 120
58 122
58 127
58 123
58 105
58 106
58 124
58 90
58 92
58 119
58 114
58 96
58 65
58 66
58 109
58 68
58 97
58 69
58 70
58 99
59 100
59 101
59 73
59 110
59 76
59 117
59 126
59 111
59 77
59 80
59 81
59 120
59 121
59 84
59 122
59 113
59 86
59 93
59 108
59 114
59 95
59 115
59 66
59 67
59 69
59 99
60 101
60 73
60 77
60 78
60 80
60 81
60 103
60 82
60 83
60 121
60 122
60 85
60 127
60 123
60 87
60 106
60 124
60 89
60 91
60 93
60 107
60 108
60 125
60 94
60 95
60 62
60 96
60 64
60 65
60 67
60 68
60 97
60 69
60 116
61 74
61 117
61 126
61 77
61 80
61 112
61 81
61 103
61 83
61 84
61 122
61 127
61 104
61 88
61 105
61 89
61 90
61 91
61 125
61 63
61 65
61 66
61 109
61 67
61 69
61 116
61 99
62 72
62 110
62 77
62 112
62 81
62 103
62 83
62 121
62 84
62 85
62 127
62 113
62 86
62 123
62 87
62 88
62 105
62 106
62 91
62 92
62 93
62 107
62 108
62 125
62 94
62 67
62 68
62 97
62 69
62 99
63 71
63 72
63 73
63 74
63 75
63 110
63 117
63 126
63 111
63 102
63 77
63 79
63 127
63 86
63 123
63 87
63 104
63 88
63 105
63 89
63 90
63 93
63 108
63 118
63 125
63 114
63 96
63 64
63 66
63 67
63 97
63 69
63 99
64 100
64 101
64 75
64 76
64 117
64 126
64 111
64 102
64 77
64 78
64 79
64 112
64 81
64 103
64 83
64 84
64 122
64 85
64 86
64 106
64 124
64 89
64 93
64 107
64 108
64 125
64 94
64 119
64 96
64 67
64 68
64 97
64 69
64 116
64 99
65 100
65 73
65 74
65 110
65 126
65 111
65 102
65 81
65 83
65 120
65 121
65 85
65 127
65 87
65 124
65 89
65 90
65 92
65 118
65 125
65 119
65 109
65 97
65 69
65 116
65 70
66 100
66 101
66 72
66 74
66 110
66 117
66 102
66 79
66 81
66 83
66 120
66 121
66 122
66 113
66 123
66 104
66 105
66 106
66 90
66 91
66 107
66 108
66 118
66 125
66 94
66 119
66 95
66 109
66 70
67 71
67 73
67 75
67 76
67 117
67 126
67 77
67 80
67 81
67 82
67 120
67 85
67 86
67 123
67 87
67 104
67 88
67 93
67 108
67 118
67 125
67 119
67 114
67 96
67 109
67 68
67 97
67 70
68 100
68 74
68 76
68 111
68 78
68 79
68 112
68 103
68 83
68 120
68 122
68 127
68 104
68 88
68 105
68 124
68 89
68 90
68 96
68 115
68 70
68 99
69 101
69 72
69 73
69 74
69 75
69 76
69 117
69 126
69 111
69 102
69 77
69 78
69 112
69 81
69 83
69 122
69 85
69 113
69 87
69 104
69 88
69 124
69 89
69 93
69 118
69 125
69 94
69 114
69 115
69 109
69 97
69 116
69 70
69 99
70 71
70 100
70 73
70 75
70 76
70 117
70 77
70 78
70 79
70 83
70 122
70 85
70 127
70 123
70 87
70 88
70 105
70 106
70 91
70 107
70 108
70 94
70 119
70 114
70 96
70 109
70 116
70 99
71 100
71 101
71 72
71 74
71 76
71 117
71 126
71 77
71 78
71 79
71 112
71 81
71 103
71 82
71 84
71 122
71 85
71 127
71 123
71 87
71 124
71 89
71 91
71 92
71 108
71 125
71 94
71 114
71 95
71 98
71 116
72 101
72 73
72 75
72 117
72 111
72 102
72 78
72 79
72 81
72 83
72 120
72 122
72 85
72 113
72 123
72 104
72 88
72 106
72 92
72 93
72 107
72 118
72 119
72 114
72 96
72 99
73 100
73 101
73 75
73 110
73 77
73 78
73 79
73 80
73 112
73 81
73 82
73 121
73 84
73 127
73 113
73 86
73 123
73 88
73 105
73 106
73 124
73 89
73 90
73 107
73 108
73 116
73 99
74 100
74 110
74 102
74 78
74 82
74 83
74 121
74 84
74 122
74 113
74 86
74 123
74 124
74 89
74 92
74 107
74 114
74 95
74 96
74 109
74 117
74 115
74 125
74 127
74 119
74 112
75 100
75 101
75 110
75 76
75 126
75 102
75 78
75 79
75 80
75 112
75 82
75 120
75 121
75 122
75 127
75 88
75 105
75 89
75 90
75 91
75 93
75 108
75 119
75 96
75 97
75 99
76 100
76 101
76 110
76 102
76 80
76 112
76 84
76 122
76 85
76 123
76 105
76 106
76 89
76 91
76 92
76 107
76 118
76 119
76 95
76 96
76 115
76 116
76 99
77 100
77 101
77 110
77 126
77 78
77 79
77 80
77 112
77 81
77 103
77 120
77 84
77 122
77 87
77 90
77 91
77 92
77 108
77 125
77 95
77 96
77 115
77 97
77 116
78 101
78 110
78 111
78 102
78 80
78 81
78 82
78 84
78 122
78 85
78 86
78 123
78 87
78 104
78 88
78 105
78 89
78 90
78 107
78 108
78 118
78 125
78 94
78 119
78 95
78 109
78 97
79 100
79 126
79 111
79 102
79 80
79 112
79 81
79 82
79 83
79 85
79 127
79 123
79 104
79 88
79 106
79 89
79 92
79 93
79 107
79 108
79 95
79 115
79 116
80 100
80 101
80 110
80 117
80 102
80 120
80 121
80 84
80 85
80 127
80 113
80 123
80 87
80 104
80 124
80 91
80 93
80 107
80 118
80 119
80 114
80 95
80 115
80 116
81 101
81 110
81 117
81 82
81 83
81 120
81 84
81 85
81 113
81 87
81 104
81 124
81 89
81 90
81 91
81 92
81 93
81 118
81 94
81 95
81 115
81 98
81 116
82 110
82 117
82 126
82 111
82 102
82 112
82 103
82 83
82 120
82 121
82 84
82 122
82 127
82 88
82 106
82 89
82 90
82 91
82 93
82 107
82 108
82 94
82 119
82 95
82 115
82 97
82 99
83 100
83 111
83 102
83 112
83 120
83 121
83 84
83 85
83 127
83 86
83 106
83 124
83 89
83 90
83 93
83 118
83 125
83 114
83 95
83 97
83 98
83 99
84 101
84 110
84 117
84 126
84 111
84 112
84 120
84 85
84 127
84 86
84 87
84 104
84 124
84 91
84 108
84 125
84 94
84 119
84 95
84 115
84 98
84 99
84 109
85 100
85 101
85 117
85 111
85 102
85 120
85 87
85 104
85 91
85 107
85 108
85 118
85 114
85 96
85 109
85 97
85 98
85 116
85 99
86 117
86 102
86 103
86 121
86 127
86 113
86 123
86 90
86 92
86 108
86 118
86 94
87 117
87 126
87 111
87 102
87 121
87 104
87 106
87 124
87 118
87 119
87 114
87 96
87 115
87 116
87 99
88 100
88 101
88 110
88 117
88 126
88 113
88 123
88 104
88 124
88 92
88 93
88 108
88 118
88 94
88 119
88 114
88 95
88 96
88 109
88 97
88 98
88 116
88 99
89 100
89 101
89 117
89 126
89 102
89 122
89 123
89 104
89 105
89 106
89 92
89 93
89 108
89 125
89 119
89 114
89 109
89 99
90 101
90 110
90 117
90 126
90 111
90 120
90 121
90 127
90 113
90 104
90 106
90 93
90 118
90 94
90 95
90 96
90 115
90 97
90 98
90 116
91 100
91 126
91 111
91 102
91 112
91 103
91 120
91 127
91 113
91 104
91 105
91 124
91 92
91 93
91 107
91 108
91 118
91 94
91 119
91 114
91 95
91 115
92 100
92 117
92 111
92 102
92 127
92 113
92 105
92 106
92 93
92 108
92 118
92 94
92 95
92 109
92 97
92 98
92 116
93 110
93 112
93 103
93 120
93 121
93 122
93 127
93 113
93 123
93 124
93 118
93 114
93 115
93 116
93 99
94 101
94 117
94 102
94 112
94 103
94 120
94 121
94 127
94 113
94 104
94 107
94 108
94 125
94 96
94 115
94 97
94 98
94 116
95 100
95 101
95 110
95 117
95 111
95 112
95 103
95 121
95 127
95 113
95 106
95 107
95 118
95 119
95 114
95 96
95 115
95 98
95 99
96 126
96 120
96 121
96 123
96 124
96 108
96 118
96 125
96 119
96 115
96 97
97 101
97 117
97 126
97 111
97 112
97 113
97 123
97 105
97 108
97 125
97 119
97 114
97 115
97 99
98 100
98 101
98 102
98 112
98 103
98 121
98 122
98 127
98 113
98 104
98 107
98 108
98 125
98 119
98 114
98 109
98 116
99 100
99 101
99 110
99 126
99 112
99 103
99 122
99 127
99 123
99 124
99 116
100 110
100 111
100 112
100 103
100 121
100 113
100 123
100 104
100 105
100 106
100 124
100 119
100 114
100 115
100 109
101 117
101 111
101 102
101 120
101 113
101 123
101 104
101 105
101 106
101 124
101 125
101 114
101 115
102 110
102 126
102 111
102 103
102 120
102 121
102 113
102 123
102 104
102 107
102 118
102 125
102 114
102 115
102 116
103 117
103 111
103 122
103 113
103 106
103 108
103 114
103 116
104 126
104 112
104 120
104 121
104 122
104 113
104 124
104 118
104 125
104 109
105 126
105 127
105 123
105 124
105 107
105 108
105 125
105 114
105 116
106 111
106 112
106 120
106 121
106 122
106 127
106 124
106 118
106 114
106 115
106 109
107 117
107 111
107 121
107 122
107 127
107 108
107 115
107 109
107 116
108 111
108 120
108 122
108 119
108 115
108 116
109 117
109 120
109 122
109 127
109 113
109 123
109 124
109 125
109 115
109 116
109 119
109 112
110 126
110 111
110 120
110 122
110 113
110 123
110 124
110 118
110 114
110 115
110 116
111 120
111 122
111 123
111 125
111 115
112 117
112 126
112 122
112 127
112 118
112 125
112 116
112 115
112 119
113 126
113 121
113 122
113 125
113 119
114 117
114 121
114 122
114 127
114 118
114 125
114 115
114 116
115 117
115 120
115 127
115 123
115 125
115 119
116 117
116 126
116 122
116 123
116 118
116 125
117 126
117 120
117 121
117 127
117 123
117 124
117 125
117 119
118 127
118 123
118 124
118 125
118 121
119 127
119 123
119 124
119 125
120 126
120 127
120 124
121 127
122 126
122 123
123 126
125 126
125 127
