0 1
0 2
0 3
0 4
0 5
0 6
0 7
0 8
0 9
0 10
0 11
0 12
0 13
0 14
0 15
0 16
0 17
0 18
0 19
0 20
0 21
0 22
0 23
0 24
0 25
0 26
0 27
0 28
0 29
0 30
0 31
0 32
0 33
0 34
0 35
0 36
0 37
0 38
0 39
0 40
0 41
0 42
0 43
0 44
0 45
0 46
0 47
0 48
0 49
0 50
0 51
0 52
0 53
0 54
0 55
0 56
0 57
0 58
0 59
0 60
1 61
1 62
1 63
1 3
1 4
1 64
1 5
1 7
1 65
1 66
1 12
1 67
1 13
1 68
1 69
1 15
1 16
1 70
1 71
1 17
1 72
1 20
1 73
1 74
1 24
1 25
1 27
1 76
1 77
1 78
1 79
1 29
1 30
1 80
1 81
1 82
1 34
1 36
1 37
1 83
1 40
1 42
1 44
1 46
1 47
1 48
1 85
1 49
1 86
1 52
1 54
1 87
1 55
1 88
1 89
1 90
1 91
2 61
2 62
2 92
2 93
2 94
2 95
2 4
2 7
2 8
2 96
2 65
2 66
2 10
2 97
2 15
2 98
2 70
2 99
2 72
2 100
2 101
2 74
2 102
2 103
2 75
2 23
2 27
2 78
2 104
2 79
2 29
2 81
2 31
2 33
2 82
2 34
2 105
2 40
2 41
2 42
2 44
2 106
2 45
2 46
2 47
2 107
2 48
2 108
2 85
2 49
2 50
2 86
2 51
2 52
2 54
2 87
2 55
2 56
2 89
2 90
2 59
2 91
3 109
3 61
3 110
3 93
3 95
3 4
3 6
3 7
3 111
3 8
3 96
3 9
3 112
3 67
3 69
3 16
3 70
3 17
3 99
3 19
3 20
3 73
3 101
3 113
3 114
3 103
3 26
3 76
3 115
3 77
3 78
3 104
3 79
3 29
3 30
3 31
3 33
3 82
3 116
3 34
3 36
3 37
3 38
3 105
3 39
3 40
3 42
3 43
3 44
3 106
3 45
3 47
3 107
3 108
3 85
3 86
3 51
3 54
3 87
3 55
3 88
3 59
3 60
3 91
4 109
4 61
4 62
4 63
4 110
4 92
4 94
4 117
4 64
4 118
4 6
4 8
4 65
4 66
4 9
4 10
4 67
4 14
4 97
4 15
4 119
4 98
4 16
4 70
4 120
4 99
4 19
4 72
4 20
4 100
4 113
4 22
4 103
4 121
4 24
4 27
4 76
4 115
4 78
4 104
4 29
4 30
4 32
4 122
4 123
4 82
4 34
4 38
4 39
4 40
4 41
4 43
4 106
4 84
4 45
4 46
4 48
4 108
4 49
4 86
4 52
4 53
4 54
4 88
4 58
4 91
4 124
5 61
5 125
5 62
5 63
5 110
5 92
5 95
5 117
5 64
5 6
5 7
5 111
5 8
5 65
5 10
5 112
5 11
5 67
5 13
5 14
5 15
5 16
5 120
5 17
5 99
5 72
5 100
5 101
5 113
5 22
5 102
5 103
5 75
5 23
5 121
5 76
5 77
5 78
5 79
5 28
5 29
5 30
5 80
5 32
5 126
5 82
5 116
5 36
5 37
5 83
5 39
5 40
5 41
5 45
5 46
5 47
5 108
5 49
5 50
5 86
5 52
5 88
5 89
5 60
5 124
6 61
6 62
6 93
6 111
6 8
6 96
6 65
6 66
6 9
6 112
6 12
6 68
6 69
6 16
6 70
6 120
6 17
6 99
6 18
6 20
6 127
6 100
6 101
6 113
6 22
6 102
6 103
6 75
6 23
6 24
6 25
6 26
6 27
6 115
6 78
6 79
6 28
6 29
6 30
6 122
6 116
6 35
6 38
6 40
6 43
6 44
6 106
6 47
6 85
6 51
6 53
6 54
6 87
6 55
6 88
6 56
6 89
6 58
6 59
6 124
7 109
7 61
7 125
7 93
7 117
7 118
7 111
7 96
7 65
7 10
7 112
7 67
7 15
7 119
7 98
7 70
7 120
7 72
7 20
7 127
7 21
7 100
7 101
7 114
7 22
7 102
7 103
7 23
7 24
7 26
7 27
7 115
7 78
7 79
7 29
7 30
7 80
7 81
7 32
7 122
7 33
7 123
7 34
7 35
7 36
7 38
7 105
7 39
7 41
7 43
7 46
7 47
7 107
7 48
7 108
7 50
7 86
7 52
7 53
7 87
7 88
7 56
7 57
7 58
7 59
7 60
7 124
8 109
8 125
8 94
8 117
8 64
8 65
8 66
8 112
8 67
8 14
8 69
8 97
8 15
8 98
8 70
8 17
8 19
8 21
8 100
8 113
8 114
8 22
8 74
8 103
8 23
8 76
8 77
8 78
8 104
8 79
8 28
8 30
8 80
8 122
8 126
8 123
8 116
8 34
8 35
8 36
8 38
8 39
8 40
8 47
8 48
8 108
8 85
8 49
8 50
8 86
8 51
8 52
8 87
8 56
8 57
8 89
8 58
8 91
8 124
9 109
9 94
9 117
9 111
9 96
9 65
9 66
9 10
9 112
9 12
9 67
9 69
9 98
9 120
9 19
9 72
9 20
9 127
9 21
9 100
9 101
9 114
9 22
9 74
9 23
9 121
9 26
9 27
9 76
9 77
9 78
9 104
9 79
9 80
9 126
9 33
9 82
9 116
9 34
9 35
9 36
9 37
9 38
9 105
9 39
9 41
9 42
9 43
9 44
9 45
9 107
9 108
9 50
9 86
9 51
9 52
9 54
9 57
9 89
9 60
9 91
9 124
10 125
10 92
10 95
10 117
10 64
10 96
10 112
10 11
10 68
10 69
10 97
10 70
10 17
10 99
10 19
10 72
10 21
10 73
10 22
10 74
10 102
10 121
10 24
10 27
10 115
10 77
10 104
10 79
10 81
10 31
10 32
10 122
10 123
10 82
10 34
10 36
10 83
10 40
10 42
10 43
10 44
10 84
10 46
10 47
10 107
10 108
10 49
10 50
10 51
10 53
10 87
10 55
10 88
10 59
10 60
10 91
10 124
11 61
11 125
11 62
11 110
11 94
11 95
11 118
11 96
11 112
11 12
11 13
11 68
11 15
11 98
11 70
11 99
11 18
11 19
11 72
11 20
11 127
11 21
11 100
11 102
11 75
11 23
11 25
11 26
11 27
11 115
11 104
11 79
11 28
11 29
11 30
11 81
11 31
11 32
11 126
11 33
11 82
11 116
11 35
11 38
11 39
11 43
11 106
11 84
11 45
11 48
11 108
11 85
11 51
11 52
11 53
11 54
11 57
11 89
11 59
11 91
12 61
12 125
12 62
12 110
12 92
12 117
12 118
12 111
12 96
12 66
12 112
12 67
12 13
12 68
12 69
12 97
12 15
12 16
12 71
12 18
12 21
12 100
12 113
12 114
12 22
12 23
12 121
12 25
12 26
12 76
12 115
12 79
12 28
12 30
12 80
12 81
12 32
12 122
12 126
12 33
12 123
12 82
12 116
12 34
12 38
12 105
12 83
12 44
12 106
12 84
12 45
12 46
12 47
12 48
12 108
12 85
12 50
12 51
12 52
12 53
12 55
12 57
12 89
12 90
12 58
12 91
13 63
13 110
13 117
13 96
13 65
13 66
13 67
13 14
13 15
13 119
13 16
13 71
13 18
13 19
13 72
13 20
13 100
13 113
13 22
13 102
13 23
13 25
13 26
13 76
13 115
13 77
13 104
13 79
13 28
13 29
13 80
13 31
13 32
13 82
13 34
13 37
13 83
13 84
13 46
13 49
13 53
13 87
13 56
13 57
13 90
13 58
13 59
13 60
14 62
14 110
14 93
14 111
14 96
14 69
14 97
14 15
14 119
14 70
14 17
14 19
14 72
14 20
14 73
14 101
14 114
14 103
14 75
14 26
14 76
14 77
14 104
14 29
14 80
14 31
14 126
14 33
14 35
14 36
14 37
14 105
14 83
14 39
14 40
14 41
14 44
14 45
14 46
14 48
14 50
14 86
14 51
14 52
14 87
14 57
14 59
14 91
14 88
14 107
14 47
14 66
14 118
14 84
14 32
14 106
14 55
14 116
14 115
15 61
15 62
15 63
15 93
15 94
15 95
15 97
15 70
15 71
15 120
15 17
15 18
15 127
15 73
15 22
15 103
15 24
15 27
15 76
15 104
15 30
15 122
15 33
15 123
15 34
15 36
15 37
15 38
15 105
15 83
15 41
15 42
15 43
15 45
15 47
15 48
15 49
15 50
15 52
15 55
15 88
15 57
15 89
15 60
15 124
16 109
16 125
16 110
16 92
16 93
16 118
16 111
16 97
16 98
16 71
16 120
16 18
16 19
16 72
16 127
16 100
16 73
16 101
16 113
16 74
16 102
16 75
16 24
16 76
16 115
16 77
16 78
16 104
16 28
16 30
16 80
16 31
16 32
16 122
16 116
16 105
16 83
16 40
16 41
16 43
16 106
16 45
16 107
16 48
16 108
16 51
16 52
16 53
16 54
16 56
16 90
16 58
16 59
16 60
17 61
17 62
17 63
17 93
17 95
17 64
17 118
17 96
17 66
17 112
17 68
17 97
17 119
17 98
17 70
17 71
17 99
17 72
17 127
17 100
17 73
17 101
17 113
17 74
17 102
17 103
17 75
17 23
17 24
17 25
17 76
17 115
17 77
17 78
17 79
17 29
17 30
17 31
17 32
17 122
17 82
17 116
17 35
17 38
17 105
17 42
17 44
17 47
17 107
17 48
17 85
17 49
17 86
17 54
17 87
17 56
17 57
17 89
17 90
17 60
17 124
18 61
18 63
18 92
18 93
18 94
18 64
18 111
18 96
18 67
18 68
18 119
18 70
18 72
18 21
18 100
18 101
18 113
18 114
18 74
18 23
18 25
18 27
18 115
18 28
18 29
18 30
18 122
18 34
18 35
18 36
18 38
18 105
18 83
18 39
18 84
18 46
18 47
18 48
18 108
18 85
18 50
18 86
18 52
18 53
18 54
18 55
18 88
18 59
18 91
18 124
19 125
19 93
19 94
19 95
19 117
19 64
19 111
19 65
19 66
19 112
19 67
19 69
19 97
19 119
19 98
19 71
19 120
19 72
19 20
19 127
19 100
19 114
19 22
19 74
19 102
19 103
19 75
19 25
19 26
19 76
19 77
19 104
19 79
19 28
19 29
19 126
19 123
19 82
19 36
19 37
19 105
19 40
19 41
19 42
19 44
19 106
19 84
19 47
19 107
19 108
19 86
19 51
19 52
19 87
19 55
19 56
19 57
19 89
19 60
19 124
20 109
20 125
20 63
20 110
20 92
20 117
20 64
20 65
20 66
20 70
20 71
20 120
20 99
20 73
20 113
20 22
20 102
20 23
20 24
20 25
20 26
20 76
20 77
20 78
20 79
20 30
20 80
20 31
20 122
20 33
20 82
20 34
20 38
20 83
20 39
20 43
20 106
20 84
20 45
20 46
20 47
20 107
20 48
20 108
20 85
20 49
20 86
20 51
20 87
20 55
20 88
20 56
20 57
20 58
20 60
20 91
20 124
20 75
20 118
20 32
20 116
20 119
20 115
21 109
21 62
21 94
21 95
21 64
21 96
21 66
21 68
21 97
21 119
21 99
21 72
21 127
21 100
21 73
21 101
21 22
21 74
21 103
21 115
21 77
21 78
21 28
21 29
21 30
21 80
21 122
21 126
21 33
21 123
21 35
21 36
21 37
21 39
21 42
21 43
21 106
21 85
21 49
21 52
21 55
21 56
21 57
21 89
21 58
21 60
21 124
22 109
22 125
22 62
22 95
22 117
22 111
22 96
22 65
22 66
22 97
22 71
22 120
22 99
22 72
22 114
22 74
22 102
22 23
22 121
22 24
22 25
22 27
22 104
22 79
22 29
22 81
22 122
22 33
22 123
22 34
22 36
22 38
22 105
22 83
22 41
22 44
22 47
22 108
22 49
22 50
22 51
22 52
22 53
22 88
22 56
22 57
22 89
22 59
22 60
23 109
23 62
23 94
23 64
23 111
23 96
23 65
23 66
23 112
23 98
23 120
23 99
23 127
23 114
23 74
23 103
23 75
23 26
23 27
23 76
23 115
23 77
23 122
23 33
23 123
23 82
23 116
23 35
23 37
23 38
23 83
23 40
23 41
23 42
23 106
23 45
23 47
23 107
23 108
23 49
23 52
23 53
23 54
23 55
23 57
23 90
24 92
24 93
24 94
24 64
24 118
24 111
24 96
24 66
24 112
24 67
24 69
24 119
24 70
24 71
24 120
24 127
24 113
24 114
24 121
24 26
24 76
24 115
24 104
24 80
24 81
24 126
24 82
24 116
24 34
24 37
24 38
24 83
24 41
24 42
24 44
24 84
24 48
24 108
24 85
24 49
24 50
24 54
24 55
24 88
24 56
24 90
24 58
24 91
25 109
25 61
25 62
25 63
25 94
25 117
25 65
25 112
25 68
25 119
25 98
25 120
25 99
25 72
25 127
25 100
25 73
25 101
25 75
25 121
25 115
25 77
25 78
25 104
25 30
25 81
25 32
25 122
25 126
25 123
25 116
25 35
25 36
25 37
25 38
25 83
25 39
25 40
25 42
25 106
25 84
25 45
25 46
25 107
25 85
25 51
25 52
25 54
25 55
25 88
25 90
25 59
25 91
26 62
26 110
26 93
26 94
26 95
26 118
26 111
26 96
26 66
26 68
26 119
26 98
26 70
26 71
26 127
26 100
26 73
26 114
26 74
26 102
26 103
26 121
26 115
26 78
26 104
26 81
26 31
26 32
26 122
26 126
26 123
26 116
26 34
26 40
26 41
26 42
26 43
26 106
26 48
26 108
26 50
26 86
26 53
26 54
26 87
26 55
26 57
26 89
26 58
26 59
26 60
26 91
27 61
27 125
27 63
27 110
27 118
27 66
27 112
27 67
27 98
27 71
27 73
27 101
27 113
27 75
27 121
27 77
27 78
27 104
27 79
27 80
27 81
27 126
27 123
27 35
27 36
27 38
27 39
27 41
27 43
27 107
27 48
27 85
27 53
27 87
27 88
27 56
27 57
27 89
27 90
27 59
28 61
28 62
28 63
28 110
28 92
28 93
28 94
28 117
28 64
28 118
28 65
28 66
28 112
28 97
28 119
28 99
28 72
28 127
28 100
28 73
28 101
28 114
28 103
28 121
28 78
28 79
28 80
28 31
28 32
28 33
28 123
28 36
28 37
28 38
28 105
28 43
28 106
28 46
28 108
28 49
28 50
28 86
28 51
28 53
28 54
28 87
28 55
28 59
28 60
28 124
29 109
29 63
29 110
29 92
29 94
29 117
29 67
29 69
29 97
29 120
29 101
29 103
29 75
29 121
29 77
29 80
29 31
29 32
29 123
29 82
29 116
29 35
29 36
29 37
29 83
29 39
29 42
29 43
29 106
29 84
29 107
29 86
29 51
29 52
29 53
29 87
29 88
29 57
29 90
29 58
29 59
29 60
29 124
30 109
30 61
30 110
30 92
30 93
30 94
30 95
30 118
30 111
30 65
30 112
30 67
30 68
30 120
30 99
30 100
30 73
30 113
30 74
30 102
30 75
30 77
30 78
30 104
30 79
30 81
30 32
30 126
30 34
30 36
30 37
30 38
30 105
30 39
30 41
30 44
30 84
30 107
30 108
30 50
30 52
30 53
30 54
30 87
30 55
30 88
30 90
30 58
30 60
30 91
30 124
31 109
31 61
31 92
31 93
31 64
31 66
31 112
31 67
31 68
31 97
31 119
31 98
31 99
31 73
31 114
31 74
31 76
31 115
31 77
31 78
31 81
31 32
31 116
31 38
31 83
31 39
31 41
31 42
31 44
31 106
31 46
31 47
31 107
31 48
31 85
31 49
31 51
31 52
31 53
31 54
31 55
31 88
31 56
31 58
31 60
31 75
31 118
31 84
32 61
32 125
32 62
32 92
32 93
32 94
32 117
32 111
32 112
32 67
32 98
32 99
32 72
32 127
32 73
32 101
32 74
32 75
32 121
32 104
32 79
32 81
32 123
32 116
32 34
32 36
32 37
32 38
32 105
32 83
32 45
32 46
32 47
32 48
32 108
32 49
32 51
32 52
32 54
32 87
32 89
32 90
32 60
32 124
32 77
32 88
32 107
32 39
32 66
32 118
32 84
32 106
32 55
32 119
32 115
33 109
33 61
33 62
33 110
33 93
33 94
33 64
33 111
33 65
33 66
33 67
33 97
33 119
33 120
33 113
33 114
33 74
33 121
33 76
33 115
33 78
33 104
33 79
33 81
33 122
33 82
33 116
33 35
33 36
33 37
33 105
33 83
33 40
33 41
33 42
33 46
33 47
33 107
33 48
33 108
33 85
33 49
33 50
33 52
33 53
33 54
33 87
33 55
33 56
33 57
33 58
33 91
33 124
34 109
34 61
34 125
34 62
34 63
34 93
34 95
34 118
34 112
34 67
34 68
34 97
34 70
34 71
34 120
34 72
34 127
34 100
34 73
34 101
34 74
34 103
34 75
34 121
34 76
34 115
34 77
34 79
34 80
34 81
34 122
34 116
34 37
34 83
34 42
34 44
34 106
34 50
34 86
34 51
34 53
34 54
34 88
34 57
34 89
34 90
34 58
34 91
35 109
35 125
35 92
35 93
35 94
35 95
35 117
35 118
35 65
35 66
35 67
35 97
35 70
35 99
35 127
35 101
35 114
35 103
35 75
35 121
35 76
35 115
35 77
35 104
35 122
35 126
35 123
35 82
35 36
35 38
35 105
35 83
35 41
35 43
35 44
35 106
35 45
35 107
35 108
35 49
35 86
35 51
35 53
35 54
35 87
35 88
35 56
35 57
35 58
35 124
36 61
36 125
36 62
36 92
36 111
36 66
36 112
36 69
36 97
36 98
36 70
36 99
36 100
36 73
36 101
36 75
36 121
36 76
36 115
36 77
36 78
36 80
36 81
36 122
36 123
36 82
36 116
36 83
36 40
36 42
36 43
36 44
36 106
36 47
36 48
36 49
36 50
36 86
36 52
36 53
36 87
36 56
36 58
36 60
36 124
37 109
37 61
37 110
37 94
37 96
37 112
37 67
37 69
37 98
37 71
37 99
37 72
37 73
37 101
37 113
37 114
37 74
37 103
37 76
37 104
37 79
37 123
37 116
37 43
37 84
37 45
37 46
37 107
37 48
37 108
37 52
37 54
37 88
37 56
37 57
37 89
37 58
37 59
37 60
37 91
38 109
38 61
38 62
38 110
38 93
38 64
38 66
38 97
38 98
38 70
38 71
38 120
38 72
38 127
38 101
38 114
38 102
38 103
38 75
38 121
38 115
38 77
38 78
38 79
38 80
38 82
38 105
38 40
38 42
38 43
38 44
38 46
38 107
38 108
38 50
38 51
38 53
38 54
38 55
38 88
38 57
38 89
38 58
39 109
39 125
39 62
39 63
39 110
39 92
39 118
39 65
39 66
39 112
39 68
39 69
39 97
39 119
39 98
39 71
39 120
39 127
39 73
39 113
39 74
39 75
39 77
39 78
39 80
39 81
39 122
39 126
39 123
39 116
39 105
39 83
39 42
39 43
39 44
39 46
39 47
39 107
39 85
39 50
39 51
39 53
39 87
39 88
39 57
39 90
39 58
39 60
39 91
39 84
39 106
39 55
39 115
40 109
40 125
40 110
40 93
40 95
40 96
40 65
40 68
40 69
40 97
40 71
40 99
40 100
40 101
40 113
40 103
40 121
40 76
40 79
40 122
40 126
40 116
40 105
40 83
40 41
40 42
40 44
40 106
40 45
40 47
40 107
40 108
40 85
40 49
40 50
40 52
40 87
40 57
40 89
40 90
40 59
40 124
41 109
41 61
41 62
41 110
41 93
41 94
41 95
41 117
41 118
41 112
41 97
41 119
41 98
41 70
41 120
41 99
41 100
41 101
41 114
41 102
41 121
41 76
41 115
41 77
41 104
41 79
41 80
41 81
41 122
41 126
41 83
41 42
41 106
41 84
41 46
41 50
41 86
41 52
41 53
41 54
41 55
41 56
41 57
41 89
41 58
41 91
42 125
42 62
42 110
42 111
42 96
42 65
42 66
42 112
42 67
42 68
42 97
42 119
42 71
42 99
42 72
42 127
42 101
42 114
42 103
42 75
42 76
42 78
42 104
42 79
42 80
42 122
42 126
42 123
42 82
42 105
42 83
42 45
42 47
42 107
42 85
42 49
42 86
42 51
42 54
42 55
42 88
42 56
42 58
42 59
42 91
43 109
43 125
43 62
43 110
43 94
43 64
43 111
43 96
43 65
43 68
43 98
43 100
43 73
43 102
43 103
43 75
43 77
43 78
43 80
43 123
43 116
43 44
43 47
43 107
43 48
43 108
43 49
43 86
43 51
43 52
43 54
43 87
43 88
43 56
43 89
43 58
43 59
44 61
44 125
44 110
44 95
44 65
44 68
44 97
44 120
44 72
44 101
44 113
44 114
44 103
44 121
44 115
44 104
44 80
44 81
44 123
44 82
44 105
44 106
44 84
44 46
44 107
44 85
44 49
44 86
44 52
44 53
44 87
44 56
44 57
44 90
44 59
45 109
45 61
45 125
45 63
45 110
45 93
45 94
45 117
45 111
45 96
45 112
45 68
45 69
45 98
45 71
45 120
45 72
45 100
45 73
45 113
45 74
45 103
45 75
45 115
45 78
45 123
45 82
45 105
45 46
45 47
45 48
45 108
45 85
45 49
45 86
45 53
45 54
45 55
45 57
45 90
45 58
45 59
45 91
45 124
46 109
46 61
46 62
46 63
46 110
46 64
46 111
46 65
46 66
46 69
46 98
46 70
46 71
46 120
46 72
46 127
46 100
46 113
46 102
46 103
46 75
46 121
46 115
46 77
46 78
46 104
46 79
46 80
46 123
46 82
46 105
46 83
46 106
46 84
46 85
46 49
46 53
46 54
46 88
46 56
46 58
46 59
46 60
46 91
46 124
47 109
47 125
47 62
47 110
47 94
47 66
47 67
47 68
47 119
47 98
47 120
47 72
47 73
47 113
47 114
47 103
47 75
47 121
47 76
47 77
47 79
47 122
47 126
47 123
47 82
47 116
47 83
47 84
47 107
47 49
47 86
47 53
47 87
47 55
47 88
47 56
47 58
47 59
47 124
47 118
47 106
47 115
48 109
48 125
48 63
48 92
48 95
48 64
48 111
48 65
48 66
48 112
48 67
48 68
48 69
48 98
48 70
48 73
48 102
48 75
48 76
48 115
48 77
48 104
48 79
48 122
48 123
48 116
48 107
48 85
48 50
48 54
48 87
48 88
48 60
48 124
49 109
49 61
49 125
49 62
49 110
49 92
49 94
49 95
49 117
49 118
49 111
49 65
49 66
49 112
49 67
49 68
49 69
49 119
49 98
49 70
49 71
49 99
49 127
49 73
49 101
49 102
49 103
49 121
49 76
49 77
49 78
49 79
49 122
49 123
49 105
49 85
49 86
49 51
49 53
49 87
49 56
49 89
49 58
50 109
50 61
50 125
50 63
50 92
50 95
50 117
50 64
50 118
50 96
50 65
50 112
50 69
50 97
50 70
50 71
50 127
50 100
50 101
50 103
50 121
50 76
50 115
50 104
50 80
50 81
50 123
50 116
50 105
50 106
50 107
50 51
50 52
50 87
50 55
50 88
50 56
50 57
51 109
51 61
51 63
51 110
51 92
51 93
51 94
51 117
51 66
51 68
51 97
51 119
51 71
51 99
51 72
51 100
51 101
51 114
51 102
51 103
51 121
51 77
51 78
51 80
51 82
51 105
51 106
51 107
51 85
51 52
51 53
51 55
51 88
51 56
51 90
51 58
51 60
51 91
52 109
52 62
52 92
52 94
52 64
52 96
52 112
52 67
52 97
52 99
52 72
52 127
52 100
52 101
52 113
52 74
52 103
52 115
52 77
52 104
52 80
52 122
52 126
52 123
52 82
52 116
52 105
52 106
52 53
52 87
52 55
52 88
52 56
52 57
52 89
52 90
52 60
53 63
53 110
53 94
53 95
53 64
53 96
53 66
53 112
53 67
53 68
53 97
53 119
53 70
53 72
53 73
53 101
53 113
53 74
53 102
53 103
53 75
53 121
53 115
53 77
53 104
53 79
53 80
53 122
53 126
53 123
53 82
53 116
53 105
53 108
53 86
53 87
53 88
53 57
53 58
53 59
54 109
54 110
54 94
54 95
54 117
54 64
54 66
54 68
54 69
54 98
54 120
54 99
54 72
54 127
54 73
54 113
54 75
54 121
54 76
54 77
54 79
54 80
54 81
54 82
54 116
54 105
54 107
54 85
54 87
54 55
54 88
54 58
54 59
54 91
54 124
55 109
55 93
55 95
55 118
55 66
55 68
55 97
55 98
55 71
55 99
55 72
55 101
55 102
55 103
55 115
55 77
55 104
55 80
55 81
55 122
55 123
55 105
55 84
55 107
55 108
55 86
55 56
55 57
55 89
55 90
55 60
55 91
55 124
55 73
55 88
55 83
55 75
55 106
55 116
55 119
56 109
56 125
56 93
56 94
56 118
56 96
56 68
56 69
56 70
56 120
56 72
56 127
56 73
56 101
56 114
56 102
56 115
56 78
56 104
56 81
56 126
56 116
56 84
56 85
56 86
56 87
56 88
56 57
57 125
57 62
57 117
57 67
57 68
57 119
57 98
57 70
57 99
57 72
57 127
57 100
57 73
57 114
57 74
57 75
57 76
57 115
57 78
57 81
57 122
57 126
57 123
57 116
57 105
57 83
57 106
57 108
57 85
57 86
57 88
57 89
57 90
57 59
57 124
58 109
58 125
58 63
58 92
58 94
58 96
58 65
58 66
58 112
58 69
58 98
58 120
58 72
58 127
58 73
58 101
58 113
58 74
58 103
58 75
58 121
58 76
58 115
58 78
58 80
58 122
58 123
58 105
58 83
58 106
58 85
58 86
58 89
58 90
58 59
58 60
58 91
58 124
59 109
59 61
59 63
59 110
59 93
59 94
59 95
59 64
59 118
59 111
59 65
59 66
59 67
59 119
59 71
59 120
59 72
59 127
59 100
59 73
59 113
59 74
59 102
59 103
59 75
59 121
59 76
59 79
59 126
59 123
59 105
59 83
59 106
59 84
59 85
59 86
59 87
59 89
59 60
59 91
60 109
60 61
60 125
60 92
60 94
60 117
60 64
60 111
60 65
60 68
60 69
60 97
60 119
60 98
60 120
60 99
60 72
60 100
60 74
60 102
60 75
60 76
60 104
60 80
60 81
60 126
60 82
60 105
60 84
60 107
60 108
60 86
60 87
60 88
60 90
60 91
60 124
61 110
61 93
61 111
61 66
61 70
61 99
61 73
61 101
61 113
61 114
61 122
61 126
61 82
61 90
61 124
61 125
61 63
61 64
61 96
61 112
61 68
61 98
61 71
61 72
61 75
61 121
61 81
61 107
61 88
61 89
61 91
62 93
62 117
62 111
62 66
62 69
62 120
62 99
62 101
62 113
62 114
62 74
62 103
62 115
62 79
62 126
62 123
62 82
62 105
62 84
62 125
62 63
62 64
62 68
62 98
62 107
62 91
62 94
62 95
62 67
62 97
62 119
62 102
62 76
62 77
62 83
63 111
63 69
63 99
63 100
63 73
63 113
63 114
63 74
63 122
63 123
63 105
63 84
63 108
63 85
63 86
63 90
63 124
63 125
63 94
63 95
63 64
63 118
63 96
63 112
63 67
63 97
63 98
63 71
63 127
63 102
63 121
63 76
63 77
63 78
63 106
63 89
64 92
64 93
64 111
64 66
64 69
64 70
64 99
64 73
64 103
64 115
64 79
64 82
64 116
64 84
64 85
64 124
64 125
64 94
64 96
64 97
64 119
64 98
64 127
64 102
64 75
64 121
64 76
64 77
64 80
64 81
64 83
64 88
65 109
65 92
65 93
65 117
65 111
65 95
65 96
65 112
65 68
65 69
65 97
65 72
65 127
65 113
65 74
65 103
65 75
65 121
65 77
65 78
65 104
65 79
65 82
65 105
65 83
65 84
65 88
65 91
66 109
66 92
66 93
66 94
66 95
66 96
66 112
66 67
66 68
66 69
66 97
66 119
66 70
66 71
66 72
66 127
66 73
66 101
66 113
66 114
66 74
66 102
66 103
66 121
66 76
66 77
66 104
66 79
66 80
66 122
66 116
66 83
66 84
66 107
66 85
66 87
66 88
66 75
66 118
66 106
66 115
67 117
67 120
67 100
67 114
67 74
67 103
67 123
67 82
67 84
67 108
67 85
67 124
67 125
67 96
67 112
67 98
67 71
67 91
67 94
67 95
67 97
67 119
67 127
67 102
67 76
67 83
67 106
67 87
68 110
68 92
68 93
68 117
68 111
68 120
68 101
68 103
68 115
68 104
68 122
68 108
68 86
68 90
68 112
68 94
68 118
68 97
68 98
68 72
68 127
68 75
68 76
68 77
68 83
68 87
68 89
69 109
69 93
69 117
69 111
69 125
69 118
69 96
69 112
69 120
69 99
69 127
69 100
69 102
69 75
69 78
69 79
69 116
69 105
69 83
69 107
69 108
69 85
69 86
69 87
70 109
70 110
70 92
70 117
70 125
70 112
70 127
70 101
70 74
70 103
70 75
70 121
70 76
70 78
70 104
70 80
70 81
70 126
70 82
70 105
70 107
70 86
70 89
70 90
70 91
70 124
71 92
71 93
71 111
71 99
71 100
71 73
71 101
71 126
71 105
71 84
71 85
71 86
71 124
71 96
71 112
71 98
71 94
71 118
71 102
71 75
71 121
71 77
71 78
71 80
71 81
71 106
71 89
71 91
72 92
72 93
72 117
72 99
72 73
72 101
72 113
72 104
72 126
72 123
72 90
72 125
72 98
72 127
72 75
72 77
72 78
72 80
73 109
73 110
73 92
73 99
73 100
73 125
73 119
73 98
73 101
73 113
73 114
73 102
73 103
73 75
73 121
73 76
73 77
73 104
73 122
73 82
73 116
73 105
73 83
73 107
73 108
73 85
73 87
73 88
73 89
73 124
73 118
73 84
73 106
73 115
74 109
74 110
74 120
74 101
74 113
74 114
74 125
74 97
74 75
74 76
74 77
74 104
74 79
74 80
74 81
74 82
74 83
74 106
74 107
74 86
74 88
74 89
74 91
75 110
75 117
75 111
75 99
75 101
75 113
75 114
75 103
75 115
75 104
75 122
75 126
75 123
75 116
75 84
75 90
75 124
75 96
75 98
75 94
75 95
75 97
75 102
75 77
75 78
75 106
75 107
75 88
75 89
75 91
75 83
75 118
75 119
76 117
76 111
76 99
76 100
76 101
76 113
76 114
76 126
76 123
76 116
76 105
76 84
76 108
76 86
76 90
76 125
76 98
76 121
76 91
76 95
76 118
76 119
76 97
76 77
76 80
76 83
77 117
77 111
77 99
77 100
77 101
77 114
77 103
77 115
77 104
77 122
77 126
77 105
77 108
77 85
77 86
77 90
77 125
77 96
77 98
77 121
77 81
77 107
77 88
77 89
77 91
77 94
77 95
77 118
77 119
77 127
77 102
77 78
77 83
77 84
77 106
77 116
78 92
78 93
78 117
78 120
78 99
78 100
78 114
78 115
78 104
78 79
78 82
78 108
78 124
78 125
78 98
78 81
78 91
78 94
78 118
78 80
78 83
78 106
78 87
79 109
79 92
79 117
79 120
79 99
79 100
79 114
79 125
79 95
79 118
79 112
79 97
79 98
79 127
79 80
79 81
79 123
79 82
79 105
79 88
79 91
80 110
80 93
80 117
80 111
80 99
80 114
80 115
80 104
80 126
80 123
80 82
80 116
80 105
80 84
80 85
80 90
80 124
80 125
80 96
80 112
80 88
80 89
80 91
80 94
80 118
81 110
81 93
81 117
81 100
81 101
81 114
81 103
81 104
81 122
81 126
81 123
81 116
81 84
81 108
81 86
81 90
81 112
81 98
81 94
81 118
81 97
81 127
81 106
81 107
81 88
81 91
82 109
82 117
82 111
82 120
82 99
82 100
82 101
82 113
82 114
82 115
82 104
82 122
82 125
82 94
82 118
82 119
82 127
82 102
82 105
82 83
82 108
82 85
82 86
82 87
82 91
82 124
83 93
83 111
83 100
83 101
83 113
83 114
83 115
83 104
83 126
83 116
83 105
83 86
83 124
83 96
83 121
83 107
83 88
83 91
83 94
83 97
83 127
83 118
83 84
83 106
83 119
84 109
84 110
84 92
84 93
84 111
84 120
84 100
84 101
84 114
84 103
84 115
84 104
84 122
84 94
84 95
84 96
84 112
84 98
84 106
84 85
84 86
84 87
84 88
84 89
84 91
84 107
84 118
84 116
84 119
85 109
85 92
85 99
85 100
85 114
85 103
85 115
85 125
85 94
85 95
85 118
85 96
85 112
85 97
85 119
85 98
85 127
85 121
85 107
85 88
85 89
85 90
85 91
85 124
86 109
86 93
86 111
86 120
86 99
86 100
86 113
86 114
86 103
86 104
86 122
86 126
86 116
86 105
86 108
86 125
86 94
86 96
86 112
86 98
86 127
86 121
86 107
86 88
86 90
87 92
87 111
87 120
87 114
87 104
87 126
87 116
87 105
87 108
87 90
87 124
87 125
87 96
87 112
87 121
87 88
87 89
87 91
87 94
87 127
87 102
88 92
88 100
88 101
88 114
88 115
88 104
88 122
88 123
88 116
88 105
88 124
88 125
88 98
88 107
88 94
88 95
88 119
88 127
88 106
88 91
88 118
89 110
89 111
89 120
89 100
89 114
89 103
89 104
89 122
89 126
89 105
89 90
89 125
89 96
89 112
89 98
89 121
89 94
89 119
89 106
89 91
90 109
90 120
90 113
90 115
90 104
90 122
90 123
90 96
90 112
90 119
90 98
90 127
90 124
91 110
91 92
91 93
91 117
91 111
91 101
91 113
91 114
91 103
91 115
91 104
91 123
91 116
91 108
91 112
91 98
91 121
91 94
91 95
91 97
91 119
91 102
91 106
92 109
92 93
92 94
92 95
92 118
92 111
92 96
92 112
92 119
92 120
92 127
92 101
92 113
92 114
92 103
92 121
92 104
92 126
92 123
92 116
92 108
92 124
93 109
93 110
93 125
93 94
93 95
93 111
93 112
93 97
93 119
93 120
93 101
93 114
93 102
93 121
93 123
93 105
93 106
93 124
94 117
94 99
94 113
94 115
94 104
94 126
94 123
94 116
94 108
94 125
94 96
94 98
94 121
94 107
94 118
94 119
95 110
95 120
95 99
95 114
95 103
95 115
95 104
95 105
95 108
95 125
95 98
95 118
95 119
95 127
95 102
96 110
96 111
96 120
96 99
96 100
96 103
96 115
96 126
96 108
96 124
96 118
96 112
96 97
96 98
96 102
96 121
96 106
97 110
97 117
97 111
97 120
97 99
97 101
97 113
97 114
97 103
97 104
97 122
97 105
97 112
97 98
97 121
97 102
97 106
98 117
98 111
98 101
98 113
98 103
98 115
98 122
98 126
98 124
98 125
98 112
98 119
98 107
99 109
99 110
99 117
99 125
99 118
99 112
99 100
99 101
99 113
99 102
99 126
99 105
99 106
99 107
100 109
100 118
100 112
100 119
100 127
100 113
100 114
100 102
100 121
100 104
100 123
100 108
100 124
101 109
101 110
101 111
101 125
101 112
101 119
101 102
101 103
101 121
101 115
101 122
101 126
101 123
101 116
101 105
101 107
101 108
101 124
102 120
102 114
102 122
102 123
102 116
102 105
102 108
102 121
102 107
102 119
102 106
103 109
103 117
103 111
103 120
103 114
103 125
103 118
103 127
103 115
103 104
103 126
103 107
103 124
104 109
104 117
104 115
104 118
104 112
104 119
104 121
104 126
104 123
104 105
104 107
104 108
104 124
105 109
105 110
105 111
105 114
105 122
105 127
105 108
106 117
106 111
106 120
106 114
106 115
106 126
106 108
106 124
106 121
106 107
106 118
106 116
106 119
107 122
107 126
107 108
107 125
107 121
107 118
107 116
107 119
107 115
108 109
108 110
108 113
108 115
108 122
108 116
108 125
108 112
108 119
108 127
108 121
109 110
109 117
109 111
109 120
109 113
109 114
109 122
109 126
109 123
109 116
109 124
110 117
110 118
110 111
110 119
110 115
110 122
110 126
110 124
111 112
111 120
111 127
111 114
111 115
111 122
111 126
111 123
111 124
112 113
112 122
112 116
112 125
112 118
112 127
113 120
113 119
113 124
114 120
114 118
114 124
115 117
115 119
115 121
115 122
115 116
115 118
116 117
116 120
116 122
116 126
116 127
116 118
116 119
117 120
117 127
117 122
117 123
117 124
118 123
118 124
118 125
118 119
119 126
119 125
120 121
120 126
120 123
121 126
121 123
121 124
121 127
122 127
122 126
122 124
123 126
123 125
124 126
125 126
126 127
