0 1
0 2
0 3
0 4
0 5
0 6
0 7
0 8
0 9
0 10
0 11
0 12
0 13
0 14
0 15
0 16
0 17
0 18
0 19
0 20
0 21
0 22
0 23
0 24
0 25
0 26
0 27
0 28
0 29
0 30
0 31
0 32
0 33
0 34
0 35
0 36
0 37
0 38
0 39
0 40
0 41
0 42
0 43
0 44
0 45
0 46
0 47
0 48
0 49
0 50
0 51
0 52
0 53
0 54
0 55
0 56
0 57
0 58
0 59
0 60
0 61
0 62
0 63
1 64
1 2
1 65
1 66
1 67
1 68
1 6
1 9
1 69
1 10
1 11
1 70
1 13
1 71
1 15
1 19
1 72
1 20
1 22
1 73
1 74
1 24
1 25
1 26
1 75
1 27
1 28
1 29
1 76
1 30
1 77
1 78
1 79
1 35
1 80
1 37
1 38
1 81
1 40
1 82
1 42
1 83
1 43
1 84
1 44
1 45
1 46
1 85
1 86
1 47
1 87
1 48
1 49
1 88
1 51
1 89
1 90
1 91
1 92
1 54
1 55
1 93
1 94
1 58
1 95
1 96
1 63
1 97
2 66
2 67
2 68
2 6
2 98
2 8
2 99
2 69
2 11
2 12
2 70
2 100
2 14
2 71
2 17
2 19
2 72
2 20
2 21
2 24
2 26
2 101
2 27
2 29
2 76
2 30
2 78
2 102
2 31
2 33
2 34
2 80
2 103
2 37
2 38
2 39
2 81
2 82
2 42
2 104
2 44
2 85
2 47
2 105
2 48
2 106
2 49
2 107
2 50
2 51
2 89
2 52
2 108
2 109
2 92
2 110
2 55
2 94
2 111
2 95
2 59
2 61
2 96
2 62
2 97
3 4
3 5
3 68
3 6
3 7
3 99
3 9
3 69
3 12
3 70
3 13
3 71
3 16
3 17
3 19
3 112
3 113
3 20
3 114
3 21
3 73
3 25
3 26
3 75
3 115
3 27
3 29
3 77
3 78
3 31
3 32
3 34
3 35
3 103
3 37
3 38
3 81
3 82
3 104
3 44
3 46
3 85
3 86
3 87
3 105
3 106
3 49
3 107
3 88
3 51
3 90
3 108
3 109
3 110
3 55
3 116
3 56
3 117
3 111
3 57
3 58
3 95
3 59
3 60
3 61
3 63
4 5
4 119
4 67
4 68
4 6
4 7
4 98
4 9
4 100
4 13
4 14
4 15
4 16
4 17
4 19
4 114
4 21
4 73
4 25
4 101
4 75
4 28
4 76
4 30
4 77
4 78
4 33
4 35
4 120
4 121
4 36
4 37
4 38
4 40
4 82
4 122
4 42
4 83
4 43
4 84
4 44
4 123
4 45
4 46
4 85
4 87
4 105
4 107
4 50
4 51
4 124
4 52
4 90
4 91
4 92
4 110
4 54
4 116
4 56
4 94
4 57
4 58
4 95
4 59
4 96
4 125
4 62
5 64
5 65
5 119
5 68
5 6
5 7
5 8
5 99
5 69
5 12
5 70
5 15
5 18
5 19
5 113
5 20
5 114
5 21
5 25
5 101
5 75
5 115
5 27
5 126
5 28
5 29
5 30
5 32
5 79
5 33
5 35
5 80
5 120
5 37
5 38
5 39
5 81
5 122
5 83
5 123
5 45
5 46
5 47
5 87
5 48
5 49
5 51
5 89
5 91
5 109
5 92
5 110
5 55
5 111
5 58
5 60
5 61
5 63
6 64
6 118
6 119
6 66
6 67
6 10
6 12
6 70
6 100
6 13
6 14
6 15
6 16
6 17
6 18
6 72
6 113
6 23
6 73
6 74
6 24
6 126
6 29
6 76
6 30
6 77
6 102
6 31
6 32
6 79
6 120
6 121
6 36
6 39
6 81
6 42
6 104
6 44
6 123
6 85
6 86
6 47
6 87
6 105
6 106
6 107
6 88
6 89
6 52
6 110
6 56
6 117
6 94
6 57
6 58
6 59
6 96
6 62
6 97
7 64
7 65
7 119
7 68
7 99
7 9
7 69
7 10
7 11
7 100
7 14
7 16
7 17
7 19
7 112
7 22
7 23
7 74
7 24
7 25
7 26
7 75
7 115
7 28
7 29
7 76
7 78
7 102
7 31
7 32
7 33
7 34
7 80
7 103
7 36
7 38
7 39
7 81
7 40
7 82
7 42
7 44
7 123
7 46
7 85
7 87
7 105
7 48
7 106
7 49
7 88
7 52
7 90
7 109
7 55
7 116
7 94
7 58
7 59
7 62
7 97
8 65
8 118
8 98
8 99
8 9
8 69
8 70
8 100
8 14
8 15
8 17
8 19
8 20
8 114
8 22
8 23
8 73
8 24
8 75
8 28
8 76
8 77
8 102
8 31
8 32
8 79
8 35
8 80
8 103
8 36
8 42
8 104
8 44
8 45
8 46
8 85
8 86
8 47
8 87
8 105
8 49
8 50
8 51
8 52
8 91
8 108
8 109
8 92
8 110
8 117
8 57
8 58
8 95
8 59
8 60
8 61
8 62
8 97
9 64
9 65
9 119
9 66
9 68
9 98
9 99
9 69
9 10
9 70
9 13
9 71
9 16
9 17
9 19
9 72
9 112
9 20
9 23
9 73
9 24
9 26
9 101
9 27
9 126
9 28
9 29
9 30
9 78
9 102
9 32
9 33
9 34
9 35
9 103
9 36
9 37
9 40
9 104
9 43
9 84
9 44
9 46
9 87
9 105
9 48
9 106
9 49
9 107
9 50
9 91
9 108
9 109
9 110
9 54
9 55
9 116
9 94
9 95
9 60
9 61
9 125
9 62
10 65
10 127
10 98
10 99
10 11
10 13
10 71
10 16
10 17
10 18
10 112
10 113
10 20
10 21
10 22
10 25
10 101
10 27
10 28
10 29
10 30
10 77
10 31
10 79
10 33
10 34
10 80
10 120
10 121
10 103
10 37
10 39
10 122
10 104
10 85
10 87
10 105
10 48
10 49
10 107
10 88
10 89
10 52
10 108
10 109
10 53
10 92
10 110
10 56
10 57
10 58
10 61
10 96
10 125
10 62
10 97
11 119
11 66
11 68
11 98
11 69
11 12
11 100
11 71
11 72
11 113
11 20
11 22
11 24
11 25
11 28
11 29
11 30
11 77
11 31
11 34
11 120
11 121
11 40
11 82
11 42
11 104
11 45
11 46
11 85
11 48
11 106
11 50
11 88
11 124
11 89
11 90
11 91
11 92
11 54
11 55
11 116
11 58
11 59
11 96
11 101
11 51
11 83
11 26
11 87
11 65
11 118
11 23
11 35
11 39
11 122
12 64
12 118
12 119
12 67
12 69
12 70
12 13
12 71
12 16
12 112
12 113
12 114
12 22
12 23
12 24
12 25
12 26
12 75
12 115
12 27
12 29
12 76
12 77
12 78
12 32
12 79
12 33
12 34
12 103
12 40
12 41
12 83
12 43
12 123
12 86
12 87
12 106
12 107
12 88
12 124
12 89
12 108
12 53
12 55
12 93
12 56
12 94
12 111
12 57
12 96
12 125
12 63
12 97
13 64
13 118
13 119
13 67
13 68
13 99
13 70
13 71
13 15
13 16
13 72
13 20
13 21
13 23
13 24
13 115
13 126
13 29
13 30
13 77
13 102
13 31
13 35
13 80
13 120
13 121
13 103
13 38
13 40
13 41
13 42
13 83
13 43
13 84
13 85
13 86
13 48
13 49
13 50
13 88
13 89
13 52
13 91
13 108
13 109
13 53
13 92
13 54
13 56
13 117
13 94
13 111
13 57
13 58
13 59
13 60
13 61
13 96
13 63
14 66
14 67
14 127
14 98
14 69
14 100
14 15
14 17
14 112
14 20
14 23
14 74
14 24
14 26
14 101
14 75
14 115
14 76
14 30
14 77
14 78
14 31
14 79
14 33
14 35
14 120
14 36
14 122
14 43
14 123
14 46
14 86
14 47
14 87
14 105
14 89
14 90
14 108
14 109
14 53
14 92
14 110
14 54
14 55
14 56
14 117
14 111
14 60
14 96
14 62
15 64
15 118
15 66
15 127
15 100
15 71
15 16
15 17
15 19
15 112
15 113
15 21
15 23
15 73
15 74
15 26
15 101
15 75
15 126
15 28
15 29
15 76
15 30
15 77
15 78
15 31
15 32
15 33
15 35
15 80
15 120
15 103
15 38
15 81
15 41
15 82
15 122
15 42
15 83
15 104
15 44
15 86
15 47
15 105
15 48
15 107
15 50
15 88
15 89
15 90
15 109
15 110
15 116
15 56
15 117
15 94
15 57
15 58
15 95
15 60
15 96
15 125
15 62
15 97
16 64
16 68
16 127
16 98
16 99
16 70
16 100
16 17
16 19
16 113
16 114
16 21
16 23
16 73
16 74
16 25
16 26
16 101
16 27
16 76
16 30
16 78
16 102
16 34
16 80
16 120
16 103
16 39
16 81
16 41
16 42
16 83
16 104
16 84
16 85
16 86
16 87
16 105
16 88
16 124
16 52
16 90
16 91
16 109
16 53
16 92
16 110
16 93
16 111
16 57
16 59
16 60
16 61
16 62
16 97
17 64
17 65
17 118
17 66
17 67
17 127
17 69
17 70
17 100
17 18
17 19
17 20
17 22
17 26
17 75
17 115
17 27
17 29
17 78
17 102
17 80
17 37
17 38
17 39
17 41
17 42
17 104
17 44
17 45
17 85
17 86
17 47
17 87
17 48
17 88
17 51
17 89
17 52
17 108
17 109
17 92
17 110
17 54
17 55
17 116
17 57
17 58
17 60
17 61
17 96
17 63
17 97
18 65
18 67
18 127
18 98
18 99
18 71
18 113
18 22
18 73
18 24
18 101
18 115
18 27
18 126
18 76
18 30
18 102
18 79
18 33
18 35
18 120
18 103
18 39
18 81
18 82
18 43
18 45
18 46
18 85
18 86
18 105
18 48
18 106
18 49
18 107
18 50
18 124
18 52
18 90
18 109
18 53
18 92
18 93
18 117
18 94
18 111
18 95
18 59
18 60
18 125
18 63
18 97
19 65
19 119
19 68
19 127
19 98
19 99
19 69
19 70
19 114
19 21
19 22
19 24
19 25
19 26
19 101
19 115
19 27
19 126
19 28
19 77
19 102
19 31
19 32
19 34
19 35
19 80
19 121
19 103
19 38
19 40
19 122
19 83
19 43
19 44
19 46
19 86
19 105
19 106
19 51
19 52
19 92
19 110
19 55
19 93
19 117
19 94
19 57
19 58
19 95
19 59
19 61
19 96
19 63
19 97
20 65
20 119
20 67
20 68
20 127
20 69
20 100
20 113
20 114
20 21
20 22
20 23
20 73
20 74
20 26
20 101
20 27
20 126
20 28
20 29
20 76
20 77
20 78
20 31
20 32
20 79
20 34
20 80
20 121
20 36
20 37
20 38
20 39
20 81
20 41
20 82
20 122
20 42
20 83
20 43
20 84
20 46
20 86
20 47
20 87
20 105
20 49
20 50
20 51
20 89
20 90
20 91
20 109
20 92
20 110
20 54
20 55
20 93
20 94
20 111
20 57
20 58
20 125
20 97
20 118
20 124
20 35
21 64
21 65
21 119
21 127
21 71
21 72
21 113
21 114
21 23
21 74
21 25
21 26
21 75
21 27
21 126
21 28
21 78
21 31
21 33
21 34
21 39
21 81
21 82
21 122
21 43
21 123
21 46
21 85
21 47
21 87
21 48
21 106
21 49
21 107
21 88
21 124
21 89
21 90
21 91
21 109
21 110
21 54
21 116
21 117
21 94
21 111
21 59
21 96
21 62
21 63
21 97
22 68
22 127
22 98
22 99
22 69
22 70
22 74
22 25
22 101
22 75
22 115
22 27
22 126
22 28
22 76
22 78
22 102
22 36
22 37
22 81
22 82
22 46
22 85
22 87
22 105
22 48
22 106
22 49
22 51
22 108
22 53
22 92
22 54
22 55
22 93
22 94
22 58
22 95
22 60
22 61
22 96
22 125
22 62
22 63
23 64
23 65
23 119
23 67
23 69
23 70
23 100
23 71
23 72
23 112
23 73
23 74
23 24
23 27
23 102
23 32
23 79
23 35
23 80
23 120
23 103
23 37
23 81
23 41
23 82
23 122
23 83
23 43
23 84
23 45
23 46
23 86
23 87
23 49
23 88
23 52
23 91
23 110
23 56
23 117
23 94
23 58
23 95
23 59
23 96
23 125
23 62
23 97
23 34
23 101
23 68
23 51
23 26
23 31
23 118
23 124
23 39
24 65
24 119
24 66
24 67
24 127
24 98
24 70
24 100
24 71
24 113
24 25
24 26
24 101
24 75
24 115
24 28
24 30
24 77
24 78
24 31
24 79
24 33
24 35
24 121
24 103
24 37
24 39
24 81
24 82
24 42
24 83
24 43
24 84
24 44
24 123
24 45
24 47
24 87
24 105
24 107
24 50
24 88
24 52
24 91
24 110
24 55
24 116
24 117
24 94
24 111
24 57
24 58
24 95
24 59
24 60
24 97
25 65
25 119
25 67
25 68
25 98
25 99
25 69
25 100
25 71
25 72
25 114
25 73
25 101
25 75
25 126
25 28
25 78
25 102
25 33
25 34
25 120
25 121
25 103
25 36
25 38
25 40
25 41
25 122
25 42
25 83
25 104
25 43
25 44
25 45
25 46
25 85
25 86
25 47
25 87
25 124
25 89
25 53
25 55
25 93
25 94
25 111
25 59
25 60
25 61
25 63
26 65
26 119
26 66
26 68
26 127
26 98
26 70
26 100
26 71
26 114
26 74
26 101
26 75
26 115
26 27
26 28
26 76
26 32
26 79
26 33
26 34
26 80
26 103
26 38
26 81
26 40
26 41
26 83
26 43
26 45
26 85
26 86
26 47
26 87
26 105
26 49
26 107
26 51
26 89
26 52
26 90
26 91
26 109
26 53
26 54
26 93
26 116
26 56
26 117
26 94
26 111
26 58
26 95
26 96
26 125
26 63
26 97
26 31
26 118
26 124
26 35
26 39
26 122
27 68
27 99
27 100
27 71
27 72
27 114
27 73
27 74
27 101
27 115
27 126
27 28
27 30
27 78
27 32
27 79
27 33
27 120
27 38
27 39
27 81
27 82
27 122
27 104
27 84
27 123
27 46
27 85
27 86
27 87
27 48
27 106
27 51
27 124
27 52
27 91
27 109
27 53
27 110
27 54
27 116
27 56
27 117
27 111
27 58
27 59
27 61
27 63
27 97
28 65
28 119
28 66
28 67
28 68
28 127
28 98
28 69
28 112
28 114
28 74
28 75
28 115
28 126
28 76
28 34
28 120
28 121
28 36
28 122
28 83
28 104
28 84
28 44
28 86
28 47
28 87
28 106
28 49
28 107
28 51
28 124
28 89
28 90
28 109
28 93
28 116
28 56
28 117
28 111
28 95
28 60
28 61
28 96
28 97
29 119
29 99
29 100
29 71
29 113
29 74
29 101
29 115
29 126
29 76
29 78
29 102
29 32
29 79
29 33
29 34
29 35
29 120
29 36
29 37
29 38
29 39
29 81
29 41
29 44
29 45
29 85
29 86
29 106
29 49
29 50
29 51
29 89
29 52
29 90
29 91
29 109
29 92
29 110
29 93
29 116
29 94
29 57
29 58
29 95
29 61
30 64
30 118
30 119
30 69
30 100
30 71
30 72
30 112
30 114
30 74
30 101
30 75
30 31
30 79
30 35
30 103
30 39
30 41
30 122
30 104
30 43
30 45
30 46
30 85
30 86
30 106
30 49
30 50
30 51
30 89
30 52
30 90
30 53
30 54
30 93
30 56
30 117
30 57
30 58
30 96
30 125
30 62
30 63
30 97
31 64
31 65
31 118
31 98
31 99
31 69
31 100
31 112
31 114
31 73
31 74
31 101
31 75
31 115
31 76
31 77
31 78
31 102
31 34
31 35
31 80
31 103
31 36
31 40
31 41
31 82
31 83
31 123
31 46
31 85
31 86
31 48
31 50
31 88
31 51
31 124
31 89
31 90
31 108
31 54
31 116
31 117
31 94
31 111
31 57
31 60
31 97
31 119
31 68
31 91
31 87
31 39
31 122
32 64
32 65
32 118
32 67
32 68
32 127
32 98
32 100
32 71
32 112
32 113
32 114
32 75
32 115
32 126
32 76
32 78
32 103
32 36
32 37
32 38
32 41
32 122
32 42
32 83
32 104
32 44
32 123
32 46
32 87
32 106
32 49
32 107
32 50
32 89
32 90
32 91
32 108
32 92
32 110
32 54
32 55
32 56
32 117
32 94
32 111
32 57
32 58
32 95
32 59
32 125
32 62
32 97
33 64
33 65
33 118
33 119
33 67
33 68
33 99
33 100
33 71
33 113
33 74
33 115
33 126
33 78
33 79
33 120
33 81
33 40
33 82
33 42
33 83
33 44
33 123
33 45
33 85
33 87
33 105
33 48
33 49
33 107
33 50
33 88
33 51
33 89
33 90
33 91
33 92
33 117
33 57
33 58
33 60
33 96
33 62
33 63
33 97
34 64
34 65
34 118
34 119
34 66
34 67
34 68
34 98
34 69
34 100
34 112
34 113
34 101
34 75
34 126
34 76
34 102
34 35
34 120
34 121
34 39
34 41
34 122
34 42
34 83
34 44
34 123
34 47
34 87
34 105
34 48
34 106
34 49
34 88
34 51
34 90
34 91
34 110
34 116
34 117
34 94
34 58
34 95
34 59
34 96
34 63
34 97
34 124
35 119
35 66
35 70
35 114
35 73
35 78
35 102
35 80
35 120
35 103
35 36
35 122
35 83
35 84
35 85
35 86
35 47
35 87
35 105
35 48
35 49
35 124
35 90
35 91
35 92
35 110
35 55
35 56
35 94
35 111
35 57
35 58
35 59
35 60
35 61
35 96
35 125
35 101
35 68
35 51
35 65
35 118
35 100
35 39
36 65
36 118
36 66
36 68
36 69
36 100
36 113
36 114
36 74
36 115
36 79
36 80
36 120
36 121
36 37
36 81
36 82
36 122
36 83
36 43
36 84
36 123
36 85
36 47
36 87
36 105
36 49
36 50
36 88
36 90
36 108
36 109
36 92
36 110
36 54
36 56
36 94
36 57
36 95
36 59
36 61
36 63
37 64
37 65
37 118
37 119
37 67
37 127
37 98
37 99
37 69
37 72
37 112
37 113
37 114
37 74
37 75
37 76
37 78
37 80
37 121
37 81
37 42
37 44
37 123
37 45
37 85
37 48
37 51
37 89
37 52
37 108
37 53
37 110
37 56
37 117
37 111
37 57
37 58
37 59
37 125
37 63
37 97
38 119
38 68
38 127
38 69
38 70
38 100
38 71
38 72
38 73
38 80
38 121
38 103
38 81
38 83
38 104
38 43
38 84
38 44
38 46
38 85
38 86
38 47
38 87
38 105
38 48
38 49
38 107
38 89
38 90
38 91
38 108
38 92
38 110
38 93
38 116
38 56
38 58
38 95
38 60
38 61
38 96
39 64
39 119
39 67
39 71
39 101
39 115
39 126
39 76
39 77
39 42
39 83
39 84
39 45
39 105
39 48
39 89
39 90
39 109
39 92
39 110
39 54
39 117
39 111
39 57
39 95
39 60
39 125
39 97
39 68
39 51
39 91
39 87
39 65
39 118
39 100
39 124
39 122
40 66
40 67
40 127
40 99
40 70
40 72
40 112
40 114
40 74
40 75
40 115
40 76
40 80
40 120
40 121
40 103
40 41
40 82
40 42
40 123
40 86
40 47
40 105
40 48
40 49
40 50
40 88
40 51
40 124
40 89
40 90
40 91
40 108
40 110
40 54
40 56
40 117
40 94
40 95
40 59
40 61
40 125
40 63
41 64
41 68
41 99
41 69
41 112
41 101
41 75
41 126
41 76
41 78
41 102
41 79
41 121
41 81
41 44
41 123
41 45
41 85
41 86
41 107
41 88
41 89
41 52
41 90
41 53
41 55
41 93
41 117
41 94
41 57
41 95
41 59
41 61
41 96
41 125
42 119
42 66
42 68
42 69
42 70
42 100
42 71
42 72
42 112
42 114
42 101
42 76
42 78
42 79
42 80
42 120
42 43
42 84
42 44
42 45
42 46
42 85
42 87
42 105
42 48
42 106
42 49
42 50
42 51
42 90
42 110
42 55
42 93
42 117
42 58
42 60
42 61
42 96
42 63
43 64
43 119
43 127
43 98
43 69
43 100
43 71
43 112
43 113
43 74
43 75
43 115
43 76
43 102
43 122
43 83
43 104
43 84
43 44
43 123
43 45
43 46
43 85
43 86
43 47
43 87
43 105
43 50
43 88
43 51
43 124
43 52
43 90
43 108
43 53
43 54
43 55
43 93
43 56
43 111
43 59
43 96
43 125
43 62
43 97
44 64
44 65
44 119
44 66
44 67
44 68
44 98
44 99
44 69
44 70
44 71
44 113
44 74
44 75
44 115
44 126
44 77
44 78
44 102
44 79
44 80
44 121
44 103
44 81
44 83
44 84
44 123
44 46
44 85
44 86
44 48
44 106
44 50
44 51
44 89
44 90
44 108
44 110
44 56
44 94
44 58
44 95
44 59
44 60
44 96
44 125
44 62
44 63
45 65
45 118
45 67
45 98
45 99
45 69
45 71
45 112
45 113
45 114
45 73
45 74
45 75
45 115
45 76
45 78
45 102
45 79
45 120
45 81
45 83
45 104
45 86
45 87
45 105
45 48
45 106
45 49
45 107
45 88
45 89
45 108
45 109
45 53
45 92
45 110
45 55
45 93
45 116
45 94
45 111
45 57
45 96
45 62
46 64
46 65
46 68
46 98
46 99
46 72
46 73
46 101
46 126
46 78
46 79
46 120
46 103
46 82
46 122
46 83
46 123
46 85
46 86
46 47
46 87
46 105
46 48
46 106
46 107
46 50
46 91
46 53
46 55
46 93
46 116
46 117
46 57
46 95
46 60
46 61
46 96
46 62
46 63
47 64
47 65
47 119
47 66
47 68
47 127
47 99
47 100
47 73
47 74
47 101
47 75
47 115
47 126
47 76
47 120
47 121
47 81
47 82
47 122
47 84
47 123
47 48
47 49
47 50
47 51
47 108
47 109
47 53
47 92
47 110
47 117
47 58
47 59
47 60
47 96
47 63
48 65
48 118
48 66
48 68
48 70
48 100
48 72
48 112
48 73
48 101
48 76
48 77
48 102
48 120
48 103
48 81
48 82
48 85
48 105
48 106
48 124
48 52
48 108
48 109
48 92
48 54
48 55
48 117
48 111
48 57
48 95
48 61
48 96
48 125
48 62
48 97
49 65
49 118
49 66
49 68
49 69
49 100
49 71
49 72
49 112
49 113
49 75
49 115
49 126
49 76
49 77
49 80
49 120
49 103
49 82
49 122
49 83
49 104
49 85
49 87
49 106
49 107
49 50
49 88
49 90
49 108
49 109
49 92
49 110
49 54
49 55
49 117
49 94
49 111
49 57
49 60
49 63
49 97
50 64
50 65
50 67
50 68
50 127
50 99
50 69
50 100
50 71
50 112
50 113
50 114
50 101
50 75
50 115
50 126
50 77
50 78
50 79
50 80
50 120
50 121
50 82
50 122
50 104
50 84
50 123
50 85
50 86
50 87
50 105
50 106
50 107
50 52
50 53
50 92
50 56
50 94
50 95
50 60
50 61
50 62
51 118
51 119
51 66
51 67
51 68
51 98
51 69
51 100
51 71
51 72
51 113
51 74
51 101
51 115
51 126
51 77
51 78
51 102
51 79
51 80
51 120
51 121
51 83
51 123
51 86
51 87
51 105
51 106
51 124
51 52
51 90
51 91
51 109
51 53
51 110
51 54
51 116
51 56
51 117
51 95
51 59
51 60
51 65
51 122
52 65
52 66
52 67
52 127
52 99
52 100
52 72
52 113
52 75
52 115
52 126
52 76
52 77
52 102
52 79
52 121
52 104
52 85
52 87
52 88
52 91
52 108
52 109
52 53
52 110
52 93
52 56
52 117
52 111
52 95
52 59
52 60
52 61
53 64
53 118
53 66
53 127
53 98
53 99
53 71
53 101
53 115
53 126
53 77
53 102
53 79
53 120
53 121
53 83
53 84
53 123
53 85
53 105
53 91
53 108
53 109
53 92
53 116
53 111
53 57
53 95
53 96
53 62
53 97
54 64
54 118
54 119
54 66
54 71
54 113
54 73
54 115
54 126
54 76
54 77
54 78
54 102
54 120
54 103
54 82
54 122
54 104
54 84
54 123
54 86
54 107
54 88
54 124
54 89
54 90
54 91
54 92
54 93
54 56
54 117
54 111
54 58
54 60
54 96
54 63
55 64
55 65
55 119
55 98
55 70
55 100
55 71
55 112
55 113
55 114
55 115
55 78
55 102
55 80
55 120
55 121
55 81
55 82
55 83
55 104
55 123
55 85
55 86
55 87
55 105
55 107
55 88
55 124
55 89
55 108
55 110
55 116
55 117
55 94
55 111
55 57
55 58
55 95
55 61
55 96
55 125
55 97
56 119
56 67
56 68
56 99
56 70
56 112
56 113
56 114
56 74
56 75
56 126
56 76
56 77
56 78
56 102
56 79
56 120
56 103
56 84
56 85
56 86
56 87
56 105
56 106
56 107
56 89
56 91
56 108
56 92
56 110
56 93
56 116
56 57
56 58
56 95
56 125
56 63
56 97
57 119
57 68
57 69
57 70
57 100
57 72
57 112
57 73
57 101
57 115
57 126
57 76
57 78
57 79
57 80
57 121
57 82
57 122
57 83
57 104
57 86
57 87
57 124
57 89
57 92
57 93
57 117
57 94
57 58
58 118
58 119
58 66
58 67
58 127
58 100
58 113
58 101
58 75
58 115
58 126
58 79
58 80
58 120
58 81
58 82
58 122
58 83
58 104
58 123
58 85
58 86
58 87
58 106
58 107
58 124
58 89
58 109
58 110
58 117
58 95
58 59
58 61
58 62
58 97
59 64
59 127
59 99
59 69
59 70
59 71
59 73
59 74
59 75
59 115
59 126
59 79
59 121
59 103
59 82
59 122
59 123
59 85
59 86
59 105
59 88
59 124
59 90
59 91
59 108
59 109
59 92
59 93
59 111
59 61
59 96
60 64
60 65
60 67
60 99
60 70
60 71
60 72
60 113
60 73
60 74
60 75
60 77
60 123
60 85
60 105
60 124
60 108
60 92
60 110
60 117
60 94
60 95
60 62
60 63
60 97
61 65
61 118
61 66
61 67
61 68
61 98
61 99
61 69
61 70
61 72
61 112
61 74
61 101
61 75
61 115
61 126
61 102
61 80
61 120
61 82
61 122
61 83
61 85
61 86
61 87
61 105
61 106
61 124
61 90
61 91
61 108
61 92
61 93
61 116
61 117
61 94
61 111
61 95
61 96
62 65
62 118
62 66
62 68
62 99
62 100
62 112
62 74
62 101
62 126
62 76
62 77
62 78
62 102
62 79
62 80
62 121
62 103
62 81
62 82
62 104
62 85
62 86
62 105
62 124
62 89
62 91
62 110
62 93
62 116
62 94
62 63
62 97
63 64
63 66
63 99
63 72
63 112
63 73
63 101
63 115
63 126
63 77
63 80
63 82
63 104
63 84
63 85
63 86
63 87
63 106
63 90
63 109
63 93
63 94
63 95
63 96
63 125
63 97
64 118
64 119
64 66
64 67
64 71
64 72
64 113
64 73
64 76
64 77
64 78
64 79
64 80
64 121
64 81
64 104
64 123
64 85
64 87
64 105
64 90
64 91
64 108
64 109
64 92
64 93
64 116
64 94
64 95
64 96
64 125
64 97
65 118
65 119
65 67
65 127
65 100
65 113
65 126
65 102
65 79
65 80
65 120
65 121
65 104
65 84
65 85
65 86
65 87
65 105
65 106
65 89
65 90
65 91
65 109
65 92
65 110
65 93
65 117
65 94
65 111
65 95
65 125
65 97
65 101
65 68
65 83
65 124
65 122
66 119
66 127
66 98
66 99
66 69
66 70
66 112
66 114
66 73
66 74
66 115
66 102
66 79
66 80
66 120
66 81
66 83
66 84
66 123
66 87
66 105
66 88
66 91
66 109
66 93
66 116
66 94
66 95
66 96
66 125
67 118
67 68
67 127
67 99
67 69
67 70
67 100
67 114
67 101
67 115
67 126
67 77
67 80
67 121
67 81
67 82
67 83
67 104
67 86
67 105
67 107
67 88
67 91
67 92
67 110
67 117
67 111
67 95
67 125
67 97
68 119
68 72
68 113
68 76
68 80
68 121
68 81
68 104
68 123
68 85
68 87
68 105
68 91
68 108
68 92
68 95
68 96
68 125
68 97
68 127
68 70
68 74
68 101
68 115
68 120
68 82
68 122
68 83
68 86
68 106
68 107
68 89
68 111
68 118
68 100
68 124
69 118
69 119
69 71
69 72
69 113
69 78
69 80
69 81
69 104
69 85
69 87
69 90
69 92
69 116
69 96
69 125
69 97
69 99
69 114
69 74
69 101
69 75
69 126
69 102
69 120
69 103
69 82
69 83
69 84
69 86
69 124
69 110
70 113
70 77
70 78
70 80
70 121
70 85
70 90
70 91
70 108
70 109
70 93
70 94
70 95
70 125
70 127
70 99
70 112
70 114
70 74
70 101
70 115
70 126
70 102
70 103
70 82
70 83
70 84
70 107
70 89
70 110
70 111
71 127
71 98
71 114
71 73
71 101
71 75
71 102
71 79
71 103
71 122
71 123
71 85
71 106
71 107
71 124
71 90
71 91
71 116
71 117
71 94
71 95
72 112
72 113
72 114
72 101
72 115
72 126
72 76
72 77
72 78
72 102
72 79
72 121
72 81
72 83
72 84
72 123
72 85
72 105
72 106
72 88
72 89
72 110
72 117
72 111
73 118
73 119
73 99
73 100
73 74
73 76
73 102
73 103
73 86
73 87
73 107
73 88
73 91
73 108
73 109
73 110
73 116
73 111
74 77
74 80
74 81
74 105
74 90
74 91
74 95
74 96
74 125
74 97
74 98
74 100
74 102
74 103
74 84
74 124
74 117
74 111
75 119
75 76
75 79
75 81
75 104
75 109
75 94
75 125
75 127
75 98
75 100
75 114
75 101
75 115
75 102
75 122
75 83
75 86
75 106
75 89
75 117
76 118
76 119
76 127
76 98
76 112
76 101
76 120
76 81
76 122
76 104
76 123
76 85
76 107
76 124
76 89
76 109
76 117
76 94
77 118
77 98
77 99
77 112
77 114
77 115
77 126
77 78
77 80
77 103
77 81
77 122
77 83
77 104
77 84
77 86
77 105
77 106
77 88
77 124
77 89
77 91
77 92
77 110
77 94
77 111
77 95
77 96
77 125
77 97
78 118
78 100
78 101
78 115
78 121
78 81
78 122
78 83
78 104
78 85
78 86
78 87
78 107
78 88
78 89
78 90
78 91
78 109
78 92
78 93
78 117
78 94
78 95
79 99
79 112
79 101
79 115
79 126
79 102
79 120
79 81
79 122
79 83
79 104
79 105
79 107
79 88
79 124
79 89
79 90
79 91
79 109
79 110
79 93
79 96
79 125
79 97
80 118
80 113
80 127
80 98
80 99
80 115
80 83
80 86
80 106
80 107
80 90
80 109
80 92
80 110
80 117
80 94
80 111
80 95
80 125
81 127
81 98
81 114
81 101
81 126
81 102
81 104
81 85
81 87
81 107
81 89
81 90
81 91
81 108
81 109
81 92
81 110
81 93
81 116
81 95
81 96
81 125
82 118
82 119
82 113
82 121
82 123
82 87
82 105
82 108
82 109
82 92
82 93
82 94
82 95
82 125
82 97
82 127
82 99
82 100
82 112
82 114
82 102
82 103
82 83
82 84
82 86
82 88
82 89
82 110
82 111
83 118
83 119
83 121
83 104
83 87
83 91
83 92
83 93
83 96
83 125
83 127
83 98
83 100
83 101
83 126
83 120
83 84
83 86
83 106
83 107
83 88
83 124
83 110
83 117
83 111
83 122
84 118
84 113
84 123
84 105
84 90
84 91
84 116
84 95
84 96
84 125
84 127
84 114
84 101
84 115
84 120
84 122
84 106
84 111
85 118
85 119
85 113
85 121
85 99
85 112
85 101
85 115
85 102
85 103
85 86
85 87
85 105
85 107
85 88
85 91
85 108
85 109
85 92
85 111
85 96
86 113
86 121
86 104
86 87
86 91
86 108
86 116
86 94
86 95
86 96
86 125
86 99
86 112
86 122
86 107
86 89
86 111
87 119
87 112
87 114
87 101
87 115
87 126
87 120
87 103
87 122
87 106
87 107
87 88
87 90
87 91
87 92
87 93
87 116
87 117
87 94
87 95
87 96
87 118
87 100
87 124
88 105
88 90
88 108
88 109
88 116
88 94
88 97
88 98
88 115
88 103
88 122
88 106
88 110
88 111
89 118
89 123
89 108
89 109
89 116
89 94
89 99
89 100
89 112
89 126
89 120
89 107
89 117
90 118
90 119
90 121
90 104
90 123
90 127
90 98
90 99
90 112
90 114
90 101
90 102
90 120
90 103
90 106
90 91
90 110
90 93
90 116
90 94
90 111
90 96
90 97
91 119
91 113
91 121
91 123
91 105
91 127
91 99
91 100
91 114
91 101
91 115
91 102
91 122
91 106
91 107
91 108
91 109
91 92
91 110
91 93
91 117
91 94
91 95
91 125
91 118
91 124
92 119
92 113
92 121
92 104
92 123
92 105
92 108
92 127
92 98
92 112
92 101
92 120
92 122
92 106
92 93
92 117
92 94
92 111
92 95
92 96
93 118
93 119
93 104
93 123
93 108
93 127
93 100
93 112
93 114
93 126
93 122
93 106
93 117
93 111
93 97
94 118
94 113
94 121
94 108
94 114
94 101
94 115
94 102
94 103
94 106
94 117
94 111
94 96
95 113
95 121
95 104
95 123
95 108
95 116
95 99
95 114
95 115
95 106
95 124
95 110
95 117
96 118
96 119
96 108
96 109
96 116
96 98
96 99
96 114
96 101
96 115
96 126
96 106
96 124
96 110
96 117
96 125
96 97
97 118
97 113
97 121
97 105
97 108
97 109
97 116
97 125
97 98
97 112
97 101
97 120
97 106
97 110
97 117
97 111
98 119
98 113
98 121
98 116
98 125
98 99
98 100
98 112
98 102
98 120
98 124
98 117
98 111
99 123
99 105
99 116
99 125
99 127
99 101
99 115
99 102
99 120
99 122
99 110
99 117
99 111
100 113
100 121
100 123
100 105
100 108
100 109
100 116
100 101
100 126
100 103
100 122
100 110
100 117
100 111
100 119
100 118
100 124
101 118
101 119
101 113
101 121
101 109
101 116
101 114
101 115
101 122
101 107
101 124
101 117
102 119
102 113
102 105
102 108
102 116
102 125
102 127
102 112
102 114
102 115
102 120
102 124
102 110
102 111
103 118
103 119
103 113
103 104
103 123
103 105
103 116
103 127
103 114
103 115
103 126
103 106
103 124
103 117
104 113
104 121
104 112
104 114
104 122
104 105
104 106
104 108
104 109
104 116
104 117
105 113
105 123
105 127
105 112
105 114
105 115
105 120
105 122
105 108
105 109
105 125
106 118
106 119
106 108
106 116
106 125
106 127
106 114
106 115
106 107
106 110
106 111
107 118
107 123
107 109
107 127
107 115
107 126
107 120
107 110
107 117
108 114
108 126
108 116
108 117
108 111
109 113
109 123
109 112
109 114
109 120
109 124
109 110
110 123
110 116
110 125
110 127
110 112
110 126
110 120
110 124
111 119
111 113
111 121
111 127
111 112
111 126
111 120
111 124
111 117
112 118
112 113
112 121
112 124
112 117
113 119
113 127
113 114
113 126
113 116
113 117
114 116
114 125
114 127
114 115
114 126
114 120
114 124
114 117
115 119
115 116
115 125
115 127
115 120
115 122
116 119
116 121
116 127
116 126
116 124
116 117
117 121
117 123
117 127
117 126
117 120
118 120
118 123
118 119
118 124
118 122
119 121
119 122
119 123
119 124
120 125
120 126
121 127
121 123
122 123
122 125
122 127
122 126
122 124
123 127
123 125
125 127
125 126
