0 1
0 2
0 3
0 4
0 5
0 6
0 7
0 8
0 9
0 10
0 11
0 12
0 13
0 14
0 15
0 16
0 17
0 18
0 19
0 20
0 21
0 22
0 23
0 24
0 25
0 26
0 27
0 28
0 29
0 30
0 31
0 32
0 33
0 34
0 35
0 36
0 37
0 38
0 39
0 40
0 41
0 42
0 43
0 44
0 45
0 46
0 47
0 48
0 49
0 50
0 51
0 52
0 53
1 3
1 54
1 55
1 56
1 7
1 8
1 57
1 9
1 59
1 60
1 12
1 61
1 62
1 63
1 64
1 65
1 15
1 18
1 19
1 66
1 67
1 21
1 22
1 23
1 24
1 68
1 69
1 27
1 29
1 70
1 71
1 72
1 31
1 33
1 34
1 35
1 73
1 74
1 36
1 75
1 76
1 37
1 77
1 78
1 79
1 41
1 42
1 80
1 43
1 81
1 82
1 83
1 84
1 44
1 85
1 47
1 86
1 87
1 48
1 50
1 88
1 89
1 51
1 90
1 91
2 92
2 93
2 6
2 94
2 56
2 7
2 8
2 95
2 9
2 11
2 96
2 12
2 97
2 62
2 98
2 63
2 14
2 99
2 64
2 100
2 65
2 101
2 15
2 16
2 18
2 66
2 102
2 20
2 67
2 21
2 22
2 103
2 24
2 104
2 69
2 26
2 105
2 70
2 71
2 30
2 33
2 106
2 35
2 73
2 107
2 36
2 75
2 76
2 108
2 78
2 109
2 79
2 41
2 43
2 81
2 82
2 110
2 44
2 45
2 86
2 48
2 111
2 52
2 112
2 53
3 54
3 92
3 93
3 6
3 94
3 55
3 113
3 56
3 7
3 95
3 57
3 9
3 58
3 96
3 12
3 61
3 98
3 63
3 99
3 64
3 114
3 101
3 17
3 18
3 115
3 19
3 66
3 67
3 21
3 103
3 104
3 68
3 69
3 25
3 28
3 72
3 116
3 31
3 117
3 33
3 106
3 107
3 108
3 78
3 109
3 118
3 40
3 42
3 85
3 46
3 119
3 86
3 120
3 88
3 89
3 51
3 52
3 112
3 90
3 121
3 122
4 123
4 5
4 6
4 94
4 55
4 113
4 56
4 8
4 11
4 58
4 59
4 60
4 97
4 62
4 14
4 99
4 65
4 114
4 101
4 16
4 18
4 115
4 102
4 20
4 67
4 22
4 24
4 104
4 25
4 26
4 27
4 105
4 29
4 72
4 116
4 31
4 117
4 33
4 106
4 74
4 107
4 36
4 77
4 38
4 108
4 109
4 39
4 41
4 80
4 81
4 82
4 110
4 83
4 45
4 85
4 119
4 111
4 89
4 90
4 121
5 124
5 6
5 113
5 56
5 7
5 95
5 57
5 11
5 60
5 61
5 62
5 98
5 100
5 114
5 101
5 15
5 17
5 18
5 115
5 66
5 102
5 20
5 67
5 21
5 22
5 103
5 24
5 104
5 25
5 26
5 27
5 28
5 71
5 72
5 116
5 31
5 32
5 33
5 34
5 73
5 74
5 76
5 37
5 77
5 40
5 42
5 80
5 81
5 110
5 83
5 45
5 85
5 46
5 119
5 87
5 48
5 120
5 125
5 49
5 111
5 50
5 89
5 52
5 90
5 122
6 124
6 54
6 92
6 123
6 94
6 55
6 56
6 7
6 57
6 9
6 58
6 126
6 59
6 60
6 13
6 61
6 97
6 98
6 99
6 64
6 100
6 16
6 115
6 19
6 66
6 102
6 20
6 67
6 21
6 22
6 103
6 104
6 69
6 27
6 28
6 29
6 71
6 116
6 30
6 106
6 34
6 35
6 73
6 75
6 77
6 78
6 39
6 118
6 40
6 79
6 41
6 42
6 43
6 82
6 110
6 83
6 85
6 119
6 87
6 49
6 111
6 50
6 52
6 112
6 122
7 92
7 93
7 94
7 95
7 57
7 10
7 60
7 13
7 61
7 99
7 64
7 16
7 18
7 19
7 66
7 22
7 103
7 68
7 105
7 28
7 71
7 72
7 116
7 31
7 117
7 106
7 34
7 74
7 36
7 75
7 76
7 37
7 108
7 109
7 39
7 118
7 79
7 41
7 80
7 43
7 81
7 82
7 110
7 44
7 45
7 46
7 119
7 86
7 120
7 125
7 49
7 88
7 89
7 51
7 53
7 91
8 124
8 92
8 94
8 56
8 95
8 57
8 11
8 126
8 60
8 96
8 12
8 13
8 97
8 98
8 63
8 14
8 99
8 100
8 65
8 114
8 101
8 115
8 19
8 66
8 102
8 22
8 103
8 68
8 27
8 29
8 72
8 116
8 30
8 31
8 117
8 33
8 106
8 34
8 73
8 107
8 36
8 37
8 108
8 40
8 42
8 44
8 45
8 46
8 47
8 119
8 87
8 120
8 49
8 111
8 51
8 121
8 122
8 91
8 77
8 81
8 39
8 79
8 58
8 80
8 84
8 89
9 54
9 94
9 55
9 113
9 56
9 10
9 11
9 58
9 126
9 59
9 12
9 63
9 14
9 64
9 15
9 16
9 17
9 20
9 21
9 22
9 103
9 24
9 104
9 26
9 27
9 127
9 70
9 72
9 32
9 117
9 73
9 36
9 75
9 38
9 78
9 118
9 42
9 80
9 110
9 45
9 87
9 120
9 125
9 50
9 88
9 122
9 53
10 92
10 123
10 94
10 56
10 57
10 59
10 60
10 98
10 63
10 14
10 99
10 65
10 101
10 15
10 16
10 115
10 19
10 66
10 102
10 20
10 67
10 21
10 103
10 24
10 69
10 27
10 70
10 71
10 72
10 116
10 30
10 117
10 73
10 74
10 107
10 36
10 38
10 108
10 39
10 79
10 41
10 80
10 43
10 82
10 110
10 83
10 119
10 86
10 48
10 120
10 125
10 49
10 111
10 88
10 52
10 121
11 93
11 94
11 113
11 57
11 58
11 126
11 59
11 96
11 12
11 97
11 14
11 64
11 101
11 15
11 16
11 21
11 22
11 103
11 23
11 24
11 104
11 68
11 105
11 28
11 29
11 70
11 116
11 30
11 117
11 106
11 35
11 107
11 76
11 77
11 38
11 108
11 109
11 39
11 40
11 42
11 80
11 81
11 82
11 110
11 84
11 46
11 119
11 86
11 120
11 49
11 111
11 89
11 51
11 112
12 123
12 93
12 94
12 113
12 95
12 57
12 126
12 60
12 96
12 62
12 98
12 63
12 14
12 99
12 64
12 65
12 101
12 15
12 66
12 67
12 22
12 104
12 68
12 69
12 25
12 26
12 27
12 105
12 29
12 127
12 71
12 31
12 32
12 117
12 34
12 73
12 74
12 36
12 76
12 77
12 38
12 108
12 78
12 40
12 80
12 81
12 82
12 110
12 44
12 85
12 46
12 119
12 86
12 87
12 125
12 50
12 89
12 112
12 90
12 121
12 122
12 91
13 124
13 54
13 123
13 93
13 55
13 113
13 56
13 95
13 58
13 60
13 96
13 64
13 65
13 114
13 16
13 18
13 115
13 102
13 20
13 67
13 21
13 23
13 24
13 25
13 26
13 28
13 127
13 70
13 116
13 31
13 32
13 33
13 34
13 35
13 73
13 74
13 36
13 76
13 37
13 77
13 78
13 109
13 79
13 42
13 80
13 81
13 82
13 44
13 45
13 46
13 47
13 119
13 86
13 49
13 88
13 91
14 54
14 123
14 56
14 57
14 58
14 126
14 59
14 60
14 97
14 99
14 64
14 101
14 16
14 17
14 19
14 66
14 103
14 104
14 68
14 69
14 27
14 105
14 28
14 127
14 72
14 116
14 30
14 31
14 32
14 34
14 73
14 74
14 38
14 108
14 39
14 40
14 79
14 42
14 83
14 84
14 45
14 85
14 46
14 47
14 87
14 48
14 125
14 50
14 88
14 51
14 52
14 90
14 53
14 91
15 54
15 92
15 93
15 55
15 56
15 95
15 57
15 58
15 96
15 61
15 62
15 98
15 99
15 100
15 65
15 114
15 16
15 17
15 18
15 115
15 66
15 102
15 20
15 21
15 22
15 103
15 104
15 25
15 26
15 27
15 105
15 28
15 72
15 36
15 76
15 37
15 77
15 78
15 39
15 41
15 42
15 81
15 45
15 47
15 86
15 120
15 125
15 49
15 50
15 89
15 52
15 121
16 123
16 93
16 94
16 113
16 95
16 57
16 58
16 126
16 59
16 96
16 61
16 97
16 63
16 99
16 64
16 65
16 114
16 101
16 17
16 18
16 115
16 19
16 66
16 20
16 67
16 21
16 103
16 104
16 69
16 26
16 27
16 28
16 29
16 70
16 30
16 32
16 106
16 35
16 77
16 108
16 78
16 40
16 41
16 81
16 110
16 84
16 44
16 86
16 48
16 120
16 88
16 89
16 51
16 52
16 121
16 122
16 53
17 124
17 54
17 94
17 95
17 57
17 97
17 63
17 99
17 65
17 114
17 102
17 20
17 103
17 70
17 71
17 31
17 117
17 34
17 35
17 73
17 107
17 36
17 76
17 37
17 108
17 109
17 79
17 83
17 45
17 85
17 46
17 47
17 119
17 120
17 111
17 51
17 52
17 90
17 122
18 124
18 54
18 92
18 123
18 55
18 113
18 56
18 126
18 59
18 62
18 64
18 100
18 115
18 19
18 102
18 21
18 23
18 24
18 104
18 68
18 69
18 25
18 26
18 27
18 105
18 28
18 71
18 30
18 32
18 117
18 34
18 73
18 76
18 37
18 78
18 109
18 39
18 118
18 40
18 79
18 41
18 42
18 43
18 44
18 85
18 47
18 86
18 48
18 125
18 88
18 89
18 51
18 112
18 122
19 124
19 54
19 93
19 94
19 55
19 56
19 57
19 59
19 61
19 63
19 100
19 114
19 101
19 115
19 102
19 20
19 67
19 22
19 23
19 69
19 26
19 27
19 105
19 127
19 30
19 32
19 117
19 34
19 35
19 73
19 107
19 76
19 78
19 39
19 79
19 41
19 80
19 45
19 119
19 87
19 48
19 120
19 125
19 111
19 88
19 89
19 52
19 112
19 121
19 53
19 91
20 124
20 92
20 94
20 113
20 56
20 95
20 58
20 60
20 96
20 61
20 97
20 62
20 98
20 63
20 100
20 114
20 102
20 103
20 23
20 26
20 28
20 127
20 70
20 71
20 72
20 116
20 32
20 117
20 33
20 34
20 76
20 77
20 38
20 108
20 78
20 39
20 118
20 40
20 79
20 41
20 80
20 43
20 82
20 110
20 44
20 45
20 85
20 47
20 120
20 125
20 111
20 50
20 52
20 53
21 92
21 93
21 113
21 58
21 60
21 61
21 62
21 98
21 99
21 65
21 66
21 67
21 103
21 23
21 104
21 68
21 25
21 27
21 105
21 127
21 70
21 72
21 116
21 31
21 117
21 33
21 34
21 107
21 36
21 75
21 37
21 77
21 38
21 108
21 41
21 80
21 43
21 110
21 44
21 45
21 85
21 46
21 120
21 125
21 111
21 50
21 88
21 89
21 52
21 112
21 121
21 53
21 91
22 92
22 56
22 126
22 59
22 96
22 97
22 63
22 99
22 64
22 100
22 115
22 102
22 67
22 103
22 23
22 24
22 69
22 27
22 127
22 70
22 116
22 31
22 32
22 117
22 33
22 34
22 73
22 75
22 37
22 77
22 109
22 40
22 41
22 42
22 80
22 81
22 82
22 84
22 44
22 45
22 46
22 47
22 49
22 111
22 50
22 51
22 112
22 90
22 53
22 91
23 54
23 92
23 93
23 94
23 55
23 57
23 126
23 59
23 60
23 61
23 64
23 100
23 115
23 66
23 102
23 103
23 24
23 25
23 26
23 27
23 28
23 127
23 70
23 71
23 72
23 30
23 31
23 106
23 34
23 73
23 74
23 107
23 36
23 76
23 38
23 78
23 39
23 79
23 43
23 83
23 44
23 85
23 46
23 86
23 125
23 88
23 90
23 91
24 54
24 92
24 123
24 94
24 113
24 58
24 126
24 60
24 96
24 62
24 98
24 64
24 114
24 101
24 115
24 66
24 67
24 103
24 104
24 68
24 27
24 29
24 70
24 72
24 32
24 117
24 106
24 34
24 35
24 73
24 74
24 107
24 75
24 109
24 39
24 118
24 40
24 80
24 43
24 83
24 44
24 85
24 47
24 120
24 49
24 111
24 50
24 88
24 51
24 52
24 53
25 124
25 92
25 93
25 113
25 96
25 97
25 62
25 98
25 99
25 100
25 65
25 114
25 101
25 115
25 102
25 69
25 105
25 29
25 70
25 71
25 72
25 32
25 34
25 36
25 38
25 108
25 40
25 79
25 41
25 43
25 82
25 110
25 45
25 46
25 119
25 48
25 125
25 111
25 88
25 89
25 112
25 121
26 124
26 54
26 94
26 55
26 56
26 58
26 126
26 60
26 96
26 61
26 97
26 62
26 64
26 100
26 65
26 66
26 102
26 67
26 103
26 28
26 29
26 30
26 31
26 32
26 117
26 74
26 76
26 37
26 38
26 108
26 109
26 39
26 79
26 43
26 82
26 44
26 46
26 47
26 119
26 87
26 48
26 120
26 125
26 88
26 89
26 52
26 53
27 124
27 113
27 56
27 95
27 58
27 59
27 60
27 97
27 99
27 64
27 100
27 65
27 101
27 102
27 104
27 68
27 69
27 127
27 70
27 71
27 72
27 31
27 106
27 34
27 73
27 74
27 107
27 75
27 76
27 40
27 41
27 43
27 82
27 44
27 85
27 119
27 86
27 87
27 49
27 50
27 89
27 112
27 90
27 53
28 123
28 93
28 55
28 113
28 56
28 58
28 59
28 60
28 61
28 62
28 98
28 99
28 64
28 101
28 66
28 69
28 29
28 71
28 117
28 33
28 106
28 34
28 35
28 73
28 107
28 36
28 75
28 76
28 37
28 108
28 109
28 79
28 41
28 80
28 43
28 44
28 45
28 86
28 87
28 48
28 111
28 50
28 88
28 52
28 53
29 124
29 54
29 123
29 55
29 113
29 56
29 59
29 96
29 97
29 62
29 98
29 99
29 100
29 101
29 66
29 67
29 105
29 127
29 71
29 116
29 32
29 117
29 35
29 74
29 75
29 76
29 37
29 77
29 109
29 41
29 42
29 81
29 82
29 110
29 44
29 85
29 46
29 47
29 119
29 87
29 50
29 51
29 52
29 90
29 121
29 122
29 53
30 123
30 55
30 113
30 95
30 58
30 126
30 59
30 60
30 61
30 97
30 63
30 99
30 100
30 65
30 115
30 102
30 68
30 105
30 71
30 72
30 116
30 117
30 106
30 34
30 35
30 73
30 74
30 36
30 37
30 77
30 38
30 108
30 109
30 118
30 79
30 41
30 43
30 47
30 119
30 48
30 120
30 125
30 111
30 52
30 122
30 91
31 124
31 92
31 123
31 95
31 58
31 60
31 96
31 97
31 63
31 99
31 65
31 114
31 101
31 115
31 66
31 102
31 103
31 104
31 69
31 105
31 32
31 33
31 107
31 36
31 76
31 77
31 38
31 78
31 39
31 79
31 43
31 81
31 110
31 83
31 84
31 44
31 46
31 87
31 48
31 49
31 111
31 52
31 90
31 121
32 124
32 92
32 123
32 94
32 113
32 56
32 95
32 57
32 58
32 126
32 62
32 98
32 63
32 64
32 100
32 65
32 101
32 115
32 66
32 67
32 68
32 69
32 127
32 70
32 116
32 33
32 34
32 73
32 36
32 76
32 77
32 108
32 39
32 118
32 42
32 81
32 110
32 84
32 45
32 46
32 87
32 48
32 120
32 125
32 49
32 50
32 88
32 90
32 121
32 53
32 91
33 124
33 54
33 93
33 55
33 113
33 58
33 59
33 60
33 96
33 61
33 97
33 62
33 98
33 63
33 64
33 100
33 101
33 66
33 68
33 105
33 127
33 116
33 117
33 106
33 36
33 38
33 78
33 39
33 118
33 40
33 79
33 41
33 42
33 80
33 81
33 110
33 84
33 46
33 119
33 87
33 120
33 111
33 88
33 91
34 93
34 94
34 56
34 95
34 57
34 126
34 59
34 96
34 63
34 64
34 65
34 114
34 101
34 102
34 103
34 69
34 105
34 127
34 70
34 72
34 35
34 73
34 74
34 36
34 75
34 38
34 109
34 40
34 79
34 80
34 81
34 110
34 45
34 85
34 46
34 86
34 87
34 48
34 120
34 111
34 52
34 112
34 90
34 121
34 91
35 92
35 123
35 93
35 55
35 95
35 57
35 58
35 60
35 96
35 62
35 64
35 115
35 67
35 103
35 105
35 127
35 70
35 116
35 107
35 36
35 75
35 76
35 37
35 78
35 39
35 79
35 42
35 43
35 81
35 84
35 45
35 85
35 47
35 87
35 48
35 111
35 88
35 52
35 112
36 54
36 92
36 123
36 93
36 95
36 126
36 60
36 96
36 61
36 97
36 62
36 99
36 100
36 65
36 68
36 69
36 105
36 70
36 71
36 106
36 74
36 75
36 76
36 37
36 108
36 109
36 39
36 40
36 42
36 43
36 110
36 83
36 84
36 44
36 45
36 85
36 86
36 48
36 120
36 125
36 112
36 90
36 121
36 91
37 54
37 123
37 94
37 113
37 95
37 57
37 126
37 61
37 97
37 98
37 99
37 100
37 65
37 114
37 67
37 103
37 104
37 68
37 69
37 105
37 127
37 71
37 116
37 117
37 106
37 74
37 107
37 75
37 76
37 38
37 108
37 78
37 109
37 39
37 79
37 42
37 80
37 81
37 82
37 84
37 44
37 45
37 85
37 47
37 119
37 125
37 111
37 50
37 88
37 112
37 121
37 122
37 53
37 91
38 124
38 54
38 94
38 55
38 113
38 56
38 59
38 60
38 96
38 61
38 98
38 99
38 64
38 65
38 66
38 67
38 104
38 68
38 105
38 71
38 116
38 117
38 107
38 75
38 108
38 118
38 79
38 43
38 81
38 83
38 84
38 119
38 87
38 120
38 49
38 111
38 51
38 112
38 121
38 91
39 54
39 94
39 113
39 58
39 126
39 60
39 96
39 61
39 97
39 98
39 63
39 99
39 100
39 101
39 66
39 104
39 70
39 106
39 73
39 107
39 75
39 76
39 77
39 108
39 78
39 118
39 79
39 41
39 42
39 43
39 81
39 82
39 44
39 85
39 86
39 49
39 111
39 50
39 88
39 89
39 51
39 52
39 122
39 53
39 91
39 124
39 80
39 84
39 47
39 68
40 54
40 92
40 123
40 93
40 94
40 113
40 95
40 57
40 58
40 126
40 61
40 64
40 100
40 114
40 101
40 115
40 66
40 102
40 68
40 69
40 105
40 70
40 106
40 73
40 74
40 107
40 76
40 108
40 78
40 79
40 41
40 42
40 43
40 81
40 84
40 45
40 85
40 48
40 120
40 111
40 50
40 112
40 90
40 121
40 91
41 123
41 94
41 55
41 113
41 56
41 95
41 126
41 60
41 96
41 97
41 62
41 99
41 64
41 114
41 67
41 104
41 105
41 70
41 116
41 117
41 106
41 73
41 107
41 75
41 76
41 78
41 118
41 42
41 43
41 81
41 82
41 45
41 86
41 87
41 120
41 49
41 50
41 88
41 52
41 121
41 53
42 54
42 93
42 94
42 55
42 113
42 56
42 57
42 62
42 98
42 99
42 64
42 100
42 103
42 69
42 127
42 74
42 107
42 75
42 76
42 77
42 79
42 82
42 83
42 84
42 47
42 119
42 86
42 87
42 48
42 120
42 125
42 49
42 111
42 88
42 90
42 121
42 53
42 91
43 54
43 92
43 94
43 113
43 56
43 95
43 126
43 61
43 98
43 99
43 64
43 100
43 114
43 101
43 115
43 66
43 102
43 69
43 127
43 71
43 116
43 73
43 107
43 76
43 108
43 78
43 109
43 82
43 83
43 84
43 45
43 119
43 86
43 87
43 48
43 120
43 125
43 88
43 52
43 53
43 91
44 54
44 92
44 123
44 93
44 94
44 113
44 56
44 58
44 126
44 59
44 63
44 100
44 65
44 114
44 101
44 66
44 102
44 104
44 68
44 69
44 70
44 71
44 72
44 117
44 73
44 74
44 107
44 77
44 108
44 78
44 109
44 79
44 81
44 82
44 83
44 45
44 87
44 48
44 49
44 111
44 51
44 52
44 112
44 90
44 121
44 122
44 91
44 124
44 80
44 84
44 47
44 89
45 62
45 63
45 99
45 64
45 100
45 114
45 101
45 115
45 105
45 127
45 70
45 71
45 72
45 116
45 106
45 73
45 74
45 107
45 77
45 108
45 109
45 118
45 79
45 80
45 82
45 110
45 84
45 46
45 47
45 119
45 87
45 49
45 50
45 112
45 90
45 53
46 124
46 54
46 92
46 113
46 56
46 58
46 59
46 61
46 62
46 63
46 64
46 100
46 114
46 66
46 102
46 67
46 104
46 105
46 70
46 72
46 116
46 117
46 73
46 107
46 77
46 108
46 78
46 79
46 80
46 110
46 47
46 48
46 120
46 49
46 88
46 89
46 51
46 90
46 122
46 53
46 91
47 92
47 113
47 95
47 58
47 60
47 97
47 62
47 63
47 64
47 101
47 115
47 103
47 68
47 70
47 117
47 73
47 107
47 78
47 109
47 79
47 80
47 81
47 110
47 83
47 119
47 120
47 111
47 112
47 90
47 121
47 53
47 77
47 108
47 126
47 66
47 124
47 84
47 89
48 124
48 54
48 92
48 93
48 55
48 113
48 95
48 126
48 60
48 96
48 97
48 98
48 63
48 64
48 65
48 114
48 115
48 67
48 68
48 127
48 70
48 71
48 116
48 117
48 106
48 107
48 75
48 76
48 108
48 109
48 79
48 80
48 81
48 82
48 110
48 83
48 84
48 85
48 86
48 87
48 120
48 50
48 88
48 52
48 90
48 122
49 123
49 93
49 55
49 95
49 58
49 59
49 96
49 62
49 98
49 100
49 65
49 101
49 115
49 103
49 104
49 69
49 105
49 70
49 71
49 72
49 116
49 117
49 106
49 74
49 107
49 75
49 76
49 108
49 118
49 79
49 81
49 82
49 110
49 83
49 125
49 50
49 51
49 52
49 112
49 90
49 122
49 91
50 54
50 92
50 123
50 93
50 56
50 57
50 126
50 59
50 60
50 96
50 61
50 63
50 64
50 100
50 65
50 114
50 101
50 66
50 102
50 103
50 104
50 68
50 69
50 70
50 72
50 116
50 73
50 74
50 107
50 77
50 78
50 79
50 82
50 83
50 84
50 85
50 119
50 86
50 120
50 111
50 89
50 52
50 90
50 121
50 122
50 53
50 91
51 54
51 92
51 93
51 55
51 58
51 60
51 61
51 97
51 62
51 63
51 100
51 101
51 104
51 68
51 127
51 70
51 71
51 72
51 116
51 106
51 73
51 107
51 75
51 76
51 109
51 118
51 80
51 81
51 82
51 110
51 83
51 84
51 85
51 119
51 87
51 125
51 111
51 52
51 112
51 90
51 121
51 122
52 55
52 113
52 57
52 96
52 61
52 62
52 98
52 63
52 65
52 114
52 101
52 115
52 66
52 102
52 68
52 69
52 127
52 70
52 71
52 106
52 73
52 75
52 109
52 118
52 110
52 83
52 84
52 86
52 87
52 111
52 89
52 90
52 122
53 124
53 92
53 93
53 94
53 113
53 58
53 59
53 98
53 64
53 100
53 65
53 101
53 66
53 102
53 67
53 103
53 68
53 105
53 117
53 106
53 73
53 74
53 107
53 108
53 109
53 118
53 79
53 81
53 82
53 83
53 120
53 125
53 122
53 91
54 94
54 56
54 57
54 58
54 96
54 61
54 64
54 65
54 114
54 115
54 67
54 105
54 127
54 70
54 72
54 117
54 75
54 77
54 78
54 118
54 79
54 80
54 83
54 84
54 85
54 125
54 88
54 122
54 91
55 92
55 123
55 93
55 113
55 56
55 57
55 126
55 61
55 98
55 63
55 64
55 100
55 101
55 115
55 66
55 102
55 104
55 68
55 69
55 105
55 70
55 73
55 76
55 77
55 108
55 118
55 81
55 84
55 85
55 119
55 86
55 125
55 89
55 121
55 122
55 91
56 92
56 123
56 95
56 59
56 60
56 96
56 62
56 98
56 64
56 100
56 114
56 101
56 103
56 105
56 127
56 72
56 117
56 74
56 107
56 76
56 77
56 108
56 78
56 79
56 80
56 81
56 110
56 83
56 84
56 85
56 119
56 86
56 120
56 125
56 111
56 122
57 93
57 96
57 61
57 98
57 63
57 99
57 101
57 103
57 68
57 127
57 71
57 117
57 73
57 74
57 77
57 80
57 85
57 119
57 86
57 87
57 120
57 125
57 90
57 122
58 92
58 123
58 93
58 113
58 126
58 60
58 97
58 62
58 98
58 63
58 99
58 64
58 100
58 65
58 66
58 102
58 67
58 103
58 127
58 70
58 71
58 117
58 73
58 75
58 76
58 77
58 78
58 109
58 80
58 83
58 119
58 87
58 120
58 125
58 88
58 91
58 81
58 108
58 107
58 79
58 124
58 84
58 89
58 68
59 124
59 123
59 93
59 94
59 113
59 95
59 126
59 97
59 63
59 99
59 100
59 65
59 101
59 66
59 105
59 127
59 70
59 71
59 72
59 116
59 117
59 106
59 76
59 77
59 78
59 109
59 81
59 82
59 84
59 85
59 86
59 125
59 111
59 112
59 90
59 121
59 91
60 92
60 93
60 94
60 113
60 95
60 96
60 98
60 65
60 114
60 101
60 66
60 69
60 105
60 127
60 71
60 116
60 117
60 106
60 73
60 77
60 108
60 78
60 118
60 81
60 110
60 84
60 85
60 86
60 87
60 125
60 88
60 112
60 90
60 121
60 91
61 95
61 98
61 64
61 100
61 101
61 67
61 104
61 68
61 69
61 127
61 71
61 116
61 117
61 106
61 73
61 75
61 76
61 78
61 80
61 110
61 83
61 84
61 85
61 87
61 88
61 89
61 90
61 122
61 91
62 123
62 93
62 94
62 126
62 97
62 64
62 100
62 65
62 101
62 66
62 103
62 68
62 105
62 116
62 106
62 75
62 79
62 81
62 84
62 119
62 86
62 112
62 90
62 121
62 122
62 91
63 92
63 93
63 113
63 95
63 98
63 64
63 65
63 114
63 101
63 115
63 102
63 67
63 68
63 70
63 116
63 117
63 106
63 107
63 75
63 118
63 79
63 80
63 81
63 83
63 84
63 85
63 112
63 90
63 121
63 122
63 91
64 124
64 123
64 93
64 95
64 126
64 96
64 98
64 115
64 103
64 68
64 69
64 127
64 117
64 73
64 107
64 76
64 77
64 78
64 80
64 83
64 84
64 85
64 119
64 87
64 111
64 90
65 124
65 94
65 126
65 97
65 100
65 114
65 101
65 115
65 66
65 102
65 71
65 73
65 107
65 75
65 76
65 109
65 80
65 84
65 85
65 120
65 125
65 111
65 89
65 90
65 122
66 124
66 92
66 123
66 95
66 114
66 67
66 103
66 69
66 105
66 127
66 107
66 75
66 77
66 118
66 79
66 81
66 82
66 119
66 120
66 111
66 88
66 112
66 73
66 108
66 126
66 80
66 84
66 89
66 68
67 123
67 113
67 95
67 126
67 96
67 97
67 98
67 114
67 101
67 102
67 103
67 68
67 69
67 127
67 71
67 116
67 117
67 107
67 75
67 77
67 108
67 78
67 109
67 80
67 81
67 82
67 83
67 84
67 119
67 125
67 111
67 89
67 112
67 121
68 124
68 123
68 94
68 113
68 126
68 96
68 97
68 115
68 102
68 69
68 127
68 70
68 72
68 106
68 73
68 107
68 78
68 118
68 80
68 81
68 85
68 86
68 89
68 121
68 122
68 91
68 77
68 108
68 79
68 84
69 123
69 93
69 94
69 113
69 95
69 115
69 102
69 104
69 105
69 70
69 72
69 117
69 106
69 74
69 76
69 77
69 78
69 118
69 79
69 81
69 84
69 119
69 86
69 111
69 90
69 122
69 91
70 123
70 93
70 113
70 98
70 99
70 101
70 115
70 104
70 105
70 127
70 71
70 117
70 106
70 73
70 76
70 78
70 109
70 81
70 84
70 87
70 111
70 88
70 90
71 123
71 113
71 99
71 114
71 101
71 103
71 104
71 105
71 72
71 116
71 117
71 73
71 74
71 77
71 108
71 109
71 79
71 81
71 82
71 84
71 87
71 120
71 125
71 111
71 88
71 121
72 93
72 94
72 95
72 126
72 98
72 100
72 101
72 115
72 102
72 103
72 104
72 105
72 116
72 117
72 73
72 75
72 108
72 78
72 79
72 82
72 119
72 86
72 111
72 88
72 89
72 112
72 121
72 122
73 92
73 94
73 113
73 95
73 126
73 96
73 100
73 114
73 101
73 105
73 74
73 107
73 77
73 108
73 109
73 118
73 79
73 80
73 81
73 110
73 83
73 84
73 119
73 87
73 120
73 111
73 122
73 124
73 89
74 92
74 93
74 95
74 97
74 98
74 101
74 116
74 117
74 75
74 77
74 108
74 78
74 109
74 81
74 82
74 110
74 83
74 119
74 87
74 120
74 125
74 88
74 89
74 112
74 90
75 92
75 126
75 98
75 99
75 114
75 101
75 115
75 103
75 127
75 106
75 107
75 78
75 109
75 118
75 80
75 110
75 84
75 85
75 87
75 120
75 111
75 88
75 112
75 121
75 122
75 91
76 123
76 93
76 94
76 95
76 96
76 97
76 98
76 100
76 114
76 101
76 115
76 103
76 116
76 106
76 79
76 81
76 82
76 110
76 84
76 87
76 120
76 90
76 91
77 124
77 93
77 95
77 126
77 115
77 102
77 104
77 107
77 108
77 109
77 79
77 81
77 83
77 119
77 120
77 88
77 89
77 90
77 121
77 122
77 80
77 84
78 92
78 123
78 98
78 100
78 114
78 115
78 104
78 105
78 116
78 106
78 108
78 79
78 83
78 119
78 86
78 87
78 120
78 125
78 88
78 89
78 112
78 121
78 91
79 123
79 113
79 95
79 126
79 96
79 97
79 98
79 99
79 114
79 102
79 103
79 104
79 116
79 107
79 108
79 80
79 81
79 83
79 85
79 119
79 88
79 89
79 112
79 90
79 121
79 122
79 91
79 124
79 84
80 124
80 94
80 126
80 96
80 101
80 115
80 105
80 116
80 106
80 108
80 109
80 118
80 81
80 82
80 84
80 85
80 119
80 86
80 120
80 125
80 112
80 90
80 91
80 107
80 89
81 93
81 94
81 126
81 97
81 98
81 114
81 101
81 115
81 127
81 116
81 106
81 107
81 108
81 118
81 110
81 119
81 87
81 111
81 89
81 112
81 121
81 124
81 84
82 123
82 94
82 113
82 126
82 97
82 100
82 114
82 101
82 115
82 105
82 117
82 84
82 119
82 86
82 87
82 125
82 88
82 89
82 90
82 91
83 92
83 123
83 94
83 113
83 95
83 126
83 98
83 114
83 101
83 102
83 105
83 127
83 116
83 108
83 109
83 118
83 110
83 87
83 120
83 125
83 111
83 112
83 121
83 91
84 124
84 123
84 93
84 94
84 96
84 99
84 114
84 101
84 106
84 107
84 118
84 110
84 111
84 122
84 108
84 126
84 89
85 124
85 92
85 93
85 94
85 95
85 126
85 96
85 97
85 98
85 99
85 100
85 114
85 105
85 106
85 107
85 110
85 86
85 120
85 111
85 88
85 90
85 91
86 124
86 123
86 126
86 97
86 99
86 100
86 114
86 101
86 115
86 102
86 103
86 104
86 105
86 127
86 116
86 106
86 107
86 109
86 118
86 110
86 87
86 120
86 125
86 122
87 93
87 94
87 113
87 95
87 97
87 99
87 103
87 104
87 105
87 127
87 116
87 106
87 107
87 109
87 110
87 119
87 120
87 125
87 111
87 90
87 121
87 122
88 124
88 123
88 95
88 126
88 96
88 97
88 98
88 99
88 100
88 101
88 105
88 127
88 117
88 107
88 109
88 118
88 119
88 120
88 111
88 90
88 91
89 92
89 94
89 96
89 97
89 98
89 127
89 117
89 109
89 118
89 110
89 119
89 111
89 108
89 126
89 107
89 124
90 123
90 94
90 95
90 100
90 114
90 101
90 115
90 103
90 104
90 127
90 116
90 117
90 106
90 107
90 108
90 109
90 120
90 111
90 121
90 122
90 91
91 92
91 96
91 97
91 99
91 101
91 115
91 102
91 103
91 105
91 127
91 116
91 117
91 106
91 107
91 109
91 120
91 125
91 111
91 112
91 121
92 123
92 96
92 97
92 104
92 106
92 109
92 120
92 125
92 99
92 100
92 105
92 107
92 108
92 118
92 112
92 121
93 124
93 94
93 113
93 95
93 126
93 97
93 114
93 101
93 115
93 103
93 104
93 127
93 116
93 108
93 109
93 110
93 119
93 120
93 111
93 122
94 126
94 96
94 127
94 116
94 117
94 110
94 119
94 120
94 125
94 111
94 113
94 99
94 103
94 105
94 108
94 122
95 126
95 96
95 97
95 98
95 100
95 114
95 102
95 104
95 127
95 116
95 117
95 106
95 109
95 118
95 110
95 119
95 120
95 125
95 112
95 121
95 122
96 124
96 97
96 98
96 99
96 100
96 104
96 116
96 117
96 107
96 118
96 112
96 121
97 124
97 126
97 113
97 98
97 100
97 101
97 102
97 104
97 117
97 108
97 109
97 111
97 112
97 121
97 122
98 123
98 126
98 115
98 104
98 127
98 116
98 117
98 106
98 109
98 110
98 120
98 111
98 113
98 99
98 105
98 108
98 118
98 112
98 122
99 126
99 115
99 104
99 127
99 106
99 109
99 125
99 114
99 102
99 103
99 107
99 108
99 121
99 122
100 123
100 101
100 115
100 127
100 106
100 110
100 114
100 102
100 103
100 107
100 108
100 118
100 112
100 121
101 124
101 123
101 115
101 103
101 105
101 116
101 117
101 108
101 110
101 125
101 112
101 121
101 122
102 115
102 106
102 110
102 120
102 113
102 103
102 108
102 118
102 122
103 123
103 126
103 127
103 117
103 125
103 111
103 114
103 107
103 108
103 112
104 124
104 123
104 113
104 127
104 117
104 107
104 108
104 109
104 118
104 110
104 119
104 120
104 125
105 123
105 115
105 127
105 116
105 125
105 113
105 107
105 108
106 124
106 123
106 126
106 117
106 107
106 108
106 118
106 120
106 125
106 112
106 122
107 123
107 126
107 127
107 109
107 120
107 114
107 108
107 118
107 112
107 121
107 122
107 124
108 126
108 116
108 117
108 110
108 125
108 113
108 114
108 112
108 124
109 124
109 126
109 127
109 114
109 110
109 119
110 124
110 126
110 113
110 114
110 119
110 125
110 111
110 121
110 122
111 124
111 126
111 115
111 116
111 117
111 119
111 120
111 125
111 121
111 122
112 126
112 127
112 116
112 117
112 114
112 118
113 123
113 126
113 115
113 116
113 120
113 125
113 118
114 115
114 116
114 121
115 124
115 126
115 127
115 116
115 117
115 119
115 120
115 121
115 122
116 123
116 126
116 119
116 125
116 121
117 126
117 119
117 120
117 125
118 126
118 127
118 119
118 125
119 124
119 123
119 126
119 127
119 120
120 124
120 123
120 127
120 121
121 127
121 125
122 126
123 124
123 126
124 126
124 127
124 125
125 126
