0 1
0 2
0 3
0 4
0 5
0 6
0 7
0 8
0 9
0 10
0 11
0 12
0 13
0 14
0 15
0 16
0 17
0 18
0 19
0 20
0 21
0 22
0 23
0 24
0 25
0 26
0 27
0 28
0 29
0 30
0 31
0 32
0 33
0 34
0 35
0 36
0 37
0 38
0 39
0 40
0 41
0 42
0 43
0 44
0 45
0 46
0 47
0 48
0 49
0 50
0 51
0 52
0 53
0 54
0 55
0 56
0 57
0 58
0 59
0 60
0 61
0 62
0 63
0 64
0 65
0 66
0 67
0 68
0 69
0 70
0 71
0 72
1 73
1 2
1 3
1 4
1 5
1 74
1 75
1 6
1 7
1 8
1 11
1 76
1 77
1 78
1 79
1 17
1 80
1 81
1 19
1 82
1 83
1 84
1 22
1 85
1 86
1 25
1 26
1 28
1 29
1 30
1 31
1 87
1 36
1 37
1 44
1 88
1 89
1 90
1 47
1 48
1 50
1 51
1 91
1 92
1 93
1 94
1 54
1 55
1 95
1 96
1 56
1 57
1 64
1 98
1 99
1 100
1 101
1 102
1 68
2 73
2 6
2 103
2 10
2 12
2 104
2 14
2 78
2 15
2 17
2 81
2 18
2 82
2 84
2 22
2 86
2 24
2 29
2 32
2 33
2 35
2 87
2 39
2 105
2 40
2 41
2 43
2 106
2 88
2 107
2 45
2 89
2 108
2 90
2 47
2 109
2 48
2 92
2 110
2 93
2 94
2 111
2 95
2 96
2 57
2 62
2 65
2 66
2 112
2 99
2 113
2 100
2 67
2 101
2 114
2 102
2 69
3 5
3 115
3 75
3 116
3 10
3 11
3 12
3 13
3 14
3 17
3 80
3 81
3 18
3 117
3 20
3 118
3 82
3 21
3 84
3 22
3 85
3 86
3 24
3 26
3 27
3 29
3 30
3 31
3 33
3 35
3 119
3 87
3 36
3 105
3 40
3 41
3 42
3 43
3 106
3 88
3 107
3 45
3 89
3 108
3 46
3 48
3 49
3 50
3 51
3 91
3 110
3 93
3 94
3 111
3 54
3 96
3 63
3 65
3 113
3 114
3 102
3 70
3 72
4 115
4 6
4 103
4 10
4 11
4 76
4 104
4 77
4 14
4 79
4 18
4 117
4 118
4 21
4 84
4 120
4 23
4 86
4 24
4 25
4 29
4 32
4 34
4 119
4 36
4 38
4 105
4 40
4 42
4 43
4 121
4 106
4 44
4 88
4 45
4 108
4 46
4 109
4 48
4 49
4 51
4 91
4 92
4 110
4 52
4 53
4 94
4 122
4 123
4 111
4 54
4 55
4 95
4 58
4 59
4 60
4 62
4 97
4 65
4 98
4 66
4 112
4 99
4 113
4 67
4 101
4 102
4 69
4 71
4 72
5 124
5 6
5 103
5 116
5 76
5 104
5 77
5 78
5 79
5 81
5 18
5 82
5 21
5 86
5 25
5 26
5 27
5 28
5 31
5 35
5 119
5 36
5 38
5 39
5 125
5 105
5 41
5 42
5 126
5 107
5 89
5 90
5 47
5 109
5 48
5 49
5 92
5 93
5 53
5 111
5 96
5 56
5 127
5 59
5 64
5 66
5 112
5 99
5 113
5 100
5 67
5 114
5 102
5 70
6 115
6 75
6 103
6 116
6 10
6 11
6 12
6 76
6 15
6 17
6 19
6 82
6 21
6 85
6 23
6 86
6 24
6 25
6 27
6 28
6 31
6 32
6 119
6 38
6 39
6 40
6 126
6 88
6 89
6 48
6 49
6 50
6 51
6 91
6 92
6 53
6 94
6 122
6 111
6 95
6 57
6 59
6 60
6 97
6 63
6 98
6 66
6 113
6 100
6 71
6 72
7 73
7 115
7 74
7 116
7 9
7 10
7 12
7 104
7 13
7 77
7 78
7 16
7 81
7 19
7 20
7 118
7 83
7 84
7 22
7 85
7 86
7 24
7 25
7 29
7 119
7 87
7 38
7 39
7 105
7 126
7 106
7 88
7 107
7 89
7 108
7 90
7 109
7 48
7 49
7 51
7 93
7 53
7 111
7 55
7 96
7 60
7 62
7 97
7 65
7 66
7 112
7 99
7 101
8 73
8 124
8 115
8 74
8 11
8 76
8 104
8 14
8 78
8 15
8 16
8 81
8 18
8 19
8 20
8 82
8 21
8 22
8 85
8 120
8 23
8 86
8 25
8 31
8 34
8 35
8 87
8 36
8 37
8 39
8 105
8 40
8 41
8 43
8 126
8 44
8 107
8 89
8 46
8 109
8 49
8 50
8 91
8 92
8 110
8 52
8 93
8 94
8 122
8 123
8 54
8 55
8 56
8 57
8 127
8 59
8 61
8 62
8 63
8 64
8 65
8 98
8 66
8 112
8 101
8 102
8 68
8 69
8 70
8 72
8 80
8 47
8 90
8 97
9 73
9 124
9 115
9 75
9 103
9 116
9 10
9 11
9 76
9 77
9 14
9 78
9 15
9 16
9 79
9 80
9 19
9 20
9 82
9 22
9 26
9 30
9 31
9 32
9 34
9 38
9 42
9 43
9 126
9 88
9 45
9 46
9 47
9 50
9 51
9 91
9 92
9 93
9 53
9 123
9 111
9 54
9 95
9 57
9 58
9 59
9 61
9 62
9 63
9 64
9 65
9 112
9 99
9 100
9 114
9 102
9 70
9 72
10 124
10 115
10 74
10 116
10 12
10 77
10 78
10 16
10 79
10 17
10 80
10 18
10 19
10 21
10 22
10 85
10 23
10 24
10 25
10 30
10 119
10 87
10 37
10 39
10 43
10 121
10 88
10 89
10 46
10 90
10 49
10 51
10 92
10 110
10 52
10 93
10 94
10 123
10 111
10 54
10 55
10 96
10 57
10 127
10 60
10 64
10 66
10 112
10 99
10 100
10 101
10 114
10 69
10 70
10 72
11 73
11 124
11 75
11 116
11 76
11 104
11 14
11 16
11 79
11 17
11 80
11 81
11 19
11 20
11 83
11 86
11 24
11 25
11 26
11 27
11 28
11 29
11 31
11 33
11 34
11 119
11 36
11 39
11 105
11 40
11 42
11 126
11 121
11 106
11 108
11 47
11 109
11 50
11 51
11 91
11 92
11 52
11 93
11 94
11 54
11 55
11 95
11 96
11 57
11 127
11 60
11 62
11 97
11 63
11 64
11 65
11 99
11 113
11 101
11 114
11 69
11 70
11 72
12 116
12 104
12 77
12 78
12 16
12 79
12 17
12 80
12 19
12 20
12 82
12 84
12 85
12 120
12 86
12 25
12 26
12 28
12 29
12 30
12 32
12 33
12 34
12 35
12 87
12 105
12 40
12 43
12 126
12 121
12 106
12 89
12 108
12 90
12 48
12 49
12 51
12 110
12 93
12 94
12 122
12 96
12 57
12 61
12 97
12 63
12 64
12 65
12 113
12 67
12 102
12 68
12 71
12 72
13 115
13 103
13 76
13 104
13 77
13 78
13 16
13 79
13 80
13 18
13 117
13 20
13 82
13 84
13 22
13 120
13 86
13 24
13 28
13 30
13 31
13 33
13 37
13 105
13 40
13 42
13 121
13 106
13 44
13 88
13 107
13 45
13 89
13 108
13 46
13 90
13 47
13 109
13 48
13 49
13 110
13 94
13 122
13 111
13 54
13 55
13 95
13 96
13 56
13 58
13 59
13 60
13 61
13 62
13 63
13 64
13 66
13 112
13 99
13 113
13 100
13 72
14 73
14 115
14 74
14 103
14 116
14 76
14 104
14 77
14 78
14 16
14 18
14 20
14 21
14 83
14 84
14 120
14 26
14 28
14 30
14 31
14 33
14 34
14 87
14 37
14 39
14 125
14 105
14 40
14 43
14 121
14 45
14 108
14 48
14 50
14 51
14 91
14 93
14 53
14 55
14 95
14 127
14 58
14 60
14 61
14 97
14 63
14 64
14 65
14 98
14 66
14 112
14 99
14 113
14 67
14 101
14 114
15 124
15 115
15 74
15 75
15 116
15 76
15 77
15 16
15 79
15 17
15 18
15 118
15 21
15 84
15 22
15 86
15 26
15 28
15 29
15 32
15 33
15 36
15 38
15 39
15 125
15 105
15 41
15 126
15 88
15 108
15 46
15 90
15 47
15 48
15 50
15 51
15 91
15 110
15 52
15 93
15 94
15 123
15 55
15 96
15 57
15 127
15 59
15 61
15 62
15 97
15 63
15 65
15 98
15 112
15 99
15 102
15 69
15 70
15 71
15 72
16 115
16 116
16 104
16 77
16 78
16 79
16 81
16 18
16 117
16 118
16 82
16 21
16 83
16 84
16 85
16 120
16 23
16 86
16 24
16 25
16 27
16 28
16 31
16 32
16 33
16 34
16 35
16 87
16 37
16 40
16 41
16 43
16 126
16 121
16 88
16 107
16 46
16 48
16 49
16 91
16 110
16 93
16 53
16 122
16 95
16 96
16 57
16 58
16 59
16 60
16 61
16 63
16 65
16 66
16 112
16 113
16 67
16 68
16 69
16 70
17 73
17 115
17 103
17 116
17 76
17 104
17 77
17 79
17 80
17 81
17 18
17 19
17 20
17 82
17 21
17 83
17 22
17 85
17 120
17 25
17 30
17 31
17 32
17 33
17 34
17 119
17 36
17 39
17 105
17 41
17 42
17 43
17 126
17 106
17 44
17 45
17 89
17 108
17 49
17 50
17 51
17 110
17 52
17 53
17 94
17 122
17 54
17 55
17 95
17 127
17 59
17 61
17 62
17 97
17 63
17 112
17 99
17 113
17 101
17 114
17 68
17 71
17 72
18 73
18 124
18 115
18 77
18 78
18 80
18 81
18 19
18 117
18 82
18 21
18 84
18 85
18 120
18 23
18 25
18 30
18 31
18 33
18 35
18 87
18 36
18 37
18 39
18 40
18 41
18 42
18 126
18 121
18 106
18 44
18 107
18 108
18 46
18 90
18 91
18 110
18 53
18 94
18 54
18 55
18 57
18 59
18 61
18 62
18 63
18 64
18 65
18 98
18 112
18 99
18 100
18 67
18 101
18 68
18 69
19 74
19 104
19 77
19 79
19 80
19 118
19 21
19 22
19 120
19 86
19 27
19 28
19 29
19 35
19 37
19 40
19 42
19 43
19 121
19 106
19 44
19 88
19 107
19 45
19 89
19 47
19 93
19 53
19 123
19 111
19 54
19 95
19 96
19 57
19 59
19 60
19 97
19 63
19 65
19 98
19 112
19 113
19 100
19 67
19 101
19 114
19 71
20 115
20 75
20 103
20 116
20 76
20 104
20 78
20 79
20 80
20 117
20 118
20 82
20 21
20 83
20 84
20 22
20 23
20 24
20 26
20 27
20 36
20 37
20 39
20 125
20 105
20 40
20 41
20 42
20 43
20 121
20 107
20 45
20 108
20 48
20 49
20 50
20 51
20 92
20 110
20 93
20 53
20 94
20 122
20 95
20 57
20 127
20 60
20 61
20 62
20 63
20 64
20 98
20 66
20 112
20 100
20 101
20 68
20 69
20 70
20 72
21 82
21 124
21 115
21 116
21 104
21 77
21 78
21 79
21 80
21 83
21 84
21 22
21 120
21 23
21 86
21 24
21 26
21 29
21 34
21 37
21 105
21 42
21 43
21 126
21 106
21 44
21 88
21 107
21 45
21 90
21 50
21 91
21 110
21 53
21 94
21 111
21 95
21 56
21 57
21 58
21 60
21 62
21 63
21 64
21 65
21 98
21 66
21 101
21 114
21 69
21 70
22 82
22 74
22 103
22 116
22 76
22 104
22 79
22 80
22 81
22 117
22 23
22 25
22 26
22 28
22 29
22 34
22 35
22 119
22 87
22 38
22 125
22 40
22 106
22 88
22 89
22 46
22 47
22 109
22 48
22 50
22 51
22 91
22 92
22 93
22 53
22 123
22 96
22 56
22 57
22 59
22 61
22 97
22 63
22 65
22 112
22 100
22 101
22 114
22 102
22 68
22 71
22 72
23 82
23 73
23 74
23 77
23 78
23 118
23 83
23 85
23 86
23 25
23 29
23 33
23 34
23 87
23 36
23 37
23 38
23 105
23 41
23 42
23 106
23 45
23 90
23 47
23 51
23 91
23 92
23 110
23 53
23 54
23 95
23 96
23 56
23 57
23 59
23 64
23 65
23 66
23 99
23 100
23 101
23 114
23 102
23 68
23 70
23 72
24 73
24 115
24 74
24 75
24 104
24 77
24 80
24 81
24 84
24 120
24 25
24 26
24 27
24 29
24 31
24 33
24 87
24 36
24 39
24 125
24 42
24 43
24 106
24 44
24 88
24 89
24 47
24 109
24 48
24 50
24 51
24 91
24 52
24 94
24 122
24 54
24 55
24 95
24 127
24 58
24 59
24 61
24 98
24 99
24 113
24 67
24 102
24 70
24 71
25 82
25 73
25 115
25 74
25 103
25 76
25 104
25 77
25 78
25 118
25 83
25 84
25 85
25 120
25 86
25 31
25 32
25 33
25 35
25 87
25 36
25 39
25 125
25 40
25 41
25 42
25 43
25 44
25 88
25 45
25 89
25 90
25 47
25 48
25 49
25 51
25 92
25 93
25 53
25 94
25 122
25 123
25 54
25 56
25 60
25 63
25 64
25 98
25 112
25 99
25 100
25 67
25 114
25 68
25 69
25 72
26 73
26 124
26 74
26 75
26 76
26 78
26 79
26 80
26 81
26 85
26 29
26 30
26 33
26 34
26 36
26 38
26 39
26 125
26 105
26 126
26 121
26 106
26 44
26 88
26 45
26 89
26 46
26 47
26 109
26 48
26 49
26 91
26 52
26 53
26 122
26 95
26 127
26 58
26 59
26 62
26 63
26 64
26 112
26 99
26 101
26 102
26 68
26 70
27 73
27 74
27 75
27 103
27 116
27 104
27 77
27 79
27 80
27 118
27 84
27 120
27 86
27 29
27 30
27 31
27 32
27 33
27 34
27 36
27 37
27 38
27 41
27 44
27 89
27 90
27 109
27 48
27 49
27 51
27 92
27 94
27 122
27 111
27 96
27 56
27 127
27 98
27 66
27 99
27 101
27 114
27 102
27 72
28 82
28 73
28 115
28 75
28 116
28 76
28 78
28 79
28 80
28 81
28 117
28 84
28 120
28 30
28 31
28 33
28 34
28 36
28 37
28 38
28 39
28 125
28 40
28 43
28 126
28 89
28 108
28 46
28 109
28 48
28 49
28 51
28 92
28 110
28 93
28 94
28 122
28 55
28 95
28 56
28 57
28 127
28 58
28 61
28 62
28 64
28 112
28 99
28 113
28 67
28 102
28 70
29 73
29 124
29 115
29 74
29 116
29 104
29 77
29 81
29 83
29 120
29 86
29 31
29 34
29 35
29 119
29 87
29 40
29 41
29 126
29 45
29 89
29 46
29 47
29 109
29 48
29 49
29 51
29 91
29 92
29 110
29 52
29 93
29 94
29 122
29 111
29 55
29 95
29 56
29 57
29 127
29 59
29 60
29 97
29 98
29 112
29 99
29 113
29 101
29 70
29 71
30 82
30 73
30 124
30 115
30 74
30 103
30 77
30 79
30 80
30 81
30 118
30 83
30 119
30 87
30 36
30 37
30 125
30 106
30 44
30 107
30 47
30 109
30 91
30 92
30 93
30 94
30 122
30 55
30 96
30 57
30 127
30 58
30 59
30 64
30 65
30 99
30 113
30 100
30 101
30 114
30 102
30 69
30 70
31 124
31 115
31 75
31 103
31 104
31 77
31 78
31 80
31 81
31 117
31 83
31 84
31 85
31 86
31 34
31 35
31 119
31 87
31 36
31 125
31 42
31 126
31 121
31 106
31 44
31 107
31 45
31 46
31 50
31 51
31 91
31 110
31 123
31 54
31 56
31 127
31 59
31 97
31 64
31 65
31 98
31 67
31 70
31 71
31 72
32 82
32 73
32 124
32 115
32 103
32 76
32 104
32 77
32 80
32 81
32 120
32 33
32 34
32 119
32 37
32 38
32 39
32 40
32 41
32 42
32 44
32 107
32 108
32 109
32 49
32 50
32 91
32 92
32 52
32 93
32 94
32 122
32 111
32 54
32 55
32 95
32 96
32 127
32 58
32 59
32 64
32 112
32 99
32 67
32 114
32 68
32 69
32 70
32 71
33 73
33 124
33 115
33 75
33 103
33 116
33 104
33 81
33 117
33 84
33 85
33 87
33 37
33 105
33 40
33 126
33 121
33 106
33 45
33 89
33 108
33 46
33 90
33 109
33 49
33 51
33 110
33 52
33 93
33 122
33 123
33 54
33 55
33 96
33 56
33 57
33 127
33 58
33 60
33 62
33 97
33 64
33 98
33 99
33 68
33 71
34 82
34 74
34 75
34 103
34 76
34 78
34 80
34 117
34 84
34 119
34 38
34 39
34 125
34 41
34 43
34 121
34 88
34 45
34 89
34 90
34 49
34 50
34 51
34 91
34 92
34 52
34 94
34 123
34 111
34 54
34 55
34 96
34 57
34 58
34 59
34 60
34 61
34 64
34 65
34 66
34 99
34 100
34 67
34 101
34 68
34 69
34 70
34 71
34 72
35 82
35 75
35 116
35 76
35 77
35 78
35 79
35 80
35 81
35 83
35 120
35 119
35 36
35 37
35 39
35 40
35 41
35 43
35 126
35 106
35 88
35 107
35 45
35 108
35 46
35 109
35 48
35 51
35 92
35 110
35 52
35 93
35 53
35 94
35 123
35 55
35 95
35 96
35 127
35 58
35 59
35 60
35 61
35 62
35 97
35 63
35 64
35 65
35 98
35 112
35 99
35 113
35 101
35 68
35 70
35 72
35 47
35 90
36 73
36 115
36 75
36 116
36 76
36 104
36 77
36 79
36 81
36 84
36 85
36 120
36 86
36 119
36 125
36 41
36 43
36 121
36 106
36 44
36 88
36 107
36 45
36 89
36 108
36 48
36 49
36 51
36 91
36 92
36 110
36 53
36 94
36 55
36 96
36 127
36 58
36 59
36 61
36 62
36 97
36 64
36 65
36 99
36 113
36 101
36 114
36 102
37 73
37 124
37 115
37 74
37 75
37 76
37 104
37 77
37 78
37 80
37 81
37 118
37 120
37 86
37 119
37 87
37 39
37 40
37 42
37 43
37 126
37 45
37 89
37 46
37 49
37 50
37 51
37 91
37 53
37 94
37 122
37 123
37 111
37 54
37 55
37 95
37 57
37 127
37 97
37 65
37 112
37 99
37 113
37 100
37 67
37 114
37 102
37 71
38 82
38 73
38 74
38 76
38 77
38 78
38 117
38 83
38 84
38 39
38 105
38 41
38 42
38 43
38 89
38 46
38 51
38 110
38 93
38 122
38 54
38 55
38 95
38 96
38 127
38 59
38 60
38 61
38 97
38 65
38 112
38 113
38 67
39 74
39 75
39 103
39 80
39 118
39 83
39 84
39 86
39 125
39 105
39 42
39 44
39 107
39 45
39 46
39 48
39 50
39 110
39 53
39 94
39 122
39 123
39 111
39 55
39 95
39 58
39 59
39 61
39 62
39 97
39 63
39 65
39 98
39 112
39 113
39 100
39 67
39 114
39 102
39 71
39 72
40 124
40 74
40 75
40 116
40 76
40 104
40 79
40 80
40 83
40 84
40 85
40 86
40 119
40 87
40 125
40 41
40 121
40 44
40 88
40 46
40 90
40 47
40 48
40 49
40 91
40 92
40 110
40 93
40 53
40 111
40 54
40 96
40 62
40 65
40 112
40 113
40 100
40 67
40 114
40 102
40 70
40 72
41 82
41 124
41 74
41 76
41 104
41 80
41 117
41 83
41 85
41 120
41 86
41 119
41 125
41 105
41 42
41 43
41 106
41 107
41 89
41 108
41 90
41 47
41 109
41 48
41 49
41 50
41 51
41 52
41 53
41 55
41 127
41 59
41 61
41 97
41 63
41 64
41 65
41 98
41 100
41 101
41 69
41 71
41 72
41 46
41 78
42 73
42 74
42 75
42 116
42 76
42 77
42 78
42 79
42 117
42 118
42 84
42 85
42 86
42 87
42 125
42 126
42 121
42 106
42 88
42 47
42 109
42 49
42 50
42 51
42 91
42 94
42 95
42 56
42 57
42 127
42 60
42 61
42 64
42 98
42 99
42 113
42 101
42 114
42 102
42 70
42 71
42 72
43 82
43 73
43 115
43 74
43 75
43 104
43 77
43 78
43 80
43 84
43 85
43 125
43 105
43 126
43 106
43 45
43 89
43 46
43 90
43 109
43 48
43 49
43 50
43 92
43 110
43 52
43 94
43 123
43 54
43 55
43 96
43 56
43 57
43 127
43 59
43 60
43 63
43 64
43 65
43 98
43 66
43 99
43 100
43 67
43 102
43 70
43 47
43 72
43 107
43 76
43 61
43 97
44 73
44 115
44 75
44 103
44 104
44 77
44 78
44 79
44 81
44 117
44 118
44 85
44 120
44 86
44 119
44 105
44 126
44 45
44 108
44 46
44 47
44 109
44 48
44 51
44 91
44 93
44 94
44 122
44 55
44 127
44 60
44 64
44 65
44 98
44 112
44 99
44 67
44 101
44 114
44 68
44 69
44 70
44 71
45 73
45 124
45 115
45 75
45 103
45 104
45 84
45 119
45 105
45 126
45 121
45 106
45 107
45 89
45 90
45 48
45 50
45 92
45 52
45 93
45 53
45 94
45 122
45 111
45 54
45 95
45 96
45 57
45 127
45 59
45 60
45 97
45 63
45 64
45 65
45 112
45 99
45 67
45 101
45 102
45 68
45 69
45 70
45 71
45 72
46 73
46 115
46 75
46 103
46 104
46 77
46 79
46 84
46 88
46 90
46 50
46 93
46 53
46 96
46 57
46 127
46 59
46 60
46 62
46 64
46 65
46 98
46 66
46 99
46 113
46 100
46 68
46 69
46 52
46 82
46 63
46 80
46 47
46 72
46 107
46 76
46 61
46 78
46 97
47 74
47 75
47 103
47 116
47 76
47 104
47 78
47 80
47 117
47 120
47 86
47 121
47 106
47 88
47 108
47 90
47 109
47 49
47 50
47 92
47 110
47 52
47 123
47 54
47 55
47 95
47 96
47 57
47 58
47 61
47 97
47 63
47 65
47 112
47 99
47 113
47 100
47 67
47 101
47 70
47 71
47 64
47 98
47 82
47 72
47 107
48 74
48 75
48 103
48 77
48 78
48 83
48 85
48 120
48 86
48 119
48 87
48 125
48 126
48 121
48 107
48 90
48 109
48 49
48 110
48 93
48 94
48 123
48 111
48 55
48 58
48 59
48 64
48 65
48 99
48 113
48 100
48 67
48 114
48 70
49 82
49 74
49 103
49 81
49 83
49 84
49 85
49 120
49 87
49 126
49 88
49 89
49 109
49 110
49 52
49 122
49 54
49 55
49 56
49 57
49 127
49 58
49 59
49 60
49 62
49 63
49 64
49 100
49 67
49 114
49 68
49 69
49 71
50 75
50 103
50 116
50 77
50 79
50 81
50 84
50 85
50 120
50 87
50 125
50 105
50 121
50 106
50 88
50 89
50 91
50 92
50 110
50 52
50 122
50 123
50 111
50 54
50 55
50 58
50 59
50 64
50 65
50 98
50 99
50 113
50 100
50 101
50 102
50 68
50 71
51 82
51 73
51 103
51 76
51 77
51 80
51 117
51 118
51 83
51 86
51 119
51 125
51 91
51 110
51 52
51 53
51 94
51 122
51 111
51 54
51 55
51 96
51 56
51 127
51 58
51 59
51 60
51 97
51 63
51 66
51 99
51 113
51 101
51 114
51 102
51 69
51 71
52 82
52 115
52 74
52 78
52 79
52 80
52 118
52 84
52 86
52 125
52 121
52 106
52 88
52 108
52 90
52 91
52 93
52 94
52 111
52 55
52 96
52 56
52 58
52 59
52 60
52 61
52 62
52 97
52 63
52 64
52 65
52 98
52 66
52 113
52 100
52 71
52 72
52 107
52 76
53 73
53 75
53 103
53 76
53 78
53 80
53 81
53 118
53 84
53 120
53 86
53 125
53 88
53 109
53 92
53 93
53 94
53 111
53 57
53 58
53 59
53 61
53 64
53 65
53 66
53 113
53 101
53 102
53 70
53 71
53 72
54 82
54 124
54 103
54 104
54 80
54 81
54 117
54 118
54 84
54 85
54 86
54 125
54 105
54 126
54 106
54 108
54 90
54 109
54 91
54 110
54 94
54 122
54 123
54 111
54 96
54 56
54 57
54 59
54 63
54 98
54 112
54 100
54 67
54 68
54 69
54 70
54 71
55 82
55 73
55 115
55 74
55 75
55 116
55 76
55 79
55 80
55 81
55 84
55 120
55 86
55 119
55 87
55 126
55 88
55 90
55 91
55 92
55 94
55 122
55 123
55 111
55 95
55 96
55 127
55 58
55 59
55 62
55 97
55 65
55 66
55 99
55 113
55 100
55 114
55 69
55 70
55 72
56 73
56 74
56 116
56 77
56 80
56 81
56 83
56 85
56 86
56 119
56 105
56 106
56 108
56 109
56 93
56 94
56 122
56 111
56 95
56 127
56 58
56 63
56 65
56 98
56 66
56 99
56 114
56 102
56 71
56 72
57 73
57 74
57 76
57 104
57 80
57 83
57 85
57 120
57 86
57 119
57 87
57 105
57 126
57 106
57 88
57 107
57 109
57 92
57 110
57 122
57 111
57 96
57 59
57 60
57 62
57 63
57 98
57 100
57 101
57 114
57 102
57 68
57 70
57 72
58 115
58 74
58 103
58 116
58 104
58 77
58 78
58 81
58 118
58 83
58 86
58 119
58 125
58 126
58 88
58 89
58 108
58 109
58 91
58 92
58 93
58 122
58 95
58 96
58 62
58 97
58 63
58 64
58 65
58 112
58 113
58 114
58 69
58 71
59 124
59 74
59 104
59 78
59 79
59 85
59 120
59 86
59 121
59 106
59 107
59 89
59 108
59 90
59 109
59 91
59 110
59 122
59 111
59 95
59 96
59 127
59 60
59 62
59 97
59 66
59 99
59 67
59 114
59 71
60 124
60 115
60 103
60 116
60 76
60 104
60 78
60 83
60 120
60 125
60 105
60 126
60 108
60 90
60 91
60 94
60 122
60 111
60 95
60 96
60 127
60 62
60 63
60 64
60 65
60 66
60 112
60 114
60 102
60 72
61 73
61 124
61 103
61 79
61 80
61 81
61 117
61 83
61 87
61 125
61 105
61 126
61 106
61 90
61 109
61 93
61 111
61 96
61 64
61 65
61 98
61 99
61 67
61 68
61 70
61 82
61 63
61 72
61 107
61 76
61 78
61 97
62 82
62 124
62 75
62 103
62 116
62 76
62 77
62 79
62 81
62 118
62 83
62 120
62 86
62 105
62 107
62 108
62 90
62 92
62 111
62 95
62 127
62 98
62 112
62 113
62 100
62 67
62 101
62 114
62 102
62 68
62 69
62 71
62 72
63 82
63 74
63 75
63 103
63 76
63 77
63 80
63 83
63 86
63 119
63 87
63 125
63 105
63 126
63 106
63 108
63 90
63 91
63 93
63 122
63 123
63 111
63 95
63 96
63 97
63 64
63 65
63 98
63 112
63 99
63 114
63 70
63 72
63 107
63 78
64 82
64 124
64 75
64 103
64 76
64 104
64 77
64 78
64 81
64 117
64 119
64 125
64 105
64 126
64 106
64 88
64 89
64 108
64 90
64 109
64 92
64 110
64 93
64 122
64 95
64 96
64 97
64 65
64 98
64 66
64 99
64 67
64 101
64 68
64 69
64 70
64 72
64 80
64 107
65 82
65 124
65 115
65 74
65 103
65 77
65 79
65 80
65 81
65 117
65 118
65 83
65 120
65 86
65 119
65 125
65 126
65 106
65 88
65 107
65 89
65 90
65 109
65 110
65 93
65 122
65 96
65 97
65 98
65 66
65 100
65 68
65 69
65 70
65 71
65 72
65 76
65 78
66 73
66 124
66 103
66 76
66 104
66 77
66 80
66 81
66 83
66 84
66 85
66 125
66 105
66 126
66 106
66 107
66 89
66 108
66 109
66 91
66 92
66 93
66 94
66 122
66 111
66 96
66 97
66 113
66 100
66 101
66 114
66 102
66 68
67 82
67 73
67 124
67 74
67 103
67 116
67 104
67 79
67 117
67 83
67 85
67 86
67 125
67 106
67 88
67 107
67 109
67 110
67 122
67 123
67 111
67 101
67 102
67 68
67 69
67 70
67 72
68 82
68 73
68 115
68 75
68 76
68 104
68 78
68 79
68 118
68 83
68 84
68 85
68 86
68 119
68 106
68 108
68 109
68 91
68 110
68 94
68 122
68 123
68 111
68 97
68 112
68 113
68 114
68 69
68 70
69 115
69 74
69 75
69 116
69 76
69 104
69 79
69 83
69 85
69 120
69 86
69 119
69 126
69 88
69 107
69 108
69 90
69 110
69 94
69 122
69 123
69 95
69 96
69 127
69 112
69 99
69 113
69 101
69 114
69 102
69 70
70 73
70 75
70 76
70 78
70 80
70 81
70 84
70 86
70 119
70 105
70 88
70 107
70 91
70 110
70 93
70 94
70 122
70 123
70 95
70 100
70 102
70 72
71 103
71 116
71 76
71 104
71 77
71 78
71 80
71 81
71 84
71 85
71 119
71 126
71 88
71 89
71 108
71 91
71 110
71 93
71 94
71 122
71 95
71 127
71 112
71 99
71 101
71 102
71 72
72 73
72 124
72 115
72 74
72 75
72 116
72 76
72 77
72 78
72 81
72 117
72 85
72 86
72 87
72 121
72 90
72 109
72 91
72 123
72 95
72 96
72 97
72 113
72 100
72 101
72 102
72 98
72 82
72 80
72 107
73 82
73 124
73 115
73 74
73 76
73 104
73 84
73 85
73 120
73 119
73 87
73 125
73 126
73 106
73 88
73 89
73 108
73 90
73 109
73 91
73 92
73 110
73 93
73 123
73 111
73 99
73 101
73 102
74 115
74 103
74 116
74 104
74 77
74 78
74 80
74 81
74 118
74 83
74 84
74 85
74 86
74 119
74 125
74 126
74 88
74 107
74 90
74 109
74 93
74 94
74 112
74 113
74 100
75 116
75 78
75 79
75 81
75 83
75 84
75 85
75 120
75 86
75 125
75 105
75 107
75 108
75 109
75 92
75 93
75 94
75 123
75 95
75 127
75 99
75 100
75 114
75 102
76 82
76 124
76 104
76 77
76 80
76 81
76 117
76 85
76 120
76 105
76 106
76 109
76 93
76 122
76 111
76 98
76 112
76 99
76 100
76 114
76 90
76 107
76 78
76 97
77 115
77 78
77 79
77 81
77 118
77 120
77 86
77 105
77 121
77 106
77 89
77 90
77 109
77 93
77 122
77 123
77 111
77 95
77 127
77 97
77 98
77 99
77 113
77 101
77 102
78 115
78 103
78 116
78 118
78 83
78 84
78 85
78 86
78 105
78 106
78 90
78 109
78 91
78 92
78 122
78 123
78 111
78 95
78 127
78 98
78 102
78 82
78 80
78 107
78 97
79 82
79 124
79 118
79 83
79 84
79 85
79 87
79 121
79 106
79 88
79 107
79 89
79 90
79 91
79 110
79 94
79 123
79 111
79 95
79 112
79 113
79 100
79 101
79 114
80 82
80 124
80 104
80 81
80 83
80 84
80 85
80 120
80 86
80 126
80 106
80 89
80 90
80 109
80 91
80 92
80 110
80 93
80 94
80 95
80 96
80 97
80 98
80 112
80 113
80 101
80 114
80 102
80 107
81 103
81 104
81 117
81 85
81 120
81 119
81 125
81 105
81 89
81 92
81 110
81 93
81 94
81 122
81 95
81 96
81 112
81 99
81 113
81 101
81 102
82 115
82 118
82 84
82 85
82 86
82 87
82 126
82 121
82 88
82 109
82 91
82 92
82 94
82 122
82 111
82 95
82 96
82 127
82 97
82 98
82 112
82 101
82 90
82 107
83 124
83 115
83 103
83 84
83 119
83 87
83 105
83 106
83 107
83 108
83 90
83 109
83 91
83 92
83 93
83 94
83 122
83 111
83 96
83 97
83 98
83 112
83 114
84 124
84 103
84 104
84 117
84 118
84 85
84 86
84 119
84 87
84 105
84 121
84 106
84 89
84 90
84 91
84 110
84 93
84 111
84 95
84 96
84 97
84 98
84 99
84 100
85 124
85 115
85 103
85 116
85 86
85 119
85 87
85 125
85 106
85 88
85 89
85 91
85 110
85 111
85 96
85 112
85 113
85 100
85 101
85 114
86 124
86 104
86 117
86 118
86 120
86 119
86 87
86 125
86 126
86 106
86 89
86 109
86 110
86 93
86 122
86 111
86 96
86 98
86 112
86 113
86 114
86 102
87 104
87 120
87 106
87 89
87 109
87 110
87 94
87 122
87 123
87 111
87 127
87 98
87 100
87 102
88 115
88 116
88 117
88 119
88 105
88 126
88 108
88 90
88 91
88 92
88 111
88 99
88 102
89 116
89 117
89 118
89 120
89 119
89 106
89 107
89 109
89 93
89 94
89 123
89 95
89 98
89 112
89 99
89 101
90 124
90 103
90 104
90 118
90 125
90 121
90 106
90 108
90 109
90 92
90 93
90 94
90 95
90 96
90 97
90 99
90 101
90 114
90 98
90 107
91 124
91 115
91 103
91 104
91 117
91 119
91 125
91 121
91 107
91 109
91 110
91 93
91 122
91 123
91 95
91 96
91 98
91 100
91 101
92 116
92 104
92 105
92 126
92 108
92 93
92 94
92 123
92 111
92 127
92 98
92 100
92 101
92 114
93 116
93 118
93 125
93 105
93 109
93 110
93 122
93 95
93 96
93 98
93 112
93 100
93 101
93 114
94 115
94 103
94 104
94 117
94 118
94 120
94 105
94 126
94 106
94 108
94 96
94 127
94 97
94 112
94 100
95 115
95 104
95 118
95 119
95 126
95 121
95 107
95 108
95 109
95 122
95 123
95 111
95 98
95 112
95 113
95 101
96 124
96 103
96 117
96 119
96 126
96 121
96 110
96 123
96 127
96 97
96 98
96 112
96 113
96 114
97 124
97 103
97 117
97 118
97 125
97 105
97 121
97 107
97 108
97 109
97 122
97 123
97 127
97 112
97 113
97 100
97 102
97 98
98 124
98 115
98 104
98 118
98 120
98 125
98 105
98 121
98 106
98 108
98 122
98 112
98 113
98 102
98 107
99 103
99 105
99 126
99 121
99 106
99 108
99 127
99 112
99 100
99 102
100 124
100 115
100 118
100 120
100 125
100 108
100 109
100 110
100 123
100 111
100 127
100 112
100 113
100 114
100 102
101 124
101 116
101 117
101 118
101 119
101 105
101 126
101 106
101 110
101 112
101 113
101 102
102 124
102 103
102 116
102 104
102 125
102 105
102 121
102 108
102 109
102 110
102 113
102 114
103 115
103 120
103 119
103 125
103 126
103 106
103 108
103 109
103 110
103 111
103 116
103 118
103 105
103 121
103 107
103 122
103 114
104 120
104 125
104 105
104 108
104 122
104 123
104 111
104 112
104 113
105 119
105 126
105 106
105 118
105 122
105 113
105 114
106 124
106 115
106 119
106 118
106 107
106 108
106 123
106 112
106 114
107 124
107 120
107 125
107 116
107 117
107 121
107 122
107 112
107 113
107 114
108 115
108 121
108 122
108 127
108 114
109 115
109 119
109 126
109 116
109 118
109 121
109 110
109 122
109 123
109 111
109 112
109 114
110 115
110 119
110 125
110 126
110 116
110 117
110 118
110 122
110 127
110 112
110 113
110 114
111 124
111 115
111 119
111 125
111 116
111 117
111 118
111 122
111 127
111 112
111 114
112 119
112 125
112 123
112 117
112 118
112 127
112 113
113 124
113 115
113 120
113 119
113 125
113 123
113 117
113 127
113 114
114 125
114 126
114 123
114 116
114 117
114 118
114 122
115 124
115 117
115 119
115 122
115 123
115 127
116 124
116 120
116 119
116 125
116 126
116 117
116 118
116 121
116 122
117 124
117 120
117 119
117 125
117 123
117 118
117 121
117 122
118 124
118 120
118 125
118 126
118 121
118 122
118 127
119 124
119 126
119 121
119 122
119 127
120 124
120 121
120 122
120 123
121 124
121 122
121 127
122 125
122 123
122 127
123 124
123 125
123 127
124 127
125 126
