0 1
0 2
0 3
0 4
0 5
0 6
0 7
0 8
0 9
0 10
0 11
0 12
0 13
0 14
0 15
0 16
0 18
0 19
0 20
0 21
0 22
0 23
0 24
0 25
0 26
0 27
0 28
0 29
0 30
0 31
0 32
0 33
0 34
0 35
0 36
0 37
0 38
0 39
0 40
0 41
0 42
0 43
0 44
0 45
0 46
0 47
0 48
0 49
0 50
0 51
0 52
0 53
0 54
0 55
0 56
0 57
0 58
0 59
0 60
0 61
0 62
0 63
0 64
0 65
0 66
0 67
0 68
0 69
0 70
0 71
0 72
0 73
0 74
0 75
1 76
1 77
1 78
1 2
1 79
1 5
1 80
1 8
1 81
1 82
1 83
1 9
1 13
1 84
1 14
1 85
1 86
1 15
1 19
1 20
1 21
1 87
1 88
1 23
1 24
1 26
1 27
1 29
1 89
1 31
1 32
1 33
1 34
1 35
1 90
1 38
1 91
1 41
1 42
1 43
1 44
1 45
1 92
1 93
1 94
1 95
1 51
1 56
1 57
1 58
1 59
1 96
1 97
1 98
1 61
1 99
1 64
1 100
1 66
1 67
1 101
1 68
1 102
1 104
1 105
1 71
1 106
1 72
2 77
2 107
2 79
2 5
2 80
2 6
2 8
2 81
2 108
2 109
2 83
2 10
2 110
2 13
2 84
2 86
2 15
2 17
2 19
2 20
2 111
2 21
2 87
2 26
2 112
2 33
2 37
2 90
2 113
2 38
2 41
2 42
2 43
2 44
2 46
2 114
2 93
2 115
2 48
2 94
2 53
2 54
2 56
2 58
2 59
2 98
2 116
2 61
2 63
2 66
2 67
2 68
2 102
2 104
2 106
2 117
3 76
3 77
3 79
3 80
3 118
3 7
3 108
3 9
3 10
3 12
3 84
3 14
3 85
3 86
3 15
3 119
3 16
3 18
3 19
3 111
3 87
3 22
3 88
3 24
3 25
3 31
3 34
3 37
3 90
3 120
3 91
3 41
3 45
3 92
3 114
3 47
3 93
3 48
3 49
3 50
3 51
3 53
3 54
3 57
3 59
3 96
3 97
3 98
3 121
3 64
3 66
3 67
3 68
3 103
3 69
3 106
3 122
3 74
4 76
4 79
4 6
4 8
4 109
4 83
4 10
4 11
4 119
4 16
4 17
4 18
4 19
4 21
4 23
4 27
4 28
4 29
4 112
4 35
4 90
4 38
4 123
4 91
4 40
4 41
4 44
4 45
4 114
4 47
4 93
4 115
4 48
4 94
4 49
4 50
4 56
4 57
4 60
4 124
4 97
4 61
4 62
4 99
4 64
4 65
4 100
4 66
4 67
4 101
4 68
4 104
4 70
4 71
4 106
4 72
4 117
4 74
4 125
4 75
5 80
5 118
5 84
5 15
5 119
5 16
5 19
5 20
5 88
5 28
5 36
5 37
5 90
5 120
5 40
5 44
5 45
5 92
5 49
5 50
5 52
5 124
5 98
5 121
5 116
5 62
5 99
5 63
5 65
5 66
5 103
5 69
5 70
5 72
5 122
5 74
5 125
5 12
5 106
5 9
5 55
5 73
5 115
5 38
5 24
5 97
5 113
5 17
5 41
6 76
6 78
6 107
6 80
6 118
6 7
6 8
6 108
6 109
6 83
6 10
6 110
6 11
6 84
6 14
6 85
6 119
6 16
6 18
6 87
6 22
6 23
6 26
6 28
6 89
6 31
6 32
6 37
6 113
6 39
6 40
6 41
6 92
6 46
6 114
6 93
6 115
6 94
6 49
6 51
6 55
6 56
6 57
6 58
6 60
6 96
6 124
6 97
6 98
6 121
6 62
6 99
6 63
6 68
6 103
6 104
6 71
6 73
6 122
6 125
6 75
7 76
7 77
7 78
7 81
7 108
7 82
7 109
7 83
7 10
7 12
7 84
7 14
7 15
7 17
7 19
7 20
7 26
7 27
7 28
7 29
7 89
7 112
7 32
7 33
7 34
7 35
7 39
7 40
7 42
7 45
7 46
7 114
7 48
7 94
7 126
7 127
7 52
7 55
7 56
7 57
7 59
7 60
7 96
7 116
7 65
7 100
7 66
7 101
7 68
7 102
7 104
7 105
7 70
7 106
7 72
7 73
7 117
7 122
7 125
7 75
8 78
8 107
8 79
8 118
8 81
8 108
8 82
8 83
8 13
8 14
8 86
8 15
8 18
8 20
8 87
8 22
8 88
8 23
8 25
8 28
8 29
8 89
8 31
8 33
8 34
8 35
8 90
8 38
8 120
8 39
8 40
8 42
8 44
8 45
8 92
8 115
8 48
8 50
8 127
8 51
8 54
8 56
8 57
8 58
8 59
8 96
8 124
8 97
8 121
8 61
8 99
8 65
8 66
8 67
8 104
8 105
8 70
8 71
8 72
8 73
8 117
8 125
9 76
9 107
9 81
9 108
9 12
9 13
9 14
9 15
9 17
9 20
9 111
9 21
9 22
9 23
9 24
9 25
9 27
9 28
9 29
9 30
9 112
9 31
9 34
9 35
9 37
9 38
9 120
9 91
9 39
9 41
9 42
9 44
9 45
9 46
9 93
9 115
9 126
9 49
9 127
9 52
9 53
9 54
9 55
9 58
9 124
9 97
9 98
9 121
9 116
9 61
9 63
9 66
9 68
9 102
9 103
9 104
9 69
9 105
9 71
9 106
9 73
9 122
9 80
9 50
9 113
10 77
10 107
10 118
10 108
10 82
10 109
10 83
10 12
10 13
10 84
10 14
10 85
10 15
10 17
10 18
10 21
10 26
10 29
10 112
10 31
10 32
10 35
10 36
10 113
10 38
10 123
10 91
10 40
10 41
10 93
10 126
10 50
10 127
10 51
10 56
10 57
10 58
10 96
10 124
10 97
10 116
10 61
10 64
10 65
10 100
10 66
10 67
10 101
10 68
10 103
10 104
10 69
10 105
10 70
10 71
10 106
10 72
10 117
10 125
10 75
11 78
11 107
11 79
11 118
11 81
11 83
11 13
11 84
11 85
11 86
11 15
11 16
11 17
11 21
11 88
11 26
11 27
11 28
11 89
11 30
11 112
11 32
11 35
11 36
11 37
11 90
11 120
11 123
11 39
11 41
11 42
11 43
11 44
11 92
11 46
11 114
11 50
11 127
11 51
11 54
11 57
11 58
11 60
11 96
11 98
11 121
11 116
11 61
11 64
11 66
11 68
11 104
11 71
11 72
11 73
11 125
12 76
12 107
12 118
12 81
12 82
12 109
12 110
12 13
12 85
12 86
12 119
12 18
12 21
12 87
12 88
12 23
12 24
12 25
12 26
12 27
12 29
12 89
12 112
12 32
12 33
12 34
12 35
12 90
12 113
12 120
12 123
12 91
12 39
12 44
12 45
12 46
12 114
12 93
12 115
12 48
12 126
12 50
12 95
12 52
12 53
12 54
12 55
12 56
12 57
12 96
12 98
12 121
12 61
12 62
12 65
12 66
12 67
12 103
12 69
12 106
12 73
12 122
12 74
12 125
12 75
12 80
12 38
12 20
12 97
12 17
12 41
13 76
13 77
13 79
13 80
13 118
13 81
13 108
13 110
13 84
13 85
13 15
13 18
13 19
13 111
13 21
13 87
13 23
13 24
13 25
13 26
13 30
13 112
13 32
13 33
13 36
13 37
13 113
13 38
13 120
13 91
13 40
13 41
13 42
13 44
13 45
13 92
13 47
13 93
13 115
13 48
13 94
13 95
13 127
13 54
13 57
13 58
13 59
13 124
13 97
13 116
13 99
13 63
13 64
13 65
13 100
13 66
13 102
13 104
13 69
13 70
13 71
13 72
13 117
13 74
13 125
13 75
14 76
14 80
14 81
14 83
14 86
14 19
14 87
14 88
14 24
14 25
14 27
14 29
14 89
14 30
14 32
14 35
14 36
14 37
14 90
14 113
14 38
14 123
14 91
14 39
14 41
14 43
14 44
14 45
14 46
14 93
14 115
14 48
14 95
14 127
14 52
14 53
14 57
14 58
14 59
14 60
14 124
14 97
14 98
14 62
14 99
14 63
14 65
14 67
14 103
14 104
14 70
14 71
14 106
14 72
14 122
15 76
15 79
15 80
15 82
15 110
15 85
15 18
15 20
15 111
15 21
15 87
15 88
15 27
15 30
15 32
15 33
15 37
15 90
15 113
15 38
15 123
15 91
15 39
15 42
15 43
15 114
15 50
15 51
15 53
15 54
15 55
15 56
15 58
15 60
15 124
15 97
15 121
15 62
15 99
15 64
15 100
15 66
15 102
15 69
15 70
15 106
15 73
15 122
15 125
15 75
16 79
16 108
16 83
16 85
16 21
16 88
16 23
16 25
16 26
16 30
16 112
16 34
16 36
16 37
16 113
16 38
16 120
16 123
16 42
16 43
16 45
16 46
16 47
16 94
16 50
16 51
16 55
16 57
16 58
16 60
16 96
16 124
16 97
16 98
16 121
16 116
16 62
16 99
16 63
16 65
16 100
16 68
16 102
16 104
16 105
16 72
16 73
16 122
16 74
16 125
17 77
17 80
17 118
17 81
17 108
17 83
17 86
17 119
17 19
17 20
17 111
17 23
17 24
17 25
17 26
17 28
17 29
17 112
17 35
17 36
17 90
17 120
17 123
17 91
17 39
17 40
17 41
17 42
17 43
17 44
17 46
17 93
17 115
17 48
17 126
17 51
17 52
17 56
17 57
17 59
17 124
17 98
17 121
17 61
17 62
17 64
17 66
17 67
17 104
17 69
17 70
17 72
17 125
17 106
17 55
17 73
17 122
17 45
17 38
17 97
17 50
17 103
17 113
18 76
18 78
18 107
18 81
18 82
18 110
18 86
18 119
18 19
18 22
18 88
18 26
18 27
18 30
18 33
18 34
18 37
18 120
18 91
18 40
18 41
18 44
18 92
18 46
18 93
18 126
18 49
18 50
18 127
18 52
18 54
18 55
18 56
18 57
18 59
18 60
18 96
18 124
18 98
18 121
18 116
18 61
18 66
18 67
18 68
18 69
18 70
18 106
18 73
18 117
18 74
18 125
18 75
19 76
19 77
19 79
19 81
19 82
19 83
19 110
19 119
19 111
19 87
19 22
19 88
19 23
19 24
19 26
19 27
19 28
19 29
19 112
19 31
19 33
19 34
19 35
19 90
19 38
19 120
19 123
19 91
19 40
19 41
19 92
19 114
19 115
19 48
19 126
19 49
19 127
19 52
19 53
19 54
19 55
19 56
19 59
19 60
19 98
19 116
19 99
19 64
19 100
19 66
19 68
19 102
19 103
19 104
19 70
19 71
19 73
19 117
19 122
19 125
20 76
20 77
20 80
20 108
20 109
20 84
20 119
20 111
20 88
20 24
20 26
20 28
20 89
20 34
20 36
20 37
20 39
20 40
20 41
20 44
20 45
20 92
20 46
20 114
20 93
20 115
20 48
20 94
20 126
20 127
20 51
20 54
20 55
20 57
20 121
20 62
20 66
20 102
20 103
20 71
20 106
20 73
20 122
20 74
20 125
20 98
20 38
20 97
20 50
20 113
21 76
21 77
21 78
21 107
21 83
21 110
21 85
21 86
21 87
21 88
21 24
21 25
21 28
21 29
21 89
21 30
21 35
21 36
21 37
21 90
21 38
21 123
21 39
21 42
21 44
21 45
21 46
21 115
21 48
21 126
21 51
21 52
21 54
21 55
21 56
21 57
21 60
21 124
21 98
21 61
21 62
21 99
21 64
21 65
21 67
21 102
21 103
21 105
21 70
21 106
21 122
21 125
21 75
22 79
22 118
22 108
22 82
22 110
22 85
22 86
22 111
22 88
22 28
22 30
22 32
22 35
22 37
22 39
22 40
22 42
22 45
22 46
22 114
22 47
22 93
22 48
22 126
22 49
22 50
22 95
22 55
22 56
22 57
22 59
22 60
22 124
22 97
22 98
22 121
22 116
22 62
22 64
22 65
22 100
22 103
22 105
22 70
22 71
22 106
22 72
22 73
22 117
22 122
22 75
23 76
23 107
23 79
23 80
23 118
23 81
23 108
23 86
23 111
23 87
23 24
23 25
23 29
23 89
23 30
23 31
23 33
23 34
23 36
23 37
23 113
23 120
23 91
23 39
23 44
23 45
23 46
23 114
23 48
23 94
23 126
23 127
23 51
23 52
23 53
23 54
23 55
23 58
23 59
23 96
23 97
23 121
23 61
23 62
23 99
23 65
23 66
23 101
23 68
23 69
23 105
23 106
23 117
23 125
23 75
24 107
24 109
24 110
24 86
24 111
24 26
24 29
24 89
24 30
24 112
24 31
24 32
24 33
24 35
24 120
24 123
24 39
24 41
24 43
24 45
24 50
24 53
24 56
24 58
24 59
24 96
24 124
24 98
24 121
24 100
24 66
24 67
24 101
24 104
24 105
24 70
24 73
24 117
24 74
24 125
24 106
24 44
24 55
24 115
24 122
24 80
24 38
24 97
24 103
24 113
25 76
25 77
25 78
25 107
25 79
25 80
25 108
25 83
25 110
25 85
25 119
25 26
25 89
25 30
25 112
25 31
25 37
25 38
25 91
25 41
25 42
25 44
25 92
25 46
25 114
25 47
25 93
25 48
25 49
25 95
25 51
25 52
25 55
25 56
25 58
25 59
25 60
25 96
25 124
25 98
25 116
25 66
25 68
25 102
25 103
25 105
25 106
25 72
25 117
26 76
26 79
26 109
26 83
26 110
26 84
26 87
26 88
26 28
26 29
26 89
26 30
26 31
26 90
26 113
26 38
26 91
26 39
26 42
26 44
26 45
26 46
26 114
26 115
26 48
26 49
26 95
26 127
26 51
26 52
26 54
26 55
26 56
26 57
26 58
26 96
26 97
26 99
26 63
26 64
26 65
26 100
26 67
26 68
26 102
26 103
26 69
26 71
26 106
26 122
27 76
27 77
27 78
27 79
27 80
27 81
27 82
27 84
27 86
27 88
27 28
27 89
27 112
27 31
27 33
27 38
27 120
27 123
27 91
27 39
27 40
27 41
27 45
27 114
27 115
27 94
27 95
27 127
27 51
27 54
27 56
27 57
27 59
27 96
27 124
27 98
27 121
27 99
27 63
27 65
27 100
27 101
27 106
27 72
27 117
27 122
27 74
27 125
28 79
28 80
28 118
28 81
28 108
28 83
28 84
28 86
28 111
28 87
28 89
28 31
28 33
28 34
28 35
28 37
28 38
28 39
28 40
28 43
28 44
28 92
28 46
28 114
28 47
28 93
28 115
28 94
28 50
28 127
28 51
28 54
28 58
28 96
28 97
28 98
28 116
28 61
28 62
28 99
28 63
28 65
28 100
28 66
28 67
28 106
28 73
28 122
29 77
29 79
29 80
29 118
29 82
29 109
29 83
29 110
29 84
29 85
29 111
29 87
29 89
29 112
29 31
29 32
29 34
29 35
29 36
29 37
29 38
29 123
29 39
29 40
29 41
29 42
29 43
29 44
29 45
29 92
29 47
29 93
29 115
29 48
29 49
29 127
29 51
29 53
29 54
29 56
29 58
29 59
29 60
29 124
29 121
29 61
29 99
29 64
29 65
29 67
29 101
29 68
29 103
29 104
29 105
29 71
29 117
29 74
30 76
30 78
30 118
30 108
30 82
30 109
30 83
30 110
30 84
30 85
30 119
30 111
30 87
30 89
30 112
30 33
30 34
30 36
30 37
30 113
30 42
30 43
30 45
30 92
30 93
30 48
30 95
30 127
30 53
30 96
30 124
30 99
30 63
30 64
30 65
30 66
30 67
30 102
30 69
30 105
30 70
30 71
30 122
30 74
30 125
31 76
31 107
31 108
31 109
31 110
31 84
31 85
31 111
31 88
31 89
31 112
31 35
31 90
31 91
31 42
31 43
31 92
31 114
31 47
31 48
31 127
31 51
31 53
31 55
31 58
31 60
31 96
31 62
31 99
31 66
31 101
31 68
31 104
31 69
31 70
31 106
31 72
31 73
31 122
31 74
31 125
31 75
32 76
32 77
32 78
32 107
32 118
32 82
32 83
32 84
32 86
32 87
32 112
32 37
32 90
32 113
32 123
32 91
32 39
32 41
32 43
32 44
32 45
32 92
32 93
32 115
32 48
32 95
32 53
32 54
32 56
32 57
32 59
32 60
32 96
32 97
32 121
32 61
32 62
32 64
32 65
32 66
32 67
32 101
32 68
32 71
32 106
32 117
32 74
33 78
33 80
33 108
33 109
33 84
33 85
33 119
33 111
33 87
33 88
33 89
33 112
33 34
33 37
33 113
33 38
33 123
33 42
33 45
33 92
33 46
33 47
33 115
33 49
33 50
33 54
33 56
33 58
33 124
33 98
33 121
33 116
33 62
33 63
33 65
33 100
33 101
33 103
33 69
33 72
33 73
33 117
33 74
33 125
33 75
34 76
34 78
34 79
34 118
34 82
34 83
34 110
34 119
34 89
34 37
34 38
34 123
34 91
34 39
34 41
34 42
34 45
34 46
34 93
34 48
34 94
34 126
34 49
34 50
34 127
34 54
34 56
34 58
34 59
34 60
34 96
34 124
34 97
34 98
34 121
34 116
34 61
34 64
34 66
34 67
34 68
34 104
34 105
34 106
34 72
34 74
34 75
35 78
35 107
35 79
35 118
35 83
35 84
35 88
35 89
35 112
35 90
35 120
35 123
35 39
35 40
35 42
35 43
35 44
35 47
35 115
35 49
35 50
35 127
35 51
35 53
35 54
35 55
35 57
35 58
35 124
35 98
35 61
35 99
35 64
35 65
35 100
35 102
35 103
35 69
35 73
35 74
36 76
36 80
36 108
36 82
36 109
36 110
36 86
36 119
36 111
36 87
36 88
36 89
36 90
36 120
36 40
36 44
36 45
36 114
36 93
36 48
36 94
36 126
36 49
36 95
36 127
36 52
36 53
36 54
36 57
36 96
36 124
36 98
36 121
36 61
36 99
36 65
36 100
36 67
36 101
36 103
36 104
36 69
36 105
36 70
36 71
36 106
36 73
36 117
36 122
36 75
37 76
37 107
37 79
37 80
37 118
37 81
37 108
37 109
37 83
37 84
37 111
37 88
37 112
37 90
37 123
37 91
37 40
37 45
37 114
37 115
37 49
37 50
37 95
37 127
37 51
37 96
37 98
37 121
37 63
37 66
37 68
37 102
37 103
37 104
37 69
37 74
37 125
37 75
38 77
38 78
38 118
38 108
38 109
38 83
38 110
38 84
38 111
38 89
38 90
38 113
38 120
38 39
38 40
38 42
38 46
38 93
38 48
38 55
38 56
38 57
38 98
38 116
38 99
38 100
38 67
38 104
38 72
38 122
38 74
38 75
38 106
38 44
38 73
38 115
38 121
38 45
38 80
38 97
38 50
38 103
38 41
39 76
39 77
39 107
39 79
39 80
39 81
39 108
39 83
39 110
39 85
39 119
39 111
39 88
39 112
39 113
39 120
39 91
39 41
39 42
39 44
39 92
39 46
39 93
39 50
39 52
39 55
39 57
39 58
39 59
39 96
39 124
39 98
39 121
39 62
39 99
39 63
39 64
39 66
39 67
39 101
39 68
39 103
39 69
39 70
39 106
39 73
39 117
39 75
40 77
40 79
40 81
40 82
40 83
40 86
40 88
40 90
40 120
40 91
40 42
40 43
40 44
40 46
40 47
40 93
40 48
40 126
40 49
40 95
40 53
40 55
40 56
40 58
40 60
40 124
40 97
40 116
40 61
40 62
40 99
40 64
40 100
40 104
40 69
40 105
40 71
40 106
40 72
40 117
40 122
40 74
40 75
41 76
41 107
41 118
41 84
41 112
41 90
41 113
41 120
41 42
41 44
41 92
41 46
41 115
41 94
41 126
41 50
41 56
41 58
41 98
41 116
41 62
41 63
41 64
41 67
41 102
41 103
41 69
41 70
41 122
41 74
41 75
41 106
41 55
41 73
41 121
41 45
41 80
41 97
42 107
42 79
42 80
42 118
42 81
42 108
42 82
42 109
42 83
42 110
42 86
42 87
42 88
42 89
42 112
42 120
42 45
42 114
42 47
42 93
42 48
42 94
42 49
42 95
42 53
42 54
42 57
42 58
42 96
42 98
42 116
42 64
42 65
42 100
42 67
42 103
42 104
42 69
42 105
42 70
42 71
42 73
42 125
43 77
43 78
43 79
43 81
43 83
43 84
43 85
43 86
43 119
43 111
43 89
43 112
43 120
43 91
43 44
43 45
43 92
43 47
43 115
43 48
43 94
43 126
43 49
43 95
43 127
43 53
43 54
43 56
43 57
43 96
43 121
43 116
43 62
43 99
43 64
43 100
43 66
43 68
43 102
43 103
43 104
43 71
43 72
43 122
43 74
44 76
44 78
44 107
44 118
44 108
44 82
44 109
44 110
44 84
44 86
44 111
44 87
44 112
44 90
44 113
44 45
44 93
44 115
44 94
44 126
44 50
44 95
44 127
44 54
44 55
44 59
44 96
44 97
44 98
44 121
44 61
44 65
44 100
44 67
44 101
44 68
44 103
44 105
44 70
44 106
44 73
44 117
44 122
44 80
45 76
45 79
45 80
45 108
45 109
45 83
45 110
45 84
45 111
45 87
45 88
45 112
45 90
45 113
45 123
45 114
45 93
45 115
45 126
45 49
45 95
45 51
45 55
45 56
45 58
45 98
45 121
45 116
45 62
45 66
45 67
45 102
45 106
45 73
45 117
45 122
45 74
45 125
45 75
45 97
45 50
45 103
46 77
46 80
46 108
46 83
46 110
46 85
46 87
46 88
46 89
46 112
46 113
46 123
46 93
46 115
46 48
46 94
46 126
46 50
46 127
46 52
46 53
46 58
46 121
46 62
46 63
46 100
46 67
46 101
46 102
46 103
46 105
46 106
46 72
46 122
46 125
47 78
47 107
47 81
47 108
47 109
47 84
47 85
47 119
47 88
47 113
47 120
47 123
47 91
47 92
47 93
47 48
47 126
47 49
47 50
47 95
47 51
47 52
47 54
47 55
47 57
47 60
47 96
47 124
47 97
47 121
47 116
47 63
47 64
47 100
47 66
47 104
47 69
47 71
47 72
47 117
47 122
47 74
47 125
47 75
48 107
48 79
48 118
48 82
48 84
48 85
48 86
48 119
48 88
48 112
48 90
48 120
48 91
48 92
48 93
48 94
48 126
48 50
48 95
48 127
48 51
48 52
48 53
48 54
48 55
48 57
48 58
48 60
48 96
48 124
48 121
48 62
48 99
48 64
48 65
48 100
48 67
48 71
48 73
48 122
48 125
49 76
49 78
49 107
49 118
49 81
49 108
49 83
49 110
49 84
49 85
49 86
49 119
49 111
49 88
49 89
49 112
49 113
49 91
49 115
49 94
49 127
49 52
49 55
49 56
49 58
49 96
49 61
49 62
49 64
49 100
49 66
49 101
49 68
49 102
49 103
49 104
49 69
49 106
49 122
49 74
50 107
50 79
50 80
50 108
50 82
50 83
50 84
50 119
50 111
50 88
50 112
50 90
50 113
50 120
50 92
50 95
50 52
50 55
50 56
50 59
50 60
50 96
50 97
50 98
50 116
50 100
50 67
50 103
50 69
50 105
50 71
50 73
50 125
50 106
50 115
50 121
50 122
51 76
51 78
51 107
51 79
51 80
51 81
51 109
51 83
51 85
51 119
51 111
51 87
51 88
51 89
51 113
51 93
51 115
51 127
51 53
51 54
51 56
51 61
51 64
51 65
51 101
51 68
51 104
51 105
51 70
51 106
51 72
51 117
51 122
51 75
52 76
52 107
52 79
52 80
52 118
52 108
52 109
52 84
52 111
52 87
52 89
52 90
52 120
52 92
52 94
52 95
52 127
52 55
52 57
52 59
52 98
52 99
52 63
52 64
52 66
52 102
52 103
52 104
52 69
52 105
52 70
52 71
52 106
52 72
52 122
52 125
53 77
53 79
53 118
53 81
53 82
53 83
53 110
53 84
53 85
53 86
53 119
53 112
53 90
53 92
53 114
53 93
53 115
53 126
53 127
53 54
53 56
53 57
53 59
53 124
53 97
53 61
53 99
53 63
53 66
53 67
53 68
53 102
53 104
53 70
53 72
53 73
53 122
53 74
53 75
54 107
54 80
54 118
54 108
54 109
54 83
54 110
54 84
54 86
54 119
54 111
54 87
54 88
54 89
54 112
54 90
54 123
54 91
54 115
54 94
54 126
54 95
54 127
54 55
54 58
54 59
54 96
54 124
54 97
54 98
54 121
54 116
54 62
54 99
54 64
54 100
54 67
54 101
54 68
54 103
54 104
54 71
54 73
54 117
54 74
55 76
55 77
55 107
55 80
55 108
55 109
55 83
55 84
55 86
55 89
55 112
55 90
55 93
55 115
55 56
55 96
55 98
55 121
55 66
55 67
55 68
55 69
55 105
55 70
55 71
55 106
55 72
55 73
55 122
55 74
55 75
55 97
55 103
55 113
56 77
56 107
56 81
56 82
56 83
56 110
56 86
56 119
56 111
56 87
56 88
56 89
56 112
56 113
56 126
56 95
56 127
56 58
56 96
56 124
56 97
56 121
56 61
56 62
56 64
56 65
56 100
56 67
56 68
56 102
56 105
56 70
56 72
56 73
56 122
56 125
56 75
57 80
57 118
57 82
57 109
57 84
57 85
57 119
57 111
57 88
57 89
57 112
57 113
57 120
57 93
57 95
57 127
57 58
57 60
57 96
57 98
57 121
57 61
57 62
57 66
57 67
57 68
57 103
57 69
57 105
57 71
57 72
57 73
57 122
57 74
57 125
57 75
58 76
58 78
58 107
58 81
58 108
58 110
58 111
58 87
58 89
58 90
58 120
58 123
58 91
58 95
58 59
58 116
58 61
58 99
58 65
58 101
58 68
58 103
58 105
58 70
58 106
58 122
58 74
59 76
59 77
59 78
59 107
59 118
59 81
59 110
59 86
59 119
59 111
59 88
59 89
59 112
59 90
59 113
59 120
59 123
59 114
59 93
59 115
59 94
59 126
59 60
59 98
59 121
59 116
59 99
59 65
59 66
59 67
59 101
59 68
59 102
59 103
59 69
59 105
59 72
59 73
59 117
59 122
59 74
59 125
60 77
60 79
60 118
60 109
60 83
60 110
60 84
60 85
60 86
60 119
60 87
60 88
60 89
60 90
60 113
60 123
60 92
60 94
60 126
60 95
60 127
60 96
60 124
60 98
60 121
60 116
60 61
60 99
60 65
60 100
60 68
60 102
60 105
60 71
60 72
60 73
60 117
60 122
60 75
61 76
61 77
61 81
61 82
61 86
61 119
61 87
61 88
61 112
61 90
61 113
61 120
61 114
61 93
61 115
61 126
61 95
61 127
61 96
61 97
61 98
61 116
61 65
61 100
61 68
61 70
61 72
61 73
61 122
61 75
62 79
62 118
62 108
62 82
62 110
62 84
62 85
62 111
62 112
62 90
62 113
62 120
62 92
62 93
62 115
62 127
62 96
62 124
62 97
62 121
62 65
62 66
62 67
62 102
62 104
62 69
62 70
62 71
62 117
62 122
62 74
63 76
63 78
63 107
63 79
63 80
63 81
63 108
63 110
63 85
63 86
63 119
63 111
63 89
63 90
63 113
63 123
63 91
63 92
63 94
63 126
63 96
63 124
63 97
63 121
63 99
63 64
63 65
63 100
63 66
63 104
63 69
63 105
63 70
63 73
63 117
63 122
63 74
63 75
64 76
64 77
64 78
64 107
64 79
64 80
64 108
64 83
64 85
64 86
64 87
64 88
64 89
64 113
64 123
64 92
64 114
64 93
64 115
64 126
64 127
64 97
64 98
64 121
64 116
64 65
64 100
64 66
64 102
64 103
64 69
64 105
64 106
64 72
64 117
64 74
64 125
64 75
65 77
65 107
65 80
65 108
65 82
65 83
65 110
65 84
65 85
65 119
65 88
65 89
65 112
65 120
65 123
65 91
65 94
65 127
65 97
65 98
65 121
65 116
65 100
65 101
65 102
65 104
65 69
65 105
65 71
65 73
65 122
65 74
66 109
66 110
66 85
66 111
66 112
66 90
66 113
66 120
66 123
66 94
66 96
66 124
66 99
66 100
66 102
66 103
66 70
66 106
66 73
66 117
66 122
66 74
67 77
67 107
67 79
67 118
67 110
67 111
67 87
67 88
67 112
67 90
67 91
67 92
67 114
67 126
67 127
67 96
67 97
67 116
67 68
67 103
67 71
67 106
67 72
67 73
67 117
67 74
67 125
67 75
68 76
68 77
68 78
68 107
68 108
68 82
68 109
68 83
68 110
68 119
68 87
68 88
68 113
68 120
68 123
68 92
68 115
68 95
68 96
68 97
68 116
68 101
68 104
68 69
68 105
68 70
68 71
68 73
68 117
68 74
69 76
69 107
69 79
69 82
69 109
69 83
69 110
69 84
69 88
69 120
69 114
69 93
69 115
69 126
69 124
69 121
69 116
69 101
69 102
69 103
69 104
69 71
69 117
69 122
69 74
69 75
70 76
70 77
70 78
70 107
70 80
70 81
70 108
70 82
70 83
70 110
70 87
70 89
70 112
70 113
70 123
70 91
70 114
70 115
70 126
70 95
70 98
70 103
70 104
70 71
70 73
70 74
70 125
71 76
71 78
71 107
71 118
71 81
71 108
71 109
71 110
71 84
71 112
71 120
71 123
71 91
71 93
71 94
71 126
71 127
71 124
71 121
71 116
71 99
71 100
71 102
71 103
71 72
71 73
71 117
71 125
71 75
72 76
72 77
72 78
72 107
72 118
72 82
72 109
72 85
72 119
72 111
72 87
72 120
72 123
72 92
72 93
72 115
72 95
72 127
72 124
72 97
72 98
72 116
72 103
72 106
72 122
72 74
72 125
72 75
73 77
73 78
73 107
73 80
73 82
73 110
73 84
73 89
73 112
73 90
73 113
73 91
73 115
73 94
73 126
73 95
73 127
73 96
73 124
73 97
73 98
73 121
73 101
73 102
73 106
73 117
73 122
73 74
73 103
74 76
74 78
74 107
74 80
74 118
74 81
74 108
74 109
74 110
74 85
74 86
74 111
74 88
74 112
74 90
74 123
74 91
74 92
74 114
74 94
74 95
74 96
74 97
74 98
74 121
74 101
74 104
74 106
74 117
74 122
75 77
75 79
75 80
75 108
75 109
75 83
75 119
75 111
75 87
75 89
75 112
75 90
75 92
75 114
75 93
75 115
75 94
75 126
75 95
75 96
75 124
75 98
75 116
75 101
75 102
75 106
75 117
75 125
76 77
76 79
76 80
76 118
76 81
76 85
76 119
76 111
76 88
76 89
76 112
76 123
76 115
76 126
76 96
76 98
76 121
76 116
76 99
76 102
76 117
76 122
76 125
77 79
77 80
77 118
77 81
77 108
77 82
77 84
77 85
77 86
77 119
77 88
77 112
77 90
77 113
77 120
77 92
77 114
77 93
77 95
77 96
77 97
77 98
77 116
77 100
77 105
77 106
78 79
78 81
78 119
78 111
78 113
78 123
78 126
78 96
78 98
78 99
78 117
78 122
78 125
78 107
78 108
78 82
78 109
78 110
78 86
78 87
78 90
78 120
78 114
78 93
78 94
78 95
78 100
78 101
78 105
78 106
79 83
79 110
79 84
79 85
79 119
79 111
79 88
79 89
79 90
79 120
79 123
79 114
79 126
79 127
79 124
79 98
79 116
79 99
79 101
79 102
79 103
79 106
79 117
79 122
79 125
80 118
80 108
80 84
80 89
80 90
80 120
80 123
80 115
80 124
80 116
80 99
80 103
80 104
80 105
80 122
80 106
80 98
80 121
80 97
80 113
81 118
81 108
81 109
81 110
81 84
81 119
81 111
81 88
81 113
81 91
81 114
81 93
81 126
81 95
81 127
81 97
81 99
81 100
81 103
81 105
81 106
81 125
82 119
82 111
82 88
82 89
82 112
82 123
82 126
82 96
82 98
82 102
82 125
82 83
82 84
82 87
82 93
82 94
82 95
82 97
82 100
82 101
82 103
82 104
82 105
83 118
83 111
83 113
83 123
83 115
83 121
83 116
83 102
83 122
83 107
83 108
83 109
83 110
83 84
83 87
83 90
83 91
83 92
83 114
83 93
83 94
83 95
83 127
83 124
83 105
83 106
84 119
84 111
84 89
84 126
84 122
84 125
84 108
84 110
84 114
84 93
84 94
84 124
84 100
84 101
84 103
84 106
85 107
85 109
85 110
85 86
85 119
85 111
85 87
85 88
85 89
85 112
85 113
85 120
85 93
85 115
85 126
85 95
85 124
85 97
85 98
85 121
85 100
85 103
85 105
85 122
86 119
86 112
86 123
86 115
86 98
86 121
86 116
86 99
86 102
86 117
86 107
86 108
86 109
86 87
86 120
86 92
86 114
86 93
86 94
86 95
86 97
86 101
86 105
86 106
87 118
87 111
87 88
87 123
87 116
87 117
87 125
87 109
87 90
87 92
87 114
87 94
87 127
87 100
87 101
87 104
87 105
88 111
88 110
88 112
88 90
88 120
88 91
88 114
88 93
88 94
88 95
88 100
88 103
88 105
88 125
89 108
89 110
89 113
89 120
89 123
89 92
89 115
89 124
89 116
89 99
89 100
89 101
89 102
89 103
89 106
90 118
90 119
90 111
90 112
90 113
90 115
90 99
90 102
90 122
90 107
90 108
90 93
90 95
91 119
91 111
91 112
91 113
91 116
91 99
91 117
91 108
91 109
91 93
91 124
91 104
91 105
91 106
92 118
92 115
92 96
92 98
92 102
92 122
92 125
92 108
92 109
92 110
92 120
92 114
92 93
92 94
92 95
92 127
92 124
92 100
92 105
92 106
93 118
93 126
93 98
93 99
93 108
93 120
93 103
93 106
94 118
94 111
94 112
94 113
94 126
94 96
94 98
94 116
94 102
94 117
94 122
94 108
94 109
94 120
94 127
94 124
94 97
94 101
94 104
95 126
95 96
95 117
95 122
95 107
95 114
95 124
95 101
95 106
96 118
96 119
96 111
96 112
96 113
96 126
96 107
96 108
96 109
96 110
96 114
96 127
96 124
96 98
96 121
96 102
96 103
96 104
96 105
96 106
96 122
96 125
97 111
97 115
97 98
97 99
97 102
97 117
97 107
97 108
97 120
97 127
97 101
97 104
97 106
97 121
97 122
97 103
97 113
98 111
98 112
98 123
98 115
98 107
98 108
98 110
98 120
98 127
98 124
98 121
98 116
98 101
98 103
98 105
98 106
98 122
98 113
99 119
99 111
99 123
99 126
99 116
99 108
99 120
99 114
99 127
99 101
99 102
99 103
99 104
99 105
99 125
100 111
100 115
100 126
100 116
100 117
100 125
100 108
100 109
100 110
100 120
100 114
100 124
100 106
101 119
101 111
101 113
101 123
101 121
101 122
101 107
101 108
101 109
101 110
101 114
101 103
101 106
102 118
102 111
102 115
102 126
102 121
102 108
102 120
102 127
102 124
102 104
103 118
103 112
103 123
103 126
103 122
103 125
103 107
103 120
103 114
103 105
103 106
103 115
103 121
103 113
104 119
104 113
104 123
104 126
104 122
104 108
104 127
104 124
105 111
105 113
105 115
105 126
105 121
105 117
105 122
105 107
105 108
105 110
105 120
106 119
106 115
106 126
106 121
106 116
106 122
106 125
106 107
106 108
106 110
106 120
106 114
106 124
106 113
107 111
107 115
107 126
107 116
107 125
107 114
107 109
107 124
108 119
108 111
108 112
108 115
108 126
108 121
108 117
108 125
108 109
108 110
108 120
109 113
109 123
109 115
109 126
109 121
109 110
109 127
109 124
110 119
110 111
110 115
110 121
110 116
110 117
110 122
110 125
110 114
110 127
110 124
111 119
111 112
111 113
111 115
111 126
111 121
111 116
111 117
111 125
112 118
112 113
112 120
112 127
112 124
112 122
112 125
113 120
113 114
113 115
113 126
113 121
113 122
114 118
114 123
114 115
114 126
114 116
114 117
115 119
115 123
115 126
115 124
115 121
115 116
115 117
115 122
116 118
116 119
116 120
116 122
117 118
117 123
117 121
117 120
117 127
117 124
117 125
118 119
118 120
118 126
118 127
118 125
119 123
119 121
119 122
120 126
120 127
120 124
121 124
121 122
121 125
122 123
122 127
123 127
124 126
124 125
125 127
126 127
