0 1
0 2
0 3
0 4
0 5
0 6
0 7
0 8
0 9
0 10
0 11
0 12
0 13
0 14
0 15
0 16
0 17
0 18
0 19
0 20
0 21
0 22
0 23
0 24
0 25
0 26
0 27
0 28
0 29
0 30
0 31
0 32
0 33
0 34
0 35
0 36
0 37
0 38
0 39
0 40
0 41
0 42
0 43
0 44
0 45
0 46
0 47
0 48
0 49
0 50
0 51
0 52
0 53
0 54
0 55
0 56
0 57
0 58
0 59
0 60
0 61
0 62
0 63
0 64
0 65
0 66
0 67
1 68
1 2
1 5
1 6
1 7
1 69
1 70
1 8
1 71
1 11
1 72
1 17
1 18
1 19
1 73
1 21
1 22
1 25
1 74
1 27
1 28
1 75
1 31
1 32
1 76
1 77
1 33
1 34
1 78
1 79
1 37
1 80
1 39
1 40
1 41
1 43
1 44
1 81
1 46
1 47
1 51
1 53
1 82
1 83
1 84
1 85
1 86
1 87
1 57
1 59
1 88
1 60
1 61
1 62
1 63
1 65
1 67
2 4
2 5
2 6
2 89
2 8
2 90
2 10
2 91
2 13
2 92
2 16
2 18
2 21
2 22
2 93
2 94
2 24
2 27
2 29
2 31
2 33
2 34
2 78
2 95
2 96
2 36
2 38
2 39
2 41
2 42
2 43
2 44
2 81
2 46
2 97
2 98
2 47
2 48
2 99
2 100
2 49
2 50
2 101
2 52
2 53
2 83
2 84
2 54
2 85
2 86
2 55
2 56
2 57
2 58
2 59
2 61
2 62
2 64
2 65
2 66
2 102
3 5
3 6
3 7
3 103
3 104
3 8
3 71
3 105
3 106
3 10
3 91
3 12
3 107
3 14
3 15
3 16
3 17
3 108
3 20
3 73
3 21
3 93
3 74
3 109
3 28
3 29
3 30
3 110
3 76
3 77
3 33
3 34
3 78
3 35
3 36
3 37
3 111
3 80
3 43
3 81
3 45
3 112
3 46
3 98
3 48
3 99
3 100
3 82
3 84
3 54
3 113
3 114
3 55
3 115
3 56
3 57
3 116
3 117
3 118
3 119
3 88
3 62
3 64
3 65
3 66
4 120
4 121
4 5
4 103
4 104
4 71
4 90
4 91
4 11
4 13
4 92
4 15
4 16
4 17
4 18
4 19
4 122
4 21
4 22
4 93
4 25
4 109
4 30
4 31
4 32
4 33
4 34
4 79
4 96
4 37
4 123
4 80
4 39
4 40
4 41
4 42
4 43
4 44
4 112
4 97
4 98
4 99
4 50
4 101
4 84
4 85
4 86
4 113
4 114
4 87
4 56
4 124
4 57
4 116
4 59
4 119
4 88
4 61
4 63
4 65
4 67
5 68
5 104
5 70
5 8
5 71
5 105
5 9
5 90
5 13
5 107
5 92
5 15
5 16
5 108
5 73
5 122
5 21
5 94
5 24
5 26
5 125
5 27
5 28
5 31
5 32
5 33
5 37
5 38
5 123
5 41
5 44
5 45
5 97
5 48
5 99
5 50
5 101
5 51
5 53
5 84
5 85
5 114
5 115
5 87
5 124
5 117
5 118
5 59
5 60
5 61
5 62
5 65
6 120
6 121
6 7
6 103
6 70
6 8
6 90
6 106
6 10
6 91
6 11
6 107
6 72
6 15
6 16
6 18
6 122
6 22
6 93
6 25
6 27
6 28
6 30
6 31
6 32
6 77
6 33
6 34
6 35
6 79
6 95
6 36
6 37
6 38
6 123
6 111
6 40
6 42
6 81
6 45
6 46
6 98
6 49
6 101
6 51
6 52
6 82
6 83
6 54
6 85
6 86
6 114
6 87
6 56
6 58
6 116
6 118
6 60
6 61
6 62
6 63
6 65
6 66
6 102
6 67
7 120
7 89
7 104
7 69
7 70
7 12
7 107
7 15
7 16
7 17
7 20
7 122
7 21
7 22
7 25
7 26
7 125
7 126
7 34
7 78
7 79
7 95
7 96
7 36
7 38
7 40
7 41
7 42
7 45
7 97
7 99
7 50
7 101
7 82
7 85
7 86
7 113
7 87
7 59
7 119
7 61
7 102
7 67
8 68
8 103
8 89
8 104
8 69
8 105
8 106
8 11
8 72
8 92
8 14
8 15
8 16
8 17
8 19
8 73
8 21
8 22
8 93
8 94
8 24
8 26
8 74
8 109
8 27
8 126
8 75
8 32
8 76
8 34
8 35
8 79
8 96
8 37
8 38
8 123
8 80
8 40
8 41
8 43
8 44
8 81
8 97
8 47
8 48
8 100
8 49
8 50
8 101
8 52
8 82
8 86
8 114
8 55
8 87
8 124
8 57
8 116
8 117
8 119
8 63
8 64
8 67
9 68
9 121
9 103
9 104
9 69
9 70
9 127
9 106
9 11
9 92
9 14
9 15
9 18
9 19
9 21
9 22
9 23
9 25
9 74
9 109
9 27
9 28
9 110
9 31
9 76
9 33
9 34
9 95
9 96
9 36
9 38
9 111
9 39
9 41
9 44
9 45
9 112
9 46
9 99
9 51
9 53
9 113
9 114
9 55
9 115
9 56
9 124
9 116
9 117
9 119
9 60
9 62
9 66
10 120
10 89
10 69
10 91
10 13
10 107
10 92
10 14
10 17
10 21
10 22
10 23
10 74
10 27
10 75
10 110
10 32
10 77
10 33
10 34
10 35
10 79
10 37
10 38
10 123
10 111
10 80
10 39
10 41
10 42
10 43
10 81
10 45
10 112
10 97
10 98
10 47
10 49
10 52
10 82
10 83
10 54
10 85
10 86
10 87
10 124
10 57
10 117
10 118
10 59
10 88
10 66
10 102
10 67
10 50
10 60
10 70
10 116
10 127
10 40
10 78
10 115
11 121
11 103
11 89
11 69
11 71
11 105
11 72
11 14
11 15
11 19
11 20
11 122
11 22
11 94
11 74
11 109
11 29
11 77
11 78
11 35
11 79
11 95
11 96
11 36
11 37
11 123
11 80
11 81
11 112
11 46
11 97
11 48
11 50
11 101
11 83
11 54
11 85
11 87
11 124
11 58
11 117
11 118
11 59
11 62
11 63
11 64
11 66
12 68
12 103
12 89
12 104
12 69
12 70
12 71
12 105
12 90
12 13
12 107
12 72
12 14
12 15
12 16
12 18
12 19
12 20
12 122
12 22
12 94
12 24
12 25
12 27
12 126
12 29
12 75
12 30
12 110
12 32
12 77
12 33
12 34
12 78
12 95
12 37
12 111
12 39
12 47
12 48
12 99
12 49
12 51
12 83
12 114
12 55
12 115
12 58
12 116
12 117
12 118
12 59
12 88
12 61
12 62
12 63
12 102
13 103
13 89
13 69
13 70
13 105
13 127
13 15
13 73
13 21
13 23
13 94
13 26
13 74
13 125
13 109
13 27
13 126
13 29
13 110
13 76
13 34
13 78
13 79
13 95
13 37
13 123
13 80
13 40
13 43
13 44
13 45
13 112
13 46
13 97
13 98
13 47
13 49
13 50
13 86
13 113
13 115
13 87
13 56
13 124
13 57
13 58
13 116
13 117
13 118
13 119
13 88
13 60
13 61
13 62
13 63
13 65
13 66
13 67
13 38
13 77
13 81
14 68
14 121
14 103
14 104
14 69
14 127
14 90
14 72
14 16
14 17
14 108
14 73
14 122
14 23
14 94
14 24
14 27
14 28
14 29
14 110
14 31
14 32
14 76
14 33
14 78
14 35
14 96
14 36
14 37
14 123
14 40
14 41
14 44
14 46
14 48
14 99
14 49
14 101
14 53
14 113
14 55
14 87
14 57
14 58
14 116
14 59
14 119
14 60
14 64
14 102
14 67
15 120
15 121
15 103
15 69
15 70
15 71
15 127
15 90
15 106
15 91
15 16
15 17
15 108
15 20
15 122
15 21
15 22
15 23
15 93
15 24
15 26
15 109
15 27
15 126
15 75
15 110
15 31
15 32
15 77
15 35
15 95
15 96
15 37
15 38
15 80
15 39
15 40
15 43
15 81
15 45
15 98
15 47
15 100
15 52
15 53
15 83
15 84
15 85
15 86
15 113
15 55
15 115
15 87
15 124
15 57
15 116
15 118
15 59
15 119
15 62
15 63
15 64
15 67
16 89
16 104
16 69
16 70
16 71
16 105
16 90
16 91
16 107
16 72
16 20
16 73
16 122
16 21
16 23
16 26
16 109
16 29
16 75
16 110
16 32
16 76
16 33
16 34
16 78
16 79
16 95
16 38
16 123
16 80
16 39
16 40
16 112
16 46
16 97
16 47
16 48
16 99
16 100
16 49
16 50
16 51
16 53
16 82
16 84
16 86
16 114
16 55
16 87
16 124
16 57
16 59
16 119
16 88
16 62
16 63
16 64
17 103
17 89
17 71
17 127
17 90
17 106
17 72
17 108
17 22
17 94
17 25
17 26
17 74
17 109
17 126
17 28
17 75
17 32
17 77
17 33
17 34
17 78
17 35
17 36
17 38
17 123
17 80
17 42
17 43
17 81
17 48
17 100
17 50
17 82
17 84
17 54
17 85
17 114
17 87
17 58
17 116
17 117
17 118
17 59
17 62
17 64
17 65
17 102
18 120
18 121
18 103
18 89
18 71
18 127
18 106
18 72
18 108
18 20
18 122
18 93
18 94
18 24
18 25
18 126
18 29
18 75
18 30
18 110
18 31
18 32
18 76
18 34
18 78
18 35
18 79
18 95
18 96
18 37
18 80
18 39
18 40
18 41
18 43
18 44
18 81
18 45
18 51
18 53
18 82
18 83
18 85
18 86
18 55
18 87
18 56
18 124
18 57
18 117
18 119
18 88
18 62
18 63
18 64
18 65
18 66
18 102
18 67
19 68
19 120
19 121
19 89
19 69
19 70
19 71
19 127
19 106
19 91
19 92
19 73
19 21
19 22
19 93
19 24
19 25
19 26
19 74
19 125
19 27
19 28
19 29
19 110
19 76
19 77
19 34
19 35
19 79
19 95
19 96
19 36
19 37
19 39
19 41
19 42
19 44
19 81
19 46
19 97
19 48
19 100
19 49
19 53
19 54
19 86
19 114
19 55
19 124
19 57
19 117
19 119
19 88
19 60
19 61
19 62
19 65
19 66
19 102
19 67
20 68
20 103
20 104
20 69
20 70
20 71
20 91
20 73
20 122
20 22
20 93
20 25
20 26
20 74
20 125
20 29
20 30
20 110
20 32
20 77
20 33
20 34
20 96
20 111
20 40
20 43
20 44
20 45
20 46
20 97
20 47
20 51
20 52
20 82
20 83
20 84
20 54
20 86
20 55
20 115
20 87
20 56
20 117
20 59
20 60
20 61
20 65
20 102
21 68
21 120
21 121
21 103
21 89
21 70
21 71
21 91
21 107
21 72
21 22
21 23
21 93
21 94
21 24
21 25
21 74
21 28
21 29
21 75
21 30
21 110
21 31
21 32
21 76
21 33
21 78
21 35
21 79
21 95
21 96
21 39
21 40
21 41
21 42
21 45
21 97
21 99
21 49
21 50
21 101
21 51
21 53
21 54
21 85
21 86
21 114
21 115
21 87
21 58
21 116
21 117
21 59
21 119
21 60
21 63
21 67
22 103
22 89
22 104
22 71
22 127
22 92
22 108
22 74
22 29
22 75
22 30
22 31
22 32
22 33
22 95
22 96
22 36
22 37
22 111
22 80
22 40
22 41
22 44
22 81
22 45
22 112
22 46
22 48
22 100
22 49
22 50
22 101
22 53
22 82
22 83
22 84
22 86
22 113
22 55
22 115
22 56
22 57
22 58
22 118
22 119
22 60
22 63
22 66
23 68
23 121
23 89
23 104
23 70
23 105
23 127
23 90
23 91
23 108
23 73
23 122
23 94
23 25
23 26
23 27
23 126
23 28
23 29
23 30
23 31
23 76
23 77
23 33
23 78
23 35
23 95
23 96
23 37
23 80
23 39
23 40
23 41
23 43
23 44
23 81
23 45
23 112
23 97
23 48
23 99
23 49
23 50
23 101
23 51
23 52
23 82
23 83
23 113
23 55
23 87
23 57
23 116
23 118
23 60
23 61
23 63
23 64
23 102
23 115
23 47
23 38
24 68
24 121
24 71
24 105
24 127
24 90
24 91
24 107
24 72
24 92
24 93
24 94
24 25
24 126
24 28
24 29
24 30
24 110
24 32
24 33
24 34
24 79
24 96
24 37
24 123
24 111
24 80
24 42
24 43
24 45
24 46
24 97
24 98
24 48
24 99
24 49
24 50
24 101
24 82
24 83
24 84
24 85
24 86
24 113
24 114
24 115
24 124
24 58
24 116
24 117
24 88
24 61
24 64
24 66
25 103
25 89
25 127
25 91
25 73
25 94
25 26
25 109
25 126
25 29
25 75
25 76
25 34
25 78
25 35
25 96
25 39
25 43
25 97
25 98
25 47
25 53
25 82
25 85
25 113
25 114
25 55
25 115
25 87
25 124
25 116
25 117
25 118
25 59
25 61
25 62
25 63
25 64
25 65
25 66
26 68
26 120
26 89
26 104
26 69
26 105
26 90
26 106
26 107
26 92
26 108
26 73
26 93
26 94
26 125
26 28
26 75
26 32
26 77
26 78
26 35
26 95
26 96
26 37
26 39
26 81
26 46
26 97
26 98
26 82
26 84
26 86
26 113
26 114
26 115
26 56
26 124
26 57
26 58
26 117
26 119
26 88
26 60
26 61
26 62
26 63
26 67
27 68
27 120
27 104
27 69
27 70
27 71
27 105
27 127
27 90
27 106
27 107
27 108
27 73
27 94
27 74
27 109
27 28
27 77
27 33
27 34
27 96
27 36
27 111
27 80
27 40
27 41
27 42
27 44
27 81
27 97
27 48
27 99
27 50
27 51
27 52
27 82
27 83
27 85
27 114
27 55
27 87
27 58
27 118
27 59
27 119
27 88
27 60
27 62
27 102
28 68
28 121
28 104
28 105
28 92
28 109
28 126
28 29
28 75
28 110
28 31
28 77
28 78
28 35
28 79
28 36
28 37
28 39
28 40
28 45
28 46
28 99
28 49
28 51
28 82
28 83
28 84
28 85
28 114
28 55
28 56
28 124
28 116
28 118
28 59
28 119
28 88
28 60
28 63
28 65
28 66
28 102
29 120
29 103
29 104
29 69
29 71
29 106
29 91
29 92
29 108
29 73
29 122
29 93
29 74
29 75
29 30
29 110
29 31
29 77
29 33
29 78
29 35
29 95
29 96
29 111
29 80
29 39
29 40
29 43
29 44
29 81
29 112
29 46
29 97
29 98
29 48
29 49
29 50
29 101
29 53
29 82
29 83
29 84
29 113
29 114
29 55
29 56
29 57
29 116
29 117
29 59
29 119
29 88
29 60
29 62
29 63
29 65
29 66
29 67
30 68
30 120
30 103
30 104
30 71
30 105
30 107
30 72
30 92
30 122
30 93
30 94
30 125
30 109
30 77
30 33
30 35
30 79
30 96
30 123
30 111
30 41
30 42
30 44
30 99
30 100
30 101
30 53
30 85
30 86
30 113
30 55
30 56
30 124
30 58
30 116
30 118
30 60
30 62
30 64
30 65
30 66
31 68
31 120
31 121
31 103
31 89
31 104
31 69
31 70
31 71
31 127
31 90
31 106
31 91
31 72
31 92
31 108
31 73
31 122
31 93
31 94
31 125
31 126
31 75
31 110
31 32
31 77
31 34
31 78
31 35
31 79
31 96
31 36
31 37
31 123
31 80
31 39
31 40
31 41
31 42
31 43
31 46
31 97
31 48
31 99
31 52
31 53
31 83
31 85
31 86
31 113
31 114
31 87
31 56
31 58
31 116
31 117
31 118
31 59
31 60
31 62
31 63
31 65
31 66
31 67
32 68
32 103
32 89
32 104
32 105
32 90
32 108
32 73
32 122
32 94
32 109
32 126
32 34
32 79
32 95
32 36
32 37
32 38
32 111
32 80
32 39
32 40
32 45
32 97
32 98
32 47
32 99
32 100
32 50
32 101
32 51
32 52
32 53
32 83
32 55
32 56
32 124
32 58
32 116
32 118
32 59
32 119
32 88
32 60
32 61
32 63
32 64
32 66
32 102
33 68
33 120
33 104
33 69
33 70
33 105
33 90
33 106
33 92
33 93
33 74
33 125
33 109
33 126
33 75
33 76
33 79
33 95
33 37
33 123
33 39
33 41
33 42
33 44
33 81
33 46
33 98
33 47
33 48
33 49
33 50
33 101
33 51
33 82
33 84
33 54
33 85
33 113
33 115
33 87
33 56
33 124
33 57
33 116
33 118
33 59
33 119
33 60
33 61
33 63
34 69
34 90
34 91
34 107
34 108
34 122
34 125
34 126
34 77
34 78
34 35
34 123
34 80
34 40
34 42
34 43
34 45
34 97
34 47
34 100
34 49
34 50
34 51
34 82
34 84
34 54
34 86
34 113
34 57
34 88
34 60
34 61
34 63
34 65
34 102
35 120
35 121
35 89
35 69
35 71
35 105
35 106
35 107
35 108
35 73
35 122
35 93
35 94
35 109
35 126
35 75
35 77
35 78
35 95
35 36
35 37
35 38
35 123
35 111
35 39
35 40
35 43
35 44
35 45
35 112
35 47
35 99
35 84
35 85
35 113
35 115
35 56
35 124
35 57
35 58
35 117
35 118
35 60
35 62
35 63
35 65
35 66
35 102
35 67
36 121
36 89
36 69
36 70
36 105
36 127
36 106
36 91
36 92
36 108
36 73
36 122
36 93
36 94
36 109
36 126
36 78
36 79
36 95
36 96
36 37
36 111
36 40
36 41
36 42
36 43
36 112
36 46
36 97
36 98
36 48
36 49
36 50
36 52
36 53
36 85
36 86
36 113
36 55
36 56
36 124
36 57
36 117
36 59
36 62
36 102
36 67
37 120
37 121
37 69
37 70
37 71
37 105
37 127
37 90
37 106
37 72
37 73
37 122
37 94
37 74
37 125
37 109
37 75
37 76
37 78
37 95
37 96
37 41
37 42
37 43
37 44
37 81
37 46
37 97
37 48
37 100
37 49
37 101
37 82
37 83
37 85
37 86
37 114
37 87
37 56
37 57
37 58
37 117
37 118
37 62
37 64
37 65
38 120
38 121
38 104
38 69
38 71
38 127
38 90
38 106
38 91
38 107
38 122
38 94
38 110
38 76
38 77
38 40
38 41
38 44
38 81
38 97
38 98
38 99
38 100
38 49
38 51
38 52
38 84
38 86
38 55
38 115
38 87
38 116
38 63
38 64
38 65
38 67
38 50
38 60
38 70
38 80
38 78
38 43
38 57
38 47
39 68
39 120
39 104
39 70
39 105
39 106
39 72
39 92
39 125
39 126
39 75
39 110
39 78
39 79
39 111
39 43
39 45
39 46
39 97
39 98
39 99
39 100
39 49
39 101
39 51
39 53
39 82
39 83
39 55
39 115
39 56
39 58
39 118
39 60
39 61
39 62
39 64
39 65
40 68
40 120
40 121
40 103
40 89
40 104
40 69
40 70
40 105
40 127
40 106
40 107
40 122
40 93
40 109
40 110
40 76
40 78
40 123
40 80
40 41
40 42
40 43
40 112
40 97
40 47
40 48
40 100
40 50
40 101
40 53
40 84
40 116
40 118
40 59
40 88
40 60
40 61
40 62
40 65
40 115
40 57
40 77
40 81
40 49
41 68
41 120
41 121
41 103
41 69
41 71
41 105
41 127
41 90
41 107
41 74
41 125
41 109
41 126
41 110
41 77
41 78
41 79
41 95
41 96
41 42
41 43
41 112
41 98
41 48
41 100
41 49
41 50
41 101
41 52
41 85
41 86
41 113
41 114
41 55
41 87
41 56
41 57
41 58
41 117
41 119
41 88
41 60
41 61
41 62
41 64
41 65
41 66
41 102
41 67
42 120
42 103
42 104
42 69
42 70
42 71
42 105
42 127
42 91
42 107
42 73
42 93
42 74
42 125
42 109
42 126
42 79
42 123
42 111
42 45
42 46
42 97
42 98
42 47
42 48
42 101
42 52
42 83
42 85
42 55
42 115
42 87
42 56
42 124
42 116
42 118
42 59
42 60
42 61
42 62
42 63
42 65
42 102
43 68
43 121
43 89
43 104
43 69
43 70
43 71
43 105
43 127
43 91
43 92
43 122
43 93
43 94
43 109
43 75
43 110
43 76
43 77
43 78
43 79
43 95
43 123
43 111
43 45
43 112
43 47
43 48
43 51
43 82
43 84
43 54
43 113
43 114
43 57
43 58
43 116
43 117
43 61
43 62
43 63
43 65
43 66
43 50
43 60
43 80
43 115
43 97
43 81
43 49
44 89
44 104
44 69
44 70
44 127
44 107
44 72
44 73
44 94
44 109
44 126
44 79
44 96
44 111
44 46
44 47
44 48
44 50
44 52
44 84
44 115
44 56
44 124
44 57
44 116
44 59
44 119
44 88
44 60
44 61
44 62
44 64
45 68
45 120
45 121
45 103
45 70
45 71
45 105
45 90
45 106
45 107
45 72
45 92
45 108
45 73
45 122
45 94
45 125
45 75
45 77
45 96
45 123
45 111
45 80
45 48
45 99
45 100
45 49
45 51
45 52
45 53
45 82
45 83
45 84
45 85
45 113
45 114
45 55
45 87
45 58
45 117
45 118
45 119
45 61
45 62
45 67
46 120
46 104
46 70
46 105
46 106
46 92
46 94
46 74
46 78
46 96
46 111
46 81
46 48
46 50
46 101
46 51
46 52
46 53
46 82
46 85
46 114
46 115
46 56
46 57
46 116
46 117
46 119
46 61
46 62
46 67
47 68
47 103
47 127
47 106
47 91
47 107
47 72
47 108
47 122
47 94
47 74
47 75
47 76
47 78
47 79
47 95
47 123
47 112
47 48
47 49
47 50
47 52
47 82
47 114
47 55
47 115
47 56
47 124
47 57
47 116
47 117
47 118
47 60
47 61
47 62
47 64
47 102
47 70
47 80
47 97
47 77
47 81
48 68
48 89
48 104
48 69
48 70
48 71
48 127
48 106
48 91
48 72
48 73
48 122
48 93
48 94
48 74
48 109
48 126
48 75
48 76
48 78
48 111
48 80
48 98
48 100
48 49
48 50
48 101
48 83
48 114
48 115
48 56
48 58
48 116
48 117
48 118
48 63
48 64
48 65
48 66
48 67
49 68
49 89
49 70
49 71
49 105
49 90
49 122
49 74
49 125
49 75
49 110
49 79
49 123
49 81
49 98
49 50
49 101
49 51
49 52
49 53
49 83
49 86
49 114
49 87
49 58
49 59
49 60
49 61
49 62
49 63
49 64
49 65
49 102
49 80
49 116
49 127
49 78
49 115
49 57
49 97
49 77
50 68
50 89
50 104
50 69
50 70
50 105
50 127
50 106
50 91
50 107
50 72
50 92
50 73
50 122
50 94
50 74
50 125
50 109
50 75
50 110
50 76
50 78
50 96
50 123
50 111
50 80
50 81
50 97
50 98
50 99
50 52
50 53
50 84
50 54
50 85
50 113
50 55
50 124
50 57
50 58
50 116
50 117
50 118
50 119
50 60
50 63
50 64
50 66
50 102
50 67
50 115
50 77
51 120
51 104
51 70
51 105
51 127
51 106
51 91
51 72
51 92
51 93
51 94
51 126
51 75
51 95
51 111
51 81
51 112
51 99
51 101
51 83
51 85
51 115
51 87
51 56
51 57
51 58
51 59
51 119
51 60
51 62
51 66
51 102
51 67
52 121
52 89
52 104
52 70
52 90
52 106
52 91
52 107
52 108
52 94
52 74
52 109
52 126
52 76
52 77
52 95
52 123
52 111
52 80
52 97
52 53
52 82
52 83
52 54
52 85
52 114
52 115
52 87
52 56
52 124
52 57
52 117
52 59
52 61
52 63
52 64
52 102
52 67
53 120
53 106
53 91
53 107
53 72
53 92
53 108
53 73
53 93
53 74
53 109
53 126
53 110
53 79
53 96
53 123
53 112
53 97
53 99
53 100
53 101
53 82
53 83
53 54
53 86
53 114
53 55
53 87
53 56
53 57
53 116
53 118
53 59
53 119
53 88
53 62
53 63
53 65
53 102
54 121
54 103
54 104
54 70
54 127
54 91
54 107
54 72
54 122
54 94
54 109
54 126
54 75
54 76
54 78
54 79
54 95
54 80
54 112
54 98
54 100
54 83
54 84
54 85
54 113
54 114
54 87
54 56
54 57
54 117
54 118
54 59
54 88
54 61
54 62
54 63
54 64
54 65
54 102
54 67
55 120
55 103
55 89
55 69
55 71
55 127
55 90
55 106
55 91
55 72
55 92
55 73
55 122
55 74
55 125
55 109
55 126
55 110
55 96
55 81
55 97
55 98
55 100
55 101
55 83
55 84
55 85
55 87
55 124
55 57
55 58
55 116
55 117
55 118
55 59
55 60
55 61
55 63
55 64
55 65
55 66
55 102
56 68
56 121
56 103
56 89
56 70
56 90
56 106
56 91
56 73
56 94
56 74
56 109
56 126
56 75
56 77
56 78
56 95
56 111
56 80
56 112
56 99
56 82
56 83
56 85
56 86
56 113
56 115
56 87
56 57
56 116
56 117
56 59
56 64
56 66
57 68
57 89
57 69
57 127
57 90
57 91
57 107
57 73
57 93
57 109
57 126
57 110
57 78
57 123
57 111
57 98
57 100
57 82
57 83
57 84
57 113
57 87
57 58
57 117
57 60
57 63
57 66
57 70
57 80
57 116
57 115
57 97
57 77
57 81
58 120
58 103
58 89
58 70
58 71
58 106
58 91
58 107
58 72
58 92
58 73
58 125
58 109
58 110
58 79
58 95
58 96
58 81
58 97
58 100
58 82
58 83
58 85
58 86
58 113
58 114
58 115
58 124
58 59
58 119
58 60
58 62
58 63
58 64
58 65
58 66
58 102
58 67
59 68
59 120
59 89
59 71
59 105
59 91
59 107
59 72
59 92
59 73
59 122
59 93
59 94
59 74
59 125
59 110
59 76
59 78
59 96
59 123
59 80
59 97
59 98
59 99
59 84
59 85
59 86
59 113
59 114
59 116
59 117
59 118
59 119
59 88
59 60
59 61
59 63
59 64
59 65
59 66
59 67
60 121
60 89
60 104
60 69
60 70
60 127
60 90
60 72
60 92
60 108
60 73
60 74
60 126
60 110
60 77
60 78
60 111
60 80
60 112
60 97
60 98
60 99
60 113
60 115
60 87
60 124
60 116
60 117
60 118
60 119
60 88
60 61
60 66
60 81
61 68
61 120
61 121
61 103
61 70
61 105
61 127
61 90
61 106
61 92
61 108
61 73
61 122
61 93
61 126
61 110
61 76
61 77
61 95
61 123
61 111
61 80
61 81
61 98
61 99
61 101
61 82
61 84
61 85
61 86
61 87
61 124
61 117
61 62
61 64
62 103
62 89
62 69
62 105
62 90
62 72
62 92
62 108
62 122
62 74
62 109
62 126
62 75
62 110
62 78
62 123
62 112
62 98
62 99
62 101
62 82
62 84
62 85
62 86
62 114
62 115
62 87
62 63
62 64
62 66
62 102
63 68
63 120
63 89
63 71
63 105
63 127
63 91
63 107
63 72
63 92
63 122
63 93
63 74
63 125
63 109
63 126
63 75
63 76
63 96
63 97
63 99
63 100
63 82
63 83
63 85
63 114
63 87
63 116
63 117
63 118
63 102
63 67
64 120
64 121
64 103
64 89
64 69
64 106
64 92
64 108
64 122
64 74
64 125
64 126
64 76
64 77
64 79
64 95
64 96
64 123
64 111
64 80
64 98
64 99
64 82
64 85
64 114
64 87
64 118
64 119
64 66
65 121
65 89
65 104
65 70
65 106
65 91
65 72
65 122
65 109
65 77
65 78
65 79
65 95
65 96
65 123
65 80
65 112
65 99
65 100
65 101
65 85
65 113
65 114
65 124
65 119
65 66
65 102
65 67
66 68
66 121
66 103
66 104
66 70
66 71
66 127
66 90
66 106
66 91
66 72
66 122
66 94
66 74
66 125
66 109
66 76
66 77
66 95
66 96
66 111
66 80
66 99
66 100
66 82
66 83
66 84
66 86
66 113
66 114
66 115
66 87
66 116
66 117
66 118
66 119
67 68
67 120
67 103
67 104
67 69
67 70
67 71
67 105
67 127
67 106
67 107
67 92
67 73
67 94
67 74
67 109
67 110
67 76
67 95
67 96
67 123
67 111
67 80
67 81
67 98
67 99
67 100
67 101
67 82
67 84
67 85
67 124
67 116
67 118
67 119
67 88
68 120
68 89
68 104
68 69
68 105
68 127
68 90
68 91
68 107
68 72
68 92
68 108
68 73
68 122
68 94
68 74
68 109
68 126
68 78
68 79
68 95
68 123
68 81
68 112
68 98
68 100
68 84
68 85
68 86
68 113
68 114
68 124
68 117
68 119
68 88
69 89
69 104
69 103
69 70
69 71
69 106
69 91
69 92
69 94
69 74
69 75
69 78
69 79
69 95
69 111
69 80
69 112
69 99
69 100
69 82
69 85
69 113
69 115
69 124
69 116
69 117
70 120
70 127
70 72
70 109
70 126
70 78
70 123
70 98
70 100
70 85
70 86
70 113
70 114
70 124
70 119
70 93
70 110
70 76
70 77
70 80
70 99
70 101
70 83
70 115
70 87
70 116
70 102
70 97
70 81
71 107
71 72
71 73
71 122
71 123
71 81
71 112
71 98
71 100
71 84
71 86
71 113
71 114
71 88
71 103
71 106
71 125
71 110
71 96
71 80
71 99
71 101
71 82
71 83
71 115
71 116
71 118
71 102
72 104
72 90
72 91
72 107
72 92
72 108
72 122
72 94
72 74
72 125
72 110
72 76
72 79
72 96
72 123
72 112
72 98
72 82
72 83
72 85
72 114
72 124
72 116
72 117
72 119
72 102
73 89
73 105
73 90
73 91
73 107
73 122
73 93
73 94
73 74
73 125
73 109
73 126
73 75
73 78
73 79
73 96
73 98
73 99
73 82
73 84
73 86
73 115
73 116
73 117
73 119
73 102
74 89
74 90
74 122
74 121
74 125
74 109
74 110
74 77
74 78
74 95
74 123
74 112
74 98
74 99
74 100
74 101
74 85
74 114
74 115
74 117
74 118
74 88
75 89
75 105
75 127
75 122
75 126
75 78
75 79
75 81
75 112
75 84
75 113
75 114
75 117
75 119
75 88
75 121
75 93
75 125
75 110
75 76
75 96
75 111
75 97
75 99
75 82
75 83
75 87
75 116
75 118
76 120
76 89
76 90
76 91
76 107
76 92
76 108
76 122
76 109
76 123
76 112
76 98
76 84
76 114
76 117
76 119
76 93
76 125
76 110
76 77
76 96
76 111
76 80
76 101
76 82
76 83
76 115
76 116
76 102
77 107
77 94
77 123
77 112
77 98
77 100
77 86
77 117
77 88
77 121
77 103
77 106
77 93
77 125
77 110
77 101
77 82
77 115
77 118
77 80
77 116
77 127
77 78
77 97
77 81
78 120
78 105
78 127
78 90
78 91
78 92
78 108
78 122
78 94
78 109
78 121
78 106
78 111
78 80
78 81
78 112
78 83
78 84
78 85
78 86
78 113
78 115
78 124
78 116
78 118
78 88
78 97
79 89
79 90
79 107
79 92
79 122
79 109
79 126
79 103
79 125
79 110
79 95
79 96
79 123
79 111
79 81
79 112
79 98
79 99
79 101
79 83
79 84
79 124
79 116
79 117
79 118
79 119
80 89
80 104
80 127
80 91
80 92
80 108
80 94
80 126
80 95
80 112
80 98
80 84
80 124
80 117
80 119
80 88
80 103
80 125
80 96
80 97
80 101
80 82
80 83
80 116
80 102
80 115
80 81
81 89
81 104
81 105
81 107
81 122
81 123
81 110
81 96
81 112
81 83
81 84
81 86
81 114
81 116
81 118
81 127
81 115
81 97
82 120
82 127
82 92
82 94
82 109
82 98
82 85
82 124
82 117
82 121
82 106
82 93
82 99
82 101
82 102
83 120
83 105
83 90
83 91
83 92
83 108
83 94
83 109
83 126
83 98
83 100
83 84
83 113
83 114
83 124
83 117
83 119
83 103
83 93
83 110
83 96
83 111
83 99
83 101
83 87
83 118
83 102
84 120
84 89
84 105
84 91
84 107
84 92
84 108
84 94
84 126
84 98
84 103
84 125
84 97
84 99
84 101
84 86
84 115
84 124
84 117
84 118
84 119
84 102
85 104
85 105
85 127
85 92
85 95
85 123
85 121
85 103
85 106
85 96
85 111
85 97
85 101
85 86
85 113
85 115
85 87
85 124
85 118
85 119
85 88
86 120
86 104
86 94
86 109
86 95
86 112
86 100
86 121
86 125
86 110
86 96
86 99
86 113
86 114
86 115
86 87
86 102
87 120
87 104
87 90
87 91
87 92
87 108
87 94
87 126
87 95
87 123
87 100
87 114
87 117
87 119
87 88
87 103
87 93
87 110
87 115
87 116
88 120
88 104
88 105
88 127
88 90
88 107
88 92
88 94
88 126
88 95
88 112
88 113
88 103
88 93
88 125
88 110
88 96
88 111
88 97
88 99
88 101
88 118
88 102
89 120
89 121
89 103
89 106
89 108
89 122
89 93
89 125
89 126
89 110
89 96
89 97
89 101
89 113
89 114
89 115
89 124
89 118
89 102
90 104
90 105
90 106
90 92
90 109
90 126
90 112
90 97
90 98
90 100
90 101
90 113
90 116
90 117
90 102
91 120
91 104
91 105
91 127
91 103
91 92
91 108
91 122
91 94
91 109
91 110
91 95
91 96
91 97
91 101
91 115
91 124
91 118
92 104
92 105
92 127
92 108
92 126
92 96
92 111
92 112
92 100
92 116
92 119
92 102
93 127
93 122
93 126
93 95
93 112
93 124
93 119
93 121
93 111
93 99
93 103
93 96
93 101
94 122
94 121
94 106
94 109
94 126
94 95
94 111
94 98
94 101
94 113
94 115
94 124
94 116
94 118
94 102
95 120
95 104
95 105
95 127
95 107
95 109
95 126
95 106
95 112
95 97
95 99
95 101
95 114
95 124
95 118
95 119
95 102
96 127
96 108
96 122
96 126
96 112
96 98
96 100
96 113
96 124
96 121
96 111
96 102
97 104
97 127
97 108
97 122
97 109
97 123
97 112
97 100
97 117
97 119
97 121
97 125
97 101
97 118
97 116
97 115
98 120
98 104
98 105
98 127
98 108
98 109
98 126
98 123
98 112
98 121
98 103
98 113
98 114
98 116
98 117
98 118
98 119
99 120
99 105
99 127
99 122
99 126
99 112
99 100
99 117
99 119
99 121
99 106
99 101
99 115
99 116
99 118
99 102
100 105
100 127
100 108
100 122
100 109
100 126
100 123
100 112
100 103
100 110
100 101
100 118
100 119
101 104
101 105
101 108
101 122
101 109
101 126
101 123
101 112
101 119
101 125
101 110
101 102
101 106
102 120
102 104
102 105
102 107
102 109
102 126
102 123
102 112
102 113
102 117
102 119
102 121
102 115
103 104
103 105
103 127
103 122
103 126
103 123
103 113
103 117
103 119
103 125
103 116
103 106
104 120
104 121
104 105
104 127
104 107
104 108
104 109
104 110
104 111
104 113
104 114
104 115
104 116
104 119
105 120
105 121
105 125
105 126
105 110
105 123
105 112
105 113
105 124
105 117
105 119
106 107
106 122
106 109
106 112
106 113
106 119
106 121
106 111
106 115
107 120
107 127
107 121
107 122
107 123
107 111
107 114
107 115
107 124
107 116
107 119
108 120
108 121
108 109
108 126
108 111
108 112
108 113
108 116
109 120
109 127
109 122
109 121
109 110
109 111
109 113
109 114
110 120
110 122
110 126
110 123
110 112
110 113
110 124
110 121
110 125
110 116
110 118
111 120
111 127
111 122
111 126
111 123
111 113
111 117
111 115
111 118
112 120
112 127
112 122
112 121
112 114
112 124
112 116
112 117
112 119
113 120
113 122
113 123
113 114
113 117
113 119
114 120
114 127
114 123
114 121
114 125
114 118
114 119
115 126
115 123
115 124
115 119
115 121
115 118
115 116
115 127
116 120
116 127
116 123
116 125
116 118
117 127
117 122
117 126
117 124
117 121
117 118
118 127
118 126
118 124
118 119
118 121
118 125
119 120
119 123
119 121
120 121
120 122
120 125
120 126
121 127
121 122
121 123
121 124
121 125
122 127
122 124
123 125
124 126
124 125
125 127
