0 1
0 2
0 3
0 4
0 5
0 6
0 7
0 8
0 9
0 10
0 11
0 12
0 13
0 14
0 15
0 16
0 17
0 18
0 19
0 20
0 21
0 22
0 23
0 24
0 25
0 26
0 27
0 28
0 29
0 30
0 31
0 32
0 33
0 34
0 35
0 36
0 37
0 38
0 39
0 40
0 41
0 42
0 43
0 44
0 45
0 46
0 47
0 48
0 49
0 50
0 51
0 52
0 53
0 54
0 55
0 56
0 57
0 58
0 59
0 60
0 61
1 62
1 2
1 63
1 64
1 3
1 65
1 6
1 66
1 67
1 68
1 69
1 70
1 11
1 13
1 16
1 17
1 71
1 18
1 72
1 73
1 20
1 74
1 75
1 22
1 23
1 76
1 77
1 25
1 78
1 79
1 30
1 80
1 31
1 32
1 35
1 37
1 81
1 82
1 39
1 83
1 40
1 84
1 41
1 86
1 87
1 45
1 46
1 88
1 89
1 90
1 55
1 91
1 92
1 93
1 57
1 94
1 95
1 96
1 97
1 60
1 98
2 63
2 3
2 5
2 8
2 67
2 69
2 10
2 70
2 11
2 12
2 13
2 99
2 18
2 72
2 100
2 101
2 102
2 23
2 26
2 103
2 104
2 30
2 80
2 33
2 36
2 37
2 84
2 41
2 85
2 86
2 89
2 48
2 49
2 51
2 105
2 106
2 52
2 91
2 93
2 56
2 94
2 59
2 96
2 97
2 61
3 62
3 107
3 108
3 64
3 109
3 4
3 6
3 7
3 68
3 69
3 11
3 14
3 15
3 16
3 110
3 17
3 71
3 18
3 20
3 100
3 75
3 21
3 101
3 102
3 111
3 24
3 27
3 78
3 112
3 103
3 104
3 30
3 31
3 33
3 34
3 35
3 113
3 114
3 37
3 81
3 82
3 83
3 115
3 84
3 41
3 86
3 43
3 44
3 45
3 116
3 46
3 88
3 117
3 51
3 90
3 52
3 53
3 54
3 55
3 91
3 118
3 93
3 57
3 58
3 95
3 96
3 61
3 98
3 119
4 120
4 107
4 64
4 109
4 65
4 5
4 8
4 67
4 68
4 69
4 12
4 15
4 99
4 71
4 20
4 74
4 100
4 75
4 21
4 101
4 23
4 121
4 111
4 25
4 26
4 27
4 78
4 112
4 28
4 30
4 80
4 32
4 33
4 34
4 38
4 82
4 83
4 40
4 42
4 86
4 43
4 44
4 45
4 116
4 47
4 88
4 89
4 117
4 48
4 49
4 51
4 90
4 53
4 55
4 91
4 118
4 93
4 56
4 58
4 60
4 98
4 119
5 62
5 107
5 108
5 63
5 7
5 8
5 67
5 68
5 10
5 70
5 13
5 14
5 16
5 110
5 99
5 17
5 71
5 19
5 72
5 20
5 74
5 22
5 102
5 76
5 111
5 27
5 112
5 79
5 28
5 103
5 104
5 30
5 31
5 36
5 38
5 82
5 39
5 122
5 83
5 115
5 40
5 84
5 85
5 86
5 43
5 87
5 44
5 46
5 88
5 89
5 117
5 90
5 105
5 106
5 52
5 53
5 54
5 93
5 96
5 60
5 119
5 32
5 75
5 66
5 77
5 95
6 62
6 120
6 63
6 64
6 66
6 7
6 69
6 123
6 10
6 14
6 15
6 71
6 18
6 72
6 20
6 74
6 21
6 22
6 101
6 102
6 111
6 26
6 79
6 28
6 103
6 29
6 30
6 80
6 31
6 124
6 32
6 33
6 34
6 35
6 36
6 39
6 115
6 41
6 42
6 85
6 86
6 43
6 87
6 44
6 45
6 125
6 126
6 117
6 49
6 50
6 51
6 105
6 106
6 54
6 118
6 93
6 59
6 127
6 95
6 98
6 119
7 107
7 63
7 64
7 109
7 65
7 66
7 69
7 9
7 123
7 12
7 14
7 16
7 72
7 101
7 102
7 76
7 26
7 78
7 79
7 104
7 30
7 31
7 34
7 35
7 114
7 36
7 37
7 81
7 39
7 83
7 115
7 40
7 43
7 47
7 125
7 126
7 50
7 51
7 90
7 53
7 91
7 118
7 56
7 57
7 58
7 59
7 95
7 98
7 119
8 62
8 107
8 63
8 65
8 66
8 67
8 9
8 123
8 11
8 12
8 110
8 99
8 18
8 72
8 20
8 100
8 75
8 21
8 22
8 102
8 111
8 25
8 78
8 112
8 28
8 103
8 104
8 34
8 35
8 113
8 81
8 39
8 83
8 40
8 42
8 43
8 87
8 44
8 47
8 88
8 89
8 126
8 117
8 48
8 50
8 51
8 90
8 105
8 52
8 53
8 54
8 91
8 118
8 92
8 56
8 57
8 94
8 95
8 97
8 98
9 62
9 120
9 107
9 108
9 64
9 66
9 67
9 68
9 10
9 11
9 12
9 13
9 14
9 16
9 110
9 99
9 71
9 18
9 72
9 73
9 20
9 75
9 21
9 101
9 102
9 121
9 77
9 25
9 26
9 79
9 103
9 104
9 29
9 31
9 32
9 33
9 35
9 113
9 37
9 38
9 122
9 115
9 40
9 84
9 41
9 42
9 86
9 45
9 47
9 88
9 125
9 117
9 50
9 90
9 105
9 106
9 53
9 54
9 92
9 57
9 58
9 94
9 127
9 95
9 96
9 97
9 61
9 98
9 119
10 108
10 64
10 109
10 65
10 67
10 69
10 70
10 15
10 110
10 99
10 17
10 18
10 72
10 73
10 20
10 74
10 100
10 21
10 22
10 23
10 121
10 111
10 77
10 24
10 25
10 26
10 78
10 104
10 80
10 31
10 32
10 34
10 35
10 38
10 82
10 122
10 83
10 115
10 40
10 84
10 41
10 85
10 87
10 44
10 116
10 47
10 88
10 126
10 117
10 48
10 50
10 51
10 90
10 52
10 53
10 54
10 118
10 56
10 58
10 95
10 97
10 119
11 107
11 64
11 68
11 13
11 14
11 16
11 99
11 19
11 72
11 73
11 100
11 101
11 102
11 76
11 77
11 24
11 78
11 112
11 30
11 31
11 33
11 34
11 35
11 114
11 37
11 81
11 39
11 122
11 83
11 115
11 84
11 116
11 46
11 88
11 89
11 125
11 117
11 48
11 90
11 105
11 55
11 91
11 93
11 95
11 96
11 61
11 98
12 108
12 63
12 64
12 109
12 65
12 67
12 123
12 70
12 13
12 14
12 16
12 19
12 74
12 21
12 101
12 102
12 23
12 78
12 79
12 28
12 29
12 30
12 31
12 33
12 114
12 36
12 37
12 81
12 38
12 82
12 122
12 83
12 115
12 40
12 84
12 86
12 43
12 44
12 45
12 46
12 88
12 89
12 125
12 48
12 50
12 90
12 105
12 106
12 91
12 56
12 57
12 94
12 59
12 127
12 95
13 120
13 107
13 64
13 109
13 65
13 67
13 68
13 70
13 14
13 16
13 17
13 72
13 73
13 20
13 74
13 100
13 23
13 76
13 25
13 112
13 79
13 104
13 29
13 31
13 32
13 114
13 36
13 37
13 82
13 122
13 83
13 115
13 84
13 42
13 85
13 43
13 45
13 116
13 46
13 47
13 88
13 125
13 126
13 50
13 51
13 90
13 105
13 54
13 91
13 118
13 92
13 93
13 58
13 95
13 96
13 61
13 119
14 120
14 107
14 63
14 65
14 66
14 69
14 123
14 70
14 15
14 99
14 71
14 18
14 74
14 22
14 101
14 121
14 76
14 26
14 112
14 79
14 30
14 80
14 124
14 33
14 35
14 114
14 36
14 81
14 39
14 122
14 83
14 41
14 42
14 116
14 46
14 47
14 88
14 89
14 125
14 126
14 117
14 51
14 105
14 56
14 57
14 58
14 94
14 60
14 98
14 119
15 108
15 63
15 64
15 67
15 69
15 70
15 99
15 17
15 18
15 73
15 75
15 21
15 101
15 76
15 77
15 25
15 26
15 27
15 79
15 28
15 30
15 80
15 124
15 32
15 33
15 35
15 114
15 38
15 115
15 116
15 88
15 49
15 50
15 51
15 106
15 91
15 118
15 93
15 56
15 57
15 94
15 96
15 61
15 98
15 119
16 62
16 107
16 108
16 63
16 109
16 69
16 123
16 70
16 110
16 17
16 20
16 74
16 21
16 22
16 23
16 121
16 76
16 26
16 27
16 78
16 79
16 29
16 80
16 35
16 114
16 37
16 82
16 39
16 115
16 40
16 84
16 41
16 42
16 86
16 44
16 46
16 126
16 117
16 48
16 49
16 50
16 105
16 106
16 54
16 55
16 118
16 92
16 56
16 58
16 94
16 59
16 95
16 97
16 119
17 120
17 107
17 64
17 65
17 66
17 67
17 123
17 70
17 110
17 20
17 21
17 22
17 102
17 23
17 121
17 76
17 111
17 24
17 25
17 26
17 27
17 28
17 104
17 29
17 30
17 80
17 124
17 33
17 34
17 114
17 36
17 37
17 81
17 38
17 82
17 39
17 115
17 40
17 84
17 41
17 42
17 85
17 87
17 45
17 116
17 47
17 88
17 89
17 48
17 49
17 50
17 51
17 90
17 106
17 52
17 53
17 54
17 91
17 92
17 56
17 127
17 96
17 60
17 98
18 62
18 120
18 64
18 109
18 65
18 66
18 68
18 123
18 70
18 110
18 99
18 72
18 74
18 100
18 75
18 76
18 111
18 77
18 78
18 79
18 29
18 80
18 31
18 124
18 32
18 34
18 113
18 37
18 82
18 122
18 83
18 115
18 40
18 84
18 43
18 87
18 44
18 45
18 116
18 88
18 49
18 50
18 106
18 52
18 54
18 92
18 93
18 127
18 95
18 98
19 107
19 63
19 66
19 69
19 123
19 110
19 72
19 73
19 74
19 75
19 21
19 22
19 101
19 102
19 121
19 76
19 111
19 77
19 25
19 26
19 27
19 78
19 79
19 28
19 103
19 31
19 124
19 33
19 113
19 37
19 82
19 39
19 122
19 83
19 84
19 42
19 87
19 88
19 89
19 125
19 126
19 117
19 48
19 49
19 51
19 90
19 105
19 106
19 55
19 91
19 118
19 57
19 59
19 95
19 97
19 119
20 120
20 107
20 108
20 67
20 68
20 69
20 123
20 110
20 99
20 100
20 22
20 121
20 76
20 111
20 24
20 25
20 112
20 28
20 103
20 104
20 29
20 80
20 31
20 34
20 113
20 114
20 37
20 38
20 39
20 122
20 115
20 40
20 86
20 43
20 88
20 48
20 105
20 53
20 54
20 55
20 93
20 56
20 57
20 58
20 96
20 97
20 61
20 98
21 107
21 108
21 63
21 64
21 109
21 66
21 68
21 69
21 123
21 70
21 99
21 72
21 74
21 22
21 102
21 23
21 111
21 77
21 25
21 27
21 112
21 79
21 30
21 34
21 113
21 37
21 81
21 122
21 83
21 115
21 41
21 42
21 86
21 87
21 44
21 116
21 47
21 88
21 89
21 126
21 117
21 90
21 55
21 91
21 92
21 98
21 119
22 62
22 63
22 68
22 71
22 74
22 100
22 101
22 102
22 23
22 76
22 111
22 77
22 112
22 79
22 30
22 80
22 32
22 33
22 34
22 37
22 81
22 38
22 39
22 122
22 83
22 41
22 42
22 86
22 43
22 87
22 46
22 88
22 89
22 125
22 48
22 50
22 51
22 105
22 106
22 52
22 53
22 54
22 91
22 92
22 57
22 58
22 127
22 60
22 61
22 98
23 120
23 63
23 67
23 68
23 123
23 70
23 110
23 72
23 73
23 100
23 101
23 102
23 76
23 77
23 24
23 78
23 79
23 104
23 29
23 124
23 32
23 33
23 34
23 113
23 114
23 36
23 37
23 81
23 82
23 40
23 41
23 85
23 43
23 116
23 46
23 88
23 125
23 126
23 117
23 48
23 51
23 105
23 52
23 57
23 58
23 94
23 127
23 97
23 61
23 98
23 119
24 120
24 107
24 63
24 64
24 109
24 66
24 67
24 68
24 70
24 99
24 71
24 72
24 73
24 75
24 26
24 78
24 112
24 79
24 28
24 103
24 104
24 31
24 124
24 33
24 113
24 114
24 37
24 81
24 82
24 39
24 83
24 40
24 84
24 42
24 85
24 43
24 44
24 45
24 46
24 47
24 89
24 126
24 117
24 48
24 49
24 50
24 90
24 52
24 55
24 93
24 56
24 58
24 94
24 127
24 96
24 97
24 60
25 62
25 107
25 108
25 63
25 64
25 109
25 66
25 68
25 69
25 102
25 111
25 26
25 112
25 30
25 80
25 113
25 114
25 36
25 37
25 38
25 39
25 122
25 40
25 42
25 85
25 86
25 43
25 87
25 88
25 125
25 48
25 49
25 50
25 105
25 106
25 53
25 55
25 93
25 56
25 58
25 96
25 61
25 98
25 119
26 120
26 108
26 63
26 64
26 65
26 66
26 69
26 123
26 110
26 99
26 71
26 73
26 74
26 100
26 75
26 101
26 111
26 77
26 27
26 78
26 28
26 103
26 104
26 29
26 80
26 124
26 34
26 114
26 37
26 81
26 38
26 82
26 41
26 85
26 43
26 87
26 44
26 116
26 89
26 125
26 126
26 48
26 90
26 55
26 91
26 118
26 92
26 57
26 58
26 94
26 59
26 127
26 95
26 97
26 60
26 61
26 98
27 62
27 107
27 109
27 65
27 66
27 68
27 123
27 71
27 72
27 74
27 100
27 75
27 101
27 102
27 78
27 112
27 104
27 30
27 80
27 124
27 83
27 40
27 41
27 85
27 86
27 87
27 44
27 45
27 46
27 47
27 126
27 117
27 48
27 90
27 52
27 53
27 54
27 92
27 93
27 56
27 57
27 59
27 127
27 96
27 97
27 61
28 120
28 107
28 65
28 67
28 68
28 69
28 123
28 70
28 110
28 99
28 71
28 72
28 73
28 111
28 112
28 79
28 104
28 29
28 31
28 35
28 113
28 114
28 37
28 38
28 82
28 122
28 115
28 40
28 41
28 42
28 85
28 43
28 44
28 45
28 47
28 88
28 89
28 48
28 49
28 105
28 52
28 54
28 55
28 91
28 92
28 93
28 56
28 58
28 96
29 62
29 120
29 108
29 63
29 109
29 68
29 69
29 73
29 74
29 100
29 101
29 102
29 79
29 30
29 31
29 34
29 114
29 37
29 38
29 122
29 83
29 40
29 41
29 85
29 86
29 44
29 45
29 46
29 47
29 89
29 126
29 117
29 48
29 49
29 105
29 106
29 53
29 55
29 91
29 118
29 92
29 56
29 57
29 58
29 59
29 127
29 95
29 98
30 62
30 107
30 63
30 64
30 67
30 69
30 70
30 71
30 72
30 74
30 100
30 75
30 101
30 121
30 111
30 77
30 78
30 103
30 104
30 80
30 114
30 36
30 37
30 81
30 38
30 39
30 115
30 85
30 43
30 44
30 45
30 46
30 47
30 88
30 89
30 125
30 50
30 90
30 106
30 52
30 53
30 54
30 91
30 93
30 59
30 95
30 96
30 60
30 61
30 98
30 32
30 66
30 122
31 62
31 120
31 107
31 108
31 63
31 64
31 66
31 69
31 123
31 70
31 99
31 71
31 74
31 100
31 75
31 101
31 76
31 111
31 78
31 103
31 80
31 124
31 32
31 33
31 34
31 36
31 37
31 81
31 38
31 82
31 39
31 83
31 40
31 84
31 85
31 43
31 44
31 45
31 116
31 46
31 47
31 88
31 89
31 117
31 49
31 52
31 55
31 91
31 118
31 92
31 93
31 58
31 95
31 96
32 62
32 65
32 68
32 123
32 70
32 73
32 101
32 102
32 76
32 111
32 78
32 79
32 103
32 104
32 34
32 35
32 114
32 36
32 37
32 81
32 82
32 39
32 122
32 115
32 40
32 41
32 42
32 87
32 46
32 47
32 117
32 48
32 50
32 90
32 53
32 54
32 55
32 118
32 92
32 56
32 57
32 59
32 61
32 67
32 72
32 89
32 93
32 75
32 85
32 74
32 66
32 77
32 71
32 95
33 107
33 63
33 109
33 65
33 66
33 67
33 110
33 73
33 74
33 100
33 75
33 101
33 102
33 76
33 111
33 78
33 112
33 103
33 124
33 34
33 35
33 114
33 81
33 122
33 83
33 42
33 86
33 43
33 116
33 47
33 48
33 50
33 106
33 53
33 54
33 91
33 118
33 56
33 58
33 94
33 59
33 60
33 61
34 62
34 120
34 63
34 64
34 65
34 68
34 69
34 123
34 70
34 99
34 71
34 74
34 121
34 76
34 111
34 78
34 103
34 104
34 35
34 114
34 36
34 82
34 39
34 84
34 41
34 42
34 86
34 43
34 87
34 116
34 46
34 89
34 126
34 117
34 50
34 51
34 106
34 53
34 54
34 55
34 91
34 118
34 92
34 56
34 57
34 58
34 94
34 59
34 127
34 95
34 96
34 97
34 98
34 119
35 107
35 108
35 68
35 123
35 70
35 71
35 100
35 101
35 102
35 121
35 111
35 78
35 103
35 104
35 80
35 124
35 114
35 81
35 38
35 122
35 83
35 115
35 40
35 84
35 41
35 85
35 86
35 44
35 47
35 51
35 90
35 105
35 53
35 55
35 91
35 118
35 57
35 95
35 119
36 65
36 66
36 68
36 69
36 70
36 71
36 72
36 100
36 75
36 102
36 121
36 76
36 112
36 79
36 114
36 38
36 82
36 39
36 83
36 115
36 84
36 42
36 85
36 86
36 43
36 44
36 116
36 88
36 125
36 49
36 91
36 57
36 58
36 95
36 96
36 54
36 67
36 90
36 103
36 89
36 93
36 74
36 77
36 122
37 120
37 107
37 64
37 109
37 66
37 69
37 123
37 110
37 72
37 100
37 75
37 102
37 121
37 112
37 79
37 104
37 113
37 114
37 81
37 38
37 39
37 83
37 40
37 85
37 86
37 45
37 117
37 49
37 51
37 106
37 53
37 54
37 55
37 91
37 118
37 93
37 56
37 58
37 59
37 127
37 95
37 96
37 98
37 119
38 62
38 107
38 64
38 65
38 110
38 99
38 72
38 73
38 74
38 100
38 102
38 77
38 112
38 79
38 103
38 104
38 124
38 114
38 81
38 83
38 115
38 41
38 42
38 86
38 87
38 44
38 45
38 46
38 47
38 88
38 89
38 125
38 126
38 117
38 48
38 50
38 90
38 106
38 52
38 54
38 118
38 58
38 94
38 59
38 127
38 60
38 98
38 119
39 62
39 63
39 64
39 109
39 65
39 67
39 68
39 123
39 110
39 72
39 73
39 74
39 100
39 102
39 111
39 77
39 112
39 103
39 104
39 80
39 124
39 113
39 114
39 122
39 40
39 84
39 41
39 42
39 85
39 86
39 43
39 44
39 116
39 46
39 89
39 125
39 126
39 117
39 49
39 90
39 52
39 53
39 54
39 55
39 91
39 92
39 93
39 56
39 57
39 58
39 94
39 127
39 95
39 98
39 119
39 75
39 66
39 71
40 62
40 120
40 107
40 108
40 63
40 64
40 109
40 65
40 67
40 123
40 70
40 99
40 71
40 72
40 73
40 74
40 101
40 121
40 111
40 112
40 79
40 103
40 113
40 122
40 84
40 41
40 42
40 85
40 86
40 87
40 44
40 89
40 51
40 90
40 52
40 53
40 118
40 92
40 93
40 58
40 60
40 98
40 119
41 62
41 120
41 107
41 108
41 63
41 64
41 109
41 66
41 67
41 68
41 69
41 70
41 110
41 99
41 74
41 75
41 76
41 111
41 77
41 112
41 79
41 113
41 114
41 82
41 83
41 42
41 85
41 86
41 87
41 45
41 46
41 88
41 89
41 126
41 90
41 105
41 53
41 54
41 55
41 118
41 92
41 93
41 57
41 127
41 96
41 97
41 60
41 119
42 62
42 63
42 109
42 65
42 67
42 68
42 69
42 70
42 110
42 99
42 71
42 73
42 74
42 100
42 75
42 101
42 104
42 80
42 124
42 113
42 81
42 82
42 83
42 84
42 86
42 43
42 87
42 44
42 126
42 117
42 48
42 49
42 50
42 90
42 106
42 53
42 55
42 91
42 93
42 58
42 94
42 59
42 95
42 97
42 60
42 119
43 120
43 107
43 63
43 109
43 69
43 70
43 71
43 72
43 73
43 101
43 76
43 111
43 78
43 79
43 103
43 104
43 80
43 113
43 81
43 82
43 83
43 87
43 45
43 116
43 46
43 47
43 88
43 89
43 125
43 126
43 48
43 50
43 51
43 90
43 106
43 53
43 55
43 91
43 118
43 92
43 93
43 56
43 94
43 59
43 96
43 60
43 98
44 62
44 120
44 64
44 109
44 66
44 67
44 110
44 99
44 72
44 73
44 100
44 102
44 121
44 111
44 79
44 82
44 122
44 83
44 115
44 84
44 46
44 47
44 48
44 49
44 51
44 90
44 93
44 58
44 94
44 59
44 127
44 95
44 60
45 64
45 67
45 123
45 71
45 73
45 101
45 121
45 76
45 111
45 77
45 112
45 104
45 113
45 81
45 82
45 115
45 87
45 116
45 47
45 88
45 89
45 125
45 90
45 105
45 106
45 55
45 91
45 118
45 57
45 58
45 59
45 127
45 95
45 96
45 60
46 62
46 120
46 108
46 63
46 109
46 66
46 67
46 69
46 123
46 70
46 110
46 99
46 71
46 72
46 73
46 100
46 121
46 79
46 103
46 104
46 80
46 113
46 114
46 81
46 82
46 84
46 85
46 86
46 116
46 47
46 117
46 50
46 51
46 52
46 54
46 118
46 92
46 93
46 56
46 57
46 58
46 59
46 127
46 60
46 61
47 62
47 120
47 107
47 63
47 64
47 109
47 66
47 70
47 110
47 71
47 73
47 74
47 100
47 75
47 102
47 111
47 77
47 78
47 112
47 103
47 80
47 82
47 122
47 83
47 86
47 87
47 125
47 126
47 117
47 48
47 49
47 50
47 105
47 53
47 91
47 92
47 93
47 56
47 58
47 94
47 59
47 127
47 96
47 97
47 60
47 119
48 62
48 120
48 107
48 108
48 63
48 64
48 123
48 110
48 73
48 75
48 121
48 76
48 111
48 77
48 79
48 104
48 80
48 114
48 85
48 86
48 87
48 116
48 88
48 89
48 126
48 117
48 105
48 106
48 53
48 54
48 92
48 56
48 57
48 58
48 127
48 96
48 60
48 98
49 62
49 109
49 65
49 70
49 110
49 99
49 71
49 72
49 100
49 75
49 111
49 112
49 79
49 103
49 80
49 114
49 81
49 82
49 83
49 84
49 86
49 87
49 117
49 53
49 55
49 92
49 57
49 94
49 59
49 97
49 61
49 119
50 107
50 108
50 64
50 110
50 99
50 71
50 72
50 100
50 111
50 78
50 112
50 79
50 103
50 104
50 80
50 124
50 114
50 81
50 82
50 115
50 84
50 85
50 87
50 116
50 117
50 90
50 106
50 53
50 54
50 91
50 92
50 58
50 59
50 60
50 61
50 98
50 119
51 62
51 120
51 107
51 108
51 63
51 64
51 67
51 69
51 71
51 72
51 75
51 101
51 102
51 111
51 78
51 112
51 103
51 124
51 114
51 82
51 122
51 115
51 85
51 86
51 87
51 88
51 89
51 125
51 126
51 90
51 106
51 53
51 54
51 91
51 118
51 92
51 58
51 127
51 95
51 97
51 60
51 98
52 62
52 120
52 63
52 64
52 65
52 66
52 67
52 69
52 123
52 71
52 73
52 74
52 100
52 102
52 121
52 76
52 111
52 77
52 78
52 104
52 80
52 113
52 82
52 122
52 83
52 84
52 126
52 117
52 54
52 92
52 93
52 56
52 94
52 59
52 95
52 96
52 61
52 98
53 107
53 108
53 64
53 65
53 66
53 123
53 70
53 99
53 73
53 75
53 101
53 102
53 76
53 111
53 78
53 80
53 114
53 82
53 122
53 83
53 115
53 86
53 87
53 116
53 89
53 125
53 126
53 90
53 54
53 55
53 118
53 92
53 93
53 57
53 94
53 59
53 97
53 60
53 61
53 98
54 108
54 65
54 67
54 68
54 69
54 123
54 70
54 110
54 99
54 72
54 73
54 75
54 101
54 102
54 111
54 112
54 79
54 103
54 104
54 80
54 124
54 113
54 81
54 82
54 83
54 115
54 86
54 88
54 89
54 125
54 90
54 55
54 118
54 93
54 56
54 57
54 94
54 59
54 127
54 96
54 97
54 60
54 119
54 85
54 74
54 66
54 77
54 71
54 122
54 95
55 120
55 63
55 109
55 69
55 123
55 99
55 71
55 73
55 102
55 121
55 112
55 103
55 104
55 124
55 114
55 81
55 115
55 84
55 85
55 87
55 116
55 117
55 93
55 56
55 57
55 58
55 94
55 59
55 127
55 95
55 96
55 60
55 98
56 62
56 107
56 63
56 67
56 68
56 123
56 70
56 99
56 71
56 73
56 74
56 75
56 101
56 102
56 111
56 112
56 79
56 103
56 80
56 124
56 113
56 114
56 81
56 83
56 116
56 88
56 89
56 117
56 105
56 106
56 91
56 92
56 57
56 96
56 60
57 120
57 108
57 63
57 64
57 67
57 68
57 123
57 110
57 73
57 100
57 75
57 101
57 76
57 112
57 79
57 104
57 80
57 124
57 113
57 114
57 81
57 115
57 85
57 86
57 88
57 90
57 105
57 106
57 91
57 118
57 92
57 93
57 94
57 95
57 96
57 61
57 98
58 120
58 63
58 64
58 109
58 68
58 70
58 110
58 73
58 74
58 100
58 75
58 101
58 121
58 78
58 124
58 114
58 122
58 83
58 84
58 85
58 86
58 87
58 116
58 89
58 105
58 106
58 92
58 93
58 94
58 96
58 60
58 61
58 119
59 62
59 108
59 63
59 64
59 65
59 99
59 71
59 74
59 75
59 77
59 79
59 104
59 80
59 113
59 83
59 116
59 89
59 126
59 117
59 90
59 106
59 93
59 95
59 96
59 97
60 62
60 120
60 107
60 63
60 64
60 109
60 68
60 69
60 99
60 74
60 76
60 111
60 77
60 78
60 112
60 79
60 103
60 104
60 81
60 82
60 122
60 83
60 115
60 85
60 86
60 87
60 89
60 125
60 117
60 90
60 92
60 93
60 94
60 95
60 96
60 97
60 61
61 65
61 68
61 123
61 110
61 99
61 72
61 73
61 101
61 76
61 78
61 103
61 104
61 80
61 81
61 83
61 115
61 116
61 126
61 106
61 118
61 92
61 127
61 95
61 96
61 97
61 119
62 120
62 108
62 64
62 109
62 65
62 69
62 70
62 110
62 71
62 74
62 100
62 102
62 121
62 111
62 77
62 112
62 104
62 124
62 113
62 114
62 84
62 87
62 125
62 105
62 106
62 92
62 93
62 97
63 120
63 64
63 68
63 123
63 70
63 110
63 99
63 74
63 100
63 101
63 102
63 77
63 79
63 103
63 124
63 114
63 81
63 82
63 86
63 87
63 88
63 89
63 125
63 126
63 90
63 105
63 106
63 91
63 127
63 97
63 98
63 119
64 120
64 108
64 69
64 123
64 71
64 73
64 74
64 100
64 101
64 102
64 76
64 78
64 80
64 124
64 83
64 86
64 87
64 116
64 125
64 126
64 117
64 105
64 106
64 93
64 94
64 127
64 97
64 98
64 119
65 120
65 107
65 108
65 109
65 66
65 67
65 68
65 70
65 110
65 100
65 75
65 101
65 102
65 121
65 76
65 113
65 114
65 81
65 83
65 86
65 116
65 125
65 117
65 105
65 91
65 92
65 94
65 127
65 96
66 107
66 67
66 69
66 70
66 110
66 71
66 73
66 75
66 101
66 111
66 77
66 79
66 80
66 113
66 81
66 122
66 115
66 84
66 85
66 86
66 88
66 89
66 126
66 90
66 105
66 91
66 92
66 93
66 127
66 95
66 119
66 72
66 103
66 74
67 120
67 108
67 109
67 69
67 110
67 99
67 71
67 72
67 73
67 74
67 100
67 75
67 101
67 121
67 76
67 111
67 77
67 112
67 103
67 124
67 114
67 81
67 84
67 86
67 87
67 116
67 89
67 125
67 90
67 91
67 118
67 93
67 95
67 96
67 97
67 119
67 85
67 122
68 120
68 109
68 123
68 99
68 72
68 73
68 74
68 100
68 101
68 102
68 121
68 111
68 77
68 78
68 104
68 113
68 81
68 82
68 83
68 84
68 85
68 86
68 126
68 117
68 90
68 105
68 127
68 96
68 98
69 107
69 108
69 109
69 123
69 70
69 99
69 71
69 73
69 100
69 75
69 101
69 102
69 121
69 111
69 78
69 79
69 103
69 80
69 124
69 113
69 81
69 122
69 83
69 115
69 85
69 87
69 116
69 89
69 117
69 106
69 91
69 92
69 94
69 96
69 97
69 98
69 119
70 107
70 108
70 99
70 72
70 75
70 101
70 121
70 76
70 77
70 112
70 104
70 80
70 114
70 83
70 85
70 88
70 89
70 126
70 117
70 92
70 93
70 97
71 108
71 100
71 75
71 121
71 78
71 79
71 103
71 104
71 113
71 84
71 85
71 116
71 90
71 118
71 92
71 93
71 96
71 97
71 72
71 89
71 74
71 77
71 122
71 95
72 120
72 107
72 108
72 123
72 73
72 74
72 100
72 101
72 121
72 76
72 111
72 78
72 112
72 103
72 104
72 114
72 82
72 122
72 83
72 87
72 116
72 89
72 126
72 117
72 90
72 105
72 106
72 91
72 92
72 93
72 96
72 97
72 119
72 75
72 85
72 77
72 95
73 120
73 107
73 108
73 123
73 110
73 74
73 100
73 102
73 111
73 78
73 104
73 80
73 114
73 81
73 83
73 84
73 87
73 89
73 125
73 126
73 117
73 90
73 106
73 91
73 92
73 93
73 94
73 127
73 97
73 98
74 109
74 110
74 76
74 111
74 77
74 103
74 104
74 124
74 113
74 114
74 83
74 115
74 85
74 87
74 89
74 117
74 90
74 105
74 91
74 118
74 96
74 97
74 119
74 93
74 75
74 122
74 95
75 107
75 109
75 110
75 121
75 77
75 112
75 79
75 103
75 104
75 113
75 114
75 81
75 122
75 83
75 115
75 116
75 89
75 117
75 105
75 106
75 118
75 127
75 97
75 90
75 93
75 85
75 95
76 108
76 109
76 99
76 100
76 101
76 102
76 77
76 78
76 112
76 104
76 80
76 124
76 81
76 82
76 115
76 84
76 85
76 86
76 116
76 89
76 126
76 117
76 91
76 93
76 127
76 96
76 97
77 120
77 107
77 108
77 109
77 123
77 110
77 100
77 102
77 103
77 124
77 114
77 83
77 85
77 86
77 87
77 116
77 90
77 105
77 91
77 118
77 92
77 127
77 96
77 119
77 89
77 93
77 122
77 95
78 109
78 110
78 99
78 100
78 101
78 121
78 79
78 103
78 114
78 82
78 122
78 85
78 116
78 117
78 105
78 106
78 118
78 92
78 93
78 94
78 97
79 107
79 108
79 109
79 123
79 101
79 102
79 121
79 111
79 112
79 103
79 124
79 81
79 82
79 115
79 85
79 87
79 126
79 117
79 90
79 105
79 91
79 118
79 93
79 127
79 96
80 120
80 100
80 101
80 112
80 103
80 104
80 124
80 113
80 114
80 83
80 84
80 86
80 87
80 116
80 125
80 90
80 105
80 91
80 92
80 93
80 127
80 96
80 97
80 119
81 109
81 99
81 101
81 121
81 112
81 103
81 104
81 113
81 82
81 83
81 115
81 86
81 87
81 116
81 88
81 89
81 117
81 90
81 105
81 106
81 94
81 95
81 96
81 97
81 98
81 119
82 107
82 110
82 99
82 102
82 111
82 104
82 124
82 113
82 114
82 122
82 115
82 84
82 89
82 126
82 90
82 105
82 106
82 118
82 95
82 97
82 98
83 120
83 123
83 102
83 111
83 112
83 103
83 104
83 124
83 113
83 115
83 86
83 116
83 88
83 89
83 117
83 106
83 92
83 93
83 127
83 97
83 98
84 107
84 108
84 99
84 100
84 103
84 104
84 124
84 113
84 122
84 115
84 87
84 116
84 89
84 90
84 105
84 106
84 91
84 92
84 94
84 95
84 97
84 98
84 119
85 120
85 107
85 108
85 99
85 101
85 102
85 121
85 111
85 103
85 124
85 113
85 114
85 87
85 89
85 125
85 95
85 98
85 90
85 93
85 122
86 107
86 108
86 109
86 123
86 99
86 101
86 102
86 121
86 104
86 126
86 117
86 90
86 106
86 97
86 98
87 107
87 99
87 101
87 102
87 104
87 114
87 115
87 116
87 88
87 126
87 117
87 105
87 91
87 118
87 94
87 95
87 96
87 97
87 119
88 120
88 109
88 123
88 99
88 102
88 121
88 103
88 104
88 124
88 116
88 125
88 126
88 105
88 106
88 92
88 94
88 96
88 97
88 119
89 120
89 108
89 110
89 99
89 100
89 101
89 121
89 103
89 104
89 114
89 122
89 116
89 125
89 126
89 117
89 90
89 106
89 92
89 93
89 94
89 95
89 98
89 119
90 120
90 107
90 108
90 99
90 102
90 111
90 112
90 103
90 122
90 117
90 105
90 92
90 93
90 97
90 98
90 95
91 120
91 108
91 123
91 102
91 121
91 104
91 124
91 125
91 126
91 117
91 105
91 106
91 92
91 93
92 107
92 108
92 110
92 99
92 100
92 121
92 112
92 103
92 124
92 114
92 126
92 117
92 105
92 118
92 94
92 127
92 95
92 97
92 98
93 107
93 110
93 99
93 101
93 103
93 113
93 114
93 122
93 116
93 125
93 126
93 105
93 106
93 118
93 127
93 95
93 119
94 107
94 123
94 110
94 101
94 121
94 111
94 112
94 103
94 124
94 122
94 115
94 116
94 125
94 117
94 105
94 106
94 127
94 95
94 96
94 119
95 107
95 108
95 110
95 99
95 100
95 101
95 102
95 104
95 124
95 126
95 96
95 97
95 98
95 119
95 103
95 122
96 120
96 107
96 109
96 110
96 100
96 102
96 121
96 112
96 104
96 124
96 113
96 114
96 122
96 126
96 106
96 118
96 127
96 98
97 120
97 107
97 108
97 109
97 110
97 100
97 101
97 102
97 121
97 103
97 104
97 124
97 113
97 122
97 125
97 117
97 119
98 107
98 108
98 99
98 100
98 101
98 102
98 104
98 124
98 117
98 106
98 127
98 119
99 120
99 110
99 100
99 102
99 121
99 104
99 124
99 105
99 123
99 103
99 115
99 116
99 126
99 117
99 118
100 120
100 123
100 101
100 111
100 103
100 104
100 124
100 113
100 114
100 126
100 127
101 121
101 112
101 114
101 125
101 105
101 106
101 123
101 115
101 117
101 118
101 119
101 103
101 126
102 120
102 108
102 109
102 107
102 123
102 121
102 111
102 103
102 104
102 124
102 113
102 122
102 116
102 125
102 126
102 117
102 105
102 118
102 119
103 109
103 122
103 125
103 115
103 119
103 107
103 126
104 108
104 111
104 112
104 107
104 123
104 113
104 122
104 117
104 105
104 106
104 118
104 127
104 119
105 120
105 108
105 109
105 110
105 121
105 111
105 124
105 122
105 125
105 107
105 115
105 116
105 117
105 106
105 118
105 119
106 110
106 121
106 113
106 114
106 122
106 125
106 116
106 126
106 117
106 118
106 127
106 119
107 110
107 111
107 113
107 123
107 117
107 127
108 120
108 109
108 123
108 111
108 112
108 113
108 115
108 126
108 118
108 127
108 119
109 120
109 123
109 111
109 113
109 125
109 126
109 117
109 118
109 119
110 123
110 121
110 114
110 115
110 116
110 117
111 120
111 121
111 123
111 124
111 117
111 118
111 127
112 120
112 121
112 113
112 122
112 115
112 126
112 117
112 127
112 119
113 120
113 121
113 124
113 123
113 114
113 122
113 116
113 125
113 126
114 121
114 124
114 123
114 125
114 117
115 120
115 121
115 124
115 125
115 123
115 116
115 117
115 118
116 120
116 121
116 125
116 123
116 117
117 120
117 121
117 123
117 126
117 118
117 119
118 120
118 122
118 123
118 119
119 120
119 124
119 122
119 123
120 123
120 121
120 124
120 122
120 125
121 123
121 125
122 123
123 125
123 126
123 127
124 125
124 127
125 126
125 127
