0 1
0 2
0 3
0 4
0 5
0 6
0 7
0 8
0 9
0 10
0 11
0 12
0 13
0 14
0 15
0 16
0 17
0 18
0 19
0 20
0 21
0 22
0 23
0 24
0 25
0 26
0 27
0 28
0 29
0 30
0 31
0 32
0 33
0 34
0 35
0 36
0 37
0 38
0 39
0 40
0 41
0 42
0 43
0 44
0 45
0 46
0 47
0 48
0 49
0 50
0 51
0 52
0 53
0 54
0 55
1 56
1 57
1 58
1 3
1 5
1 59
1 60
1 61
1 62
1 8
1 63
1 64
1 65
1 66
1 10
1 67
1 68
1 13
1 69
1 70
1 71
1 19
1 72
1 73
1 74
1 75
1 21
1 76
1 77
1 23
1 78
1 79
1 80
1 81
1 82
1 83
1 84
1 27
1 85
1 33
1 35
1 37
1 86
1 38
1 87
1 88
1 39
1 41
1 42
1 89
1 90
1 46
1 91
1 47
1 92
1 93
1 94
1 95
1 50
1 51
1 96
1 97
1 98
1 55
2 99
2 3
2 5
2 61
2 7
2 100
2 63
2 65
2 66
2 10
2 67
2 12
2 101
2 69
2 102
2 18
2 71
2 72
2 103
2 104
2 105
2 106
2 21
2 107
2 76
2 77
2 23
2 78
2 80
2 81
2 83
2 84
2 108
2 109
2 110
2 32
2 33
2 86
2 111
2 112
2 39
2 40
2 41
2 113
2 114
2 90
2 46
2 91
2 115
2 48
2 116
2 49
2 117
2 118
2 50
2 51
2 98
2 52
2 54
3 56
3 99
3 59
3 7
3 62
3 9
3 10
3 12
3 68
3 13
3 14
3 15
3 69
3 17
3 70
3 18
3 71
3 19
3 72
3 73
3 20
3 105
3 107
3 76
3 23
3 79
3 82
3 24
3 25
3 83
3 119
3 84
3 27
3 108
3 120
3 109
3 85
3 32
3 33
3 34
3 35
3 36
3 111
3 38
3 112
3 40
3 41
3 121
3 42
3 89
3 122
3 45
3 90
3 46
3 91
3 47
3 92
3 115
3 48
3 116
3 93
3 49
3 94
3 95
3 50
3 97
3 52
3 54
3 55
4 56
4 58
4 5
4 6
4 60
4 100
4 123
4 62
4 9
4 63
4 64
4 65
4 66
4 67
4 101
4 14
4 15
4 69
4 102
4 70
4 18
4 71
4 19
4 72
4 124
4 103
4 105
4 106
4 21
4 76
4 81
4 25
4 83
4 26
4 84
4 27
4 120
4 31
4 34
4 35
4 36
4 86
4 111
4 87
4 39
4 121
4 42
4 44
4 122
4 45
4 113
4 114
4 90
4 46
4 47
4 48
4 93
4 94
4 117
4 50
4 51
4 97
5 56
5 99
5 58
5 59
5 60
5 100
5 123
5 62
5 63
5 65
5 66
5 125
5 10
5 67
5 12
5 68
5 16
5 17
5 102
5 124
5 103
5 74
5 20
5 75
5 22
5 23
5 78
5 80
5 82
5 25
5 26
5 28
5 30
5 33
5 35
5 36
5 86
5 38
5 87
5 39
5 41
5 42
5 89
5 44
5 45
5 113
5 114
5 90
5 46
5 47
5 116
5 49
5 94
5 51
5 126
5 97
5 54
5 55
6 56
6 99
6 58
6 60
6 8
6 65
6 125
6 67
6 101
6 14
6 15
6 16
6 69
6 17
6 18
6 71
6 127
6 72
6 124
6 73
6 74
6 20
6 105
6 75
6 21
6 22
6 77
6 79
6 81
6 82
6 25
6 120
6 30
6 85
6 32
6 34
6 35
6 36
6 86
6 112
6 121
6 42
6 89
6 43
6 44
6 45
6 90
6 115
6 93
6 50
6 126
6 97
6 98
6 55
7 60
7 61
7 123
7 8
7 9
7 64
7 66
7 125
7 10
7 11
7 13
7 17
7 18
7 71
7 127
7 104
7 105
7 106
7 107
7 77
7 79
7 25
7 83
7 119
7 28
7 85
7 32
7 34
7 35
7 37
7 86
7 38
7 88
7 39
7 41
7 89
7 43
7 44
7 122
7 45
7 114
7 46
7 92
7 115
7 93
7 49
7 50
7 51
7 126
7 97
7 55
8 56
8 57
8 58
8 64
8 65
8 67
8 11
8 68
8 13
8 14
8 15
8 69
8 102
8 124
8 73
8 103
8 74
8 104
8 107
8 76
8 23
8 78
8 80
8 81
8 25
8 119
8 26
8 28
8 120
8 30
8 33
8 36
8 87
8 88
8 40
8 121
8 89
8 43
8 45
8 113
8 91
8 47
8 92
8 48
8 93
8 49
8 94
8 95
8 118
8 50
8 97
8 52
9 56
9 57
9 100
9 63
9 65
9 10
9 67
9 16
9 18
9 71
9 127
9 72
9 124
9 74
9 20
9 105
9 106
9 21
9 107
9 76
9 22
9 79
9 80
9 81
9 24
9 25
9 83
9 27
9 108
9 120
9 109
9 30
9 85
9 110
9 34
9 36
9 86
9 111
9 39
9 40
9 41
9 121
9 44
9 122
9 90
9 91
9 92
9 115
9 48
9 116
9 93
9 49
9 94
9 117
9 118
9 50
9 96
9 97
9 98
9 53
9 55
10 56
10 59
10 100
10 123
10 62
10 63
10 64
10 66
10 67
10 11
10 12
10 101
10 13
10 14
10 17
10 102
10 70
10 18
10 71
10 19
10 124
10 73
10 20
10 104
10 106
10 21
10 107
10 76
10 22
10 23
10 79
10 80
10 81
10 82
10 24
10 119
10 26
10 27
10 108
10 120
10 109
10 85
10 33
10 36
10 37
10 111
10 38
10 87
10 112
10 88
10 40
10 41
10 44
10 122
10 45
10 91
10 47
10 115
10 116
10 93
10 94
10 118
10 50
10 51
10 126
10 53
10 55
11 99
11 57
11 58
11 60
11 123
11 62
11 64
11 65
11 125
11 67
11 68
11 101
11 13
11 15
11 16
11 69
11 17
11 102
11 71
11 127
11 72
11 73
11 104
11 75
11 22
11 23
11 80
11 25
11 26
11 84
11 28
11 108
11 120
11 85
11 110
11 31
11 32
11 35
11 36
11 37
11 38
11 39
11 40
11 121
11 42
11 89
11 122
11 90
11 46
11 92
11 116
11 49
11 117
11 95
11 118
11 51
11 126
11 97
11 52
12 99
12 58
12 59
12 100
12 63
12 65
12 66
12 125
12 67
12 68
12 13
12 16
12 69
12 102
12 70
12 18
12 71
12 19
12 124
12 73
12 103
12 105
12 75
12 21
12 76
12 78
12 82
12 25
12 83
12 119
12 26
12 27
12 29
12 110
12 31
12 33
12 36
12 37
12 86
12 111
12 38
12 41
12 42
12 44
12 122
12 113
12 90
12 46
12 91
12 47
12 92
12 115
12 48
12 117
12 118
12 50
12 97
12 98
12 53
12 54
12 55
13 58
13 59
13 100
13 62
13 65
13 125
13 67
13 14
13 16
13 17
13 102
13 71
13 72
13 73
13 103
13 74
13 105
13 75
13 21
13 76
13 22
13 77
13 23
13 80
13 81
13 24
13 119
13 84
13 108
13 109
13 85
13 31
13 33
13 35
13 36
13 37
13 86
13 38
13 87
13 40
13 42
13 89
13 43
13 113
13 114
13 46
13 92
13 48
13 95
13 118
13 50
13 51
13 126
13 53
13 55
14 56
14 99
14 59
14 60
14 100
14 65
14 66
14 101
14 16
14 69
14 17
14 70
14 18
14 71
14 127
14 124
14 103
14 20
14 104
14 106
14 76
14 22
14 78
14 79
14 81
14 25
14 84
14 27
14 28
14 120
14 109
14 29
14 30
14 85
14 110
14 32
14 36
14 87
14 112
14 41
14 90
14 46
14 48
14 49
14 94
14 95
14 118
14 50
14 96
14 97
14 54
14 55
15 56
15 99
15 57
15 58
15 59
15 60
15 61
15 100
15 123
15 62
15 63
15 66
15 67
15 17
15 18
15 20
15 106
15 21
15 107
15 77
15 23
15 80
15 82
15 24
15 26
15 84
15 27
15 108
15 120
15 30
15 32
15 34
15 36
15 86
15 111
15 38
15 87
15 39
15 41
15 42
15 44
15 122
15 113
15 46
15 91
15 47
15 92
15 115
15 93
15 94
15 95
15 118
15 96
15 126
15 97
15 98
15 52
15 53
15 55
16 56
16 58
16 60
16 61
16 64
16 65
16 68
16 69
16 17
16 102
16 70
16 71
16 127
16 72
16 124
16 73
16 103
16 106
16 107
16 76
16 77
16 23
16 79
16 80
16 25
16 27
16 28
16 108
16 120
16 109
16 31
16 33
16 35
16 36
16 37
16 86
16 111
16 38
16 112
16 88
16 40
16 41
16 121
16 89
16 44
16 122
16 46
16 47
16 92
16 115
16 48
16 116
16 93
16 49
16 95
16 118
16 96
16 126
16 97
16 98
17 99
17 57
17 60
17 62
17 64
17 66
17 125
17 70
17 18
17 127
17 72
17 73
17 74
17 20
17 75
17 21
17 76
17 22
17 77
17 23
17 78
17 79
17 80
17 82
17 25
17 119
17 84
17 27
17 28
17 120
17 109
17 30
17 85
17 110
17 31
17 35
17 36
17 87
17 121
17 42
17 43
17 44
17 114
17 90
17 46
17 91
17 92
17 93
17 94
17 117
17 95
17 126
17 98
17 55
18 56
18 57
18 60
18 100
18 123
18 63
18 101
18 71
18 127
18 73
18 103
18 74
18 20
18 75
18 106
18 21
18 107
18 22
18 82
18 24
18 83
18 26
18 27
18 108
18 109
18 29
18 31
18 34
18 35
18 36
18 37
18 38
18 87
18 112
18 40
18 42
18 89
18 43
18 44
18 122
18 45
18 113
18 114
18 47
18 92
18 115
18 48
18 116
18 93
18 94
18 117
18 118
18 51
18 98
18 52
18 53
18 54
19 57
19 59
19 60
19 61
19 62
19 64
19 65
19 66
19 125
19 67
19 101
19 102
19 71
19 127
19 72
19 124
19 20
19 104
19 107
19 76
19 78
19 79
19 80
19 82
19 25
19 83
19 26
19 27
19 28
19 108
19 109
19 30
19 85
19 31
19 32
19 36
19 37
19 86
19 38
19 87
19 40
19 41
19 89
19 43
19 114
19 90
19 46
19 91
19 48
19 116
19 49
19 94
19 95
19 50
19 97
19 98
19 55
19 35
19 111
19 53
19 123
19 68
19 39
20 56
20 57
20 60
20 62
20 63
20 65
20 66
20 67
20 68
20 101
20 69
20 102
20 70
20 71
20 127
20 74
20 104
20 105
20 75
20 106
20 107
20 76
20 22
20 77
20 23
20 78
20 81
20 24
20 83
20 119
20 26
20 27
20 108
20 120
20 109
20 29
20 30
20 31
20 33
20 37
20 86
20 87
20 88
20 39
20 41
20 121
20 89
20 43
20 44
20 122
20 45
20 46
20 91
20 47
20 115
20 48
20 116
20 95
20 96
20 97
20 98
20 52
20 53
20 55
21 56
21 57
21 58
21 100
21 125
21 68
21 69
21 102
21 70
21 71
21 127
21 73
21 103
21 74
21 105
21 75
21 77
21 23
21 80
21 82
21 24
21 83
21 26
21 27
21 120
21 85
21 33
21 35
21 36
21 86
21 38
21 112
21 88
21 41
21 43
21 122
21 113
21 90
21 46
21 91
21 47
21 48
21 116
21 93
21 94
21 117
21 50
21 51
21 126
21 97
21 98
21 54
22 99
22 59
22 61
22 100
22 123
22 65
22 67
22 101
22 71
22 73
22 103
22 74
22 107
22 77
22 24
22 25
22 83
22 26
22 84
22 108
22 109
22 29
22 30
22 110
22 32
22 34
22 35
22 37
22 87
22 89
22 90
22 46
22 91
22 47
22 92
22 48
22 116
22 118
22 50
22 51
22 96
22 126
22 98
22 55
23 56
23 99
23 59
23 60
23 123
23 62
23 63
23 64
23 66
23 68
23 69
23 70
23 124
23 74
23 75
23 106
23 107
23 76
23 78
23 80
23 82
23 24
23 25
23 119
23 84
23 27
23 108
23 120
23 109
23 110
23 32
23 33
23 34
23 37
23 87
23 112
23 88
23 41
23 42
23 44
23 45
23 90
23 92
23 115
23 48
23 93
23 118
23 126
23 97
23 98
24 99
24 59
24 61
24 100
24 125
24 67
24 101
24 69
24 102
24 70
24 127
24 72
24 74
24 75
24 106
24 77
24 78
24 79
24 80
24 82
24 25
24 83
24 26
24 27
24 28
24 108
24 85
24 110
24 31
24 35
24 112
24 88
24 40
24 41
24 42
24 89
24 44
24 45
24 47
24 92
24 49
24 94
24 50
24 51
24 96
24 98
24 53
24 54
25 56
25 58
25 60
25 100
25 64
25 68
25 101
25 69
25 70
25 124
25 105
25 75
25 78
25 80
25 81
25 26
25 28
25 108
25 30
25 85
25 110
25 33
25 34
25 37
25 86
25 40
25 41
25 122
25 45
25 113
25 114
25 46
25 115
25 116
25 93
25 49
25 94
25 50
25 96
25 126
25 53
26 99
26 57
26 59
26 60
26 61
26 63
26 64
26 125
26 68
26 101
26 102
26 70
26 71
26 72
26 124
26 74
26 104
26 107
26 79
26 83
26 84
26 27
26 108
26 120
26 29
26 30
26 31
26 32
26 33
26 34
26 35
26 86
26 112
26 40
26 41
26 121
26 42
26 44
26 45
26 114
26 46
26 115
26 94
26 95
26 51
26 96
26 52
26 53
26 55
27 58
27 123
27 62
27 64
27 67
27 101
27 102
27 70
27 127
27 72
27 73
27 104
27 75
27 76
27 77
27 78
27 81
27 83
27 84
27 28
27 110
27 31
27 32
27 36
27 111
27 38
27 87
27 112
27 88
27 41
27 44
27 90
27 47
27 92
27 115
27 48
27 93
27 95
27 50
27 96
27 98
27 53
27 55
28 99
28 60
28 61
28 63
28 66
28 125
28 67
28 69
28 70
28 71
28 72
28 73
28 103
28 104
28 105
28 75
28 106
28 107
28 77
28 78
28 81
28 119
28 29
28 30
28 110
28 31
28 33
28 36
28 37
28 86
28 112
28 88
28 39
28 40
28 42
28 113
28 90
28 46
28 116
28 93
28 117
28 95
28 50
28 51
28 126
28 97
28 98
28 52
28 53
29 99
29 58
29 60
29 123
29 63
29 67
29 68
29 127
29 124
29 73
29 103
29 74
29 104
29 106
29 78
29 79
29 82
29 84
29 120
29 30
29 110
29 31
29 36
29 111
29 38
29 87
29 41
29 42
29 89
29 43
29 45
29 113
29 90
29 46
29 47
29 92
29 115
29 116
29 117
29 95
29 118
29 51
30 99
30 59
30 100
30 123
30 62
30 63
30 64
30 66
30 125
30 67
30 69
30 71
30 72
30 124
30 73
30 74
30 104
30 105
30 107
30 76
30 77
30 80
30 119
30 84
30 109
30 31
30 32
30 35
30 87
30 88
30 40
30 43
30 45
30 113
30 114
30 90
30 46
30 91
30 92
30 48
30 116
30 93
30 49
30 94
30 117
30 96
30 126
30 97
30 98
31 56
31 57
31 58
31 59
31 60
31 123
31 63
31 64
31 65
31 67
31 68
31 101
31 69
31 102
31 124
31 103
31 74
31 105
31 75
31 107
31 77
31 78
31 80
31 83
31 119
31 84
31 109
31 85
31 32
31 34
31 35
31 36
31 37
31 87
31 112
31 88
31 121
31 89
31 44
31 122
31 45
31 113
31 114
31 46
31 93
31 49
31 94
31 117
31 95
31 118
31 50
31 51
31 97
31 52
31 53
31 111
31 104
31 39
32 57
32 123
32 62
32 63
32 64
32 66
32 125
32 101
32 69
32 102
32 71
32 73
32 74
32 75
32 106
32 107
32 77
32 79
32 80
32 81
32 119
32 110
32 33
32 34
32 37
32 38
32 112
32 88
32 39
32 40
32 121
32 42
32 43
32 44
32 122
32 113
32 91
32 47
32 116
32 93
32 49
32 95
32 118
32 50
32 51
32 96
32 126
32 98
32 52
32 53
32 54
33 56
33 57
33 59
33 60
33 100
33 62
33 63
33 64
33 125
33 67
33 101
33 69
33 102
33 70
33 72
33 124
33 73
33 107
33 76
33 77
33 120
33 85
33 35
33 36
33 112
33 41
33 42
33 122
33 45
33 113
33 90
33 92
33 116
33 94
33 117
33 118
33 50
33 51
33 96
33 97
33 98
33 53
33 55
34 56
34 99
34 57
34 58
34 60
34 62
34 63
34 127
34 72
34 73
34 103
34 74
34 104
34 105
34 107
34 76
34 77
34 79
34 82
34 83
34 119
34 84
34 108
34 109
34 85
34 36
34 86
34 111
34 39
34 41
34 42
34 45
34 113
34 46
34 49
34 94
34 117
34 126
34 97
34 52
34 53
35 56
35 57
35 58
35 123
35 62
35 65
35 66
35 125
35 68
35 102
35 127
35 124
35 103
35 75
35 106
35 107
35 77
35 83
35 119
35 84
35 109
35 85
35 36
35 38
35 112
35 88
35 40
35 89
35 43
35 122
35 45
35 113
35 91
35 47
35 48
35 116
35 49
35 94
35 117
35 95
35 50
35 96
35 52
35 55
35 46
35 87
35 97
35 60
35 111
35 53
35 104
35 39
36 56
36 57
36 58
36 62
36 65
36 125
36 67
36 101
36 71
36 72
36 124
36 103
36 104
36 105
36 107
36 77
36 78
36 79
36 81
36 82
36 119
36 120
36 109
36 85
36 110
36 37
36 111
36 38
36 88
36 39
36 40
36 41
36 121
36 45
36 113
36 114
36 90
36 92
36 115
36 48
36 93
36 117
36 118
36 51
36 96
36 126
36 97
36 98
36 52
36 55
37 56
37 58
37 61
37 125
37 101
37 127
37 72
37 124
37 105
37 75
37 107
37 76
37 79
37 80
37 82
37 119
37 108
37 120
37 109
37 86
37 38
37 87
37 112
37 39
37 40
37 42
37 89
37 44
37 122
37 113
37 114
37 90
37 46
37 91
37 115
37 49
37 94
37 95
37 118
37 50
37 126
37 98
37 53
37 55
38 99
38 57
38 59
38 100
38 62
38 63
38 64
38 68
38 101
38 70
38 127
38 124
38 104
38 77
38 79
38 80
38 81
38 119
38 108
38 120
38 109
38 86
38 87
38 112
38 41
38 121
38 89
38 122
38 113
38 90
38 91
38 116
38 49
38 51
38 96
38 52
38 54
38 55
39 99
39 59
39 60
39 100
39 63
39 66
39 67
39 68
39 69
39 102
39 127
39 73
39 75
39 78
39 80
39 85
39 110
39 111
39 87
39 112
39 121
39 89
39 43
39 122
39 45
39 113
39 46
39 47
39 92
39 48
39 118
39 96
39 126
39 52
39 49
39 83
39 97
39 107
39 53
39 104
39 123
39 65
39 95
39 57
40 56
40 59
40 60
40 100
40 62
40 64
40 65
40 66
40 125
40 67
40 101
40 69
40 70
40 127
40 124
40 75
40 106
40 77
40 80
40 82
40 83
40 84
40 120
40 86
40 87
40 112
40 88
40 121
40 43
40 122
40 45
40 114
40 90
40 91
40 115
40 116
40 93
40 117
40 95
40 118
40 51
40 98
40 54
40 55
41 57
41 59
41 65
41 66
41 101
41 102
41 71
41 73
41 103
41 74
41 104
41 105
41 75
41 106
41 107
41 76
41 77
41 78
41 79
41 84
41 108
41 120
41 109
41 110
41 86
41 111
41 112
41 122
41 45
41 46
41 91
41 92
41 48
41 93
41 49
41 94
41 117
41 95
41 118
41 126
41 53
42 99
42 57
42 58
42 59
42 60
42 100
42 123
42 62
42 63
42 65
42 67
42 101
42 70
42 71
42 127
42 72
42 124
42 105
42 107
42 77
42 79
42 80
42 119
42 108
42 120
42 109
42 110
42 86
42 87
42 112
42 88
42 43
42 44
42 45
42 114
42 91
42 47
42 92
42 116
42 93
42 49
42 94
42 118
42 96
42 126
42 97
42 52
42 53
42 54
42 55
43 99
43 58
43 61
43 100
43 123
43 64
43 125
43 101
43 69
43 102
43 70
43 124
43 74
43 105
43 75
43 107
43 77
43 78
43 79
43 108
43 109
43 85
43 86
43 87
43 88
43 121
43 44
43 122
43 45
43 113
43 90
43 46
43 93
43 49
43 94
43 118
43 50
43 126
43 53
44 56
44 59
44 60
44 100
44 63
44 64
44 65
44 67
44 68
44 70
44 127
44 73
44 103
44 104
44 105
44 75
44 107
44 77
44 119
44 84
44 120
44 109
44 86
44 111
44 87
44 121
44 45
44 114
44 90
44 46
44 91
44 116
44 93
44 49
44 118
44 50
44 96
44 126
44 97
44 53
44 54
44 55
45 57
45 59
45 61
45 63
45 64
45 125
45 67
45 68
45 69
45 102
45 70
45 71
45 127
45 72
45 124
45 103
45 74
45 104
45 105
45 75
45 76
45 77
45 78
45 81
45 82
45 120
45 109
45 87
45 112
45 88
45 121
45 89
45 122
45 113
45 46
45 47
45 48
45 116
45 93
45 49
45 117
45 118
45 96
45 126
45 97
45 98
45 54
45 55
46 56
46 58
46 59
46 60
46 61
46 63
46 66
46 125
46 67
46 68
46 69
46 102
46 70
46 127
46 124
46 103
46 74
46 107
46 76
46 77
46 79
46 80
46 81
46 83
46 108
46 109
46 85
46 110
46 86
46 87
46 112
46 88
46 89
46 91
46 47
46 48
46 49
46 117
46 95
46 51
46 126
46 97
46 111
46 53
46 104
46 123
46 65
46 57
47 99
47 58
47 60
47 61
47 123
47 63
47 64
47 65
47 66
47 125
47 67
47 101
47 69
47 102
47 71
47 127
47 73
47 103
47 74
47 75
47 106
47 77
47 79
47 81
47 83
47 119
47 109
47 85
47 110
47 112
47 89
47 113
47 114
47 115
47 48
47 93
47 94
47 117
47 50
47 126
47 98
47 52
47 55
48 99
48 57
48 58
48 123
48 62
48 125
48 69
48 70
48 71
48 127
48 72
48 74
48 104
48 77
48 78
48 81
48 82
48 119
48 108
48 86
48 88
48 89
48 114
48 91
48 92
48 115
48 116
48 49
48 95
48 50
48 126
48 53
48 54
48 55
49 57
49 58
49 59
49 60
49 123
49 64
49 65
49 67
49 101
49 69
49 71
49 127
49 72
49 124
49 73
49 103
49 105
49 75
49 106
49 107
49 76
49 80
49 83
49 119
49 84
49 108
49 120
49 109
49 85
49 110
49 87
49 122
49 95
49 50
49 51
49 126
49 97
49 53
49 55
49 111
49 104
49 68
50 56
50 59
50 100
50 64
50 65
50 125
50 71
50 127
50 72
50 103
50 76
50 78
50 79
50 108
50 120
50 110
50 86
50 111
50 87
50 112
50 121
50 89
50 113
50 91
50 116
50 93
50 117
50 95
50 118
50 96
50 126
50 98
50 52
51 56
51 99
51 59
51 100
51 62
51 64
51 65
51 66
51 125
51 101
51 69
51 70
51 71
51 73
51 103
51 74
51 75
51 106
51 107
51 78
51 80
51 82
51 84
51 120
51 85
51 110
51 111
51 112
51 88
51 121
51 89
51 114
51 92
51 93
51 95
51 118
51 126
51 97
51 98
51 55
52 56
52 58
52 59
52 60
52 61
52 100
52 123
52 62
52 63
52 64
52 66
52 101
52 69
52 102
52 71
52 127
52 124
52 103
52 74
52 104
52 75
52 107
52 77
52 80
52 82
52 108
52 120
52 85
52 110
52 87
52 112
52 121
52 113
52 92
52 115
52 93
52 94
52 95
52 97
52 54
53 56
53 58
53 60
53 123
53 62
53 64
53 65
53 66
53 125
53 67
53 68
53 102
53 70
53 127
53 104
53 75
53 107
53 76
53 77
53 78
53 79
53 81
53 82
53 83
53 84
53 108
53 87
53 112
53 88
53 113
53 91
53 92
53 116
53 93
53 117
53 95
53 96
53 126
53 98
53 55
53 85
53 97
53 111
53 57
54 99
54 60
54 61
54 100
54 62
54 64
54 125
54 69
54 124
54 73
54 103
54 106
54 76
54 77
54 78
54 80
54 84
54 108
54 120
54 110
54 86
54 87
54 89
54 113
54 114
54 92
54 93
54 94
54 95
54 96
54 126
54 97
54 98
54 55
55 58
55 60
55 61
55 100
55 62
55 63
55 64
55 67
55 68
55 101
55 102
55 127
55 73
55 74
55 77
55 78
55 79
55 81
55 82
55 83
55 84
55 120
55 109
55 85
55 110
55 112
55 88
55 121
55 122
55 90
55 91
55 94
55 117
55 95
55 96
55 98
56 58
56 59
56 60
56 123
56 63
56 64
56 67
56 68
56 101
56 72
56 124
56 104
56 105
56 106
56 107
56 78
56 81
56 83
56 119
56 84
56 108
56 109
56 85
56 110
56 86
56 87
56 88
56 89
56 113
56 114
56 92
56 94
56 98
57 58
57 59
57 60
57 63
57 65
57 67
57 68
57 101
57 72
57 124
57 104
57 105
57 106
57 81
57 84
57 109
57 85
57 110
57 87
57 92
57 94
57 98
57 61
57 125
57 69
57 102
57 74
57 76
57 77
57 82
57 120
57 111
57 112
57 121
57 91
57 115
57 95
57 118
57 96
57 97
57 83
57 107
57 123
58 99
58 100
58 62
58 64
58 66
58 67
58 69
58 70
58 124
58 75
58 77
58 81
58 82
58 84
58 89
58 122
58 90
58 92
58 115
58 93
58 94
58 98
59 60
59 61
59 62
59 64
59 67
59 68
59 102
59 70
59 71
59 72
59 104
59 75
59 106
59 76
59 77
59 79
59 81
59 82
59 83
59 119
59 84
59 85
59 86
59 111
59 87
59 88
59 89
59 122
59 91
59 115
59 93
59 118
60 99
60 61
60 100
60 62
60 63
60 64
60 125
60 67
60 102
60 71
60 72
60 103
60 74
60 104
60 105
60 106
60 107
60 77
60 78
60 80
60 81
60 83
60 85
60 86
60 111
60 87
60 89
60 113
60 90
60 117
60 95
60 118
60 96
60 97
60 123
60 65
60 68
61 64
61 65
61 68
61 101
61 124
61 104
61 105
61 106
61 81
61 109
61 85
61 110
61 87
61 88
61 113
61 114
61 94
61 99
61 100
61 62
61 66
61 125
61 71
61 127
61 73
61 103
61 74
61 75
61 77
61 82
61 120
61 111
61 122
61 91
61 115
61 116
61 117
61 95
61 118
61 126
61 97
62 64
62 67
62 101
62 72
62 104
62 105
62 106
62 107
62 78
62 83
62 119
62 84
62 108
62 109
62 86
62 88
62 89
62 113
62 114
62 92
62 94
62 125
62 69
62 102
62 70
62 71
62 127
62 73
62 103
62 74
62 75
62 77
62 79
62 82
62 120
62 90
62 93
62 117
62 118
63 123
63 100
63 67
63 101
63 69
63 102
63 127
63 72
63 103
63 74
63 104
63 75
63 76
63 77
63 78
63 79
63 81
63 108
63 109
63 85
63 111
63 112
63 88
63 121
63 122
63 114
63 92
63 93
63 118
63 96
63 126
63 98
64 99
64 125
64 68
64 101
64 69
64 70
64 71
64 127
64 72
64 124
64 103
64 74
64 104
64 105
64 107
64 76
64 78
64 82
64 83
64 84
64 120
64 85
64 110
64 111
64 87
64 88
64 121
64 89
64 122
64 114
64 90
64 91
64 92
64 115
64 116
64 93
64 117
65 67
65 101
65 102
65 70
65 71
65 127
65 75
65 78
65 81
65 83
65 119
65 120
65 85
65 87
65 112
65 113
65 90
65 91
65 115
65 94
65 117
65 96
65 98
65 97
65 107
65 111
65 104
65 123
65 95
65 68
66 67
66 68
66 101
66 72
66 124
66 105
66 107
66 78
66 83
66 109
66 110
66 86
66 87
66 114
66 98
66 99
66 125
66 69
66 102
66 70
66 73
66 74
66 75
66 76
66 77
66 80
66 121
66 90
66 115
66 116
66 97
67 125
67 101
67 102
67 70
67 72
67 124
67 73
67 103
67 74
67 105
67 80
67 81
67 83
67 84
67 108
67 120
67 85
67 112
67 88
67 89
67 122
67 90
67 115
67 116
67 93
67 94
67 117
67 118
67 98
68 99
68 125
68 102
68 70
68 72
68 124
68 73
68 104
68 105
68 107
68 76
68 79
68 81
68 119
68 108
68 120
68 111
68 112
68 88
68 121
68 91
68 92
68 93
68 117
68 97
68 98
68 85
68 83
68 87
68 123
68 95
69 123
69 101
69 72
69 105
69 107
69 78
69 81
69 108
69 110
69 89
69 92
69 99
69 100
69 70
69 71
69 73
69 103
69 75
69 76
69 80
69 112
69 91
69 115
69 118
69 97
70 104
70 107
70 78
70 109
70 85
70 86
70 87
70 89
70 113
70 98
70 71
70 127
70 103
70 76
70 120
70 122
70 90
70 93
70 95
70 96
70 97
71 123
71 101
71 106
71 107
71 78
71 81
71 119
71 84
71 109
71 87
71 89
71 114
71 92
71 125
71 102
71 127
71 80
71 82
71 120
71 112
71 115
71 116
71 93
71 96
71 126
72 123
72 125
72 102
72 127
72 73
72 74
72 104
72 105
72 75
72 106
72 76
72 80
72 82
72 83
72 119
72 84
72 108
72 120
72 109
72 86
72 111
72 87
72 112
72 121
72 89
72 114
72 91
72 115
72 116
72 117
72 97
72 98
73 124
73 105
73 106
73 78
73 108
73 109
73 85
73 110
73 87
73 88
73 89
73 114
73 94
73 99
73 100
73 125
73 102
73 127
73 74
73 75
73 76
73 79
73 80
73 120
73 112
73 121
73 91
73 115
73 117
73 96
73 126
74 101
74 107
74 78
74 81
74 119
74 85
74 86
74 88
74 89
74 113
74 114
74 92
74 94
74 100
74 112
74 90
74 93
74 117
74 118
74 126
74 97
75 123
75 101
75 124
75 107
75 78
75 81
75 83
75 108
75 109
75 85
75 86
75 88
75 89
75 94
75 125
75 103
75 76
75 80
75 111
75 121
75 93
75 95
75 118
75 96
76 124
76 81
76 83
76 84
76 85
76 110
76 87
76 88
76 114
76 92
76 98
76 125
76 79
76 80
76 82
76 120
76 122
76 91
76 115
76 93
76 117
76 96
76 126
76 97
77 101
77 104
77 105
77 106
77 84
77 108
77 86
77 87
77 89
77 113
77 94
77 98
77 127
77 80
77 112
77 121
77 116
78 123
78 105
78 106
78 107
78 99
78 100
78 125
78 102
78 103
78 79
78 80
78 81
78 82
78 109
78 85
78 111
78 87
78 112
78 88
78 122
78 114
78 90
78 91
78 92
78 116
78 93
78 117
78 126
78 97
78 98
79 123
79 101
79 124
79 104
79 106
79 107
79 81
79 83
79 109
79 85
79 110
79 86
79 87
79 88
79 113
79 92
79 94
79 98
79 127
79 103
79 80
79 82
79 120
79 121
79 115
79 116
79 117
79 95
79 126
80 123
80 124
80 104
80 105
80 106
80 119
80 109
80 85
80 110
80 87
80 89
80 125
80 127
80 120
80 111
80 112
80 121
80 91
80 116
80 93
80 117
80 95
80 126
80 97
81 104
81 99
81 100
81 125
81 82
81 119
81 84
81 108
81 120
81 111
81 87
81 112
81 88
81 121
81 122
81 113
81 90
81 91
81 92
81 115
81 116
81 93
81 96
81 126
81 97
81 98
82 123
82 124
82 106
82 119
82 84
82 108
82 109
82 85
82 86
82 87
82 88
82 89
82 113
82 100
82 125
82 127
82 111
82 115
82 126
83 123
83 101
83 124
83 104
83 105
83 106
83 107
83 102
83 103
83 108
83 109
83 85
83 110
83 86
83 111
83 87
83 89
83 122
83 114
83 91
83 92
83 93
83 97
83 98
83 95
84 101
84 124
84 99
84 100
84 108
84 121
84 122
84 91
84 115
84 116
84 93
84 94
84 118
84 126
85 123
85 124
85 105
85 106
85 107
85 119
85 108
85 109
85 99
85 125
85 127
85 120
85 87
85 112
85 121
85 90
85 92
85 93
85 95
85 126
85 97
85 111
85 104
86 101
86 105
86 106
86 107
86 119
86 109
86 99
86 125
86 127
86 112
86 121
86 90
86 92
86 116
86 95
86 96
86 126
86 97
86 98
87 101
87 104
87 105
87 106
87 107
87 119
87 108
87 99
87 120
87 112
87 121
87 89
87 122
87 114
87 92
87 116
87 97
87 111
87 123
87 95
88 123
88 104
88 105
88 107
88 119
88 110
88 99
88 100
88 125
88 127
88 121
88 91
88 92
88 93
88 117
88 95
89 101
89 106
89 109
89 110
89 99
89 125
89 127
89 120
89 112
89 121
89 93
89 94
89 117
89 126
89 97
89 98
90 123
90 101
90 124
90 104
90 105
90 106
90 119
90 92
90 94
90 98
90 99
90 125
90 103
90 91
90 93
90 118
90 126
90 97
91 123
91 101
91 124
91 105
91 119
91 108
91 109
91 110
91 98
91 102
91 103
91 111
91 115
91 95
91 126
91 97
92 101
92 104
92 105
92 106
92 108
92 109
92 100
92 102
92 120
92 111
92 112
92 121
92 122
92 116
92 117
92 95
92 126
92 97
92 98
93 101
93 124
93 105
93 119
93 108
93 113
93 114
93 94
93 102
93 121
93 122
93 117
93 126
93 97
94 101
94 124
94 107
94 109
94 110
94 99
94 127
94 120
94 116
94 117
94 95
94 96
94 126
95 106
95 107
95 119
95 113
95 99
95 100
95 125
95 102
95 117
95 97
95 111
95 104
95 123
96 101
96 104
96 108
96 109
96 113
96 114
96 99
96 125
96 102
96 103
96 121
96 115
96 118
96 97
97 123
97 104
97 105
97 107
97 119
97 110
97 113
97 98
97 100
97 125
97 111
97 112
97 121
97 122
97 116
97 117
97 118
98 101
98 124
98 105
98 106
98 119
98 109
98 110
98 113
98 114
98 100
98 102
98 127
98 120
98 111
98 121
98 115
98 117
98 118
98 126
99 124
99 104
99 105
99 106
99 107
99 108
99 113
99 114
99 100
99 127
99 120
99 111
99 121
99 117
100 123
100 101
100 124
100 108
100 114
100 125
100 103
100 120
100 112
100 115
100 116
100 126
101 102
101 124
101 106
101 119
101 120
101 109
101 110
101 111
101 121
101 122
101 113
101 114
101 126
102 124
102 104
102 106
102 119
102 109
102 110
102 113
102 127
102 120
102 111
102 117
102 125
102 103
102 112
102 115
102 116
102 118
102 126
103 123
103 124
103 106
103 107
103 109
103 127
103 111
103 117
103 112
103 115
103 116
104 106
104 108
104 120
104 110
104 111
104 121
104 122
104 114
104 115
104 116
104 107
104 123
105 125
105 127
105 106
105 109
105 112
105 114
105 116
105 118
105 126
106 124
106 125
106 127
106 119
106 108
106 120
106 111
106 112
106 113
107 127
107 119
107 108
107 120
107 109
107 110
107 111
107 112
107 123
108 123
108 125
108 127
108 120
108 121
108 122
108 113
108 115
108 117
108 118
108 126
109 123
109 110
109 113
109 114
109 115
109 116
109 118
109 126
110 124
110 119
110 120
110 112
110 113
111 113
111 120
111 125
111 112
111 116
111 117
111 118
111 123
112 123
112 113
112 127
112 125
112 115
112 118
113 125
113 120
113 121
113 114
113 117
113 118
114 123
114 125
114 120
114 121
114 115
114 116
114 126
115 123
115 127
115 120
115 125
115 122
115 126
116 119
116 121
116 125
116 122
116 118
117 121
118 124
118 119
118 127
118 122
119 123
119 124
119 126
120 121
120 126
121 125
121 126
123 124
123 126
124 127
124 126
125 126
126 127
