0 1
0 2
0 3
0 4
0 5
0 6
0 7
0 8
0 9
0 10
0 11
0 13
0 14
0 15
0 16
0 17
0 18
0 19
0 20
0 21
0 22
0 23
0 24
0 25
0 26
0 27
0 28
0 29
0 30
0 31
0 32
0 33
0 34
0 35
0 36
0 37
0 38
0 39
0 40
0 41
0 42
0 43
0 44
0 45
0 46
0 47
0 48
0 49
0 50
0 51
0 52
0 53
0 54
0 55
0 56
0 57
0 58
0 59
0 60
1 61
1 2
1 3
1 4
1 62
1 5
1 6
1 7
1 63
1 8
1 10
1 64
1 12
1 13
1 65
1 15
1 16
1 18
1 19
1 20
1 66
1 21
1 67
1 22
1 23
1 24
1 25
1 68
1 69
1 26
1 70
1 71
1 72
1 73
1 30
1 74
1 75
1 76
1 77
1 34
1 78
1 79
1 36
1 80
1 81
1 82
1 83
1 41
1 44
1 84
1 46
1 85
1 47
1 86
1 87
1 88
1 49
1 89
1 50
1 51
1 90
1 52
1 53
1 91
1 54
1 55
1 56
1 92
1 93
1 58
1 94
1 95
1 59
1 29
1 37
1 97
1 9
1 125
1 127
2 3
2 7
2 63
2 8
2 96
2 11
2 64
2 97
2 13
2 98
2 14
2 15
2 16
2 19
2 99
2 66
2 67
2 23
2 24
2 25
2 68
2 69
2 100
2 27
2 70
2 28
2 73
2 101
2 30
2 102
2 75
2 103
2 104
2 32
2 33
2 34
2 78
2 79
2 105
2 38
2 81
2 106
2 107
2 43
2 108
2 44
2 84
2 46
2 47
2 88
2 89
2 50
2 51
2 90
2 53
2 91
2 54
2 55
2 109
2 110
2 93
2 111
2 112
3 5
3 113
3 64
3 12
3 15
3 16
3 17
3 19
3 66
3 68
3 69
3 26
3 27
3 28
3 101
3 29
3 30
3 74
3 75
3 104
3 35
3 106
3 39
3 82
3 83
3 41
3 42
3 44
3 46
3 86
3 48
3 88
3 114
3 49
3 89
3 51
3 90
3 52
3 53
3 91
3 109
3 115
3 93
3 58
3 111
4 6
4 116
4 8
4 9
4 96
4 113
4 10
4 11
4 64
4 12
4 97
4 13
4 65
4 14
4 17
4 18
4 19
4 99
4 21
4 67
4 24
4 25
4 26
4 100
4 71
4 117
4 118
4 74
4 75
4 103
4 33
4 35
4 78
4 80
4 81
4 39
4 82
4 40
4 41
4 42
4 44
4 119
4 47
4 49
4 50
4 51
4 52
4 53
4 91
4 56
4 109
4 93
4 58
4 59
4 60
4 112
5 61
5 62
5 96
5 113
5 10
5 64
5 12
5 97
5 65
5 15
5 17
5 18
5 20
5 21
5 23
5 24
5 68
5 120
5 26
5 72
5 118
5 73
5 30
5 75
5 76
5 103
5 32
5 33
5 34
5 35
5 105
5 39
5 83
5 41
5 107
5 43
5 121
5 44
5 122
5 84
5 119
5 46
5 85
5 123
5 47
5 86
5 87
5 88
5 114
5 50
5 51
5 53
5 91
5 54
5 56
5 109
5 92
5 115
5 110
5 93
5 95
5 112
6 61
6 62
6 63
6 8
6 9
6 64
6 14
6 15
6 16
6 17
6 18
6 19
6 20
6 66
6 67
6 24
6 68
6 100
6 70
6 117
6 72
6 73
6 74
6 75
6 31
6 76
6 77
6 33
6 34
6 78
6 36
6 105
6 81
6 39
6 40
6 83
6 42
6 107
6 124
6 44
6 122
6 84
6 123
6 88
6 114
6 49
6 89
6 51
6 90
6 91
6 55
6 56
6 125
6 57
6 115
6 58
6 94
6 95
6 59
6 60
6 112
7 116
7 8
7 96
7 113
7 11
7 64
7 97
7 13
7 98
7 15
7 19
7 66
7 21
7 22
7 23
7 24
7 68
7 69
7 120
7 100
7 72
7 118
7 73
7 74
7 75
7 31
7 76
7 103
7 104
7 33
7 36
7 38
7 106
7 39
7 41
7 107
7 108
7 121
7 44
7 122
7 45
7 84
7 46
7 85
7 123
7 86
7 87
7 48
7 89
7 50
7 53
7 91
7 54
7 56
7 109
7 92
7 115
7 95
7 59
7 60
7 112
8 61
8 62
8 9
8 96
8 113
8 10
8 11
8 12
8 97
8 13
8 98
8 65
8 16
8 17
8 126
8 19
8 20
8 66
8 67
8 22
8 23
8 24
8 25
8 68
8 69
8 26
8 100
8 70
8 117
8 118
8 73
8 101
8 29
8 74
8 75
8 31
8 103
8 104
8 32
8 33
8 34
8 79
8 36
8 37
8 38
8 81
8 106
8 40
8 124
8 121
8 44
8 122
8 46
8 85
8 47
8 48
8 88
8 114
8 50
8 52
8 53
8 54
8 56
8 125
8 109
8 92
8 93
8 58
8 94
8 60
8 112
8 127
9 62
9 116
9 10
9 11
9 64
9 13
9 14
9 16
9 126
9 18
9 99
9 66
9 22
9 24
9 120
9 26
9 27
9 70
9 28
9 72
9 73
9 75
9 76
9 77
9 34
9 78
9 36
9 37
9 80
9 81
9 82
9 41
9 42
9 107
9 43
9 124
9 121
9 122
9 46
9 85
9 123
9 47
9 48
9 88
9 89
9 50
9 52
9 54
9 55
9 56
9 109
9 57
9 115
9 110
9 58
9 95
9 111
9 112
9 15
9 23
9 93
9 90
9 71
9 29
9 97
9 12
9 87
9 83
9 125
9 69
9 127
10 61
10 116
10 96
10 113
10 11
10 13
10 15
10 16
10 99
10 66
10 21
10 23
10 24
10 25
10 69
10 71
10 28
10 117
10 72
10 101
10 30
10 75
10 77
10 103
10 104
10 35
10 79
10 36
10 105
10 80
10 38
10 81
10 106
10 82
10 107
10 108
10 121
10 44
10 122
10 119
10 123
10 86
10 87
10 88
10 50
10 51
10 90
10 53
10 54
10 55
10 56
10 115
10 93
10 58
10 94
10 59
10 60
10 112
11 113
11 64
11 97
11 98
11 15
11 16
11 17
11 126
11 18
11 99
11 21
11 23
11 25
11 68
11 70
11 28
11 117
11 30
11 102
11 31
11 104
11 34
11 81
11 106
11 82
11 40
11 83
11 42
11 43
11 108
11 124
11 121
11 45
11 85
11 47
11 86
11 48
11 88
11 49
11 91
11 55
11 109
11 57
11 115
11 110
11 93
12 61
12 96
12 14
12 17
12 20
12 21
12 26
12 70
12 117
12 30
12 74
12 76
12 103
12 32
12 33
12 34
12 35
12 79
12 39
12 83
12 124
12 121
12 122
12 45
12 119
12 85
12 87
12 88
12 89
12 51
12 90
12 91
12 54
12 56
12 125
12 115
12 93
12 94
12 59
12 111
12 60
12 112
12 15
12 23
12 81
12 73
12 36
12 50
12 71
12 29
12 37
12 97
12 72
12 69
12 127
13 61
13 63
13 64
13 17
13 126
13 18
13 19
13 99
13 66
13 21
13 67
13 23
13 24
13 25
13 68
13 69
13 26
13 100
13 27
13 70
13 71
13 117
13 101
13 29
13 30
13 102
13 75
13 77
13 103
13 33
13 34
13 35
13 78
13 36
13 105
13 80
13 38
13 81
13 39
13 40
13 108
13 121
13 44
13 45
13 119
13 46
13 85
13 47
13 87
13 48
13 88
13 114
13 49
13 89
13 50
13 51
13 54
13 55
13 56
13 125
13 92
13 115
13 93
13 58
13 95
13 59
13 127
14 61
14 96
14 113
14 64
14 98
14 65
14 15
14 16
14 99
14 21
14 22
14 23
14 24
14 100
14 27
14 70
14 117
14 72
14 118
14 73
14 29
14 30
14 102
14 76
14 77
14 103
14 104
14 32
14 35
14 79
14 80
14 81
14 106
14 82
14 83
14 124
14 122
14 84
14 119
14 46
14 85
14 86
14 87
14 52
14 55
14 125
14 92
14 115
14 93
14 58
14 94
14 59
14 111
14 112
14 127
15 63
15 96
15 113
15 64
15 97
15 98
15 65
15 17
15 126
15 18
15 19
15 99
15 20
15 67
15 22
15 23
15 69
15 120
15 27
15 71
15 117
15 72
15 118
15 73
15 101
15 29
15 30
15 74
15 31
15 77
15 104
15 34
15 35
15 78
15 36
15 37
15 105
15 80
15 38
15 81
15 82
15 40
15 83
15 41
15 121
15 44
15 122
15 45
15 119
15 123
15 47
15 88
15 89
15 50
15 90
15 53
15 91
15 54
15 55
15 56
15 109
15 57
15 92
15 110
15 93
15 58
15 59
15 60
15 112
15 87
15 125
15 127
16 61
16 62
16 113
16 18
16 19
16 20
16 66
16 21
16 23
16 25
16 68
16 70
16 118
16 73
16 29
16 102
16 31
16 77
16 33
16 34
16 36
16 80
16 38
16 81
16 106
16 39
16 82
16 40
16 41
16 124
16 44
16 45
16 84
16 85
16 48
16 88
16 114
16 49
16 89
16 50
16 52
16 91
16 55
16 125
16 109
16 57
16 115
16 93
16 58
16 59
16 111
16 60
16 112
16 127
17 64
17 98
17 65
17 99
17 22
17 23
17 24
17 26
17 70
17 117
17 72
17 118
17 73
17 101
17 30
17 102
17 31
17 103
17 104
17 33
17 78
17 79
17 38
17 81
17 106
17 39
17 83
17 41
17 42
17 108
17 122
17 46
17 85
17 87
17 88
17 114
17 89
17 50
17 51
17 53
17 91
17 54
17 56
17 92
17 115
17 110
17 93
17 58
17 94
17 111
17 60
18 61
18 116
18 96
18 113
18 97
18 126
18 19
18 66
18 21
18 22
18 24
18 25
18 26
18 100
18 70
18 28
18 117
18 118
18 101
18 30
18 74
18 102
18 76
18 103
18 34
18 79
18 37
18 81
18 106
18 39
18 40
18 42
18 107
18 43
18 124
18 46
18 123
18 47
18 86
18 88
18 114
18 89
18 50
18 90
18 52
18 53
18 54
18 56
18 57
18 92
18 115
18 110
18 93
19 61
19 116
19 63
19 64
19 98
19 65
19 126
19 20
19 21
19 67
19 23
19 24
19 100
19 27
19 70
19 28
19 117
19 118
19 29
19 30
19 75
19 31
19 76
19 32
19 33
19 34
19 36
19 80
19 81
19 106
19 39
19 82
19 40
19 83
19 41
19 107
19 108
19 124
19 44
19 45
19 84
19 85
19 123
19 47
19 86
19 87
19 114
19 50
19 53
19 54
19 55
19 125
19 92
19 115
19 58
19 94
19 95
19 112
19 127
20 61
20 63
20 98
20 126
20 99
20 21
20 22
20 23
20 24
20 25
20 68
20 69
20 26
20 70
20 71
20 117
20 118
20 29
20 102
20 77
20 32
20 33
20 34
20 78
20 80
20 38
20 81
20 106
20 82
20 40
20 43
20 121
20 122
20 123
20 47
20 86
20 48
20 88
20 49
20 91
20 54
20 55
20 56
20 125
20 57
20 92
20 115
20 110
20 58
20 94
20 95
20 60
21 62
21 116
21 63
21 65
21 66
21 22
21 23
21 24
21 25
21 68
21 70
21 71
21 117
21 101
21 29
21 30
21 75
21 31
21 76
21 77
21 104
21 32
21 78
21 105
21 81
21 82
21 40
21 42
21 43
21 108
21 44
21 119
21 46
21 85
21 123
21 47
21 48
21 88
21 114
21 50
21 52
21 53
21 91
21 55
21 56
21 109
21 57
21 115
21 110
21 93
21 94
21 59
22 61
22 62
22 96
22 113
22 64
22 65
22 99
22 67
22 24
22 25
22 68
22 120
22 100
22 27
22 70
22 71
22 28
22 117
22 72
22 73
22 101
22 29
22 102
22 77
22 104
22 32
22 33
22 34
22 35
22 79
22 37
22 80
22 82
22 83
22 107
22 43
22 108
22 44
22 122
22 119
22 47
22 87
22 49
22 51
22 90
22 52
22 91
22 125
22 109
22 57
22 92
22 115
22 58
22 112
23 61
23 113
23 64
23 126
23 99
23 26
23 100
23 27
23 70
23 71
23 117
23 72
23 118
23 73
23 101
23 29
23 74
23 102
23 75
23 31
23 77
23 103
23 33
23 34
23 79
23 36
23 37
23 105
23 38
23 81
23 106
23 82
23 40
23 41
23 42
23 43
23 124
23 45
23 84
23 119
23 123
23 87
23 48
23 88
23 49
23 89
23 50
23 51
23 90
23 52
23 53
23 55
23 125
23 92
23 115
23 110
23 93
23 95
23 111
23 112
23 97
23 83
23 69
23 127
24 62
24 116
24 96
24 64
24 126
24 66
24 67
24 25
24 120
24 28
24 117
24 72
24 101
24 30
24 31
24 104
24 32
24 33
24 35
24 78
24 37
24 38
24 39
24 40
24 107
24 124
24 44
24 45
24 119
24 46
24 86
24 87
24 89
24 53
24 91
24 54
24 109
24 57
24 92
24 110
24 93
24 58
24 95
24 59
24 111
25 61
25 96
25 113
25 65
25 99
25 66
25 68
25 69
25 120
25 26
25 100
25 70
25 71
25 72
25 73
25 101
25 74
25 75
25 31
25 77
25 32
25 34
25 105
25 38
25 81
25 106
25 82
25 83
25 42
25 43
25 122
25 84
25 86
25 48
25 88
25 114
25 49
25 50
25 90
25 52
25 53
25 56
25 110
25 58
25 94
25 95
25 111
25 112
26 61
26 62
26 96
26 64
26 97
26 98
26 99
26 67
26 68
26 120
26 100
26 27
26 70
26 73
26 30
26 102
26 31
26 103
26 104
26 33
26 78
26 105
26 38
26 106
26 82
26 42
26 108
26 121
26 45
26 85
26 123
26 87
26 49
26 90
26 52
26 56
26 110
26 95
26 111
26 60
27 61
27 116
27 64
27 98
27 65
27 126
27 99
27 66
27 67
27 68
27 69
27 120
27 70
27 30
27 74
27 77
27 103
27 104
27 33
27 78
27 36
27 37
27 105
27 38
27 82
27 40
27 83
27 43
27 124
27 44
27 84
27 119
27 46
27 88
27 49
27 91
27 56
27 92
27 58
27 94
27 59
27 111
27 127
28 61
28 63
28 113
28 64
28 97
28 98
28 126
28 99
28 67
28 68
28 69
28 120
28 100
28 70
28 71
28 117
28 72
28 73
28 101
28 30
28 74
28 102
28 31
28 76
28 77
28 103
28 32
28 34
28 78
28 79
28 36
28 80
28 38
28 83
28 42
28 43
28 124
28 44
28 122
28 45
28 119
28 46
28 47
28 87
28 88
28 90
28 109
28 92
28 115
28 110
28 58
28 94
28 59
28 111
28 60
29 116
29 63
29 96
29 113
29 64
29 97
29 65
29 126
29 67
29 100
29 71
29 117
29 73
29 102
29 75
29 31
29 76
29 32
29 33
29 34
29 35
29 78
29 37
29 80
29 38
29 39
29 41
29 43
29 108
29 44
29 122
29 119
29 47
29 87
29 88
29 89
29 52
29 91
29 54
29 55
29 125
29 57
29 92
29 93
29 60
29 127
29 81
29 36
29 50
29 90
29 83
29 72
29 69
30 61
30 63
30 96
30 113
30 98
30 126
30 68
30 69
30 100
30 71
30 72
30 31
30 76
30 104
30 34
30 78
30 81
30 106
30 39
30 83
30 41
30 42
30 107
30 43
30 108
30 44
30 122
30 45
30 84
30 85
30 123
30 87
30 114
30 49
30 89
30 50
30 90
30 54
30 56
30 92
30 115
30 93
30 94
30 95
30 60
30 112
30 127
31 62
31 96
31 64
31 98
31 99
31 67
31 68
31 120
31 101
31 74
31 103
31 104
31 36
31 80
31 81
31 106
31 82
31 40
31 83
31 41
31 42
31 107
31 43
31 124
31 122
31 119
31 46
31 123
31 114
31 89
31 51
31 90
31 52
31 53
31 125
31 57
31 93
31 58
31 94
31 95
31 59
31 111
31 60
31 127
32 62
32 96
32 64
32 97
32 126
32 99
32 66
32 100
32 117
32 118
32 73
32 102
32 77
32 103
32 104
32 33
32 35
32 105
32 38
32 106
32 39
32 40
32 41
32 107
32 43
32 44
32 84
32 123
32 47
32 87
32 48
32 88
32 89
32 90
32 52
32 55
32 109
32 93
32 58
32 60
32 112
32 127
33 116
33 96
33 64
33 97
33 99
33 66
33 67
33 68
33 120
33 100
33 70
33 117
33 118
33 101
33 74
33 78
33 79
33 38
33 39
33 82
33 40
33 41
33 108
33 124
33 121
33 122
33 119
33 46
33 85
33 47
33 86
33 88
33 89
33 50
33 52
33 54
33 55
33 57
33 92
33 115
33 94
33 95
33 59
33 111
33 112
33 127
34 116
34 96
34 113
34 65
34 66
34 67
34 120
34 100
34 71
34 117
34 72
34 73
34 101
34 77
34 35
34 78
34 79
34 36
34 37
34 105
34 80
34 81
34 106
34 39
34 82
34 40
34 83
34 41
34 42
34 43
34 45
34 119
34 46
34 123
34 47
34 114
34 50
34 90
34 52
34 53
34 54
34 57
34 115
34 110
34 93
34 94
34 95
34 112
34 127
34 97
34 87
34 125
34 69
35 62
35 116
35 63
35 113
35 64
35 97
35 126
35 99
35 66
35 68
35 69
35 120
35 100
35 71
35 117
35 72
35 74
35 102
35 76
35 103
35 104
35 106
35 39
35 83
35 42
35 43
35 124
35 121
35 122
35 47
35 48
35 49
35 89
35 50
35 51
35 53
35 54
35 56
35 109
35 57
35 110
35 58
35 59
35 111
35 112
36 113
36 126
36 99
36 66
36 67
36 68
36 120
36 100
36 71
36 73
36 101
36 74
36 102
36 75
36 76
36 77
36 103
36 104
36 79
36 37
36 81
36 39
36 107
36 43
36 108
36 124
36 45
36 84
36 119
36 46
36 47
36 87
36 88
36 114
36 49
36 50
36 90
36 53
36 91
36 54
36 56
36 57
36 92
36 115
36 110
36 93
36 58
36 94
36 95
36 97
36 83
36 125
36 72
36 69
36 127
37 61
37 64
37 97
37 98
37 65
37 99
37 66
37 67
37 68
37 69
37 100
37 118
37 78
37 38
37 82
37 40
37 41
37 42
37 107
37 43
37 44
37 84
37 87
37 88
37 114
37 89
37 51
37 90
37 52
37 53
37 91
37 55
37 56
37 125
37 109
37 92
37 93
37 59
37 111
37 60
37 112
37 127
37 81
37 73
37 50
37 71
37 83
37 72
38 62
38 63
38 65
38 67
38 69
38 100
38 71
38 117
38 74
38 75
38 76
38 77
38 104
38 78
38 105
38 81
38 106
38 82
38 41
38 42
38 107
38 43
38 108
38 121
38 45
38 119
38 46
38 47
38 86
38 48
38 88
38 114
38 89
38 50
38 51
38 90
38 52
38 53
38 54
38 125
38 109
38 94
38 95
38 60
38 112
39 63
39 96
39 113
39 64
39 98
39 126
39 66
39 67
39 68
39 71
39 117
39 118
39 73
39 101
39 74
39 102
39 75
39 104
39 81
39 106
39 40
39 41
39 42
39 124
39 121
39 44
39 122
39 45
39 46
39 123
39 86
39 87
39 114
39 51
39 54
39 55
39 125
39 109
39 57
39 92
39 115
39 93
39 58
39 94
39 95
39 59
39 111
39 60
40 61
40 62
40 96
40 113
40 97
40 65
40 126
40 67
40 68
40 120
40 70
40 71
40 74
40 102
40 76
40 77
40 104
40 105
40 106
40 82
40 41
40 42
40 43
40 44
40 45
40 119
40 46
40 85
40 47
40 87
40 48
40 114
40 89
40 50
40 91
40 54
40 55
40 125
40 57
40 92
40 115
40 110
40 59
40 111
40 60
40 112
40 127
41 61
41 62
41 63
41 96
41 64
41 98
41 65
41 99
41 66
41 69
41 120
41 117
41 74
41 75
41 77
41 103
41 80
41 81
41 106
41 107
41 124
41 122
41 119
41 46
41 85
41 88
41 51
41 91
41 54
41 56
41 57
41 115
41 94
41 95
41 111
41 60
41 112
41 127
42 62
42 116
42 64
42 66
42 68
42 70
42 71
42 117
42 118
42 73
42 101
42 75
42 77
42 103
42 104
42 78
42 105
42 80
42 106
42 82
42 107
42 43
42 124
42 45
42 85
42 86
42 48
42 49
42 56
42 115
42 110
42 93
42 60
42 112
43 62
43 116
43 96
43 97
43 65
43 69
43 100
43 70
43 117
43 72
43 101
43 74
43 75
43 77
43 78
43 105
43 80
43 81
43 108
43 44
43 119
43 85
43 123
43 47
43 86
43 90
43 125
43 109
43 110
43 94
43 59
43 60
44 116
44 113
44 64
44 98
44 126
44 67
44 69
44 70
44 117
44 72
44 73
44 74
44 102
44 75
44 76
44 77
44 103
44 78
44 105
44 80
44 81
44 82
44 83
44 107
44 108
44 121
44 45
44 84
44 119
44 46
44 85
44 123
44 47
44 48
44 88
44 114
44 49
44 54
44 55
44 57
44 115
44 110
44 94
44 95
44 60
45 61
45 116
45 113
45 64
45 65
45 99
45 68
45 69
45 120
45 70
45 71
45 117
45 72
45 118
45 74
45 102
45 75
45 76
45 77
45 105
45 80
45 124
45 121
45 122
45 46
45 85
45 47
45 87
45 48
45 88
45 114
45 89
45 50
45 51
45 52
45 53
45 54
45 125
45 109
45 57
45 92
45 115
45 60
45 112
46 61
46 96
46 64
46 66
46 67
46 70
46 117
46 118
46 102
46 75
46 103
46 104
46 79
46 106
46 82
46 83
46 108
46 122
46 84
46 47
46 88
46 114
46 90
46 54
46 56
46 125
46 109
46 57
46 92
46 93
46 94
46 95
46 59
46 111
46 60
46 127
47 61
47 116
47 113
47 98
47 65
47 126
47 99
47 68
47 69
47 120
47 100
47 70
47 117
47 72
47 118
47 73
47 76
47 103
47 104
47 107
47 108
47 121
47 122
47 119
47 114
47 49
47 89
47 50
47 90
47 52
47 55
47 125
47 93
47 59
47 112
47 127
48 61
48 62
48 63
48 64
48 126
48 99
48 67
48 68
48 100
48 118
48 73
48 74
48 78
48 105
48 80
48 106
48 82
48 107
48 108
48 124
48 121
48 122
48 84
48 119
48 85
48 88
48 89
48 50
48 51
48 90
48 91
48 56
48 125
48 109
48 57
48 58
48 95
48 59
48 60
48 112
49 116
49 64
49 98
49 65
49 99
49 66
49 67
49 120
49 100
49 70
49 117
49 73
49 101
49 102
49 77
49 103
49 104
49 78
49 106
49 82
49 122
49 85
49 114
49 51
49 54
49 55
49 109
49 92
49 93
49 59
49 60
49 112
49 127
50 96
50 97
50 98
50 65
50 99
50 66
50 67
50 120
50 70
50 71
50 73
50 101
50 74
50 102
50 75
50 78
50 79
50 80
50 81
50 82
50 83
50 124
50 122
50 84
50 85
50 86
50 89
50 90
50 52
50 55
50 92
50 93
50 94
50 111
50 127
50 87
50 125
50 72
50 69
51 61
51 116
51 113
51 98
51 99
51 66
51 68
51 100
51 71
51 73
51 101
51 75
51 76
51 77
51 103
51 104
51 79
51 105
51 81
51 82
51 124
51 121
51 122
51 119
51 85
51 123
51 87
51 88
51 53
51 91
51 54
51 55
51 56
51 125
51 109
51 57
51 115
51 110
51 59
51 111
51 60
51 127
52 61
52 64
52 98
52 126
52 68
52 69
52 100
52 101
52 74
52 102
52 75
52 76
52 77
52 103
52 80
52 106
52 107
52 108
52 124
52 121
52 122
52 84
52 123
52 87
52 89
52 54
52 55
52 56
52 125
52 109
52 57
52 92
52 115
52 110
52 59
52 60
52 112
52 127
53 61
53 63
53 96
53 97
53 98
53 65
53 66
53 100
53 70
53 118
53 77
53 78
53 79
53 106
53 82
53 83
53 107
53 108
53 124
53 121
53 84
53 123
53 86
53 88
53 90
53 91
53 54
53 56
53 92
53 58
53 94
53 95
53 59
54 61
54 62
54 63
54 96
54 64
54 98
54 99
54 66
54 67
54 120
54 118
54 102
54 76
54 77
54 103
54 79
54 105
54 106
54 83
54 108
54 84
54 123
54 86
54 87
54 88
54 89
54 91
54 55
54 57
54 115
54 93
54 95
54 59
54 111
54 112
55 63
55 113
55 65
55 66
55 120
55 100
55 117
55 118
55 74
55 75
55 76
55 104
55 78
55 82
55 107
55 124
55 121
55 122
55 84
55 119
55 85
55 87
55 88
55 91
55 125
55 57
55 92
55 110
55 93
55 58
55 59
55 111
55 60
55 112
56 63
56 96
56 113
56 97
56 98
56 99
56 67
56 68
56 70
56 117
56 72
56 118
56 73
56 75
56 77
56 103
56 104
56 79
56 80
56 81
56 82
56 107
56 108
56 124
56 84
56 119
56 85
56 123
56 114
56 90
56 91
56 125
56 92
56 58
56 95
56 112
56 127
57 61
57 116
57 96
57 113
57 64
57 97
57 65
57 66
57 68
57 71
57 118
57 101
57 76
57 104
57 78
57 105
57 80
57 81
57 83
57 124
57 121
57 122
57 119
57 85
57 123
57 88
57 89
57 91
57 125
57 109
57 92
57 59
58 61
58 62
58 116
58 63
58 98
58 99
58 67
58 71
58 72
58 74
58 102
58 76
58 103
58 104
58 79
58 80
58 81
58 106
58 82
58 107
58 121
58 123
58 91
58 109
58 92
58 115
58 110
58 93
58 95
58 59
58 111
58 112
58 127
59 62
59 63
59 64
59 97
59 126
59 99
59 66
59 69
59 70
59 117
59 72
59 74
59 76
59 103
59 104
59 79
59 105
59 106
59 83
59 124
59 121
59 122
59 84
59 123
59 86
59 88
59 89
59 91
59 109
59 110
59 93
59 95
59 111
59 127
60 61
60 62
60 116
60 97
60 99
60 67
60 69
60 100
60 70
60 72
60 73
60 74
60 75
60 78
60 79
60 105
60 106
60 108
60 124
60 121
60 84
60 119
60 85
60 86
60 88
60 89
60 90
60 109
60 92
60 115
60 93
60 95
60 112
61 116
61 64
61 98
61 126
61 99
61 120
61 70
61 101
61 74
61 102
61 75
61 103
61 78
61 79
61 107
61 124
61 119
61 85
61 123
61 86
61 87
61 88
61 114
61 90
61 125
61 92
61 93
61 111
62 116
62 64
62 97
62 98
62 69
62 120
62 70
62 117
62 72
62 102
62 76
62 103
62 105
62 82
62 83
62 107
62 108
62 121
62 84
62 119
62 85
62 123
62 86
62 87
62 88
62 90
62 91
62 125
62 92
62 115
62 112
63 116
63 96
63 113
63 64
63 65
63 126
63 68
63 100
63 70
63 71
63 73
63 101
63 103
63 104
63 79
63 105
63 82
63 83
63 121
63 122
63 84
63 119
63 85
63 123
63 86
63 90
63 91
63 125
63 109
63 92
63 115
63 110
63 93
63 94
63 111
63 127
64 96
64 113
64 97
64 98
64 65
64 67
64 120
64 70
64 71
64 117
64 118
64 101
64 102
64 75
64 76
64 77
64 103
64 79
64 105
64 106
64 82
64 83
64 107
64 108
64 121
64 119
64 85
64 87
64 92
64 115
64 94
64 95
64 112
64 127
65 96
65 97
65 99
65 67
65 68
65 100
65 71
65 118
65 73
65 102
65 75
65 76
65 77
65 104
65 78
65 80
65 81
65 83
65 108
65 121
65 122
65 119
65 109
65 92
65 115
65 110
65 112
66 99
66 67
66 68
66 70
66 118
66 73
66 103
66 104
66 105
66 106
66 83
66 107
66 108
66 121
66 122
66 84
66 86
66 114
66 90
66 110
66 93
66 94
66 95
67 96
67 97
67 126
67 69
67 100
67 70
67 117
67 118
67 101
67 102
67 75
67 77
67 78
67 105
67 106
67 108
67 124
67 84
67 85
67 123
67 114
67 91
67 109
67 110
67 93
67 95
67 127
68 97
68 98
68 126
68 99
68 69
68 100
68 71
68 117
68 118
68 73
68 75
68 103
68 80
68 106
68 122
68 119
68 90
68 91
68 125
68 109
68 92
68 115
68 94
68 95
68 112
69 96
69 113
69 99
69 118
69 73
69 75
69 77
69 103
69 79
69 106
69 83
69 107
69 122
69 119
69 123
69 88
69 89
69 90
69 125
69 109
69 92
69 115
69 95
69 111
69 81
69 93
69 71
69 97
69 87
69 72
69 127
70 116
70 99
70 71
70 117
70 72
70 118
70 74
70 102
70 75
70 76
70 77
70 103
70 78
70 79
70 81
70 106
70 82
70 121
70 119
70 123
70 87
70 88
70 89
70 90
70 91
70 125
70 92
70 115
70 94
70 112
70 127
71 96
71 98
71 99
71 73
71 101
71 102
71 76
71 104
71 78
71 105
71 81
71 106
71 82
71 83
71 108
71 122
71 119
71 123
71 114
71 90
71 109
71 92
71 110
71 93
71 95
71 112
71 127
71 97
71 87
71 125
71 72
72 116
72 96
72 113
72 97
72 120
72 117
72 118
72 101
72 75
72 104
72 81
72 82
72 107
72 84
72 119
72 85
72 87
72 114
72 89
72 90
72 125
72 110
72 93
72 94
72 111
72 112
72 127
72 73
72 83
73 113
73 98
73 126
73 120
73 100
73 117
73 118
73 101
73 102
73 77
73 103
73 104
73 79
73 80
73 81
73 106
73 107
73 121
73 85
73 123
73 87
73 114
73 89
73 90
73 91
73 125
73 115
73 110
73 93
73 94
73 97
73 83
73 127
74 96
74 113
74 97
74 100
74 117
74 103
74 104
74 105
74 81
74 106
74 85
74 123
74 88
74 89
74 91
74 109
74 92
74 94
74 95
74 112
75 116
75 113
75 126
75 99
75 100
75 117
75 118
75 102
75 76
75 104
75 78
75 105
75 81
75 124
75 119
75 123
75 86
75 87
75 91
75 109
75 110
75 95
75 111
75 112
76 113
76 97
76 120
76 100
76 117
76 77
76 103
76 78
76 105
76 81
76 82
76 107
76 122
76 84
76 119
76 85
76 86
76 88
76 114
76 89
76 110
76 93
76 94
76 111
76 112
77 113
77 98
77 126
77 120
77 118
77 101
77 102
77 104
77 78
77 80
77 81
77 83
77 108
77 84
77 119
77 87
77 88
77 89
77 125
77 109
77 115
77 110
77 93
77 95
77 112
78 96
78 113
78 97
78 98
78 104
78 81
78 106
78 83
78 108
78 124
78 123
78 87
78 88
78 114
78 90
78 91
78 109
78 92
78 115
78 110
78 93
78 112
79 97
79 98
79 99
79 120
79 100
79 101
79 103
79 104
79 105
79 83
79 108
79 121
79 122
79 84
79 86
79 87
79 88
79 89
79 125
79 115
79 94
79 95
79 111
79 112
80 116
80 97
80 98
80 120
80 117
80 118
80 101
80 102
80 105
80 106
80 82
80 124
80 122
80 85
80 123
80 87
80 125
80 93
80 112
81 98
81 126
81 100
81 117
81 104
81 108
81 124
81 121
81 119
81 123
81 86
81 87
81 88
81 114
81 89
81 90
81 91
81 125
81 109
81 92
81 110
81 93
81 95
81 111
81 112
81 97
81 83
81 127
82 116
82 96
82 97
82 98
82 106
82 83
82 107
82 85
82 123
82 87
82 88
82 114
82 90
82 91
82 92
82 115
82 110
82 95
82 111
82 112
82 127
83 120
83 102
83 103
83 104
83 108
83 124
83 121
83 86
83 87
83 88
83 89
83 125
83 109
83 115
83 110
83 93
83 90
83 97
83 127
84 116
84 96
84 97
84 98
84 99
84 118
84 103
84 105
84 106
84 107
84 119
84 123
84 87
84 114
84 91
84 125
84 109
84 110
84 93
84 127
85 116
85 96
85 126
85 99
85 100
85 117
85 118
85 102
85 103
85 106
85 108
85 124
85 121
85 122
85 114
85 90
85 91
85 109
85 115
85 93
85 95
85 112
86 116
86 113
86 98
86 120
86 100
86 117
86 101
86 102
86 105
86 124
86 122
86 123
86 114
86 125
86 110
86 93
86 94
87 96
87 98
87 120
87 117
87 118
87 103
87 104
87 106
87 107
87 121
87 122
87 123
87 114
87 89
87 90
87 109
87 92
87 110
87 94
87 95
87 127
87 93
87 97
87 125
88 97
88 98
88 102
88 103
88 104
88 108
88 122
88 90
88 91
88 109
88 93
88 94
88 111
88 112
88 127
89 97
89 98
89 126
89 99
89 120
89 117
89 118
89 101
89 103
89 104
89 105
89 108
89 124
89 121
89 119
89 91
89 125
89 109
89 92
89 95
89 111
90 97
90 126
90 99
90 118
90 107
90 122
90 114
90 125
90 109
90 92
90 110
90 93
90 94
90 127
91 96
91 99
91 101
91 103
91 104
91 105
91 106
91 121
91 123
91 114
91 115
91 93
91 95
91 111
91 112
91 127
92 116
92 98
92 99
92 100
92 117
92 118
92 102
92 103
92 107
92 108
92 124
92 121
92 119
92 114
92 115
92 110
92 93
92 95
92 111
93 116
93 113
93 97
93 98
93 126
93 99
93 120
93 117
93 118
93 103
93 105
93 106
93 107
93 108
93 124
93 123
93 125
93 115
93 110
93 94
93 111
93 127
94 116
94 97
94 98
94 120
94 100
94 117
94 104
94 107
94 124
94 122
94 119
94 109
94 111
94 127
95 116
95 126
95 120
95 100
95 117
95 101
95 106
95 108
95 124
95 123
95 125
95 109
95 115
95 111
95 112
96 116
96 98
96 101
96 102
96 119
96 125
96 113
96 106
96 109
96 115
96 110
97 116
97 98
97 126
97 102
97 123
97 111
97 113
97 108
97 121
97 110
97 112
97 127
97 125
98 116
98 113
98 99
98 117
98 118
98 104
98 106
98 121
98 119
98 109
98 115
98 127
99 116
99 126
99 120
99 103
99 105
99 106
99 107
99 108
99 121
99 119
99 123
99 114
99 125
99 109
99 112
99 127
100 116
100 120
100 101
100 103
100 107
100 124
100 123
100 114
100 113
100 117
100 118
100 122
100 115
100 110
100 112
101 116
101 126
101 120
101 113
101 117
101 118
101 102
101 103
101 104
101 106
101 107
101 108
101 124
101 122
101 119
101 114
101 125
101 112
101 127
102 120
102 117
102 103
102 104
102 106
102 121
102 123
102 114
102 125
102 109
102 115
102 112
103 126
103 120
103 113
103 117
103 104
103 105
103 106
103 107
103 108
103 125
103 109
103 112
104 116
104 126
104 120
104 123
104 125
104 111
104 113
104 117
104 106
104 121
104 115
104 112
104 127
105 107
105 123
105 114
105 111
105 117
105 121
105 122
105 115
105 110
105 112
105 127
106 126
106 107
106 119
106 114
106 111
106 113
106 117
106 118
106 108
106 109
106 115
106 110
106 127
107 126
107 120
107 117
107 114
107 115
107 110
108 116
108 126
108 120
108 119
108 113
108 117
108 118
108 121
108 122
108 115
108 112
109 116
109 124
109 119
109 113
109 121
109 115
110 120
110 124
110 119
110 123
110 111
110 117
110 118
110 121
110 122
110 127
111 126
111 120
111 124
111 119
111 123
111 114
111 125
111 115
112 116
112 124
112 119
112 114
112 113
112 121
112 115
112 127
113 116
113 120
113 124
113 119
113 123
113 114
113 125
113 117
113 115
113 127
114 116
114 126
114 120
114 123
114 121
114 122
114 115
115 116
115 120
115 119
115 125
115 118
115 121
115 127
116 126
116 120
116 117
116 124
116 122
116 119
116 125
116 127
117 120
117 124
117 123
117 125
117 127
118 120
118 119
118 125
118 122
118 127
119 126
119 124
119 121
119 123
119 125
120 126
120 122
120 123
120 127
121 126
121 124
122 124
122 125
123 126
124 126
124 127
125 127
