0 1
0 2
0 3
0 4
0 5
0 6
0 7
0 8
0 9
0 10
0 11
0 12
0 13
0 14
0 15
0 16
0 17
0 18
0 19
0 20
0 21
0 22
0 23
0 24
0 25
0 26
0 27
0 28
0 29
0 30
0 31
0 32
0 33
0 34
0 35
0 36
0 37
0 38
0 39
0 40
0 41
0 42
0 43
0 44
0 45
0 46
0 47
0 48
0 49
0 50
0 51
0 52
0 53
0 54
0 55
0 56
0 57
0 58
0 59
0 60
0 61
0 62
0 63
0 64
0 65
0 66
0 67
1 2
1 3
1 68
1 5
1 7
1 12
1 15
1 69
1 70
1 71
1 72
1 17
1 73
1 74
1 18
1 75
1 23
1 76
1 77
1 25
1 26
1 78
1 79
1 80
1 29
1 81
1 82
1 30
1 83
1 84
1 34
1 36
1 37
1 85
1 39
1 41
1 42
1 43
1 44
1 45
1 86
1 87
1 46
1 88
1 89
1 90
1 91
1 51
1 52
1 92
1 93
1 94
1 95
1 54
1 59
1 96
1 60
1 61
1 97
1 62
1 98
1 65
1 33
1 104
1 58
1 10
1 48
1 124
2 68
2 6
2 7
2 99
2 8
2 10
2 13
2 14
2 100
2 69
2 71
2 17
2 73
2 101
2 18
2 19
2 75
2 21
2 102
2 22
2 103
2 104
2 24
2 76
2 77
2 105
2 106
2 107
2 108
2 109
2 79
2 80
2 81
2 33
2 84
2 110
2 35
2 111
2 112
2 85
2 39
2 113
2 114
2 42
2 115
2 44
2 87
2 47
2 116
2 91
2 52
2 55
2 56
2 117
2 96
2 118
2 60
2 61
2 119
2 98
2 63
2 64
2 65
2 66
3 6
3 7
3 99
3 120
3 10
3 12
3 15
3 121
3 69
3 70
3 71
3 17
3 73
3 74
3 23
3 104
3 76
3 26
3 105
3 107
3 108
3 122
3 78
3 79
3 28
3 81
3 31
3 33
3 84
3 110
3 111
3 123
3 114
3 42
3 43
3 115
3 44
3 86
3 46
3 88
3 47
3 90
3 91
3 49
3 50
3 92
3 124
3 125
3 53
3 54
3 55
3 56
3 58
3 59
3 117
3 60
3 98
3 63
3 65
4 68
4 7
4 99
4 120
4 11
4 12
4 14
4 15
4 121
4 69
4 72
4 73
4 18
4 21
4 102
4 22
4 24
4 76
4 77
4 26
4 106
4 27
4 79
4 29
4 81
4 83
4 84
4 34
4 35
4 111
4 112
4 37
4 85
4 38
4 114
4 41
4 42
4 44
4 46
4 89
4 50
4 93
4 124
4 125
4 95
4 54
4 55
4 56
4 57
4 118
4 60
4 98
4 66
5 6
5 120
5 8
5 11
5 12
5 14
5 15
5 71
5 72
5 17
5 19
5 21
5 103
5 104
5 76
5 25
5 106
5 107
5 122
5 109
5 27
5 79
5 30
5 84
5 34
5 110
5 35
5 111
5 36
5 85
5 38
5 39
5 113
5 114
5 40
5 42
5 44
5 86
5 46
5 126
5 47
5 90
5 49
5 50
5 52
5 92
5 93
5 124
5 125
5 53
5 59
5 117
5 60
5 97
5 119
5 62
5 63
5 64
5 67
6 7
6 99
6 127
6 9
6 13
6 14
6 15
6 100
6 16
6 121
6 70
6 72
6 17
6 73
6 74
6 101
6 18
6 19
6 75
6 21
6 102
6 24
6 25
6 26
6 106
6 107
6 122
6 109
6 78
6 79
6 81
6 83
6 84
6 34
6 110
6 35
6 111
6 112
6 36
6 85
6 113
6 114
6 115
6 44
6 45
6 87
6 88
6 47
6 49
6 50
6 52
6 125
6 55
6 58
6 59
6 117
6 96
6 118
6 60
6 61
6 119
6 62
7 120
7 127
7 9
7 10
7 13
7 14
7 16
7 17
7 74
7 18
7 75
7 103
7 24
7 76
7 25
7 26
7 106
7 108
7 78
7 80
7 82
7 31
7 84
7 34
7 123
7 112
7 36
7 37
7 85
7 38
7 41
7 42
7 43
7 115
7 44
7 45
7 87
7 46
7 126
7 47
7 89
7 49
7 50
7 52
7 92
7 124
7 94
7 53
7 95
7 55
7 56
7 57
7 117
7 97
7 62
7 98
8 99
8 120
8 9
8 11
8 12
8 13
8 14
8 16
8 69
8 71
8 17
8 73
8 74
8 101
8 19
8 22
8 103
8 23
8 104
8 76
8 26
8 105
8 106
8 78
8 80
8 29
8 81
8 82
8 30
8 31
8 83
8 32
8 84
8 34
8 123
8 36
8 37
8 38
8 39
8 40
8 42
8 115
8 44
8 45
8 87
8 46
8 47
8 49
8 52
8 92
8 93
8 94
8 55
8 58
8 59
8 61
8 119
8 62
8 98
8 65
8 67
9 68
9 120
9 127
9 11
9 100
9 121
9 69
9 70
9 71
9 72
9 73
9 101
9 21
9 102
9 24
9 76
9 77
9 25
9 26
9 105
9 107
9 108
9 122
9 79
9 80
9 28
9 29
9 30
9 31
9 32
9 84
9 34
9 110
9 111
9 123
9 112
9 36
9 37
9 85
9 38
9 39
9 114
9 40
9 43
9 45
9 46
9 88
9 90
9 91
9 50
9 51
9 52
9 93
9 124
9 125
9 53
9 95
9 54
9 55
9 56
9 59
9 96
9 61
9 97
9 119
9 62
9 63
9 65
9 67
10 11
10 14
10 16
10 121
10 69
10 74
10 18
10 21
10 103
10 77
10 25
10 105
10 122
10 109
10 78
10 28
10 29
10 31
10 83
10 32
10 33
10 84
10 110
10 112
10 113
10 42
10 43
10 115
10 87
10 46
10 90
10 49
10 50
10 52
10 93
10 125
10 94
10 54
10 56
10 57
10 117
10 96
10 118
10 61
10 62
10 64
10 65
10 66
10 82
10 86
10 73
10 88
10 41
10 92
10 104
10 58
10 89
10 48
10 44
10 124
11 99
11 12
11 13
11 16
11 121
11 69
11 72
11 74
11 101
11 19
11 23
11 76
11 77
11 25
11 105
11 108
11 80
11 28
11 81
11 82
11 32
11 84
11 34
11 123
11 112
11 36
11 38
11 39
11 113
11 114
11 44
11 45
11 86
11 126
11 47
11 89
11 90
11 116
11 50
11 51
11 52
11 93
11 125
11 95
11 54
11 57
11 117
11 96
11 118
11 60
11 62
11 64
11 65
11 66
11 67
12 68
12 120
12 15
12 100
12 121
12 69
12 70
12 73
12 74
12 101
12 18
12 19
12 75
12 102
12 22
12 24
12 76
12 26
12 107
12 122
12 78
12 79
12 82
12 31
12 83
12 84
12 123
12 37
12 38
12 114
12 40
12 41
12 42
12 115
12 44
12 45
12 87
12 88
12 126
12 47
12 89
12 116
12 91
12 50
12 51
12 92
12 93
12 94
12 53
12 55
12 57
12 58
12 59
12 96
12 60
12 98
12 63
12 64
12 67
13 99
13 120
13 127
13 16
13 69
13 72
13 18
13 75
13 20
13 21
13 102
13 103
13 77
13 105
13 106
13 107
13 108
13 122
13 78
13 80
13 29
13 31
13 32
13 111
13 112
13 37
13 85
13 38
13 114
13 40
13 43
13 115
13 44
13 45
13 87
13 88
13 89
13 91
13 52
13 92
13 93
13 124
13 94
13 95
13 56
13 57
13 59
13 117
13 60
13 61
13 119
13 98
13 63
13 65
13 66
13 67
14 99
14 127
14 15
14 71
14 72
14 17
14 73
14 18
14 19
14 75
14 21
14 102
14 104
14 77
14 25
14 106
14 107
14 79
14 29
14 81
14 30
14 84
14 111
14 112
14 36
14 85
14 38
14 113
14 40
14 41
14 43
14 115
14 44
14 45
14 86
14 87
14 46
14 88
14 90
14 116
14 91
14 49
14 50
14 51
14 92
14 125
14 95
14 96
14 60
14 61
14 97
14 119
14 98
14 63
14 66
15 127
15 16
15 17
15 74
15 18
15 75
15 20
15 21
15 22
15 103
15 23
15 104
15 26
15 107
15 108
15 122
15 109
15 27
15 79
15 80
15 28
15 82
15 30
15 31
15 83
15 110
15 123
15 36
15 37
15 85
15 39
15 40
15 41
15 42
15 43
15 115
15 44
15 86
15 46
15 126
15 47
15 89
15 90
15 49
15 52
15 92
15 93
15 53
15 95
15 54
15 57
15 58
15 59
15 96
15 61
15 97
15 119
15 62
15 63
15 64
15 65
16 68
16 99
16 120
16 100
16 69
16 70
16 71
16 72
16 73
16 101
16 18
16 20
16 21
16 102
16 22
16 103
16 23
16 104
16 76
16 77
16 105
16 106
16 122
16 109
16 78
16 79
16 28
16 33
16 84
16 34
16 35
16 123
16 114
16 115
16 44
16 87
16 46
16 88
16 47
16 90
16 48
16 49
16 50
16 52
16 92
16 95
16 56
16 59
16 118
16 60
16 61
16 98
16 65
17 99
17 127
17 100
17 121
17 69
17 72
17 73
17 74
17 19
17 102
17 22
17 23
17 24
17 106
17 122
17 27
17 79
17 80
17 29
17 82
17 83
17 34
17 35
17 123
17 112
17 37
17 38
17 39
17 113
17 42
17 44
17 45
17 46
17 126
17 47
17 89
17 90
17 48
17 52
17 125
17 94
17 55
17 56
17 58
17 59
17 117
17 96
17 60
17 61
17 119
17 65
17 66
18 70
18 74
18 101
18 19
18 20
18 102
18 103
18 23
18 25
18 26
18 106
18 107
18 109
18 28
18 29
18 81
18 30
18 83
18 110
18 35
18 111
18 112
18 37
18 85
18 38
18 114
18 42
18 43
18 115
18 45
18 86
18 87
18 88
18 126
18 47
18 89
18 116
18 49
18 52
18 92
18 93
18 125
18 55
18 59
18 60
18 61
18 62
18 98
18 63
18 65
19 127
19 100
19 69
19 71
19 73
19 74
19 20
19 21
19 103
19 104
19 24
19 76
19 77
19 105
19 108
19 122
19 78
19 27
19 80
19 28
19 81
19 82
19 30
19 31
19 32
19 33
19 84
19 35
19 123
19 36
19 37
19 38
19 39
19 113
19 40
19 43
19 115
19 86
19 87
19 88
19 126
19 50
19 51
19 52
19 93
19 124
19 53
19 54
19 57
19 59
19 117
19 118
19 61
19 97
19 119
19 62
19 63
19 64
19 66
19 67
20 99
20 127
20 100
20 121
20 71
20 72
20 74
20 101
20 21
20 103
20 23
20 104
20 24
20 76
20 77
20 25
20 26
20 106
20 107
20 108
20 122
20 79
20 28
20 81
20 82
20 32
20 84
20 35
20 112
20 36
20 37
20 38
20 39
20 113
20 40
20 42
20 115
20 46
20 126
20 47
20 89
20 116
20 92
20 93
20 94
20 95
20 59
20 117
20 60
20 61
20 97
20 63
20 66
20 67
21 120
21 127
21 121
21 70
21 71
21 101
21 102
21 103
21 104
21 76
21 77
21 25
21 106
21 108
21 122
21 78
21 79
21 28
21 29
21 31
21 34
21 35
21 123
21 36
21 38
21 39
21 114
21 41
21 42
21 43
21 86
21 46
21 88
21 47
21 116
21 91
21 51
21 52
21 92
21 124
21 125
21 94
21 53
21 95
21 55
21 56
21 57
21 58
21 59
21 117
21 96
21 118
21 62
21 63
21 64
21 65
21 66
21 67
22 99
22 120
22 121
22 69
22 74
22 101
22 75
22 102
22 103
22 23
22 24
22 76
22 25
22 106
22 107
22 109
22 78
22 82
22 30
22 31
22 32
22 33
22 34
22 35
22 112
22 36
22 37
22 85
22 114
22 42
22 43
22 87
22 46
22 88
22 47
22 89
22 90
22 48
22 91
22 51
22 52
22 53
22 95
22 54
22 55
22 56
22 58
22 59
22 96
22 118
22 60
22 61
22 97
22 119
22 63
22 64
22 65
22 66
23 68
23 99
23 121
23 69
23 70
23 71
23 72
23 74
23 102
23 103
23 104
23 24
23 25
23 26
23 106
23 78
23 28
23 29
23 32
23 111
23 123
23 38
23 43
23 45
23 87
23 126
23 47
23 90
23 116
23 91
23 50
23 51
23 92
23 125
23 53
23 56
23 57
23 58
23 59
23 117
23 118
23 60
23 61
23 97
23 98
23 65
23 67
24 99
24 127
24 100
24 121
24 69
24 70
24 71
24 73
24 102
24 103
24 104
24 76
24 77
24 26
24 105
24 108
24 109
24 78
24 79
24 80
24 28
24 81
24 82
24 30
24 31
24 83
24 32
24 33
24 84
24 34
24 35
24 111
24 123
24 37
24 85
24 38
24 113
24 42
24 43
24 86
24 88
24 126
24 47
24 49
24 51
24 124
24 125
24 53
24 95
24 54
24 55
24 57
24 58
24 96
24 118
24 63
24 64
24 66
24 67
25 99
25 120
25 127
25 100
25 121
25 70
25 72
25 73
25 101
25 102
25 103
25 104
25 107
25 109
25 79
25 80
25 28
25 81
25 83
25 32
25 84
25 110
25 35
25 36
25 38
25 39
25 114
25 41
25 42
25 43
25 45
25 46
25 88
25 126
25 116
25 50
25 51
25 92
25 93
25 124
25 94
25 95
25 54
25 55
25 57
25 58
25 59
25 117
25 96
25 60
25 97
25 63
25 67
26 68
26 120
26 69
26 70
26 71
26 72
26 73
26 101
26 102
26 103
26 76
26 107
26 108
26 122
26 78
26 79
26 29
26 82
26 83
26 32
26 34
26 110
26 123
26 36
26 37
26 38
26 113
26 114
26 41
26 42
26 43
26 44
26 45
26 126
26 90
26 48
26 116
26 91
26 49
26 52
26 92
26 93
26 53
26 95
26 55
26 57
26 58
26 117
26 96
26 60
26 61
26 97
26 62
26 98
26 66
26 67
27 68
27 120
27 121
27 74
27 101
27 77
27 108
27 78
27 79
27 80
27 28
27 29
27 82
27 32
27 34
27 110
27 36
27 38
27 39
27 113
27 40
27 44
27 45
27 86
27 87
27 46
27 88
27 47
27 90
27 50
27 51
27 52
27 92
27 125
27 94
27 53
27 95
27 55
27 57
27 117
27 118
27 60
27 97
28 68
28 99
28 100
28 121
28 69
28 70
28 71
28 73
28 74
28 102
28 76
28 105
28 106
28 107
28 108
28 79
28 30
28 83
28 35
28 111
28 112
28 36
28 38
28 41
28 42
28 43
28 46
28 126
28 47
28 90
28 48
28 91
28 50
28 52
28 94
28 55
28 56
28 57
28 60
28 119
28 62
28 63
28 65
28 66
29 99
29 120
29 127
29 100
29 69
29 73
29 74
29 75
29 105
29 106
29 122
29 109
29 79
29 80
29 81
29 31
29 32
29 34
29 110
29 36
29 85
29 38
29 113
29 114
29 115
29 86
29 87
29 46
29 88
29 90
29 52
29 92
29 93
29 125
29 94
29 53
29 95
29 54
29 55
29 59
29 96
29 118
29 60
29 119
29 62
29 63
29 65
29 67
30 120
30 127
30 100
30 121
30 69
30 71
30 73
30 74
30 101
30 103
30 76
30 77
30 105
30 107
30 108
30 109
30 31
30 34
30 110
30 111
30 123
30 37
30 85
30 114
30 41
30 115
30 46
30 126
30 47
30 90
30 48
30 49
30 50
30 51
30 52
30 124
30 125
30 94
30 54
30 55
30 57
30 117
30 96
30 61
30 97
30 98
30 63
30 64
30 65
30 66
30 67
31 68
31 99
31 120
31 70
31 72
31 73
31 75
31 103
31 76
31 105
31 108
31 122
31 78
31 79
31 81
31 82
31 83
31 32
31 33
31 84
31 34
31 110
31 111
31 36
31 113
31 114
31 40
31 41
31 42
31 115
31 44
31 86
31 46
31 126
31 48
31 116
31 91
31 124
31 125
31 94
31 53
31 95
31 55
31 57
31 58
31 118
31 60
31 61
31 97
31 119
31 62
31 64
31 65
31 66
32 127
32 100
32 121
32 69
32 71
32 74
32 76
32 77
32 106
32 107
32 109
32 79
32 81
32 84
32 123
32 112
32 36
32 37
32 85
32 38
32 39
32 113
32 41
32 43
32 115
32 86
32 46
32 88
32 90
32 48
32 91
32 49
32 50
32 95
32 57
32 58
32 117
32 60
32 61
32 97
32 62
32 63
32 65
32 66
33 99
33 127
33 100
33 74
33 103
33 77
33 107
33 108
33 122
33 109
33 78
33 82
33 83
33 84
33 111
33 113
33 41
33 44
33 86
33 46
33 47
33 48
33 50
33 52
33 53
33 95
33 54
33 55
33 56
33 58
33 59
33 60
33 97
33 62
33 63
33 65
33 43
33 73
33 88
33 92
33 104
33 89
33 124
34 99
34 120
34 127
34 121
34 69
34 70
34 73
34 74
34 101
34 75
34 76
34 107
34 122
34 82
34 84
34 123
34 85
34 38
34 113
34 114
34 41
34 115
34 44
34 86
34 87
34 88
34 126
34 89
34 48
34 116
34 49
34 50
34 52
34 92
34 124
34 125
34 55
34 56
34 57
34 58
34 59
34 61
34 97
34 119
34 64
35 99
35 127
35 70
35 72
35 104
35 76
35 108
35 122
35 109
35 79
35 80
35 81
35 82
35 83
35 110
35 112
35 37
35 85
35 39
35 42
35 43
35 45
35 86
35 46
35 126
35 47
35 89
35 90
35 48
35 116
35 91
35 50
35 51
35 92
35 93
35 54
35 55
35 57
35 96
35 118
35 61
35 97
35 62
35 63
35 64
35 67
36 68
36 99
36 120
36 121
36 70
36 71
36 74
36 75
36 102
36 76
36 77
36 106
36 107
36 108
36 109
36 78
36 82
36 83
36 84
36 110
36 123
36 37
36 85
36 113
36 114
36 43
36 115
36 45
36 87
36 88
36 89
36 48
36 91
36 51
36 93
36 124
36 125
36 55
36 56
36 57
36 58
36 59
36 118
36 60
36 61
36 98
36 63
36 64
36 66
37 68
37 121
37 69
37 70
37 71
37 101
37 102
37 103
37 77
37 106
37 107
37 122
37 109
37 79
37 80
37 81
37 84
37 110
37 112
37 43
37 115
37 44
37 45
37 86
37 46
37 88
37 126
37 47
37 90
37 116
37 91
37 49
37 50
37 51
37 52
37 92
37 125
37 94
37 53
37 95
37 54
37 55
37 56
37 57
37 59
37 60
37 119
37 62
37 65
38 120
38 127
38 100
38 121
38 71
38 76
38 77
38 107
38 108
38 109
38 78
38 82
38 112
38 85
38 113
38 41
38 43
38 115
38 44
38 86
38 46
38 88
38 126
38 47
38 89
38 90
38 48
38 116
38 91
38 50
38 51
38 52
38 125
38 53
38 95
38 55
38 56
38 57
38 58
38 59
38 117
38 96
38 60
38 97
38 119
38 98
38 63
38 64
38 65
39 68
39 99
39 120
39 100
39 121
39 71
39 72
39 74
39 101
39 75
39 103
39 122
39 80
39 82
39 83
39 111
39 113
39 41
39 43
39 115
39 87
39 46
39 126
39 90
39 91
39 49
39 50
39 51
39 124
39 94
39 95
39 54
39 58
39 59
39 117
39 96
39 60
39 119
39 62
39 98
39 64
39 67
40 100
40 121
40 72
40 73
40 74
40 103
40 104
40 107
40 122
40 78
40 79
40 111
40 123
40 112
40 85
40 113
40 41
40 43
40 115
40 44
40 45
40 86
40 87
40 48
40 91
40 50
40 51
40 52
40 93
40 124
40 53
40 54
40 55
40 56
40 57
40 58
40 118
40 60
40 97
40 62
40 63
40 64
40 65
40 66
41 99
41 120
41 121
41 72
41 73
41 75
41 103
41 104
41 77
41 105
41 107
41 108
41 122
41 109
41 78
41 79
41 80
41 82
41 84
41 111
41 85
41 114
41 42
41 43
41 115
41 44
41 45
41 86
41 46
41 88
41 89
41 90
41 116
41 91
41 49
41 50
41 51
41 92
41 125
41 94
41 95
41 54
41 59
41 96
41 60
41 119
41 62
41 67
41 58
41 48
41 124
42 120
42 73
42 74
42 101
42 102
42 103
42 104
42 76
42 77
42 105
42 106
42 107
42 108
42 78
42 79
42 80
42 83
42 84
42 114
42 43
42 115
42 44
42 46
42 88
42 116
42 49
42 50
42 92
42 93
42 94
42 95
42 55
42 56
42 58
42 59
42 61
42 119
42 63
42 64
42 67
43 68
43 127
43 69
43 73
43 75
43 105
43 106
43 78
43 80
43 82
43 83
43 84
43 111
43 112
43 85
43 113
43 114
43 115
43 86
43 46
43 88
43 47
43 89
43 92
43 125
43 54
43 55
43 59
43 117
43 96
43 118
43 60
43 61
43 63
43 64
43 66
43 67
43 104
43 62
43 58
43 77
43 48
43 44
43 124
44 99
44 100
44 73
44 74
44 75
44 104
44 105
44 108
44 122
44 78
44 82
44 84
44 123
44 112
44 86
44 87
44 126
44 47
44 50
44 51
44 52
44 124
44 54
44 56
44 58
44 119
44 98
44 64
44 65
44 66
44 88
44 92
44 46
44 62
44 77
44 89
44 48
45 99
45 127
45 100
45 70
45 73
45 74
45 101
45 75
45 102
45 76
45 105
45 106
45 122
45 109
45 79
45 80
45 82
45 83
45 84
45 123
45 113
45 86
45 126
45 47
45 116
45 50
45 94
45 57
45 58
45 59
45 117
45 96
45 98
45 63
45 64
45 65
45 66
46 68
46 99
46 120
46 69
46 71
46 73
46 104
46 77
46 106
46 107
46 108
46 122
46 109
46 78
46 79
46 80
46 81
46 82
46 83
46 84
46 111
46 112
46 85
46 113
46 114
46 115
46 86
46 87
46 88
46 89
46 90
46 48
46 49
46 50
46 51
46 92
46 124
46 125
46 53
46 54
46 57
46 118
46 60
46 97
46 63
46 62
46 58
47 68
47 99
47 100
47 70
47 71
47 75
47 106
47 107
47 109
47 79
47 81
47 82
47 84
47 110
47 123
47 113
47 87
47 126
47 90
47 51
47 93
47 124
47 55
47 56
47 57
47 58
47 118
47 97
47 119
47 62
47 63
47 64
47 65
47 66
47 67
48 120
48 127
48 100
48 121
48 69
48 72
48 73
48 75
48 102
48 77
48 108
48 79
48 80
48 83
48 84
48 111
48 123
48 112
48 85
48 87
48 89
48 116
48 93
48 124
48 125
48 94
48 55
48 56
48 57
48 59
48 117
48 96
48 67
48 54
48 82
48 86
48 88
48 92
48 104
48 62
48 58
49 68
49 120
49 127
49 72
49 73
49 74
49 101
49 102
49 76
49 77
49 105
49 107
49 122
49 109
49 82
49 83
49 84
49 110
49 112
49 85
49 113
49 114
49 115
49 91
49 51
49 52
49 92
49 95
49 54
49 55
49 56
49 57
49 117
49 96
49 118
49 61
49 62
49 67
50 68
50 99
50 100
50 71
50 72
50 73
50 74
50 103
50 105
50 107
50 122
50 109
50 78
50 79
50 81
50 82
50 83
50 115
50 126
50 91
50 51
50 93
50 124
50 94
50 53
50 54
50 56
50 57
50 58
50 60
50 61
50 97
50 119
50 62
50 64
51 99
51 120
51 121
51 72
51 73
51 74
51 102
51 103
51 108
51 78
51 79
51 80
51 82
51 83
51 84
51 111
51 115
51 86
51 88
51 90
51 116
51 52
51 93
51 124
51 53
51 54
51 55
51 57
51 58
51 59
51 96
51 118
51 97
51 98
51 63
51 65
52 127
52 121
52 73
52 101
52 102
52 103
52 106
52 122
52 79
52 80
52 81
52 82
52 83
52 84
52 111
52 85
52 114
52 115
52 88
52 126
52 89
52 116
52 91
52 92
52 93
52 125
52 94
52 54
52 59
52 61
52 97
52 119
52 64
52 65
52 66
53 120
53 127
53 121
53 71
53 72
53 105
53 108
53 122
53 80
53 82
53 84
53 111
53 123
53 112
53 113
53 115
53 86
53 87
53 126
53 89
53 116
53 92
53 93
53 124
53 94
53 55
53 57
53 59
53 118
53 60
53 61
53 62
53 98
53 63
53 66
53 67
54 68
54 120
54 69
54 73
54 74
54 101
54 102
54 103
54 104
54 77
54 108
54 122
54 109
54 79
54 82
54 83
54 111
54 123
54 115
54 86
54 88
54 116
54 91
54 92
54 124
54 125
54 55
54 57
54 58
54 118
54 119
54 62
54 98
54 63
54 64
54 89
55 99
55 127
55 100
55 121
55 70
55 73
55 101
55 102
55 104
55 106
55 122
55 109
55 79
55 80
55 82
55 83
55 110
55 123
55 112
55 86
55 89
55 116
55 124
55 125
55 94
55 56
55 58
55 117
55 96
55 60
55 62
55 63
55 64
56 100
56 121
56 70
56 72
56 73
56 101
56 75
56 103
56 76
56 77
56 105
56 79
56 80
56 82
56 84
56 123
56 114
56 88
56 89
56 90
56 116
56 91
56 92
56 93
56 124
56 125
56 59
56 60
56 98
56 63
57 127
57 100
57 69
57 70
57 71
57 74
57 101
57 76
57 106
57 122
57 80
57 82
57 110
57 123
57 85
57 113
57 114
57 87
57 89
57 90
57 116
57 91
57 124
57 125
57 94
57 59
57 60
57 61
57 97
57 119
57 62
57 98
57 63
57 64
57 65
57 66
57 67
58 120
58 127
58 100
58 69
58 73
58 74
58 102
58 103
58 122
58 78
58 79
58 82
58 123
58 114
58 86
58 88
58 89
58 90
58 116
58 95
58 117
58 119
58 98
58 65
58 92
58 104
58 62
58 77
58 124
59 99
59 127
59 100
59 121
59 69
59 71
59 74
59 101
59 75
59 102
59 103
59 76
59 77
59 106
59 107
59 122
59 109
59 84
59 110
59 123
59 114
59 126
59 89
59 90
59 91
59 92
59 93
59 125
59 95
59 117
59 96
59 60
59 61
59 97
59 98
59 63
59 64
59 66
59 67
60 68
60 99
60 127
60 100
60 121
60 72
60 73
60 75
60 102
60 103
60 106
60 108
60 122
60 109
60 78
60 80
60 81
60 83
60 84
60 111
60 112
60 114
60 115
60 87
60 126
60 89
60 93
60 124
60 125
60 95
60 117
60 96
60 118
60 97
60 98
60 63
60 64
60 65
60 66
60 67
61 99
61 127
61 69
61 70
61 101
61 75
61 102
61 103
61 104
61 77
61 105
61 106
61 108
61 80
61 82
61 83
61 84
61 123
61 112
61 113
61 114
61 115
61 87
61 90
61 116
61 124
61 94
61 117
61 96
61 62
62 68
62 120
62 127
62 70
62 71
62 72
62 74
62 75
62 102
62 103
62 104
62 76
62 105
62 108
62 122
62 109
62 81
62 82
62 83
62 84
62 112
62 85
62 114
62 115
62 116
62 91
62 92
62 125
62 94
62 117
62 96
62 118
62 98
62 63
62 64
62 86
62 73
62 88
62 77
62 89
62 124
63 68
63 120
63 69
63 71
63 72
63 74
63 101
63 75
63 102
63 103
63 105
63 108
63 80
63 81
63 83
63 111
63 85
63 114
63 86
63 88
63 126
63 89
63 90
63 116
63 125
63 94
63 95
63 96
63 97
63 98
63 64
63 65
64 120
64 69
64 71
64 72
64 73
64 74
64 75
64 102
64 103
64 104
64 77
64 105
64 106
64 109
64 80
64 81
64 82
64 83
64 84
64 110
64 111
64 123
64 85
64 114
64 115
64 86
64 87
64 88
64 126
64 89
64 125
64 95
64 117
64 118
64 97
64 65
65 68
65 99
65 70
65 71
65 104
65 106
65 107
65 78
65 82
65 83
65 84
65 110
65 111
65 123
65 114
65 87
65 126
65 90
65 116
65 93
65 124
65 95
65 117
65 97
66 99
66 100
66 121
66 69
66 71
66 72
66 73
66 102
66 104
66 76
66 105
66 108
66 122
66 78
66 83
66 84
66 111
66 112
66 114
66 115
66 87
66 88
66 126
66 89
66 91
66 93
66 94
66 95
66 117
67 99
67 100
67 70
67 72
67 74
67 101
67 103
67 77
67 106
67 107
67 108
67 122
67 109
67 78
67 80
67 82
67 84
67 112
67 114
67 115
67 88
67 89
67 116
67 91
67 124
67 94
67 118
67 97
67 119
68 99
68 127
68 121
68 73
68 74
68 101
68 75
68 103
68 76
68 77
68 108
68 122
68 109
68 82
68 110
68 85
68 113
68 114
68 86
68 88
68 89
68 90
68 91
68 124
68 125
68 94
68 95
68 117
68 96
68 98
69 99
69 127
69 70
69 71
69 72
69 102
69 103
69 104
69 106
69 109
69 82
69 84
69 111
69 123
69 113
69 114
69 87
69 88
69 126
69 90
69 116
69 91
69 93
69 97
69 119
69 98
70 99
70 120
70 127
70 100
70 71
70 72
70 75
70 102
70 104
70 77
70 105
70 106
70 107
70 122
70 109
70 80
70 82
70 84
70 110
70 86
70 126
70 90
70 116
70 92
70 93
70 94
70 117
70 118
70 97
70 119
71 120
71 100
71 121
71 72
71 73
71 102
71 105
71 106
71 107
71 109
71 79
71 80
71 81
71 82
71 83
71 84
71 110
71 111
71 86
71 88
71 126
71 90
71 94
71 117
71 97
72 100
72 121
72 73
72 101
72 75
72 76
72 105
72 106
72 122
72 78
72 80
72 82
72 84
72 110
72 113
72 114
72 115
72 86
72 88
72 126
72 89
72 116
72 92
72 94
72 117
72 97
72 119
72 98
73 99
73 127
73 121
73 101
73 102
73 104
73 76
73 77
73 105
73 107
73 122
73 109
73 79
73 81
73 82
73 123
73 112
73 85
73 114
73 86
73 88
73 126
73 90
73 92
73 124
73 95
73 117
73 96
73 97
73 98
73 89
74 101
74 102
74 104
74 76
74 108
74 122
74 78
74 79
74 81
74 82
74 84
74 123
74 114
74 87
74 88
74 126
74 89
74 90
74 93
74 119
74 98
75 127
75 100
75 121
75 101
75 76
75 78
75 80
75 81
75 82
75 84
75 111
75 113
75 114
75 87
75 89
75 90
75 93
76 120
76 100
76 101
76 102
76 103
76 106
76 78
76 80
76 81
76 84
76 111
76 123
76 112
76 114
76 115
76 86
76 126
76 91
76 125
76 117
76 97
76 119
76 98
77 127
77 121
77 101
77 106
77 107
77 122
77 78
77 79
77 80
77 82
77 83
77 110
77 123
77 115
77 88
77 89
77 90
77 92
77 124
77 125
77 94
77 117
77 96
77 118
77 98
77 86
77 104
78 99
78 127
78 100
78 121
78 101
78 102
78 106
78 108
78 109
78 83
78 84
78 123
78 112
78 85
78 113
78 88
78 126
78 90
78 94
78 117
78 119
78 98
79 99
79 127
79 100
79 121
79 102
79 103
79 108
79 122
79 109
79 81
79 82
79 110
79 123
79 113
79 115
79 87
79 126
79 90
79 92
79 93
79 125
79 117
79 118
79 97
79 119
79 98
80 120
80 127
80 100
80 121
80 105
80 106
80 107
80 108
80 122
80 109
80 81
80 82
80 83
80 84
80 111
80 113
80 87
80 88
80 89
80 90
80 91
80 92
80 94
80 95
80 118
80 97
80 119
81 99
81 120
81 106
81 108
81 122
81 109
81 82
81 83
81 110
81 111
81 85
81 113
81 115
81 86
81 88
81 116
81 91
81 92
81 93
81 125
81 117
81 118
82 99
82 121
82 102
82 106
82 107
82 108
82 122
82 83
82 84
82 123
82 112
82 113
82 86
82 88
82 126
82 89
82 90
82 116
82 92
82 124
82 94
82 96
82 118
82 119
82 98
82 104
83 99
83 127
83 121
83 104
83 105
83 106
83 107
83 108
83 84
83 111
83 85
83 113
83 114
83 86
83 87
83 91
83 94
83 96
83 118
83 97
83 98
84 99
84 121
84 101
84 102
84 103
84 105
84 122
84 109
84 112
84 85
84 113
84 114
84 87
84 88
84 126
84 90
84 91
84 125
84 94
84 117
84 96
84 118
84 97
85 99
85 127
85 121
85 101
85 102
85 104
85 106
85 108
85 122
85 110
85 111
85 123
85 114
85 115
85 86
85 88
85 90
85 91
85 125
85 94
85 95
85 117
85 119
85 98
86 120
86 100
86 101
86 104
86 106
86 107
86 122
86 109
86 110
86 111
86 123
86 112
86 113
86 115
86 88
86 126
86 90
86 116
86 91
86 92
86 93
86 124
86 95
86 96
86 97
86 119
86 98
86 89
87 120
87 100
87 102
87 103
87 107
87 108
87 109
87 110
87 111
87 112
87 113
87 115
87 88
87 126
87 89
87 116
87 91
87 92
87 125
87 94
87 117
87 118
87 98
88 99
88 121
88 101
88 106
88 108
88 122
88 109
88 123
88 112
88 113
88 114
88 126
88 89
88 91
88 92
88 93
88 124
88 125
88 94
88 117
88 104
89 99
89 105
89 107
89 111
89 123
89 112
89 126
89 90
89 116
89 92
89 93
89 95
89 119
89 104
89 124
90 120
90 127
90 103
90 122
90 109
90 110
90 111
90 123
90 112
90 115
90 116
90 96
90 97
90 119
91 102
91 105
91 106
91 107
91 109
91 111
91 123
91 113
91 116
91 93
91 124
91 125
91 95
91 117
91 118
91 98
92 127
92 101
92 102
92 104
92 106
92 122
92 109
92 111
92 113
92 115
92 126
92 116
92 124
92 117
92 118
93 104
93 105
93 106
93 122
93 111
93 112
93 114
93 115
93 126
93 116
93 124
93 125
93 95
93 97
94 100
94 121
94 102
94 104
94 105
94 108
94 122
94 110
94 111
94 113
94 115
94 126
94 125
94 95
94 117
94 96
94 97
94 119
95 99
95 120
95 127
95 121
95 104
95 105
95 106
95 107
95 108
95 109
95 111
95 123
95 113
95 115
95 126
95 97
95 98
96 120
96 100
96 101
96 102
96 103
96 106
96 107
96 109
96 110
96 111
96 123
96 113
96 114
96 115
96 126
96 125
96 117
96 118
97 99
97 121
97 102
97 105
97 107
97 122
97 109
97 111
97 112
97 116
97 124
97 125
97 117
97 118
98 99
98 127
98 100
98 121
98 102
98 104
98 107
98 122
98 111
98 123
98 114
98 126
98 124
99 127
99 100
99 121
99 102
99 103
99 104
99 105
99 106
99 108
99 122
99 111
99 123
99 113
99 114
99 117
100 120
100 127
100 102
100 103
100 104
100 105
100 108
100 122
100 109
100 110
100 112
100 114
100 124
100 125
100 119
101 127
101 103
101 104
101 107
101 108
101 110
101 111
101 112
101 126
101 124
101 125
101 119
102 120
102 121
102 104
102 107
102 108
102 110
102 111
102 112
102 126
102 116
102 124
102 117
102 119
103 120
103 105
103 107
103 108
103 122
103 109
103 110
103 115
103 116
103 125
104 127
104 121
104 106
104 107
104 109
104 110
104 123
104 118
104 124
105 120
105 127
105 109
105 110
105 111
105 123
105 112
105 114
105 126
105 119
106 121
106 107
106 108
106 109
106 110
106 123
106 116
106 125
106 117
106 118
106 119
107 127
107 121
107 108
107 122
107 109
107 111
107 114
107 115
107 126
107 125
107 118
107 119
108 120
108 109
108 110
108 111
108 123
108 113
108 114
108 124
108 125
108 119
109 120
109 111
109 112
109 115
109 119
110 127
110 111
110 123
110 112
110 115
110 126
110 124
110 125
110 117
110 118
111 120
111 123
111 114
111 115
111 125
112 120
112 121
112 122
112 113
112 114
112 126
112 124
112 125
113 120
113 127
113 121
113 122
113 123
113 114
113 115
113 126
113 118
114 127
114 121
114 122
114 126
114 118
114 119
115 120
115 127
115 123
115 116
115 125
115 119
116 127
116 121
116 123
116 126
116 124
116 117
116 118
116 119
117 120
117 121
117 123
117 126
117 118
117 119
118 120
118 122
118 126
118 124
118 125
118 119
119 120
119 121
119 123
119 126
119 125
120 121
121 126
121 125
122 127
122 126
123 126
125 127
126 127
