0 1
0 2
0 3
0 4
0 5
0 6
0 7
0 8
0 9
0 11
0 12
0 13
0 14
0 15
0 16
0 17
0 18
0 19
0 20
0 21
0 22
0 23
0 24
0 25
0 26
0 27
0 28
0 29
0 30
0 31
0 32
0 33
0 34
0 35
0 36
0 37
0 38
0 39
0 40
0 41
0 42
0 43
0 44
0 45
0 46
0 47
0 48
0 49
0 50
0 51
0 52
0 53
0 54
0 55
0 56
0 57
1 2
1 4
1 6
1 58
1 59
1 7
1 8
1 60
1 9
1 61
1 11
1 13
1 62
1 15
1 63
1 64
1 65
1 66
1 18
1 67
1 68
1 22
1 26
1 69
1 70
1 28
1 71
1 30
1 72
1 31
1 73
1 74
1 35
1 36
1 75
1 38
1 76
1 77
1 39
1 40
1 78
1 79
1 42
1 44
1 80
1 45
1 81
1 82
1 83
1 84
1 85
1 86
1 87
1 88
1 51
1 89
1 90
1 52
1 54
1 55
2 91
2 92
2 5
2 93
2 59
2 7
2 94
2 8
2 95
2 61
2 10
2 12
2 13
2 96
2 14
2 62
2 97
2 98
2 63
2 66
2 99
2 18
2 19
2 20
2 21
2 100
2 101
2 24
2 102
2 25
2 70
2 103
2 28
2 29
2 30
2 104
2 72
2 31
2 32
2 105
2 33
2 34
2 36
2 37
2 75
2 39
2 40
2 78
2 79
2 42
2 45
2 82
2 106
2 107
2 108
2 85
2 49
2 87
2 109
2 90
2 54
2 110
2 111
2 112
2 113
3 114
3 91
3 5
3 93
3 58
3 59
3 115
3 9
3 61
3 11
3 116
3 12
3 13
3 96
3 62
3 98
3 63
3 64
3 117
3 65
3 17
3 18
3 19
3 20
3 21
3 68
3 101
3 22
3 24
3 102
3 26
3 70
3 28
3 118
3 71
3 73
3 35
3 75
3 76
3 77
3 40
3 78
3 79
3 44
3 81
3 119
3 120
3 107
3 121
3 83
3 84
3 47
3 48
3 49
3 87
3 122
3 52
3 55
3 56
3 57
4 114
4 123
4 58
4 59
4 7
4 115
4 61
4 11
4 12
4 13
4 14
4 124
4 62
4 97
4 15
4 16
4 98
4 63
4 65
4 99
4 18
4 19
4 20
4 21
4 68
4 101
4 22
4 23
4 102
4 25
4 27
4 69
4 71
4 29
4 30
4 72
4 32
4 73
4 74
4 33
4 36
4 38
4 39
4 40
4 79
4 42
4 44
4 80
4 45
4 119
4 82
4 106
4 121
4 83
4 84
4 47
4 48
4 49
4 86
4 87
4 88
4 50
4 89
4 109
4 90
4 53
4 54
4 56
4 113
4 57
5 114
5 91
5 92
5 6
5 93
5 8
5 95
5 60
5 9
5 10
5 13
5 96
5 14
5 125
5 124
5 97
5 126
5 117
5 127
5 66
5 99
5 18
5 19
5 68
5 101
5 24
5 102
5 69
5 70
5 28
5 29
5 30
5 72
5 31
5 32
5 74
5 33
5 34
5 36
5 75
5 38
5 76
5 77
5 41
5 78
5 42
5 44
5 80
5 45
5 81
5 119
5 46
5 82
5 120
5 108
5 83
5 84
5 85
5 48
5 49
5 88
5 122
5 89
5 90
5 52
5 53
5 55
5 56
5 112
5 12
6 59
6 7
6 8
6 95
6 9
6 61
6 13
6 96
6 14
6 125
6 62
6 98
6 63
6 117
6 65
6 17
6 66
6 18
6 19
6 67
6 20
6 68
6 100
6 101
6 22
6 23
6 24
6 102
6 25
6 69
6 70
6 103
6 30
6 31
6 32
6 105
6 36
6 37
6 80
6 45
6 119
6 46
6 82
6 120
6 106
6 108
6 83
6 84
6 85
6 49
6 86
6 51
6 90
6 53
6 54
6 110
6 111
6 55
6 57
7 91
7 123
7 93
7 94
7 115
7 95
7 9
7 10
7 13
7 96
7 125
7 62
7 97
7 16
7 126
7 65
7 17
7 18
7 19
7 67
7 21
7 100
7 101
7 22
7 24
7 102
7 25
7 69
7 70
7 103
7 28
7 29
7 30
7 31
7 73
7 105
7 34
7 37
7 76
7 77
7 42
7 44
7 80
7 45
7 119
7 46
7 106
7 107
7 121
7 84
7 85
7 47
7 88
7 122
7 50
7 51
7 109
7 53
7 55
7 112
7 113
8 59
8 115
8 95
8 9
8 10
8 11
8 116
8 13
8 14
8 125
8 124
8 62
8 15
8 63
8 64
8 117
8 99
8 67
8 21
8 68
8 100
8 101
8 25
8 70
8 118
8 71
8 29
8 104
8 31
8 34
8 35
8 76
8 77
8 39
8 41
8 44
8 81
8 82
8 120
8 84
8 85
8 47
8 48
8 49
8 87
8 122
8 50
8 89
8 109
8 54
8 110
8 113
8 57
9 123
9 93
9 58
9 59
9 94
9 95
9 11
9 13
9 124
9 62
9 15
9 126
9 98
9 63
9 65
9 127
9 99
9 18
9 67
9 20
9 21
9 101
9 23
9 102
9 70
9 71
9 29
9 30
9 31
9 32
9 73
9 74
9 35
9 37
9 38
9 76
9 77
9 41
9 78
9 79
9 42
9 44
9 45
9 81
9 119
9 46
9 106
9 108
9 121
9 83
9 88
9 122
9 51
9 89
9 109
9 90
9 52
9 53
9 110
9 111
9 56
9 112
9 120
9 10
9 96
9 84
9 12
9 92
9 68
10 123
10 92
10 93
10 11
10 12
10 13
10 62
10 97
10 16
10 126
10 98
10 63
10 64
10 17
10 99
10 18
10 19
10 20
10 68
10 101
10 102
10 27
10 69
10 70
10 28
10 118
10 71
10 30
10 104
10 72
10 31
10 32
10 73
10 74
10 105
10 34
10 35
10 38
10 76
10 39
10 79
10 44
10 80
10 45
10 81
10 46
10 120
10 106
10 107
10 108
10 121
10 83
10 84
10 47
10 49
10 87
10 88
10 50
10 51
10 110
10 111
10 56
10 112
10 113
10 119
10 96
10 89
11 91
11 93
11 58
11 59
11 60
11 61
11 116
11 96
11 125
11 62
11 97
11 126
11 63
11 64
11 117
11 18
11 20
11 21
11 22
11 24
11 102
11 26
11 69
11 103
11 118
11 71
11 30
11 32
11 33
11 34
11 35
11 37
11 38
11 76
11 40
11 41
11 79
11 42
11 43
11 44
11 81
11 46
11 106
11 107
11 83
11 48
11 49
11 88
11 50
11 51
11 109
11 53
11 55
11 56
11 113
11 57
12 114
12 91
12 123
12 59
12 94
12 115
12 116
12 13
12 96
12 125
12 124
12 15
12 16
12 98
12 63
12 117
12 65
12 127
12 17
12 19
12 100
12 101
12 23
12 24
12 102
12 70
12 103
12 28
12 71
12 29
12 30
12 32
12 73
12 105
12 33
12 35
12 38
12 76
12 77
12 39
12 79
12 43
12 119
12 82
12 106
12 107
12 108
12 85
12 47
12 48
12 49
12 122
12 109
12 90
12 52
12 110
12 111
12 55
12 56
12 57
12 44
12 93
12 81
12 120
12 99
12 89
12 84
12 92
12 68
12 74
13 114
13 91
13 92
13 93
13 58
13 94
13 115
13 61
13 116
13 96
13 14
13 124
13 15
13 65
13 127
13 17
13 18
13 67
13 20
13 21
13 68
13 22
13 102
13 25
13 26
13 27
13 118
13 29
13 30
13 31
13 105
13 34
13 35
13 36
13 37
13 75
13 38
13 39
13 40
13 41
13 78
13 79
13 43
13 44
13 81
13 119
13 120
13 106
13 108
13 121
13 84
13 47
13 86
13 87
13 88
13 122
13 109
13 52
13 110
13 112
13 113
13 99
13 89
13 74
14 114
14 123
14 92
14 59
14 94
14 115
14 95
14 116
14 63
14 117
14 17
14 66
14 18
14 19
14 67
14 20
14 100
14 22
14 25
14 26
14 27
14 28
14 30
14 31
14 32
14 73
14 105
14 35
14 36
14 37
14 76
14 77
14 40
14 79
14 42
14 43
14 44
14 119
14 82
14 120
14 106
14 108
14 84
14 48
14 49
14 86
14 87
14 89
14 52
14 110
14 56
14 112
14 113
14 57
15 92
15 115
15 95
15 60
15 61
15 116
15 96
15 125
15 124
15 62
15 97
15 126
15 65
15 66
15 99
15 18
15 67
15 21
15 101
15 23
15 24
15 70
15 30
15 104
15 72
15 73
15 74
15 36
15 37
15 40
15 41
15 78
15 79
15 42
15 43
15 44
15 80
15 81
15 46
15 106
15 107
15 108
15 83
15 84
15 47
15 86
15 87
15 88
15 122
15 109
15 90
15 52
15 110
15 111
16 114
16 115
16 60
16 116
16 125
16 124
16 62
16 97
16 98
16 64
16 117
16 65
16 127
16 66
16 18
16 19
16 21
16 102
16 70
16 118
16 71
16 104
16 72
16 31
16 32
16 73
16 74
16 33
16 34
16 35
16 36
16 37
16 38
16 77
16 41
16 79
16 42
16 43
16 44
16 80
16 81
16 46
16 82
16 120
16 107
16 108
16 121
16 84
16 85
16 48
16 49
16 122
16 50
16 51
16 89
16 52
16 110
16 111
16 55
16 56
16 112
17 93
17 58
17 59
17 95
17 60
17 61
17 116
17 125
17 124
17 62
17 97
17 126
17 98
17 127
17 66
17 99
17 18
17 21
17 68
17 100
17 101
17 22
17 23
17 26
17 27
17 118
17 30
17 72
17 73
17 74
17 33
17 34
17 35
17 37
17 75
17 77
17 39
17 41
17 78
17 79
17 42
17 43
17 119
17 46
17 120
17 107
17 84
17 47
17 48
17 86
17 87
17 88
17 122
17 50
17 52
17 53
17 111
18 123
18 92
18 58
18 94
18 116
18 62
18 98
18 99
18 19
18 67
18 68
18 100
18 101
18 23
18 102
18 26
18 27
18 69
18 118
18 71
18 72
18 32
18 33
18 34
18 35
18 36
18 37
18 76
18 77
18 39
18 40
18 79
18 42
18 43
18 44
18 80
18 81
18 119
18 46
18 120
18 107
18 108
18 49
18 86
18 88
18 89
18 109
18 90
18 53
18 54
18 55
19 114
19 91
19 123
19 58
19 115
19 61
19 116
19 62
19 126
19 98
19 63
19 64
19 117
19 65
19 127
19 66
19 67
19 21
19 68
19 22
19 27
19 69
19 103
19 28
19 118
19 71
19 104
19 33
19 36
19 37
19 75
19 76
19 40
19 41
19 78
19 79
19 46
19 82
19 108
19 121
19 83
19 84
19 85
19 49
19 86
19 87
19 122
19 54
19 113
20 114
20 91
20 123
20 58
20 94
20 115
20 95
20 60
20 61
20 96
20 124
20 62
20 97
20 126
20 98
20 63
20 117
20 99
20 67
20 21
20 23
20 27
20 69
20 70
20 28
20 71
20 30
20 104
20 72
20 31
20 32
20 73
20 74
20 105
20 33
20 35
20 75
20 39
20 78
20 79
20 42
20 43
20 81
20 82
20 120
20 107
20 108
20 121
20 85
20 47
20 86
20 88
20 50
20 89
20 109
20 90
20 52
20 54
20 110
20 111
20 55
20 56
20 112
20 113
21 114
21 92
21 59
21 94
21 115
21 95
21 60
21 116
21 125
21 124
21 97
21 126
21 64
21 127
21 99
21 68
21 23
21 24
21 102
21 26
21 27
21 69
21 70
21 71
21 29
21 104
21 72
21 31
21 32
21 74
21 105
21 33
21 35
21 37
21 75
21 39
21 41
21 42
21 43
21 80
21 81
21 107
21 83
21 47
21 49
21 86
21 87
21 88
21 122
21 90
21 53
21 55
21 56
21 113
22 91
22 92
22 93
22 94
22 115
22 95
22 61
22 96
22 124
22 62
22 97
22 126
22 98
22 117
22 127
22 99
22 67
22 101
22 102
22 25
22 27
22 69
22 70
22 118
22 30
22 31
22 73
22 34
22 75
22 76
22 77
22 39
22 42
22 80
22 120
22 107
22 108
22 85
22 47
22 48
22 86
22 88
22 122
22 50
22 51
22 52
22 53
22 54
22 55
22 112
22 57
23 91
23 123
23 92
23 59
23 115
23 61
23 116
23 96
23 62
23 97
23 126
23 64
23 66
23 99
23 26
23 27
23 69
23 104
23 72
23 73
23 105
23 33
23 75
23 39
23 41
23 78
23 79
23 43
23 80
23 45
23 81
23 120
23 107
23 108
23 121
23 83
23 84
23 47
23 48
23 49
23 86
23 87
23 50
23 51
23 89
23 52
23 53
23 110
23 111
23 112
23 57
24 114
24 92
24 93
24 115
24 95
24 61
24 116
24 96
24 125
24 124
24 97
24 98
24 63
24 64
24 117
24 127
24 67
24 100
24 101
24 102
24 25
24 26
24 27
24 69
24 103
24 28
24 29
24 30
24 72
24 31
24 74
24 105
24 34
24 35
24 75
24 76
24 39
24 41
24 78
24 79
24 43
24 44
24 80
24 81
24 119
24 46
24 82
24 106
24 107
24 121
24 84
24 86
24 87
24 88
24 51
24 90
24 53
24 55
24 56
24 112
24 113
24 57
25 91
25 93
25 59
25 60
25 61
25 116
25 125
25 62
25 97
25 126
25 98
25 63
25 117
25 65
25 66
25 99
25 68
25 101
25 26
25 70
25 103
25 28
25 29
25 30
25 31
25 32
25 73
25 74
25 105
25 34
25 36
25 76
25 77
25 39
25 40
25 41
25 78
25 42
25 44
25 81
25 119
25 82
25 106
25 49
25 86
25 122
25 50
25 89
25 90
25 52
25 54
25 110
25 113
25 57
26 91
26 123
26 93
26 58
26 94
26 115
26 95
26 96
26 125
26 62
26 97
26 126
26 98
26 63
26 117
26 66
26 99
26 101
26 69
26 70
26 118
26 71
26 29
26 30
26 104
26 32
26 73
26 74
26 105
26 33
26 35
26 40
26 43
26 81
26 106
26 108
26 121
26 83
26 84
26 85
26 47
26 48
26 87
26 51
26 90
26 54
26 110
26 111
26 55
26 56
26 113
26 57
27 114
27 91
27 123
27 92
27 59
27 94
27 115
27 95
27 125
27 64
27 66
27 101
27 102
27 69
27 103
27 71
27 72
27 31
27 34
27 35
27 36
27 75
27 38
27 40
27 43
27 44
27 119
27 82
27 106
27 108
27 121
27 85
27 47
27 48
27 49
27 87
27 122
27 89
27 54
27 56
28 114
28 58
28 60
28 61
28 125
28 124
28 97
28 98
28 63
28 127
28 99
28 100
28 102
28 118
28 29
28 32
28 73
28 74
28 105
28 33
28 34
28 36
28 38
28 77
28 40
28 41
28 78
28 42
28 44
28 80
28 81
28 119
28 82
28 107
28 83
28 85
28 48
28 87
28 51
28 89
28 109
28 90
28 52
28 54
28 111
28 55
28 56
28 112
28 57
29 114
29 91
29 93
29 59
29 60
29 61
29 125
29 124
29 97
29 117
29 65
29 99
29 67
29 68
29 103
29 71
29 104
29 72
29 31
29 74
29 35
29 36
29 37
29 75
29 40
29 41
29 78
29 43
29 45
29 81
29 82
29 120
29 106
29 121
29 83
29 84
29 48
29 86
29 87
29 122
29 50
29 89
29 109
29 110
29 112
29 113
29 57
30 114
30 123
30 93
30 58
30 115
30 95
30 60
30 61
30 116
30 125
30 124
30 62
30 63
30 117
30 127
30 66
30 99
30 67
30 100
30 102
30 69
30 71
30 104
30 32
30 74
30 105
30 33
30 35
30 36
30 75
30 76
30 77
30 39
30 78
30 79
30 42
30 80
30 46
30 82
30 83
30 47
30 48
30 86
30 87
30 50
30 109
30 52
30 53
30 54
30 111
30 56
30 112
30 113
30 57
31 114
31 92
31 58
31 59
31 60
31 96
31 97
31 126
31 98
31 65
31 127
31 66
31 67
31 100
31 102
31 69
31 103
31 118
31 104
31 72
31 32
31 73
31 105
31 33
31 34
31 36
31 37
31 77
31 40
31 78
31 79
31 80
31 45
31 119
31 46
31 106
31 107
31 83
31 84
31 85
31 48
31 49
31 86
31 122
31 50
31 90
31 52
31 54
31 110
32 114
32 58
32 59
32 115
32 60
32 116
32 96
32 125
32 124
32 97
32 126
32 65
32 66
32 99
32 68
32 100
32 102
32 70
32 103
32 105
32 34
32 37
32 38
32 76
32 39
32 40
32 41
32 43
32 44
32 80
32 81
32 119
32 46
32 82
32 107
32 108
32 48
32 49
32 86
32 88
32 122
32 50
32 51
32 109
32 52
32 53
32 54
32 110
32 111
32 55
32 56
32 112
33 93
33 94
33 115
33 95
33 60
33 61
33 116
33 96
33 125
33 62
33 126
33 98
33 64
33 65
33 66
33 99
33 68
33 100
33 101
33 69
33 70
33 103
33 118
33 71
33 73
33 105
33 34
33 35
33 36
33 77
33 39
33 40
33 79
33 43
33 44
33 80
33 45
33 81
33 119
33 82
33 107
33 121
33 85
33 48
33 86
33 88
33 122
33 51
33 89
33 90
33 53
33 54
33 55
33 56
33 112
34 123
34 93
34 58
34 59
34 94
34 115
34 95
34 60
34 61
34 125
34 124
34 126
34 63
34 64
34 65
34 127
34 66
34 67
34 103
34 118
34 104
34 74
34 35
34 75
34 38
34 76
34 77
34 39
34 40
34 41
34 79
34 44
34 80
34 81
34 119
34 46
34 106
34 83
34 122
34 50
34 51
34 110
34 111
34 55
34 113
35 114
35 91
35 123
35 93
35 59
35 95
35 60
35 116
35 96
35 125
35 62
35 97
35 126
35 64
35 117
35 66
35 99
35 100
35 101
35 102
35 69
35 70
35 118
35 71
35 73
35 105
35 37
35 75
35 39
35 40
35 41
35 78
35 79
35 42
35 45
35 46
35 106
35 121
35 83
35 47
35 48
35 88
35 90
35 52
35 53
36 114
36 59
36 94
36 95
36 60
36 61
36 116
36 125
36 124
36 97
36 98
36 64
36 65
36 66
36 102
36 70
36 103
36 71
36 72
36 105
36 37
36 38
36 76
36 77
36 39
36 41
36 79
36 43
36 81
36 119
36 46
36 82
36 120
36 121
36 84
36 85
36 86
36 87
36 122
36 51
36 89
36 109
36 52
36 54
36 110
36 111
36 112
36 57
37 123
37 92
37 125
37 124
37 117
37 65
37 68
37 103
37 71
37 104
37 73
37 105
37 38
37 77
37 40
37 41
37 78
37 44
37 80
37 119
37 46
37 120
37 107
37 108
37 83
37 48
37 49
37 86
37 51
37 89
37 109
37 53
37 55
38 114
38 91
38 123
38 92
38 93
38 58
38 59
38 95
38 125
38 124
38 98
38 63
38 64
38 65
38 127
38 100
38 101
38 102
38 70
38 103
38 118
38 71
38 104
38 73
38 74
38 76
38 77
38 39
38 78
38 79
38 42
38 43
38 44
38 45
38 81
38 119
38 108
38 121
38 84
38 48
38 86
38 87
38 122
38 51
38 89
38 90
38 53
38 110
38 111
38 112
38 113
38 57
38 120
38 99
38 96
38 68
39 114
39 123
39 58
39 59
39 115
39 60
39 61
39 125
39 124
39 62
39 126
39 98
39 65
39 127
39 67
39 68
39 101
39 102
39 69
39 72
39 105
39 76
39 77
39 40
39 41
39 79
39 43
39 45
39 119
39 46
39 82
39 120
39 108
39 121
39 85
39 88
39 50
39 51
39 109
39 53
39 54
39 110
39 57
40 92
40 93
40 58
40 115
40 95
40 116
40 125
40 124
40 62
40 126
40 98
40 63
40 65
40 66
40 99
40 67
40 68
40 102
40 69
40 70
40 118
40 104
40 73
40 105
40 75
40 76
40 77
40 41
40 45
40 120
40 107
40 108
40 121
40 48
40 88
40 51
40 109
40 90
40 52
40 53
40 54
40 110
40 55
41 123
41 58
41 59
41 115
41 60
41 125
41 62
41 64
41 117
41 65
41 66
41 99
41 102
41 69
41 70
41 72
41 73
41 74
41 75
41 77
41 78
41 43
41 44
41 119
41 46
41 106
41 108
41 84
41 47
41 86
41 87
41 88
41 50
41 109
41 53
41 54
41 111
41 55
41 56
42 92
42 93
42 59
42 94
42 115
42 124
42 126
42 98
42 117
42 127
42 66
42 67
42 100
42 70
42 103
42 118
42 71
42 104
42 73
42 74
42 105
42 76
42 77
42 78
42 43
42 44
42 80
42 119
42 46
42 82
42 106
42 108
42 84
42 85
42 86
42 88
42 122
42 50
42 51
42 109
42 90
42 110
42 56
42 112
42 113
42 57
43 93
43 61
43 116
43 125
43 62
43 63
43 117
43 65
43 127
43 66
43 99
43 67
43 68
43 102
43 69
43 71
43 104
43 73
43 74
43 75
43 76
43 78
43 44
43 80
43 45
43 81
43 120
43 108
43 47
43 48
43 88
43 122
43 51
43 109
43 90
43 54
43 55
43 56
43 112
44 114
44 91
44 123
44 93
44 59
44 94
44 115
44 95
44 61
44 96
44 124
44 62
44 97
44 126
44 63
44 64
44 65
44 67
44 101
44 102
44 69
44 73
44 74
44 75
44 76
44 77
44 78
44 80
44 81
44 119
44 46
44 82
44 108
44 83
44 84
44 47
44 48
44 86
44 88
44 122
44 50
44 89
44 90
44 54
44 110
44 112
44 113
44 120
44 99
44 92
44 68
45 114
45 91
45 123
45 95
45 61
45 116
45 125
45 124
45 97
45 126
45 66
45 99
45 101
45 102
45 103
45 71
45 104
45 72
45 74
45 105
45 76
45 77
45 78
45 80
45 119
45 82
45 120
45 121
45 83
45 122
45 50
45 109
45 52
45 110
45 111
45 55
45 56
46 123
46 92
46 93
46 58
46 115
46 60
46 116
46 125
46 97
46 126
46 64
46 117
46 65
46 66
46 67
46 68
46 100
46 101
46 69
46 70
46 103
46 118
46 72
46 73
46 74
46 76
46 81
46 120
46 107
46 121
46 84
46 47
46 48
46 49
46 88
46 50
46 51
46 90
46 52
46 55
46 112
46 113
47 91
47 92
47 94
47 115
47 60
47 96
47 62
47 97
47 126
47 63
47 64
47 65
47 66
47 99
47 101
47 102
47 69
47 70
47 103
47 104
47 74
47 76
47 119
47 107
47 108
47 83
47 85
47 48
47 49
47 86
47 89
47 52
47 55
47 56
47 112
48 114
48 123
48 59
48 94
48 115
48 95
48 60
48 116
48 96
48 124
48 63
48 64
48 65
48 127
48 66
48 99
48 67
48 68
48 101
48 102
48 71
48 72
48 73
48 74
48 105
48 76
48 77
48 78
48 79
48 119
48 106
48 108
48 85
48 88
48 122
48 50
48 89
48 90
48 52
48 54
48 55
48 113
49 114
49 91
49 123
49 93
49 58
49 94
49 116
49 97
49 64
49 65
49 66
49 99
49 67
49 68
49 100
49 101
49 69
49 104
49 73
49 74
49 105
49 75
49 76
49 77
49 107
49 108
49 83
49 84
49 86
49 53
49 110
49 111
49 55
49 112
50 114
50 123
50 93
50 58
50 59
50 94
50 95
50 60
50 116
50 96
50 125
50 62
50 97
50 126
50 98
50 63
50 117
50 65
50 99
50 68
50 102
50 69
50 103
50 71
50 104
50 72
50 73
50 74
50 75
50 77
50 79
50 119
50 106
50 121
50 83
50 84
50 85
50 86
50 87
50 51
50 52
50 54
50 110
50 111
50 56
50 112
50 113
51 123
51 93
51 58
51 94
51 124
51 126
51 98
51 63
51 64
51 127
51 66
51 67
51 68
51 100
51 102
51 69
51 103
51 104
51 73
51 105
51 75
51 76
51 77
51 80
51 108
51 121
51 83
51 85
51 87
51 88
51 122
51 89
51 90
51 52
51 111
51 56
51 57
52 91
52 123
52 92
52 58
52 59
52 94
52 95
52 116
52 96
52 125
52 124
52 62
52 97
52 126
52 98
52 64
52 127
52 68
52 100
52 101
52 70
52 103
52 104
52 72
52 74
52 105
52 75
52 76
52 79
52 81
52 119
52 121
52 83
52 85
52 86
52 87
52 88
52 109
52 53
52 111
53 91
53 58
53 59
53 94
53 115
53 95
53 60
53 63
53 117
53 127
53 99
53 67
53 68
53 103
53 118
53 71
53 104
53 74
53 75
53 78
53 79
53 82
53 120
53 106
53 108
53 121
53 84
53 85
53 86
53 87
53 88
53 122
53 89
53 110
53 111
53 56
53 112
53 113
53 57
54 114
54 91
54 123
54 92
54 59
54 115
54 60
54 125
54 98
54 65
54 99
54 67
54 103
54 71
54 72
54 74
54 75
54 77
54 79
54 119
54 82
54 120
54 106
54 108
54 83
54 84
54 85
54 86
54 110
54 57
55 91
55 123
55 93
55 94
55 115
55 95
55 60
55 61
55 116
55 96
55 125
55 62
55 97
55 126
55 98
55 63
55 64
55 65
55 127
55 99
55 68
55 101
55 69
55 70
55 103
55 72
55 73
55 74
55 75
55 77
55 78
55 80
55 119
55 82
55 121
55 84
55 85
55 86
55 87
55 109
55 110
55 111
55 56
55 113
56 91
56 123
56 93
56 59
56 94
56 61
56 116
56 96
56 126
56 117
56 65
56 66
56 100
56 101
56 118
56 71
56 104
56 72
56 73
56 74
56 105
56 77
56 78
56 79
56 119
56 88
56 122
56 89
56 109
56 90
56 110
56 113
56 57
57 114
57 93
57 58
57 59
57 61
57 116
57 96
57 125
57 117
57 127
57 100
57 101
57 102
57 69
57 73
57 74
57 76
57 78
57 79
57 80
57 82
57 106
57 86
57 87
57 122
57 109
57 90
57 110
57 113
58 114
58 91
58 123
58 94
58 115
58 95
58 60
58 61
58 116
58 96
58 125
58 124
58 62
58 126
58 98
58 64
58 65
58 127
58 66
58 67
58 101
58 70
58 103
58 71
58 72
58 73
58 75
58 77
58 79
58 82
58 83
58 84
58 85
58 87
58 110
58 111
58 112
58 113
59 114
59 93
59 94
59 95
59 60
59 125
59 124
59 126
59 98
59 63
59 66
59 99
59 67
59 68
59 100
59 101
59 71
59 104
59 72
59 77
59 79
59 120
59 106
59 107
59 108
59 122
59 111
59 113
60 91
60 92
60 93
60 98
60 65
60 127
60 104
60 79
60 82
60 107
60 84
60 86
60 87
60 123
60 94
60 95
60 116
60 96
60 63
60 66
60 102
60 69
60 71
60 72
60 73
60 74
60 75
60 80
60 119
60 88
60 89
60 90
60 113
61 93
61 124
61 97
61 98
61 101
61 70
61 103
61 104
61 105
61 77
61 82
61 120
61 107
61 85
61 87
61 111
61 123
61 94
61 115
61 95
61 116
61 96
61 125
61 62
61 64
61 102
61 72
61 73
61 74
61 75
61 80
61 119
61 88
61 109
61 90
61 112
62 91
62 124
62 97
62 117
62 99
62 67
62 68
62 100
62 70
62 118
62 104
62 77
62 79
62 81
62 82
62 106
62 108
62 84
62 110
62 111
62 115
62 116
62 96
62 125
62 102
62 69
62 78
62 80
62 121
62 83
62 88
62 89
63 124
63 97
63 126
63 117
63 127
63 67
63 68
63 101
63 70
63 103
63 104
63 76
63 79
63 106
63 108
63 111
63 116
63 66
63 72
63 74
63 75
63 80
63 119
63 121
63 89
63 109
63 90
63 112
63 113
64 124
64 97
64 98
64 65
64 127
64 68
64 101
64 70
64 118
64 105
64 82
64 106
64 84
64 86
64 110
64 111
64 123
64 95
64 96
64 66
64 72
64 73
64 75
64 78
64 80
64 83
64 88
64 89
64 109
64 90
64 112
65 114
65 92
65 93
65 124
65 97
65 126
65 117
65 95
65 127
65 99
65 67
65 68
65 69
65 73
65 74
65 105
65 77
65 78
65 80
65 120
65 106
65 107
65 108
65 83
65 84
65 86
65 87
65 122
65 89
66 91
66 93
66 97
66 126
66 98
66 67
66 100
66 101
66 103
66 118
66 104
66 82
66 120
66 106
66 108
66 87
66 111
66 95
66 96
66 125
66 102
66 69
66 72
66 75
66 78
66 80
66 119
66 83
66 88
66 89
66 112
66 113
67 114
67 91
67 92
67 93
67 117
67 127
67 99
67 123
67 115
67 95
67 116
67 68
67 100
67 102
67 104
67 105
67 76
67 77
67 79
67 80
67 81
67 82
67 120
67 106
67 121
67 83
67 85
67 87
67 109
67 112
67 113
68 114
68 99
68 94
68 95
68 96
68 125
68 101
68 118
68 71
68 72
68 105
68 80
68 81
68 120
68 83
68 85
68 86
68 88
68 122
68 89
68 109
68 110
68 112
68 108
68 102
68 93
68 119
68 84
68 92
68 74
69 91
69 93
69 124
69 97
69 117
69 127
69 101
69 105
69 76
69 81
69 82
69 106
69 108
69 84
69 115
69 116
69 96
69 72
69 73
69 74
69 75
69 121
69 83
69 88
69 122
69 89
69 109
69 90
70 114
70 91
70 92
70 93
70 126
70 98
70 117
70 127
70 99
70 101
70 123
70 95
70 116
70 102
70 103
70 72
70 73
70 74
70 105
70 75
70 77
70 79
70 80
70 81
70 119
70 120
70 86
70 88
70 109
70 113
71 91
71 127
71 99
71 100
71 101
71 103
71 118
71 104
71 106
71 107
71 108
71 85
71 87
71 110
71 123
71 95
71 96
71 102
71 72
71 74
71 75
71 78
71 121
71 88
71 112
72 124
72 126
72 98
72 127
72 100
72 101
72 118
72 105
72 76
72 79
72 82
72 107
72 85
72 123
72 115
72 95
72 73
72 75
72 78
72 88
72 89
72 109
72 90
72 113
73 91
73 93
73 126
73 98
73 117
73 127
73 99
73 100
73 79
73 82
73 120
73 107
73 108
73 84
73 85
73 87
73 110
73 123
73 94
73 115
73 96
73 125
73 74
73 80
73 119
73 122
73 89
73 109
73 113
74 92
74 97
74 126
74 117
74 100
74 101
74 103
74 118
74 104
74 77
74 106
74 107
74 108
74 87
74 111
74 123
74 115
74 125
74 102
74 75
74 80
74 119
74 121
74 89
74 90
74 112
74 113
74 93
74 81
74 120
74 99
74 96
74 84
75 93
75 124
75 127
75 99
75 101
75 103
75 105
75 76
75 77
75 79
75 81
75 84
75 85
75 87
75 110
75 123
75 94
75 95
75 125
75 80
75 121
75 122
75 89
75 90
75 112
76 114
76 91
76 93
76 126
76 99
76 101
76 118
76 104
76 105
76 94
76 77
76 79
76 80
76 120
76 106
76 121
76 84
76 85
76 88
76 122
76 110
76 111
77 114
77 92
77 97
77 126
77 98
77 103
77 104
77 119
77 82
77 120
77 107
77 108
77 121
77 83
77 86
77 87
77 88
77 122
77 90
77 110
77 111
77 112
78 97
78 98
78 127
78 99
78 101
78 118
78 104
78 79
78 81
78 120
78 106
78 107
78 108
78 87
78 111
78 115
78 116
78 96
78 80
78 119
78 88
78 89
78 112
79 114
79 91
79 92
79 97
79 126
79 98
79 127
79 99
79 101
79 118
79 104
79 115
79 95
79 116
79 96
79 102
79 80
79 119
79 82
79 107
79 108
79 83
79 84
79 85
79 86
79 88
79 89
79 109
79 110
80 91
80 124
80 97
80 126
80 98
80 117
80 127
80 99
80 100
80 101
80 118
80 105
80 82
80 108
80 87
80 110
80 111
80 123
80 115
80 95
80 102
80 121
80 83
80 122
81 114
81 93
81 124
81 98
81 117
81 127
81 103
81 118
81 105
81 123
81 94
81 102
81 119
81 82
81 106
81 108
81 121
81 83
81 89
81 109
81 111
81 120
81 99
81 96
81 84
81 92
82 114
82 126
82 117
82 99
82 118
82 104
82 123
82 94
82 115
82 116
82 120
82 107
82 121
82 85
82 86
82 88
82 109
82 90
82 110
83 92
83 97
83 126
83 117
83 101
83 103
83 118
83 120
83 107
83 85
83 86
83 111
83 123
83 115
83 95
83 116
83 96
83 102
83 119
83 121
83 88
83 122
83 109
83 112
83 113
84 114
84 97
84 98
84 99
84 100
84 103
84 105
84 106
84 94
84 115
84 95
84 96
84 121
84 86
84 88
84 89
84 109
84 110
84 112
84 108
84 102
84 93
84 119
84 120
84 92
85 114
85 91
85 92
85 93
85 124
85 97
85 98
85 117
85 100
85 101
85 105
85 107
85 95
85 116
85 96
85 125
85 109
85 111
85 112
85 113
86 114
86 93
86 124
86 97
86 126
86 117
86 101
86 103
86 118
86 104
86 107
86 108
86 94
86 115
86 125
86 102
86 119
86 87
86 88
86 90
86 112
86 113
87 114
87 97
87 117
87 100
87 101
87 118
87 104
87 120
87 106
87 107
87 123
87 94
87 115
87 116
87 96
87 125
87 119
87 109
87 112
88 91
88 92
88 93
88 124
88 117
88 100
88 103
88 118
88 106
88 107
88 108
88 110
88 94
88 115
88 95
88 116
88 96
88 125
88 102
88 119
88 121
88 122
88 112
88 113
89 98
89 99
89 101
89 118
89 104
89 94
89 115
89 116
89 102
89 122
89 109
89 112
89 108
89 93
89 119
89 120
89 96
89 92
90 92
90 97
90 117
90 127
90 120
90 111
90 94
90 115
90 95
90 116
90 125
90 119
90 121
90 112
91 114
91 116
91 125
91 124
91 126
91 99
91 102
91 103
91 118
91 119
91 106
91 108
91 121
91 111
91 113
92 123
92 95
92 116
92 96
92 125
92 97
92 100
92 102
92 118
92 106
92 107
92 108
92 110
92 111
92 112
92 113
92 93
92 119
92 120
92 99
93 114
93 123
93 115
93 95
93 116
93 96
93 125
93 97
93 99
93 100
93 102
93 104
93 105
93 119
93 108
93 121
93 122
93 110
93 120
94 97
94 117
94 127
94 100
94 103
94 118
94 120
94 106
94 123
94 115
94 116
94 96
94 125
94 122
94 109
95 98
95 117
95 99
95 104
95 106
95 108
95 110
95 123
95 115
95 116
95 102
95 119
95 121
95 122
95 113
96 124
96 97
96 126
96 117
96 103
96 120
96 106
96 108
96 110
96 121
96 113
96 102
96 119
96 99
97 114
97 123
97 115
97 125
97 98
97 117
97 127
97 100
97 102
97 105
97 119
97 106
97 107
97 108
97 122
97 110
97 113
98 114
98 123
98 115
98 116
98 125
98 117
98 127
98 99
98 101
98 102
98 118
98 108
98 121
98 122
98 110
98 111
99 114
99 124
99 126
99 127
99 108
99 122
99 109
99 102
99 119
99 120
100 114
100 126
100 117
100 127
100 123
100 102
100 103
100 105
100 119
100 120
100 106
100 107
100 121
100 111
100 113
101 114
101 124
101 116
101 125
101 103
101 118
101 104
101 105
101 120
101 106
101 107
101 108
101 122
101 109
102 124
102 127
102 103
102 118
102 104
102 120
102 106
102 108
102 110
102 111
102 115
102 116
102 125
102 119
102 121
102 109
102 112
103 114
103 124
103 126
103 123
103 125
103 118
103 104
103 105
103 119
103 106
103 107
103 121
103 122
103 109
103 111
103 112
104 114
104 124
104 127
104 116
104 121
104 109
104 110
104 111
104 112
104 113
105 114
105 118
105 115
105 119
105 106
105 107
105 121
105 122
105 112
106 114
106 126
106 120
106 123
106 115
106 119
106 108
106 109
107 114
107 124
107 120
107 123
107 115
107 116
107 119
107 108
107 121
107 122
107 109
107 110
107 111
107 112
108 114
108 126
108 117
108 123
108 125
108 119
108 109
108 110
108 111
108 112
108 120
109 126
109 120
109 110
109 111
109 122
109 113
110 114
110 124
110 117
110 118
110 120
110 115
110 111
110 112
111 114
111 117
111 127
111 118
111 120
111 116
111 125
111 119
111 121
111 122
112 124
112 126
112 123
112 115
113 124
113 117
113 127
113 120
113 115
113 125
113 121
113 122
114 124
114 126
114 117
114 127
114 118
114 120
115 124
115 126
115 127
115 118
115 119
115 122
116 117
116 127
116 118
116 120
116 125
116 122
117 118
117 121
117 122
118 124
118 126
118 127
118 123
118 122
119 124
119 126
119 120
119 123
120 124
120 127
120 123
120 125
120 121
120 122
121 127
121 122
122 124
122 126
122 123
124 125
124 126
125 126
