0 1
0 2
0 3
0 4
0 5
0 6
0 7
0 8
0 9
0 10
0 11
0 12
0 13
0 14
0 15
0 16
0 17
0 18
0 19
0 20
0 21
0 22
0 23
0 24
0 25
0 26
0 27
0 28
0 29
0 30
0 31
0 32
0 33
0 34
0 35
0 36
0 37
0 38
0 39
0 40
0 41
0 42
0 43
0 44
0 45
0 46
0 47
0 48
0 49
0 50
0 51
0 52
0 53
0 54
0 55
0 56
0 57
0 58
0 59
0 60
0 61
0 62
0 63
0 64
1 4
1 65
1 66
1 6
1 7
1 10
1 12
1 14
1 16
1 17
1 18
1 68
1 69
1 70
1 20
1 22
1 24
1 71
1 72
1 73
1 29
1 30
1 74
1 75
1 77
1 32
1 33
1 36
1 37
1 78
1 40
1 79
1 80
1 41
1 43
1 47
1 81
1 82
1 49
1 50
1 53
1 83
1 84
1 85
1 86
1 88
1 89
1 90
1 91
1 92
1 93
1 62
1 63
1 94
1 95
1 96
1 97
1 64
1 28
1 44
1 46
1 110
1 59
1 9
1 2
2 4
2 5
2 65
2 6
2 98
2 7
2 99
2 8
2 100
2 9
2 101
2 102
2 16
2 17
2 103
2 19
2 22
2 104
2 26
2 73
2 105
2 28
2 106
2 74
2 31
2 75
2 76
2 77
2 32
2 107
2 33
2 36
2 78
2 108
2 38
2 39
2 40
2 41
2 43
2 109
2 110
2 45
2 46
2 111
2 112
2 82
2 53
2 54
2 83
2 55
2 56
2 86
2 57
2 59
2 114
2 115
2 116
2 93
2 63
2 94
2 97
2 44
2 84
2 20
2 96
2 69
2 95
2 89
3 65
3 66
3 99
3 8
3 100
3 119
3 11
3 12
3 13
3 14
3 15
3 68
3 69
3 70
3 19
3 20
3 23
3 104
3 25
3 72
3 73
3 105
3 28
3 106
3 75
3 107
3 33
3 34
3 35
3 36
3 37
3 78
3 108
3 39
3 42
3 43
3 110
3 45
3 47
3 48
3 111
3 112
3 120
3 51
3 52
3 53
3 54
3 55
3 84
3 57
3 87
3 88
3 116
3 117
3 91
3 92
3 93
3 62
3 63
3 94
3 95
3 121
4 5
4 7
4 119
4 11
4 12
4 13
4 14
4 17
4 67
4 103
4 122
4 123
4 21
4 22
4 26
4 72
4 124
4 27
4 73
4 105
4 28
4 106
4 31
4 33
4 35
4 36
4 108
4 39
4 40
4 41
4 109
4 48
4 81
4 111
4 51
4 53
4 83
4 84
4 85
4 86
4 57
4 58
4 59
4 116
4 61
4 91
4 93
4 63
4 96
4 64
4 44
4 46
4 110
4 20
4 65
4 9
4 69
4 95
4 89
5 98
5 7
5 8
5 100
5 11
5 13
5 102
5 16
5 17
5 18
5 67
5 68
5 69
5 103
5 20
5 123
5 24
5 71
5 73
5 28
5 29
5 75
5 125
5 77
5 35
5 37
5 78
5 108
5 38
5 80
5 41
5 42
5 109
5 110
5 45
5 46
5 48
5 81
5 111
5 112
5 82
5 49
5 113
5 52
5 83
5 55
5 56
5 86
5 87
5 59
5 89
5 90
5 61
5 92
5 62
5 63
5 94
5 118
5 95
5 126
6 65
6 66
6 98
6 119
6 11
6 15
6 16
6 18
6 67
6 68
6 69
6 103
6 19
6 122
6 20
6 123
6 71
6 26
6 124
6 27
6 105
6 30
6 74
6 31
6 125
6 76
6 77
6 32
6 107
6 78
6 38
6 39
6 41
6 42
6 109
6 120
6 113
6 51
6 52
6 55
6 84
6 85
6 86
6 57
6 87
6 58
6 114
6 60
6 116
6 117
6 61
6 91
6 92
6 94
6 97
7 65
7 66
7 10
7 11
7 12
7 13
7 14
7 102
7 67
7 68
7 70
7 19
7 123
7 24
7 71
7 26
7 124
7 27
7 73
7 28
7 29
7 30
7 74
7 75
7 125
7 77
7 32
7 78
7 38
7 79
7 80
7 42
7 43
7 44
7 109
7 46
7 47
7 48
7 112
7 49
7 113
7 51
7 52
7 84
7 56
7 86
7 57
7 59
7 114
7 60
7 116
7 61
7 91
7 92
7 63
7 94
7 118
7 95
7 97
7 121
8 66
8 98
8 99
8 100
8 15
8 102
8 16
8 70
8 122
8 20
8 23
8 104
8 26
8 72
8 124
8 27
8 73
8 105
8 106
8 30
8 77
8 32
8 107
8 35
8 78
8 38
8 40
8 79
8 43
8 44
8 45
8 46
8 81
8 82
8 49
8 120
8 50
8 52
8 53
8 54
8 83
8 55
8 56
8 85
8 57
8 58
8 59
8 114
8 116
8 89
8 117
8 92
8 93
8 62
8 127
8 96
8 126
8 97
8 121
9 65
9 66
9 98
9 100
9 119
9 101
9 13
9 14
9 102
9 67
9 68
9 69
9 70
9 122
9 20
9 23
9 104
9 24
9 71
9 72
9 27
9 105
9 28
9 30
9 31
9 125
9 77
9 33
9 35
9 78
9 108
9 39
9 80
9 41
9 42
9 43
9 44
9 45
9 46
9 49
9 120
9 113
9 54
9 83
9 56
9 57
9 58
9 60
9 116
9 89
9 117
9 63
9 94
9 126
9 84
9 73
9 110
9 59
9 53
9 96
9 95
10 66
10 98
10 101
10 14
10 15
10 16
10 18
10 67
10 103
10 19
10 20
10 23
10 104
10 24
10 25
10 26
10 72
10 124
10 27
10 105
10 28
10 29
10 30
10 125
10 76
10 77
10 32
10 107
10 33
10 34
10 35
10 36
10 78
10 108
10 38
10 40
10 79
10 80
10 42
10 110
10 48
10 111
10 112
10 49
10 120
10 113
10 51
10 52
10 83
10 85
10 86
10 57
10 88
10 58
10 114
10 115
10 116
10 89
10 90
10 92
10 93
10 62
10 63
10 94
10 118
10 126
10 97
10 121
11 65
11 66
11 98
11 99
11 100
11 119
11 13
11 102
11 16
11 17
11 103
11 122
11 123
11 21
11 22
11 23
11 24
11 26
11 72
11 124
11 73
11 28
11 106
11 29
11 31
11 75
11 125
11 107
11 34
11 35
11 37
11 108
11 44
11 109
11 110
11 46
11 47
11 81
11 112
11 82
11 54
11 83
11 55
11 84
11 56
11 85
11 86
11 87
11 58
11 59
11 114
11 60
11 115
11 116
11 117
11 91
11 92
11 62
11 63
11 118
11 95
11 96
11 126
11 121
11 64
12 66
12 98
12 99
12 100
12 101
12 14
12 15
12 16
12 17
12 103
12 70
12 20
12 21
12 104
12 24
12 25
12 26
12 72
12 124
12 73
12 105
12 106
12 29
12 30
12 74
12 125
12 77
12 32
12 33
12 78
12 108
12 38
12 79
12 80
12 41
12 109
12 110
12 45
12 47
12 81
12 111
12 112
12 82
12 49
12 120
12 83
12 56
12 85
12 57
12 87
12 58
12 114
12 117
12 90
12 92
12 62
12 63
12 95
12 126
12 121
13 99
13 119
13 101
13 14
13 102
13 16
13 67
13 69
13 103
13 70
13 19
13 122
13 22
13 104
13 25
13 72
13 27
13 73
13 28
13 29
13 31
13 75
13 125
13 77
13 107
13 78
13 38
13 79
13 41
13 44
13 47
13 48
13 81
13 111
13 112
13 82
13 113
13 50
13 52
13 53
13 54
13 55
13 84
13 56
13 86
13 87
13 88
13 114
13 60
13 115
13 116
13 89
13 117
13 90
13 92
13 93
13 62
13 94
13 118
13 126
14 100
14 119
14 101
14 15
14 102
14 16
14 67
14 70
14 19
14 20
14 21
14 23
14 104
14 26
14 72
14 124
14 105
14 28
14 74
14 75
14 125
14 32
14 33
14 35
14 36
14 78
14 38
14 39
14 80
14 41
14 43
14 109
14 47
14 81
14 112
14 82
14 120
14 113
14 52
14 53
14 55
14 56
14 85
14 57
14 88
14 58
14 115
14 116
14 61
14 93
14 62
14 94
14 127
14 97
14 64
15 65
15 100
15 101
15 16
15 103
15 70
15 122
15 22
15 23
15 104
15 25
15 71
15 26
15 124
15 27
15 73
15 28
15 29
15 30
15 74
15 31
15 125
15 32
15 34
15 35
15 37
15 108
15 38
15 40
15 42
15 43
15 45
15 111
15 82
15 49
15 50
15 52
15 53
15 83
15 55
15 84
15 85
15 88
15 58
15 59
15 60
15 89
15 97
15 121
16 99
16 119
16 101
16 102
16 17
16 18
16 67
16 68
16 69
16 103
16 70
16 19
16 122
16 22
16 23
16 104
16 25
16 71
16 26
16 105
16 28
16 106
16 31
16 125
16 32
16 33
16 36
16 38
16 39
16 40
16 79
16 42
16 109
16 45
16 47
16 81
16 112
16 49
16 113
16 50
16 52
16 84
16 85
16 87
16 88
16 59
16 114
16 60
16 115
16 116
16 89
16 117
16 90
16 92
16 93
16 94
16 118
16 127
16 126
16 97
16 121
16 64
17 98
17 100
17 119
17 101
17 102
17 67
17 68
17 70
17 122
17 123
17 21
17 25
17 71
17 106
17 74
17 77
17 32
17 33
17 34
17 78
17 38
17 39
17 40
17 79
17 80
17 109
17 45
17 111
17 49
17 52
17 86
17 57
17 87
17 58
17 60
17 116
17 89
17 117
17 93
17 62
17 94
17 96
17 126
17 121
18 66
18 98
18 119
18 101
18 68
18 103
18 70
18 23
18 24
18 25
18 71
18 72
18 124
18 27
18 105
18 28
18 29
18 31
18 75
18 125
18 76
18 32
18 33
18 78
18 38
18 39
18 40
18 79
18 42
18 109
18 110
18 46
18 47
18 48
18 111
18 120
18 113
18 50
18 51
18 52
18 53
18 54
18 83
18 56
18 85
18 57
18 88
18 114
18 60
18 115
18 89
18 117
18 90
18 91
18 92
18 62
18 63
18 95
18 96
18 126
18 97
18 121
19 66
19 99
19 100
19 119
19 68
19 122
19 123
19 21
19 22
19 104
19 25
19 27
19 106
19 29
19 30
19 76
19 107
19 33
19 36
19 37
19 78
19 39
19 40
19 79
19 41
19 42
19 43
19 44
19 109
19 110
19 47
19 81
19 111
19 112
19 82
19 120
19 51
19 53
19 83
19 55
19 85
19 57
19 87
19 88
19 59
19 115
19 89
19 117
19 90
19 91
19 92
19 93
19 62
19 95
19 127
19 97
19 121
20 98
20 99
20 100
20 119
20 101
20 69
20 103
20 70
20 122
20 123
20 22
20 24
20 25
20 71
20 72
20 27
20 73
20 28
20 106
20 29
20 75
20 125
20 76
20 35
20 78
20 108
20 38
20 39
20 40
20 41
20 43
20 44
20 109
20 110
20 46
20 112
20 120
20 50
20 53
20 83
20 84
20 56
20 85
20 86
20 57
20 87
20 88
20 59
20 114
20 90
20 61
20 92
20 93
20 62
20 63
20 127
20 121
20 64
20 96
20 65
20 33
20 95
20 89
21 98
21 99
21 100
21 119
21 101
21 102
21 67
21 68
21 69
21 70
21 122
21 22
21 23
21 24
21 25
21 71
21 73
21 29
21 30
21 32
21 107
21 33
21 35
21 36
21 37
21 78
21 38
21 40
21 79
21 110
21 46
21 112
21 82
21 49
21 120
21 50
21 52
21 53
21 84
21 85
21 88
21 59
21 114
21 116
21 117
21 91
21 62
21 63
21 127
21 96
21 126
21 64
22 65
22 66
22 119
22 102
22 68
22 103
22 70
22 122
22 123
22 23
22 71
22 26
22 124
22 27
22 73
22 105
22 28
22 106
22 30
22 74
22 75
22 76
22 34
22 35
22 36
22 37
22 78
22 38
22 39
22 40
22 79
22 80
22 42
22 43
22 110
22 47
22 111
22 112
22 49
22 113
22 50
22 51
22 87
22 58
22 60
22 115
22 116
22 117
22 61
22 93
22 63
22 94
22 127
22 96
22 97
22 121
23 98
23 99
23 100
23 67
23 68
23 69
23 122
23 123
23 104
23 25
23 27
23 28
23 30
23 31
23 125
23 77
23 107
23 33
23 34
23 36
23 108
23 38
23 40
23 109
23 110
23 48
23 81
23 55
23 56
23 57
23 87
23 88
23 59
23 115
23 89
23 117
23 90
23 91
23 93
23 96
23 126
23 97
23 121
24 66
24 98
24 100
24 102
24 67
24 68
24 103
24 70
24 122
24 123
24 104
24 71
24 26
24 124
24 28
24 106
24 31
24 77
24 32
24 107
24 36
24 37
24 78
24 38
24 39
24 79
24 80
24 41
24 44
24 109
24 111
24 112
24 49
24 120
24 53
24 54
24 84
24 57
24 87
24 58
24 59
24 60
24 115
24 91
24 93
24 63
24 94
24 127
24 97
24 64
25 65
25 66
25 100
25 68
25 70
25 26
25 73
25 105
25 28
25 29
25 30
25 74
25 125
25 76
25 32
25 78
25 38
25 39
25 80
25 42
25 46
25 48
25 49
25 120
25 51
25 83
25 55
25 84
25 56
25 85
25 57
25 88
25 59
25 116
25 89
25 117
25 90
25 91
25 118
25 127
25 121
25 64
26 66
26 99
26 100
26 119
26 68
26 103
26 70
26 122
26 123
26 71
26 27
26 73
26 29
26 30
26 76
26 77
26 107
26 33
26 34
26 78
26 108
26 40
26 41
26 42
26 43
26 110
26 46
26 48
26 81
26 111
26 82
26 120
26 50
26 52
26 53
26 54
26 84
26 57
26 58
26 116
26 117
26 90
26 61
26 92
26 63
26 118
26 126
26 64
27 65
27 66
27 98
27 99
27 119
27 101
27 67
27 69
27 103
27 123
27 104
27 105
27 106
27 29
27 30
27 74
27 31
27 75
27 76
27 77
27 32
27 107
27 33
27 34
27 37
27 108
27 38
27 39
27 79
27 80
27 41
27 44
27 46
27 47
27 81
27 111
27 112
27 49
27 113
27 50
27 51
27 52
27 53
27 54
27 83
27 55
27 85
27 86
27 57
27 87
27 59
27 60
27 116
27 89
27 117
27 91
27 62
27 118
27 127
27 96
27 64
28 66
28 98
28 99
28 100
28 119
28 101
28 102
28 68
28 69
28 103
28 70
28 122
28 72
28 73
28 74
28 31
28 75
28 76
28 77
28 32
28 107
28 34
28 35
28 38
28 39
28 79
28 41
28 42
28 44
28 109
28 110
28 45
28 46
28 48
28 81
28 49
28 120
28 113
28 50
28 52
28 53
28 54
28 84
28 57
28 59
28 116
28 89
28 90
28 92
28 62
28 95
28 96
28 121
28 64
28 65
28 33
29 66
29 98
29 102
29 67
29 103
29 122
29 104
29 71
29 30
29 31
29 76
29 32
29 107
29 34
29 35
29 108
29 40
29 80
29 42
29 43
29 44
29 110
29 45
29 47
29 48
29 81
29 113
29 51
29 52
29 54
29 55
29 85
29 86
29 57
29 114
29 60
29 61
29 91
29 92
29 62
29 63
29 126
29 64
30 119
30 67
30 69
30 103
30 104
30 72
30 73
30 75
30 77
30 35
30 36
30 37
30 38
30 39
30 40
30 43
30 48
30 112
30 82
30 50
30 53
30 54
30 55
30 84
30 85
30 86
30 58
30 60
30 115
30 89
30 90
30 61
30 91
30 94
30 118
30 95
31 66
31 98
31 99
31 100
31 119
31 101
31 67
31 68
31 69
31 103
31 122
31 72
31 73
31 105
31 106
31 74
31 125
31 32
31 33
31 36
31 80
31 42
31 43
31 44
31 109
31 47
31 48
31 81
31 111
31 112
31 82
31 113
31 50
31 53
31 54
31 83
31 55
31 84
31 85
31 87
31 58
31 114
31 115
31 89
31 117
31 90
31 92
31 93
31 62
31 118
31 95
31 127
31 96
31 97
31 64
32 98
32 99
32 101
32 102
32 67
32 69
32 103
32 70
32 123
32 72
32 73
32 76
32 33
32 34
32 35
32 36
32 39
32 41
32 42
32 44
32 109
32 47
32 81
32 82
32 120
32 113
32 51
32 52
32 54
32 55
32 56
32 88
32 114
32 117
32 90
32 61
32 62
32 95
32 126
32 97
32 121
32 64
33 65
33 98
33 68
33 72
33 124
33 105
33 74
33 125
33 76
33 107
33 36
33 37
33 39
33 80
33 43
33 46
33 47
33 82
33 113
33 53
33 54
33 86
33 58
33 59
33 60
33 91
33 92
33 62
33 63
33 94
33 126
33 44
33 84
33 73
33 41
33 110
33 96
33 69
33 95
33 89
34 66
34 98
34 100
34 67
34 69
34 103
34 122
34 104
34 72
34 124
34 73
34 105
34 106
34 74
34 75
34 76
34 36
34 39
34 40
34 79
34 41
34 44
34 110
34 45
34 46
34 47
34 48
34 111
34 82
34 49
34 120
34 83
34 84
34 56
34 85
34 58
34 60
34 89
34 117
34 90
34 91
34 62
34 94
34 118
34 95
34 127
34 126
34 97
34 121
34 64
35 65
35 66
35 98
35 100
35 69
35 104
35 71
35 72
35 124
35 105
35 76
35 77
35 37
35 78
35 108
35 39
35 80
35 41
35 44
35 110
35 45
35 46
35 112
35 82
35 49
35 120
35 50
35 52
35 53
35 54
35 84
35 86
35 57
35 88
35 58
35 60
35 90
35 61
35 118
35 121
35 64
36 65
36 66
36 99
36 100
36 119
36 70
36 122
36 71
36 72
36 105
36 107
36 108
36 39
36 79
36 41
36 42
36 43
36 45
36 46
36 48
36 120
36 51
36 53
36 55
36 84
36 56
36 85
36 58
36 60
36 115
36 89
36 117
36 90
36 61
36 91
36 62
36 63
36 118
36 95
36 127
36 96
36 64
37 65
37 66
37 99
37 100
37 67
37 69
37 103
37 104
37 71
37 72
37 73
37 74
37 75
37 125
37 76
37 77
37 78
37 108
37 38
37 41
37 44
37 46
37 47
37 48
37 111
37 50
37 51
37 52
37 53
37 54
37 83
37 84
37 85
37 86
37 57
37 58
37 60
37 115
37 116
37 117
37 90
37 92
37 94
37 118
37 95
37 127
37 96
37 126
38 98
38 99
38 119
38 102
38 69
38 103
38 70
38 122
38 104
38 72
38 73
38 106
38 74
38 75
38 77
38 108
38 40
38 79
38 80
38 110
38 47
38 48
38 111
38 112
38 49
38 113
38 51
38 52
38 53
38 83
38 85
38 86
38 57
38 88
38 59
38 114
38 60
38 115
38 61
38 91
38 92
38 63
38 118
38 97
39 66
39 99
39 101
39 67
39 68
39 103
39 123
39 104
39 71
39 72
39 124
39 105
39 74
39 75
39 125
39 78
39 108
39 40
39 79
39 41
39 109
39 110
39 46
39 48
39 111
39 112
39 82
39 50
39 51
39 54
39 84
39 56
39 86
39 88
39 58
39 59
39 114
39 60
39 116
39 61
39 93
39 63
39 95
39 127
39 96
39 126
39 97
39 64
40 65
40 100
40 101
40 102
40 67
40 103
40 122
40 123
40 104
40 71
40 124
40 73
40 105
40 106
40 74
40 75
40 76
40 77
40 107
40 78
40 80
40 110
40 47
40 48
40 111
40 82
40 49
40 113
40 50
40 51
40 52
40 53
40 54
40 83
40 84
40 85
40 57
40 87
40 88
40 59
40 114
40 115
40 116
40 89
40 90
40 61
40 91
40 93
40 63
40 94
40 126
40 121
41 98
41 119
41 101
41 67
41 69
41 70
41 122
41 123
41 104
41 73
41 105
41 75
41 125
41 77
41 107
41 108
41 43
41 44
41 110
41 45
41 46
41 81
41 120
41 113
41 51
41 53
41 54
41 83
41 55
41 84
41 56
41 85
41 57
41 87
41 58
41 59
41 114
41 89
41 90
41 61
41 62
41 63
41 94
41 95
41 96
41 64
41 65
42 66
42 99
42 100
42 102
42 67
42 70
42 122
42 71
42 124
42 73
42 105
42 74
42 75
42 77
42 78
42 79
42 44
42 45
42 46
42 47
42 111
42 82
42 49
42 50
42 51
42 52
42 54
42 83
42 55
42 84
42 56
42 86
42 88
42 89
42 117
42 61
42 91
42 92
42 62
42 94
42 118
42 96
42 126
42 97
42 121
42 64
43 66
43 98
43 119
43 67
43 68
43 122
43 123
43 71
43 106
43 74
43 76
43 77
43 80
43 44
43 109
43 45
43 46
43 81
43 49
43 113
43 50
43 51
43 83
43 55
43 84
43 85
43 86
43 57
43 87
43 88
43 58
43 114
43 89
43 90
43 92
43 62
43 94
43 126
43 97
44 65
44 66
44 98
44 119
44 102
44 72
44 73
44 74
44 75
44 76
44 77
44 79
44 109
44 110
44 46
44 82
44 49
44 120
44 53
44 54
44 84
44 56
44 88
44 59
44 114
44 60
44 115
44 116
44 89
44 61
44 62
44 96
44 126
44 69
44 95
45 65
45 66
45 98
45 99
45 102
45 67
45 70
45 122
45 104
45 71
45 124
45 73
45 105
45 106
45 74
45 107
45 78
45 108
45 109
45 47
45 48
45 111
45 82
45 51
45 52
45 84
45 56
45 87
45 58
45 59
45 114
45 117
45 90
45 91
45 63
45 94
45 118
45 127
45 97
45 64
46 65
46 98
46 99
46 101
46 102
46 67
46 103
46 70
46 123
46 71
46 124
46 73
46 105
46 106
46 125
46 76
46 77
46 107
46 108
46 80
46 109
46 110
46 47
46 48
46 111
46 112
46 82
46 113
46 50
46 52
46 53
46 84
46 57
46 87
46 58
46 59
46 114
46 115
46 116
46 89
46 91
46 93
46 63
46 94
46 95
46 127
46 126
46 97
46 121
46 64
46 96
46 69
47 119
47 102
47 67
47 68
47 70
47 122
47 123
47 104
47 71
47 72
47 105
47 74
47 75
47 76
47 108
47 80
47 109
47 110
47 48
47 81
47 111
47 112
47 49
47 51
47 83
47 55
47 84
47 56
47 85
47 57
47 87
47 88
47 58
47 59
47 114
47 60
47 115
47 89
47 90
47 61
47 91
47 92
47 93
47 63
47 94
47 95
47 127
47 96
47 126
47 64
48 100
48 119
48 102
48 67
48 70
48 104
48 73
48 106
48 75
48 76
48 107
48 78
48 108
48 80
48 81
48 82
48 49
48 50
48 52
48 54
48 83
48 84
48 85
48 87
48 88
48 59
48 114
48 60
48 117
48 61
48 91
48 96
48 126
48 97
48 64
49 65
49 100
49 102
49 68
49 122
49 71
49 124
49 105
49 125
49 77
49 108
49 79
49 80
49 109
49 112
49 120
49 113
49 50
49 51
49 53
49 54
49 83
49 55
49 84
49 56
49 85
49 86
49 88
49 59
49 114
49 60
49 90
49 91
49 62
49 95
49 127
49 97
49 121
50 98
50 99
50 119
50 101
50 102
50 68
50 69
50 70
50 123
50 71
50 72
50 124
50 73
50 105
50 106
50 75
50 107
50 79
50 80
50 109
50 110
50 111
50 52
50 54
50 83
50 55
50 84
50 85
50 86
50 87
50 88
50 58
50 114
50 60
50 116
50 89
50 117
50 92
50 62
50 118
50 127
50 121
50 64
51 65
51 66
51 98
51 100
51 119
51 101
51 67
51 69
51 123
51 71
51 72
51 124
51 73
51 106
51 75
51 125
51 77
51 107
51 78
51 81
51 111
51 120
51 113
51 54
51 83
51 55
51 84
51 85
51 115
51 61
51 93
51 62
51 63
51 95
51 126
51 97
51 121
51 64
52 65
52 100
52 67
52 68
52 69
52 103
52 70
52 122
52 71
52 72
52 106
52 125
52 76
52 77
52 78
52 109
52 81
52 82
52 120
52 54
52 83
52 55
52 56
52 86
52 87
52 88
52 58
52 114
52 115
52 90
52 91
52 92
52 62
52 63
52 94
52 127
52 96
52 97
52 64
53 99
53 101
53 67
53 69
53 103
53 70
53 123
53 71
53 124
53 73
53 105
53 76
53 107
53 110
53 112
53 120
53 54
53 84
53 85
53 86
53 57
53 59
53 114
53 115
53 116
53 90
53 91
53 63
53 94
53 118
53 95
53 126
53 97
53 121
53 64
53 96
53 65
53 89
54 66
54 98
54 99
54 122
54 123
54 71
54 124
54 73
54 106
54 74
54 75
54 76
54 77
54 107
54 78
54 108
54 109
54 111
54 112
54 82
54 83
54 55
54 56
54 85
54 57
54 114
54 60
54 115
54 116
54 90
54 91
54 92
54 93
54 63
54 94
54 96
54 97
54 121
54 64
55 65
55 66
55 98
55 99
55 67
55 69
55 103
55 123
55 73
55 105
55 106
55 74
55 125
55 77
55 107
55 79
55 80
55 109
55 81
55 111
55 112
55 120
55 85
55 86
55 87
55 58
55 60
55 115
55 92
55 93
55 62
55 63
55 94
55 95
55 96
55 126
55 97
55 121
55 64
56 98
56 99
56 100
56 119
56 101
56 102
56 67
56 69
56 103
56 122
56 72
56 124
56 73
56 74
56 76
56 77
56 107
56 78
56 108
56 79
56 80
56 82
56 120
56 113
56 83
56 87
56 88
56 58
56 59
56 60
56 115
56 116
56 90
56 61
56 63
56 97
56 121
57 65
57 66
57 98
57 99
57 119
57 102
57 67
57 68
57 123
57 124
57 73
57 105
57 74
57 125
57 76
57 78
57 108
57 110
57 82
57 120
57 113
57 83
57 85
57 87
57 88
57 58
57 114
57 60
57 116
57 117
57 63
57 118
57 96
57 97
57 121
57 64
58 66
58 98
58 99
58 100
58 119
58 101
58 102
58 69
58 103
58 70
58 123
58 124
58 77
58 107
58 78
58 80
58 112
58 82
58 120
58 113
58 85
58 86
58 88
58 60
58 115
58 92
58 62
58 63
58 118
58 127
58 96
58 97
59 66
59 98
59 99
59 100
59 119
59 102
59 70
59 122
59 123
59 104
59 73
59 105
59 74
59 75
59 78
59 109
59 110
59 112
59 82
59 83
59 84
59 87
59 88
59 114
59 60
59 89
59 61
59 93
59 94
59 95
59 96
59 126
59 97
59 121
59 64
59 65
59 69
60 66
60 119
60 102
60 67
60 69
60 70
60 122
60 123
60 71
60 72
60 124
60 106
60 107
60 78
60 79
60 80
60 109
60 110
60 81
60 84
60 85
60 88
60 114
60 115
60 90
60 62
60 63
60 94
60 118
60 95
60 97
60 64
61 66
61 98
61 99
61 119
61 101
61 68
61 69
61 122
61 123
61 104
61 71
61 73
61 106
61 76
61 77
61 78
61 108
61 79
61 110
61 81
61 111
61 82
61 113
61 85
61 88
61 114
61 115
61 116
61 117
61 63
61 94
61 118
61 95
61 127
61 96
61 97
61 64
62 65
62 66
62 98
62 101
62 68
62 69
62 103
62 70
62 123
62 71
62 72
62 105
62 106
62 75
62 107
62 78
62 79
62 109
62 81
62 112
62 82
62 113
62 84
62 87
62 88
62 115
62 117
62 92
62 63
62 118
62 96
62 121
63 98
63 99
63 67
63 68
63 70
63 123
63 71
63 72
63 73
63 77
63 107
63 78
63 108
63 80
63 81
63 111
63 120
63 84
63 85
63 88
63 117
63 90
63 94
63 118
63 97
63 64
64 66
64 98
64 100
64 119
64 101
64 102
64 67
64 68
64 70
64 104
64 71
64 72
64 124
64 105
64 125
64 76
64 77
64 78
64 79
64 109
64 81
64 111
64 120
64 83
64 85
64 114
64 116
64 89
64 93
64 118
64 96
64 126
64 97
64 121
65 66
65 98
65 99
65 100
65 119
65 68
65 103
65 71
65 105
65 106
65 76
65 77
65 107
65 79
65 80
65 109
65 110
65 81
65 112
65 113
65 83
65 84
65 86
65 88
65 115
65 89
65 94
65 118
65 95
65 127
65 96
65 73
65 69
66 99
66 67
66 103
66 104
66 124
66 105
66 106
66 125
66 78
66 79
66 80
66 112
66 82
66 120
66 84
66 85
66 86
66 91
66 93
66 94
66 118
66 126
66 97
66 121
67 99
67 102
67 68
67 69
67 103
67 70
67 123
67 72
67 124
67 73
67 106
67 75
67 125
67 77
67 108
67 80
67 110
67 81
67 111
67 82
67 120
67 113
67 83
67 84
67 115
67 116
67 117
67 90
67 92
67 93
67 94
67 118
67 95
68 99
68 119
68 102
68 122
68 72
68 73
68 74
68 75
68 77
68 109
68 81
68 111
68 112
68 113
68 85
68 88
68 114
68 116
68 92
68 93
68 94
68 95
68 126
69 101
69 70
69 123
69 71
69 72
69 124
69 105
69 74
69 75
69 107
69 80
69 112
69 120
69 83
69 86
69 87
69 115
69 116
69 117
69 92
69 93
69 94
69 126
69 121
69 84
69 73
69 110
69 96
69 95
69 89
70 100
70 102
70 104
70 72
70 124
70 106
70 74
70 125
70 76
70 107
70 78
70 108
70 79
70 80
70 81
70 82
70 120
70 83
70 85
70 86
70 87
70 116
70 89
70 117
70 90
70 118
70 127
70 126
70 97
71 99
71 100
71 102
71 122
71 123
71 104
71 72
71 73
71 77
71 107
71 80
71 109
71 110
71 81
71 120
71 113
71 83
71 85
71 87
71 88
71 114
71 90
71 92
71 93
71 127
71 96
71 121
72 100
72 103
72 123
72 104
72 73
72 106
72 76
72 78
72 79
72 80
72 81
72 112
72 120
72 113
72 83
72 84
72 86
72 88
72 114
72 115
72 89
72 117
72 90
72 93
72 94
72 95
72 126
72 97
73 98
73 99
73 100
73 101
73 103
73 122
73 123
73 124
73 105
73 106
73 76
73 77
73 107
73 78
73 108
73 79
73 80
73 109
73 110
73 111
73 82
73 113
73 84
73 86
73 114
73 91
73 94
73 96
73 126
73 97
73 121
73 95
73 89
74 98
74 100
74 119
74 103
74 122
74 123
74 104
74 105
74 75
74 78
74 108
74 110
74 111
74 82
74 120
74 113
74 84
74 87
74 88
74 114
74 116
74 117
74 90
74 92
74 94
74 118
74 127
74 126
75 99
75 100
75 119
75 101
75 102
75 123
75 104
75 106
75 125
75 76
75 78
75 79
75 80
75 109
75 110
75 81
75 111
75 112
75 120
75 86
75 87
75 88
75 116
75 89
75 92
75 93
75 94
75 118
75 127
75 96
75 126
75 97
76 98
76 99
76 100
76 101
76 102
76 122
76 104
76 124
76 125
76 79
76 80
76 110
76 81
76 111
76 82
76 120
76 113
76 83
76 85
76 114
76 116
76 89
76 90
76 91
76 118
76 127
76 97
77 99
77 119
77 102
77 104
77 78
77 108
77 79
77 80
77 81
77 82
77 120
77 113
77 84
77 88
77 116
77 89
77 117
77 90
77 92
77 94
77 127
77 96
77 126
78 98
78 100
78 123
78 108
78 79
78 80
78 81
78 112
78 83
78 85
78 86
78 87
78 116
78 117
78 91
78 94
78 118
78 127
78 126
78 97
79 100
79 101
79 103
79 104
79 124
79 125
79 108
79 80
79 109
79 110
79 82
79 113
79 84
79 88
79 115
79 89
79 90
79 92
79 94
79 96
79 126
79 97
80 99
80 100
80 119
80 101
80 123
80 104
80 124
80 107
80 108
80 110
80 81
80 111
80 112
80 82
80 113
80 83
80 84
80 85
80 87
80 114
80 115
80 89
80 90
80 92
80 93
80 94
80 95
81 101
81 102
81 122
81 124
81 107
81 108
81 109
81 110
81 111
81 82
81 83
81 84
81 85
81 86
81 88
81 115
81 116
81 117
81 91
81 118
81 95
81 126
81 121
82 99
82 101
82 102
82 103
82 105
82 125
82 108
82 109
82 110
82 111
82 120
82 87
82 115
82 117
82 90
82 92
82 94
82 118
82 127
82 96
82 121
83 98
83 99
83 102
83 122
83 104
83 106
83 125
83 107
83 111
83 112
83 120
83 113
83 84
83 85
83 86
83 116
83 89
83 117
83 90
83 91
83 92
83 118
83 95
83 127
83 97
83 121
84 119
84 102
84 122
84 106
84 125
84 107
84 110
84 112
84 113
84 85
84 87
84 88
84 115
84 117
84 92
84 93
84 118
84 127
84 126
84 97
84 121
84 96
84 95
84 89
85 98
85 99
85 119
85 101
85 102
85 103
85 123
85 106
85 125
85 107
85 111
85 112
85 120
85 86
85 87
85 115
85 116
85 89
85 117
85 90
85 91
85 92
85 93
85 94
85 118
85 95
85 126
85 97
85 121
86 98
86 100
86 119
86 101
86 102
86 122
86 104
86 124
86 125
86 108
86 110
86 113
86 88
86 114
86 116
86 89
86 117
86 90
86 91
86 92
86 93
86 95
86 127
86 96
86 97
86 121
87 98
87 103
87 122
87 105
87 107
87 108
87 110
87 112
87 120
87 113
87 115
87 91
87 92
87 94
87 118
87 126
87 121
88 98
88 119
88 103
88 108
88 109
88 110
88 111
88 112
88 113
88 114
88 115
88 116
88 89
88 94
88 95
88 127
88 126
88 97
88 121
89 98
89 101
89 102
89 122
89 104
89 105
89 106
89 125
89 108
89 110
89 113
89 114
89 116
89 118
89 97
89 121
89 96
89 95
90 98
90 99
90 122
90 123
90 104
90 105
90 106
90 125
90 108
90 109
90 110
90 120
90 113
90 114
90 115
90 117
90 91
90 127
90 96
90 97
90 121
91 99
91 100
91 101
91 102
91 103
91 122
91 125
91 107
91 108
91 112
91 120
91 113
91 116
91 118
91 95
91 96
91 97
92 100
92 119
92 122
92 123
92 105
92 110
92 111
92 120
92 113
92 115
92 116
92 117
92 93
92 94
92 96
93 98
93 99
93 119
93 101
93 122
93 123
93 104
93 124
93 105
93 107
93 110
93 112
93 113
93 114
93 115
93 95
93 127
93 96
93 126
93 97
93 121
94 99
94 119
94 103
94 104
94 124
94 105
94 106
94 109
94 111
94 113
94 116
94 117
94 118
94 96
95 98
95 103
95 123
95 124
95 107
95 108
95 110
95 111
95 112
95 113
95 114
95 116
95 117
95 118
95 127
95 96
95 126
96 98
96 119
96 101
96 102
96 123
96 104
96 105
96 107
96 110
96 114
96 115
96 97
96 121
97 98
97 119
97 102
97 103
97 122
97 123
97 104
97 124
97 106
97 107
97 110
97 111
97 114
97 115
97 117
97 118
97 126
98 99
98 119
98 103
98 122
98 123
98 105
98 107
98 108
98 109
98 113
98 114
98 116
98 118
98 127
99 101
99 124
99 105
99 106
99 107
99 111
99 112
99 120
99 113
99 114
99 115
99 116
99 117
99 127
99 126
100 119
100 101
100 122
100 123
100 124
100 105
100 125
100 108
100 110
100 120
100 113
100 114
100 118
100 126
100 121
101 104
101 124
101 125
101 108
101 110
101 112
101 120
101 113
101 116
101 126
101 121
102 103
102 123
102 104
102 106
102 125
102 107
102 108
102 110
102 111
102 112
102 117
102 118
102 127
102 126
103 119
103 122
103 123
103 104
103 124
103 106
103 108
103 109
103 111
103 120
103 113
103 114
103 118
103 126
103 121
104 122
104 123
104 125
104 109
104 110
104 121
105 119
105 122
105 106
105 107
105 108
105 109
105 111
105 112
105 114
105 116
105 117
105 127
105 121
106 123
106 124
106 108
106 111
106 112
106 113
106 117
106 118
106 126
107 123
107 125
107 109
107 120
107 114
107 115
107 127
107 126
108 123
108 124
108 125
108 110
108 112
108 114
108 115
108 117
108 121
109 119
109 122
109 123
109 111
109 112
109 115
109 117
109 118
109 127
109 121
110 123
110 124
110 125
110 120
110 113
110 115
110 118
110 127
110 126
110 121
111 119
111 123
111 124
111 112
111 120
111 113
111 115
111 116
111 117
111 127
112 119
112 124
112 125
112 113
112 114
112 115
112 116
112 117
112 127
112 126
112 121
113 119
113 124
113 125
113 120
113 114
113 117
113 127
114 119
114 123
114 124
114 125
114 115
114 117
114 118
114 127
114 121
115 119
115 125
115 116
115 117
115 126
116 119
116 122
116 123
116 125
116 117
116 127
117 119
117 122
117 123
117 120
117 127
118 122
118 120
118 127
119 122
119 124
119 127
120 123
120 125
120 126
121 123
121 124
121 125
121 127
121 126
122 123
122 125
123 127
124 127
125 126
126 127
