0 1
0 2
0 3
0 4
0 5
0 6
0 7
0 8
0 9
0 10
0 11
0 12
0 13
0 14
0 15
0 16
0 17
0 18
0 19
0 20
0 21
0 22
0 23
0 24
0 25
0 26
0 27
0 28
0 29
0 30
0 31
0 32
0 33
0 34
0 35
0 36
0 37
0 38
0 39
0 40
0 41
0 42
0 43
0 44
0 45
0 46
0 47
0 48
0 49
0 50
0 51
0 52
0 53
0 54
0 55
0 56
0 57
0 58
0 59
0 60
0 61
0 62
0 63
0 64
0 65
0 66
1 2
1 67
1 4
1 7
1 68
1 8
1 69
1 10
1 70
1 71
1 72
1 73
1 18
1 74
1 22
1 75
1 23
1 76
1 77
1 78
1 79
1 27
1 33
1 34
1 37
1 80
1 38
1 39
1 40
1 81
1 45
1 82
1 83
1 84
1 85
1 49
1 51
1 53
1 55
1 56
1 86
1 61
1 62
1 63
1 87
1 88
1 89
1 90
1 91
1 92
2 68
2 9
2 93
2 94
2 95
2 96
2 97
2 12
2 72
2 73
2 19
2 98
2 74
2 22
2 75
2 23
2 24
2 99
2 25
2 78
2 79
2 27
2 28
2 29
2 30
2 31
2 34
2 36
2 38
2 39
2 100
2 41
2 42
2 101
2 44
2 102
2 46
2 47
2 82
2 48
2 103
2 55
2 105
2 58
2 106
2 63
2 107
2 89
2 108
2 92
2 67
2 59
2 116
2 69
2 76
2 114
2 26
2 71
2 84
2 45
2 64
2 50
2 65
3 6
3 7
3 69
3 96
3 11
3 16
3 17
3 109
3 18
3 19
3 20
3 22
3 75
3 24
3 76
3 27
3 28
3 29
3 110
3 32
3 33
3 34
3 111
3 39
3 40
3 41
3 42
3 43
3 45
3 46
3 47
3 82
3 112
3 48
3 49
3 50
3 51
3 53
3 54
3 55
3 56
3 113
3 104
3 59
3 60
3 61
3 62
3 88
3 107
3 89
3 90
3 66
4 67
4 114
4 7
4 115
4 8
4 9
4 93
4 94
4 96
4 97
4 11
4 70
4 71
4 16
4 72
4 73
4 109
4 18
4 98
4 74
4 21
4 24
4 116
4 25
4 117
4 26
4 28
4 29
4 110
4 118
4 33
4 35
4 36
4 80
4 38
4 40
4 101
4 44
4 45
4 47
4 119
4 83
4 120
4 112
4 84
4 48
4 49
4 51
4 52
4 56
4 113
4 104
4 105
4 57
4 59
4 61
4 63
4 107
4 108
4 90
4 65
5 7
5 9
5 93
5 69
5 13
5 70
5 15
5 16
5 73
5 121
5 19
5 122
5 74
5 23
5 24
5 99
5 117
5 77
5 26
5 30
5 118
5 31
5 33
5 34
5 35
5 36
5 37
5 38
5 100
5 42
5 43
5 44
5 46
5 82
5 112
5 84
5 49
5 51
5 52
5 53
5 86
5 105
5 58
5 60
5 61
5 123
5 64
5 107
5 89
5 108
5 90
5 65
5 91
6 67
6 8
6 9
6 94
6 95
6 97
6 14
6 70
6 15
6 71
6 72
6 73
6 17
6 19
6 98
6 75
6 23
6 99
6 116
6 117
6 77
6 78
6 26
6 29
6 110
6 30
6 31
6 35
6 36
6 37
6 80
6 38
6 111
6 39
6 100
6 40
6 41
6 42
6 81
6 43
6 119
6 83
6 124
6 112
6 85
6 48
6 51
6 53
6 103
6 113
6 59
6 125
6 126
6 62
6 123
6 87
6 64
6 108
6 90
7 9
7 93
7 94
7 69
7 10
7 95
7 97
7 11
7 70
7 15
7 71
7 73
7 17
7 109
7 74
7 23
7 24
7 99
7 116
7 78
7 27
7 28
7 29
7 110
7 32
7 36
7 80
7 111
7 39
7 100
7 40
7 43
7 101
7 44
7 102
7 47
7 82
7 83
7 120
7 112
7 51
7 52
7 103
7 113
7 104
7 57
7 58
7 126
7 61
7 63
7 123
7 108
7 90
7 92
8 68
8 94
8 10
8 96
8 14
8 15
8 73
8 17
8 109
8 121
8 122
8 98
8 74
8 21
8 75
8 25
8 76
8 117
8 77
8 78
8 26
8 27
8 28
8 29
8 30
8 31
8 32
8 35
8 100
8 81
8 102
8 45
8 47
8 124
8 112
8 85
8 48
8 51
8 56
8 86
8 105
8 57
8 125
8 60
8 61
8 106
8 63
8 123
8 64
8 107
8 89
8 108
8 127
8 66
9 115
9 10
9 95
9 96
9 97
9 11
9 12
9 15
9 71
9 16
9 72
9 73
9 121
9 18
9 122
9 20
9 74
9 22
9 99
9 117
9 78
9 28
9 110
9 30
9 31
9 32
9 35
9 80
9 111
9 39
9 100
9 41
9 42
9 81
9 43
9 119
9 83
9 124
9 112
9 84
9 54
9 55
9 56
9 113
9 86
9 104
9 60
9 126
9 123
9 64
9 88
9 108
9 90
9 91
9 127
10 114
10 115
10 93
10 11
10 12
10 13
10 14
10 70
10 15
10 71
10 16
10 73
10 109
10 19
10 20
10 74
10 25
10 76
10 117
10 78
10 26
10 30
10 118
10 31
10 34
10 35
10 36
10 37
10 80
10 40
10 42
10 43
10 101
10 45
10 47
10 119
10 120
10 84
10 85
10 51
10 54
10 56
10 113
10 86
10 105
10 57
10 58
10 125
10 126
10 123
10 87
10 64
10 107
10 90
10 65
10 92
10 127
11 67
11 114
11 68
11 69
11 12
11 13
11 14
11 70
11 15
11 16
11 72
11 73
11 109
11 121
11 18
11 122
11 25
11 78
11 79
11 27
11 32
11 35
11 36
11 80
11 38
11 39
11 100
11 40
11 42
11 81
11 43
11 102
11 46
11 47
11 82
11 119
11 83
11 120
11 48
11 49
11 53
11 86
11 58
11 59
11 60
11 106
11 62
11 63
11 87
11 107
11 89
11 65
11 127
11 66
12 68
12 115
12 94
12 69
12 96
12 97
12 70
12 17
12 121
12 18
12 19
12 122
12 98
12 74
12 23
12 24
12 117
12 77
12 78
12 29
12 35
12 36
12 38
12 39
12 100
12 41
12 43
12 44
12 46
12 82
12 120
12 112
12 84
12 48
12 49
12 50
12 52
12 53
12 103
12 55
12 56
12 113
12 105
12 58
12 59
12 60
12 61
12 106
12 123
12 87
12 88
12 107
12 89
12 108
12 92
12 127
13 67
13 114
13 69
13 95
13 96
13 97
13 14
13 70
13 15
13 16
13 73
13 18
13 122
13 74
13 23
13 99
13 25
13 117
13 26
13 79
13 27
13 29
13 30
13 118
13 32
13 33
13 35
13 36
13 80
13 38
13 111
13 39
13 81
13 43
13 101
13 44
13 45
13 82
13 112
13 84
13 85
13 53
13 103
13 56
13 113
13 58
13 59
13 125
13 106
13 123
13 88
13 89
13 90
13 65
13 91
13 92
14 67
14 115
14 93
14 94
14 16
14 73
14 17
14 109
14 19
14 20
14 98
14 74
14 23
14 24
14 25
14 78
14 27
14 28
14 110
14 30
14 118
14 32
14 33
14 35
14 36
14 111
14 39
14 40
14 42
14 81
14 101
14 102
14 45
14 46
14 82
14 83
14 112
14 85
14 48
14 51
14 54
14 56
14 113
14 105
14 57
14 58
14 125
14 60
14 126
14 61
14 62
14 63
14 64
14 88
14 90
14 66
15 67
15 114
15 93
15 94
15 69
15 96
15 16
15 72
15 17
15 18
15 19
15 122
15 75
15 23
15 26
15 27
15 32
15 35
15 36
15 37
15 80
15 38
15 41
15 42
15 101
15 44
15 45
15 46
15 47
15 82
15 119
15 83
15 84
15 48
15 50
15 51
15 55
15 105
15 57
15 59
15 60
15 126
15 61
15 106
15 62
15 87
15 64
15 88
15 107
15 108
15 90
15 91
15 127
16 68
16 69
16 95
16 97
16 70
16 71
16 72
16 18
16 122
16 98
16 21
16 22
16 75
16 24
16 116
16 25
16 76
16 26
16 79
16 27
16 28
16 110
16 30
16 31
16 33
16 36
16 38
16 111
16 40
16 81
16 101
16 44
16 47
16 82
16 83
16 84
16 85
16 51
16 52
16 53
16 103
16 86
16 104
16 58
16 125
16 60
16 106
16 62
16 90
16 65
16 92
17 67
17 115
17 70
17 71
17 72
17 73
17 19
17 20
17 98
17 74
17 22
17 75
17 23
17 24
17 116
17 78
17 26
17 79
17 28
17 29
17 110
17 30
17 32
17 33
17 111
17 100
17 42
17 44
17 102
17 46
17 47
17 82
17 83
17 124
17 85
17 51
17 53
17 103
17 113
17 86
17 58
17 59
17 60
17 126
17 62
17 123
17 87
17 64
17 107
17 108
17 65
17 66
18 114
18 68
18 93
18 97
18 71
18 121
18 98
18 21
18 75
18 78
18 28
18 30
18 31
18 35
18 36
18 80
18 38
18 40
18 41
18 42
18 81
18 43
18 102
18 45
18 46
18 47
18 82
18 83
18 112
18 84
18 85
18 48
18 49
18 51
18 55
18 105
18 58
18 59
18 126
18 106
18 62
18 123
18 64
18 89
18 90
18 91
18 127
18 66
19 67
19 114
19 68
19 96
19 97
19 70
19 71
19 72
19 73
19 109
19 122
19 20
19 98
19 24
19 76
19 117
19 26
19 79
19 29
19 110
19 118
19 31
19 36
19 37
19 111
19 39
19 100
19 40
19 81
19 43
19 101
19 102
19 45
19 82
19 85
19 48
19 51
19 53
19 103
19 56
19 104
19 57
19 59
19 125
19 126
19 61
19 106
19 123
19 89
19 90
19 91
19 127
20 67
20 68
20 115
20 93
20 94
20 69
20 96
20 70
20 72
20 73
20 122
20 21
20 99
20 116
20 76
20 78
20 79
20 110
20 30
20 31
20 33
20 35
20 36
20 38
20 111
20 100
20 41
20 43
20 101
20 44
20 45
20 47
20 82
20 119
20 120
20 84
20 85
20 49
20 51
20 53
20 55
20 86
20 105
20 57
20 58
20 59
20 125
20 60
20 126
20 62
20 63
20 123
20 87
20 89
20 108
20 65
20 91
20 92
21 68
21 115
21 93
21 95
21 96
21 97
21 71
21 72
21 109
21 121
21 122
21 98
21 74
21 24
21 76
21 117
21 26
21 79
21 27
21 118
21 31
21 32
21 33
21 35
21 37
21 38
21 39
21 40
21 41
21 101
21 102
21 45
21 46
21 47
21 82
21 119
21 83
21 124
21 84
21 49
21 50
21 53
21 55
21 86
21 57
21 58
21 59
21 60
21 126
21 106
21 62
21 63
21 107
21 90
21 92
21 127
22 67
22 68
22 93
22 94
22 96
22 97
22 70
22 72
22 109
22 75
22 23
22 99
22 117
22 78
22 26
22 30
22 35
22 36
22 37
22 80
22 38
22 100
22 41
22 42
22 81
22 43
22 46
22 47
22 112
22 52
22 53
22 103
22 55
22 56
22 113
22 86
22 104
22 105
22 57
22 58
22 59
22 126
22 106
22 89
22 108
23 67
23 114
23 93
23 94
23 95
23 96
23 73
23 98
23 75
23 24
23 99
23 116
23 117
23 78
23 28
23 110
23 32
23 34
23 35
23 80
23 39
23 100
23 40
23 41
23 43
23 101
23 102
23 46
23 47
23 82
23 119
23 84
23 49
23 50
23 52
23 53
23 103
23 55
23 56
23 113
23 58
23 59
23 125
23 126
23 106
23 87
23 64
23 88
23 108
23 127
24 114
24 68
24 94
24 95
24 72
24 109
24 122
24 75
24 99
24 25
24 117
24 77
24 78
24 110
24 118
24 31
24 32
24 34
24 35
24 37
24 80
24 38
24 39
24 41
24 43
24 101
24 44
24 102
24 124
24 84
24 48
24 49
24 50
24 51
24 52
24 53
24 55
24 113
24 104
24 57
24 58
24 59
24 125
24 60
24 126
24 61
24 63
24 87
24 88
24 89
24 65
24 91
24 92
24 127
24 66
25 67
25 114
25 115
25 94
25 69
25 95
25 73
25 109
25 122
25 98
25 116
25 76
25 77
25 78
25 26
25 27
25 28
25 30
25 32
25 80
25 111
25 39
25 41
25 42
25 101
25 44
25 102
25 45
25 47
25 82
25 124
25 85
25 50
25 51
25 113
25 105
25 59
25 60
25 61
25 64
25 88
25 107
25 89
25 127
26 67
26 114
26 68
26 115
26 93
26 69
26 96
26 70
26 72
26 73
26 109
26 122
26 74
26 75
26 99
26 116
26 76
26 78
26 28
26 110
26 32
26 33
26 35
26 37
26 80
26 111
26 39
26 100
26 40
26 41
26 81
26 101
26 44
26 102
26 119
26 83
26 124
26 84
26 50
26 53
26 54
26 55
26 56
26 113
26 104
26 105
26 59
26 60
26 126
26 61
26 106
26 62
26 63
26 64
26 89
26 108
26 90
26 65
26 91
26 92
26 66
26 95
26 71
26 45
27 67
27 68
27 94
27 69
27 97
27 70
27 71
27 73
27 121
27 122
27 98
27 28
27 30
27 32
27 34
27 36
27 80
27 38
27 100
27 40
27 41
27 42
27 44
27 47
27 82
27 119
27 83
27 120
27 112
27 49
27 51
27 53
27 103
27 54
27 56
27 113
27 104
27 105
27 57
27 59
27 125
27 126
27 61
27 62
27 64
27 88
27 107
27 89
27 108
27 91
27 127
28 114
28 93
28 69
28 70
28 72
28 109
28 121
28 117
28 77
28 78
28 29
28 118
28 33
28 34
28 36
28 37
28 38
28 111
28 100
28 40
28 41
28 43
28 101
28 44
28 83
28 120
28 85
28 48
28 50
28 51
28 53
28 103
28 54
28 55
28 56
28 57
28 58
28 59
28 60
28 126
28 63
28 123
28 87
28 107
28 108
28 127
29 67
29 68
29 115
29 69
29 95
29 96
29 97
29 70
29 71
29 72
29 109
29 122
29 74
29 75
29 99
29 116
29 76
29 117
29 77
29 110
29 31
29 34
29 35
29 36
29 38
29 111
29 39
29 40
29 42
29 43
29 45
29 47
29 82
29 83
29 120
29 85
29 48
29 50
29 53
29 103
29 54
29 113
29 86
29 57
29 59
29 125
29 60
29 126
29 61
29 106
29 62
29 87
29 64
29 88
29 108
29 90
29 92
29 127
29 66
30 67
30 114
30 68
30 115
30 94
30 69
30 97
30 71
30 72
30 73
30 121
30 122
30 74
30 75
30 99
30 77
30 78
30 118
30 31
30 32
30 34
30 35
30 36
30 37
30 80
30 38
30 111
30 39
30 40
30 41
30 43
30 45
30 47
30 83
30 124
30 85
30 48
30 49
30 50
30 52
30 56
30 113
30 86
30 105
30 57
30 126
30 106
30 62
30 63
30 123
30 87
30 88
30 90
30 92
31 67
31 68
31 115
31 94
31 96
31 97
31 72
31 109
31 121
31 122
31 98
31 74
31 99
31 76
31 79
31 118
31 33
31 34
31 35
31 36
31 80
31 111
31 39
31 100
31 40
31 41
31 81
31 101
31 44
31 47
31 82
31 83
31 124
31 112
31 84
31 48
31 50
31 51
31 53
31 54
31 55
31 86
31 105
31 57
31 59
31 125
31 60
31 126
31 106
31 62
31 123
31 87
31 64
31 88
31 108
31 91
32 114
32 68
32 115
32 95
32 70
32 72
32 109
32 122
32 98
32 74
32 75
32 116
32 76
32 117
32 118
32 33
32 34
32 35
32 80
32 38
32 100
32 40
32 81
32 101
32 102
32 45
32 119
32 83
32 120
32 85
32 48
32 50
32 53
32 103
32 54
32 113
32 86
32 105
32 57
32 126
32 61
32 62
32 87
32 107
32 108
32 90
32 65
32 91
32 92
32 66
33 115
33 69
33 96
33 70
33 109
33 122
33 75
33 99
33 77
33 78
33 110
33 118
33 34
33 37
33 80
33 38
33 100
33 40
33 42
33 45
33 46
33 47
33 119
33 124
33 112
33 48
33 49
33 50
33 51
33 53
33 54
33 55
33 56
33 86
33 105
33 57
33 58
33 59
33 126
33 62
33 63
33 123
33 87
33 88
33 89
33 65
34 115
34 95
34 96
34 70
34 72
34 73
34 122
34 74
34 99
34 116
34 76
34 77
34 78
34 118
34 36
34 37
34 80
34 39
34 42
34 101
34 46
34 82
34 83
34 124
34 85
34 49
34 50
34 51
34 55
34 113
34 86
34 105
34 58
34 59
34 125
34 106
34 123
34 87
34 64
34 88
34 107
34 89
34 108
34 90
34 127
34 66
35 68
35 115
35 69
35 95
35 96
35 97
35 72
35 73
35 109
35 121
35 122
35 75
35 116
35 76
35 77
35 78
35 79
35 110
35 118
35 36
35 37
35 80
35 38
35 111
35 39
35 100
35 40
35 41
35 43
35 44
35 45
35 46
35 83
35 120
35 85
35 49
35 52
35 54
35 56
35 86
35 104
35 57
35 58
35 59
35 60
35 126
35 61
35 123
35 87
35 64
35 88
35 107
35 90
35 65
35 91
35 66
36 114
36 68
36 115
36 69
36 95
36 96
36 72
36 73
36 121
36 75
36 76
36 117
36 77
36 78
36 79
36 110
36 80
36 111
36 42
36 81
36 43
36 101
36 102
36 46
36 124
36 48
36 49
36 51
36 52
36 55
36 86
36 104
36 57
36 60
36 126
36 106
36 63
36 123
36 64
36 88
36 107
36 108
36 90
36 65
36 91
36 92
36 127
36 66
37 114
37 68
37 93
37 94
37 97
37 70
37 71
37 73
37 109
37 98
37 99
37 116
37 76
37 117
37 79
37 110
37 118
37 80
37 39
37 100
37 40
37 42
37 81
37 102
37 45
37 46
37 119
37 120
37 85
37 51
37 103
37 55
37 113
37 104
37 106
37 62
37 63
37 123
37 87
37 107
37 66
38 67
38 68
38 69
38 97
38 70
38 71
38 72
38 73
38 109
38 74
38 75
38 99
38 76
38 117
38 77
38 78
38 110
38 118
38 100
38 40
38 41
38 101
38 102
38 45
38 119
38 83
38 124
38 52
38 53
38 86
38 104
38 105
38 60
38 61
38 62
38 123
38 88
38 108
38 90
38 65
38 91
38 92
39 67
39 114
39 115
39 93
39 69
39 96
39 97
39 70
39 73
39 109
39 74
39 99
39 116
39 76
39 117
39 77
39 118
39 80
39 42
39 81
39 43
39 102
39 47
39 82
39 119
39 85
39 48
39 50
39 51
39 52
39 55
39 56
39 86
39 104
39 58
39 59
39 125
39 126
39 61
39 62
39 123
39 90
39 65
39 92
39 127
39 66
39 95
39 71
39 84
39 45
39 41
39 64
40 114
40 68
40 93
40 94
40 72
40 109
40 122
40 98
40 74
40 75
40 99
40 116
40 77
40 79
40 80
40 111
40 101
40 44
40 102
40 45
40 47
40 82
40 120
40 124
40 48
40 51
40 52
40 53
40 55
40 56
40 113
40 86
40 104
40 57
40 61
40 106
40 62
40 63
40 87
40 88
40 89
41 67
41 115
41 93
41 69
41 95
41 96
41 73
41 109
41 116
41 118
41 80
41 42
41 101
41 44
41 82
41 119
41 83
41 112
41 50
41 53
41 104
41 125
41 126
41 61
41 63
41 89
41 108
41 90
41 92
41 127
41 66
41 59
41 74
41 76
41 114
41 99
41 71
41 84
41 45
41 64
41 65
42 97
42 70
42 72
42 121
42 122
42 98
42 77
42 110
42 118
42 80
42 100
42 81
42 44
42 102
42 47
42 83
42 112
42 49
42 52
42 103
42 54
42 58
42 59
42 126
42 123
42 87
42 64
42 107
42 89
42 108
42 90
42 65
42 92
43 67
43 114
43 115
43 94
43 69
43 95
43 70
43 71
43 73
43 121
43 98
43 74
43 76
43 117
43 77
43 110
43 118
43 80
43 81
43 44
43 102
43 45
43 46
43 47
43 82
43 83
43 112
43 51
43 52
43 86
43 57
43 59
43 60
43 61
43 106
43 63
43 123
43 87
43 108
43 92
43 127
43 66
44 114
44 115
44 93
44 69
44 97
44 70
44 72
44 109
44 74
44 75
44 99
44 78
44 79
44 118
44 45
44 46
44 119
44 83
44 120
44 124
44 112
44 85
44 48
44 49
44 50
44 51
44 55
44 113
44 86
44 57
44 59
44 125
44 62
44 123
44 64
44 107
44 89
44 108
44 90
44 65
44 66
45 67
45 114
45 68
45 115
45 94
45 69
45 97
45 71
45 72
45 109
45 74
45 99
45 116
45 117
45 79
45 118
45 111
45 100
45 81
45 46
45 82
45 119
45 83
45 112
45 48
45 50
45 52
45 53
45 54
45 55
45 104
45 59
45 106
45 87
45 90
45 92
45 66
45 76
45 95
45 84
45 64
45 65
46 114
46 115
46 94
46 95
46 96
46 71
46 73
46 121
46 98
46 74
46 75
46 99
46 76
46 78
46 79
46 110
46 81
46 101
46 82
46 119
46 83
46 120
46 48
46 49
46 50
46 51
46 52
46 53
46 56
46 113
46 60
46 61
46 106
46 87
46 88
46 107
46 108
46 90
46 91
46 127
47 114
47 68
47 93
47 94
47 96
47 70
47 72
47 73
47 109
47 122
47 98
47 75
47 99
47 116
47 117
47 118
47 80
47 81
47 101
47 102
47 119
47 83
47 112
47 48
47 50
47 51
47 53
47 54
47 55
47 56
47 113
47 104
47 105
47 58
47 59
47 125
47 60
47 61
47 106
47 123
47 88
47 107
47 90
47 91
47 92
47 66
48 67
48 114
48 93
48 70
48 71
48 72
48 73
48 109
48 98
48 75
48 76
48 77
48 79
48 110
48 80
48 111
48 100
48 119
48 120
48 124
48 50
48 52
48 103
48 54
48 55
48 113
48 86
48 104
48 57
48 60
48 126
48 61
48 62
48 87
48 64
48 89
48 108
48 65
48 91
48 92
49 67
49 115
49 93
49 94
49 96
49 97
49 70
49 109
49 74
49 99
49 116
49 117
49 78
49 118
49 80
49 81
49 101
49 119
49 112
49 50
49 51
49 53
49 54
49 55
49 113
49 86
49 105
49 125
49 60
49 126
49 61
49 106
49 63
49 123
49 64
49 88
49 107
49 108
49 90
49 91
49 127
50 67
50 114
50 68
50 115
50 72
50 109
50 122
50 74
50 75
50 76
50 117
50 78
50 79
50 110
50 100
50 102
50 82
50 83
50 85
50 54
50 113
50 104
50 59
50 125
50 61
50 62
50 63
50 88
50 108
50 91
50 66
50 116
50 69
50 92
50 95
50 99
50 71
50 84
50 64
50 65
51 114
51 68
51 93
51 94
51 70
51 73
51 109
51 121
51 122
51 74
51 75
51 76
51 117
51 77
51 79
51 110
51 118
51 100
51 120
51 112
51 84
51 85
51 52
51 103
51 54
51 55
51 56
51 86
51 57
51 58
51 59
51 126
51 106
51 63
51 87
51 64
51 107
51 89
51 127
52 114
52 68
52 115
52 95
52 96
52 70
52 122
52 98
52 74
52 116
52 78
52 118
52 80
52 111
52 100
52 81
52 119
52 120
52 124
52 53
52 54
52 113
52 58
52 63
52 123
52 87
52 89
52 91
52 66
53 67
53 114
53 93
53 94
53 69
53 95
53 96
53 70
53 72
53 109
53 121
53 98
53 74
53 75
53 99
53 116
53 76
53 117
53 77
53 79
53 80
53 119
53 83
53 112
53 85
53 54
53 55
53 113
53 86
53 57
53 59
53 60
53 61
53 106
53 62
53 123
53 87
53 88
53 89
53 108
53 90
53 127
54 67
54 114
54 115
54 93
54 95
54 96
54 97
54 73
54 122
54 74
54 75
54 99
54 116
54 79
54 118
54 111
54 100
54 81
54 102
54 83
54 120
54 124
54 85
54 103
54 56
54 113
54 86
54 105
54 57
54 58
54 125
54 61
54 106
54 64
54 88
54 107
54 89
54 90
54 92
55 114
55 68
55 115
55 93
55 69
55 96
55 97
55 109
55 121
55 122
55 116
55 76
55 117
55 78
55 110
55 80
55 100
55 81
55 101
55 82
55 119
55 83
55 112
55 56
55 113
55 86
55 105
55 58
55 59
55 125
55 60
55 106
55 62
55 123
55 87
55 108
55 91
55 66
56 114
56 69
56 96
56 97
56 70
56 72
56 121
56 98
56 74
56 75
56 117
56 79
56 110
56 111
56 100
56 81
56 102
56 82
56 120
56 124
56 112
56 84
56 85
56 86
56 105
56 58
56 59
56 63
56 123
56 87
56 107
56 89
56 90
56 65
56 92
57 67
57 115
57 70
57 71
57 121
57 122
57 98
57 116
57 77
57 110
57 101
57 82
57 119
57 120
57 124
57 85
57 113
57 86
57 125
57 62
57 87
57 88
57 89
57 108
57 90
57 91
57 92
58 114
58 93
58 94
58 69
58 73
58 109
58 121
58 122
58 74
58 75
58 99
58 116
58 77
58 79
58 118
58 111
58 81
58 102
58 119
58 83
58 124
58 113
58 86
58 105
58 61
58 89
58 90
58 65
58 127
58 66
59 67
59 114
59 68
59 115
59 69
59 96
59 122
59 74
59 99
59 116
59 76
59 77
59 79
59 118
59 80
59 101
59 102
59 82
59 119
59 83
59 120
59 124
59 112
59 85
59 113
59 86
59 104
59 105
59 126
59 63
59 89
59 108
59 91
59 92
59 127
59 66
59 95
59 71
59 84
59 64
59 65
60 67
60 114
60 115
60 93
60 69
60 95
60 96
60 73
60 121
60 122
60 98
60 117
60 78
60 79
60 110
60 80
60 100
60 81
60 102
60 83
60 84
60 85
60 113
60 104
60 105
60 63
60 87
60 64
60 89
60 90
60 65
60 66
61 68
61 115
61 93
61 72
61 121
61 122
61 98
61 74
61 99
61 117
61 77
61 79
61 118
61 100
61 83
61 85
61 103
61 113
61 104
61 125
61 106
61 62
61 63
61 88
61 107
61 89
61 108
62 114
62 70
62 72
62 73
62 109
62 98
62 75
62 76
62 117
62 77
62 78
62 79
62 80
62 111
62 100
62 102
62 120
62 124
62 112
62 84
62 113
62 86
62 63
62 123
62 107
62 89
62 90
62 127
62 66
63 67
63 114
63 68
63 115
63 93
63 95
63 96
63 97
63 70
63 71
63 72
63 109
63 121
63 74
63 76
63 77
63 78
63 79
63 111
63 100
63 102
63 119
63 120
63 124
63 112
63 85
63 113
63 86
63 104
63 126
63 64
63 90
63 65
63 91
63 127
63 66
64 67
64 69
64 71
64 109
64 116
64 78
64 118
64 80
64 112
64 84
64 103
64 86
64 104
64 105
64 106
64 123
64 107
64 127
64 74
64 76
64 92
64 114
64 95
64 99
64 65
65 114
65 95
65 97
65 70
65 73
65 109
65 116
65 76
65 117
65 77
65 78
65 111
65 81
65 101
65 119
65 83
65 120
65 124
65 112
65 113
65 104
65 125
65 126
65 123
65 107
65 92
65 67
65 74
65 69
65 99
65 71
65 84
66 67
66 114
66 68
66 93
66 69
66 97
66 71
66 122
66 98
66 75
66 77
66 79
66 110
66 80
66 111
66 100
66 81
66 101
66 83
66 124
66 112
66 113
66 104
66 105
66 125
66 126
66 106
66 123
66 88
66 92
66 127
67 114
67 68
67 115
67 93
67 69
67 97
67 70
67 72
67 121
67 74
67 99
67 116
67 76
67 117
67 110
67 118
67 80
67 100
67 81
67 82
67 83
67 112
67 86
67 126
67 87
67 88
67 107
67 108
67 91
67 92
67 95
67 71
67 84
68 114
68 115
68 70
68 71
68 73
68 122
68 98
68 74
68 75
68 99
68 76
68 117
68 77
68 78
68 79
68 118
68 100
68 102
68 82
68 119
68 112
68 84
68 85
68 113
68 86
68 105
68 106
68 123
68 89
68 108
68 90
68 92
69 114
69 93
69 96
69 72
69 109
69 122
69 74
69 116
69 76
69 78
69 79
69 110
69 118
69 100
69 101
69 82
69 83
69 120
69 112
69 85
69 113
69 86
69 104
69 125
69 126
69 106
69 123
69 89
69 108
69 92
69 95
69 99
69 71
69 84
70 114
70 93
70 97
70 72
70 73
70 99
70 76
70 117
70 77
70 110
70 80
70 111
70 81
70 102
70 83
70 120
70 112
70 84
70 113
70 86
70 104
70 105
70 126
70 106
70 87
70 107
70 89
70 108
70 127
71 95
71 96
71 109
71 122
71 98
71 75
71 117
71 110
71 80
71 111
71 81
71 82
71 119
71 120
71 124
71 113
71 86
71 105
71 125
71 123
71 87
71 90
71 127
71 116
71 74
71 76
71 92
71 114
71 99
71 84
72 93
72 94
72 95
72 97
72 109
72 121
72 122
72 98
72 75
72 76
72 117
72 77
72 79
72 110
72 80
72 111
72 81
72 112
72 85
72 113
72 104
72 126
72 106
72 88
72 90
72 91
73 115
73 97
73 98
73 75
73 116
73 79
73 100
73 101
73 102
73 83
73 85
73 113
73 86
73 105
73 126
73 106
73 88
73 107
73 108
73 91
73 92
73 127
74 114
74 115
74 94
74 96
74 122
74 98
74 75
74 99
74 116
74 76
74 117
74 77
74 78
74 79
74 118
74 80
74 100
74 81
74 101
74 102
74 124
74 104
74 105
74 125
74 106
74 123
74 88
74 107
74 108
74 91
74 92
74 127
74 95
74 84
75 114
75 115
75 93
75 94
75 97
75 122
75 98
75 116
75 77
75 78
75 110
75 118
75 100
75 81
75 101
75 83
75 120
75 124
75 112
75 84
75 85
75 126
75 107
75 89
75 91
75 92
76 114
76 93
76 94
76 95
76 109
76 99
76 116
76 77
76 110
76 118
76 100
76 102
76 120
76 124
76 112
76 84
76 103
76 105
76 106
76 123
76 87
76 88
76 107
76 92
76 127
77 114
77 115
77 94
77 95
77 96
77 97
77 98
77 99
77 78
77 110
77 80
77 81
77 102
77 82
77 120
77 124
77 112
77 84
77 125
77 123
77 107
77 89
77 90
77 91
77 92
77 127
78 115
78 93
78 96
78 98
78 99
78 116
78 117
78 79
78 100
78 101
78 119
78 83
78 120
78 124
78 85
78 103
78 125
78 88
78 108
78 127
79 94
79 95
79 97
79 109
79 121
79 122
79 99
79 116
79 117
79 111
79 101
79 82
79 119
79 112
79 84
79 103
79 86
79 105
79 125
79 126
79 106
79 88
79 107
79 89
79 127
80 94
80 96
80 109
80 98
80 99
80 116
80 110
80 118
80 100
80 81
80 83
80 120
80 124
80 112
80 85
80 103
80 86
80 125
80 106
80 88
80 89
80 127
81 115
81 93
81 109
81 122
81 98
81 99
81 110
81 118
81 111
81 100
81 102
81 82
81 83
81 120
81 124
81 112
81 103
81 113
81 86
81 104
81 125
81 126
81 106
81 108
81 92
82 114
82 93
82 94
82 95
82 97
82 109
82 121
82 122
82 98
82 99
82 110
82 102
82 83
82 84
82 85
82 113
82 104
82 105
82 126
82 123
82 88
82 107
82 90
82 91
82 92
82 127
83 114
83 115
83 93
83 94
83 96
83 109
83 98
83 110
83 118
83 101
83 102
83 120
83 124
83 112
83 103
83 86
83 123
83 87
83 88
83 108
83 92
83 127
84 93
84 94
84 97
84 109
84 99
84 116
84 117
84 110
84 118
84 101
84 124
84 112
84 85
84 86
84 125
84 126
84 123
84 87
84 107
84 108
84 92
84 114
84 95
85 93
85 94
85 95
85 99
85 110
85 118
85 111
85 101
85 124
85 103
85 113
85 86
85 104
85 105
85 125
85 126
85 123
85 88
85 107
85 89
85 90
85 91
86 114
86 115
86 109
86 99
86 117
86 110
86 119
86 112
86 105
86 106
86 123
86 90
86 91
86 92
86 127
87 114
87 115
87 93
87 95
87 97
87 109
87 98
87 99
87 116
87 110
87 111
87 101
87 102
87 120
87 112
87 103
87 126
87 123
87 107
87 108
87 91
87 127
88 114
88 115
88 95
88 96
88 97
88 109
88 98
88 99
88 116
88 117
88 110
88 100
88 101
88 119
88 124
88 125
88 106
88 123
88 107
88 90
89 115
89 122
89 98
89 99
89 116
89 117
89 110
89 118
89 111
89 100
89 119
89 113
89 104
89 105
89 125
89 126
89 106
89 107
89 90
89 91
90 115
90 94
90 96
90 121
90 98
90 99
90 116
90 117
90 110
90 102
90 112
90 104
90 106
90 107
90 92
90 127
91 114
91 93
91 94
91 96
91 109
91 122
91 98
91 116
91 110
91 118
91 101
91 124
91 112
91 103
91 113
91 125
91 107
91 108
91 92
91 127
92 114
92 115
92 93
92 94
92 95
92 96
92 97
92 109
92 122
92 116
92 118
92 111
92 100
92 120
92 124
92 103
92 113
92 104
92 105
92 125
92 126
92 106
92 107
92 108
92 99
93 115
93 94
93 97
93 109
93 98
93 116
93 110
93 118
93 102
93 112
93 105
93 126
93 106
93 123
93 107
93 108
94 115
94 109
94 99
94 117
94 119
94 120
94 112
94 103
94 113
94 104
94 105
94 125
94 126
94 123
94 108
95 96
95 109
95 122
95 98
95 110
95 111
95 100
95 101
95 119
95 120
95 125
95 116
95 114
95 99
96 97
96 121
96 110
96 118
96 111
96 101
96 102
96 120
96 103
96 113
96 104
96 105
96 106
96 108
96 127
97 115
97 121
97 122
97 98
97 116
97 110
97 100
97 102
97 124
97 112
97 103
97 104
97 126
97 107
97 108
97 127
98 117
98 110
98 101
98 102
98 120
98 113
98 104
98 105
98 125
98 126
98 106
98 123
98 127
99 115
99 109
99 121
99 122
99 118
99 102
99 120
99 124
99 112
99 103
99 113
99 104
99 125
99 126
99 127
99 116
99 114
100 114
100 117
100 118
100 111
100 101
100 102
100 112
100 113
100 104
100 105
100 123
100 107
100 108
101 117
101 110
101 111
101 102
101 119
101 124
101 103
101 113
101 104
101 125
101 126
101 106
101 123
101 108
101 127
102 114
102 121
102 122
102 116
102 117
102 118
102 112
102 103
102 104
102 105
102 125
102 126
102 123
102 127
103 115
103 121
103 122
103 118
103 112
103 105
103 126
103 123
103 127
104 114
104 122
104 117
104 110
104 118
104 119
104 113
104 106
105 114
105 115
105 122
105 116
105 117
105 118
105 111
105 120
105 124
105 125
105 123
106 109
106 121
106 122
106 116
106 110
106 113
106 125
106 126
106 123
106 108
107 114
107 115
107 116
107 110
107 118
107 111
107 124
107 113
107 108
108 114
108 115
108 109
108 121
108 116
108 118
108 112
108 113
108 125
108 126
109 121
109 118
109 111
109 120
109 124
109 113
109 123
109 127
110 114
110 115
110 122
110 117
110 111
110 120
110 124
110 125
110 127
111 115
111 121
111 122
111 117
111 120
111 112
111 125
112 115
112 121
112 122
112 117
112 119
112 124
112 113
112 125
112 126
112 123
112 127
113 114
113 115
113 121
113 116
113 118
113 120
113 125
113 123
114 122
114 116
114 119
114 125
114 123
114 127
115 121
115 122
115 119
115 120
115 125
115 126
116 119
116 124
117 119
117 125
117 123
117 127
118 120
118 126
118 123
119 121
119 124
119 125
120 126
120 127
121 126
122 126
122 127
123 126
123 125
123 124
124 126
124 127
125 126
126 127
