0 1
0 2
0 3
0 4
0 5
0 6
0 7
0 8
0 9
0 10
0 11
0 12
0 13
0 14
0 15
0 16
0 17
0 18
0 19
0 20
0 21
0 22
0 23
0 24
0 25
0 26
0 27
0 28
0 29
0 30
0 31
0 32
0 33
0 34
0 35
0 36
0 37
0 38
0 39
0 40
0 41
0 42
0 43
0 44
0 45
0 46
0 47
0 48
0 49
0 50
0 51
0 52
0 53
0 54
0 55
0 56
0 57
0 58
0 59
0 60
0 61
0 62
0 63
0 64
0 65
0 66
0 67
0 68
0 69
0 70
0 71
0 72
0 73
0 100
0 122
0 113
1 74
1 3
1 75
1 4
1 6
1 7
1 8
1 9
1 10
1 11
1 13
1 76
1 77
1 20
1 78
1 79
1 24
1 25
1 26
1 80
1 81
1 82
1 31
1 33
1 34
1 37
1 38
1 39
1 41
1 42
1 83
1 48
1 49
1 50
1 84
1 85
1 86
1 87
1 52
1 53
1 88
1 54
1 57
1 58
1 89
1 90
1 91
1 92
1 66
1 93
1 94
1 95
1 68
1 96
1 97
1 72
1 98
1 99
1 73
1 100
2 101
2 3
2 5
2 6
2 102
2 7
2 103
2 13
2 104
2 105
2 77
2 14
2 106
2 107
2 18
2 20
2 78
2 21
2 23
2 27
2 82
2 28
2 29
2 108
2 30
2 109
2 31
2 32
2 34
2 35
2 37
2 110
2 43
2 111
2 83
2 45
2 47
2 48
2 49
2 86
2 53
2 88
2 55
2 56
2 58
2 60
2 61
2 90
2 64
2 65
2 112
2 66
2 93
2 94
2 95
2 73
3 4
3 5
3 102
3 8
3 113
3 103
3 10
3 11
3 104
3 114
3 105
3 76
3 15
3 16
3 115
3 116
3 78
3 117
3 21
3 118
3 79
3 25
3 26
3 81
3 82
3 28
3 29
3 108
3 109
3 31
3 119
3 33
3 35
3 36
3 37
3 38
3 110
3 39
3 40
3 41
3 42
3 111
3 120
3 83
3 47
3 50
3 84
3 88
3 54
3 56
3 58
3 121
3 60
3 89
3 90
3 122
3 62
3 64
3 92
3 65
3 94
3 95
3 68
3 96
3 70
3 99
3 73
3 123
4 74
4 124
4 75
4 6
4 113
4 10
4 11
4 12
4 104
4 114
4 105
4 77
4 106
4 115
4 17
4 19
4 20
4 79
4 24
4 27
4 81
4 82
4 28
4 29
4 30
4 119
4 36
4 39
4 42
4 47
4 48
4 49
4 50
4 84
4 51
4 52
4 53
4 88
4 125
4 57
4 59
4 121
4 122
4 63
4 91
4 65
4 66
4 67
4 93
4 69
4 96
4 97
4 72
4 99
4 73
4 123
5 75
5 6
5 7
5 8
5 9
5 10
5 11
5 12
5 77
5 14
5 106
5 15
5 17
5 107
5 20
5 78
5 21
5 22
5 24
5 25
5 27
5 28
5 30
5 119
5 33
5 36
5 110
5 39
5 42
5 44
5 83
5 46
5 47
5 48
5 49
5 84
5 87
5 52
5 53
5 88
5 125
5 60
5 61
5 90
5 122
5 91
5 64
5 66
5 126
5 93
5 68
5 69
5 96
5 97
5 71
5 72
5 73
5 123
5 56
5 16
5 40
5 100
5 59
5 57
5 113
6 101
6 75
6 7
6 9
6 11
6 12
6 104
6 105
6 77
6 14
6 15
6 16
6 17
6 19
6 117
6 22
6 23
6 118
6 79
6 25
6 26
6 27
6 81
6 82
6 29
6 30
6 31
6 32
6 34
6 35
6 37
6 39
6 42
6 120
6 45
6 48
6 49
6 51
6 86
6 53
6 55
6 56
6 58
6 121
6 122
6 63
6 91
6 92
6 66
6 94
6 95
6 97
6 70
6 71
6 98
7 101
7 74
7 127
7 102
7 103
7 9
7 10
7 11
7 13
7 77
7 15
7 107
7 116
7 19
7 117
7 23
7 118
7 79
7 24
7 25
7 26
7 81
7 82
7 29
7 30
7 109
7 36
7 38
7 41
7 42
7 43
7 45
7 48
7 49
7 84
7 87
7 88
7 55
7 57
7 58
7 121
7 89
7 91
7 64
7 65
7 112
7 93
7 94
7 95
7 69
7 97
7 72
7 98
7 99
7 100
8 101
8 74
8 127
8 113
8 9
8 10
8 11
8 13
8 104
8 114
8 76
8 106
8 15
8 107
8 117
8 22
8 23
8 118
8 79
8 24
8 27
8 81
8 82
8 28
8 29
8 108
8 30
8 32
8 33
8 34
8 35
8 38
8 110
8 40
8 41
8 42
8 111
8 120
8 83
8 45
8 46
8 47
8 48
8 50
8 84
8 86
8 52
8 88
8 54
8 55
8 56
8 57
8 59
8 121
8 60
8 122
8 62
8 92
8 65
8 112
8 66
8 67
8 95
8 68
8 96
8 97
8 70
8 71
8 72
8 123
8 16
8 44
8 100
9 127
9 103
9 13
9 114
9 76
9 14
9 106
9 16
9 17
9 107
9 116
9 18
9 19
9 20
9 78
9 21
9 118
9 24
9 26
9 80
9 27
9 30
9 31
9 32
9 119
9 34
9 35
9 36
9 38
9 40
9 45
9 46
9 49
9 51
9 85
9 52
9 53
9 88
9 125
9 55
9 56
9 58
9 121
9 60
9 61
9 90
9 122
9 63
9 64
9 92
9 65
9 112
9 66
9 67
9 69
9 97
9 70
9 72
9 98
9 99
9 73
9 123
10 101
10 12
10 104
10 114
10 76
10 14
10 15
10 16
10 115
10 17
10 107
10 18
10 19
10 22
10 24
10 80
10 81
10 108
10 30
10 109
10 32
10 36
10 37
10 39
10 41
10 42
10 43
10 111
10 120
10 46
10 48
10 50
10 84
10 86
10 87
10 55
10 57
10 58
10 60
10 89
10 61
10 62
10 64
10 65
10 66
10 126
10 95
10 68
10 69
10 96
10 70
10 72
10 100
10 56
10 40
10 44
10 122
10 59
10 113
11 74
11 113
11 104
11 76
11 106
11 115
11 116
11 18
11 19
11 22
11 23
11 118
11 26
11 80
11 81
11 29
11 30
11 31
11 32
11 33
11 38
11 110
11 39
11 40
11 41
11 46
11 49
11 85
11 86
11 87
11 52
11 88
11 54
11 125
11 59
11 121
11 60
11 90
11 62
11 63
11 65
11 112
11 126
11 67
11 94
11 95
11 68
11 69
11 96
11 70
11 71
11 72
11 98
11 99
12 101
12 127
12 102
12 13
12 104
12 105
12 76
12 16
12 115
12 17
12 116
12 23
12 82
12 30
12 35
12 36
12 37
12 38
12 42
12 43
12 111
12 83
12 45
12 46
12 48
12 50
12 51
12 52
12 53
12 54
12 125
12 55
12 57
12 58
12 59
12 61
12 90
12 122
12 62
12 64
12 112
12 126
12 94
12 95
12 69
12 72
12 99
12 73
12 100
13 101
13 127
13 75
13 102
13 113
13 104
13 114
13 77
13 14
13 17
13 116
13 18
13 19
13 20
13 78
13 117
13 79
13 25
13 80
13 27
13 28
13 108
13 31
13 32
13 119
13 34
13 36
13 110
13 40
13 41
13 43
13 111
13 45
13 46
13 48
13 87
13 88
13 125
13 55
13 57
13 58
13 121
13 60
13 89
13 122
13 64
13 65
13 66
13 126
13 67
13 93
13 94
13 70
13 71
13 98
14 74
14 127
14 124
14 75
14 102
14 106
14 16
14 116
14 19
14 22
14 23
14 79
14 80
14 82
14 28
14 30
14 31
14 35
14 110
14 39
14 40
14 41
14 120
14 83
14 46
14 47
14 50
14 84
14 51
14 86
14 88
14 54
14 57
14 121
14 60
14 91
14 64
14 112
14 66
14 67
14 93
14 69
14 96
14 97
14 71
14 73
14 123
15 75
15 102
15 76
15 77
15 17
15 116
15 78
15 22
15 23
15 118
15 79
15 26
15 28
15 29
15 30
15 109
15 31
15 32
15 33
15 37
15 110
15 42
15 83
15 48
15 50
15 84
15 85
15 58
15 59
15 60
15 89
15 90
15 122
15 64
15 112
15 66
15 126
15 94
15 95
15 68
15 69
15 96
15 71
15 72
15 56
15 16
15 40
15 44
15 100
15 57
15 113
16 124
16 75
16 113
16 115
16 17
16 116
16 18
16 78
16 21
16 22
16 118
16 80
16 82
16 108
16 34
16 36
16 110
16 40
16 41
16 83
16 46
16 48
16 49
16 51
16 86
16 87
16 53
16 125
16 59
16 89
16 62
16 63
16 65
16 112
16 66
16 67
16 93
16 94
16 95
16 68
16 70
16 71
16 100
16 42
16 56
16 44
16 122
16 57
17 101
17 127
17 124
17 103
17 104
17 114
17 76
17 77
17 106
17 116
17 18
17 19
17 78
17 21
17 23
17 79
17 26
17 27
17 29
17 108
17 30
17 31
17 32
17 119
17 38
17 110
17 83
17 47
17 50
17 51
17 87
17 53
17 88
17 58
17 59
17 60
17 90
17 62
17 63
17 92
17 65
17 112
17 126
17 67
17 93
17 94
17 95
17 68
17 96
17 71
18 101
18 74
18 127
18 75
18 102
18 113
18 103
18 104
18 114
18 76
18 116
18 20
18 117
18 21
18 22
18 118
18 24
18 108
18 30
18 109
18 119
18 33
18 38
18 110
18 39
18 41
18 42
18 43
18 111
18 120
18 48
18 49
18 84
18 51
18 87
18 53
18 88
18 125
18 55
18 59
18 60
18 89
18 61
18 91
18 65
18 112
18 66
18 126
18 93
18 95
18 68
18 96
18 70
18 71
18 72
18 98
18 99
18 100
19 101
19 74
19 124
19 104
19 76
19 77
19 116
19 20
19 23
19 118
19 79
19 24
19 26
19 80
19 27
19 81
19 82
19 28
19 29
19 108
19 30
19 109
19 31
19 119
19 33
19 34
19 36
19 37
19 39
19 43
19 111
19 120
19 83
19 45
19 46
19 47
19 85
19 87
19 125
19 56
19 59
19 121
19 60
19 89
19 61
19 63
19 91
19 65
19 112
19 93
19 95
19 68
19 96
19 70
19 72
19 98
19 123
20 101
20 74
20 127
20 124
20 102
20 104
20 115
20 107
20 116
20 79
20 25
20 27
20 81
20 28
20 108
20 34
20 35
20 37
20 38
20 110
20 39
20 40
20 111
20 120
20 46
20 48
20 84
20 86
20 87
20 53
20 88
20 125
20 56
20 121
20 60
20 61
20 90
20 63
20 64
20 65
20 66
20 93
20 94
20 96
20 97
20 70
20 98
20 123
20 100
21 101
21 74
21 103
21 104
21 115
21 116
21 22
21 23
21 118
21 79
21 25
21 26
21 80
21 27
21 81
21 82
21 28
21 29
21 30
21 109
21 31
21 32
21 36
21 37
21 38
21 41
21 111
21 120
21 83
21 45
21 47
21 48
21 50
21 85
21 52
21 53
21 57
21 121
21 89
21 61
21 90
21 122
21 91
21 92
21 65
21 126
21 67
21 93
21 94
21 68
21 69
21 70
21 71
21 98
21 99
21 73
21 123
22 101
22 74
22 124
22 75
22 103
22 114
22 105
22 76
22 77
22 106
22 115
22 78
22 118
22 24
22 25
22 26
22 80
22 82
22 28
22 108
22 30
22 34
22 37
22 38
22 39
22 40
22 42
22 43
22 111
22 120
22 83
22 45
22 46
22 48
22 50
22 84
22 85
22 86
22 87
22 88
22 125
22 55
22 57
22 58
22 59
22 61
22 122
22 62
22 63
22 91
22 92
22 112
22 66
22 67
22 93
22 94
22 95
22 68
22 69
22 97
22 98
22 56
22 44
22 100
22 113
23 102
23 103
23 104
23 106
23 116
23 79
23 80
23 82
23 28
23 29
23 108
23 109
23 33
23 110
23 41
23 42
23 43
23 111
23 83
23 46
23 47
23 48
23 84
23 51
23 87
23 52
23 57
23 121
23 60
23 62
23 91
23 64
23 65
23 112
23 66
23 126
23 68
23 69
23 71
23 98
23 73
23 123
24 101
24 74
24 102
24 103
24 77
24 106
24 107
24 117
24 25
24 27
24 82
24 28
24 30
24 31
24 33
24 37
24 110
24 43
24 111
24 44
24 120
24 46
24 49
24 84
24 51
24 87
24 88
24 125
24 55
24 58
24 59
24 121
24 60
24 89
24 90
24 122
24 64
24 112
24 66
24 126
24 67
24 96
24 70
24 71
24 72
24 73
24 100
25 118
25 127
25 102
25 103
25 77
25 106
25 115
25 78
25 80
25 27
25 82
25 29
25 30
25 119
25 33
25 34
25 37
25 110
25 40
25 44
25 120
25 83
25 45
25 50
25 51
25 85
25 86
25 87
25 53
25 88
25 125
25 55
25 56
25 57
25 58
25 59
25 121
25 89
25 61
25 90
25 63
25 64
25 92
25 65
25 112
25 66
25 126
25 67
25 68
25 69
25 96
25 97
25 70
25 72
25 98
25 99
25 100
26 118
26 101
26 74
26 75
26 103
26 76
26 116
26 78
26 117
26 81
26 82
26 28
26 29
26 31
26 33
26 34
26 36
26 39
26 40
26 41
26 111
26 120
26 46
26 47
26 49
26 50
26 84
26 54
26 55
26 58
26 59
26 121
26 90
26 62
26 92
26 66
26 68
26 70
26 71
26 72
26 99
26 73
26 123
27 118
27 127
27 124
27 75
27 113
27 105
27 77
27 106
27 107
27 78
27 79
27 82
27 29
27 108
27 30
27 109
27 31
27 119
27 33
27 34
27 35
27 36
27 38
27 110
27 39
27 43
27 120
27 46
27 47
27 48
27 50
27 85
27 52
27 88
27 55
27 89
27 90
27 122
27 63
27 91
27 92
27 112
27 66
27 68
27 69
27 96
27 71
27 98
27 99
27 73
27 123
28 118
28 102
28 113
28 103
28 104
28 105
28 77
28 107
28 116
28 117
28 79
28 80
28 81
28 109
28 31
28 32
28 119
28 33
28 34
28 35
28 110
28 39
28 40
28 42
28 111
28 45
28 46
28 47
28 48
28 50
28 85
28 86
28 52
28 53
28 88
28 54
28 125
28 55
28 57
28 59
28 121
28 60
28 61
28 90
28 64
28 112
28 67
28 93
28 95
28 69
28 97
28 71
28 72
28 98
28 73
28 123
29 118
29 101
29 74
29 127
29 102
29 113
29 103
29 104
29 76
29 107
29 116
29 117
29 79
29 81
29 82
29 108
29 109
29 32
29 33
29 34
29 35
29 110
29 39
29 120
29 47
29 48
29 50
29 85
29 86
29 87
29 53
29 88
29 54
29 125
29 58
29 89
29 90
29 62
29 65
29 94
29 96
29 97
29 71
29 99
29 123
29 100
30 75
30 113
30 103
30 104
30 105
30 77
30 115
30 82
30 109
30 32
30 119
30 36
30 37
30 39
30 40
30 111
30 120
30 51
30 85
30 52
30 88
30 121
30 60
30 89
30 90
30 122
30 62
30 63
30 91
30 65
30 126
30 93
30 94
30 95
30 96
30 70
30 72
30 98
30 73
30 123
31 118
31 74
31 102
31 113
31 103
31 114
31 105
31 77
31 107
31 79
31 80
31 81
31 82
31 32
31 119
31 38
31 110
31 111
31 120
31 83
31 45
31 47
31 49
31 51
31 86
31 87
31 52
31 54
31 125
31 56
31 60
31 61
31 90
31 62
31 63
31 65
31 112
31 66
31 67
31 68
31 69
31 96
31 97
31 70
31 71
31 72
31 99
32 118
32 124
32 75
32 103
32 104
32 114
32 105
32 76
32 106
32 107
32 78
32 80
32 109
32 35
32 37
32 38
32 39
32 40
32 41
32 44
32 83
32 48
32 49
32 86
32 87
32 52
32 53
32 88
32 55
32 121
32 61
32 122
32 62
32 92
32 65
32 112
32 126
32 67
32 70
32 73
32 123
32 100
33 118
33 124
33 75
33 103
33 105
33 106
33 115
33 107
33 116
33 78
33 79
33 81
33 108
33 109
33 119
33 34
33 37
33 38
33 40
33 41
33 42
33 46
33 47
33 50
33 51
33 86
33 87
33 53
33 54
33 125
33 55
33 57
33 59
33 89
33 61
33 64
33 92
33 66
33 67
33 93
33 94
33 95
33 70
33 71
33 98
34 101
34 74
34 124
34 103
34 114
34 77
34 106
34 116
34 78
34 108
34 109
34 36
34 110
34 41
34 42
34 43
34 111
34 44
34 45
34 46
34 48
34 50
34 51
34 85
34 86
34 53
34 125
34 55
34 56
34 57
34 58
34 89
34 61
34 90
34 122
34 62
34 65
34 66
34 93
34 94
34 97
34 70
34 71
34 72
34 98
34 100
35 118
35 101
35 124
35 75
35 102
35 103
35 105
35 77
35 106
35 115
35 107
35 117
35 81
35 82
35 108
35 38
35 39
35 40
35 43
35 44
35 120
35 83
35 46
35 47
35 48
35 49
35 51
35 52
35 88
35 125
35 56
35 58
35 60
35 89
35 61
35 62
35 64
35 65
35 112
35 67
35 93
35 94
35 96
35 97
35 70
35 99
36 101
36 74
36 124
36 75
36 102
36 113
36 104
36 114
36 116
36 78
36 117
36 79
36 80
36 81
36 38
36 110
36 42
36 43
36 120
36 46
36 48
36 50
36 84
36 85
36 86
36 87
36 52
36 54
36 125
36 57
36 58
36 60
36 89
36 61
36 122
36 62
36 63
36 64
36 92
36 65
36 66
36 67
36 93
36 94
36 95
36 68
36 97
36 72
36 98
36 73
36 123
37 101
37 124
37 102
37 76
37 106
37 115
37 107
37 117
37 81
37 108
37 109
37 119
37 38
37 110
37 40
37 41
37 42
37 43
37 47
37 50
37 51
37 85
37 87
37 52
37 53
37 88
37 54
37 57
37 58
37 59
37 121
37 60
37 89
37 90
37 65
37 112
37 66
37 126
37 69
37 96
37 97
37 71
37 72
37 98
37 99
37 100
38 127
38 124
38 102
38 103
38 77
38 106
38 116
38 78
38 79
38 81
38 82
38 109
38 119
38 110
38 39
38 40
38 41
38 42
38 111
38 83
38 45
38 47
38 48
38 50
38 88
38 54
38 125
38 55
38 58
38 59
38 60
38 90
38 122
38 63
38 64
38 65
38 66
38 126
38 94
38 68
38 96
38 70
38 98
38 99
38 73
39 127
39 124
39 102
39 103
39 114
39 76
39 106
39 115
39 107
39 117
39 81
39 108
39 119
39 110
39 41
39 43
39 111
39 44
39 83
39 49
39 84
39 51
39 86
39 52
39 53
39 54
39 125
39 55
39 57
39 89
39 61
39 90
39 122
39 62
39 63
39 64
39 112
39 67
39 93
39 94
39 96
39 97
39 70
39 72
40 101
40 74
40 127
40 102
40 103
40 76
40 106
40 115
40 116
40 78
40 117
40 81
40 82
40 108
40 41
40 42
40 111
40 44
40 120
40 45
40 46
40 47
40 51
40 86
40 87
40 52
40 88
40 59
40 121
40 60
40 61
40 90
40 62
40 64
40 92
40 67
40 94
40 95
40 68
40 72
40 99
40 100
40 66
40 56
40 122
40 57
40 113
41 101
41 74
41 127
41 124
41 103
41 105
41 115
41 116
41 78
41 117
41 81
41 82
41 108
41 109
41 44
41 120
41 83
41 47
41 48
41 49
41 84
41 51
41 85
41 87
41 52
41 125
41 56
41 61
41 62
41 63
41 91
41 64
41 65
41 112
41 93
41 69
41 96
41 70
41 98
41 73
41 100
42 118
42 74
42 127
42 124
42 102
42 104
42 114
42 76
42 77
42 115
42 107
42 116
42 117
42 79
42 81
42 82
42 109
42 119
42 43
42 46
42 47
42 51
42 85
42 52
42 88
42 54
42 55
42 56
42 57
42 58
42 121
42 60
42 89
42 61
42 90
42 122
42 62
42 64
42 112
42 66
42 126
42 93
42 94
42 68
42 96
42 97
42 98
42 123
42 44
42 100
42 59
42 113
43 101
43 74
43 124
43 102
43 113
43 105
43 77
43 116
43 117
43 79
43 80
43 81
43 82
43 110
43 44
43 120
43 45
43 46
43 50
43 85
43 52
43 54
43 57
43 61
43 122
43 63
43 91
43 64
43 92
43 67
43 94
43 68
43 69
43 71
43 123
44 118
44 74
44 127
44 113
44 114
44 107
44 78
44 117
44 80
44 81
44 108
44 119
44 120
44 83
44 48
44 49
44 84
44 51
44 53
44 56
44 57
44 58
44 59
44 61
44 90
44 64
44 92
44 65
44 66
44 67
44 93
44 95
44 68
44 69
44 96
44 98
44 99
44 100
44 122
45 101
45 127
45 75
45 103
45 104
45 114
45 77
45 115
45 116
45 80
45 81
45 82
45 119
45 111
45 120
45 49
45 84
45 85
45 86
45 87
45 52
45 54
45 125
45 55
45 56
45 57
45 58
45 121
45 60
45 89
45 90
45 92
45 112
45 66
45 67
45 93
45 68
45 69
45 96
45 71
45 73
45 123
45 100
46 118
46 101
46 124
46 113
46 103
46 104
46 114
46 105
46 77
46 115
46 107
46 116
46 78
46 80
46 81
46 82
46 108
46 109
46 110
46 83
46 48
46 49
46 50
46 51
46 85
46 53
46 54
46 56
46 57
46 58
46 59
46 63
46 91
46 92
46 126
46 94
46 69
46 96
46 71
46 72
46 99
47 74
47 127
47 124
47 114
47 76
47 106
47 115
47 116
47 78
47 80
47 82
47 109
47 110
47 120
47 49
47 50
47 84
47 85
47 86
47 53
47 125
47 58
47 59
47 89
47 61
47 122
47 63
47 92
47 126
47 67
47 93
47 95
47 96
47 72
47 99
47 123
48 118
48 101
48 127
48 102
48 113
48 104
48 105
48 76
48 77
48 115
48 107
48 116
48 78
48 117
48 79
48 80
48 82
48 109
48 119
48 111
48 83
48 50
48 84
48 51
48 87
48 52
48 88
48 125
48 55
48 56
48 58
48 121
48 89
48 62
48 91
48 92
48 112
48 126
48 94
48 69
48 96
48 97
48 71
48 98
48 123
49 127
49 124
49 75
49 103
49 105
49 77
49 115
49 116
49 117
49 79
49 80
49 82
49 108
49 119
49 111
49 83
49 85
49 86
49 87
49 52
49 88
49 54
49 56
49 59
49 121
49 89
49 61
49 90
49 122
49 62
49 63
49 92
49 65
49 126
49 93
49 95
49 96
49 71
49 98
49 73
49 123
50 101
50 127
50 102
50 114
50 77
50 117
50 79
50 81
50 108
50 109
50 83
50 51
50 86
50 52
50 88
50 125
50 55
50 56
50 57
50 59
50 61
50 122
50 62
50 65
50 112
50 126
50 67
50 93
50 68
50 69
50 98
50 73
50 123
50 100
51 118
51 75
51 104
51 114
51 105
51 76
51 107
51 78
51 117
51 79
51 80
51 81
51 119
51 83
51 86
51 87
51 52
51 54
51 55
51 56
51 59
51 90
51 62
51 63
51 65
51 66
51 67
51 93
51 97
51 70
51 98
51 99
51 123
52 127
52 124
52 102
52 113
52 103
52 104
52 114
52 76
52 77
52 107
52 116
52 78
52 117
52 82
52 109
52 119
52 110
52 111
52 120
52 83
52 87
52 54
52 59
52 121
52 60
52 91
52 64
52 65
52 112
52 66
52 93
52 94
52 97
52 98
52 99
52 123
52 100
53 118
53 127
53 102
53 114
53 76
53 107
53 117
53 80
53 109
53 110
53 111
53 84
53 86
53 87
53 54
53 55
53 56
53 57
53 58
53 59
53 121
53 89
53 61
53 122
53 91
53 92
53 66
53 93
53 94
53 68
53 69
53 96
53 97
53 70
53 71
54 118
54 101
54 127
54 124
54 103
54 114
54 105
54 107
54 116
54 117
54 80
54 82
54 109
54 110
54 88
54 125
54 55
54 58
54 59
54 121
54 89
54 63
54 112
54 66
54 126
54 93
54 94
54 95
54 97
54 70
54 99
54 73
55 124
55 102
55 113
55 104
55 77
55 106
55 115
55 107
55 78
55 117
55 81
55 82
55 108
55 119
55 120
55 86
55 58
55 89
55 61
55 90
55 122
55 62
55 91
55 65
55 66
55 126
55 67
55 93
55 94
55 96
55 70
55 98
56 101
56 74
56 102
56 113
56 103
56 114
56 106
56 107
56 78
56 82
56 108
56 109
56 119
56 120
56 83
56 84
56 125
56 57
56 59
56 121
56 60
56 90
56 122
56 62
56 91
56 112
56 67
56 94
56 95
56 68
56 69
56 70
56 71
56 73
56 66
56 100
57 118
57 124
57 102
57 103
57 104
57 77
57 115
57 78
57 79
57 119
57 120
57 83
57 84
57 85
57 86
57 88
57 121
57 90
57 62
57 63
57 64
57 65
57 112
57 94
57 96
57 97
57 73
57 123
57 66
57 68
57 100
57 122
57 59
57 113
58 118
58 127
58 124
58 113
58 104
58 114
58 105
58 76
58 77
58 116
58 117
58 82
58 108
58 109
58 119
58 84
58 85
58 87
58 88
58 125
58 59
58 89
58 62
58 63
58 64
58 65
58 112
58 93
58 94
58 68
58 69
58 97
58 70
58 72
58 123
58 100
59 102
59 103
59 114
59 105
59 77
59 115
59 107
59 78
59 108
59 109
59 119
59 120
59 87
59 88
59 125
59 60
59 61
59 122
59 63
59 91
59 92
59 65
59 93
59 95
59 68
59 96
59 97
59 98
59 100
59 66
59 113
60 74
60 127
60 124
60 75
60 102
60 113
60 104
60 114
60 105
60 106
60 107
60 116
60 79
60 80
60 81
60 119
60 110
60 84
60 85
60 86
60 125
60 121
60 89
60 61
60 62
60 63
60 91
60 64
60 112
60 126
60 95
60 96
60 98
60 123
60 100
61 118
61 102
61 103
61 105
61 76
61 106
61 115
61 117
61 79
61 80
61 82
61 108
61 111
61 120
61 87
61 90
61 63
61 91
61 64
61 92
61 65
61 112
61 126
61 93
61 96
61 70
61 71
61 98
61 99
61 123
61 100
62 101
62 74
62 127
62 124
62 75
62 102
62 113
62 103
62 104
62 105
62 77
62 106
62 115
62 107
62 117
62 108
62 111
62 83
62 85
62 86
62 87
62 121
62 90
62 63
62 91
62 64
62 92
62 126
62 93
62 95
62 69
62 70
62 71
62 72
62 98
62 73
63 118
63 74
63 124
63 103
63 105
63 77
63 106
63 107
63 117
63 79
63 81
63 108
63 111
63 83
63 88
63 125
63 121
63 89
63 91
63 64
63 65
63 112
63 126
63 67
63 94
63 95
63 68
63 69
63 96
63 70
63 71
63 72
63 73
63 100
64 101
64 74
64 127
64 113
64 104
64 114
64 105
64 76
64 106
64 115
64 116
64 117
64 80
64 82
64 108
64 110
64 87
64 125
64 121
64 89
64 90
64 92
64 65
64 112
64 126
64 93
64 97
64 70
64 98
64 99
65 101
65 74
65 127
65 102
65 104
65 76
65 77
65 116
65 117
65 79
65 80
65 81
65 82
65 108
65 109
65 110
65 84
65 85
65 88
65 125
65 90
65 91
65 92
65 66
65 93
65 69
65 97
65 70
66 118
66 127
66 113
66 104
66 105
66 76
66 106
66 107
66 116
66 117
66 79
66 80
66 108
66 110
66 111
66 120
66 84
66 87
66 121
66 89
66 90
66 122
66 91
66 112
66 67
66 94
66 68
66 97
66 98
66 73
66 123
66 100
67 118
67 74
67 127
67 75
67 102
67 103
67 114
67 107
67 117
67 79
67 80
67 81
67 82
67 109
67 110
67 111
67 84
67 87
67 88
67 125
67 121
67 89
67 91
67 92
67 126
67 93
67 69
67 96
67 97
67 70
67 71
67 99
67 73
67 123
68 101
68 74
68 75
68 104
68 105
68 116
68 78
68 117
68 80
68 81
68 82
68 110
68 111
68 120
68 84
68 85
68 88
68 121
68 90
68 92
68 112
68 93
68 94
68 95
68 70
68 98
68 99
68 123
68 100
68 122
68 113
69 118
69 127
69 124
69 75
69 104
69 114
69 115
69 107
69 78
69 117
69 81
69 82
69 109
69 119
69 111
69 83
69 85
69 86
69 87
69 125
69 90
69 112
69 126
69 93
69 96
69 97
69 73
70 118
70 101
70 127
70 124
70 75
70 113
70 103
70 104
70 114
70 105
70 76
70 77
70 117
70 79
70 80
70 81
70 111
70 120
70 83
70 84
70 88
70 125
70 89
70 122
70 92
70 112
70 126
70 94
70 95
70 97
70 72
70 98
70 99
71 118
71 124
71 75
71 102
71 104
71 114
71 105
71 115
71 116
71 78
71 117
71 79
71 81
71 82
71 111
71 120
71 85
71 87
71 121
71 90
71 91
71 92
71 126
71 93
71 72
71 99
71 123
71 100
72 127
72 102
72 113
72 104
72 114
72 105
72 115
72 107
72 78
72 117
72 80
72 81
72 83
72 84
72 87
72 88
72 125
72 121
72 89
72 90
72 91
72 97
72 98
72 73
72 123
73 74
73 127
73 75
73 102
73 114
73 76
73 107
73 117
73 81
73 82
73 108
73 119
73 110
73 88
73 125
73 121
73 89
73 91
73 92
73 126
73 93
73 94
73 96
73 123
73 100
74 118
74 101
74 127
74 124
74 75
74 103
74 104
74 76
74 78
74 79
74 81
74 82
74 119
74 111
74 120
74 121
74 122
74 92
74 112
74 94
74 95
74 96
74 98
75 101
75 127
75 102
75 103
75 104
75 114
75 105
75 76
75 115
75 107
75 78
75 117
75 79
75 80
75 81
75 108
75 119
75 111
75 85
75 88
75 89
75 122
75 112
75 126
75 93
75 95
75 97
75 98
75 99
76 118
76 127
76 124
76 102
76 103
76 104
76 114
76 78
76 80
76 108
76 109
76 119
76 120
76 84
76 86
76 125
76 121
76 90
76 91
76 92
76 95
76 96
76 97
76 98
77 118
77 124
77 102
77 113
77 114
77 106
77 107
77 78
77 82
77 108
77 119
77 83
77 85
77 86
77 87
77 121
77 89
77 122
77 91
77 92
77 112
77 95
77 99
77 123
77 100
78 118
78 124
78 113
78 103
78 114
78 106
78 80
78 81
78 109
78 119
78 110
78 83
78 85
78 88
78 125
78 90
78 92
78 126
78 93
78 95
78 96
78 97
78 98
78 99
79 101
79 127
79 116
79 81
79 82
79 109
79 119
79 111
79 83
79 84
79 85
79 88
79 89
79 122
79 92
79 112
79 93
79 94
79 97
79 98
80 124
80 113
80 103
80 104
80 105
80 81
80 82
80 108
80 109
80 110
80 120
80 85
80 86
80 88
80 89
80 90
80 92
80 112
80 126
80 99
80 123
81 127
81 124
81 102
81 105
81 107
81 117
81 82
81 108
81 109
81 110
81 120
81 88
81 89
81 90
81 92
81 126
81 93
81 94
81 97
82 101
82 124
82 102
82 104
82 105
82 107
82 109
82 119
82 110
82 111
82 120
82 83
82 84
82 86
82 125
82 121
82 112
82 94
82 96
82 100
83 101
83 127
83 124
83 103
83 106
83 117
83 108
83 109
83 111
83 121
83 90
83 91
83 93
83 96
83 99
83 123
83 100
84 101
84 114
84 106
84 107
84 108
84 85
84 88
84 125
84 121
84 89
84 92
84 112
84 126
84 93
84 94
84 95
84 123
85 118
85 127
85 102
85 103
85 104
85 105
85 107
85 116
85 117
85 109
85 119
85 86
85 87
85 88
85 125
85 121
85 112
85 126
85 94
85 95
85 96
85 97
85 98
85 99
85 123
86 101
86 127
86 102
86 103
86 114
86 105
86 115
86 108
86 119
86 110
86 111
86 87
86 121
86 90
86 112
86 126
86 94
86 95
86 98
86 123
86 100
87 124
87 102
87 113
87 103
87 104
87 105
87 106
87 115
87 107
87 116
87 119
87 110
87 120
87 88
87 125
87 89
87 122
87 91
87 112
87 93
87 96
87 99
87 123
87 100
88 101
88 127
88 113
88 103
88 114
88 105
88 106
88 107
88 117
88 109
88 119
88 110
88 120
88 125
88 90
88 122
88 91
88 92
88 112
88 126
88 93
88 99
88 123
89 118
89 101
89 103
89 105
89 106
89 115
89 111
89 120
89 121
89 91
89 92
89 126
89 94
89 96
89 97
89 98
90 124
90 114
90 105
90 106
90 107
90 108
90 125
90 121
90 122
90 92
90 112
90 98
91 102
91 103
91 114
91 105
91 115
91 119
91 110
91 120
91 125
91 121
91 112
91 126
91 95
91 99
91 123
91 100
92 118
92 127
92 103
92 104
92 107
92 117
92 108
92 121
92 112
92 126
92 93
92 95
92 97
92 99
92 123
93 103
93 104
93 114
93 115
93 117
93 119
93 110
93 120
93 122
93 112
93 126
93 95
93 97
93 98
93 99
93 123
94 118
94 124
94 104
94 114
94 105
94 106
94 107
94 119
94 111
94 120
94 121
94 122
94 95
94 96
94 98
95 118
95 101
95 127
95 124
95 102
95 113
95 103
95 114
95 105
95 116
95 109
95 111
95 121
95 122
95 112
95 97
95 98
95 123
96 118
96 101
96 127
96 102
96 114
96 106
96 115
96 116
96 108
96 109
96 110
96 121
96 126
96 98
96 99
96 100
97 101
97 127
97 124
97 102
97 113
97 103
97 106
97 107
97 108
97 119
97 110
97 125
97 121
97 98
97 99
97 123
97 100
98 127
98 124
98 113
98 105
98 108
98 109
98 111
98 125
98 112
98 123
99 118
99 127
99 114
99 115
99 107
99 117
99 108
99 109
99 119
99 111
99 120
99 126
99 123
99 100
100 118
100 101
100 127
100 114
100 105
100 115
100 109
100 119
100 121
100 126
100 122
100 113
101 118
101 124
101 102
101 104
101 114
101 105
101 107
101 117
101 109
101 110
101 121
101 112
101 126
102 118
102 127
102 124
102 113
102 106
102 115
102 116
102 108
102 119
102 111
102 112
102 126
103 127
103 104
103 114
103 107
103 123
103 106
103 115
103 116
103 108
103 119
103 120
103 125
103 122
104 127
104 124
104 106
104 115
104 117
104 109
104 119
104 110
104 125
104 126
105 124
105 106
105 115
105 107
105 116
105 109
105 110
105 111
105 120
105 122
106 118
106 124
106 113
106 114
106 107
106 117
106 121
106 112
106 126
106 123
106 120
106 116
107 127
107 124
107 115
107 116
107 119
107 111
107 112
107 126
108 118
108 124
108 117
108 110
108 121
108 112
108 126
108 123
108 116
108 115
109 124
109 114
109 115
109 116
109 119
109 111
109 120
109 125
109 112
109 126
110 118
110 127
110 124
110 113
110 117
110 116
110 119
110 120
110 122
110 123
111 118
111 127
111 113
111 114
111 117
111 121
111 126
111 123
111 116
112 118
112 127
112 124
112 114
112 117
112 116
112 119
112 120
113 117
113 120
113 122
114 118
114 127
114 124
114 120
114 121
114 126
114 123
115 118
115 121
115 122
115 116
116 124
116 121
116 125
117 127
117 121
117 122
117 123
118 124
118 120
118 122
118 123
119 127
119 126
119 123
119 120
119 125
120 127
120 122
121 127
121 124
121 126
122 126
122 123
122 125
123 127
123 124
124 125
124 126
126 127
