0 1
0 2
0 3
0 4
0 5
0 6
0 7
0 8
0 9
0 10
0 11
0 12
0 13
0 14
0 15
0 16
0 17
0 18
0 19
0 21
0 22
0 23
0 24
0 26
0 27
0 28
0 29
0 30
0 31
0 32
0 33
0 34
0 35
0 36
0 37
0 38
0 39
0 40
0 41
0 42
0 43
0 44
0 45
0 46
0 47
0 48
0 49
0 50
0 51
0 52
0 53
0 54
0 55
0 56
0 57
0 58
0 59
0 60
0 61
0 62
0 63
0 64
0 65
1 66
1 67
1 68
1 2
1 69
1 3
1 6
1 70
1 71
1 72
1 73
1 10
1 12
1 74
1 14
1 16
1 19
1 22
1 75
1 76
1 77
1 78
1 79
1 26
1 80
1 29
1 31
1 81
1 32
1 33
1 82
1 34
1 36
1 83
1 37
1 84
1 41
1 44
1 45
1 46
1 47
1 85
1 49
1 86
1 87
1 52
1 88
1 89
1 90
1 54
1 56
1 91
1 57
1 92
1 93
1 94
1 95
1 59
1 96
1 62
1 63
1 97
1 64
1 65
2 67
2 98
2 68
2 69
2 3
2 72
2 99
2 100
2 101
2 9
2 11
2 102
2 74
2 17
2 18
2 103
2 23
2 104
2 76
2 105
2 24
2 106
2 77
2 79
2 25
2 26
2 27
2 29
2 107
2 30
2 108
2 109
2 82
2 36
2 83
2 37
2 84
2 39
2 40
2 42
2 43
2 110
2 45
2 47
2 48
2 86
2 51
2 88
2 53
2 90
2 111
2 57
2 92
2 93
2 94
2 58
2 60
2 96
2 112
2 97
2 64
2 65
3 4
3 5
3 72
3 99
3 113
3 7
3 100
3 114
3 8
3 73
3 9
3 10
3 12
3 13
3 14
3 15
3 16
3 17
3 18
3 103
3 22
3 23
3 75
3 76
3 106
3 78
3 79
3 25
3 26
3 28
3 80
3 29
3 107
3 115
3 108
3 81
3 32
3 83
3 84
3 39
3 41
3 42
3 43
3 116
3 85
3 48
3 49
3 86
3 51
3 89
3 53
3 111
3 117
3 91
3 57
3 118
3 95
3 58
3 59
3 60
3 96
3 63
3 64
3 65
3 119
4 66
4 98
4 120
4 68
4 5
4 6
4 70
4 99
4 113
4 7
4 101
4 8
4 73
4 9
4 121
4 12
4 74
4 14
4 15
4 17
4 19
4 103
4 122
4 23
4 75
4 104
4 106
4 77
4 79
4 25
4 27
4 28
4 123
4 31
4 115
4 109
4 124
4 32
4 33
4 82
4 34
4 35
4 36
4 37
4 38
4 42
4 43
4 125
4 46
4 47
4 85
4 87
4 51
4 89
4 56
4 59
4 60
4 96
4 112
4 61
4 62
4 97
5 66
5 67
5 68
5 70
5 71
5 72
5 113
5 114
5 8
5 73
5 9
5 11
5 121
5 12
5 126
5 13
5 15
5 16
5 17
5 18
5 122
5 76
5 105
5 77
5 78
5 28
5 30
5 31
5 115
5 108
5 109
5 124
5 32
5 82
5 36
5 37
5 84
5 40
5 127
5 110
5 125
5 45
5 47
5 48
5 49
5 87
5 51
5 52
5 88
5 53
5 90
5 54
5 56
5 57
5 92
5 93
5 94
5 58
5 59
5 96
5 63
5 97
5 65
6 67
6 120
6 68
6 71
6 99
6 100
6 114
6 8
6 9
6 10
6 11
6 74
6 15
6 17
6 19
6 20
6 103
6 21
6 122
6 23
6 75
6 76
6 105
6 24
6 26
6 27
6 28
6 29
6 107
6 123
6 31
6 108
6 81
6 124
6 32
6 82
6 35
6 84
6 40
6 127
6 42
6 110
6 45
6 47
6 48
6 49
6 50
6 87
6 89
6 54
6 55
6 117
6 57
6 92
6 93
6 94
6 59
6 60
6 112
6 61
6 62
6 63
6 65
7 66
7 67
7 68
7 71
7 99
7 114
7 8
7 73
7 11
7 121
7 12
7 74
7 126
7 17
7 19
7 20
7 23
7 75
7 104
7 105
7 79
7 25
7 26
7 123
7 115
7 81
7 109
7 32
7 82
7 34
7 35
7 38
7 84
7 40
7 127
7 125
7 44
7 45
7 86
7 51
7 111
7 117
7 91
7 92
7 118
7 95
7 58
7 59
7 112
7 62
7 63
7 97
7 65
7 119
8 99
8 100
8 114
8 101
8 73
8 9
8 11
8 12
8 74
8 126
8 13
8 17
8 18
8 19
8 21
8 23
8 75
8 104
8 76
8 105
8 106
8 77
8 78
8 79
8 29
8 30
8 31
8 115
8 81
8 124
8 32
8 33
8 82
8 35
8 39
8 43
8 125
8 116
8 46
8 48
8 86
8 87
8 88
8 53
8 90
8 91
8 93
8 118
8 58
8 59
8 60
8 61
8 62
8 97
8 64
8 65
8 119
9 67
9 98
9 120
9 68
9 70
9 71
9 113
9 100
9 114
9 11
9 121
9 102
9 74
9 126
9 14
9 15
9 16
9 17
9 23
9 104
9 105
9 78
9 79
9 25
9 80
9 29
9 123
9 31
9 109
9 124
9 33
9 35
9 36
9 37
9 40
9 127
9 42
9 125
9 44
9 45
9 47
9 87
9 51
9 52
9 88
9 90
9 54
9 111
9 56
9 92
9 93
9 94
9 59
9 60
9 61
9 62
9 63
9 97
9 64
9 65
10 66
10 120
10 68
10 70
10 71
10 72
10 99
10 11
10 102
10 12
10 74
10 126
10 13
10 14
10 15
10 16
10 18
10 19
10 103
10 21
10 122
10 23
10 104
10 76
10 78
10 79
10 26
10 28
10 80
10 123
10 30
10 108
10 81
10 33
10 83
10 127
10 41
10 42
10 43
10 110
10 116
10 45
10 46
10 54
10 111
10 57
10 93
10 118
10 94
10 60
10 62
10 97
10 64
10 65
10 119
11 66
11 98
11 69
11 72
11 99
11 100
11 101
11 102
11 12
11 13
11 14
11 18
11 103
11 21
11 22
11 23
11 76
11 105
11 24
11 106
11 77
11 25
11 27
11 80
11 29
11 123
11 30
11 31
11 115
11 81
11 109
11 82
11 35
11 83
11 84
11 40
11 127
11 41
11 42
11 43
11 125
11 44
11 116
11 85
11 48
11 49
11 86
11 87
11 51
11 89
11 53
11 90
11 111
11 56
11 91
11 92
11 93
11 58
11 59
11 61
11 63
11 97
11 64
11 65
12 67
12 69
12 70
12 71
12 72
12 100
12 114
12 101
12 121
12 102
12 126
12 15
12 16
12 18
12 103
12 22
12 23
12 104
12 24
12 77
12 25
12 28
12 107
12 30
12 108
12 109
12 124
12 32
12 33
12 82
12 83
12 37
12 38
12 40
12 127
12 41
12 110
12 116
12 85
12 49
12 86
12 51
12 88
12 55
12 56
12 92
12 59
12 96
12 112
12 61
12 63
12 119
13 67
13 120
13 70
13 72
13 113
13 100
13 121
13 102
13 74
13 15
13 17
13 103
13 75
13 104
13 76
13 106
13 78
13 79
13 28
13 107
13 115
13 108
13 81
13 33
13 35
13 36
13 37
13 38
13 84
13 39
13 127
13 41
13 125
13 116
13 46
13 48
13 87
13 88
13 89
13 56
13 117
13 91
13 92
13 118
13 95
13 58
13 59
13 60
13 96
13 61
13 64
13 119
14 67
14 98
14 70
14 71
14 72
14 99
14 114
14 73
14 121
14 102
14 74
14 16
14 19
14 22
14 23
14 104
14 106
14 77
14 78
14 79
14 28
14 80
14 29
14 123
14 30
14 108
14 81
14 109
14 33
14 82
14 35
14 83
14 37
14 84
14 39
14 40
14 41
14 42
14 43
14 125
14 44
14 50
14 86
14 87
14 51
14 52
14 88
14 89
14 53
14 54
14 111
14 55
14 91
14 57
14 92
14 93
14 118
14 58
14 96
14 61
14 63
14 97
14 64
14 65
14 119
14 24
14 47
14 76
14 62
14 127
14 69
14 25
14 38
14 20
15 66
15 67
15 69
15 72
15 99
15 113
15 114
15 102
15 126
15 19
15 103
15 22
15 75
15 104
15 76
15 106
15 77
15 78
15 26
15 27
15 28
15 80
15 30
15 108
15 109
15 33
15 82
15 35
15 36
15 37
15 84
15 39
15 40
15 127
15 41
15 43
15 116
15 45
15 46
15 85
15 50
15 52
15 88
15 89
15 53
15 90
15 54
15 111
15 117
15 91
15 92
15 118
15 94
15 58
15 59
15 112
15 61
15 64
15 119
16 69
16 70
16 72
16 113
16 73
16 121
16 102
16 17
16 18
16 122
16 23
16 75
16 104
16 76
16 105
16 24
16 77
16 26
16 28
16 123
16 108
16 109
16 124
16 82
16 34
16 35
16 36
16 37
16 38
16 39
16 127
16 41
16 43
16 125
16 44
16 47
16 50
16 87
16 88
16 90
16 54
16 55
16 117
16 91
16 57
16 93
16 118
16 59
16 96
16 112
16 62
16 63
16 119
16 64
16 67
16 25
16 20
17 67
17 98
17 68
17 69
17 70
17 71
17 72
17 99
17 114
17 101
17 73
17 121
17 102
17 74
17 126
17 19
17 20
17 103
17 22
17 122
17 23
17 75
17 104
17 105
17 77
17 78
17 29
17 107
17 115
17 108
17 109
17 124
17 33
17 35
17 37
17 39
17 41
17 43
17 44
17 45
17 47
17 85
17 48
17 49
17 50
17 87
17 51
17 88
17 89
17 53
17 90
17 56
17 117
17 57
17 93
17 94
17 95
17 60
17 112
17 61
17 62
17 63
17 97
17 119
18 67
18 68
18 71
18 113
18 100
18 114
18 121
18 102
18 74
18 20
18 21
18 75
18 24
18 106
18 78
18 80
18 29
18 109
18 32
18 33
18 34
18 36
18 83
18 37
18 38
18 40
18 41
18 42
18 110
18 44
18 116
18 47
18 48
18 50
18 86
18 90
18 54
18 56
18 117
18 57
18 93
18 118
18 94
18 95
18 112
18 61
18 62
18 63
18 97
18 65
19 68
19 71
19 99
19 114
19 101
19 121
19 74
19 21
19 22
19 23
19 75
19 77
19 79
19 25
19 26
19 27
19 80
19 29
19 107
19 30
19 31
19 108
19 83
19 84
19 39
19 42
19 43
19 110
19 44
19 116
19 45
19 46
19 48
19 86
19 87
19 52
19 88
19 89
19 90
19 54
19 111
19 55
19 56
19 117
19 91
19 57
19 93
19 118
19 59
19 96
19 112
19 62
19 63
20 68
20 69
20 72
20 113
20 100
20 73
20 121
20 74
20 21
20 22
20 23
20 75
20 76
20 105
20 24
20 106
20 78
20 79
20 26
20 27
20 28
20 80
20 107
20 123
20 31
20 115
20 81
20 109
20 124
20 32
20 36
20 84
20 40
20 127
20 42
20 125
20 47
20 50
20 87
20 51
20 89
20 56
20 91
20 92
20 62
20 64
20 65
20 44
20 119
20 102
20 37
20 67
20 25
20 93
20 38
21 67
21 98
21 69
21 70
21 99
21 101
21 102
21 74
21 126
21 103
21 22
21 105
21 24
21 77
21 78
21 79
21 27
21 123
21 31
21 35
21 36
21 38
21 39
21 40
21 42
21 43
21 110
21 125
21 116
21 46
21 47
21 85
21 49
21 86
21 51
21 89
21 55
21 56
21 117
21 95
21 61
21 62
21 63
21 64
21 65
21 119
22 66
22 67
22 120
22 69
22 70
22 71
22 113
22 101
22 73
22 126
22 103
22 122
22 75
22 76
22 24
22 78
22 80
22 29
22 107
22 123
22 30
22 31
22 81
22 33
22 82
22 37
22 39
22 127
22 41
22 116
22 45
22 46
22 47
22 49
22 50
22 86
22 87
22 51
22 88
22 89
22 53
22 54
22 56
22 117
22 91
22 93
22 94
22 95
22 59
22 96
22 61
22 63
22 97
22 64
22 65
22 119
23 120
23 99
23 100
23 73
23 102
23 74
23 103
23 75
23 104
23 105
23 106
23 79
23 26
23 28
23 107
23 123
23 31
23 115
23 108
23 109
23 124
23 33
23 82
23 34
23 83
23 37
23 84
23 41
23 125
23 48
23 50
23 86
23 54
23 111
23 55
23 117
23 57
23 92
23 118
23 94
23 95
23 59
23 61
23 63
23 97
23 64
24 67
24 98
24 120
24 69
24 70
24 71
24 72
24 114
24 101
24 102
24 103
24 76
24 106
24 78
24 79
24 25
24 26
24 27
24 29
24 123
24 30
24 31
24 115
24 108
24 81
24 109
24 32
24 34
24 36
24 83
24 37
24 39
24 40
24 127
24 41
24 42
24 44
24 45
24 47
24 48
24 87
24 51
24 88
24 89
24 53
24 90
24 54
24 111
24 55
24 56
24 117
24 91
24 57
24 93
24 118
24 94
24 95
24 58
24 59
24 96
24 61
24 62
24 97
24 65
24 119
24 64
24 50
24 38
25 66
25 98
25 69
25 72
25 114
25 102
25 74
25 75
25 105
25 78
25 26
25 29
25 123
25 115
25 109
25 124
25 32
25 34
25 83
25 38
25 84
25 40
25 127
25 44
25 47
25 48
25 49
25 50
25 87
25 54
25 55
25 56
25 117
25 91
25 118
25 58
25 96
25 112
25 65
25 119
25 76
25 37
25 62
25 64
25 67
25 93
26 66
26 98
26 70
26 71
26 72
26 100
26 114
26 101
26 102
26 126
26 122
26 78
26 30
26 108
26 124
26 32
26 33
26 82
26 34
26 35
26 84
26 42
26 110
26 125
26 44
26 116
26 45
26 48
26 86
26 87
26 52
26 54
26 111
26 117
26 94
26 95
26 59
26 60
26 96
26 63
26 97
26 65
26 119
27 66
27 67
27 68
27 69
27 70
27 71
27 72
27 99
27 113
27 114
27 101
27 73
27 121
27 122
27 76
27 105
27 106
27 77
27 78
27 28
27 123
27 31
27 115
27 108
27 81
27 82
27 37
27 38
27 40
27 127
27 41
27 42
27 43
27 110
27 125
27 44
27 116
27 45
27 46
27 85
27 48
27 50
27 86
27 51
27 89
27 53
27 111
27 55
27 91
27 93
27 94
27 95
27 59
27 60
27 112
27 61
27 62
27 63
27 65
27 119
28 66
28 120
28 71
28 113
28 100
28 114
28 101
28 73
28 102
28 126
28 122
28 75
28 105
28 77
28 80
28 107
28 123
28 115
28 108
28 81
28 32
28 33
28 82
28 36
28 83
28 84
28 40
28 41
28 43
28 110
28 116
28 86
28 87
28 52
28 89
28 53
28 90
28 111
28 55
28 56
28 92
28 93
28 95
28 58
28 59
28 60
28 112
28 62
28 63
28 65
28 119
29 66
29 67
29 98
29 68
29 69
29 70
29 72
29 113
29 114
29 102
29 126
29 122
29 105
29 106
29 79
29 30
29 31
29 108
29 109
29 124
29 32
29 33
29 36
29 83
29 37
29 38
29 40
29 127
29 43
29 110
29 125
29 46
29 47
29 85
29 48
29 49
29 86
29 87
29 51
29 89
29 54
29 111
29 55
29 117
29 91
29 57
29 92
29 94
29 59
29 96
29 62
29 97
29 119
30 66
30 98
30 120
30 68
30 69
30 72
30 113
30 100
30 73
30 126
30 75
30 104
30 105
30 106
30 77
30 78
30 80
30 107
30 81
30 109
30 124
30 32
30 82
30 34
30 35
30 36
30 83
30 38
30 127
30 42
30 43
30 116
30 45
30 85
30 49
30 54
30 111
30 55
30 57
30 92
30 93
30 94
30 95
30 58
30 59
30 60
30 96
30 112
30 62
30 64
30 65
31 66
31 98
31 120
31 69
31 70
31 72
31 73
31 121
31 102
31 75
31 104
31 105
31 78
31 80
31 123
31 81
31 109
31 124
31 33
31 82
31 34
31 83
31 39
31 127
31 41
31 42
31 110
31 45
31 46
31 85
31 49
31 50
31 87
31 89
31 55
31 56
31 117
31 118
31 59
31 60
31 96
31 61
31 97
31 64
31 119
32 66
32 120
32 70
32 71
32 72
32 113
32 121
32 103
32 75
32 104
32 76
32 106
32 78
32 79
32 107
32 115
32 109
32 124
32 33
32 82
32 39
32 40
32 127
32 42
32 43
32 125
32 46
32 87
32 51
32 88
32 89
32 55
32 117
32 92
32 93
32 95
32 59
32 60
32 96
32 112
32 63
32 97
32 64
33 66
33 98
33 68
33 71
33 100
33 126
33 104
33 76
33 105
33 80
33 123
33 115
33 81
33 109
33 124
33 34
33 83
33 38
33 84
33 40
33 41
33 110
33 125
33 44
33 45
33 46
33 47
33 85
33 48
33 49
33 86
33 51
33 52
33 53
33 90
33 111
33 56
33 117
33 91
33 57
33 60
33 96
33 112
33 62
33 64
34 66
34 98
34 120
34 69
34 70
34 71
34 99
34 113
34 73
34 121
34 74
34 103
34 122
34 104
34 77
34 79
34 80
34 81
34 82
34 35
34 37
34 84
34 39
34 127
34 43
34 110
34 125
34 44
34 85
34 49
34 50
34 86
34 87
34 52
34 88
34 53
34 90
34 111
34 91
34 92
34 93
34 94
34 58
34 60
34 61
34 63
34 97
34 65
34 119
35 98
35 68
35 69
35 70
35 71
35 72
35 99
35 100
35 101
35 121
35 126
35 103
35 75
35 104
35 76
35 77
35 107
35 115
35 81
35 109
35 124
35 82
35 36
35 37
35 38
35 39
35 127
35 41
35 43
35 125
35 116
35 46
35 48
35 50
35 86
35 87
35 88
35 53
35 111
35 55
35 56
35 117
35 91
35 118
35 95
35 59
35 60
35 96
35 112
35 63
35 64
35 65
36 98
36 69
36 71
36 100
36 73
36 121
36 102
36 74
36 126
36 75
36 104
36 106
36 78
36 80
36 123
36 115
36 83
36 37
36 84
36 42
36 43
36 125
36 44
36 116
36 46
36 47
36 48
36 49
36 86
36 88
36 53
36 90
36 92
36 93
36 118
36 94
36 58
36 59
36 112
36 63
36 97
36 65
36 119
37 66
37 67
37 68
37 69
37 71
37 72
37 102
37 74
37 126
37 76
37 105
37 78
37 123
37 115
37 108
37 81
37 109
37 124
37 82
37 83
37 38
37 84
37 39
37 40
37 127
37 42
37 110
37 44
37 45
37 47
37 48
37 86
37 51
37 52
37 56
37 117
37 91
37 93
37 94
37 58
37 96
37 62
37 65
37 119
37 64
37 50
38 66
38 98
38 69
38 71
38 114
38 101
38 77
38 79
38 107
38 108
38 109
38 84
38 39
38 42
38 125
38 44
38 116
38 45
38 85
38 50
38 86
38 52
38 90
38 111
38 56
38 93
38 94
38 58
38 96
38 112
38 62
38 63
38 64
38 65
38 119
38 102
38 47
38 76
38 127
38 67
39 67
39 68
39 70
39 71
39 72
39 113
39 100
39 121
39 126
39 122
39 76
39 77
39 79
39 123
39 115
39 81
39 40
39 127
39 41
39 42
39 110
39 125
39 44
39 45
39 46
39 47
39 48
39 86
39 87
39 51
39 52
39 54
39 111
39 55
39 56
39 91
39 57
39 92
39 93
39 118
39 94
39 95
39 96
39 112
39 63
39 97
39 65
40 67
40 70
40 71
40 100
40 121
40 74
40 126
40 122
40 76
40 105
40 106
40 79
40 80
40 107
40 108
40 124
40 82
40 83
40 41
40 125
40 116
40 47
40 49
40 86
40 89
40 53
40 90
40 54
40 111
40 55
40 117
40 91
40 57
40 92
40 95
40 59
40 96
40 112
40 63
40 97
40 64
40 119
41 67
41 98
41 120
41 68
41 69
41 71
41 99
41 100
41 101
41 121
41 126
41 75
41 104
41 105
41 77
41 80
41 107
41 123
41 124
41 82
41 83
41 127
41 42
41 43
41 110
41 44
41 116
41 86
41 87
41 51
41 53
41 90
41 111
41 56
41 117
41 92
41 94
41 96
41 112
41 61
41 62
41 63
41 97
41 119
42 98
42 120
42 68
42 70
42 71
42 72
42 100
42 114
42 74
42 103
42 75
42 104
42 105
42 79
42 80
42 107
42 123
42 115
42 108
42 81
42 109
42 124
42 82
42 127
42 125
42 85
42 49
42 88
42 89
42 90
42 54
42 111
42 55
42 93
42 118
42 94
42 59
42 60
42 96
42 63
42 97
42 119
43 98
43 120
43 69
43 99
43 113
43 100
43 101
43 121
43 74
43 78
43 79
43 107
43 123
43 115
43 108
43 81
43 124
43 82
43 84
43 110
43 47
43 85
43 49
43 88
43 90
43 55
43 56
43 117
43 91
43 118
43 94
43 58
43 60
43 96
43 61
43 62
43 63
43 65
43 119
44 66
44 67
44 120
44 69
44 70
44 72
44 99
44 113
44 114
44 101
44 121
44 102
44 74
44 126
44 103
44 75
44 104
44 76
44 77
44 123
44 81
44 109
44 83
44 110
44 125
44 116
44 46
44 47
44 85
44 50
44 86
44 51
44 88
44 89
44 90
44 54
44 111
44 117
44 91
44 57
44 92
44 93
44 94
44 95
44 58
44 59
44 60
44 96
44 112
44 61
44 62
44 63
44 64
44 65
44 119
44 127
45 120
45 70
45 100
45 114
45 101
45 74
45 75
45 76
45 105
45 77
45 79
45 80
45 115
45 109
45 82
45 83
45 127
45 110
45 125
45 116
45 47
45 85
45 48
45 86
45 52
45 88
45 89
45 53
45 54
45 111
45 117
45 92
45 93
45 94
45 58
45 63
45 97
46 98
46 69
46 70
46 71
46 72
46 100
46 101
46 73
46 121
46 102
46 74
46 122
46 75
46 104
46 105
46 77
46 124
46 127
46 125
46 47
46 48
46 49
46 86
46 87
46 51
46 52
46 90
46 91
46 92
46 93
46 94
46 95
46 58
46 59
46 112
46 62
46 97
46 64
46 119
47 120
47 68
47 72
47 99
47 100
47 114
47 101
47 73
47 121
47 102
47 74
47 126
47 103
47 122
47 76
47 106
47 77
47 78
47 80
47 107
47 123
47 108
47 109
47 124
47 83
47 127
47 49
47 50
47 87
47 51
47 53
47 90
47 111
47 56
47 92
47 93
47 95
47 60
47 62
47 63
47 119
47 64
47 69
47 67
48 67
48 120
48 68
48 70
48 71
48 100
48 101
48 126
48 122
48 104
48 76
48 106
48 77
48 78
48 81
48 124
48 82
48 83
48 127
48 125
48 85
48 86
48 87
48 52
48 88
48 89
48 90
48 54
48 56
48 91
48 57
48 92
48 93
48 95
48 61
48 63
48 64
48 119
49 66
49 98
49 120
49 68
49 69
49 71
49 100
49 101
49 74
49 103
49 76
49 105
49 106
49 77
49 78
49 80
49 124
49 110
49 125
49 116
49 85
49 86
49 87
49 89
49 53
49 111
49 55
49 56
49 117
49 57
49 95
49 60
49 62
49 63
49 64
50 98
50 120
50 68
50 71
50 99
50 113
50 100
50 114
50 73
50 121
50 102
50 74
50 103
50 75
50 104
50 78
50 79
50 80
50 107
50 81
50 124
50 82
50 127
50 85
50 90
50 54
50 111
50 55
50 57
50 118
50 58
50 59
50 96
50 112
50 62
50 63
50 65
50 119
50 109
50 76
50 64
50 69
50 67
50 93
51 66
51 98
51 70
51 72
51 99
51 113
51 100
51 101
51 74
51 126
51 122
51 75
51 76
51 79
51 80
51 107
51 115
51 109
51 84
51 110
51 116
51 86
51 87
51 52
51 89
51 53
51 90
51 111
51 55
51 117
51 92
51 93
51 118
51 94
51 95
51 58
51 59
51 60
51 112
51 64
51 65
51 119
52 67
52 98
52 120
52 70
52 72
52 113
52 101
52 73
52 121
52 74
52 75
52 104
52 77
52 79
52 123
52 115
52 108
52 81
52 109
52 124
52 82
52 110
52 86
52 87
52 89
52 53
52 90
52 54
52 93
52 95
52 58
52 60
52 96
52 112
52 61
52 63
52 64
52 119
53 66
53 68
53 70
53 71
53 72
53 113
53 100
53 102
53 74
53 126
53 75
53 104
53 105
53 106
53 77
53 78
53 79
53 107
53 123
53 115
53 108
53 82
53 83
53 84
53 110
53 125
53 88
53 89
53 90
53 54
53 56
53 117
53 92
53 94
53 112
53 63
53 64
53 65
54 67
54 120
54 68
54 69
54 100
54 114
54 101
54 121
54 74
54 126
54 103
54 122
54 104
54 76
54 105
54 106
54 77
54 80
54 123
54 109
54 83
54 110
54 125
54 116
54 86
54 88
54 90
54 111
54 55
54 92
54 93
54 95
54 58
54 96
54 112
54 61
54 63
54 64
55 67
55 98
55 71
55 114
55 104
55 76
55 106
55 78
55 79
55 80
55 108
55 81
55 109
55 124
55 125
55 116
55 85
55 86
55 87
55 88
55 111
55 56
55 93
55 118
55 94
55 95
55 59
55 61
55 62
55 97
55 64
55 65
56 67
56 68
56 70
56 71
56 121
56 102
56 103
56 75
56 104
56 106
56 78
56 79
56 107
56 123
56 108
56 81
56 124
56 82
56 110
56 86
56 87
56 89
56 117
56 57
56 93
56 118
56 95
56 58
56 61
56 62
56 119
57 98
57 68
57 69
57 99
57 113
57 100
57 101
57 73
57 126
57 103
57 122
57 105
57 106
57 77
57 79
57 107
57 123
57 108
57 81
57 83
57 84
57 125
57 87
57 89
57 90
57 92
57 93
57 95
57 96
57 112
57 62
57 63
58 66
58 70
58 99
58 100
58 114
58 101
58 73
58 121
58 102
58 74
58 126
58 122
58 76
58 106
58 78
58 107
58 123
58 115
58 108
58 124
58 82
58 84
58 127
58 110
58 125
58 87
58 88
58 111
58 92
58 94
58 61
58 62
58 63
58 97
58 65
59 67
59 98
59 69
59 70
59 71
59 72
59 114
59 73
59 121
59 102
59 126
59 103
59 105
59 78
59 79
59 81
59 109
59 124
59 82
59 84
59 110
59 86
59 88
59 90
59 111
59 117
59 92
59 118
59 95
59 60
59 61
59 63
59 64
59 119
60 66
60 98
60 120
60 69
60 70
60 99
60 100
60 114
60 102
60 74
60 103
60 104
60 77
60 79
60 115
60 108
60 81
60 82
60 83
60 127
60 116
60 86
60 87
60 88
60 89
60 111
60 117
60 91
60 92
60 93
60 118
60 96
60 112
60 61
60 62
60 97
60 65
61 66
61 68
61 72
61 99
61 113
61 100
61 114
61 101
61 73
61 102
61 126
61 122
61 75
61 104
61 76
61 105
61 107
61 115
61 81
61 82
61 83
61 84
61 110
61 88
61 111
61 117
61 91
61 92
61 93
61 118
61 96
61 112
61 64
61 65
62 67
62 68
62 69
62 71
62 99
62 100
62 101
62 73
62 102
62 74
62 76
62 105
62 77
62 79
62 115
62 108
62 109
62 82
62 84
62 110
62 116
62 85
62 86
62 87
62 88
62 89
62 117
62 91
62 118
62 97
62 64
62 119
62 127
62 93
63 67
63 120
63 68
63 69
63 72
63 101
63 73
63 121
63 102
63 74
63 122
63 76
63 105
63 79
63 107
63 123
63 108
63 109
63 124
63 82
63 83
63 84
63 127
63 110
63 116
63 85
63 86
63 89
63 90
63 111
63 117
63 92
63 118
63 96
63 97
64 120
64 68
64 69
64 71
64 99
64 113
64 100
64 74
64 126
64 103
64 122
64 104
64 76
64 80
64 107
64 81
64 109
64 124
64 83
64 84
64 110
64 125
64 87
64 90
64 111
64 97
64 119
64 102
64 127
64 67
64 93
65 66
65 120
65 69
65 70
65 71
65 72
65 113
65 100
65 114
65 101
65 121
65 102
65 75
65 104
65 76
65 105
65 106
65 78
65 79
65 80
65 124
65 82
65 83
65 127
65 86
65 89
65 90
65 111
65 91
65 93
65 94
65 97
66 120
66 68
66 71
66 99
66 114
66 101
66 73
66 121
66 74
66 122
66 75
66 76
66 106
66 77
66 80
66 107
66 115
66 108
66 109
66 124
66 84
66 127
66 87
66 88
66 89
66 111
66 93
66 118
66 95
66 97
67 120
67 99
67 114
67 101
67 73
67 121
67 122
67 75
67 76
67 77
67 80
67 108
67 109
67 127
67 88
67 89
67 111
67 95
67 97
67 69
67 72
67 100
67 126
67 103
67 105
67 79
67 116
67 85
67 90
67 112
67 119
67 102
67 93
68 120
68 98
68 70
68 72
68 99
68 113
68 73
68 103
68 104
68 76
68 105
68 77
68 78
68 79
68 80
68 107
68 115
68 81
68 109
68 124
68 82
68 116
68 87
68 88
68 90
68 111
68 92
68 93
68 112
68 119
69 114
69 121
69 122
69 76
69 80
69 107
69 84
69 111
69 118
69 95
69 97
69 70
69 113
69 100
69 104
69 123
69 81
69 82
69 83
69 125
69 85
69 86
69 90
69 117
69 112
69 119
69 109
69 102
69 127
69 93
70 99
70 114
70 101
70 73
70 75
70 76
70 106
70 80
70 115
70 108
70 109
70 124
70 127
70 87
70 88
70 118
70 97
70 100
70 105
70 116
70 112
70 119
70 81
70 125
70 102
70 78
70 82
70 86
70 117
70 91
71 120
71 72
71 99
71 113
71 100
71 114
71 102
71 74
71 126
71 75
71 105
71 106
71 79
71 80
71 108
71 124
71 82
71 110
71 116
71 86
71 87
71 90
71 111
71 117
71 91
71 95
71 96
71 97
71 119
72 101
72 73
72 121
72 74
72 122
72 75
72 76
72 107
72 88
72 89
72 118
72 95
72 97
72 100
72 126
72 104
72 78
72 123
72 81
72 125
72 116
72 85
72 91
72 92
72 96
73 120
73 101
73 98
73 100
73 121
73 102
73 126
73 103
73 75
73 104
73 105
73 77
73 79
73 80
73 107
73 123
73 81
73 124
73 83
73 127
73 110
73 125
73 85
73 86
73 87
73 117
73 92
73 95
73 96
73 97
73 119
74 114
74 101
74 121
74 126
74 122
74 75
74 105
74 78
74 80
74 107
74 123
74 115
74 81
74 124
74 110
74 116
74 85
74 86
74 90
74 111
74 91
74 94
74 95
74 96
74 112
74 119
75 120
75 99
75 114
75 98
75 113
75 100
75 126
75 106
75 78
75 79
75 107
75 123
75 115
75 108
75 81
75 109
75 82
75 83
75 84
75 110
75 125
75 85
75 86
75 88
75 117
75 91
75 92
75 94
75 95
75 96
75 97
75 119
76 120
76 99
76 100
76 102
76 126
76 105
76 106
76 77
76 78
76 108
76 81
76 109
76 124
76 82
76 127
76 125
76 116
76 86
76 88
76 111
76 91
76 93
76 94
76 112
76 97
76 119
77 120
77 114
77 122
77 98
77 113
77 100
77 126
77 103
77 104
77 79
77 80
77 108
77 81
77 124
77 84
77 116
77 89
77 90
77 111
77 92
77 93
77 112
77 119
78 99
78 101
78 121
78 122
78 107
78 84
78 88
78 89
78 118
78 95
78 97
78 103
78 79
78 116
78 90
78 119
78 104
78 123
78 83
78 110
78 125
78 94
78 96
78 102
78 91
79 101
79 121
79 122
79 80
79 107
79 108
79 109
79 127
79 89
79 93
79 118
79 95
79 97
79 100
79 105
79 102
79 123
79 110
79 116
79 90
79 91
79 92
79 94
80 99
80 114
80 98
80 113
80 100
80 102
80 126
80 103
80 105
80 123
80 115
80 81
80 109
80 124
80 82
80 83
80 125
80 116
80 85
80 89
80 92
80 118
80 94
80 119
81 114
81 101
81 121
81 122
81 107
81 115
81 108
81 109
81 84
81 127
81 87
81 111
81 118
81 95
81 97
81 100
81 126
81 103
81 105
81 119
81 98
81 104
81 83
81 110
81 125
81 117
81 91
82 101
82 121
82 106
82 107
82 108
82 124
82 84
82 127
82 87
82 88
82 89
82 111
82 118
82 97
82 100
82 126
82 103
82 85
82 90
82 112
82 110
82 125
82 94
82 96
82 117
82 91
83 120
83 99
83 114
83 121
83 106
83 107
83 115
83 84
83 87
83 88
83 89
83 111
83 97
83 116
83 85
83 90
83 112
83 98
83 104
83 123
83 113
83 110
83 96
84 120
84 99
84 114
84 107
84 115
84 100
84 127
84 110
84 125
84 116
84 85
84 87
84 88
84 111
84 117
84 92
84 93
84 118
84 94
84 96
84 97
85 99
85 106
85 107
85 108
85 127
85 89
85 111
85 95
85 97
85 100
85 103
85 98
85 102
85 104
85 125
85 86
85 117
85 91
85 112
86 99
86 114
86 101
86 106
86 107
86 109
86 124
86 88
86 93
86 97
86 100
86 103
86 105
86 116
86 104
86 102
86 117
86 91
86 92
87 99
87 101
87 106
87 108
87 109
87 124
87 113
87 100
87 126
87 103
87 104
87 125
87 116
87 88
87 111
87 118
87 95
87 96
87 97
88 120
88 99
88 121
88 104
88 110
88 89
88 117
88 92
88 118
88 94
88 97
88 119
89 99
89 114
89 101
89 121
89 107
89 115
89 108
89 109
89 127
89 113
89 102
89 104
89 105
89 125
89 90
89 91
89 92
89 118
89 112
89 119
90 99
90 114
90 106
90 107
90 108
90 124
90 127
90 118
90 95
90 97
90 116
90 98
90 113
90 123
90 125
90 91
90 92
90 94
90 119
91 120
91 114
91 121
91 106
91 115
91 118
91 100
91 103
91 119
91 104
91 123
91 110
91 125
91 96
91 102
91 117
91 92
92 120
92 114
92 101
92 122
92 106
92 107
92 109
92 124
92 127
92 111
92 118
92 100
92 103
92 105
92 123
92 110
92 125
92 94
92 96
92 113
92 102
92 117
93 99
93 114
93 108
93 109
93 111
93 113
93 100
93 102
93 126
93 103
93 110
93 125
93 116
93 117
93 96
93 97
93 119
93 127
94 120
94 114
94 115
94 108
94 109
94 124
94 95
94 105
94 116
94 112
94 98
94 110
94 117
94 96
95 114
95 106
95 107
95 109
95 127
95 111
95 118
95 113
95 100
95 104
95 117
95 96
95 97
95 119
96 120
96 99
96 114
96 101
96 121
96 122
96 107
96 115
96 124
96 111
96 118
96 103
96 116
96 112
96 119
96 98
96 104
96 123
96 110
96 113
97 114
97 121
97 122
97 106
97 108
97 109
97 118
97 113
97 100
97 102
97 110
97 116
97 119
98 120
98 106
98 109
98 127
98 111
98 118
98 100
98 126
98 103
98 105
98 116
98 119
98 104
98 123
98 110
98 125
99 121
99 102
99 126
99 105
99 106
99 107
99 115
99 124
99 117
99 118
100 114
100 101
100 121
100 122
100 106
100 115
100 108
100 109
100 127
100 113
100 102
100 110
100 112
100 119
101 121
101 102
101 126
101 103
101 105
101 107
101 123
101 109
101 124
101 110
101 125
101 119
102 114
102 121
102 122
102 108
102 109
102 127
102 126
102 105
102 112
102 119
102 104
102 123
102 113
103 121
103 122
103 108
103 109
103 124
103 127
103 113
103 123
103 110
103 125
103 117
103 119
104 120
104 115
104 108
104 124
104 111
104 126
104 116
104 112
104 119
104 113
104 123
104 125
104 117
105 120
105 121
105 122
105 107
105 108
105 109
105 124
105 113
105 123
105 110
105 117
105 119
106 120
106 122
106 123
106 115
106 108
106 109
106 124
106 127
106 110
106 116
106 117
107 114
107 122
107 113
107 123
107 109
107 124
107 127
107 125
107 116
107 118
107 112
107 119
108 122
108 113
108 126
108 109
108 124
108 127
108 117
108 112
109 114
109 121
109 122
109 113
109 123
109 124
109 127
109 110
109 125
109 116
109 117
109 119
110 122
110 115
110 127
110 111
110 118
110 126
110 116
110 119
110 123
110 113
110 117
111 120
111 115
111 124
111 116
111 118
111 112
111 119
112 122
112 115
112 124
112 127
112 118
112 126
112 116
112 125
112 117
113 122
113 119
113 117
114 120
114 121
114 122
114 123
114 124
114 116
114 118
114 119
115 120
115 126
115 124
116 122
116 126
116 117
116 119
117 121
117 122
117 127
117 118
117 126
118 120
118 122
118 127
118 126
118 123
118 119
119 122
119 127
119 123
119 125
120 126
120 122
120 124
121 126
122 123
123 124
123 126
124 126
124 127
125 126
126 127
