0 1
0 2
0 3
0 4
0 5
0 6
0 7
0 8
0 9
0 10
0 11
0 12
0 13
0 14
0 15
0 16
0 17
0 18
0 19
0 20
0 21
0 22
0 23
0 24
0 25
0 26
0 27
0 28
0 29
0 30
0 31
0 32
0 33
0 34
0 35
0 36
0 37
0 38
0 39
0 40
0 41
0 42
0 43
0 44
0 45
0 46
0 47
0 48
0 49
0 50
0 51
0 52
1 53
1 2
1 3
1 54
1 55
1 56
1 57
1 5
1 6
1 58
1 59
1 60
1 61
1 62
1 8
1 10
1 11
1 63
1 64
1 12
1 65
1 13
1 14
1 66
1 16
1 17
1 67
1 18
1 68
1 69
1 20
1 21
1 22
1 70
1 25
1 71
1 72
1 26
1 28
1 73
1 29
1 30
1 31
1 74
1 75
1 76
1 77
1 78
1 33
1 79
1 35
1 80
1 36
1 81
1 82
1 83
1 37
1 38
1 84
1 85
1 86
1 87
1 40
1 88
1 89
1 90
1 44
1 91
1 92
1 47
1 48
1 93
1 94
1 51
1 52
2 95
2 4
2 56
2 96
2 6
2 59
2 61
2 9
2 10
2 64
2 12
2 66
2 15
2 17
2 67
2 18
2 97
2 19
2 20
2 22
2 98
2 23
2 99
2 24
2 25
2 71
2 26
2 100
2 28
2 74
2 75
2 76
2 77
2 32
2 78
2 79
2 34
2 101
2 80
2 82
2 83
2 38
2 102
2 103
2 84
2 104
2 87
2 105
2 41
2 88
2 89
2 42
2 90
2 92
2 106
2 47
2 107
2 48
2 108
2 93
2 49
2 50
2 51
2 52
2 113
2 119
2 111
2 115
2 120
3 109
3 95
3 53
3 110
3 54
3 57
3 111
3 96
3 5
3 6
3 7
3 62
3 8
3 11
3 63
3 12
3 13
3 66
3 112
3 15
3 16
3 17
3 67
3 113
3 19
3 98
3 23
3 99
3 70
3 25
3 71
3 72
3 26
3 100
3 28
3 73
3 114
3 115
3 30
3 31
3 74
3 76
3 32
3 33
3 36
3 81
3 83
3 116
3 37
3 38
3 102
3 84
3 86
3 87
3 39
3 40
3 41
3 88
3 89
3 90
3 45
3 46
3 91
3 92
3 47
3 117
3 50
3 51
3 52
4 109
4 53
4 55
4 57
4 96
4 59
4 65
4 118
4 14
4 112
4 15
4 119
4 19
4 69
4 22
4 23
4 70
4 72
4 26
4 100
4 29
4 76
4 32
4 78
4 79
4 35
4 36
4 81
4 82
4 37
4 38
4 102
4 84
4 85
4 87
4 105
4 39
4 40
4 45
4 91
4 92
4 120
4 106
4 47
4 107
4 108
4 117
4 50
4 52
4 12
4 99
4 10
4 71
4 80
4 28
4 113
4 83
4 101
4 111
4 115
4 9
5 109
5 53
5 56
5 111
5 58
5 59
5 60
5 7
5 61
5 63
5 118
5 66
5 112
5 17
5 113
5 119
5 68
5 69
5 21
5 23
5 70
5 24
5 25
5 71
5 72
5 28
5 30
5 31
5 74
5 78
5 79
5 35
5 121
5 36
5 82
5 83
5 116
5 85
5 86
5 87
5 105
5 39
5 88
5 42
5 43
5 90
5 44
5 46
5 91
5 106
5 108
5 49
5 94
5 117
5 50
5 51
6 122
6 55
6 56
6 57
6 111
6 59
6 61
6 123
6 9
6 11
6 63
6 64
6 124
6 14
6 15
6 16
6 67
6 113
6 18
6 119
6 68
6 20
6 21
6 22
6 98
6 23
6 99
6 24
6 25
6 71
6 27
6 73
6 29
6 114
6 30
6 75
6 77
6 33
6 34
6 101
6 35
6 36
6 81
6 116
6 37
6 38
6 84
6 85
6 86
6 87
6 40
6 88
6 43
6 125
6 44
6 45
6 91
6 126
6 47
6 107
6 48
6 108
6 93
6 94
6 50
7 53
7 122
7 56
7 96
7 59
7 60
7 61
7 62
7 8
7 9
7 11
7 63
7 64
7 118
7 14
7 66
7 15
7 17
7 67
7 97
7 68
7 69
7 20
7 22
7 98
7 99
7 70
7 25
7 26
7 28
7 29
7 114
7 30
7 75
7 32
7 34
7 80
7 36
7 83
7 37
7 38
7 102
7 84
7 85
7 104
7 105
7 40
7 41
7 88
7 89
7 44
7 45
7 126
7 106
7 48
7 49
7 94
7 51
7 52
8 109
8 95
8 110
8 54
8 122
8 55
8 57
8 111
8 96
8 60
8 61
8 62
8 9
8 11
8 63
8 12
8 65
8 13
8 15
8 113
8 119
8 68
8 69
8 23
8 99
8 71
8 100
8 28
8 73
8 114
8 31
8 74
8 75
8 33
8 79
8 34
8 101
8 121
8 83
8 102
8 103
8 85
8 86
8 40
8 41
8 88
8 89
8 42
8 90
8 125
8 44
8 106
8 47
8 107
8 48
8 108
8 127
8 93
9 110
9 54
9 122
9 55
9 57
9 96
9 58
9 59
9 60
9 61
9 62
9 123
9 63
9 64
9 12
9 118
9 66
9 112
9 119
9 20
9 22
9 23
9 99
9 70
9 25
9 71
9 100
9 28
9 30
9 75
9 76
9 79
9 121
9 116
9 37
9 38
9 103
9 85
9 86
9 104
9 89
9 44
9 108
9 127
9 94
9 117
9 10
9 26
9 15
9 92
9 80
9 113
9 83
9 101
9 111
9 115
9 120
10 109
10 95
10 53
10 122
10 57
10 59
10 61
10 62
10 11
10 63
10 64
10 12
10 14
10 66
10 15
10 17
10 113
10 68
10 98
10 23
10 99
10 70
10 24
10 71
10 72
10 26
10 28
10 114
10 115
10 30
10 31
10 75
10 76
10 77
10 32
10 78
10 33
10 79
10 34
10 101
10 35
10 121
10 80
10 81
10 82
10 83
10 116
10 38
10 103
10 84
10 85
10 86
10 104
10 41
10 88
10 42
10 44
10 45
10 46
10 92
10 120
10 106
10 47
10 108
10 52
10 119
10 111
11 95
11 53
11 110
11 56
11 59
11 60
11 62
11 63
11 12
11 118
11 14
11 66
11 112
11 15
11 17
11 18
11 119
11 97
11 68
11 69
11 22
11 98
11 24
11 71
11 26
11 100
11 28
11 73
11 29
11 114
11 32
11 78
11 33
11 121
11 36
11 83
11 37
11 38
11 102
11 103
11 86
11 87
11 105
11 40
11 41
11 88
11 42
11 46
11 91
11 108
11 127
11 93
11 49
11 51
11 52
12 109
12 53
12 110
12 56
12 111
12 96
12 58
12 61
12 62
12 64
12 124
12 66
12 112
12 15
12 16
12 113
12 18
12 119
12 97
12 68
12 21
12 23
12 99
12 70
12 24
12 71
12 26
12 27
12 28
12 29
12 31
12 74
12 75
12 76
12 77
12 32
12 78
12 33
12 34
12 35
12 121
12 80
12 81
12 82
12 116
12 37
12 102
12 86
12 104
12 87
12 39
12 40
12 88
12 89
12 125
12 92
12 106
12 107
12 48
12 108
12 127
12 93
12 49
12 117
12 50
12 51
12 52
12 83
12 101
12 115
12 120
13 110
13 54
13 122
13 56
13 57
13 111
13 96
13 60
13 62
13 64
13 118
13 66
13 112
13 16
13 17
13 67
13 18
13 97
13 68
13 19
13 20
13 99
13 70
13 24
13 72
13 26
13 27
13 73
13 29
13 114
13 31
13 75
13 77
13 78
13 121
13 81
13 116
13 103
13 86
13 87
13 39
13 40
13 41
13 44
13 45
13 106
13 107
13 48
13 127
13 49
13 117
14 109
14 95
14 55
14 56
14 58
14 62
14 123
14 124
14 66
14 16
14 18
14 68
14 69
14 22
14 23
14 99
14 24
14 25
14 71
14 26
14 29
14 114
14 30
14 31
14 34
14 121
14 80
14 81
14 82
14 83
14 116
14 37
14 38
14 84
14 86
14 104
14 87
14 105
14 40
14 41
14 44
14 45
14 126
14 107
14 108
14 127
14 117
14 50
14 51
14 52
15 53
15 110
15 54
15 56
15 96
15 59
15 61
15 123
15 124
15 16
15 17
15 67
15 113
15 119
15 97
15 68
15 19
15 69
15 21
15 98
15 23
15 99
15 24
15 71
15 72
15 26
15 28
15 73
15 29
15 30
15 31
15 76
15 78
15 33
15 79
15 34
15 80
15 38
15 86
15 104
15 87
15 40
15 42
15 43
15 90
15 125
15 45
15 92
15 48
15 108
15 127
15 93
15 49
15 51
15 83
15 101
15 111
15 115
15 120
16 95
16 110
16 122
16 57
16 111
16 58
16 59
16 123
16 63
16 64
16 124
16 118
16 66
16 17
16 113
16 18
16 19
16 22
16 98
16 23
16 24
16 71
16 72
16 73
16 114
16 31
16 75
16 76
16 77
16 32
16 78
16 33
16 79
16 35
16 80
16 82
16 83
16 37
16 102
16 86
16 104
16 105
16 39
16 88
16 89
16 42
16 125
16 45
16 126
16 107
16 48
16 49
16 51
17 122
17 56
17 96
17 60
17 61
17 123
17 63
17 118
17 66
17 112
17 113
17 18
17 97
17 69
17 21
17 22
17 23
17 24
17 25
17 72
17 100
17 73
17 29
17 114
17 115
17 30
17 31
17 75
17 77
17 32
17 78
17 101
17 35
17 121
17 36
17 81
17 116
17 38
17 102
17 84
17 86
17 104
17 87
17 40
17 88
17 42
17 43
17 90
17 44
17 47
17 108
17 117
17 50
17 51
18 109
18 95
18 53
18 56
18 57
18 111
18 59
18 62
18 63
18 64
18 124
18 65
18 118
18 112
18 67
18 113
18 119
18 69
18 21
18 22
18 70
18 25
18 71
18 72
18 26
18 28
18 73
18 114
18 30
18 76
18 77
18 32
18 33
18 79
18 34
18 35
18 121
18 36
18 82
18 38
18 85
18 86
18 104
18 105
18 40
18 41
18 88
18 89
18 125
18 45
18 46
18 126
18 120
18 106
18 48
18 127
18 94
18 117
18 51
19 109
19 95
19 53
19 54
19 122
19 56
19 111
19 96
19 58
19 60
19 61
19 62
19 64
19 65
19 118
19 66
19 112
19 113
19 20
19 21
19 22
19 98
19 99
19 70
19 24
19 71
19 27
19 28
19 73
19 114
19 74
19 75
19 78
19 79
19 34
19 101
19 121
19 80
19 36
19 81
19 83
19 38
19 102
19 84
19 86
19 105
19 39
19 40
19 41
19 89
19 42
19 46
19 91
19 92
19 120
19 106
19 48
19 93
19 50
20 109
20 95
20 110
20 96
20 58
20 59
20 61
20 64
20 66
20 113
20 68
20 69
20 21
20 70
20 24
20 25
20 72
20 26
20 28
20 29
20 114
20 31
20 75
20 34
20 101
20 121
20 80
20 36
20 102
20 84
20 85
20 87
20 105
20 40
20 41
20 43
20 44
20 91
20 92
20 120
20 47
20 94
20 50
20 52
21 109
21 95
21 53
21 110
21 122
21 55
21 56
21 57
21 111
21 59
21 61
21 63
21 112
21 67
21 113
21 119
21 97
21 68
21 22
21 98
21 23
21 99
21 24
21 25
21 71
21 72
21 27
21 100
21 73
21 30
21 77
21 32
21 78
21 33
21 79
21 35
21 83
21 116
21 37
21 103
21 86
21 104
21 41
21 89
21 90
21 44
21 45
21 91
21 120
21 107
21 48
21 49
21 50
21 51
21 52
22 53
22 54
22 56
22 111
22 96
22 60
22 61
22 123
22 64
22 124
22 67
22 68
22 98
22 99
22 70
22 24
22 25
22 72
22 27
22 28
22 73
22 114
22 115
22 30
22 74
22 75
22 76
22 77
22 33
22 34
22 35
22 121
22 80
22 81
22 37
22 84
22 105
22 41
22 88
22 89
22 42
22 44
22 45
22 91
22 126
22 92
22 120
22 106
22 47
22 94
22 117
22 50
23 109
23 53
23 110
23 54
23 55
23 57
23 96
23 58
23 59
23 123
23 63
23 64
23 65
23 118
23 66
23 67
23 113
23 119
23 97
23 68
23 69
23 99
23 24
23 26
23 100
23 29
23 114
23 115
23 30
23 31
23 77
23 32
23 33
23 79
23 34
23 81
23 116
23 102
23 103
23 86
23 41
23 89
23 42
23 43
23 90
23 44
23 45
23 92
23 120
23 93
23 117
23 51
23 71
23 80
23 28
23 83
23 101
23 111
24 95
24 53
24 58
24 62
24 123
24 124
24 118
24 66
24 112
24 67
24 97
24 98
24 70
24 25
24 28
24 73
24 29
24 30
24 74
24 75
24 79
24 35
24 80
24 83
24 116
24 37
24 38
24 86
24 104
24 87
24 105
24 40
24 89
24 90
24 125
24 44
24 91
24 92
24 106
24 47
24 48
24 108
24 127
24 93
24 94
24 117
24 50
25 95
25 54
25 111
25 96
25 58
25 59
25 61
25 124
25 118
25 112
25 97
25 99
25 70
25 71
25 100
25 114
25 31
25 32
25 78
25 36
25 81
25 83
25 116
25 102
25 84
25 86
25 104
25 39
25 41
25 42
25 90
25 45
25 46
25 91
25 92
25 48
25 108
25 127
25 93
25 117
26 109
26 110
26 122
26 55
26 111
26 96
26 60
26 62
26 64
26 124
26 65
26 66
26 67
26 113
26 119
26 69
26 99
26 71
26 27
26 28
26 73
26 29
26 30
26 31
26 76
26 32
26 34
26 121
26 80
26 36
26 83
26 38
26 103
26 84
26 104
26 39
26 88
26 89
26 42
26 43
26 90
26 45
26 46
26 91
26 126
26 92
26 120
26 107
26 48
26 108
26 49
26 117
26 50
26 101
26 115
27 53
27 54
27 122
27 111
27 96
27 58
27 60
27 61
27 62
27 123
27 64
27 124
27 118
27 113
27 68
27 69
27 99
27 70
27 72
27 100
27 28
27 31
27 75
27 76
27 32
27 33
27 79
27 121
27 83
27 37
27 38
27 103
27 84
27 86
27 104
27 87
27 105
27 40
27 89
27 46
27 126
27 107
27 127
27 50
27 52
28 109
28 95
28 53
28 54
28 122
28 55
28 56
28 111
28 58
28 60
28 61
28 123
28 63
28 118
28 67
28 113
28 97
28 69
28 99
28 70
28 71
28 72
28 114
28 115
28 30
28 31
28 74
28 75
28 76
28 77
28 33
28 121
28 80
28 36
28 81
28 83
28 38
28 103
28 86
28 40
28 41
28 43
28 90
28 44
28 45
28 92
28 106
28 48
28 108
28 127
28 93
28 49
28 94
28 50
28 101
28 119
28 120
29 109
29 53
29 110
29 54
29 55
29 56
29 58
29 60
29 61
29 62
29 123
29 64
29 124
29 118
29 66
29 119
29 97
29 69
29 99
29 72
29 100
29 73
29 114
29 115
29 30
29 31
29 74
29 75
29 76
29 77
29 32
29 101
29 35
29 121
29 80
29 82
29 83
29 116
29 37
29 103
29 104
29 39
29 88
29 89
29 42
29 45
29 46
29 120
29 48
29 108
29 127
29 93
29 49
29 117
29 50
29 51
29 52
30 95
30 53
30 110
30 54
30 122
30 56
30 57
30 96
30 59
30 62
30 123
30 63
30 64
30 118
30 67
30 97
30 71
30 73
30 114
30 31
30 75
30 76
30 77
30 32
30 78
30 34
30 80
30 82
30 116
30 38
30 102
30 103
30 84
30 86
30 104
30 105
30 88
30 89
30 90
30 125
30 44
30 91
30 92
30 106
30 47
30 48
30 108
30 127
30 93
30 94
30 117
30 52
31 109
31 95
31 110
31 54
31 122
31 57
31 60
31 62
31 123
31 64
31 124
31 65
31 118
31 112
31 113
31 97
31 68
31 69
31 99
31 71
31 73
31 75
31 76
31 32
31 34
31 35
31 121
31 80
31 36
31 82
31 83
31 116
31 38
31 102
31 103
31 84
31 85
31 87
31 105
31 39
31 89
31 46
31 91
31 126
31 47
31 107
31 108
31 127
31 93
31 49
31 94
31 51
31 52
32 109
32 53
32 54
32 122
32 55
32 56
32 111
32 59
32 61
32 62
32 63
32 64
32 65
32 66
32 97
32 99
32 70
32 100
32 73
32 114
32 115
32 75
32 76
32 77
32 78
32 79
32 34
32 35
32 116
32 37
32 103
32 84
32 85
32 104
32 105
32 39
32 43
32 90
32 44
32 46
32 91
32 106
32 107
32 127
32 94
32 50
33 110
33 122
33 55
33 56
33 57
33 96
33 59
33 62
33 124
33 66
33 67
33 113
33 97
33 68
33 69
33 99
33 70
33 72
33 100
33 115
33 74
33 75
33 78
33 79
33 35
33 80
33 81
33 82
33 83
33 37
33 38
33 102
33 84
33 85
33 86
33 39
33 40
33 88
33 43
33 90
33 44
33 46
33 126
33 92
33 106
33 47
33 48
33 127
33 49
33 50
33 51
34 53
34 122
34 55
34 56
34 58
34 59
34 61
34 63
34 124
34 118
34 67
34 113
34 97
34 98
34 99
34 70
34 114
34 74
34 77
34 79
34 80
34 36
34 81
34 82
34 102
34 84
34 85
34 86
34 105
34 41
34 88
34 89
34 125
34 45
34 91
34 92
34 107
34 108
34 127
34 93
34 94
34 117
34 51
34 52
35 110
35 54
35 122
35 55
35 60
35 62
35 64
35 118
35 66
35 112
35 67
35 113
35 119
35 97
35 69
35 98
35 99
35 71
35 100
35 114
35 115
35 78
35 79
35 121
35 36
35 82
35 83
35 116
35 37
35 102
35 84
35 105
35 39
35 41
35 89
35 42
35 43
35 126
35 92
35 106
35 107
35 48
35 108
35 93
35 94
35 117
35 50
35 51
35 52
36 109
36 122
36 56
36 57
36 96
36 58
36 123
36 63
36 124
36 65
36 66
36 112
36 119
36 97
36 69
36 98
36 99
36 100
36 78
36 79
36 121
36 80
36 81
36 82
36 116
36 37
36 38
36 103
36 84
36 85
36 87
36 105
36 40
36 88
36 89
36 125
36 44
36 91
36 126
36 92
36 47
36 127
36 49
36 94
36 117
36 51
36 52
37 95
37 53
37 110
37 54
37 55
37 56
37 111
37 96
37 58
37 62
37 124
37 118
37 112
37 67
37 119
37 68
37 99
37 71
37 100
37 73
37 75
37 76
37 77
37 78
37 101
37 81
37 83
37 116
37 102
37 84
37 86
37 104
37 87
37 41
37 88
37 89
37 42
37 43
37 90
37 44
37 91
37 92
37 120
37 107
37 48
37 127
37 93
37 49
37 50
37 51
38 95
38 110
38 54
38 59
38 61
38 123
38 64
38 124
38 118
38 66
38 113
38 97
38 70
38 72
38 74
38 76
38 77
38 121
38 81
38 82
38 83
38 102
38 103
38 84
38 105
38 40
38 89
38 42
38 125
38 91
38 126
38 48
38 93
38 49
38 94
38 117
38 50
38 51
39 95
39 53
39 110
39 54
39 56
39 58
39 59
39 60
39 62
39 124
39 65
39 118
39 66
39 67
39 97
39 68
39 69
39 98
39 70
39 71
39 73
39 79
39 101
39 85
39 104
39 87
39 40
39 41
39 88
39 42
39 43
39 90
39 44
39 46
39 106
39 47
39 107
39 48
39 108
39 93
39 49
39 94
39 117
39 51
39 52
40 109
40 95
40 53
40 110
40 56
40 57
40 111
40 96
40 61
40 62
40 64
40 124
40 65
40 112
40 113
40 97
40 70
40 100
40 115
40 74
40 75
40 79
40 121
40 81
40 82
40 102
40 84
40 86
40 87
40 42
40 43
40 90
40 45
40 91
40 120
40 106
40 47
40 107
40 127
40 49
40 52
41 53
41 54
41 96
41 58
41 59
41 61
41 63
41 124
41 65
41 66
41 112
41 113
41 119
41 97
41 68
41 72
41 100
41 114
41 75
41 78
41 101
41 121
41 81
41 82
41 83
41 116
41 102
41 84
41 86
41 87
41 105
41 42
41 43
41 90
41 45
41 126
41 92
41 106
41 49
41 94
41 50
42 53
42 122
42 56
42 57
42 96
42 60
42 123
42 66
42 112
42 97
42 98
42 73
42 115
42 74
42 76
42 79
42 101
42 80
42 81
42 84
42 86
42 105
42 89
42 125
42 44
42 46
42 91
42 92
42 120
42 106
42 107
42 108
42 127
42 94
42 117
42 50
43 109
43 55
43 57
43 96
43 58
43 62
43 123
43 64
43 65
43 118
43 66
43 67
43 68
43 69
43 99
43 70
43 71
43 72
43 100
43 114
43 75
43 76
43 77
43 78
43 81
43 82
43 83
43 103
43 86
43 87
43 105
43 88
43 89
43 125
43 45
43 46
43 126
43 92
43 120
43 106
43 49
43 94
43 117
43 50
43 51
43 52
44 95
44 53
44 54
44 96
44 58
44 61
44 62
44 123
44 112
44 67
44 113
44 119
44 68
44 99
44 70
44 72
44 74
44 75
44 76
44 78
44 79
44 80
44 81
44 83
44 116
44 103
44 84
44 88
44 89
44 90
44 46
44 120
44 47
44 107
44 108
44 127
44 49
44 94
44 117
44 51
45 110
45 122
45 57
45 58
45 60
45 61
45 63
45 65
45 113
45 68
45 98
45 99
45 114
45 75
45 121
45 102
45 84
45 86
45 104
45 87
45 105
45 89
45 90
45 46
45 92
45 108
45 127
45 49
45 94
45 50
45 51
46 53
46 62
46 124
46 65
46 67
46 119
46 97
46 68
46 69
46 99
46 70
46 73
46 115
46 74
46 75
46 78
46 81
46 103
46 85
46 86
46 87
46 105
46 89
46 125
46 91
46 126
46 106
46 47
46 107
46 48
46 108
46 49
46 117
46 50
46 51
47 95
47 54
47 57
47 111
47 61
47 62
47 65
47 112
47 67
47 113
47 119
47 97
47 69
47 70
47 72
47 100
47 74
47 75
47 76
47 78
47 80
47 81
47 83
47 102
47 103
47 87
47 89
47 90
47 125
47 91
47 126
47 92
47 120
47 49
47 94
48 109
48 95
48 110
48 54
48 122
48 55
48 56
48 57
48 58
48 59
48 60
48 61
48 62
48 63
48 118
48 66
48 112
48 97
48 68
48 69
48 70
48 71
48 72
48 73
48 114
48 75
48 76
48 77
48 79
48 81
48 82
48 116
48 104
48 89
48 125
48 91
48 126
48 92
48 120
48 107
48 94
48 50
48 52
49 110
49 122
49 55
49 58
49 59
49 60
49 62
49 123
49 64
49 124
49 65
49 112
49 119
49 97
49 68
49 70
49 100
49 73
49 74
49 76
49 78
49 79
49 80
49 82
49 83
49 103
49 86
49 104
49 88
49 90
49 92
49 120
49 107
49 108
49 94
49 117
49 50
50 53
50 122
50 55
50 56
50 57
50 58
50 61
50 123
50 63
50 64
50 65
50 118
50 66
50 67
50 119
50 70
50 71
50 100
50 114
50 115
50 76
50 78
50 101
50 121
50 82
50 102
50 84
50 85
50 86
50 104
50 105
50 106
50 127
50 94
51 109
51 95
51 122
51 55
51 57
51 111
51 59
51 123
51 63
51 64
51 124
51 118
51 66
51 112
51 97
51 99
51 70
51 73
51 75
51 77
51 78
51 79
51 82
51 83
51 102
51 103
51 87
51 88
51 89
51 90
51 125
51 91
51 92
51 107
51 93
51 117
52 109
52 95
52 53
52 122
52 56
52 111
52 96
52 58
52 59
52 61
52 123
52 63
52 124
52 66
52 112
52 67
52 119
52 69
52 70
52 71
52 100
52 76
52 77
52 101
52 121
52 80
52 81
52 82
52 116
52 103
52 84
52 85
52 104
52 87
52 126
52 92
52 120
52 106
52 107
52 127
52 93
53 109
53 95
53 56
53 57
53 111
53 58
53 60
53 61
53 123
53 66
53 112
53 113
53 119
53 69
53 100
53 114
53 74
53 78
53 79
53 101
53 81
53 82
53 102
53 103
53 84
53 85
53 86
53 104
53 87
53 88
53 125
53 91
53 126
53 108
53 127
53 93
53 94
53 117
54 109
54 55
54 57
54 111
54 58
54 61
54 62
54 123
54 124
54 118
54 66
54 112
54 67
54 113
54 119
54 97
54 69
54 98
54 99
54 70
54 71
54 72
54 114
54 74
54 76
54 78
54 79
54 121
54 81
54 82
54 83
54 102
54 84
54 104
54 88
54 89
54 90
54 120
54 107
54 93
54 94
55 95
55 59
55 61
55 123
55 64
55 113
55 68
55 114
55 104
55 88
55 126
55 92
55 93
55 117
55 122
55 57
55 111
55 62
55 124
55 65
55 118
55 112
55 119
55 99
55 71
55 72
55 100
55 115
55 78
55 81
55 103
55 84
55 85
55 86
55 87
55 89
55 125
55 107
55 94
56 109
56 110
56 96
56 59
56 60
56 61
56 62
56 123
56 63
56 64
56 112
56 67
56 119
56 69
56 98
56 72
56 115
56 74
56 76
56 77
56 79
56 80
56 81
56 82
56 103
56 105
56 126
56 92
56 106
56 127
56 117
57 95
57 96
57 63
57 64
57 113
57 114
57 83
57 105
57 91
57 92
57 120
57 122
57 111
57 60
57 62
57 124
57 118
57 67
57 97
57 99
57 70
57 71
57 72
57 100
57 115
57 74
57 76
57 78
57 79
57 121
57 82
57 116
57 103
57 125
57 127
58 109
58 110
58 59
58 62
58 65
58 118
58 66
58 67
58 119
58 68
58 69
58 99
58 72
58 100
58 114
58 74
58 75
58 79
58 82
58 84
58 86
58 104
58 87
58 105
58 90
58 125
58 92
58 107
58 108
58 93
58 94
58 117
59 109
59 95
59 122
59 60
59 61
59 63
59 118
59 113
59 119
59 68
59 69
59 98
59 99
59 70
59 72
59 75
59 76
59 79
59 121
59 80
59 82
59 116
59 102
59 103
59 86
59 105
59 88
59 90
59 120
59 106
59 107
59 108
59 94
60 61
60 113
60 114
60 83
60 105
60 88
60 126
60 92
60 108
60 93
60 117
60 110
60 122
60 111
60 62
60 124
60 65
60 118
60 98
60 70
60 71
60 100
60 115
60 74
60 76
60 121
60 116
60 102
61 109
61 96
61 111
61 62
61 124
61 65
61 66
61 112
61 119
61 68
61 70
61 71
61 100
61 74
61 76
61 79
61 101
61 81
61 116
61 102
61 103
61 104
61 105
61 89
61 125
61 91
61 126
61 92
61 106
61 127
61 93
61 94
62 96
62 63
62 64
62 68
62 69
62 101
62 83
62 104
62 105
62 88
62 90
62 108
62 93
62 122
62 111
62 65
62 119
62 99
62 70
62 72
62 115
62 75
62 79
62 121
62 82
62 116
62 84
62 86
62 89
62 127
63 109
63 95
63 123
63 122
63 118
63 66
63 112
63 119
63 97
63 98
63 100
63 115
63 74
63 76
63 121
63 81
63 82
63 83
63 116
63 103
63 85
63 88
63 125
63 126
63 92
63 120
63 108
63 93
63 94
63 117
64 109
64 95
64 96
64 122
64 65
64 118
64 112
64 67
64 113
64 97
64 68
64 69
64 98
64 99
64 70
64 71
64 73
64 114
64 115
64 76
64 77
64 80
64 83
64 102
64 103
64 104
64 87
64 105
64 88
64 90
64 125
64 91
64 126
64 120
64 106
64 107
64 108
64 127
64 93
64 117
65 66
65 77
65 104
65 91
65 126
65 92
65 93
65 117
65 110
65 124
65 118
65 67
65 98
65 72
65 100
65 75
65 78
65 79
65 121
65 80
65 81
65 116
65 103
65 84
65 89
65 127
65 94
66 109
66 123
66 124
66 113
66 97
66 99
66 71
66 73
66 114
66 74
66 75
66 77
66 78
66 79
66 83
66 102
66 103
66 84
66 104
66 87
66 90
66 126
66 108
66 93
66 117
67 95
67 123
67 68
67 69
67 114
67 77
67 104
67 88
67 90
67 126
67 92
67 120
67 110
67 122
67 118
67 72
67 100
67 76
67 79
67 121
67 81
67 116
67 85
67 86
67 89
67 106
68 109
68 96
68 123
68 111
68 124
68 69
68 99
68 71
68 115
68 74
68 76
68 79
68 101
68 116
68 102
68 103
68 84
68 104
68 125
68 126
68 92
68 108
68 127
68 93
68 94
69 109
69 95
69 118
69 112
69 99
69 70
69 71
69 73
69 114
69 74
69 75
69 76
69 77
69 79
69 80
69 81
69 82
69 83
69 116
69 84
69 85
69 86
69 87
69 88
69 90
69 125
69 91
69 106
69 108
69 94
70 96
70 123
70 113
70 73
70 101
70 83
70 104
70 105
70 90
70 120
70 117
70 110
70 112
70 97
70 71
70 72
70 78
70 79
70 82
70 102
70 103
70 84
70 89
70 107
70 94
71 73
71 104
71 91
71 92
71 108
71 93
71 117
71 122
71 111
71 118
71 119
71 98
71 99
71 100
71 74
71 80
71 103
71 84
71 85
71 86
71 107
71 94
71 113
71 83
71 101
71 115
71 120
72 95
72 113
72 73
72 91
72 92
72 108
72 93
72 110
72 122
72 118
72 112
72 97
72 100
72 115
72 75
72 78
72 121
72 82
72 116
72 102
72 85
72 127
72 94
73 109
73 95
73 112
73 98
73 100
73 75
73 76
73 101
73 121
73 82
73 103
73 84
73 86
73 87
73 105
73 89
73 91
73 120
73 127
74 95
74 123
74 113
74 83
74 104
74 88
74 126
74 120
74 108
74 117
74 110
74 112
74 119
74 98
74 99
74 100
74 75
74 81
74 116
74 102
74 103
74 87
74 89
74 106
74 127
75 96
75 114
75 101
75 104
75 105
75 126
75 92
75 111
75 124
75 112
75 97
75 99
75 79
75 80
75 82
75 102
75 103
75 84
75 85
75 127
75 94
76 96
76 123
76 113
76 114
76 77
76 88
76 90
76 91
76 120
76 117
76 118
76 98
76 99
76 100
76 115
76 78
76 79
76 80
76 103
76 84
76 86
76 87
76 89
76 107
76 94
77 109
77 96
77 111
77 124
77 112
77 99
77 121
77 80
77 81
77 82
77 116
77 103
77 84
77 85
77 104
77 88
77 89
77 91
77 92
77 120
77 106
77 108
77 127
77 94
78 95
78 96
78 123
78 114
78 88
78 126
78 92
78 108
78 117
78 110
78 118
78 100
78 121
78 80
78 81
78 82
78 103
78 84
78 86
78 87
78 127
78 94
79 96
79 113
79 114
79 101
79 83
79 126
79 120
79 108
79 93
79 117
79 111
79 119
79 98
79 99
79 100
79 115
79 121
79 82
79 103
79 84
79 87
79 107
79 127
80 95
80 123
80 88
80 90
80 91
80 92
80 93
80 117
80 110
80 122
80 111
80 118
80 112
80 97
80 98
80 99
80 115
80 82
80 116
80 84
80 85
80 86
80 87
80 125
80 106
80 127
80 94
80 113
80 83
80 101
80 119
80 120
81 96
81 123
81 83
81 104
81 105
81 90
81 91
81 126
81 92
81 108
81 93
81 117
81 110
81 122
81 124
81 112
81 119
81 100
81 115
81 121
81 103
81 84
81 87
81 106
81 127
82 95
82 123
82 113
82 105
82 88
82 92
82 108
82 93
82 110
82 118
82 112
82 97
82 99
82 121
82 103
82 84
82 85
82 86
82 89
82 106
82 107
83 109
83 96
83 113
83 114
83 110
83 124
83 118
83 119
83 98
83 99
83 100
83 116
83 85
83 90
83 125
83 91
83 106
83 127
83 117
83 92
83 101
83 111
83 115
83 120
84 96
84 123
84 101
84 104
84 105
84 88
84 90
84 126
84 93
84 117
84 111
84 124
84 118
84 112
84 97
84 98
84 99
84 121
84 116
84 102
84 85
84 87
84 106
84 107
84 94
85 95
85 105
85 88
85 90
85 108
85 93
85 111
85 124
85 112
85 100
85 121
85 116
85 103
85 86
85 107
85 94
86 95
86 104
86 88
86 126
86 92
86 93
86 111
86 124
86 119
86 98
86 99
86 115
86 116
86 103
86 87
86 89
86 106
86 127
86 94
87 95
87 113
87 114
87 104
87 90
87 91
87 92
87 93
87 117
87 110
87 122
87 111
87 112
87 97
87 99
87 115
87 102
87 103
87 106
87 107
87 127
88 109
88 95
88 96
88 123
88 113
88 101
88 105
88 122
88 124
88 119
88 97
88 100
88 115
88 121
88 116
88 102
88 90
88 126
88 107
88 108
88 94
89 95
89 96
89 123
89 114
89 101
89 104
89 105
89 126
89 92
89 120
89 108
89 122
89 124
89 97
89 98
89 115
89 106
89 107
90 109
90 95
90 96
90 114
90 104
90 105
90 110
90 122
90 112
90 119
90 115
90 121
90 126
90 120
90 106
90 107
90 127
90 93
90 117
91 109
91 95
91 113
91 101
91 110
91 124
91 118
91 98
91 100
91 115
91 108
91 127
91 94
91 117
92 109
92 96
92 114
92 104
92 105
92 126
92 122
92 118
92 112
92 97
92 98
92 99
92 100
92 121
92 103
92 125
92 120
92 106
92 107
92 127
92 113
92 101
92 119
92 111
92 115
93 109
93 95
93 123
93 105
93 126
93 120
93 111
93 112
93 119
93 97
93 103
93 125
93 94
93 117
94 96
94 113
94 105
94 120
94 110
94 111
94 124
94 112
94 99
94 115
94 121
94 125
94 107
95 109
95 122
95 96
95 123
95 119
95 97
95 98
95 99
95 100
95 114
95 101
95 121
95 102
95 104
95 105
95 125
95 126
95 120
95 107
96 109
96 122
96 111
96 123
96 124
96 113
96 119
96 98
96 114
96 121
96 116
96 104
96 105
96 126
96 120
96 106
96 108
96 117
97 120
97 117
97 122
97 111
97 118
97 112
97 99
97 115
97 125
97 107
98 123
98 104
98 105
98 126
98 108
98 117
98 119
98 124
98 112
98 100
98 125
98 107
98 127
99 123
99 113
99 101
99 104
99 126
99 120
99 108
99 122
99 119
99 110
99 111
99 124
99 100
99 115
99 121
99 125
99 106
99 107
99 127
100 123
100 114
100 101
100 120
100 117
100 119
100 110
100 111
100 124
100 121
100 116
100 103
100 125
101 109
101 110
101 111
101 119
101 125
101 120
101 108
101 117
101 113
101 115
102 113
102 114
102 104
102 105
102 126
102 108
102 117
102 119
102 110
102 115
102 116
102 103
102 107
102 127
103 123
103 114
103 105
103 120
103 108
103 117
103 125
103 112
103 110
103 118
103 116
103 106
103 127
104 109
104 123
104 122
104 115
104 105
104 126
105 109
105 111
105 112
105 115
105 121
105 116
105 126
105 120
105 106
105 107
105 127
105 117
106 113
106 119
106 125
106 111
106 112
106 127
106 124
106 115
107 123
107 113
107 114
107 126
107 120
107 119
107 121
107 125
107 110
107 124
107 112
107 115
107 116
107 127
108 109
108 123
108 120
108 122
108 118
108 125
108 127
109 123
109 113
109 114
109 126
109 120
109 117
110 123
110 113
110 120
110 117
110 122
110 121
110 125
110 124
110 118
110 115
111 113
111 114
111 126
111 117
111 122
111 119
111 124
111 115
111 120
112 123
112 114
112 126
112 125
112 124
112 118
113 122
113 124
113 118
113 114
113 115
113 116
113 125
113 119
113 120
114 122
114 124
114 118
114 121
114 120
114 127
114 117
115 123
115 126
115 120
115 121
115 125
115 127
115 116
115 119
116 123
116 126
116 120
116 122
116 119
116 125
116 124
117 126
117 118
117 121
118 126
118 120
119 126
119 124
119 125
119 127
119 120
120 126
120 122
120 124
120 121
120 125
120 127
121 123
121 126
121 124
122 126
122 124
122 125
123 124
124 126
124 125
124 127
