0 1
0 2
0 3
0 4
0 5
0 6
0 7
0 8
0 9
0 10
0 11
0 12
0 13
0 14
0 15
0 16
0 17
0 18
0 19
0 20
0 21
0 22
0 24
0 25
0 26
0 27
0 28
0 29
0 30
0 31
0 32
0 33
0 34
0 35
0 36
0 37
0 38
0 39
0 40
0 41
0 42
0 43
0 44
0 45
0 46
0 47
0 48
0 49
0 50
0 51
0 52
0 53
0 54
0 55
0 56
0 57
0 58
0 59
0 60
1 2
1 61
1 3
1 4
1 62
1 63
1 5
1 65
1 8
1 66
1 9
1 10
1 68
1 15
1 16
1 69
1 19
1 20
1 70
1 71
1 23
1 72
1 73
1 74
1 75
1 76
1 77
1 26
1 27
1 28
1 32
1 33
1 78
1 34
1 35
1 36
1 37
1 79
1 80
1 39
1 81
1 42
1 44
1 45
1 82
1 46
1 47
1 83
1 84
1 49
1 85
1 50
1 51
1 86
1 52
1 53
1 54
1 88
1 89
1 55
1 56
1 57
1 58
1 90
1 60
1 22
1 31
1 127
1 30
1 95
1 106
1 119
1 96
1 48
2 91
2 61
2 3
2 4
2 5
2 64
2 6
2 7
2 65
2 10
2 11
2 12
2 13
2 92
2 93
2 67
2 94
2 20
2 70
2 22
2 72
2 73
2 76
2 77
2 95
2 27
2 28
2 96
2 29
2 31
2 78
2 97
2 98
2 99
2 37
2 100
2 101
2 102
2 79
2 103
2 39
2 104
2 105
2 45
2 46
2 47
2 84
2 48
2 49
2 50
2 52
2 53
2 107
2 88
2 89
2 108
2 56
2 109
2 58
2 59
2 90
2 60
3 4
3 62
3 5
3 65
3 110
3 9
3 14
3 92
3 93
3 111
3 69
3 17
3 94
3 19
3 70
3 71
3 21
3 23
3 24
3 73
3 74
3 112
3 77
3 95
3 29
3 30
3 113
3 31
3 34
3 35
3 97
3 98
3 114
3 99
3 115
3 116
3 80
3 104
3 117
3 42
3 44
3 45
3 118
3 82
3 47
3 106
3 85
3 86
3 53
3 87
3 54
3 88
3 89
3 55
3 109
3 57
3 58
3 60
4 62
4 5
4 6
4 7
4 65
4 110
4 10
4 12
4 13
4 14
4 93
4 67
4 68
4 18
4 20
4 71
4 21
4 74
4 75
4 112
4 76
4 77
4 119
4 95
4 26
4 27
4 96
4 30
4 113
4 34
4 35
4 36
4 100
4 101
4 102
4 120
4 103
4 39
4 40
4 81
4 117
4 105
4 46
4 84
4 48
4 86
4 53
4 54
4 88
4 89
4 108
4 58
4 59
4 60
4 22
4 55
4 31
4 127
4 106
4 23
5 91
5 61
5 62
5 63
5 121
5 6
5 65
5 110
5 9
5 12
5 92
5 15
5 16
5 122
5 17
5 94
5 18
5 71
5 21
5 22
5 74
5 112
5 76
5 119
5 95
5 26
5 27
5 123
5 28
5 96
5 29
5 30
5 113
5 34
5 98
5 36
5 114
5 115
5 100
5 101
5 102
5 120
5 79
5 80
5 104
5 42
5 43
5 105
5 44
5 118
5 47
5 83
5 106
5 84
5 85
5 86
5 53
5 107
5 124
5 89
5 55
5 56
5 109
5 58
5 90
5 125
6 91
6 61
6 62
6 121
6 8
6 66
6 9
6 13
6 14
6 92
6 68
6 69
6 20
6 21
6 23
6 24
6 76
6 77
6 26
6 27
6 123
6 28
6 96
6 30
6 31
6 78
6 36
6 114
6 99
6 37
6 100
6 101
6 116
6 38
6 39
6 104
6 117
6 43
6 105
6 82
6 83
6 48
6 85
6 50
6 86
6 53
6 87
6 124
6 88
6 126
6 55
6 108
6 109
6 57
6 58
6 59
6 125
7 91
7 127
7 110
7 9
7 10
7 11
7 12
7 13
7 93
7 111
7 68
7 15
7 16
7 69
7 94
7 19
7 70
7 21
7 22
7 24
7 72
7 75
7 77
7 26
7 97
7 36
7 114
7 99
7 115
7 37
7 100
7 102
7 120
7 38
7 79
7 80
7 40
7 41
7 104
7 42
7 43
7 105
7 44
7 45
7 82
7 47
7 83
7 106
7 48
7 49
7 85
7 107
7 87
7 124
7 54
7 88
7 126
7 57
7 125
8 61
8 62
8 63
8 121
8 66
8 110
8 9
8 10
8 13
8 14
8 93
8 111
8 67
8 68
8 122
8 18
8 70
8 71
8 22
8 23
8 24
8 74
8 75
8 112
8 25
8 77
8 119
8 26
8 123
8 28
8 29
8 34
8 97
8 36
8 37
8 102
8 120
8 79
8 103
8 39
8 81
8 41
8 104
8 117
8 43
8 118
8 82
8 46
8 106
8 48
8 85
8 51
8 86
8 88
8 89
8 108
8 56
8 57
8 90
8 125
9 61
9 62
9 63
9 121
9 127
9 66
9 10
9 12
9 13
9 92
9 93
9 67
9 16
9 18
9 71
9 72
9 73
9 74
9 77
9 95
9 26
9 27
9 28
9 96
9 30
9 113
9 32
9 78
9 34
9 97
9 36
9 99
9 115
9 37
9 101
9 102
9 116
9 38
9 79
9 39
9 41
9 104
9 117
9 42
9 43
9 44
9 47
9 83
9 48
9 49
9 51
9 53
9 124
9 88
9 89
9 126
9 55
9 108
9 57
9 58
9 60
10 91
10 63
10 64
10 127
10 65
10 66
10 110
10 12
10 13
10 67
10 68
10 16
10 122
10 20
10 70
10 71
10 22
10 23
10 73
10 74
10 112
10 25
10 119
10 26
10 123
10 28
10 96
10 30
10 113
10 31
10 32
10 78
10 35
10 98
10 36
10 114
10 99
10 115
10 37
10 101
10 116
10 79
10 39
10 40
10 81
10 117
10 42
10 45
10 47
10 83
10 106
10 48
10 85
10 51
10 86
10 53
10 87
10 124
10 89
10 58
10 90
10 125
11 61
11 62
11 63
11 64
11 127
11 65
11 66
11 110
11 92
11 68
11 15
11 16
11 17
11 19
11 20
11 23
11 24
11 73
11 74
11 75
11 25
11 119
11 26
11 96
11 29
11 32
11 33
11 35
11 36
11 37
11 100
11 102
11 120
11 116
11 103
11 80
11 81
11 41
11 42
11 45
11 118
11 46
11 47
11 84
11 49
11 50
11 51
11 86
11 52
11 53
11 54
11 55
11 109
11 58
11 59
11 60
12 91
12 61
12 63
12 13
12 14
12 92
12 93
12 111
12 69
12 122
12 17
12 18
12 20
12 70
12 23
12 24
12 72
12 75
12 76
12 123
12 113
12 32
12 97
12 99
12 101
12 116
12 79
12 103
12 42
12 118
12 82
12 47
12 83
12 106
12 48
12 85
12 50
12 86
12 107
12 88
12 108
12 109
12 57
12 58
12 59
12 60
12 125
13 121
13 64
13 127
13 110
13 14
13 92
13 111
13 68
13 71
13 21
13 23
13 24
13 73
13 74
13 75
13 112
13 77
13 95
13 30
13 113
13 31
13 32
13 78
13 35
13 97
13 36
13 114
13 99
13 103
13 81
13 104
13 117
13 42
13 43
13 105
13 118
13 82
13 46
13 83
13 106
13 84
13 49
13 85
13 50
13 52
13 88
13 108
13 57
13 59
13 60
14 63
14 64
14 127
14 110
14 92
14 93
14 16
14 69
14 17
14 94
14 20
14 22
14 23
14 73
14 75
14 112
14 76
14 77
14 95
14 26
14 27
14 28
14 29
14 32
14 78
14 35
14 97
14 98
14 114
14 99
14 37
14 100
14 101
14 116
14 38
14 79
14 80
14 39
14 40
14 81
14 41
14 104
14 117
14 43
14 45
14 118
14 46
14 47
14 106
14 49
14 85
14 50
14 86
14 52
14 53
14 124
14 55
14 56
14 58
14 60
15 61
15 62
15 63
15 121
15 64
15 127
15 65
15 93
15 67
15 68
15 17
15 18
15 19
15 20
15 70
15 71
15 22
15 23
15 75
15 95
15 27
15 29
15 30
15 32
15 35
15 36
15 114
15 115
15 100
15 120
15 38
15 103
15 80
15 39
15 42
15 43
15 105
15 46
15 83
15 106
15 51
15 107
15 87
15 124
15 88
15 89
15 126
15 55
15 56
15 109
15 57
15 59
15 60
15 125
16 91
16 63
16 121
16 127
16 92
16 68
16 69
16 94
16 20
16 70
16 21
16 24
16 72
16 73
16 25
16 119
16 95
16 27
16 30
16 32
16 78
16 34
16 35
16 100
16 101
16 102
16 120
16 38
16 103
16 80
16 39
16 40
16 81
16 41
16 104
16 117
16 43
16 44
16 45
16 82
16 46
16 106
16 84
16 48
16 49
16 85
16 86
16 107
16 87
16 54
16 89
16 126
16 108
16 58
16 59
16 90
17 91
17 61
17 62
17 121
17 127
17 65
17 110
17 92
17 111
17 122
17 18
17 20
17 71
17 21
17 23
17 24
17 72
17 76
17 95
17 28
17 96
17 29
17 30
17 78
17 34
17 35
17 98
17 100
17 101
17 120
17 116
17 38
17 79
17 81
17 41
17 44
17 118
17 47
17 83
17 106
17 85
17 50
17 86
17 87
17 124
17 108
17 56
17 109
17 57
17 58
17 90
17 60
18 61
18 62
18 63
18 121
18 65
18 66
18 67
18 69
18 19
18 20
18 71
18 21
18 22
18 74
18 75
18 112
18 77
18 95
18 27
18 28
18 29
18 31
18 32
18 33
18 78
18 34
18 97
18 114
18 99
18 115
18 100
18 101
18 102
18 120
18 38
18 79
18 103
18 39
18 81
18 41
18 104
18 117
18 43
18 44
18 45
18 118
18 82
18 46
18 83
18 85
18 50
18 52
18 53
18 107
18 87
18 89
18 55
18 108
18 109
18 125
19 91
19 121
19 127
19 67
19 68
19 69
19 122
19 22
19 73
19 74
19 112
19 27
19 123
19 29
19 30
19 113
19 31
19 34
19 98
19 36
19 114
19 37
19 100
19 102
19 79
19 80
19 39
19 40
19 41
19 117
19 43
19 105
19 44
19 46
19 47
19 83
19 84
19 48
19 51
19 107
19 87
19 54
19 89
19 126
19 55
19 108
19 56
19 58
19 60
19 125
20 91
20 61
20 63
20 65
20 66
20 93
20 111
20 67
20 68
20 94
20 70
20 71
20 21
20 24
20 72
20 73
20 74
20 75
20 112
20 76
20 95
20 27
20 30
20 31
20 32
20 33
20 34
20 35
20 36
20 114
20 37
20 101
20 38
20 79
20 103
20 80
20 41
20 104
20 43
20 105
20 44
20 45
20 46
20 106
20 49
20 85
20 50
20 51
20 53
20 107
20 54
20 88
20 89
20 126
20 109
20 58
20 59
20 90
21 121
21 64
21 65
21 110
21 93
21 67
21 69
21 94
21 24
21 75
21 112
21 25
21 119
21 95
21 27
21 123
21 96
21 30
21 31
21 32
21 33
21 78
21 35
21 36
21 99
21 115
21 37
21 100
21 101
21 102
21 120
21 116
21 103
21 40
21 41
21 104
21 43
21 105
21 44
21 45
21 47
21 48
21 49
21 85
21 86
21 52
21 124
21 88
21 89
21 126
21 55
21 108
21 57
21 59
21 90
22 62
22 127
22 92
22 93
22 111
22 67
22 68
22 122
22 71
22 23
22 24
22 74
22 75
22 112
22 119
22 95
22 26
22 30
22 113
22 31
22 78
22 34
22 97
22 98
22 114
22 99
22 101
22 120
22 116
22 38
22 80
22 81
22 43
22 44
22 45
22 118
22 46
22 47
22 106
22 84
22 49
22 85
22 50
22 86
22 52
22 107
22 88
22 89
22 55
22 108
22 109
22 57
22 90
22 125
22 36
22 96
22 48
23 91
23 63
23 121
23 127
23 66
23 110
23 93
23 67
23 68
23 69
23 122
23 94
23 24
23 75
23 112
23 77
23 27
23 123
23 96
23 33
23 78
23 34
23 97
23 98
23 114
23 115
23 102
23 38
23 40
23 81
23 105
23 118
23 48
23 49
23 50
23 51
23 53
23 124
23 88
23 89
23 55
23 108
23 56
23 90
23 60
23 26
23 71
23 31
23 62
23 30
23 95
23 74
23 106
23 84
23 36
23 119
24 91
24 61
24 63
24 121
24 64
24 127
24 65
24 110
24 111
24 67
24 68
24 122
24 72
24 75
24 112
24 76
24 77
24 119
24 26
24 96
24 113
24 31
24 32
24 34
24 98
24 36
24 114
24 37
24 79
24 39
24 40
24 104
24 43
24 45
24 118
24 83
24 106
24 84
24 85
24 51
24 86
24 54
24 89
24 126
24 56
24 57
24 59
24 90
25 62
25 121
25 127
25 65
25 66
25 111
25 69
25 71
25 72
25 73
25 74
25 112
25 76
25 26
25 27
25 123
25 28
25 29
25 32
25 33
25 78
25 34
25 35
25 97
25 115
25 37
25 102
25 120
25 103
25 80
25 39
25 40
25 41
25 104
25 117
25 42
25 43
25 105
25 44
25 45
25 82
25 46
25 47
25 85
25 107
25 87
25 54
25 88
25 89
25 126
25 56
25 59
25 60
26 61
26 62
26 63
26 64
26 127
26 92
26 67
26 68
26 122
26 70
26 71
26 72
26 74
26 75
26 76
26 77
26 95
26 27
26 123
26 28
26 29
26 30
26 31
26 35
26 98
26 36
26 114
26 115
26 102
26 120
26 116
26 38
26 79
26 80
26 39
26 81
26 41
26 42
26 43
26 105
26 45
26 47
26 50
26 51
26 52
26 53
26 124
26 54
26 88
26 89
26 126
26 55
26 56
26 59
26 90
26 125
26 106
26 84
26 119
26 96
26 48
27 63
27 121
27 64
27 110
27 94
27 70
27 71
27 72
27 74
27 75
27 95
27 31
27 33
27 34
27 35
27 36
27 99
27 115
27 100
27 101
27 102
27 120
27 38
27 79
27 80
27 40
27 81
27 117
27 42
27 118
27 82
27 46
27 106
27 84
27 49
27 51
27 86
27 52
27 53
27 87
27 124
27 54
27 55
27 108
27 109
27 58
27 59
27 60
27 125
28 91
28 61
28 62
28 63
28 121
28 64
28 127
28 65
28 66
28 110
28 93
28 67
28 69
28 94
28 70
28 71
28 72
28 75
28 77
28 95
28 96
28 113
28 33
28 34
28 35
28 97
28 98
28 36
28 99
28 115
28 102
28 120
28 38
28 103
28 41
28 42
28 43
28 105
28 45
28 48
28 49
28 85
28 50
28 51
28 86
28 52
28 107
28 87
28 54
28 88
28 89
28 126
28 55
28 108
28 56
28 58
28 90
28 60
29 91
29 61
29 62
29 64
29 65
29 66
29 92
29 93
29 67
29 68
29 69
29 70
29 71
29 72
29 75
29 77
29 123
29 30
29 32
29 78
29 35
29 97
29 99
29 115
29 37
29 100
29 101
29 102
29 120
29 116
29 38
29 79
29 103
29 39
29 40
29 81
29 104
29 117
29 105
29 44
29 82
29 46
29 47
29 106
29 51
29 124
29 54
29 89
29 126
29 108
29 109
29 58
29 59
29 90
29 125
30 91
30 62
30 63
30 127
30 66
30 110
30 92
30 93
30 67
30 69
30 70
30 71
30 72
30 76
30 77
30 95
30 123
30 96
30 31
30 32
30 97
30 99
30 101
30 102
30 103
30 40
30 81
30 41
30 104
30 117
30 42
30 43
30 45
30 82
30 46
30 47
30 83
30 48
30 49
30 85
30 54
30 126
30 55
30 108
30 56
30 109
30 59
30 90
30 60
30 74
30 106
30 84
30 36
30 119
31 91
31 62
31 121
31 64
31 127
31 65
31 66
31 93
31 68
31 122
31 94
31 71
31 72
31 77
31 119
31 95
31 123
31 96
31 113
31 34
31 97
31 98
31 36
31 114
31 99
31 101
31 120
31 79
31 40
31 81
31 41
31 45
31 118
31 82
31 47
31 49
31 85
31 51
31 53
31 87
31 124
31 126
31 55
31 109
31 57
31 59
31 90
31 60
31 125
31 74
31 106
31 84
31 48
32 61
32 127
32 92
32 111
32 68
32 69
32 122
32 71
32 73
32 74
32 75
32 77
32 95
32 123
32 33
32 98
32 36
32 114
32 99
32 100
32 101
32 102
32 120
32 116
32 38
32 103
32 80
32 39
32 40
32 81
32 117
32 42
32 44
32 82
32 46
32 47
32 106
32 84
32 48
32 49
32 85
32 50
32 51
32 52
32 53
32 87
32 54
32 55
32 56
32 57
33 91
33 61
33 121
33 127
33 65
33 66
33 93
33 111
33 68
33 122
33 71
33 72
33 75
33 112
33 123
33 96
33 78
33 34
33 35
33 97
33 98
33 99
33 101
33 102
33 116
33 38
33 79
33 80
33 39
33 40
33 81
33 41
33 43
33 105
33 45
33 82
33 47
33 83
33 49
33 85
33 50
33 86
33 53
33 107
33 54
33 126
33 55
33 108
33 58
33 59
33 60
33 125
34 91
34 61
34 62
34 63
34 64
34 127
34 110
34 92
34 67
34 68
34 70
34 71
34 72
34 76
34 95
34 113
34 35
34 36
34 114
34 115
34 37
34 102
34 120
34 116
34 38
34 103
34 39
34 40
34 81
34 41
34 42
34 105
34 44
34 82
34 83
34 106
34 84
34 49
34 107
34 87
34 54
34 89
34 57
34 60
34 125
35 91
35 121
35 64
35 127
35 65
35 66
35 111
35 67
35 69
35 94
35 72
35 74
35 77
35 78
35 97
35 36
35 114
35 99
35 37
35 102
35 116
35 79
35 103
35 39
35 81
35 41
35 42
35 105
35 44
35 45
35 83
35 49
35 85
35 54
35 88
35 126
35 55
35 108
35 57
35 58
35 90
35 60
36 91
36 61
36 121
36 127
36 65
36 66
36 111
36 67
36 74
36 76
36 77
36 95
36 123
36 113
36 97
36 98
36 99
36 115
36 37
36 120
36 38
36 79
36 103
36 41
36 42
36 82
36 106
36 49
36 85
36 52
36 54
36 126
36 56
36 58
36 90
36 60
36 125
36 81
36 55
36 71
36 62
36 84
36 119
36 96
36 48
37 62
37 63
37 121
37 127
37 93
37 111
37 67
37 122
37 75
37 112
37 123
37 78
37 100
37 101
37 102
37 120
37 116
37 38
37 79
37 39
37 40
37 41
37 117
37 42
37 43
37 44
37 45
37 82
37 46
37 48
37 85
37 50
37 51
37 53
37 107
37 87
37 124
37 126
37 109
37 57
37 90
37 60
38 91
38 61
38 62
38 121
38 65
38 110
38 93
38 70
38 76
38 95
38 96
38 97
38 98
38 114
38 99
38 116
38 79
38 39
38 42
38 43
38 105
38 44
38 118
38 82
38 46
38 83
38 106
38 48
38 49
38 50
38 107
38 88
38 108
38 57
38 60
39 61
39 62
39 63
39 121
39 64
39 111
39 67
39 69
39 122
39 94
39 72
39 73
39 75
39 112
39 76
39 119
39 96
39 78
39 98
39 99
39 115
39 100
39 102
39 116
39 79
39 40
39 81
39 45
39 118
39 46
39 84
39 49
39 124
39 89
39 56
39 57
39 60
40 61
40 63
40 65
40 66
40 111
40 67
40 69
40 112
40 77
40 119
40 95
40 78
40 99
40 100
40 120
40 79
40 81
40 41
40 104
40 117
40 43
40 105
40 44
40 45
40 118
40 82
40 46
40 106
40 84
40 49
40 85
40 51
40 86
40 53
40 54
40 88
40 89
40 126
40 108
40 56
40 58
40 125
41 121
41 64
41 66
41 67
41 69
41 122
41 94
41 70
41 71
41 72
41 74
41 75
41 112
41 123
41 113
41 78
41 97
41 115
41 101
41 116
41 103
41 42
41 43
41 105
41 45
41 118
41 82
41 46
41 83
41 106
41 48
41 85
41 51
41 86
41 52
41 107
41 87
41 108
41 56
41 109
41 57
41 125
42 61
42 64
42 127
42 66
42 110
42 92
42 69
42 72
42 74
42 75
42 112
42 119
42 95
42 123
42 97
42 114
42 115
42 102
42 103
42 104
42 117
42 44
42 118
42 47
42 83
42 84
42 49
42 50
42 86
42 52
42 87
42 124
42 54
42 55
42 58
42 90
42 125
43 61
43 62
43 66
43 93
43 111
43 67
43 69
43 122
43 94
43 70
43 73
43 74
43 75
43 77
43 119
43 95
43 98
43 99
43 100
43 101
43 120
43 116
43 79
43 103
43 80
43 81
43 45
43 118
43 84
43 48
43 49
43 85
43 86
43 53
43 54
43 126
43 108
43 109
43 57
44 91
44 62
44 63
44 121
44 64
44 65
44 66
44 110
44 92
44 93
44 111
44 67
44 68
44 69
44 75
44 77
44 113
44 78
44 115
44 102
44 116
44 79
44 104
44 105
44 82
44 46
44 47
44 83
44 84
44 48
44 49
44 85
44 51
44 86
44 107
44 124
44 108
44 109
44 57
44 59
44 90
44 60
45 63
45 121
45 64
45 127
45 65
45 110
45 93
45 122
45 71
45 73
45 74
45 112
45 76
45 77
45 95
45 123
45 113
45 78
45 97
45 98
45 114
45 120
45 116
45 82
45 47
45 83
45 48
45 49
45 50
45 86
45 53
45 54
45 89
45 126
45 109
45 57
45 58
45 90
46 63
46 64
46 65
46 66
46 92
46 93
46 111
46 67
46 68
46 122
46 71
46 72
46 73
46 75
46 112
46 76
46 77
46 119
46 95
46 113
46 97
46 98
46 114
46 115
46 100
46 102
46 79
46 103
46 81
46 104
46 117
46 47
46 83
46 84
46 50
46 107
46 87
46 124
46 54
46 88
46 126
46 56
46 109
46 90
46 60
47 61
47 66
47 110
47 92
47 93
47 68
47 69
47 70
47 72
47 74
47 112
47 95
47 123
47 96
47 97
47 100
47 116
47 103
47 81
47 117
47 105
47 82
47 50
47 52
47 53
47 88
47 126
47 109
47 58
47 90
47 60
47 125
48 91
48 127
48 66
48 110
48 92
48 93
48 111
48 68
48 122
48 94
48 74
48 75
48 76
48 113
48 97
48 114
48 99
48 101
48 116
48 79
48 103
48 80
48 81
48 105
48 82
48 84
48 85
48 53
48 107
48 87
48 88
48 126
48 90
48 125
48 55
48 71
48 62
48 95
48 106
48 119
48 96
49 91
49 61
49 62
49 63
49 121
49 64
49 110
49 68
49 94
49 70
49 71
49 73
49 74
49 76
49 77
49 95
49 123
49 96
49 113
49 97
49 99
49 115
49 100
49 101
49 102
49 116
49 103
49 104
49 118
49 83
49 106
49 85
49 51
49 52
49 54
49 89
49 108
49 90
49 60
50 91
50 62
50 121
50 127
50 66
50 111
50 67
50 68
50 122
50 94
50 74
50 112
50 119
50 95
50 123
50 96
50 113
50 78
50 97
50 98
50 99
50 102
50 120
50 103
50 81
50 104
50 117
50 105
50 82
50 84
50 85
50 51
50 86
50 52
50 88
50 126
50 55
50 56
50 109
50 58
50 59
50 125
51 62
51 64
51 65
51 110
51 93
51 111
51 67
51 68
51 122
51 94
51 72
51 76
51 77
51 96
51 113
51 78
51 97
51 114
51 99
51 120
51 80
51 104
51 105
51 118
51 82
51 83
51 106
51 85
51 52
51 53
51 87
51 124
51 89
51 55
51 56
51 109
51 57
51 58
51 59
51 60
51 125
52 61
52 64
52 127
52 65
52 92
52 93
52 69
52 122
52 70
52 72
52 76
52 77
52 119
52 96
52 113
52 98
52 99
52 115
52 100
52 101
52 102
52 79
52 103
52 81
52 104
52 117
52 118
52 84
52 86
52 53
52 107
52 54
52 89
52 126
52 55
52 108
52 56
52 109
52 57
52 58
52 59
53 91
53 62
53 63
53 127
53 93
53 67
53 94
53 76
53 77
53 119
53 123
53 78
53 98
53 99
53 115
53 100
53 101
53 79
53 103
53 80
53 81
53 104
53 117
53 118
53 83
53 106
53 84
53 86
53 107
53 87
53 54
53 88
53 89
53 108
53 56
53 58
53 59
53 90
53 125
54 91
54 121
54 65
54 66
54 92
54 68
54 122
54 94
54 70
54 71
54 72
54 95
54 96
54 113
54 115
54 101
54 120
54 116
54 79
54 80
54 81
54 117
54 105
54 82
54 84
54 86
54 87
54 124
54 88
54 89
54 126
54 109
54 57
55 62
55 127
55 65
55 110
55 92
55 67
55 68
55 94
55 70
55 71
55 73
55 74
55 112
55 77
55 95
55 113
55 78
55 97
55 98
55 100
55 102
55 120
55 116
55 79
55 103
55 81
55 104
55 118
55 83
55 84
55 85
55 86
55 87
55 124
55 88
55 108
55 56
55 57
55 59
55 90
55 125
55 106
55 119
55 96
56 91
56 61
56 62
56 121
56 65
56 122
56 94
56 70
56 71
56 73
56 74
56 75
56 96
56 78
56 114
56 99
56 100
56 101
56 79
56 103
56 80
56 81
56 105
56 82
56 83
56 106
56 107
56 87
56 57
56 90
56 60
57 61
57 62
57 63
57 121
57 64
57 110
57 92
57 93
57 122
57 71
57 72
57 74
57 77
57 95
57 123
57 96
57 78
57 97
57 98
57 99
57 115
57 120
57 81
57 117
57 118
57 82
57 84
57 85
57 87
57 124
57 88
57 89
57 126
57 109
57 58
57 60
57 125
58 91
58 62
58 63
58 127
58 93
58 111
58 67
58 68
58 70
58 72
58 73
58 75
58 77
58 95
58 123
58 96
58 113
58 78
58 97
58 98
58 114
58 116
58 80
58 81
58 105
58 83
58 106
58 124
58 89
58 90
59 61
59 62
59 63
59 64
59 111
59 68
59 69
59 73
59 112
59 119
59 113
59 97
59 114
59 99
59 100
59 79
59 104
59 117
59 118
59 85
59 86
59 87
59 88
59 108
59 109
59 90
59 125
60 121
60 127
60 110
60 92
60 111
60 67
60 94
60 71
60 72
60 74
60 75
60 95
60 123
60 96
60 98
60 114
60 99
60 100
60 102
60 80
60 104
60 117
60 105
60 82
60 83
60 106
60 85
60 87
60 124
60 126
60 109
60 90
61 91
61 121
61 64
61 92
61 111
61 67
61 68
61 69
61 94
61 71
61 72
61 73
61 75
61 77
61 119
61 123
61 96
61 113
61 98
61 114
61 115
61 102
61 116
61 103
61 80
61 104
61 117
61 105
61 82
61 83
61 106
61 84
61 85
61 86
61 107
61 87
61 89
61 126
61 108
61 109
61 125
62 64
62 127
62 65
62 122
62 71
62 72
62 77
62 119
62 95
62 96
62 113
62 97
62 114
62 99
62 101
62 120
62 103
62 81
62 105
62 86
62 107
62 87
62 124
62 88
62 89
62 125
62 74
62 106
62 84
63 121
63 64
63 127
63 65
63 110
63 93
63 122
63 72
63 74
63 76
63 77
63 95
63 78
63 97
63 114
63 99
63 100
63 102
63 79
63 103
63 80
63 105
63 118
63 82
63 84
63 86
63 107
63 124
63 108
63 90
64 91
64 121
64 65
64 66
64 93
64 122
64 70
64 72
64 75
64 112
64 78
64 115
64 101
64 116
64 79
64 103
64 80
64 81
64 104
64 105
64 118
64 82
64 83
64 106
64 85
64 87
64 124
64 88
64 126
64 108
64 109
64 90
65 91
65 121
65 127
65 66
65 110
65 93
65 69
65 73
65 74
65 75
65 112
65 119
65 95
65 123
65 96
65 113
65 97
65 114
65 101
65 102
65 103
65 81
65 104
65 105
65 106
65 86
65 124
65 126
65 125
66 121
66 127
66 69
66 71
66 72
66 75
66 112
66 76
66 95
66 78
66 98
66 114
66 100
66 101
66 102
66 79
66 117
66 105
66 82
66 106
66 86
66 107
66 124
66 88
66 126
66 108
66 109
66 90
66 125
67 121
67 92
67 93
67 111
67 94
67 73
67 74
67 76
67 77
67 95
67 97
67 102
67 120
67 103
67 81
67 104
67 117
67 118
67 106
67 84
67 85
67 86
67 107
67 87
67 126
67 90
68 91
68 110
68 92
68 93
68 111
68 122
68 70
68 71
68 73
68 76
68 95
68 113
68 97
68 98
68 114
68 115
68 101
68 102
68 116
68 79
68 103
68 80
68 104
68 117
68 105
68 118
68 106
68 124
68 88
68 89
68 109
69 121
69 110
69 92
69 93
69 72
69 75
69 112
69 119
69 113
69 78
69 114
69 100
69 120
69 79
69 103
69 81
69 104
69 117
69 118
69 83
69 84
69 107
69 124
69 89
69 126
69 108
69 109
70 91
70 121
70 127
70 110
70 93
70 111
70 122
70 71
70 72
70 74
70 112
70 76
70 77
70 123
70 96
70 97
70 115
70 79
70 81
70 117
70 118
70 84
70 85
70 107
70 89
70 126
70 90
70 125
71 121
71 127
71 110
71 92
71 93
71 74
71 76
71 95
71 123
71 96
71 113
71 78
71 97
71 98
71 114
71 99
71 100
71 101
71 102
71 120
71 79
71 103
71 81
71 104
71 105
71 118
71 107
71 87
71 124
71 108
71 90
71 106
71 84
71 119
72 121
72 93
72 111
72 122
72 94
72 73
72 74
72 76
72 77
72 95
72 123
72 113
72 78
72 97
72 98
72 114
72 115
72 100
72 101
72 120
72 79
72 103
72 117
72 105
72 82
72 83
72 84
72 85
72 88
72 89
72 126
72 108
72 90
73 91
73 121
73 111
73 122
73 94
73 74
73 75
73 119
73 95
73 96
73 113
73 114
73 115
73 101
73 102
73 116
73 81
73 82
73 83
73 85
73 107
73 88
73 89
73 108
73 90
74 110
74 92
74 111
74 75
74 112
74 76
74 123
74 96
74 78
74 97
74 99
74 115
74 101
74 102
74 116
74 80
74 81
74 82
74 83
74 84
74 107
74 89
74 90
74 125
74 127
74 95
74 106
74 119
75 91
75 127
75 111
75 122
75 112
75 113
75 114
75 115
75 100
75 101
75 120
75 79
75 103
75 81
75 86
75 89
75 126
75 108
76 110
76 92
76 111
76 94
76 112
76 77
76 119
76 95
76 96
76 78
76 97
76 98
76 114
76 99
76 116
76 79
76 103
76 117
76 118
76 82
76 85
76 86
76 107
76 89
76 109
76 90
77 121
77 110
77 93
77 94
77 112
77 119
77 95
77 123
77 96
77 97
77 98
77 114
77 101
77 116
77 80
77 81
77 104
77 82
77 83
77 106
77 84
77 85
77 124
77 88
77 126
77 108
77 90
77 125
78 127
78 110
78 93
78 112
78 123
78 98
78 115
78 100
78 101
78 116
78 79
78 103
78 104
78 117
78 82
78 83
78 84
78 85
78 86
78 87
78 88
78 126
78 108
79 92
79 111
79 122
79 112
79 95
79 113
79 114
79 99
79 115
79 100
79 102
79 81
79 118
79 82
79 84
79 85
79 86
79 87
79 124
79 88
79 108
79 90
79 125
80 91
80 121
80 127
80 92
80 93
80 111
80 94
80 112
80 95
80 123
80 96
80 113
80 97
80 98
80 114
80 115
80 102
80 103
80 81
80 117
80 118
80 82
80 83
80 84
80 89
80 109
80 90
81 91
81 121
81 127
81 92
81 93
81 122
81 112
81 95
81 123
81 98
81 99
81 115
81 101
81 102
81 120
81 116
81 103
81 105
81 82
81 106
81 107
81 87
81 108
81 109
81 125
81 84
81 119
81 96
82 91
82 92
82 94
82 112
82 119
82 95
82 123
82 97
82 98
82 100
82 102
82 120
82 116
82 103
82 83
82 85
82 86
82 126
82 108
82 90
82 125
83 127
83 110
83 111
83 122
83 94
83 95
83 98
83 114
83 99
83 115
83 100
83 101
83 105
83 118
83 84
83 86
83 124
83 88
83 126
83 109
83 125
84 127
84 110
84 92
84 122
84 94
84 112
84 96
84 97
84 98
84 115
84 104
84 117
84 89
84 109
84 95
84 106
84 119
85 110
85 92
85 122
85 94
85 112
85 97
85 98
85 114
85 102
85 120
85 116
85 103
85 104
85 107
85 87
85 124
85 88
85 126
85 108
85 109
85 90
86 91
86 127
86 92
86 111
86 119
86 123
86 114
86 99
86 120
86 116
86 104
86 118
86 107
86 124
86 108
86 90
86 125
87 121
87 127
87 110
87 93
87 111
87 119
87 95
87 123
87 113
87 99
87 115
87 120
87 103
87 104
87 107
87 124
87 126
88 91
88 127
88 110
88 111
88 122
88 94
88 119
88 123
88 96
88 113
88 97
88 115
88 100
88 101
88 120
88 116
88 105
88 118
88 107
88 124
88 89
88 126
89 121
89 127
89 110
89 92
89 122
89 94
89 119
89 95
89 96
89 113
89 115
89 100
89 101
89 102
89 120
89 116
89 103
89 104
89 117
89 105
89 118
89 106
89 107
90 121
90 127
90 93
90 95
90 123
90 96
90 98
90 114
90 120
90 117
90 118
90 106
90 124
90 126
90 125
91 127
91 92
91 93
91 94
91 112
91 119
91 113
91 97
91 98
91 115
91 100
91 101
91 102
91 104
91 117
91 105
91 124
91 125
92 121
92 111
92 122
92 94
92 95
92 123
92 96
92 98
92 99
92 103
92 104
92 108
92 109
93 121
93 127
93 94
93 112
93 96
93 114
93 99
93 115
93 102
93 117
93 105
93 106
93 124
93 126
93 109
93 125
94 121
94 110
94 111
94 119
94 123
94 96
94 114
94 120
94 105
94 108
94 125
95 121
95 127
95 122
95 123
95 96
95 97
95 114
95 99
95 100
95 117
95 106
95 124
95 108
95 109
95 125
95 119
96 110
96 111
96 112
96 119
96 113
96 97
96 98
96 99
96 101
96 120
96 103
96 104
96 106
96 107
96 126
96 109
96 127
97 121
97 127
97 110
97 112
97 123
97 98
97 114
97 99
97 102
97 116
97 103
97 117
97 124
97 125
98 121
98 127
98 122
98 112
98 113
98 114
98 100
98 101
98 102
98 116
98 104
98 106
98 108
98 109
99 112
99 113
99 100
99 120
99 103
99 117
99 105
99 118
99 106
99 107
99 126
99 109
99 125
100 121
100 111
100 122
100 123
100 113
100 102
100 104
100 105
100 118
100 107
100 124
100 126
100 108
101 121
101 127
101 110
101 111
101 122
101 112
101 113
101 102
101 120
101 116
101 103
101 105
101 118
101 124
101 108
101 109
102 121
102 127
102 110
102 111
102 122
102 119
102 114
102 103
102 117
102 107
102 108
102 109
102 125
103 127
103 110
103 113
103 115
103 120
103 116
103 117
103 105
103 118
103 106
103 107
103 125
104 110
104 111
104 112
104 119
104 120
104 106
104 107
104 124
104 126
104 125
105 121
105 122
105 112
105 114
105 115
105 120
105 117
105 118
105 107
105 124
105 126
105 108
106 127
106 122
106 112
106 123
106 120
106 124
106 126
106 109
106 119
107 121
107 110
107 119
107 123
107 115
107 120
107 116
107 117
107 126
107 125
108 121
108 110
108 126
108 125
109 127
109 122
109 119
109 123
109 113
109 114
109 115
109 116
109 117
109 126
110 127
110 112
110 113
110 115
110 117
110 125
110 121
110 120
111 119
111 113
111 115
111 124
111 121
111 118
112 127
112 121
112 119
112 113
112 114
112 120
112 118
112 124
112 126
113 127
113 123
113 115
113 116
113 117
113 118
113 124
113 126
114 115
114 117
114 121
114 116
114 126
115 116
115 117
116 121
116 123
116 122
116 118
116 126
117 123
117 124
118 127
118 124
118 122
119 127
119 121
119 123
119 120
119 124
119 125
120 124
120 125
120 121
120 123
120 126
120 122
121 127
121 124
121 125
121 122
122 127
122 123
123 127
123 126
124 127
125 126
