0 1
0 2
0 3
0 4
0 5
0 6
0 7
0 8
0 9
0 10
0 11
0 12
0 13
0 14
0 15
0 16
0 17
0 18
0 19
0 20
0 21
0 22
0 23
0 24
0 25
0 26
0 27
0 28
0 29
0 30
0 31
0 32
0 33
0 34
0 35
0 36
0 37
0 38
0 39
0 40
0 41
0 42
0 43
0 44
0 45
0 46
0 47
0 48
0 49
0 50
0 51
0 52
0 53
0 54
0 55
0 56
0 57
0 58
0 59
0 60
0 61
0 62
0 63
1 64
1 65
1 66
1 5
1 67
1 6
1 7
1 8
1 68
1 69
1 70
1 71
1 72
1 73
1 10
1 74
1 12
1 14
1 15
1 75
1 16
1 17
1 18
1 21
1 23
1 24
1 76
1 25
1 26
1 27
1 77
1 78
1 79
1 80
1 35
1 36
1 81
1 82
1 40
1 41
1 83
1 84
1 85
1 45
1 86
1 47
1 48
1 49
1 87
1 88
1 89
1 90
1 91
1 92
1 93
1 51
1 53
1 58
1 59
1 61
1 94
1 62
1 63
1 95
2 64
2 65
2 66
2 5
2 8
2 9
2 96
2 69
2 71
2 11
2 74
2 13
2 75
2 18
2 97
2 22
2 98
2 23
2 24
2 25
2 28
2 99
2 100
2 77
2 78
2 79
2 101
2 29
2 31
2 102
2 80
2 32
2 33
2 34
2 36
2 81
2 103
2 82
2 41
2 104
2 84
2 85
2 45
2 86
2 48
2 87
2 89
2 90
2 91
2 92
2 93
2 105
2 54
2 55
2 56
2 106
2 107
2 59
2 62
2 108
2 63
2 109
2 95
2 119
2 121
2 30
2 37
2 60
2 27
3 66
3 4
3 5
3 67
3 7
3 8
3 68
3 71
3 72
3 73
3 11
3 110
3 74
3 111
3 13
3 14
3 15
3 75
3 17
3 20
3 97
3 21
3 112
3 24
3 25
3 28
3 77
3 79
3 101
3 113
3 32
3 34
3 35
3 114
3 38
3 103
3 82
3 115
3 41
3 116
3 117
3 118
3 104
3 42
3 119
3 43
3 120
3 46
3 86
3 121
3 47
3 48
3 89
3 92
3 51
3 52
3 53
3 122
3 55
3 56
3 106
3 107
3 58
3 60
3 62
3 63
3 109
4 5
4 6
4 7
4 9
4 69
4 72
4 73
4 10
4 11
4 74
4 111
4 13
4 14
4 20
4 97
4 24
4 25
4 26
4 27
4 99
4 78
4 79
4 101
4 29
4 113
4 30
4 31
4 102
4 123
4 82
4 117
4 44
4 46
4 124
4 88
4 125
4 90
4 51
4 53
4 122
4 107
4 61
4 94
4 62
4 109
4 95
5 6
5 7
5 8
5 69
5 10
5 11
5 74
5 13
5 14
5 15
5 75
5 18
5 19
5 97
5 98
5 24
5 25
5 26
5 28
5 100
5 78
5 113
5 30
5 31
5 102
5 34
5 35
5 37
5 82
5 40
5 41
5 118
5 119
5 84
5 120
5 86
5 48
5 49
5 87
5 124
5 88
5 125
5 90
5 92
5 93
5 51
5 105
5 52
5 53
5 54
5 122
5 55
5 56
5 106
5 57
5 58
5 60
5 108
5 63
5 95
5 121
5 32
5 27
5 103
6 66
6 8
6 68
6 96
6 69
6 110
6 17
6 97
6 21
6 22
6 112
6 25
6 27
6 99
6 100
6 78
6 101
6 113
6 30
6 32
6 33
6 126
6 34
6 123
6 35
6 36
6 37
6 114
6 39
6 40
6 41
6 116
6 83
6 117
6 118
6 119
6 84
6 46
6 121
6 47
6 49
6 87
6 88
6 89
6 90
6 91
6 105
6 52
6 54
6 55
6 57
6 107
6 58
6 60
6 62
6 108
6 63
7 66
7 67
7 8
7 68
7 96
7 69
7 70
7 11
7 74
7 12
7 111
7 13
7 14
7 15
7 75
7 16
7 18
7 20
7 97
7 21
7 23
7 24
7 76
7 26
7 27
7 28
7 78
7 113
7 30
7 31
7 32
7 33
7 127
7 35
7 36
7 39
7 82
7 41
7 83
7 117
7 104
7 42
7 85
7 44
7 45
7 120
7 46
7 86
7 47
7 48
7 124
7 90
7 91
7 93
7 54
7 57
7 58
7 63
8 96
8 71
8 72
8 10
8 110
8 74
8 12
8 111
8 13
8 14
8 75
8 18
8 19
8 21
8 22
8 98
8 112
8 23
8 24
8 26
8 27
8 28
8 100
8 29
8 113
8 30
8 31
8 80
8 123
8 127
8 36
8 37
8 114
8 38
8 39
8 81
8 82
8 40
8 117
8 118
8 42
8 119
8 84
8 43
8 44
8 46
8 86
8 48
8 124
8 125
8 55
8 57
8 59
8 60
8 94
8 63
8 95
9 64
9 65
9 66
9 68
9 96
9 69
9 70
9 71
9 110
9 74
9 12
9 15
9 75
9 16
9 19
9 97
9 98
9 112
9 23
9 24
9 76
9 28
9 99
9 78
9 79
9 29
9 30
9 31
9 80
9 32
9 126
9 34
9 123
9 35
9 37
9 114
9 39
9 81
9 40
9 115
9 41
9 83
9 85
9 43
9 45
9 86
9 121
9 47
9 87
9 89
9 90
9 91
9 92
9 51
9 105
9 52
9 53
9 122
9 56
9 106
9 57
9 107
9 58
9 59
9 60
9 61
9 108
9 63
9 95
10 64
10 65
10 66
10 67
10 68
10 69
10 70
10 71
10 73
10 11
10 74
10 12
10 75
10 16
10 22
10 76
10 27
10 77
10 78
10 101
10 29
10 113
10 31
10 80
10 123
10 36
10 37
10 39
10 41
10 116
10 83
10 117
10 42
10 84
10 85
10 44
10 120
10 86
10 47
10 87
10 124
10 88
10 125
10 90
10 92
10 52
10 54
10 56
10 107
10 58
10 61
10 94
10 62
10 108
10 63
10 109
11 64
11 65
11 68
11 96
11 69
11 71
11 74
11 12
11 13
11 14
11 15
11 75
11 16
11 17
11 20
11 22
11 112
11 23
11 76
11 27
11 99
11 77
11 78
11 113
11 30
11 102
11 80
11 32
11 33
11 34
11 127
11 35
11 36
11 37
11 114
11 38
11 115
11 41
11 116
11 117
11 104
11 42
11 119
11 44
11 45
11 120
11 47
11 92
11 93
11 51
11 105
11 52
11 54
11 122
11 55
11 56
11 57
11 59
11 60
11 61
11 94
11 108
11 109
12 64
12 66
12 67
12 96
12 70
12 71
12 72
12 110
12 15
12 17
12 20
12 22
12 23
12 76
12 25
12 28
12 99
12 101
12 29
12 113
12 30
12 102
12 80
12 33
12 34
12 127
12 35
12 114
12 38
12 39
12 81
12 103
12 82
12 40
12 115
12 41
12 116
12 104
12 85
12 43
12 44
12 45
12 46
12 121
12 47
12 87
12 88
12 89
12 92
12 52
12 53
12 54
12 122
12 55
12 56
12 106
12 94
12 63
12 95
13 64
13 65
13 68
13 69
13 70
13 71
13 72
13 75
13 19
13 20
13 98
13 112
13 23
13 25
13 26
13 28
13 99
13 100
13 78
13 101
13 30
13 31
13 102
13 80
13 32
13 35
13 36
13 37
13 81
13 40
13 115
13 41
13 116
13 117
13 42
13 43
13 46
13 89
13 90
13 91
13 92
13 53
13 54
13 122
13 57
13 107
13 58
13 60
13 94
13 62
14 64
14 66
14 96
14 69
14 72
14 73
14 111
14 15
14 18
14 20
14 98
14 26
14 27
14 28
14 99
14 100
14 77
14 78
14 79
14 29
14 113
14 102
14 80
14 32
14 34
14 123
14 35
14 36
14 114
14 38
14 39
14 103
14 82
14 40
14 41
14 116
14 119
14 43
14 44
14 120
14 46
14 86
14 49
14 88
14 89
14 91
14 92
14 50
14 93
14 51
14 105
14 54
14 122
14 106
14 57
14 58
14 59
14 94
14 108
14 63
14 109
15 66
15 68
15 96
15 69
15 72
15 73
15 74
15 75
15 17
15 18
15 19
15 20
15 98
15 24
15 25
15 26
15 28
15 99
15 100
15 77
15 79
15 101
15 29
15 102
15 80
15 127
15 36
15 37
15 114
15 39
15 40
15 116
15 83
15 117
15 104
15 85
15 44
15 120
15 46
15 86
15 121
15 47
15 49
15 87
15 90
15 91
15 92
15 50
15 51
15 105
15 122
15 55
15 57
15 58
15 59
15 60
15 61
15 94
15 109
16 66
16 67
16 68
16 72
16 73
16 110
16 74
16 75
16 18
16 19
16 97
16 22
16 98
16 112
16 23
16 25
16 26
16 27
16 28
16 77
16 79
16 29
16 113
16 102
16 32
16 33
16 126
16 123
16 35
16 36
16 81
16 40
16 116
16 118
16 42
16 85
16 45
16 120
16 86
16 47
16 49
16 88
16 89
16 90
16 92
16 93
16 54
16 122
16 106
16 57
16 58
16 59
16 61
16 62
16 108
16 109
17 66
17 67
17 68
17 96
17 69
17 70
17 72
17 75
17 23
17 24
17 27
17 99
17 79
17 101
17 29
17 113
17 80
17 33
17 35
17 36
17 38
17 39
17 40
17 116
17 83
17 42
17 84
17 43
17 120
17 46
17 86
17 49
17 89
17 90
17 51
17 52
17 53
17 54
17 122
17 55
17 59
17 61
17 94
17 62
17 108
17 63
17 95
18 67
18 68
18 96
18 69
18 70
18 71
18 72
18 110
18 75
18 19
18 20
18 97
18 21
18 22
18 98
18 112
18 23
18 24
18 76
18 25
18 26
18 28
18 99
18 78
18 101
18 31
18 102
18 80
18 32
18 126
18 34
18 123
18 37
18 114
18 38
18 103
18 82
18 118
18 104
18 85
18 43
18 44
18 120
18 46
18 86
18 121
18 48
18 49
18 87
18 88
18 125
18 90
18 91
18 50
18 93
18 105
18 53
18 54
18 122
18 55
18 56
18 106
18 107
18 94
18 62
18 108
18 95
18 74
18 84
18 119
18 30
18 60
18 27
19 64
19 65
19 67
19 68
19 71
19 74
19 111
19 75
19 22
19 98
19 23
19 26
19 28
19 99
19 100
19 80
19 32
19 33
19 35
19 38
19 39
19 81
19 82
19 40
19 115
19 41
19 116
19 83
19 117
19 119
19 43
19 44
19 45
19 86
19 49
19 87
19 124
19 89
19 50
19 93
19 53
19 122
19 55
19 106
19 57
19 61
19 94
19 108
19 109
19 95
20 65
20 72
20 21
20 98
20 112
20 23
20 76
20 28
20 100
20 77
20 79
20 29
20 30
20 102
20 127
20 36
20 114
20 81
20 82
20 115
20 41
20 118
20 104
20 85
20 43
20 48
20 49
20 124
20 88
20 91
20 92
20 50
20 105
20 52
20 53
20 54
20 122
20 56
20 107
20 60
20 108
20 63
21 64
21 66
21 68
21 69
21 70
21 71
21 73
21 110
21 111
21 75
21 22
21 112
21 23
21 24
21 76
21 25
21 26
21 27
21 28
21 100
21 79
21 29
21 113
21 30
21 31
21 80
21 33
21 126
21 127
21 37
21 114
21 81
21 103
21 41
21 83
21 117
21 118
21 42
21 119
21 84
21 120
21 46
21 86
21 48
21 49
21 88
21 89
21 125
21 90
21 91
21 92
21 105
21 54
21 122
21 56
21 58
21 94
21 108
21 63
21 109
21 95
22 65
22 66
22 96
22 69
22 70
22 72
22 73
22 97
22 112
22 24
22 76
22 25
22 27
22 77
22 78
22 31
22 32
22 126
22 127
22 35
22 114
22 39
22 103
22 115
22 116
22 83
22 117
22 118
22 104
22 42
22 119
22 84
22 85
22 43
22 120
22 86
22 48
22 90
22 91
22 50
22 51
22 52
22 122
22 106
22 57
22 58
22 59
22 94
22 62
22 63
22 109
23 64
23 68
23 96
23 69
23 70
23 110
23 74
23 75
23 97
23 112
23 76
23 27
23 28
23 99
23 100
23 101
23 102
23 126
23 34
23 127
23 35
23 36
23 114
23 39
23 82
23 115
23 116
23 117
23 42
23 44
23 120
23 86
23 121
23 48
23 49
23 124
23 88
23 89
23 125
23 92
23 93
23 51
23 52
23 53
23 54
23 122
23 55
23 58
23 59
23 60
23 61
24 65
24 66
24 67
24 71
24 72
24 110
24 75
24 97
24 112
24 76
24 25
24 100
24 79
24 101
24 113
24 126
24 34
24 127
24 35
24 37
24 38
24 39
24 81
24 82
24 40
24 115
24 41
24 116
24 117
24 104
24 119
24 84
24 85
24 43
24 45
24 46
24 86
24 121
24 47
24 48
24 49
24 124
24 88
24 89
24 50
24 53
24 54
24 122
24 55
24 106
24 57
24 107
24 60
24 61
24 94
24 62
24 108
24 63
24 109
25 68
25 69
25 73
25 110
25 74
25 111
25 75
25 98
25 112
25 26
25 100
25 77
25 78
25 30
25 31
25 33
25 126
25 34
25 123
25 35
25 37
25 39
25 82
25 115
25 83
25 104
25 42
25 84
25 44
25 86
25 47
25 48
25 87
25 88
25 89
25 90
25 91
25 51
25 54
25 122
25 56
25 58
25 60
25 61
25 94
25 108
25 63
25 109
25 119
25 121
25 32
25 27
25 103
26 64
26 68
26 70
26 72
26 111
26 112
26 76
26 100
26 77
26 29
26 113
26 31
26 102
26 80
26 126
26 123
26 127
26 35
26 36
26 39
26 81
26 40
26 116
26 117
26 119
26 85
26 44
26 47
26 124
26 125
26 50
26 51
26 105
26 52
26 54
26 122
26 55
26 56
26 57
26 107
26 59
26 60
26 61
26 63
27 66
27 68
27 96
27 71
27 72
27 73
27 99
27 77
27 78
27 79
27 29
27 113
27 30
27 34
27 127
27 37
27 114
27 103
27 115
27 41
27 116
27 118
27 104
27 119
27 43
27 121
27 124
27 88
27 92
27 50
27 105
27 53
27 55
27 57
27 58
27 60
27 109
27 74
27 54
27 69
27 108
27 48
27 84
27 32
27 90
28 65
28 66
28 67
28 68
28 96
28 69
28 72
28 73
28 110
28 111
28 75
28 112
28 76
28 77
28 79
28 113
28 102
28 33
28 127
28 35
28 36
28 37
28 39
28 82
28 40
28 115
28 117
28 118
28 119
28 84
28 44
28 45
28 120
28 86
28 47
28 124
28 91
28 92
28 93
28 51
28 52
28 53
28 122
28 55
28 61
28 94
28 109
28 95
29 64
29 68
29 69
29 70
29 71
29 111
29 97
29 112
29 78
29 79
29 113
29 32
29 126
29 34
29 35
29 37
29 114
29 81
29 41
29 83
29 118
29 104
29 119
29 85
29 43
29 44
29 45
29 120
29 47
29 48
29 124
29 88
29 125
29 92
29 52
29 53
29 57
29 59
29 60
29 94
29 62
29 108
29 95
30 64
30 65
30 67
30 68
30 96
30 71
30 110
30 74
30 111
30 112
30 99
30 77
30 78
30 101
30 102
30 80
30 32
30 34
30 127
30 36
30 37
30 81
30 82
30 40
30 41
30 116
30 83
30 118
30 42
30 119
30 84
30 43
30 120
30 46
30 121
30 47
30 88
30 125
30 91
30 50
30 51
30 54
30 106
30 107
30 58
30 59
30 94
30 62
30 108
30 63
30 109
30 69
30 48
30 60
30 90
30 103
31 64
31 66
31 74
31 75
31 97
31 112
31 100
31 101
31 80
31 126
31 34
31 36
31 38
31 39
31 81
31 115
31 41
31 116
31 104
31 85
31 44
31 45
31 86
31 121
31 47
31 49
31 88
31 89
31 91
31 92
31 93
31 105
31 53
31 107
31 58
31 61
31 62
31 109
31 95
32 65
32 67
32 69
32 71
32 72
32 73
32 110
32 74
32 98
32 112
32 99
32 77
32 79
32 102
32 80
32 33
32 126
32 34
32 123
32 39
32 81
32 82
32 116
32 117
32 118
32 42
32 85
32 49
32 87
32 124
32 88
32 89
32 90
32 92
32 50
32 53
32 54
32 122
32 106
32 57
32 60
32 61
32 94
32 62
32 108
32 63
32 48
32 84
32 119
32 121
32 37
32 103
33 96
33 71
33 73
33 110
33 111
33 97
33 98
33 76
33 99
33 77
33 78
33 79
33 102
33 127
33 35
33 114
33 39
33 41
33 116
33 117
33 118
33 43
33 44
33 45
33 46
33 48
33 49
33 87
33 88
33 89
33 92
33 105
33 53
33 122
33 55
33 56
33 106
33 57
33 107
33 58
33 59
33 61
33 62
33 108
33 63
33 109
33 95
34 65
34 67
34 68
34 69
34 70
34 71
34 74
34 75
34 112
34 100
34 77
34 78
34 79
34 127
34 35
34 38
34 81
34 103
34 82
34 115
34 104
34 42
34 84
34 85
34 43
34 46
34 121
34 47
34 48
34 124
34 90
34 93
34 52
34 54
34 56
34 107
34 60
34 61
34 62
34 108
34 63
34 109
34 95
34 119
34 37
35 66
35 67
35 69
35 71
35 72
35 112
35 99
35 100
35 79
35 102
35 38
35 81
35 82
35 115
35 41
35 116
35 117
35 42
35 84
35 121
35 47
35 49
35 87
35 124
35 88
35 125
35 92
35 50
35 51
35 105
35 52
35 53
35 122
35 55
35 106
35 59
35 61
35 62
35 109
35 95
36 66
36 67
36 96
36 69
36 70
36 71
36 73
36 110
36 74
36 111
36 78
36 79
36 113
36 102
36 37
36 38
36 39
36 40
36 115
36 83
36 104
36 42
36 84
36 120
36 46
36 121
36 47
36 87
36 124
36 91
36 92
36 50
36 93
36 105
36 53
36 55
36 107
36 58
36 60
36 61
36 62
37 64
37 65
37 66
37 68
37 96
37 69
37 70
37 110
37 74
37 98
37 77
37 78
37 79
37 101
37 102
37 80
37 126
37 114
37 38
37 81
37 103
37 82
37 40
37 115
37 116
37 83
37 85
37 43
37 49
37 124
37 89
37 125
37 91
37 93
37 52
37 54
37 55
37 56
37 58
37 59
37 61
37 94
37 95
37 108
37 48
37 84
37 119
37 121
37 60
37 90
38 67
38 72
38 110
38 111
38 97
38 98
38 112
38 99
38 100
38 77
38 78
38 79
38 101
38 102
38 80
38 126
38 123
38 114
38 39
38 40
38 115
38 83
38 117
38 104
38 42
38 84
38 85
38 43
38 45
38 120
38 121
38 47
38 49
38 87
38 88
38 125
38 92
38 50
38 51
38 55
38 56
38 57
38 107
38 61
38 63
39 64
39 66
39 67
39 96
39 69
39 70
39 72
39 110
39 98
39 112
39 76
39 100
39 126
39 127
39 114
39 81
39 82
39 115
39 83
39 118
39 104
39 43
39 45
39 120
39 46
39 86
39 124
39 90
39 93
39 51
39 52
39 54
39 122
39 106
39 57
39 58
39 60
39 62
39 108
39 63
39 109
40 64
40 65
40 66
40 67
40 68
40 74
40 98
40 112
40 76
40 99
40 100
40 77
40 113
40 102
40 80
40 126
40 114
40 103
40 83
40 42
40 85
40 43
40 46
40 49
40 124
40 89
40 93
40 51
40 52
40 53
40 54
40 122
40 55
40 106
40 57
40 107
40 59
40 61
40 62
40 108
40 63
40 95
41 66
41 96
41 69
41 71
41 72
41 110
41 74
41 98
41 76
41 99
41 100
41 77
41 78
41 79
41 113
41 102
41 126
41 115
41 83
41 118
41 104
41 84
41 85
41 44
41 45
41 86
41 47
41 48
41 49
41 124
41 125
41 90
41 91
41 50
41 53
41 122
41 107
41 59
41 94
41 62
41 108
41 63
41 109
42 64
42 68
42 96
42 73
42 110
42 111
42 75
42 97
42 98
42 112
42 76
42 99
42 100
42 77
42 78
42 79
42 101
42 102
42 126
42 114
42 115
42 117
42 119
42 85
42 44
42 45
42 120
42 46
42 49
42 88
42 89
42 125
42 91
42 50
42 105
42 52
42 122
42 106
42 57
42 107
42 59
42 62
42 108
42 63
42 109
42 95
43 64
43 65
43 66
43 96
43 73
43 111
43 75
43 97
43 76
43 77
43 79
43 101
43 113
43 102
43 123
43 127
43 114
43 81
43 103
43 82
43 117
43 118
43 44
43 120
43 46
43 47
43 49
43 87
43 88
43 52
43 54
43 122
43 55
43 56
43 106
43 57
43 59
43 94
43 62
43 63
43 109
43 95
44 96
44 70
44 72
44 110
44 74
44 75
44 97
44 76
44 99
44 77
44 101
44 80
44 126
44 114
44 81
44 82
44 115
44 117
44 84
44 85
44 45
44 121
44 49
44 87
44 88
44 90
44 91
44 50
44 93
44 105
44 122
44 56
44 106
44 58
44 59
44 60
44 62
44 109
44 95
45 64
45 65
45 66
45 67
45 69
45 71
45 73
45 97
45 98
45 77
45 113
45 102
45 80
45 81
45 103
45 115
45 116
45 83
45 117
45 119
45 84
45 85
45 120
45 121
45 47
45 49
45 89
45 125
45 90
45 91
45 52
45 53
45 57
45 59
45 61
45 94
45 63
45 95
46 64
46 96
46 69
46 70
46 71
46 72
46 73
46 110
46 74
46 111
46 75
46 98
46 112
46 79
46 101
46 113
46 102
46 126
46 127
46 114
46 81
46 115
46 83
46 117
46 118
46 119
46 84
46 85
46 120
46 121
46 47
46 49
46 87
46 124
46 125
46 91
46 92
46 50
46 93
46 51
46 105
46 53
46 54
46 122
46 55
46 56
46 106
46 57
46 107
46 59
46 60
46 62
46 63
46 109
47 64
47 67
47 70
47 71
47 110
47 111
47 76
47 99
47 77
47 101
47 113
47 102
47 80
47 126
47 123
47 127
47 114
47 81
47 116
47 118
47 104
47 120
47 48
47 49
47 87
47 89
47 125
47 90
47 91
47 50
47 93
47 53
47 122
47 56
47 106
47 107
47 58
47 60
47 108
47 109
47 95
48 67
48 96
48 69
48 70
48 72
48 73
48 110
48 74
48 75
48 98
48 112
48 76
48 99
48 101
48 126
48 123
48 114
48 103
48 115
48 83
48 119
48 84
48 86
48 121
48 49
48 89
48 91
48 92
48 50
48 52
48 54
48 122
48 56
48 57
48 58
48 60
48 61
48 94
48 62
48 108
48 109
48 95
48 90
49 66
49 96
49 71
49 110
49 111
49 75
49 97
49 112
49 79
49 102
49 80
49 123
49 127
49 81
49 82
49 83
49 118
49 104
49 84
49 85
49 121
49 90
49 91
49 92
49 50
49 54
49 55
49 106
49 57
49 59
49 60
49 61
49 94
49 63
49 109
50 65
50 96
50 69
50 70
50 72
50 73
50 110
50 97
50 112
50 100
50 77
50 101
50 113
50 102
50 123
50 127
50 114
50 81
50 82
50 116
50 83
50 117
50 118
50 119
50 86
50 88
50 89
50 91
50 52
50 53
50 54
50 122
50 55
50 57
50 107
50 58
50 59
50 94
50 109
51 64
51 65
51 67
51 68
51 96
51 70
51 71
51 110
51 101
51 80
51 127
51 114
51 81
51 115
51 85
51 86
51 124
51 89
51 54
51 122
51 55
51 56
51 106
51 107
51 59
51 94
51 62
51 108
51 109
51 95
52 64
52 66
52 68
52 70
52 71
52 72
52 73
52 74
52 111
52 97
52 98
52 100
52 101
52 113
52 126
52 123
52 127
52 103
52 83
52 117
52 84
52 86
52 121
52 124
52 91
52 54
52 122
52 106
52 107
52 109
53 64
53 67
53 70
53 71
53 73
53 74
53 97
53 98
53 77
53 78
53 79
53 113
53 102
53 123
53 81
53 82
53 115
53 104
53 87
53 124
53 89
53 125
53 91
53 105
53 122
53 55
53 57
53 63
53 109
54 64
54 65
54 96
54 69
54 70
54 71
54 110
54 74
54 111
54 75
54 97
54 98
54 112
54 76
54 99
54 78
54 79
54 101
54 102
54 126
54 123
54 114
54 115
54 116
54 83
54 117
54 104
54 84
54 85
54 120
54 121
54 124
54 89
54 125
54 91
54 92
54 105
54 107
54 59
54 60
54 61
54 108
54 63
54 95
54 119
54 90
54 103
55 64
55 65
55 70
55 72
55 73
55 110
55 111
55 75
55 97
55 98
55 76
55 99
55 79
55 113
55 80
55 123
55 127
55 114
55 81
55 115
55 83
55 118
55 119
55 86
55 124
55 88
55 89
55 125
55 90
55 92
55 93
55 56
55 106
55 57
55 107
55 58
55 60
55 61
55 94
55 62
55 108
55 95
56 65
56 67
56 68
56 96
56 71
56 72
56 73
56 110
56 74
56 111
56 97
56 99
56 100
56 79
56 113
56 123
56 114
56 103
56 82
56 115
56 104
56 119
56 120
56 121
56 124
56 90
56 91
56 57
56 107
56 58
56 62
56 109
56 95
57 64
57 65
57 67
57 68
57 96
57 69
57 70
57 72
57 73
57 97
57 76
57 77
57 79
57 102
57 123
57 127
57 81
57 103
57 82
57 117
57 119
57 84
57 120
57 87
57 124
57 88
57 105
57 122
57 106
57 107
57 60
57 62
57 108
57 63
57 109
57 95
58 66
58 67
58 69
58 72
58 73
58 110
58 111
58 75
58 112
58 99
58 100
58 77
58 78
58 79
58 101
58 113
58 123
58 103
58 82
58 116
58 83
58 119
58 86
58 87
58 124
58 89
58 125
58 90
58 91
58 92
58 106
58 107
58 59
58 108
58 63
58 109
58 95
59 64
59 66
59 70
59 73
59 74
59 97
59 98
59 100
59 78
59 101
59 126
59 123
59 127
59 114
59 81
59 103
59 82
59 115
59 116
59 83
59 117
59 118
59 104
59 84
59 85
59 86
59 87
59 124
59 88
59 89
59 125
59 90
59 91
59 92
59 93
59 60
59 94
59 62
59 108
59 63
59 109
59 95
60 64
60 66
60 96
60 70
60 71
60 72
60 73
60 110
60 98
60 76
60 99
60 101
60 102
60 127
60 114
60 81
60 82
60 115
60 104
60 84
60 120
60 121
60 87
60 125
60 90
60 92
60 93
60 106
60 107
60 109
60 74
60 69
60 108
60 119
60 103
61 64
61 74
61 75
61 97
61 98
61 112
61 100
61 78
61 79
61 80
61 123
61 127
61 81
61 103
61 82
61 83
61 117
61 104
61 85
61 120
61 86
61 87
61 88
61 91
61 92
61 105
61 122
61 106
61 107
61 94
61 108
61 63
61 95
62 64
62 68
62 69
62 70
62 71
62 72
62 73
62 110
62 74
62 111
62 75
62 97
62 98
62 76
62 99
62 126
62 127
62 114
62 82
62 116
62 117
62 118
62 119
62 84
62 85
62 120
62 88
62 125
62 91
62 92
62 105
62 122
62 106
62 107
62 94
62 108
62 63
62 109
62 95
63 64
63 68
63 71
63 73
63 74
63 75
63 98
63 112
63 113
63 102
63 80
63 126
63 114
63 82
63 115
63 118
63 104
63 85
63 86
63 91
63 92
63 93
63 105
63 94
63 108
63 95
64 65
64 66
64 96
64 69
64 72
64 73
64 74
64 97
64 100
64 78
64 101
64 102
64 80
64 126
64 123
64 114
64 103
64 115
64 83
64 117
64 118
64 104
64 119
64 120
64 87
64 124
64 88
64 89
64 91
64 92
64 93
64 105
64 122
64 108
64 95
65 66
65 68
65 70
65 110
65 111
65 97
65 98
65 112
65 100
65 101
65 113
65 102
65 80
65 114
65 116
65 117
65 118
65 119
65 86
65 87
65 124
65 125
65 91
65 93
65 108
66 67
66 68
66 96
66 71
66 72
66 73
66 111
66 97
66 98
66 76
66 99
66 78
66 79
66 113
66 102
66 80
66 123
66 114
66 81
66 103
66 116
66 117
66 118
66 104
66 84
66 120
66 86
66 87
66 124
66 88
66 91
66 92
66 105
66 108
66 95
67 96
67 69
67 72
67 97
67 101
67 102
67 80
67 114
67 103
67 115
67 83
67 117
67 118
67 104
67 119
67 120
67 87
67 124
67 89
67 91
67 93
67 105
67 122
67 95
67 110
67 111
67 112
67 76
67 99
67 79
67 113
67 82
67 86
67 121
67 125
67 109
68 69
68 74
68 78
68 80
68 126
68 83
68 117
68 118
68 119
68 120
68 92
68 93
68 122
68 98
68 77
68 85
68 86
68 121
68 106
68 107
68 94
68 109
69 96
69 70
69 72
69 73
69 110
69 74
69 111
69 97
69 76
69 77
69 79
69 101
69 80
69 127
69 103
69 116
69 83
69 117
69 118
69 104
69 84
69 85
69 86
69 121
69 87
69 88
69 89
69 125
69 90
69 91
69 93
69 107
69 94
69 108
69 119
70 96
70 72
70 73
70 74
70 97
70 100
70 78
70 101
70 123
70 114
70 115
70 83
70 104
70 92
70 93
70 105
70 122
70 95
70 71
70 110
70 98
70 99
70 77
70 79
70 113
70 127
70 85
70 121
70 125
70 90
70 94
71 96
71 72
71 73
71 74
71 78
71 80
71 126
71 123
71 83
71 104
71 119
71 120
71 87
71 124
71 92
71 93
71 122
71 108
71 98
71 77
71 79
71 81
71 82
71 85
71 121
71 109
72 96
72 98
72 112
72 76
72 99
72 100
72 78
72 101
72 102
72 126
72 123
72 114
72 81
72 115
72 83
72 117
72 118
72 104
72 84
72 120
72 121
72 89
72 125
72 105
72 122
72 107
72 95
73 96
73 98
73 112
73 76
73 77
73 78
73 79
73 101
73 80
73 126
73 123
73 114
73 82
73 115
73 116
73 83
73 117
73 118
73 104
73 85
73 121
73 124
73 88
73 89
73 90
73 92
73 122
73 107
73 94
73 108
73 109
74 111
74 75
74 112
74 100
74 78
74 79
74 102
74 80
74 126
74 127
74 114
74 103
74 82
74 104
74 119
74 84
74 85
74 120
74 87
74 89
74 125
74 91
74 93
74 105
74 106
74 94
74 108
74 95
74 121
74 90
75 97
75 101
75 80
75 103
75 115
75 117
75 118
75 120
75 87
75 124
75 88
75 91
75 93
75 95
75 111
75 98
75 112
75 76
75 77
75 79
75 113
75 81
75 82
75 84
75 106
76 96
76 97
76 100
76 123
76 114
76 115
76 83
76 118
76 124
76 88
76 89
76 91
76 105
76 95
76 110
76 111
76 113
76 127
76 82
76 86
76 125
76 106
76 107
77 96
77 97
77 102
77 80
77 123
77 115
77 104
77 119
77 87
77 92
77 93
77 105
77 122
77 110
77 112
77 99
77 79
77 113
77 127
77 86
77 121
77 125
77 90
77 94
78 96
78 110
78 112
78 99
78 101
78 113
78 80
78 81
78 103
78 115
78 116
78 83
78 117
78 118
78 84
78 86
78 87
78 124
78 125
78 91
78 92
79 96
79 97
79 80
79 123
79 83
79 120
79 87
79 124
79 89
79 91
79 105
79 95
79 111
79 127
79 81
79 85
79 121
79 90
79 107
79 94
80 100
80 101
80 110
80 112
80 99
80 126
80 127
80 81
80 115
80 104
80 119
80 85
80 120
80 87
80 88
80 90
80 91
80 93
80 105
80 106
80 94
80 108
80 109
81 100
81 101
81 102
81 126
81 114
81 117
81 104
81 87
81 88
81 89
81 91
81 105
81 122
81 108
81 110
81 98
81 113
81 82
81 116
81 121
81 125
81 106
81 94
81 109
82 97
82 101
82 83
82 117
82 118
82 104
82 124
82 91
82 92
82 93
82 105
82 95
82 110
82 111
82 98
82 99
82 113
82 127
82 116
82 85
82 86
82 107
82 94
83 96
83 97
83 100
83 126
83 114
83 115
83 110
83 99
83 127
83 116
83 117
83 118
83 119
83 120
83 121
83 87
83 125
83 92
83 93
83 105
83 122
83 94
83 108
84 97
84 100
84 101
84 102
84 126
84 123
84 114
84 115
84 118
84 104
84 119
84 120
84 87
84 124
84 88
84 91
84 108
84 95
84 110
84 112
84 99
84 127
84 125
84 107
84 94
84 109
84 121
84 90
84 103
85 96
85 97
85 101
85 126
85 103
85 115
85 104
85 119
85 124
85 88
85 92
85 93
85 105
85 108
85 95
85 111
85 98
85 112
85 113
85 116
85 106
85 107
85 109
86 96
86 97
86 101
86 126
86 123
86 117
86 118
86 104
86 119
86 87
86 88
86 91
86 92
86 105
86 111
86 98
86 112
86 99
86 113
86 107
87 96
87 97
87 114
87 117
87 120
87 99
87 121
87 88
87 89
87 125
87 91
87 122
87 94
87 108
87 109
87 95
88 96
88 102
88 123
88 114
88 103
88 115
88 118
88 104
88 120
88 98
88 113
88 116
88 90
88 105
88 107
88 94
88 108
88 109
89 96
89 126
89 123
89 114
89 103
89 117
89 119
89 120
89 124
89 110
89 111
89 127
89 121
89 125
89 93
89 122
89 106
89 107
89 108
89 95
90 97
90 100
90 101
90 102
90 123
90 103
90 120
90 91
90 93
90 122
90 108
90 95
90 111
90 98
90 112
90 99
90 113
90 116
90 125
90 107
90 119
90 121
91 101
91 102
91 115
91 120
91 124
91 110
91 111
91 112
91 99
91 113
91 116
91 125
91 92
91 93
91 94
91 109
92 96
92 100
92 102
92 114
92 103
92 119
92 120
92 110
92 111
92 113
92 127
92 116
92 107
93 97
93 126
93 104
93 124
93 110
93 111
93 98
93 112
93 99
93 127
93 116
93 122
93 106
93 107
93 94
94 96
94 100
94 101
94 114
94 103
94 118
94 104
94 119
94 124
94 105
94 110
94 111
94 98
94 113
94 127
94 116
94 121
94 125
94 106
94 109
95 97
95 126
95 123
95 115
95 117
95 118
95 104
95 119
95 124
95 122
95 108
95 110
95 111
95 112
95 99
95 116
95 121
96 110
96 111
96 97
96 99
96 113
96 102
96 126
96 127
96 114
96 115
96 117
96 120
96 125
96 105
96 107
97 110
97 112
97 100
97 101
97 126
97 123
97 114
97 103
97 115
97 116
97 117
97 118
97 120
97 124
97 125
97 105
97 122
97 107
97 108
97 109
98 101
98 102
98 114
98 115
98 117
98 120
98 124
98 105
98 111
98 112
98 99
98 127
98 109
99 100
99 126
99 117
99 118
99 104
99 119
99 120
99 105
99 108
99 112
99 113
99 127
99 125
100 111
100 101
100 102
100 126
100 123
100 114
100 116
100 117
100 104
100 119
100 120
100 121
100 124
100 125
100 105
100 122
100 109
101 110
101 102
101 126
101 127
101 103
101 115
101 118
101 121
101 124
101 122
101 107
101 108
101 109
102 110
102 111
102 112
102 113
102 126
102 127
102 114
102 115
102 116
102 119
102 120
102 124
102 107
103 123
103 114
103 110
103 113
103 115
103 116
103 117
103 121
103 124
103 105
103 107
103 108
103 119
104 114
104 118
104 110
104 111
104 112
104 113
104 127
104 120
104 121
104 124
104 125
104 122
104 107
104 109
105 126
105 118
105 119
105 120
105 110
105 127
105 116
105 125
105 108
105 109
106 123
106 115
106 117
106 119
106 120
106 124
106 122
106 108
106 113
106 127
106 121
106 107
107 126
107 123
107 114
107 115
107 117
107 122
107 112
107 113
107 127
107 116
107 109
108 126
108 114
108 115
108 124
108 122
108 127
108 116
108 125
108 119
108 121
109 114
109 119
109 122
109 110
109 111
109 113
110 126
110 123
110 119
110 120
110 124
110 122
110 112
110 113
110 116
110 121
111 126
111 123
111 115
111 118
111 119
111 120
111 124
111 122
111 127
111 116
111 121
112 123
112 115
112 119
112 120
112 113
112 116
112 121
112 125
113 114
113 115
113 117
113 122
113 127
113 116
113 121
114 126
114 123
114 127
114 115
114 118
114 125
115 126
115 117
115 118
115 119
115 121
115 122
116 123
116 117
116 118
116 122
116 127
116 125
117 126
117 123
117 127
117 118
117 120
117 125
118 127
118 120
118 122
119 127
119 121
120 123
120 127
120 124
120 125
121 122
121 125
122 126
122 124
123 126
123 127
123 124
124 125
125 126
