0 1
0 2
0 3
0 4
0 5
0 6
0 7
0 8
0 9
0 10
0 11
0 12
0 13
0 14
0 15
0 16
0 17
0 18
0 19
0 20
0 21
0 22
0 23
0 24
0 25
0 26
0 27
0 28
0 29
0 30
0 31
0 32
0 33
0 34
0 35
0 36
0 37
0 38
0 39
0 40
0 41
0 42
0 43
0 44
0 45
0 46
0 47
0 48
0 49
0 50
0 51
0 52
0 53
0 54
0 55
0 56
0 57
0 58
0 59
0 60
0 61
0 62
0 63
0 64
0 65
0 66
1 67
1 68
1 4
1 69
1 70
1 5
1 6
1 71
1 10
1 73
1 13
1 14
1 74
1 16
1 75
1 18
1 20
1 24
1 26
1 27
1 77
1 30
1 78
1 32
1 33
1 34
1 37
1 79
1 39
1 40
1 42
1 45
1 81
1 46
1 48
1 49
1 82
1 52
1 53
1 83
1 84
1 58
1 59
1 60
1 85
1 61
1 87
1 88
1 89
1 64
1 65
1 90
1 91
1 66
1 8
1 111
1 98
1 114
1 117
1 62
1 57
1 3
1 120
1 101
2 67
2 3
2 92
2 93
2 70
2 5
2 6
2 94
2 95
2 7
2 10
2 96
2 11
2 97
2 12
2 73
2 75
2 98
2 21
2 22
2 23
2 24
2 25
2 27
2 99
2 28
2 100
2 29
2 32
2 34
2 35
2 80
2 40
2 42
2 43
2 45
2 102
2 103
2 48
2 50
2 82
2 52
2 53
2 55
2 104
2 105
2 56
2 57
2 58
2 59
2 85
2 62
3 68
3 93
3 4
3 5
3 94
3 95
3 96
3 11
3 13
3 15
3 16
3 19
3 106
3 21
3 107
3 108
3 109
3 110
3 26
3 29
3 111
3 35
3 79
3 38
3 41
3 81
3 102
3 47
3 103
3 48
3 53
3 54
3 55
3 84
3 105
3 56
3 57
3 85
3 112
3 62
3 63
3 113
3 88
3 64
3 90
3 91
3 66
3 6
3 8
3 18
3 98
3 114
3 117
3 27
3 120
3 101
3 74
3 46
3 61
3 78
4 114
4 67
4 93
4 115
4 70
4 6
4 71
4 11
4 97
4 116
4 72
4 13
4 74
4 117
4 75
4 17
4 106
4 20
4 24
4 25
4 27
4 77
4 99
4 111
4 30
4 78
4 31
4 101
4 33
4 34
4 35
4 36
4 118
4 80
4 38
4 39
4 119
4 40
4 41
4 43
4 44
4 81
4 46
4 102
4 120
4 103
4 48
4 50
4 82
4 52
4 104
4 56
4 58
4 60
4 87
4 121
4 89
4 66
5 114
5 67
5 92
5 69
5 6
5 94
5 95
5 7
5 8
5 10
5 12
5 116
5 73
5 13
5 14
5 15
5 75
5 122
5 17
5 98
5 106
5 23
5 24
5 27
5 99
5 30
5 78
5 31
5 101
5 33
5 123
5 79
5 38
5 119
5 40
5 41
5 124
5 45
5 81
5 102
5 103
5 50
5 51
5 53
5 83
5 105
5 56
5 59
5 62
5 86
5 113
5 87
5 121
5 88
5 64
5 65
6 114
6 68
6 92
6 69
6 115
6 94
6 95
6 7
6 8
6 71
6 96
6 12
6 72
6 13
6 14
6 74
6 117
6 98
6 18
6 20
6 76
6 24
6 110
6 25
6 27
6 99
6 100
6 111
6 101
6 35
6 36
6 37
6 118
6 80
6 38
6 40
6 42
6 43
6 44
6 46
6 102
6 47
6 103
6 49
6 50
6 82
6 83
6 54
6 55
6 84
6 104
6 57
6 58
6 61
6 62
6 86
6 121
6 88
6 64
6 125
6 65
6 91
6 66
6 120
6 85
6 16
6 78
7 92
7 93
7 70
7 8
7 10
7 96
7 11
7 97
7 12
7 14
7 117
7 15
7 16
7 122
7 98
7 18
7 19
7 106
7 20
7 76
7 107
7 109
7 23
7 24
7 28
7 111
7 32
7 101
7 35
7 118
7 38
7 39
7 41
7 42
7 43
7 124
7 45
7 81
7 102
7 120
7 47
7 103
7 48
7 50
7 82
7 84
7 105
7 56
7 57
7 59
7 85
7 62
7 63
7 86
7 89
7 64
7 65
8 114
8 68
8 69
8 115
8 70
8 94
8 95
8 11
8 97
8 13
8 117
8 16
8 17
8 98
8 18
8 106
8 21
8 107
8 109
8 22
8 24
8 27
8 99
8 100
8 29
8 111
8 78
8 31
8 101
8 34
8 35
8 123
8 79
8 40
8 41
8 42
8 124
8 81
8 46
8 120
8 51
8 82
8 83
8 56
8 58
8 59
8 85
8 112
8 62
8 87
8 65
8 91
8 57
8 74
8 61
9 68
9 70
9 10
9 96
9 11
9 97
9 12
9 72
9 13
9 16
9 75
9 122
9 17
9 98
9 18
9 19
9 20
9 76
9 108
9 110
9 111
9 30
9 32
9 33
9 123
9 79
9 118
9 80
9 39
9 119
9 42
9 44
9 45
9 81
9 46
9 120
9 47
9 48
9 50
9 51
9 83
9 55
9 84
9 56
9 63
9 113
9 87
9 121
9 88
9 64
9 125
9 65
9 90
9 91
10 114
10 67
10 94
10 95
10 97
10 72
10 73
10 74
10 75
10 122
10 17
10 18
10 20
10 21
10 76
10 108
10 22
10 24
10 27
10 77
10 99
10 28
10 78
10 32
10 126
10 33
10 35
10 37
10 123
10 80
10 38
10 40
10 42
10 45
10 46
10 120
10 47
10 49
10 50
10 51
10 82
10 54
10 84
10 104
10 57
10 58
10 60
10 85
10 61
10 62
10 63
10 86
10 88
10 89
10 65
10 90
10 91
10 66
11 67
11 68
11 95
11 12
11 73
11 13
11 74
11 117
11 15
11 17
11 18
11 127
11 19
11 106
11 21
11 109
11 22
11 23
11 25
11 77
11 100
11 29
11 101
11 126
11 35
11 123
11 79
11 118
11 38
11 40
11 42
11 44
11 45
11 102
11 120
11 103
11 50
11 51
11 52
11 53
11 83
11 84
11 105
11 56
11 57
11 58
11 59
11 85
11 63
11 86
11 87
11 89
11 64
11 90
11 91
11 66
12 67
12 68
12 92
12 93
12 69
12 115
12 70
12 95
12 71
12 73
12 117
12 16
12 75
12 19
12 20
12 76
12 108
12 109
12 110
12 25
12 77
12 111
12 31
12 32
12 36
12 37
12 39
12 43
12 124
12 81
12 46
12 102
12 120
12 47
12 103
12 48
12 49
12 51
12 52
12 53
12 55
12 105
12 59
12 112
12 62
12 86
12 113
12 125
13 114
13 67
13 68
13 69
13 115
13 70
13 71
13 96
13 97
13 72
13 73
13 14
13 74
13 15
13 17
13 98
13 127
13 19
13 76
13 108
13 23
13 110
13 25
13 26
13 27
13 28
13 100
13 29
13 111
13 30
13 78
13 31
13 33
13 37
13 123
13 79
13 38
13 39
13 119
13 41
13 42
13 43
13 45
13 81
13 46
13 49
13 50
13 53
13 54
13 55
13 84
13 105
13 57
13 58
13 60
13 112
13 62
13 86
13 87
13 121
13 89
13 64
13 125
14 114
14 67
14 92
14 93
14 70
14 94
14 71
14 97
14 72
14 73
14 122
14 98
14 18
14 20
14 21
14 76
14 108
14 109
14 23
14 110
14 28
14 31
14 101
14 126
14 37
14 41
14 43
14 44
14 124
14 120
14 47
14 103
14 48
14 49
14 82
14 52
14 83
14 54
14 55
14 57
14 58
14 112
14 61
14 113
14 89
14 64
14 65
14 90
14 91
15 114
15 68
15 92
15 69
15 71
15 96
15 72
15 73
15 74
15 117
15 122
15 17
15 98
15 127
15 19
15 107
15 109
15 23
15 25
15 26
15 27
15 100
15 111
15 78
15 126
15 33
15 34
15 35
15 37
15 123
15 79
15 38
15 119
15 40
15 41
15 42
15 44
15 124
15 81
15 47
15 103
15 48
15 49
15 50
15 53
15 83
15 54
15 55
15 84
15 104
15 57
15 59
15 112
15 63
15 89
15 64
15 65
15 91
15 66
16 114
16 68
16 94
16 71
16 96
16 97
16 72
16 73
16 75
16 106
16 76
16 108
16 23
16 24
16 110
16 25
16 27
16 99
16 29
16 111
16 32
16 33
16 35
16 36
16 123
16 38
16 119
16 40
16 44
16 45
16 120
16 103
16 48
16 50
16 51
16 82
16 52
16 54
16 55
16 84
16 104
16 105
16 56
16 59
16 61
16 62
16 63
16 113
16 87
16 65
16 90
16 66
16 18
16 98
16 91
16 117
16 57
16 85
16 101
16 74
16 46
16 78
17 67
17 68
17 92
17 93
17 71
17 116
17 72
17 75
17 98
17 18
17 19
17 106
17 76
17 107
17 108
17 109
17 22
17 24
17 26
17 77
17 99
17 28
17 29
17 111
17 31
17 101
17 126
17 36
17 37
17 80
17 39
17 40
17 41
17 42
17 44
17 124
17 45
17 81
17 82
17 53
17 83
17 55
17 84
17 104
17 105
17 56
17 57
17 58
17 112
17 62
17 86
17 113
17 87
17 121
17 89
17 65
17 90
18 114
18 68
18 93
18 69
18 115
18 94
18 95
18 96
18 97
18 116
18 72
18 73
18 74
18 117
18 75
18 122
18 98
18 19
18 76
18 109
18 25
18 26
18 27
18 77
18 99
18 28
18 100
18 111
18 78
18 126
18 37
18 38
18 39
18 43
18 45
18 46
18 102
18 103
18 49
18 51
18 83
18 54
18 55
18 84
18 105
18 56
18 57
18 58
18 59
18 60
18 112
18 61
18 62
18 88
18 91
18 120
18 85
18 101
19 114
19 67
19 68
19 115
19 94
19 71
19 96
19 97
19 73
19 74
19 75
19 122
19 98
19 106
19 20
19 76
19 107
19 108
19 109
19 22
19 23
19 25
19 27
19 99
19 78
19 31
19 101
19 35
19 36
19 123
19 79
19 118
19 39
19 40
19 41
19 43
19 44
19 124
19 45
19 46
19 102
19 120
19 47
19 103
19 48
19 49
19 52
19 105
19 56
19 57
19 59
19 60
19 112
19 61
19 62
19 86
19 113
19 88
19 89
19 125
20 114
20 68
20 92
20 93
20 115
20 70
20 95
20 71
20 96
20 97
20 72
20 73
20 122
20 98
20 108
20 22
20 23
20 110
20 25
20 77
20 99
20 29
20 111
20 31
20 32
20 34
20 36
20 37
20 123
20 41
20 42
20 44
20 81
20 49
20 50
20 82
20 52
20 54
20 55
20 105
20 56
20 58
20 85
20 63
20 86
20 121
20 89
20 64
20 125
20 65
20 90
20 91
20 66
21 114
21 70
21 94
21 95
21 71
21 96
21 97
21 116
21 73
21 122
21 98
21 76
21 23
21 25
21 26
21 27
21 28
21 100
21 111
21 78
21 32
21 126
21 37
21 118
21 80
21 38
21 39
21 41
21 42
21 124
21 46
21 102
21 49
21 50
21 82
21 53
21 83
21 55
21 84
21 104
21 56
21 57
21 58
21 85
21 112
21 61
21 62
21 63
21 121
21 88
21 89
21 64
21 91
21 66
22 114
22 92
22 69
22 115
22 95
22 71
22 97
22 116
22 73
22 74
22 117
22 122
22 106
22 76
22 108
22 23
22 77
22 99
22 29
22 111
22 30
22 78
22 126
22 33
22 35
22 36
22 37
22 123
22 79
22 119
22 40
22 44
22 49
22 51
22 83
22 54
22 55
22 105
22 56
22 57
22 85
22 112
22 62
22 63
22 86
22 87
22 64
22 91
23 114
23 67
23 93
23 115
23 70
23 94
23 116
23 73
23 117
23 75
23 98
23 106
23 107
23 108
23 109
23 24
23 110
23 99
23 100
23 29
23 111
23 30
23 123
23 118
23 80
23 119
23 40
23 41
23 45
23 81
23 47
23 52
23 53
23 83
23 54
23 55
23 84
23 104
23 56
23 57
23 59
23 63
23 87
23 121
23 89
23 125
23 65
23 90
23 91
23 66
24 68
24 69
24 115
24 94
24 95
24 71
24 96
24 72
24 73
24 74
24 117
24 122
24 106
24 108
24 77
24 99
24 30
24 78
24 32
24 101
24 36
24 79
24 118
24 80
24 39
24 119
24 41
24 42
24 43
24 124
24 81
24 102
24 47
24 48
24 49
24 50
24 51
24 52
24 53
24 83
24 54
24 104
24 105
24 56
24 57
24 60
24 112
24 61
24 62
24 63
24 86
24 113
24 87
24 88
24 64
24 125
24 65
24 91
25 114
25 92
25 93
25 70
25 71
25 97
25 116
25 72
25 106
25 108
25 109
25 110
25 27
25 99
25 28
25 78
25 31
25 32
25 33
25 34
25 118
25 39
25 40
25 41
25 124
25 81
25 120
25 103
25 48
25 49
25 84
25 105
25 59
25 60
25 112
25 61
25 62
25 63
25 86
25 113
25 121
25 88
25 64
25 66
26 67
26 93
26 69
26 115
26 70
26 71
26 96
26 97
26 116
26 72
26 122
26 127
26 106
26 76
26 108
26 109
26 110
26 77
26 99
26 100
26 29
26 30
26 78
26 31
26 32
26 126
26 34
26 35
26 123
26 118
26 80
26 119
26 40
26 44
26 81
26 102
26 47
26 48
26 49
26 50
26 52
26 54
26 55
26 84
26 104
26 56
26 57
26 85
26 62
26 86
26 113
26 87
26 121
26 65
26 90
26 91
27 114
27 67
27 68
27 93
27 69
27 94
27 72
27 73
27 74
27 117
27 75
27 122
27 98
27 109
27 110
27 28
27 100
27 29
27 111
27 30
27 78
27 32
27 126
27 33
27 35
27 36
27 123
27 118
27 38
27 40
27 41
27 44
27 46
27 102
27 47
27 49
27 51
27 52
27 53
27 83
27 104
27 105
27 56
27 57
27 59
27 85
27 112
27 61
27 62
27 63
27 86
27 87
27 121
27 88
27 64
27 91
27 120
27 101
28 114
28 67
28 68
28 93
28 96
28 73
28 74
28 127
28 108
28 109
28 100
28 29
28 111
28 30
28 78
28 126
28 36
28 37
28 80
28 39
28 119
28 42
28 44
28 124
28 45
28 120
28 103
28 49
28 53
28 84
28 105
28 56
28 57
28 58
28 60
28 61
28 62
28 63
28 121
28 88
28 89
28 64
28 65
28 90
28 91
28 66
29 114
29 67
29 92
29 115
29 70
29 71
29 97
29 73
29 74
29 75
29 127
29 108
29 110
29 77
29 99
29 78
29 31
29 32
29 101
29 34
29 123
29 79
29 118
29 80
29 39
29 40
29 44
29 124
29 45
29 81
29 46
29 102
29 51
29 54
29 55
29 84
29 56
29 58
29 59
29 85
29 61
29 62
29 63
29 86
29 88
29 89
29 64
30 114
30 67
30 92
30 93
30 69
30 70
30 71
30 96
30 97
30 72
30 73
30 117
30 122
30 127
30 106
30 76
30 107
30 108
30 109
30 110
30 77
30 78
30 31
30 101
30 126
30 33
30 34
30 37
30 119
30 42
30 43
30 124
30 46
30 102
30 47
30 49
30 53
30 84
30 104
30 56
30 57
30 58
30 59
30 60
30 85
30 112
30 61
30 86
30 121
30 89
30 90
31 114
31 92
31 69
31 70
31 94
31 116
31 73
31 74
31 117
31 75
31 122
31 98
31 106
31 107
31 109
31 110
31 77
31 99
31 111
31 34
31 36
31 37
31 123
31 79
31 80
31 38
31 39
31 119
31 41
31 42
31 43
31 102
31 47
31 49
31 50
31 82
31 53
31 54
31 84
31 105
31 56
31 57
31 58
31 59
31 85
31 112
31 62
31 86
31 64
31 125
31 91
32 114
32 69
32 115
32 70
32 94
32 71
32 96
32 98
32 127
32 76
32 110
32 77
32 100
32 126
32 34
32 123
32 118
32 39
32 119
32 42
32 43
32 124
32 45
32 102
32 47
32 49
32 50
32 82
32 53
32 105
32 112
32 62
32 63
32 86
32 87
32 89
32 64
32 65
32 90
33 67
33 92
33 93
33 69
33 115
33 70
33 96
33 72
33 73
33 75
33 106
33 108
33 110
33 77
33 99
33 78
33 34
33 36
33 37
33 79
33 119
33 40
33 41
33 42
33 43
33 124
33 47
33 103
33 82
33 52
33 53
33 83
33 54
33 84
33 105
33 56
33 58
33 60
33 85
33 112
33 61
33 62
33 63
33 86
33 113
33 121
33 88
33 89
33 64
33 125
33 90
34 114
34 68
34 92
34 69
34 115
34 94
34 95
34 116
34 73
34 75
34 98
34 106
34 77
34 99
34 100
34 111
34 78
34 35
34 79
34 118
34 119
34 40
34 41
34 42
34 44
34 45
34 81
34 47
34 49
34 50
34 51
34 52
34 53
34 55
34 104
34 56
34 59
34 112
34 86
34 87
34 89
34 125
34 65
34 91
35 67
35 92
35 93
35 115
35 95
35 71
35 96
35 116
35 122
35 108
35 110
35 77
35 118
35 80
35 39
35 41
35 124
35 81
35 46
35 102
35 47
35 103
35 49
35 51
35 82
35 52
35 53
35 54
35 55
35 84
35 104
35 57
35 59
35 60
35 61
35 63
35 86
35 87
35 88
35 89
35 65
35 91
36 114
36 67
36 68
36 92
36 93
36 69
36 115
36 95
36 71
36 96
36 72
36 73
36 74
36 75
36 98
36 107
36 108
36 100
36 111
36 78
36 123
36 119
36 40
36 41
36 42
36 47
36 51
36 82
36 52
36 53
36 83
36 54
36 55
36 84
36 57
36 62
36 63
36 86
36 113
36 88
36 89
36 90
36 91
36 66
37 114
37 67
37 68
37 92
37 93
37 115
37 70
37 71
37 97
37 73
37 74
37 122
37 76
37 110
37 99
37 126
37 79
37 39
37 119
37 40
37 42
37 124
37 46
37 103
37 49
37 51
37 82
37 52
37 54
37 84
37 104
37 56
37 57
37 59
37 112
37 86
37 121
37 88
37 89
37 64
37 91
38 114
38 67
38 93
38 115
38 94
38 95
38 96
38 97
38 116
38 72
38 74
38 122
38 107
38 100
38 111
38 101
38 126
38 79
38 118
38 80
38 40
38 41
38 43
38 44
38 124
38 45
38 120
38 48
38 49
38 82
38 52
38 53
38 83
38 84
38 104
38 58
38 59
38 113
38 87
38 121
38 89
38 125
39 114
39 67
39 68
39 93
39 69
39 115
39 94
39 97
39 116
39 117
39 75
39 98
39 107
39 108
39 109
39 100
39 111
39 78
39 101
39 126
39 123
39 118
39 40
39 42
39 43
39 124
39 45
39 81
39 47
39 103
39 48
39 50
39 82
39 83
39 55
39 84
39 57
39 59
39 85
39 62
39 63
39 86
39 121
39 88
39 89
39 65
39 90
39 91
39 66
40 114
40 67
40 68
40 92
40 115
40 70
40 94
40 95
40 71
40 97
40 116
40 72
40 73
40 117
40 122
40 98
40 127
40 106
40 76
40 109
40 110
40 99
40 111
40 78
40 101
40 79
40 118
40 119
40 81
40 102
40 47
40 103
40 49
40 50
40 51
40 82
40 52
40 53
40 55
40 84
40 56
40 57
40 85
40 62
40 87
40 88
40 64
40 65
41 114
41 68
41 69
41 94
41 71
41 96
41 97
41 72
41 73
41 117
41 122
41 127
41 76
41 107
41 110
41 123
41 79
41 119
41 44
41 45
41 81
41 46
41 102
41 47
41 82
41 52
41 53
41 83
41 55
41 84
41 104
41 56
41 59
41 85
41 62
41 113
41 87
41 88
41 64
41 90
42 93
42 69
42 94
42 71
42 117
42 75
42 127
42 110
42 77
42 111
42 126
42 123
42 118
42 80
42 43
42 46
42 102
42 120
42 47
42 103
42 48
42 82
42 53
42 83
42 55
42 84
42 104
42 105
42 56
42 59
42 60
42 85
42 112
42 86
42 64
42 90
42 91
43 114
43 67
43 92
43 93
43 69
43 70
43 71
43 96
43 116
43 74
43 117
43 75
43 106
43 107
43 110
43 101
43 126
43 79
43 119
43 124
43 46
43 102
43 103
43 48
43 82
43 54
43 55
43 84
43 104
43 105
43 56
43 58
43 60
43 112
43 62
43 125
43 91
43 66
44 67
44 92
44 93
44 69
44 115
44 94
44 95
44 71
44 97
44 74
44 117
44 75
44 122
44 127
44 108
44 77
44 79
44 124
44 45
44 81
44 47
44 48
44 50
44 51
44 82
44 52
44 83
44 54
44 55
44 104
44 58
44 60
44 85
44 112
44 62
44 86
44 113
44 87
44 121
44 88
44 125
45 67
45 92
45 93
45 69
45 95
45 71
45 96
45 116
45 72
45 73
45 74
45 117
45 127
45 76
45 109
45 110
45 77
45 99
45 101
45 126
45 123
45 119
45 102
45 120
45 47
45 103
45 48
45 50
45 51
45 53
45 83
45 54
45 55
45 104
45 57
45 60
45 85
45 112
45 62
45 86
45 113
45 87
45 121
45 88
45 89
45 64
45 65
45 91
45 66
46 114
46 67
46 92
46 69
46 70
46 94
46 95
46 96
46 116
46 73
46 74
46 75
46 106
46 76
46 109
46 110
46 99
46 111
46 123
46 124
46 120
46 47
46 48
46 49
46 51
46 52
46 83
46 55
46 84
46 56
46 60
46 61
46 62
46 63
46 113
46 88
46 64
46 65
46 66
46 98
46 68
46 91
46 117
46 57
46 85
46 101
46 78
47 114
47 92
47 93
47 69
47 115
47 70
47 96
47 97
47 116
47 72
47 75
47 106
47 76
47 107
47 108
47 109
47 77
47 111
47 101
47 123
47 120
47 103
47 48
47 49
47 51
47 52
47 53
47 83
47 55
47 84
47 104
47 57
47 59
47 85
47 61
47 62
47 63
47 86
47 113
47 87
47 121
47 88
47 89
47 64
47 91
47 66
48 114
48 93
48 115
48 70
48 95
48 97
48 73
48 74
48 75
48 98
48 127
48 76
48 108
48 77
48 100
48 111
48 79
48 124
48 102
48 120
48 50
48 51
48 82
48 52
48 53
48 84
48 56
48 57
48 59
48 85
48 63
48 113
48 121
48 88
48 89
48 125
48 65
48 90
48 91
48 66
49 67
49 68
49 69
49 94
49 95
49 97
49 116
49 73
49 106
49 107
49 108
49 109
49 111
49 118
49 80
49 119
49 124
49 81
49 102
49 50
49 52
49 83
49 57
49 59
49 60
49 85
49 112
49 62
49 121
49 88
49 64
49 125
49 65
49 90
50 114
50 67
50 68
50 92
50 70
50 94
50 97
50 72
50 98
50 127
50 108
50 109
50 77
50 99
50 100
50 78
50 126
50 123
50 80
50 119
50 124
50 81
50 102
50 103
50 52
50 83
50 54
50 55
50 84
50 104
50 105
50 56
50 58
50 60
50 61
50 62
50 63
50 86
50 121
50 89
50 64
50 125
50 91
51 68
51 93
51 69
51 71
51 97
51 116
51 72
51 73
51 122
51 76
51 109
51 99
51 100
51 123
51 124
51 81
51 102
51 120
51 82
51 53
51 54
51 104
51 58
51 59
51 60
51 61
51 62
51 63
51 86
51 113
51 87
51 89
51 64
51 90
51 91
52 114
52 67
52 69
52 115
52 94
52 95
52 116
52 72
52 74
52 75
52 108
52 109
52 78
52 123
52 118
52 80
52 119
52 81
52 120
52 83
52 105
52 56
52 59
52 60
52 113
52 64
52 125
52 91
52 66
53 114
53 68
53 92
53 93
53 71
53 96
53 117
53 75
53 127
53 76
53 110
53 77
53 100
53 111
53 123
53 79
53 118
53 119
53 124
53 81
53 102
53 103
53 83
53 54
53 55
53 84
53 104
53 56
53 59
53 60
53 112
53 63
53 113
53 64
53 125
53 65
53 66
54 114
54 67
54 68
54 93
54 69
54 70
54 97
54 116
54 72
54 74
54 117
54 122
54 98
54 127
54 106
54 76
54 107
54 110
54 77
54 100
54 78
54 101
54 123
54 119
54 124
54 81
54 120
54 103
54 104
54 56
54 60
54 112
54 86
54 113
54 87
54 88
54 64
54 90
54 91
54 66
55 67
55 68
55 69
55 71
55 97
55 74
55 117
55 75
55 122
55 76
55 107
55 109
55 77
55 101
55 80
55 124
55 81
55 120
55 103
55 84
55 104
55 56
55 58
55 59
55 112
55 61
55 113
55 121
55 125
55 65
55 91
55 66
56 114
56 68
56 92
56 69
56 70
56 71
56 96
56 97
56 116
56 72
56 74
56 75
56 127
56 106
56 76
56 107
56 108
56 109
56 126
56 123
56 118
56 80
56 81
56 102
56 82
56 105
56 57
56 60
56 61
56 63
56 121
56 88
57 68
57 92
57 93
57 94
57 95
57 71
57 97
57 117
57 122
57 98
57 76
57 107
57 108
57 109
57 99
57 100
57 78
57 101
57 79
57 118
57 80
57 119
57 124
57 81
57 59
57 60
57 112
57 63
57 113
57 125
57 65
57 111
57 91
57 114
57 62
57 120
57 85
57 74
57 61
58 67
58 68
58 93
58 95
58 71
58 116
58 72
58 74
58 117
58 75
58 106
58 107
58 108
58 78
58 101
58 126
58 124
58 102
58 103
58 83
58 84
58 104
58 59
58 85
58 63
58 86
58 113
58 121
58 88
58 64
58 65
58 90
58 91
59 68
59 93
59 115
59 94
59 95
59 97
59 116
59 72
59 73
59 117
59 75
59 122
59 127
59 76
59 107
59 108
59 77
59 99
59 100
59 101
59 126
59 123
59 79
59 118
59 80
59 81
59 102
59 120
59 103
59 83
59 84
59 105
59 85
59 112
59 63
59 86
59 113
59 121
59 88
59 65
59 90
59 91
60 114
60 92
60 93
60 69
60 115
60 70
60 95
60 96
60 116
60 73
60 74
60 75
60 122
60 106
60 76
60 77
60 99
60 111
60 78
60 79
60 80
60 119
60 81
60 103
60 105
60 85
60 61
60 62
60 86
60 113
60 121
60 64
60 125
60 90
61 69
61 115
61 94
61 95
61 97
61 72
61 74
61 98
61 127
61 76
61 77
61 78
61 101
61 123
61 79
61 119
61 124
61 102
61 103
61 105
61 113
61 88
61 89
61 125
61 91
61 66
61 111
61 68
61 114
61 117
61 62
61 120
61 85
62 114
62 67
62 68
62 93
62 69
62 70
62 95
62 71
62 116
62 72
62 117
62 98
62 76
62 109
62 110
62 77
62 99
62 111
62 78
62 101
62 80
62 81
62 102
62 103
62 85
62 112
62 63
62 87
62 121
62 88
62 89
62 64
62 90
62 91
62 120
62 74
63 68
63 92
63 93
63 115
63 94
63 97
63 116
63 72
63 73
63 74
63 98
63 127
63 76
63 107
63 108
63 77
63 111
63 101
63 126
63 123
63 79
63 118
63 80
63 119
63 102
63 120
63 103
63 84
63 104
63 105
63 112
63 86
63 113
63 87
63 89
64 114
64 67
64 92
64 93
64 115
64 70
64 96
64 97
64 116
64 72
64 74
64 122
64 98
64 127
64 106
64 76
64 109
64 77
64 78
64 126
64 123
64 79
64 80
64 119
64 82
64 104
64 105
64 85
64 112
64 86
64 88
64 89
64 65
64 90
64 91
64 66
65 67
65 68
65 93
65 69
65 94
65 95
65 73
65 74
65 75
65 127
65 108
65 77
65 100
65 111
65 123
65 119
65 124
65 81
65 102
65 83
65 84
65 85
65 86
65 113
65 87
65 88
65 91
66 67
66 92
66 93
66 69
66 115
66 94
66 95
66 97
66 116
66 72
66 74
66 75
66 127
66 106
66 109
66 110
66 111
66 101
66 126
66 123
66 79
66 80
66 119
66 124
66 82
66 83
66 84
66 104
66 105
66 85
66 86
66 88
66 90
66 91
67 114
67 92
67 93
67 115
67 70
67 95
67 71
67 96
67 97
67 116
67 74
67 75
67 122
67 98
67 106
67 108
67 99
67 111
67 101
67 79
67 118
67 81
67 103
67 104
67 85
67 112
67 113
67 121
67 88
67 90
68 114
68 92
68 93
68 115
68 71
68 96
68 97
68 74
68 117
68 98
68 107
68 99
68 100
68 111
68 78
68 126
68 79
68 80
68 120
68 82
68 83
68 84
68 85
68 112
68 86
68 113
68 87
68 121
68 88
68 125
68 91
68 101
69 73
69 117
69 122
69 106
69 76
69 108
69 78
69 119
69 85
69 113
69 121
69 88
69 91
69 71
69 116
69 75
69 99
69 118
69 81
69 104
69 90
69 77
69 126
69 123
69 83
69 84
69 86
69 89
69 125
70 92
70 93
70 96
70 117
70 106
70 76
70 107
70 111
70 78
70 119
70 120
70 105
70 85
70 121
70 88
70 94
70 75
70 109
70 99
70 100
70 126
70 123
70 79
70 124
70 81
70 103
70 83
70 86
70 89
70 125
71 93
71 117
71 122
71 107
71 110
71 111
71 78
71 82
71 85
71 94
71 116
71 74
71 75
71 127
71 100
71 126
71 118
71 80
71 124
71 81
71 102
71 103
71 84
71 104
71 112
71 86
71 87
71 125
71 90
72 114
72 92
72 93
72 95
72 96
72 94
72 73
72 122
72 106
72 76
72 107
72 77
72 99
72 100
72 78
72 126
72 79
72 81
72 103
72 83
72 105
72 112
72 86
72 87
72 121
72 88
72 89
73 114
73 97
73 94
73 74
73 117
73 75
73 106
73 107
73 77
73 123
73 118
73 80
73 83
73 104
73 85
73 113
73 87
73 121
73 88
73 89
73 125
73 91
74 92
74 95
74 97
74 117
74 98
74 107
74 110
74 82
74 121
74 94
74 99
74 100
74 126
74 79
74 118
74 124
74 102
74 84
74 112
74 86
74 87
74 90
74 111
74 91
74 114
74 120
74 85
74 101
74 78
75 97
75 98
75 76
75 107
75 108
75 111
75 78
75 119
75 120
75 82
75 105
75 113
75 116
75 94
75 77
75 99
75 100
75 123
75 79
75 118
75 81
75 102
75 103
75 84
75 86
75 87
75 89
75 125
76 114
76 92
76 93
76 96
76 117
76 106
76 108
76 100
76 101
76 118
76 81
76 120
76 82
76 83
76 84
76 86
76 87
76 89
76 91
77 92
77 93
77 95
77 96
77 117
77 98
77 107
77 108
77 110
77 111
77 78
77 119
77 91
77 116
77 99
77 101
77 104
77 112
77 123
77 102
77 89
77 125
78 114
78 93
78 97
78 117
78 122
78 106
78 107
78 108
78 111
78 127
78 101
78 123
78 118
78 120
78 103
78 84
78 112
78 88
78 90
78 91
78 98
78 85
79 92
79 115
79 97
79 98
79 106
79 108
79 111
79 105
79 113
79 121
79 91
79 116
79 101
79 94
79 127
79 109
79 126
79 118
79 80
79 124
79 81
79 102
79 83
79 84
79 104
79 125
80 92
80 93
80 115
80 96
80 97
80 117
80 122
80 107
80 110
80 82
80 113
80 121
80 88
80 116
80 101
80 118
80 81
80 104
80 112
80 90
80 94
80 127
80 100
80 124
80 87
80 89
80 125
81 92
81 115
81 95
81 97
81 117
81 122
81 98
81 106
81 108
81 111
81 85
81 113
81 121
81 88
81 91
81 116
81 101
81 94
81 127
81 109
81 123
81 103
81 84
81 112
81 89
81 125
82 114
82 92
82 93
82 117
82 107
82 119
82 127
82 109
82 99
82 126
82 123
82 118
82 102
82 104
82 85
82 113
82 121
82 125
82 90
83 92
83 93
83 115
83 98
83 106
83 110
83 111
83 120
83 105
83 113
83 88
83 116
83 99
83 101
83 103
83 104
83 112
83 94
83 109
83 123
83 84
83 86
84 92
84 93
84 95
84 97
84 110
84 119
84 116
84 118
84 104
84 112
84 126
84 123
84 124
84 102
84 86
84 87
84 89
84 125
85 114
85 92
85 93
85 95
85 97
85 117
85 98
85 107
85 108
85 120
85 94
85 116
85 99
85 100
85 118
85 103
85 86
85 113
85 87
85 88
85 90
85 91
85 111
85 101
86 115
86 96
86 97
86 117
86 98
86 106
86 110
86 119
86 120
86 113
86 91
86 101
86 104
86 112
86 94
86 127
86 109
86 100
86 126
86 123
86 87
86 125
87 115
87 97
87 122
87 106
87 111
87 105
87 121
87 101
87 118
87 103
87 112
87 94
87 109
87 100
87 126
87 123
87 124
87 125
88 114
88 122
88 98
88 106
88 107
88 111
88 120
88 105
88 113
88 121
88 116
88 127
88 126
88 123
88 124
88 103
88 104
88 89
88 90
89 92
89 95
89 96
89 97
89 122
89 98
89 107
89 119
89 120
89 121
89 91
89 101
89 118
89 103
89 104
89 112
89 90
89 127
89 100
89 126
89 123
89 102
90 93
90 115
90 95
90 96
90 97
90 108
90 111
90 120
90 105
90 99
90 101
90 118
90 103
90 127
90 109
90 126
90 102
90 125
91 114
91 92
91 93
91 115
91 97
91 117
91 98
91 106
91 108
91 111
91 119
91 120
91 113
91 121
91 94
91 116
91 109
91 100
91 126
91 123
91 124
91 104
91 112
91 101
92 114
92 116
92 117
92 106
92 107
92 108
92 109
92 126
92 118
92 124
92 121
92 125
93 114
93 96
93 97
93 122
93 98
93 127
93 108
93 109
93 99
93 111
93 126
93 123
93 118
93 124
93 102
93 104
93 112
93 113
93 125
94 115
94 95
94 97
94 117
94 107
94 108
94 110
94 111
94 119
94 120
94 105
94 99
94 101
94 103
94 104
94 112
94 126
94 123
94 102
95 114
95 115
95 97
95 98
95 127
95 106
95 107
95 110
95 100
95 111
95 101
95 126
95 124
95 102
95 103
95 113
96 114
96 115
96 97
96 106
96 109
96 110
96 99
96 101
96 119
96 102
96 103
96 112
97 114
97 115
97 117
97 122
97 107
97 109
97 110
97 100
97 123
97 118
97 120
97 104
97 125
98 114
98 115
98 117
98 122
98 108
98 109
98 110
98 111
98 101
98 126
98 123
98 118
98 119
98 124
98 104
98 112
98 125
98 120
99 107
99 108
99 111
99 119
99 105
99 113
99 116
99 127
99 123
99 124
99 103
99 104
99 125
100 115
100 122
100 108
100 110
100 111
100 105
100 113
100 116
100 118
100 103
100 126
100 124
100 102
100 125
101 117
101 122
101 106
101 111
101 121
101 118
101 124
101 102
101 104
101 114
101 120
102 115
102 107
102 111
102 113
102 121
102 118
102 127
102 109
102 124
102 125
103 117
103 111
103 120
103 121
103 116
103 118
103 126
103 124
103 104
104 117
104 122
104 120
104 105
104 116
104 109
104 126
104 123
105 114
105 115
105 117
105 106
105 107
105 110
105 119
105 109
105 118
105 112
105 121
106 114
106 109
106 126
106 119
106 124
106 120
107 114
107 117
107 116
107 127
107 110
107 126
107 118
107 119
107 112
107 113
108 114
108 115
108 122
108 116
108 127
108 126
108 119
108 120
108 113
109 117
109 110
109 111
109 119
109 118
109 112
109 127
109 125
110 114
110 127
110 111
110 123
110 119
110 124
110 120
110 112
110 121
111 114
111 115
111 117
111 116
111 119
111 124
111 120
111 113
111 121
112 115
112 120
112 121
112 126
112 123
112 125
113 114
113 115
113 117
113 127
113 118
113 121
113 125
114 115
114 117
114 122
114 119
114 120
114 121
115 117
115 127
115 118
115 119
115 121
116 121
116 127
116 123
116 118
117 122
117 126
117 123
117 118
117 119
117 121
117 120
118 120
118 121
118 127
118 123
119 122
119 127
119 126
119 121
120 126
120 123
120 124
121 126
121 123
122 127
122 126
122 124
123 124
123 127
124 126
124 125
124 127
